-------Running parameters--------
T = 0.01
M = 30
N = 30
R = 1.0
alpha = 0.0
Vmin = 0.0
Vmax = 2.0
vStep = 0.1
VR = 0.0
VU = 0.0
VD = 0.0
vSym = True
fileName = array_30_30_nstd_9
dist = exp
dbg = False
plot_cartoon = False
output_folder = thermal_dbg
n_avg = 10.0
n_std = 9.0
----Array Parameters-----
Rows: 30
Columns: 30
Density: [[ 4.6474329   7.3706039   1.14712312  1.29126417  1.05923132  2.39174404
  14.36318526 11.11322185 11.95291734  1.77102297 16.44983384  1.03668188
   2.36885687  6.21067648 15.95200227 18.84038102  7.29656164  3.3759536
   1.95055316 14.22974804  8.63461135  2.53053776  3.60865212  1.56633696
   9.90675358 13.94210213  4.06782821  6.98847082  3.18571605  2.12179973]
 [ 7.24869003  2.23076618  1.43628655 15.85945416  5.67916727  7.06877546
  10.95724664  4.77896167  2.07981103 13.65158737  1.11320602  1.06446345
   3.91820549  2.51086834 15.75973298 14.81587586 12.35052624  4.08677254
   7.14209813  4.60177129 12.50313295  1.44171008  5.66847955 18.50954399
   8.67460503  2.91422558  1.06915584  8.51674451 14.08633611  2.29347936]
 [ 4.0265649   7.24755574  1.03109211  4.07179919  3.86737652  3.48562219
   6.37682227  1.50132476  3.70509423  1.14513968  1.95699155  2.85995003
   4.73361653  1.23011391  7.1911113  13.96462492  4.82879612  4.02989977
  11.31246013 14.63104547  3.10595689  4.05802844 17.84074989  1.20177209
   2.41076568  1.93314883  3.88522688 13.92708018  1.53775074  2.73236121]
 [ 2.88360625  9.86984445  1.03147172  1.27639655 11.37925098  3.18591342
  11.94840873  5.70816428  1.75363284  2.28043655  6.21167169 14.84134537
   1.36229227  3.01738699  3.30776326  2.45947052 15.02546035  3.31881046
  14.99373614  6.67944399 17.70517712  9.71837199  8.38324084 15.03798911
  12.24745715  2.84396156 18.93702331 11.17279305  4.74418548  1.26604977]
 [ 9.8257613   8.9152357   3.20207719  3.85629208  6.31445245  3.88860185
  16.85864303 15.04756539  1.40496061 17.12458738 11.51469535  3.24377243
   3.00854357 10.55578598  2.75426997 12.50328181  9.12626258  3.82273971
  18.29611851  5.95373453  4.03864728  8.77312429  8.62106708  2.74329558
  16.89060914  1.21485058 10.73795861  3.53691908  1.5544974   7.35733264]
 [ 1.11319527  7.46925694 12.78812226  1.38609802  1.06533614  2.35999228
   4.96436145  4.10330608  7.67891006  6.05723994 11.3794667  10.37567802
   4.26559284  2.81588889  8.86967113  2.21018876  6.26517156 12.74497145
   3.41056261  1.23052952  4.22916358  2.74007904  9.5178589   1.53736986
   1.52736515  2.09407139  4.33251369 11.08271634  2.98354178  7.47162568]
 [ 1.99639441  1.8107358   1.66836498 15.64648107 17.39259426  2.7890337
   1.21552768  6.58946195  4.76471437  4.43272076  2.68829075  6.91525701
   4.75937082 10.39498718  6.84817641  2.43535106  8.94693656  2.32012723
   9.81070007  2.66750021  3.00988084  1.54196139  2.29620331  2.00547752
   2.37034116  5.34116929  8.95805971  5.0561516  18.27408794  1.53491234]
 [ 1.94004808  9.41530027  5.82782469 10.1026081   4.94232521 10.48048865
   3.25815498  4.5800456   8.06753968  9.72674641  1.65296745  5.13367084
   2.36426995  4.35687604 18.47974524  4.83170425  2.48516641  7.57869786
   1.04583396  1.12495774  2.2957295   7.10716473  1.35199334  2.06614051
   7.35608915  3.53989014  2.10638984 12.86629771  2.78092712  7.24622149]
 [ 1.14782534  8.93147789 13.44334009 15.64642901  1.90487541 10.31067593
  16.41676218 12.15213635 13.50907021  6.03778956  4.65296472 18.93773436
   2.84490533  1.85791009 12.10449208 15.46190448  8.39863061  4.19612085
   2.28003616  2.98102994  6.93368569  1.7514635   8.77416333  6.97911698
   5.04816257  2.15223175  1.02616583 17.1011418  16.19813507  5.68345778]
 [ 2.49780812  6.61897659 10.55921222  1.01871197  6.01581083  1.34201995
   3.01964168  3.32281361 10.67933456  1.88200039  1.49667152 13.29425713
  10.81616203  6.06758141  1.04018296  1.69080866  3.55296698  1.29233783
  15.06203188  7.52557953 18.45378523  1.69468479  2.94882908  9.66800388
  13.30616094 15.03736086  1.1413333   2.12808109 14.56503553  5.46846698]
 [ 1.51794585  2.69521458 14.72447861 15.19504041  1.38700333  3.90411175
   1.26911681 16.84900378  2.14841539  1.09850152 17.13480542  3.15929807
   6.60185749  7.39436258  6.18766853  2.28904383 11.474538    2.41408063
   3.3315538   3.65253721  2.0745426   8.36139102 10.68578664  1.09922418
   5.72435563  4.94990432  5.75365752  1.22540657  2.25798866  4.68672992]
 [ 3.1940076   1.24937257  3.66117055  2.47885629  2.77075369  1.45707526
   7.76766675  3.15079768  1.32023366 18.88776056 11.20189654  1.09428114
  18.11867848  1.92546149 10.49833601  2.61769376  2.5503927   2.66606391
   5.61744133 10.13396618  1.20028435  6.96542136  4.03692366 13.38668852
  16.99927632  8.24061118  1.25788797 18.35286524  9.16602304 10.53251178]
 [ 2.3784384   3.27562982  1.44522884  3.00921005  2.74191055  2.54724825
   1.03100858  1.70288134  1.32614868  5.60970806  1.58777916  1.85823855
   2.14615043  2.20443135  1.93940649 14.14124474  2.04624362  3.18715949
  16.94759735  2.77218448 10.83399676 11.21815973  2.23267716  2.89337652
   1.79230383 12.45875179  1.06719982  1.43618743  1.00010606  6.7483384 ]
 [ 1.43326439  6.87654335  2.40724528 13.35541518  1.00295303 10.07108501
   6.53109709 14.14476996  6.07087573  1.34016821  5.50086215  2.87312614
   3.00595099 13.78013012 18.00008755  1.21561648  4.70377759  9.6019048
   4.63450515 18.59198502  1.57364217  1.56450004  2.57813201  9.71684501
   3.9253935  13.01670953  5.94039893 10.57030445  9.24734516  7.4963385 ]
 [ 3.84167861  2.42972496 18.63670793  1.84278189  2.09518329  4.15459084
   6.44157004 13.86380584 10.21026353  1.16287804 12.31474018  8.91685085
   8.09559912 14.21952237 12.83228862 13.64142029  6.15899363  8.60449873
   4.90943316  1.8877773   1.03732755  1.1281077   7.93838307  3.71538227
   3.06698624 12.58184683  7.28103786  1.89268137  2.89161387  3.67751346]
 [ 4.28936838 18.01009839  1.1634302   8.83467315  6.68713417 17.33662183
   1.40536356  3.32704055  1.21156131  2.25480734  2.51481699  2.85902109
   1.53845553 16.51836051 17.03984483  2.47067109  3.81957488  2.74174299
   6.29987514  9.80370654  8.22970943 13.49398379  2.7865678   9.43666862
   7.05511909  3.1833918   4.01960576  1.27538979  7.90204224 12.74259255]
 [ 2.11723774  7.15873929  1.59403971  5.41077321  2.45377328  6.18396399
   4.89251976 16.75465358  6.42797383  1.96652818  3.44737304  3.31429682
   2.50958271  3.9334921   2.89708675  9.01430366  6.9341282  11.4522507
   7.02165495  1.99287771  1.09239097  5.97474452  1.01486309  1.58906859
   6.64033652  4.31684285  2.54903399 10.47824769  7.17573831  1.66195647]
 [ 9.84092967  1.37345323 10.58421615 13.90394243  1.67514619 10.63359391
   6.95788489  5.66711111  9.50566769 17.66269944 10.60988829  3.75309608
   1.11847632 16.63120029  1.09075623  1.17632407  7.1609196   2.61034444
   5.02661216  3.71894368 11.68174517  1.19853209  4.58100789 18.17996787
   7.11512875 10.36790742  1.47487942  3.86392732 16.30155935  1.07749649]
 [ 6.43616445  5.47488642  7.50705966  2.10097511  2.77019232  1.60403076
   5.25296423  1.25511248  3.16665359 10.13723465  1.47849128  6.58646056
   1.22279083  2.57876153  1.02665836  4.40025409 18.25962524  7.07968579
   1.24983496  3.06243993  1.92599995  2.02060567  1.46549334  1.61423042
   4.1774613   5.63034332 12.6030516  13.46850649  1.00115004  7.55166039]
 [ 1.09648531  4.90288082 12.94610445  1.5196267  18.98541393  1.81839174
  12.54869954  3.00552027  1.25430589  3.87511555  4.79999299 18.91523333
   4.12061167  2.42659723  1.11104154 11.81789753  1.70397944  2.9029201
   1.09540556  1.15262532  2.67827276  7.48461104 17.58237502  1.23617178
   4.1649322   4.47028214  9.32383223  1.38585149  1.87405493  1.96726406]
 [ 3.00679803 16.43122419  2.52902169  1.07843488  2.24606303  3.07840615
   6.36271667  1.81222006  1.31162721  8.339553    4.52783475  4.02906737
  10.64115855  6.37554911  4.13349788 11.70404211  1.99269681  1.19581775
   3.72386235 18.3975246   2.2215765   1.61534386  8.16237894  1.67687504
   1.32858068  2.68503802  4.76847546  4.76970649  1.57691416  1.4928735 ]
 [ 3.41874923  3.87150121  9.63970757 11.77151905  7.40922143 17.79293778
   1.81172324  4.70901881 17.61712308  2.22563417  5.25470336  1.78140925
   1.8391589   5.79063531  4.07069615  1.22447076  6.74139265  2.12723319
   2.96506901  3.59521748 18.87641919  1.37408056 16.0816529   9.17248917
   1.65210571  4.2988565   3.31818837  2.15431065  2.18799861  4.13575579]
 [16.18330957 12.53490162  7.44891182  9.97334432 10.25472391  1.65442235
   1.60114871  3.82945985  8.8952052   9.38790791  9.16801904 12.17563638
   1.62608542  2.10590748  6.59312982  1.76500791  7.98554564 17.14440004
   6.36360978  3.38102521  7.77241507  2.77341401  2.86556125  1.56768908
   1.53053928  1.88374929 10.65853717  5.09128374  7.08036144 11.21658247]
 [15.42227569  5.94035258  2.8459636   7.96892327  5.88870193  2.22508529
   1.29899708  3.09002574 17.52208953  5.80238439  1.99200677 16.86747777
   2.33940012 11.63128936  2.75735632 11.67308578  1.30657499  5.70860721
   2.47304888  4.7732162   7.94850552  9.30315631  1.47170967 14.64880672
   7.66572793  1.89153509 11.51544896 15.3562229   1.89894601  1.8379306 ]
 [ 1.13219737  3.54404059  2.44635607  4.07926939  3.48652049  1.69640084
   5.47575358 10.92732174  4.91162062 17.45486277  3.57905662  2.59827395
   9.86722981  2.81809843  3.47541162  1.8544592  16.4809056   5.47413047
  16.01229932  8.48869082  1.04075242  3.01635416  4.64796821  1.06363922
   1.97926976 18.41386752  5.1499353  15.58878789 18.63975279  7.44283654]
 [16.80954917 16.82004231  1.08344649  1.51912415  1.43481268  1.46696631
  17.24752408  5.10206539  2.93057253 12.03378855  1.66743913  2.48576701
   6.25932747  1.68104365 14.96809398  8.57163967  6.27507344  3.21164691
   9.457246    9.18831728  2.05551366  3.9115332   9.87353005 12.50636277
   8.62992246  8.31399962  3.47037718 16.93103406  3.00258245 11.06013505]
 [ 1.64650122  3.56438569  1.09970462  4.9003579  18.55046423  9.99760989
   1.39740993  3.69979024  1.05136083  5.1455914   3.07252901  4.1022815
  10.90297783  1.00027866  2.46103266 10.83500858  6.75121805 11.65773099
   6.11780692  2.39657822  4.67816547 12.02869874 17.30860544  6.2065858
   3.76515491  1.87564588  4.54800534  3.92004429 10.00585145 15.33215016]
 [ 5.52401844  1.15984013  1.14344654 14.28083375  1.98985381  1.37309696
   2.37602691  3.05562277 18.65532385  1.97896799  4.20952008 16.18949817
   9.55336694  1.28221811  8.30335499  2.35319559  3.01922036  1.8428284
   2.33011519 13.04569887  1.03352113 11.73914345  4.24966595 14.75517209
   1.30051368  1.03498206  9.95851539 18.21951419  1.3710053  12.18827647]
 [ 1.83270755  2.88425933 13.1091401   1.63113373  7.02891717  6.42634005
   8.58318451  9.41507956 15.44165708  5.68726901 13.13761741 12.53639216
   7.07993605 15.0205057   1.67994179  3.13117599  2.98590361  1.01787191
   2.22873149  4.58487404  5.95210912  4.47396198  2.7825411   1.90874662
   6.44625795  2.10327021  2.00903752  5.45191241  6.79229364  2.31757556]
 [ 4.91061207  2.10098691  1.52581154  1.53594392  4.27945286  1.54172068
   1.50653128 11.75084513 12.37751777  2.93637301  1.68108078  8.50733669
   1.51023501  8.86594412  2.03892758  1.32304569  4.29418344 17.25762292
   4.34331163  1.15230848  1.15925151  5.9089951   3.44078191  1.21029356
   2.22418136 10.20197031  6.39707897  2.02143649  1.22085424 10.44151703]]