-------Running parameters--------
M = 5
N = 5
VR = 0.0
Vmin = 0.0
Vmax = 2.0
vStep = 0.01
repeats = 20
fileName = uniform_disorder_5_5
dist = uniform
fullOutput = False
use_graph = False
current_map = True
plot_current_map = False
dbg = False
output_folder = 2D_square_arrays_with_current_map_cg_100
VG_avg = 0.0
VG_std = 0.0
C_avg = 1.0
C_std = 0.0
CG_avg = 100.0
CG_std = 0.0
R_avg = 10.0
R_std = 9.0
custom_rh = ""
custom_rv = ""
RG_avg = 1000.0
RG_std = 0.0
n0_avg = 0.0
n0_std = 0.0
Q0_avg = 0.0
Q0_std = 0.0
----Array Parameters-----
Rows: 5
Columns: 5
VG: [[0. 0. 0. 0. 0.]
 [0. 0. 0. 0. 0.]
 [0. 0. 0. 0. 0.]
 [0. 0. 0. 0. 0.]
 [0. 0. 0. 0. 0.]]
CG: [[100. 100. 100. 100. 100.]
 [100. 100. 100. 100. 100.]
 [100. 100. 100. 100. 100.]
 [100. 100. 100. 100. 100.]
 [100. 100. 100. 100. 100.]]
RG: [[1000. 1000. 1000. 1000. 1000.]
 [1000. 1000. 1000. 1000. 1000.]
 [1000. 1000. 1000. 1000. 1000.]
 [1000. 1000. 1000. 1000. 1000.]
 [1000. 1000. 1000. 1000. 1000.]]
Ch: [[1. 1. 1. 1. 1. 1.]
 [1. 1. 1. 1. 1. 1.]
 [1. 1. 1. 1. 1. 1.]
 [1. 1. 1. 1. 1. 1.]
 [1. 1. 1. 1. 1. 1.]]
Cv: [[0. 0. 0. 0. 0.]
 [1. 1. 1. 1. 1.]
 [1. 1. 1. 1. 1.]
 [1. 1. 1. 1. 1.]
 [1. 1. 1. 1. 1.]]
Rh: [[ 2.42827702  2.70201328  3.84114235 16.94557757  1.05120237 10.04066005]
 [17.99411929 16.85032659  9.54833311 17.58339841 15.88656395 18.93204754]
 [ 9.14325248 10.03609948 16.52406196  5.58854889 14.7571236  18.62947131]
 [ 8.79049517  4.98610478  1.09783598 14.78839533 11.97791878  4.00551504]
 [ 9.13090236  4.22390956 12.24638714 11.01072312  7.53983768  7.69955245]]
Rv: [[13.22290081 17.04179523  9.15905081 14.13145263 12.08661613]
 [ 7.20991113  5.45400937  7.63339711  4.05891389 10.92500718]
 [ 7.08269746 10.92705833 13.7948783   3.34842716 15.7545955 ]
 [17.64654048 17.74811658  1.89190896 18.18044965 15.29047167]]