-------Running parameters--------
T = 0.0
temperature_gradient = 0.0
gap = 0
M = 10
N = 10
VR = 0.0
Vmin = 0.0
Vmax = 1.1
vStep = 0.001
vSym = True
repeats = 20
fileName = array_10_10_disorder_c_std_0.1_run_3
dist = exp
fullOutput = True
use_graph = False
current_map = True
plot_current_map = False
plot_binary_current_map = False
frame_norm = False
dbg = False
resume = False
sc = False
leaping = False
constQ = False
modifyR = False
double_time = False
double_loop = False
output_folder = bgu_2d_array_higher_resolution
params_path = 
VG_avg = 0.0
VG_std = 0.0
C_avg = 2.0
C_std = 0.1
CG_avg = 10.0
CG_std = 0.0
R_avg = 10.0
R_std = 9.0
custom_rh = ""
custom_rv = ""
custom_ch = ""
custom_cv = ""
RG_avg = 500.0
RG_std = 0.0
n0_avg = 0.0
n0_std = 0.0
Q0_avg = 0.0
Q0_std = 0.0
----Array Parameters-----
Rows: 10
Columns: 10
VG: [[0.]
 [0.]
 [0.]
 [0.]
 [0.]
 [0.]
 [0.]
 [0.]
 [0.]
 [0.]
 [0.]
 [0.]
 [0.]
 [0.]
 [0.]
 [0.]
 [0.]
 [0.]
 [0.]
 [0.]
 [0.]
 [0.]
 [0.]
 [0.]
 [0.]
 [0.]
 [0.]
 [0.]
 [0.]
 [0.]
 [0.]
 [0.]
 [0.]
 [0.]
 [0.]
 [0.]
 [0.]
 [0.]
 [0.]
 [0.]
 [0.]
 [0.]
 [0.]
 [0.]
 [0.]
 [0.]
 [0.]
 [0.]
 [0.]
 [0.]
 [0.]
 [0.]
 [0.]
 [0.]
 [0.]
 [0.]
 [0.]
 [0.]
 [0.]
 [0.]
 [0.]
 [0.]
 [0.]
 [0.]
 [0.]
 [0.]
 [0.]
 [0.]
 [0.]
 [0.]
 [0.]
 [0.]
 [0.]
 [0.]
 [0.]
 [0.]
 [0.]
 [0.]
 [0.]
 [0.]
 [0.]
 [0.]
 [0.]
 [0.]
 [0.]
 [0.]
 [0.]
 [0.]
 [0.]
 [0.]
 [0.]
 [0.]
 [0.]
 [0.]
 [0.]
 [0.]
 [0.]
 [0.]
 [0.]
 [0.]]
CG: [[10.]
 [10.]
 [10.]
 [10.]
 [10.]
 [10.]
 [10.]
 [10.]
 [10.]
 [10.]
 [10.]
 [10.]
 [10.]
 [10.]
 [10.]
 [10.]
 [10.]
 [10.]
 [10.]
 [10.]
 [10.]
 [10.]
 [10.]
 [10.]
 [10.]
 [10.]
 [10.]
 [10.]
 [10.]
 [10.]
 [10.]
 [10.]
 [10.]
 [10.]
 [10.]
 [10.]
 [10.]
 [10.]
 [10.]
 [10.]
 [10.]
 [10.]
 [10.]
 [10.]
 [10.]
 [10.]
 [10.]
 [10.]
 [10.]
 [10.]
 [10.]
 [10.]
 [10.]
 [10.]
 [10.]
 [10.]
 [10.]
 [10.]
 [10.]
 [10.]
 [10.]
 [10.]
 [10.]
 [10.]
 [10.]
 [10.]
 [10.]
 [10.]
 [10.]
 [10.]
 [10.]
 [10.]
 [10.]
 [10.]
 [10.]
 [10.]
 [10.]
 [10.]
 [10.]
 [10.]
 [10.]
 [10.]
 [10.]
 [10.]
 [10.]
 [10.]
 [10.]
 [10.]
 [10.]
 [10.]
 [10.]
 [10.]
 [10.]
 [10.]
 [10.]
 [10.]
 [10.]
 [10.]
 [10.]
 [10.]]
RG: [[500.]
 [500.]
 [500.]
 [500.]
 [500.]
 [500.]
 [500.]
 [500.]
 [500.]
 [500.]
 [500.]
 [500.]
 [500.]
 [500.]
 [500.]
 [500.]
 [500.]
 [500.]
 [500.]
 [500.]
 [500.]
 [500.]
 [500.]
 [500.]
 [500.]
 [500.]
 [500.]
 [500.]
 [500.]
 [500.]
 [500.]
 [500.]
 [500.]
 [500.]
 [500.]
 [500.]
 [500.]
 [500.]
 [500.]
 [500.]
 [500.]
 [500.]
 [500.]
 [500.]
 [500.]
 [500.]
 [500.]
 [500.]
 [500.]
 [500.]
 [500.]
 [500.]
 [500.]
 [500.]
 [500.]
 [500.]
 [500.]
 [500.]
 [500.]
 [500.]
 [500.]
 [500.]
 [500.]
 [500.]
 [500.]
 [500.]
 [500.]
 [500.]
 [500.]
 [500.]
 [500.]
 [500.]
 [500.]
 [500.]
 [500.]
 [500.]
 [500.]
 [500.]
 [500.]
 [500.]
 [500.]
 [500.]
 [500.]
 [500.]
 [500.]
 [500.]
 [500.]
 [500.]
 [500.]
 [500.]
 [500.]
 [500.]
 [500.]
 [500.]
 [500.]
 [500.]
 [500.]
 [500.]
 [500.]
 [500.]]
Ch: [[2.08275443 1.96412287 2.07808745 1.91024215 2.02060197 1.98208384
  2.00972896 1.91144701 2.08556607 1.94352871 2.04780196]
 [1.94372548 1.96014729 2.06190911 2.06294103 1.92342    2.04501768
  1.90331122 1.94864528 2.09178404 1.93676652 1.95999334]
 [2.0241769  2.01674395 1.94976611 2.05921043 2.06181324 1.96149618
  2.02494226 1.90283832 2.08258607 1.93373202 1.90577124]
 [2.05097732 1.98744274 1.99558178 2.05620236 2.02208496 2.02475851
  1.94632514 2.08636172 2.02107169 1.93634198 2.02039031]
 [2.09718634 1.92940062 1.99787644 1.97886806 1.99090452 1.9780728
  1.9488749  2.06415356 1.95796222 2.02123835 1.91273584]
 [2.01486843 1.90560852 2.07726251 2.05272068 1.93105443 1.97884506
  2.07104251 2.02389573 2.04996667 1.95113324 2.06068811]
 [1.9585162  1.94943921 1.95108903 2.09262224 1.97778268 2.00587195
  1.93048866 1.96308497 2.03868325 2.05269623 2.01374291]
 [1.97758697 2.09258895 1.95957355 1.98318924 1.96865352 2.09646415
  2.05324554 2.08538599 1.93850227 2.07827133 2.02231015]
 [1.95026117 1.99429111 1.90621244 2.08214807 2.00482689 1.95609173
  1.98720668 1.95874316 2.04832983 2.00085674 1.93805578]
 [2.06819663 1.94710741 1.90728207 1.99953431 2.09447842 2.0416787
  2.0233619  2.00747168 2.06384701 1.99580904 1.97653408]]
Cv: [[0.         0.         0.         0.         0.         0.
  0.         0.         0.         0.        ]
 [1.90122067 1.90786197 2.0202872  1.99239225 1.97673902 2.08925986
  2.05790814 1.99309099 1.9344075  2.06058372]
 [1.97028246 1.96837625 1.96178004 2.06782713 2.06047151 2.04171148
  1.97873698 1.99546917 2.094636   1.95841975]
 [2.06670518 1.9171702  2.05862471 2.00082189 2.05399826 2.00174849
  1.92440672 1.93557942 1.93689655 1.90944955]
 [2.03570489 2.00421992 2.05981174 1.91648781 2.08359361 2.08415152
  2.05557248 1.94804235 1.95373224 2.01193542]
 [2.06117162 1.97262529 2.09016269 2.08063458 1.98975715 2.05370428
  1.9618023  1.90190624 2.0257785  1.96166834]
 [2.09637727 2.07019984 2.01281331 2.04711883 2.08712925 2.03057203
  2.07663871 1.97031224 1.99301157 1.96531084]
 [1.93090224 1.90921009 1.96034773 2.06722197 1.91962348 1.96607292
  2.07886719 2.01994001 1.91714666 2.07624161]
 [2.07133037 1.93865202 1.99356094 1.93743681 2.08841571 1.90348746
  2.08127803 1.97815405 2.08335687 1.96045636]
 [1.92450567 2.06323698 2.07095022 2.04475885 2.03911543 2.06558656
  1.95113217 2.00186537 1.91492617 2.01997745]]
Rh: [[11.95186777  2.88920628  3.71075991  2.93462123  2.54380992  9.05959577
   2.39938742  9.6830526  12.12208378  4.95181824  1.63304971]
 [ 3.15643389  2.14074949  4.10148574  6.11844819 13.59761413  8.00416089
   4.38796094  1.17309494  2.09432322  4.8887057   4.7974735 ]
 [ 3.47750052 12.60037993  1.06169363  1.34583708  1.9651585   2.08128185
   1.43698713  1.9825889   1.87731596  3.53528844  3.16762939]
 [ 1.41491094  3.29829804  5.47802835  9.85214803  1.37613024  2.0945915
   1.25827397  3.05882972  4.89442529  6.62553187  2.23569703]
 [ 1.9751348  10.42293082  4.77127101 13.54839718  2.58911917 14.90504302
   1.56058554  1.85425932  2.36862215  1.83871052  2.05418554]
 [ 2.61235618 12.69426568  6.8241621   2.48998313  3.12212946 17.0424962
  18.37492512  9.49835883  5.22407943  3.16257056 16.74185549]
 [ 1.15882168  2.11312179  2.4711931  13.35235544  3.39589954  5.94482526
   3.83206851  1.30234227 17.50158614  5.05866722  7.90318352]
 [ 2.94620116  1.28973838  1.15384831 11.38680673  1.94298382  1.36873497
   6.48090153  9.98802142 17.04343035  2.06968007  7.88549388]
 [ 1.26173445 11.14962002  6.74983388  1.73608225  1.04700237  5.27795213
  10.06079336  1.18135129  2.37492529 10.51854661  2.00648556]
 [ 1.74172766 11.43263855  4.0543992  15.9643643   5.45034246  7.65602047
   7.8815994  13.72367332  2.71706696  1.40896295  2.89250146]]
Rv: [[10.81195716  1.87995195 18.74923841  8.71263133  9.51050941  3.49209654
   6.1067181  10.63694163  1.43360523  4.16608231]
 [ 5.45609898  2.35602379 10.66281239  1.7518308   2.26134388 14.20566745
   6.744764    2.86728712  6.99563878  4.83517335]
 [ 3.94846264  7.87897475  5.27333144  2.04884054 15.6307923   1.60729914
  12.75181196  6.80385124  3.60698556  1.02718715]
 [ 2.96275449  3.65784166  1.36385441 13.85019875 10.17985093  4.0043761
  17.70412118 18.48253233  6.33138737  1.31652774]
 [ 1.24021683  2.57039703  4.21724887 12.24097953  3.8086799  12.80816898
   6.05237094  3.41045321 17.18194795 13.00383649]
 [ 4.01805209 12.81069702  1.03750792  9.35392181  5.47040553  1.33457019
   3.144672    5.7119411   5.79739645 17.25957837]
 [10.92655365  1.72655032 12.36952098  1.53491287  2.2862125  11.53631027
  11.00867402  3.26028156  1.55608233  4.39612422]
 [13.72086374  1.30404741  3.19924666  2.94103213 10.74669189  9.14056335
   3.21066098  4.52531706  2.40107431  4.4956979 ]
 [ 7.68973246  5.80384428  2.42624797 14.73446181  1.35138033  1.73188475
   2.40931629  1.32600702  4.29504384  1.67232742]]