-------Running parameters--------
T = 0.0
temperature_gradient = 0.0
gap = 0
M = 10
N = 10
VR = 0.0
Vmin = 0.0
Vmax = 1.1
vStep = 0.001
vSym = True
repeats = 20
fileName = array_10_10_disorder_c_std_0.5_run_2
dist = exp
fullOutput = True
use_graph = False
current_map = True
plot_current_map = False
plot_binary_current_map = False
frame_norm = False
dbg = False
resume = False
sc = False
leaping = False
constQ = False
modifyR = False
double_time = False
double_loop = False
output_folder = bgu_2d_array_higher_resolution
params_path = 
VG_avg = 0.0
VG_std = 0.0
C_avg = 2.0
C_std = 0.5
CG_avg = 10.0
CG_std = 0.0
R_avg = 10.0
R_std = 9.0
custom_rh = ""
custom_rv = ""
custom_ch = ""
custom_cv = ""
RG_avg = 500.0
RG_std = 0.0
n0_avg = 0.0
n0_std = 0.0
Q0_avg = 0.0
Q0_std = 0.0
----Array Parameters-----
Rows: 10
Columns: 10
VG: [[0.]
 [0.]
 [0.]
 [0.]
 [0.]
 [0.]
 [0.]
 [0.]
 [0.]
 [0.]
 [0.]
 [0.]
 [0.]
 [0.]
 [0.]
 [0.]
 [0.]
 [0.]
 [0.]
 [0.]
 [0.]
 [0.]
 [0.]
 [0.]
 [0.]
 [0.]
 [0.]
 [0.]
 [0.]
 [0.]
 [0.]
 [0.]
 [0.]
 [0.]
 [0.]
 [0.]
 [0.]
 [0.]
 [0.]
 [0.]
 [0.]
 [0.]
 [0.]
 [0.]
 [0.]
 [0.]
 [0.]
 [0.]
 [0.]
 [0.]
 [0.]
 [0.]
 [0.]
 [0.]
 [0.]
 [0.]
 [0.]
 [0.]
 [0.]
 [0.]
 [0.]
 [0.]
 [0.]
 [0.]
 [0.]
 [0.]
 [0.]
 [0.]
 [0.]
 [0.]
 [0.]
 [0.]
 [0.]
 [0.]
 [0.]
 [0.]
 [0.]
 [0.]
 [0.]
 [0.]
 [0.]
 [0.]
 [0.]
 [0.]
 [0.]
 [0.]
 [0.]
 [0.]
 [0.]
 [0.]
 [0.]
 [0.]
 [0.]
 [0.]
 [0.]
 [0.]
 [0.]
 [0.]
 [0.]
 [0.]]
CG: [[10.]
 [10.]
 [10.]
 [10.]
 [10.]
 [10.]
 [10.]
 [10.]
 [10.]
 [10.]
 [10.]
 [10.]
 [10.]
 [10.]
 [10.]
 [10.]
 [10.]
 [10.]
 [10.]
 [10.]
 [10.]
 [10.]
 [10.]
 [10.]
 [10.]
 [10.]
 [10.]
 [10.]
 [10.]
 [10.]
 [10.]
 [10.]
 [10.]
 [10.]
 [10.]
 [10.]
 [10.]
 [10.]
 [10.]
 [10.]
 [10.]
 [10.]
 [10.]
 [10.]
 [10.]
 [10.]
 [10.]
 [10.]
 [10.]
 [10.]
 [10.]
 [10.]
 [10.]
 [10.]
 [10.]
 [10.]
 [10.]
 [10.]
 [10.]
 [10.]
 [10.]
 [10.]
 [10.]
 [10.]
 [10.]
 [10.]
 [10.]
 [10.]
 [10.]
 [10.]
 [10.]
 [10.]
 [10.]
 [10.]
 [10.]
 [10.]
 [10.]
 [10.]
 [10.]
 [10.]
 [10.]
 [10.]
 [10.]
 [10.]
 [10.]
 [10.]
 [10.]
 [10.]
 [10.]
 [10.]
 [10.]
 [10.]
 [10.]
 [10.]
 [10.]
 [10.]
 [10.]
 [10.]
 [10.]
 [10.]]
RG: [[500.]
 [500.]
 [500.]
 [500.]
 [500.]
 [500.]
 [500.]
 [500.]
 [500.]
 [500.]
 [500.]
 [500.]
 [500.]
 [500.]
 [500.]
 [500.]
 [500.]
 [500.]
 [500.]
 [500.]
 [500.]
 [500.]
 [500.]
 [500.]
 [500.]
 [500.]
 [500.]
 [500.]
 [500.]
 [500.]
 [500.]
 [500.]
 [500.]
 [500.]
 [500.]
 [500.]
 [500.]
 [500.]
 [500.]
 [500.]
 [500.]
 [500.]
 [500.]
 [500.]
 [500.]
 [500.]
 [500.]
 [500.]
 [500.]
 [500.]
 [500.]
 [500.]
 [500.]
 [500.]
 [500.]
 [500.]
 [500.]
 [500.]
 [500.]
 [500.]
 [500.]
 [500.]
 [500.]
 [500.]
 [500.]
 [500.]
 [500.]
 [500.]
 [500.]
 [500.]
 [500.]
 [500.]
 [500.]
 [500.]
 [500.]
 [500.]
 [500.]
 [500.]
 [500.]
 [500.]
 [500.]
 [500.]
 [500.]
 [500.]
 [500.]
 [500.]
 [500.]
 [500.]
 [500.]
 [500.]
 [500.]
 [500.]
 [500.]
 [500.]
 [500.]
 [500.]
 [500.]
 [500.]
 [500.]
 [500.]]
Ch: [[1.76981404 1.7187618  2.36870038 2.38046644 2.0204723  1.79435897
  2.49803362 2.35994226 1.62761152 2.4171478  1.81488227]
 [1.89931073 2.11757808 1.53542366 1.70074466 1.82502701 1.72247923
  2.26427984 2.05924042 1.93967032 2.00000854 1.65206265]
 [1.83435875 1.85759075 2.02378092 2.12619559 2.31570114 1.71342644
  2.09559335 1.75880479 2.46247099 2.22267179 1.70263657]
 [1.59721369 1.58941502 1.88107332 2.01422526 2.00006755 1.70312638
  2.33577613 1.51722346 2.3107175  2.18744562 1.57583279]
 [2.37036619 2.41354206 2.08554967 1.77256003 1.88882793 1.72403058
  1.70670151 1.82288745 1.96639735 2.12822765 1.60984115]
 [2.09282012 1.93453553 1.75817175 1.69131505 1.8268077  1.88911242
  1.62114064 1.99757015 2.07987413 1.54489799 2.20010374]
 [2.44996003 2.47455073 1.57138266 2.47585689 1.81468646 1.93402275
  2.21680176 1.56509199 2.49788807 1.77311678 2.05454023]
 [2.02687084 1.5794014  1.59457868 2.12602901 1.86876591 2.34789767
  2.32255833 1.60058534 2.3663154  1.95996748 1.6198801 ]
 [2.25276356 1.71451151 1.51721433 1.94236271 2.13247624 1.84596923
  1.556308   2.07454329 1.55258581 2.46702489 1.90432551]
 [1.53646795 1.51111955 1.92370685 2.32438121 1.81833195 2.42011443
  2.38826175 1.96671767 1.5915892  1.52840185 1.53846847]]
Cv: [[0.         0.         0.         0.         0.         0.
  0.         0.         0.         0.        ]
 [1.54921052 1.87662926 2.44305482 1.78622985 2.21022124 1.75984134
  2.05545227 1.90097169 2.14017896 1.5858442 ]
 [1.54313416 2.14467229 2.01289346 1.78637843 2.40644289 2.06222913
  1.82530202 2.48015176 1.85834265 1.83698665]
 [1.72518409 1.67213801 1.52807328 2.28208314 1.6434592  1.76178754
  1.66426731 1.77595974 2.26811718 2.04212205]
 [1.60456908 2.45473789 2.22017099 2.39874295 1.50564403 2.21795496
  2.2159477  2.37511814 2.21095315 1.72954983]
 [1.90337303 1.65449508 1.74495795 1.58178014 1.71021083 1.74786838
  1.91559838 2.18937957 2.28527227 2.23463939]
 [1.73013285 2.47028655 1.66517227 2.28523641 1.92846859 1.59622284
  1.54690838 1.70934027 2.17973546 1.82480454]
 [2.22526334 1.56432139 1.65332373 1.97910737 1.88654044 1.70439214
  2.00783489 1.89573973 1.84149922 1.65753088]
 [1.5876356  2.19164215 1.75218769 2.18222116 1.92002708 1.67929827
  2.16118714 1.59163475 2.31286855 1.55079795]
 [2.27687637 1.98982334 2.24831256 2.2037485  2.48235124 1.86426446
  1.75564226 1.75615316 2.00119867 1.59765208]]
Rh: [[ 8.9063256  17.09727349  8.85320803  1.14472125  1.13645335  3.34216228
   4.50116772  2.08890407  6.4377374  13.10786822  4.26912706]
 [ 4.90723823 17.12068785  8.28938332  1.03273783  2.04800447  1.06110721
   3.60455701  1.62025823  2.54721943  2.86470038 18.21981023]
 [16.07060961  6.40892983  3.22593667  2.11949039  1.1004347   1.67497382
  11.21923602  1.65148744  7.36204952  1.76003217  1.62565206]
 [ 3.89270768  1.3517212   3.59674059  7.09489252  3.16193152  9.25221089
  17.337963    9.14493657  1.67880437  6.10842158  2.86850316]
 [14.61788245  1.5014648   1.04735613  2.57019007  5.16401427  9.93323033
   5.39217504 13.98737999  1.4499194  10.06653208  3.56209337]
 [17.28649568  1.2133878   5.57841878  1.37422314  4.82121667  6.9938812
   2.49369799  3.52211331 17.78583758  1.35470206  4.06236801]
 [ 2.89370753 10.64733332  9.84197262  1.83319454  1.19130389  6.62090235
   2.59826793  7.52820192  8.94247476  7.49693706 11.73638333]
 [ 2.15397711  1.79182827  1.05362091  3.44880955 18.99540562  3.72217447
   1.18734639  1.10718026 14.32384388 18.68502265 11.33908794]
 [ 1.9264758  14.75202471  1.83837211 17.56608831 18.720584    1.69490616
  12.93958829  4.38049205  2.59296896  1.15814692  1.45339246]
 [ 7.09982034  1.9233291   1.85735569 15.42636107  2.39343366  5.38456414
  13.9684252  11.71396517  1.20912218 12.60913247  3.10461128]]
Rv: [[ 1.0203117   1.2582958  17.88614188 15.61575033  8.47183246  7.95224015
   6.56912653 14.4423106   5.03797153  1.21080182]
 [ 2.13199444 12.95376769  7.86383557  2.84636542  1.22328235  1.41707382
   7.27053076  1.14851673  7.16893149  9.65324009]
 [ 1.43591289  5.77815784  6.67414849  4.88952244  1.33106396  2.10805383
  18.82135557  5.73678789 17.7457137   2.11407013]
 [ 5.77334343  2.54572597 16.87716256 12.25733753  1.73795148 16.69244822
   8.60640942  5.26543613  1.07717608  3.77216165]
 [ 3.37061474  1.24222257  6.6311054   1.51241444 14.12496134  1.19375779
   2.02838786  7.61616054  4.19851532  2.27428497]
 [ 1.20417865 12.23294554 17.43322017 11.89867416  2.32124834  8.42693015
   6.56660708  1.79740836  2.75038449  8.81545201]
 [ 3.68334183  7.28851069  4.25428221  3.23768992  2.68028377 11.94625935
  10.0252908   1.11731085  9.28302131  1.38787214]
 [14.80840606  3.01652602  3.41693456  2.72453062  3.91644799  6.96371783
   2.31555049  7.41464209  1.0649934   8.48977629]
 [ 7.84502454  3.84292867  2.62547437  5.550257   13.21455733  2.30513572
   1.12689218  1.09736275  6.10009603  1.76810373]]