-------Running parameters--------
T = 0.0
temperature_gradient = 0.0
gap = 0
M = 10
N = 10
VR = 0.0
Vmin = 0.0
Vmax = 1.1
vStep = 0.001
vSym = True
repeats = 20
fileName = array_10_10_disorder_c_std_0_run_1
dist = exp
fullOutput = True
use_graph = False
current_map = True
plot_current_map = False
plot_binary_current_map = False
frame_norm = False
dbg = False
resume = False
sc = False
leaping = False
constQ = False
modifyR = False
double_time = False
double_loop = False
output_folder = bgu_2d_array_higher_resolution
params_path = 
VG_avg = 0.0
VG_std = 0.0
C_avg = 2.0
C_std = 0.0
CG_avg = 10.0
CG_std = 0.0
R_avg = 10.0
R_std = 9.0
custom_rh = ""
custom_rv = ""
custom_ch = ""
custom_cv = ""
RG_avg = 500.0
RG_std = 0.0
n0_avg = 0.0
n0_std = 0.0
Q0_avg = 0.0
Q0_std = 0.0
----Array Parameters-----
Rows: 10
Columns: 10
VG: [[0.]
 [0.]
 [0.]
 [0.]
 [0.]
 [0.]
 [0.]
 [0.]
 [0.]
 [0.]
 [0.]
 [0.]
 [0.]
 [0.]
 [0.]
 [0.]
 [0.]
 [0.]
 [0.]
 [0.]
 [0.]
 [0.]
 [0.]
 [0.]
 [0.]
 [0.]
 [0.]
 [0.]
 [0.]
 [0.]
 [0.]
 [0.]
 [0.]
 [0.]
 [0.]
 [0.]
 [0.]
 [0.]
 [0.]
 [0.]
 [0.]
 [0.]
 [0.]
 [0.]
 [0.]
 [0.]
 [0.]
 [0.]
 [0.]
 [0.]
 [0.]
 [0.]
 [0.]
 [0.]
 [0.]
 [0.]
 [0.]
 [0.]
 [0.]
 [0.]
 [0.]
 [0.]
 [0.]
 [0.]
 [0.]
 [0.]
 [0.]
 [0.]
 [0.]
 [0.]
 [0.]
 [0.]
 [0.]
 [0.]
 [0.]
 [0.]
 [0.]
 [0.]
 [0.]
 [0.]
 [0.]
 [0.]
 [0.]
 [0.]
 [0.]
 [0.]
 [0.]
 [0.]
 [0.]
 [0.]
 [0.]
 [0.]
 [0.]
 [0.]
 [0.]
 [0.]
 [0.]
 [0.]
 [0.]
 [0.]]
CG: [[10.]
 [10.]
 [10.]
 [10.]
 [10.]
 [10.]
 [10.]
 [10.]
 [10.]
 [10.]
 [10.]
 [10.]
 [10.]
 [10.]
 [10.]
 [10.]
 [10.]
 [10.]
 [10.]
 [10.]
 [10.]
 [10.]
 [10.]
 [10.]
 [10.]
 [10.]
 [10.]
 [10.]
 [10.]
 [10.]
 [10.]
 [10.]
 [10.]
 [10.]
 [10.]
 [10.]
 [10.]
 [10.]
 [10.]
 [10.]
 [10.]
 [10.]
 [10.]
 [10.]
 [10.]
 [10.]
 [10.]
 [10.]
 [10.]
 [10.]
 [10.]
 [10.]
 [10.]
 [10.]
 [10.]
 [10.]
 [10.]
 [10.]
 [10.]
 [10.]
 [10.]
 [10.]
 [10.]
 [10.]
 [10.]
 [10.]
 [10.]
 [10.]
 [10.]
 [10.]
 [10.]
 [10.]
 [10.]
 [10.]
 [10.]
 [10.]
 [10.]
 [10.]
 [10.]
 [10.]
 [10.]
 [10.]
 [10.]
 [10.]
 [10.]
 [10.]
 [10.]
 [10.]
 [10.]
 [10.]
 [10.]
 [10.]
 [10.]
 [10.]
 [10.]
 [10.]
 [10.]
 [10.]
 [10.]
 [10.]]
RG: [[500.]
 [500.]
 [500.]
 [500.]
 [500.]
 [500.]
 [500.]
 [500.]
 [500.]
 [500.]
 [500.]
 [500.]
 [500.]
 [500.]
 [500.]
 [500.]
 [500.]
 [500.]
 [500.]
 [500.]
 [500.]
 [500.]
 [500.]
 [500.]
 [500.]
 [500.]
 [500.]
 [500.]
 [500.]
 [500.]
 [500.]
 [500.]
 [500.]
 [500.]
 [500.]
 [500.]
 [500.]
 [500.]
 [500.]
 [500.]
 [500.]
 [500.]
 [500.]
 [500.]
 [500.]
 [500.]
 [500.]
 [500.]
 [500.]
 [500.]
 [500.]
 [500.]
 [500.]
 [500.]
 [500.]
 [500.]
 [500.]
 [500.]
 [500.]
 [500.]
 [500.]
 [500.]
 [500.]
 [500.]
 [500.]
 [500.]
 [500.]
 [500.]
 [500.]
 [500.]
 [500.]
 [500.]
 [500.]
 [500.]
 [500.]
 [500.]
 [500.]
 [500.]
 [500.]
 [500.]
 [500.]
 [500.]
 [500.]
 [500.]
 [500.]
 [500.]
 [500.]
 [500.]
 [500.]
 [500.]
 [500.]
 [500.]
 [500.]
 [500.]
 [500.]
 [500.]
 [500.]
 [500.]
 [500.]
 [500.]]
Ch: [[2. 2. 2. 2. 2. 2. 2. 2. 2. 2. 2.]
 [2. 2. 2. 2. 2. 2. 2. 2. 2. 2. 2.]
 [2. 2. 2. 2. 2. 2. 2. 2. 2. 2. 2.]
 [2. 2. 2. 2. 2. 2. 2. 2. 2. 2. 2.]
 [2. 2. 2. 2. 2. 2. 2. 2. 2. 2. 2.]
 [2. 2. 2. 2. 2. 2. 2. 2. 2. 2. 2.]
 [2. 2. 2. 2. 2. 2. 2. 2. 2. 2. 2.]
 [2. 2. 2. 2. 2. 2. 2. 2. 2. 2. 2.]
 [2. 2. 2. 2. 2. 2. 2. 2. 2. 2. 2.]
 [2. 2. 2. 2. 2. 2. 2. 2. 2. 2. 2.]]
Cv: [[0. 0. 0. 0. 0. 0. 0. 0. 0. 0.]
 [2. 2. 2. 2. 2. 2. 2. 2. 2. 2.]
 [2. 2. 2. 2. 2. 2. 2. 2. 2. 2.]
 [2. 2. 2. 2. 2. 2. 2. 2. 2. 2.]
 [2. 2. 2. 2. 2. 2. 2. 2. 2. 2.]
 [2. 2. 2. 2. 2. 2. 2. 2. 2. 2.]
 [2. 2. 2. 2. 2. 2. 2. 2. 2. 2.]
 [2. 2. 2. 2. 2. 2. 2. 2. 2. 2.]
 [2. 2. 2. 2. 2. 2. 2. 2. 2. 2.]
 [2. 2. 2. 2. 2. 2. 2. 2. 2. 2.]]
Rh: [[ 3.63540564 11.39352852  3.72328466  9.76363724  6.93430048 15.10264068
   1.92097706 14.91516776  9.93806135  1.51200334  2.29098277]
 [ 1.41365149  8.50769637  5.95325129  3.30825734  1.62096351  1.84838512
   7.04268144  4.30776956 13.30048776 12.11332703  1.50145334]
 [ 5.76574792 10.94643332  2.28652666  1.99733045  7.76385647 18.39524574
  13.19605999 13.09309393 16.16104285 17.80696226  2.92845214]
 [ 1.98372021 10.4513714   1.19902602 13.14471906 16.68667577  2.315278
   3.79387973 14.52826659  1.7182495   2.32723714  2.12349887]
 [ 6.71666951  3.89985895  4.21738246 16.0990254   3.67625095 18.21420238
   1.46108554  3.31713238 16.58286132  1.10512537  5.73426297]
 [ 3.30226947  1.01566034 10.99368628  5.06592562  1.695799   18.48121176
   3.20790748 11.23684441  4.73518193  6.06015541  3.15334227]
 [17.33187704  1.15997286  6.6465445   9.13006887  8.05998722  4.20538965
   4.79718125  3.68037419 18.62279174  1.52080999  4.01922573]
 [ 6.22054799  4.51274007  3.62235838  6.21478529  1.54271787  1.76273438
   9.69156815  2.58966208 10.53087366 11.6676745   3.67921418]
 [ 1.02145898  3.48883533 14.05336863  1.80599171  1.21392816  9.20521866
   1.74156976  7.16091832  7.69134236 15.86456927 16.73896233]
 [ 4.03379773 12.60181351  2.24266765  2.03402803  5.80488765 11.75760527
   1.67871204 18.58722649 10.5867812  17.82368758  3.35137417]]
Rv: [[ 8.23934087  1.14897466  2.29960052  3.59935745  2.10213493  1.3288534
  10.94362931  2.74356929 10.51110245  4.92410276]
 [ 1.56515646  1.82309729  5.01979863  2.12047795 16.18451758  1.19748045
  11.94245066  9.51725477 15.99452688  6.74504279]
 [ 2.31099101  2.09810572 14.03356512 10.67383769 18.63489383  4.42628206
   2.75426083  3.60373297  3.69824456  1.36224138]
 [11.58393014 10.38654236  2.67427541 11.48731218 14.20612185  1.72398416
  16.21913274  2.18482564  9.35944325  1.14511519]
 [ 7.46395237  3.50618127 12.00956236  7.47320441  1.25541804  1.62167282
   2.06985123  5.43390042  8.65554412  8.246898  ]
 [ 4.24861204  2.45161392  1.82350874  2.6280634   2.09109684  4.56175506
   1.27929465  9.98114201 11.57599803  4.77597449]
 [ 4.50334311  2.12393385  1.40190562 18.49745807 13.83350682  6.39551885
   3.7248297   1.28819937 15.73990781  1.41203093]
 [ 2.99379683  5.0752975   1.04256745  3.21377494  4.58718109  2.21608719
   1.33763291  2.28247578  1.96485019  9.95539011]
 [ 8.56275944  1.50336181  6.00590686  4.40020622  1.20810319 17.90935537
   2.12374439  5.70278814  1.20653666  2.15075714]]