-------Running parameters--------
T = 0.0
temperature_gradient = 0.0
gap = 0
M = 10
N = 10
VR = 0.0
Vmin = 0.0
Vmax = 1.1
vStep = 0.001
vSym = True
repeats = 20
fileName = array_10_10_disorder_c_std_0.1_run_2
dist = exp
fullOutput = True
use_graph = False
current_map = True
plot_current_map = False
plot_binary_current_map = False
frame_norm = False
dbg = False
resume = False
sc = False
leaping = False
constQ = False
modifyR = False
double_time = False
double_loop = False
output_folder = bgu_2d_array_higher_resolution
params_path = 
VG_avg = 0.0
VG_std = 0.0
C_avg = 2.0
C_std = 0.1
CG_avg = 10.0
CG_std = 0.0
R_avg = 10.0
R_std = 9.0
custom_rh = ""
custom_rv = ""
custom_ch = ""
custom_cv = ""
RG_avg = 500.0
RG_std = 0.0
n0_avg = 0.0
n0_std = 0.0
Q0_avg = 0.0
Q0_std = 0.0
----Array Parameters-----
Rows: 10
Columns: 10
VG: [[0.]
 [0.]
 [0.]
 [0.]
 [0.]
 [0.]
 [0.]
 [0.]
 [0.]
 [0.]
 [0.]
 [0.]
 [0.]
 [0.]
 [0.]
 [0.]
 [0.]
 [0.]
 [0.]
 [0.]
 [0.]
 [0.]
 [0.]
 [0.]
 [0.]
 [0.]
 [0.]
 [0.]
 [0.]
 [0.]
 [0.]
 [0.]
 [0.]
 [0.]
 [0.]
 [0.]
 [0.]
 [0.]
 [0.]
 [0.]
 [0.]
 [0.]
 [0.]
 [0.]
 [0.]
 [0.]
 [0.]
 [0.]
 [0.]
 [0.]
 [0.]
 [0.]
 [0.]
 [0.]
 [0.]
 [0.]
 [0.]
 [0.]
 [0.]
 [0.]
 [0.]
 [0.]
 [0.]
 [0.]
 [0.]
 [0.]
 [0.]
 [0.]
 [0.]
 [0.]
 [0.]
 [0.]
 [0.]
 [0.]
 [0.]
 [0.]
 [0.]
 [0.]
 [0.]
 [0.]
 [0.]
 [0.]
 [0.]
 [0.]
 [0.]
 [0.]
 [0.]
 [0.]
 [0.]
 [0.]
 [0.]
 [0.]
 [0.]
 [0.]
 [0.]
 [0.]
 [0.]
 [0.]
 [0.]
 [0.]]
CG: [[10.]
 [10.]
 [10.]
 [10.]
 [10.]
 [10.]
 [10.]
 [10.]
 [10.]
 [10.]
 [10.]
 [10.]
 [10.]
 [10.]
 [10.]
 [10.]
 [10.]
 [10.]
 [10.]
 [10.]
 [10.]
 [10.]
 [10.]
 [10.]
 [10.]
 [10.]
 [10.]
 [10.]
 [10.]
 [10.]
 [10.]
 [10.]
 [10.]
 [10.]
 [10.]
 [10.]
 [10.]
 [10.]
 [10.]
 [10.]
 [10.]
 [10.]
 [10.]
 [10.]
 [10.]
 [10.]
 [10.]
 [10.]
 [10.]
 [10.]
 [10.]
 [10.]
 [10.]
 [10.]
 [10.]
 [10.]
 [10.]
 [10.]
 [10.]
 [10.]
 [10.]
 [10.]
 [10.]
 [10.]
 [10.]
 [10.]
 [10.]
 [10.]
 [10.]
 [10.]
 [10.]
 [10.]
 [10.]
 [10.]
 [10.]
 [10.]
 [10.]
 [10.]
 [10.]
 [10.]
 [10.]
 [10.]
 [10.]
 [10.]
 [10.]
 [10.]
 [10.]
 [10.]
 [10.]
 [10.]
 [10.]
 [10.]
 [10.]
 [10.]
 [10.]
 [10.]
 [10.]
 [10.]
 [10.]
 [10.]]
RG: [[500.]
 [500.]
 [500.]
 [500.]
 [500.]
 [500.]
 [500.]
 [500.]
 [500.]
 [500.]
 [500.]
 [500.]
 [500.]
 [500.]
 [500.]
 [500.]
 [500.]
 [500.]
 [500.]
 [500.]
 [500.]
 [500.]
 [500.]
 [500.]
 [500.]
 [500.]
 [500.]
 [500.]
 [500.]
 [500.]
 [500.]
 [500.]
 [500.]
 [500.]
 [500.]
 [500.]
 [500.]
 [500.]
 [500.]
 [500.]
 [500.]
 [500.]
 [500.]
 [500.]
 [500.]
 [500.]
 [500.]
 [500.]
 [500.]
 [500.]
 [500.]
 [500.]
 [500.]
 [500.]
 [500.]
 [500.]
 [500.]
 [500.]
 [500.]
 [500.]
 [500.]
 [500.]
 [500.]
 [500.]
 [500.]
 [500.]
 [500.]
 [500.]
 [500.]
 [500.]
 [500.]
 [500.]
 [500.]
 [500.]
 [500.]
 [500.]
 [500.]
 [500.]
 [500.]
 [500.]
 [500.]
 [500.]
 [500.]
 [500.]
 [500.]
 [500.]
 [500.]
 [500.]
 [500.]
 [500.]
 [500.]
 [500.]
 [500.]
 [500.]
 [500.]
 [500.]
 [500.]
 [500.]
 [500.]
 [500.]]
Ch: [[1.95227435 2.07877142 2.05174592 2.03443306 1.90326174 2.09437105
  2.01298199 2.03815904 1.9061345  1.9566194  1.987413  ]
 [2.09803266 1.98792021 2.09970695 2.01631844 1.94246101 1.95772751
  1.92365815 2.06402054 1.92743806 1.99068544 1.98269034]
 [2.00917664 1.98366606 2.09781577 1.90973093 1.98984263 1.95974525
  2.09217054 2.05430489 1.99026686 2.01874325 2.06549969]
 [2.02203939 2.0851819  1.97263934 1.90143429 1.96307805 2.08719898
  2.06297164 2.05767742 2.00162403 2.00889412 1.94591957]
 [1.95561086 2.0434311  1.99995513 1.9357566  1.94271966 1.96770993
  2.08616296 2.0396158  1.93795457 2.05152451 1.90565064]
 [1.93113148 1.91911931 1.91707721 1.97261644 2.08149083 1.93509917
  1.91359041 1.96886799 1.96516192 2.0677144  2.07422365]
 [1.97653631 1.98495526 1.99862914 1.96689704 1.93210098 2.02975013
  2.07886622 2.0973427  1.99635385 1.95694311 1.9793314 ]
 [2.01685643 1.90657051 1.93581682 1.9902363  1.96721079 1.95565976
  2.00029066 1.93298383 1.99610075 2.05552229 2.05867014]
 [2.08108995 2.09842779 2.05813969 2.00706215 2.0573067  2.0125185
  1.90492488 2.02961351 2.07206107 2.07117802 1.91017017]
 [2.05500295 1.99748776 1.93412317 1.93760939 1.95174559 2.07341204
  2.04589733 2.07325114 2.07783003 1.96180222 2.0850256 ]]
Cv: [[0.         0.         0.         0.         0.         0.
  0.         0.         0.         0.        ]
 [1.90750166 1.97646872 1.99983748 2.02292167 2.02508606 1.93529134
  2.07966008 2.01358222 1.929274   2.02972405]
 [1.97014275 2.04277333 2.0445529  2.04734234 1.98173138 2.03290283
  2.02069758 2.02315555 1.99231559 2.07175549]
 [1.94688417 1.9496877  2.0858344  1.99785938 2.05652486 1.97915934
  2.08805276 1.95913473 2.09949676 1.94369218]
 [2.01588385 1.93768998 1.92787551 1.9700428  1.95164025 2.03946594
  2.04894492 1.98029882 2.07095684 1.93457326]
 [2.077276   2.07205131 2.07709103 1.93611187 1.90754103 2.07131952
  2.02177283 2.03451708 2.06815246 2.0956839 ]
 [1.93760492 2.05584652 2.09597061 2.06894716 2.07482404 1.96368894
  1.94922667 1.99409306 1.96628295 1.99543378]
 [1.92355842 1.91696844 1.90589429 1.95970919 2.03418302 1.98617867
  1.91758939 2.0005928  1.90154323 2.08661937]
 [2.07594779 1.99583954 2.09578532 2.02039112 1.9721003  1.94793643
  2.01609455 1.91294521 2.01097032 1.96520667]
 [2.02196077 1.98677889 1.98267468 1.99037755 2.05725938 2.01790612
  2.08258172 2.08787452 1.92027702 1.9484254 ]]
Rh: [[ 1.49875769  9.46076565 10.93941176  9.94603064 10.13936087  9.13008331
  14.87236837  7.34771858  1.72648029 10.40289022  8.63254392]
 [ 3.70022006  4.77706763 12.97224822  6.2016107   2.17443518  1.57023509
   4.26403992  3.88751905 10.46006198  3.58800983  1.79853437]
 [ 3.10981132 13.59095181  2.0960807   9.51317415  2.19840891  2.39879662
   5.91706922  1.10430553  1.94296324  6.87855055  1.23983945]
 [ 3.52537957  1.47381514 17.86200977  1.56876508  2.39229959 18.71497425
  15.64702168  1.57868593 11.42507115  5.019199   12.02580389]
 [ 2.57038471  2.9804997   1.72035055  2.41400031  1.79500206  6.13148757
   1.5299966   1.41850153  1.50360973  8.58823361 10.03107416]
 [11.68224566 12.44313549  6.54721561  6.75634788 10.68947359 16.69580694
  16.77221367  5.82659984  7.63744519  1.6895367   5.0466434 ]
 [ 2.97194538  2.35983098  3.55476984  2.81638254 16.91932238  8.51140892
  17.4609668   8.09712543  2.69362704  9.40553323  6.42963087]
 [13.34296204  1.45674087  3.60066676  2.12345277 10.69434854  3.74573898
   1.46764885 16.02307343  1.0116437   3.7435009   5.68569262]
 [ 2.81397129 10.90017669  2.9911814  13.66215586  1.19043246  6.87532495
   2.41632578 15.80619815  6.33665329  4.86972514  1.73084617]
 [ 8.04493998  1.07340998  6.96890631  1.303477    7.41657621  1.11616519
   7.32756702  4.00262023  3.87548877  1.86052919  9.03129121]]
Rv: [[ 2.02126072  4.83407298  1.19632259 12.54978631  1.58306008  1.49358069
   2.5263289   7.2126636   6.87857296  2.79528134]
 [11.4371585   7.00789887  3.91708966 16.03139253  8.43101701  1.0333555
   1.11343527  8.67726945  6.91161563 10.11978696]
 [ 4.22069262 15.54869551  1.50688677 14.96330337  1.67380349  9.65460839
   2.03009371  1.43410574  3.75346446  3.3316432 ]
 [17.85996194  1.27890816 12.38617793  6.7492627  12.93531771 13.03800144
   2.30939883  8.0890749  14.56600884  2.94753799]
 [ 3.5067718   5.05503031  6.56629552  5.7551715  11.59747566 12.82660969
   3.41913947  4.9524453   1.48429425 12.49168943]
 [ 7.34490882  9.27057548  7.02587524  7.8226652   1.38990991  9.29596154
   1.59969974 16.82918358  2.00518231  3.25546359]
 [ 1.17298698 11.90475256  3.91050964  7.98507803  1.82613593 11.4088384
  11.89037753 18.01759154  7.08782074 14.7665813 ]
 [ 4.17286961  2.74160081  6.00007747  9.45645244  8.0986084   2.06660766
   8.40059072 10.03883528  5.83025128  5.20994715]
 [ 2.46254859  1.63596174  4.15374041  1.34721358  4.97094305  3.05466089
   1.7316905  10.65805023  2.78838381  5.03684378]]