-------Running parameters--------
T = 0.0
temperature_gradient = 0.0
gap = 0
M = 10
N = 10
VR = 0.0
Vmin = 0.0
Vmax = 1.1
vStep = 0.001
vSym = True
repeats = 20
fileName = array_10_10_disorder_c_std_0_run_2
dist = exp
fullOutput = True
use_graph = False
current_map = True
plot_current_map = False
plot_binary_current_map = False
frame_norm = False
dbg = False
resume = False
sc = False
leaping = False
constQ = False
modifyR = False
double_time = False
double_loop = False
output_folder = bgu_2d_array_higher_resolution
params_path = 
VG_avg = 0.0
VG_std = 0.0
C_avg = 2.0
C_std = 0.0
CG_avg = 10.0
CG_std = 0.0
R_avg = 10.0
R_std = 9.0
custom_rh = ""
custom_rv = ""
custom_ch = ""
custom_cv = ""
RG_avg = 500.0
RG_std = 0.0
n0_avg = 0.0
n0_std = 0.0
Q0_avg = 0.0
Q0_std = 0.0
----Array Parameters-----
Rows: 10
Columns: 10
VG: [[0.]
 [0.]
 [0.]
 [0.]
 [0.]
 [0.]
 [0.]
 [0.]
 [0.]
 [0.]
 [0.]
 [0.]
 [0.]
 [0.]
 [0.]
 [0.]
 [0.]
 [0.]
 [0.]
 [0.]
 [0.]
 [0.]
 [0.]
 [0.]
 [0.]
 [0.]
 [0.]
 [0.]
 [0.]
 [0.]
 [0.]
 [0.]
 [0.]
 [0.]
 [0.]
 [0.]
 [0.]
 [0.]
 [0.]
 [0.]
 [0.]
 [0.]
 [0.]
 [0.]
 [0.]
 [0.]
 [0.]
 [0.]
 [0.]
 [0.]
 [0.]
 [0.]
 [0.]
 [0.]
 [0.]
 [0.]
 [0.]
 [0.]
 [0.]
 [0.]
 [0.]
 [0.]
 [0.]
 [0.]
 [0.]
 [0.]
 [0.]
 [0.]
 [0.]
 [0.]
 [0.]
 [0.]
 [0.]
 [0.]
 [0.]
 [0.]
 [0.]
 [0.]
 [0.]
 [0.]
 [0.]
 [0.]
 [0.]
 [0.]
 [0.]
 [0.]
 [0.]
 [0.]
 [0.]
 [0.]
 [0.]
 [0.]
 [0.]
 [0.]
 [0.]
 [0.]
 [0.]
 [0.]
 [0.]
 [0.]]
CG: [[10.]
 [10.]
 [10.]
 [10.]
 [10.]
 [10.]
 [10.]
 [10.]
 [10.]
 [10.]
 [10.]
 [10.]
 [10.]
 [10.]
 [10.]
 [10.]
 [10.]
 [10.]
 [10.]
 [10.]
 [10.]
 [10.]
 [10.]
 [10.]
 [10.]
 [10.]
 [10.]
 [10.]
 [10.]
 [10.]
 [10.]
 [10.]
 [10.]
 [10.]
 [10.]
 [10.]
 [10.]
 [10.]
 [10.]
 [10.]
 [10.]
 [10.]
 [10.]
 [10.]
 [10.]
 [10.]
 [10.]
 [10.]
 [10.]
 [10.]
 [10.]
 [10.]
 [10.]
 [10.]
 [10.]
 [10.]
 [10.]
 [10.]
 [10.]
 [10.]
 [10.]
 [10.]
 [10.]
 [10.]
 [10.]
 [10.]
 [10.]
 [10.]
 [10.]
 [10.]
 [10.]
 [10.]
 [10.]
 [10.]
 [10.]
 [10.]
 [10.]
 [10.]
 [10.]
 [10.]
 [10.]
 [10.]
 [10.]
 [10.]
 [10.]
 [10.]
 [10.]
 [10.]
 [10.]
 [10.]
 [10.]
 [10.]
 [10.]
 [10.]
 [10.]
 [10.]
 [10.]
 [10.]
 [10.]
 [10.]]
RG: [[500.]
 [500.]
 [500.]
 [500.]
 [500.]
 [500.]
 [500.]
 [500.]
 [500.]
 [500.]
 [500.]
 [500.]
 [500.]
 [500.]
 [500.]
 [500.]
 [500.]
 [500.]
 [500.]
 [500.]
 [500.]
 [500.]
 [500.]
 [500.]
 [500.]
 [500.]
 [500.]
 [500.]
 [500.]
 [500.]
 [500.]
 [500.]
 [500.]
 [500.]
 [500.]
 [500.]
 [500.]
 [500.]
 [500.]
 [500.]
 [500.]
 [500.]
 [500.]
 [500.]
 [500.]
 [500.]
 [500.]
 [500.]
 [500.]
 [500.]
 [500.]
 [500.]
 [500.]
 [500.]
 [500.]
 [500.]
 [500.]
 [500.]
 [500.]
 [500.]
 [500.]
 [500.]
 [500.]
 [500.]
 [500.]
 [500.]
 [500.]
 [500.]
 [500.]
 [500.]
 [500.]
 [500.]
 [500.]
 [500.]
 [500.]
 [500.]
 [500.]
 [500.]
 [500.]
 [500.]
 [500.]
 [500.]
 [500.]
 [500.]
 [500.]
 [500.]
 [500.]
 [500.]
 [500.]
 [500.]
 [500.]
 [500.]
 [500.]
 [500.]
 [500.]
 [500.]
 [500.]
 [500.]
 [500.]
 [500.]]
Ch: [[2. 2. 2. 2. 2. 2. 2. 2. 2. 2. 2.]
 [2. 2. 2. 2. 2. 2. 2. 2. 2. 2. 2.]
 [2. 2. 2. 2. 2. 2. 2. 2. 2. 2. 2.]
 [2. 2. 2. 2. 2. 2. 2. 2. 2. 2. 2.]
 [2. 2. 2. 2. 2. 2. 2. 2. 2. 2. 2.]
 [2. 2. 2. 2. 2. 2. 2. 2. 2. 2. 2.]
 [2. 2. 2. 2. 2. 2. 2. 2. 2. 2. 2.]
 [2. 2. 2. 2. 2. 2. 2. 2. 2. 2. 2.]
 [2. 2. 2. 2. 2. 2. 2. 2. 2. 2. 2.]
 [2. 2. 2. 2. 2. 2. 2. 2. 2. 2. 2.]]
Cv: [[0. 0. 0. 0. 0. 0. 0. 0. 0. 0.]
 [2. 2. 2. 2. 2. 2. 2. 2. 2. 2.]
 [2. 2. 2. 2. 2. 2. 2. 2. 2. 2.]
 [2. 2. 2. 2. 2. 2. 2. 2. 2. 2.]
 [2. 2. 2. 2. 2. 2. 2. 2. 2. 2.]
 [2. 2. 2. 2. 2. 2. 2. 2. 2. 2.]
 [2. 2. 2. 2. 2. 2. 2. 2. 2. 2.]
 [2. 2. 2. 2. 2. 2. 2. 2. 2. 2.]
 [2. 2. 2. 2. 2. 2. 2. 2. 2. 2.]
 [2. 2. 2. 2. 2. 2. 2. 2. 2. 2.]]
Rh: [[10.66905368  6.55523601  8.54081897 14.77467964 11.12778237  6.56143648
   2.53494878  3.78666394  2.43041542  6.8694001  14.2148745 ]
 [14.35874685  6.26721617  6.56240187  3.22664292  3.40697368  2.15399464
   1.91585788 15.74647034 10.54397134 13.27680494  3.40845995]
 [10.29671719  2.00676638 12.30036964  1.46701933  2.76512345  2.26926873
   2.22626532 15.33749904 10.98485725  1.41947805 11.01053272]
 [ 2.87656325 13.03889952  2.80909789  7.66785159  4.42710538  3.85673263
   4.79530802  1.76903352  4.22409592  7.3045922   4.02725111]
 [ 7.62245532  1.07761061 11.18042576  1.20107315  7.95363437  2.57451725
   9.46739526 12.424082   11.85787582  2.00094554  5.998862  ]
 [ 3.83020542 10.80458829 17.18739737  1.33421247  1.42252348 13.06827445
   1.66409406 16.8018962   2.46188673  9.72301216  3.2607549 ]
 [ 2.29731799  8.67760436 13.13964832  7.59824822  1.91973627  7.79041197
   3.1758892   2.22766284  5.36806174  8.68108242 14.2884879 ]
 [ 3.82581106  4.62704047  4.05712566  1.00974823  1.56519694  9.25748158
  18.9033177   5.81131195  2.39435474  4.3395118   9.42759425]
 [ 5.79490385 10.71741615 10.01921926  9.86785831  2.65777426  5.84258972
   6.84922112  7.23021501 11.83980078  2.6835682  15.28441096]
 [ 3.29510418 18.41170688 10.71077606  6.23850499  8.57490109 16.50780846
   1.91078196  4.26489618  8.72001636  7.60482888  1.39378764]]
Rv: [[13.33683951  2.49754605  5.83967689  2.42549374  9.99101629  1.58822295
   1.26361691 18.20346813  7.0233972  11.91904725]
 [13.85944804  1.98604498  6.51950801  5.85744385  5.41228534  1.73222321
   8.4924715   1.72636718  1.10598913  3.98554288]
 [15.38858124 12.47439832  5.95980847  8.98075749  4.20183559  9.6515365
   6.35476937  2.59662465  2.45660011  9.62870852]
 [12.29475703  8.87612653  7.74037744 15.83484891 14.65705567 17.79595186
  14.18480451  4.02509725  4.41979721  1.96723054]
 [10.75142096  9.87606803 18.52163766  1.4634417   7.62135335  7.9167351
   1.4428679   3.15366292 15.27512738 12.14024655]
 [14.37070634 13.21612828  9.65638905  3.09058491  2.46928153  2.72196108
   1.06418719  2.62907294  5.3995401   2.80896994]
 [ 2.8977669  18.8477256   1.9408412   2.60823929 11.33993522  3.15294007
  11.49547444  3.92213856  1.23784389  8.60018128]
 [10.61325284  3.38645081  1.78306595 12.12720156  4.26982571  3.17764619
  15.39564697  4.88209275  4.43095505 15.93693978]
 [ 9.58400065  2.15301224  5.57827164 16.71190142  3.76476973 14.1121999
   4.20628086 14.0845873   1.14034103  1.72312085]]