-------Running parameters--------
T = 0.0
temperature_gradient = 0.0
gap = 0
M = 10
N = 10
VR = 0.0
Vmin = 0.0
Vmax = 1.1
vStep = 0.001
vSym = True
repeats = 20
fileName = array_10_10_disorder_c_std_0.5_run_1
dist = exp
fullOutput = True
use_graph = False
current_map = True
plot_current_map = False
plot_binary_current_map = False
frame_norm = False
dbg = False
resume = False
sc = False
leaping = False
constQ = False
modifyR = False
double_time = False
double_loop = False
output_folder = bgu_2d_array_higher_resolution
params_path = 
VG_avg = 0.0
VG_std = 0.0
C_avg = 2.0
C_std = 0.5
CG_avg = 10.0
CG_std = 0.0
R_avg = 10.0
R_std = 9.0
custom_rh = ""
custom_rv = ""
custom_ch = ""
custom_cv = ""
RG_avg = 500.0
RG_std = 0.0
n0_avg = 0.0
n0_std = 0.0
Q0_avg = 0.0
Q0_std = 0.0
----Array Parameters-----
Rows: 10
Columns: 10
VG: [[0.]
 [0.]
 [0.]
 [0.]
 [0.]
 [0.]
 [0.]
 [0.]
 [0.]
 [0.]
 [0.]
 [0.]
 [0.]
 [0.]
 [0.]
 [0.]
 [0.]
 [0.]
 [0.]
 [0.]
 [0.]
 [0.]
 [0.]
 [0.]
 [0.]
 [0.]
 [0.]
 [0.]
 [0.]
 [0.]
 [0.]
 [0.]
 [0.]
 [0.]
 [0.]
 [0.]
 [0.]
 [0.]
 [0.]
 [0.]
 [0.]
 [0.]
 [0.]
 [0.]
 [0.]
 [0.]
 [0.]
 [0.]
 [0.]
 [0.]
 [0.]
 [0.]
 [0.]
 [0.]
 [0.]
 [0.]
 [0.]
 [0.]
 [0.]
 [0.]
 [0.]
 [0.]
 [0.]
 [0.]
 [0.]
 [0.]
 [0.]
 [0.]
 [0.]
 [0.]
 [0.]
 [0.]
 [0.]
 [0.]
 [0.]
 [0.]
 [0.]
 [0.]
 [0.]
 [0.]
 [0.]
 [0.]
 [0.]
 [0.]
 [0.]
 [0.]
 [0.]
 [0.]
 [0.]
 [0.]
 [0.]
 [0.]
 [0.]
 [0.]
 [0.]
 [0.]
 [0.]
 [0.]
 [0.]
 [0.]]
CG: [[10.]
 [10.]
 [10.]
 [10.]
 [10.]
 [10.]
 [10.]
 [10.]
 [10.]
 [10.]
 [10.]
 [10.]
 [10.]
 [10.]
 [10.]
 [10.]
 [10.]
 [10.]
 [10.]
 [10.]
 [10.]
 [10.]
 [10.]
 [10.]
 [10.]
 [10.]
 [10.]
 [10.]
 [10.]
 [10.]
 [10.]
 [10.]
 [10.]
 [10.]
 [10.]
 [10.]
 [10.]
 [10.]
 [10.]
 [10.]
 [10.]
 [10.]
 [10.]
 [10.]
 [10.]
 [10.]
 [10.]
 [10.]
 [10.]
 [10.]
 [10.]
 [10.]
 [10.]
 [10.]
 [10.]
 [10.]
 [10.]
 [10.]
 [10.]
 [10.]
 [10.]
 [10.]
 [10.]
 [10.]
 [10.]
 [10.]
 [10.]
 [10.]
 [10.]
 [10.]
 [10.]
 [10.]
 [10.]
 [10.]
 [10.]
 [10.]
 [10.]
 [10.]
 [10.]
 [10.]
 [10.]
 [10.]
 [10.]
 [10.]
 [10.]
 [10.]
 [10.]
 [10.]
 [10.]
 [10.]
 [10.]
 [10.]
 [10.]
 [10.]
 [10.]
 [10.]
 [10.]
 [10.]
 [10.]
 [10.]]
RG: [[500.]
 [500.]
 [500.]
 [500.]
 [500.]
 [500.]
 [500.]
 [500.]
 [500.]
 [500.]
 [500.]
 [500.]
 [500.]
 [500.]
 [500.]
 [500.]
 [500.]
 [500.]
 [500.]
 [500.]
 [500.]
 [500.]
 [500.]
 [500.]
 [500.]
 [500.]
 [500.]
 [500.]
 [500.]
 [500.]
 [500.]
 [500.]
 [500.]
 [500.]
 [500.]
 [500.]
 [500.]
 [500.]
 [500.]
 [500.]
 [500.]
 [500.]
 [500.]
 [500.]
 [500.]
 [500.]
 [500.]
 [500.]
 [500.]
 [500.]
 [500.]
 [500.]
 [500.]
 [500.]
 [500.]
 [500.]
 [500.]
 [500.]
 [500.]
 [500.]
 [500.]
 [500.]
 [500.]
 [500.]
 [500.]
 [500.]
 [500.]
 [500.]
 [500.]
 [500.]
 [500.]
 [500.]
 [500.]
 [500.]
 [500.]
 [500.]
 [500.]
 [500.]
 [500.]
 [500.]
 [500.]
 [500.]
 [500.]
 [500.]
 [500.]
 [500.]
 [500.]
 [500.]
 [500.]
 [500.]
 [500.]
 [500.]
 [500.]
 [500.]
 [500.]
 [500.]
 [500.]
 [500.]
 [500.]
 [500.]]
Ch: [[1.56840773 2.04602971 1.75139073 2.22956646 1.99571091 1.50781154
  1.61990773 1.70119676 1.65380944 1.7111413  1.5453669 ]
 [2.27706376 1.51696219 2.14984642 2.42373256 1.70705154 2.26826239
  1.88732821 1.80624387 1.9257461  1.70103214 1.52419145]
 [1.94984892 1.67651265 1.95979855 2.47394879 2.37531741 1.58233841
  2.12486354 2.41431467 2.42863114 1.85740309 1.95550579]
 [1.58429954 1.69260412 2.49480023 2.04286976 1.58625621 2.36012451
  1.54934176 1.84346919 2.19885135 1.98947255 2.17853827]
 [1.62150258 1.57149335 1.92518195 1.59675443 2.33006743 1.58549436
  1.61266056 2.13306415 1.60575108 1.57720853 1.84168162]
 [2.08174595 1.6126709  2.34615467 1.62378579 1.93022348 1.73714735
  1.98433966 2.32875015 2.22536634 1.70942104 1.74795708]
 [2.12431614 1.65080561 1.89339545 1.96301873 2.49015664 2.07728571
  2.29014617 2.22543547 1.65437015 2.04919371 2.1975642 ]
 [1.51611748 2.35734097 2.19841388 1.99381102 1.87012842 2.43804221
  1.50401018 1.59256277 1.94956607 1.96012352 2.14111183]
 [1.65433926 2.41709399 1.93006404 1.60577921 2.20237547 1.60401538
  1.63363019 1.65639419 1.68533835 2.02822591 1.52891956]
 [2.34743121 1.65780197 1.9090976  1.67924903 2.23571564 1.83278403
  2.12764921 1.55904077 2.41078291 1.75584374 1.78182804]]
Cv: [[0.         0.         0.         0.         0.         0.
  0.         0.         0.         0.        ]
 [1.83309795 1.89167075 1.84317271 1.70845569 2.09295882 1.82246754
  1.79788078 1.91034744 2.1052355  1.68949253]
 [2.23593048 1.69087805 1.51845946 2.44013116 2.23350036 1.52232713
  1.58834639 1.73049288 2.18824766 1.73869769]
 [1.91504812 2.00645902 2.06157664 1.94622039 1.50118039 2.19935995
  1.82984312 1.8692967  2.31384469 1.57521669]
 [1.87147661 2.42723085 2.1236371  2.3539714  1.68824783 1.99024358
  1.72836931 2.23340755 1.73864066 1.85960383]
 [2.27373068 1.73003228 2.40509862 1.69734073 1.56817344 1.77181211
  1.74025143 2.41768596 2.12427174 2.4290835 ]
 [2.25282263 1.93910836 1.85571987 2.28659488 2.35261985 1.68205662
  2.10507309 2.03350215 2.24927429 2.48312996]
 [2.18846228 1.63721742 2.43051324 1.82136843 1.99306088 1.59349074
  1.64359027 1.80902859 2.12908251 1.5693092 ]
 [1.7849854  2.31949234 2.32173295 1.92635278 2.35953982 2.20483522
  1.54475675 1.6471133  1.69233215 2.26067424]
 [1.74343855 2.33267014 1.93672422 2.22856144 2.1083886  1.57193913
  2.1027143  1.86220329 1.50122149 1.5244341 ]]
Rh: [[ 7.70622722  6.13604168  1.17426741  1.15377998  2.65617071 10.91133144
   2.05539559  1.03423836  2.84704815  2.74370187 15.52152879]
 [ 5.52743111  7.27540811  2.82432815  1.69940538  2.15876285  9.94845992
   8.13393131  1.66067256  1.63844479  5.0476831   2.31818286]
 [ 1.8377144   9.49996258 14.9185956   3.99203659  3.95429242  7.43600601
   6.44434785  8.27583658 12.97346585  1.16779016  5.01637843]
 [ 2.21451881  1.059132   15.38468889  2.32477103  3.24598787 17.78176952
   4.230829   11.21221817  5.93634052  8.0881985   3.19909711]
 [ 1.9202874  15.83132079  1.01353905 18.0688445   2.62012256 13.80171734
   3.80572551  9.06594225  1.3337438   3.97393639  2.22635807]
 [ 3.6777165  17.50515613 12.55100605 15.32629829  1.21873143  2.00628198
   1.65165524  3.54883478 15.5577347   1.3109187  15.04383344]
 [ 1.94322038 18.4659932   6.43391072  3.85351913  7.0139999   6.00703967
   1.69268597  2.11113551 17.41845747  8.82892518 10.85334614]
 [ 6.57619747 15.51515116  3.28393925  2.1544989  13.81727254  2.60822897
   3.34818253  5.27834659 10.34012426  3.79090971  9.55556588]
 [10.13481686  1.63267525  8.28904675 10.93717299  7.41944851  1.75788971
   3.84089536  2.0986747  13.28137867  4.63531348  3.39235747]
 [ 4.26720443  1.90070861 14.50685688 12.28816045  6.30830254  2.69359923
   4.54833082  2.94916264  3.29421919 18.32765703 10.97124491]]
Rv: [[14.84426866 15.88262312  1.06790147  8.09646133  1.19480897  2.40821941
   5.43796143  4.18175199  1.97885871  2.98179094]
 [12.15625025  8.73869496  1.90048915  3.56368075  3.57808463 17.09621408
  11.55901201  1.09758253  4.84919676  1.18125275]
 [ 1.75616945  2.74031788  4.84826492 11.74044893 16.03460375 11.24946874
   3.67235358  2.32530174 16.51261996  6.62427917]
 [ 2.55027954  1.5910232   2.47895018 15.26609455  7.41367528  8.62761609
  11.21576925  9.53269058  3.55204889  3.57069493]
 [ 3.84240375  4.36082239  2.06583394  5.8688138   1.27574817  1.52608741
   5.02887752  1.36141096  8.26286876  4.47268359]
 [13.78984995  5.46960075  3.78549718  1.01439486  3.79037587  1.22875054
   5.97765031 13.30395826  3.64757276  7.02740028]
 [ 4.39612833 12.65226673  1.64590496  4.2322724  17.86168086  1.98739896
   9.01432147  5.81695991  6.62969583  1.18147311]
 [15.57894225  2.14833864 18.24044934  2.6246928   2.74007758  1.71734748
  10.43647282  1.40334261  2.95041368  5.09794791]
 [17.96138358  2.00536317  1.05344768  2.42761544  2.0534835   2.19866476
   2.22490973 13.24586461  8.3228366  14.38968742]]