-------Running parameters--------
T = 0.0
temperature_gradient = 0.0
gap = 0
M = 10
N = 10
VR = 0.0
Vmin = 0.0
Vmax = 1.1
vStep = 0.001
vSym = True
repeats = 20
fileName = array_10_10_disorder_c_std_0.1_run_1
dist = exp
fullOutput = True
use_graph = False
current_map = True
plot_current_map = False
plot_binary_current_map = False
frame_norm = False
dbg = False
resume = False
sc = False
leaping = False
constQ = False
modifyR = False
double_time = False
double_loop = False
output_folder = bgu_2d_array_higher_resolution
params_path = 
VG_avg = 0.0
VG_std = 0.0
C_avg = 2.0
C_std = 0.1
CG_avg = 10.0
CG_std = 0.0
R_avg = 10.0
R_std = 9.0
custom_rh = ""
custom_rv = ""
custom_ch = ""
custom_cv = ""
RG_avg = 500.0
RG_std = 0.0
n0_avg = 0.0
n0_std = 0.0
Q0_avg = 0.0
Q0_std = 0.0
----Array Parameters-----
Rows: 10
Columns: 10
VG: [[0.]
 [0.]
 [0.]
 [0.]
 [0.]
 [0.]
 [0.]
 [0.]
 [0.]
 [0.]
 [0.]
 [0.]
 [0.]
 [0.]
 [0.]
 [0.]
 [0.]
 [0.]
 [0.]
 [0.]
 [0.]
 [0.]
 [0.]
 [0.]
 [0.]
 [0.]
 [0.]
 [0.]
 [0.]
 [0.]
 [0.]
 [0.]
 [0.]
 [0.]
 [0.]
 [0.]
 [0.]
 [0.]
 [0.]
 [0.]
 [0.]
 [0.]
 [0.]
 [0.]
 [0.]
 [0.]
 [0.]
 [0.]
 [0.]
 [0.]
 [0.]
 [0.]
 [0.]
 [0.]
 [0.]
 [0.]
 [0.]
 [0.]
 [0.]
 [0.]
 [0.]
 [0.]
 [0.]
 [0.]
 [0.]
 [0.]
 [0.]
 [0.]
 [0.]
 [0.]
 [0.]
 [0.]
 [0.]
 [0.]
 [0.]
 [0.]
 [0.]
 [0.]
 [0.]
 [0.]
 [0.]
 [0.]
 [0.]
 [0.]
 [0.]
 [0.]
 [0.]
 [0.]
 [0.]
 [0.]
 [0.]
 [0.]
 [0.]
 [0.]
 [0.]
 [0.]
 [0.]
 [0.]
 [0.]
 [0.]]
CG: [[10.]
 [10.]
 [10.]
 [10.]
 [10.]
 [10.]
 [10.]
 [10.]
 [10.]
 [10.]
 [10.]
 [10.]
 [10.]
 [10.]
 [10.]
 [10.]
 [10.]
 [10.]
 [10.]
 [10.]
 [10.]
 [10.]
 [10.]
 [10.]
 [10.]
 [10.]
 [10.]
 [10.]
 [10.]
 [10.]
 [10.]
 [10.]
 [10.]
 [10.]
 [10.]
 [10.]
 [10.]
 [10.]
 [10.]
 [10.]
 [10.]
 [10.]
 [10.]
 [10.]
 [10.]
 [10.]
 [10.]
 [10.]
 [10.]
 [10.]
 [10.]
 [10.]
 [10.]
 [10.]
 [10.]
 [10.]
 [10.]
 [10.]
 [10.]
 [10.]
 [10.]
 [10.]
 [10.]
 [10.]
 [10.]
 [10.]
 [10.]
 [10.]
 [10.]
 [10.]
 [10.]
 [10.]
 [10.]
 [10.]
 [10.]
 [10.]
 [10.]
 [10.]
 [10.]
 [10.]
 [10.]
 [10.]
 [10.]
 [10.]
 [10.]
 [10.]
 [10.]
 [10.]
 [10.]
 [10.]
 [10.]
 [10.]
 [10.]
 [10.]
 [10.]
 [10.]
 [10.]
 [10.]
 [10.]
 [10.]]
RG: [[500.]
 [500.]
 [500.]
 [500.]
 [500.]
 [500.]
 [500.]
 [500.]
 [500.]
 [500.]
 [500.]
 [500.]
 [500.]
 [500.]
 [500.]
 [500.]
 [500.]
 [500.]
 [500.]
 [500.]
 [500.]
 [500.]
 [500.]
 [500.]
 [500.]
 [500.]
 [500.]
 [500.]
 [500.]
 [500.]
 [500.]
 [500.]
 [500.]
 [500.]
 [500.]
 [500.]
 [500.]
 [500.]
 [500.]
 [500.]
 [500.]
 [500.]
 [500.]
 [500.]
 [500.]
 [500.]
 [500.]
 [500.]
 [500.]
 [500.]
 [500.]
 [500.]
 [500.]
 [500.]
 [500.]
 [500.]
 [500.]
 [500.]
 [500.]
 [500.]
 [500.]
 [500.]
 [500.]
 [500.]
 [500.]
 [500.]
 [500.]
 [500.]
 [500.]
 [500.]
 [500.]
 [500.]
 [500.]
 [500.]
 [500.]
 [500.]
 [500.]
 [500.]
 [500.]
 [500.]
 [500.]
 [500.]
 [500.]
 [500.]
 [500.]
 [500.]
 [500.]
 [500.]
 [500.]
 [500.]
 [500.]
 [500.]
 [500.]
 [500.]
 [500.]
 [500.]
 [500.]
 [500.]
 [500.]
 [500.]]
Ch: [[2.03897017 2.08158689 1.9113874  2.02225752 2.03152593 1.95511544
  1.96123135 1.92044722 1.9142883  1.91128733 1.90924916]
 [2.01902584 1.98121723 2.08716723 2.07337882 1.93626073 1.9831488
  1.94188837 2.00235633 1.98515018 1.92307102 2.02057339]
 [1.93812697 2.03881282 1.93971747 1.94275219 1.90609175 1.94183916
  1.99350398 2.07434502 2.06815645 1.93414884 1.9398753 ]
 [2.07782746 2.06066286 2.0898053  2.0987171  1.96800149 2.08000184
  1.97747454 1.93020502 1.96154119 1.94979246 2.08964914]
 [1.90917105 2.00067225 2.01201111 1.99620878 2.07796963 2.08277092
  2.0560137  1.90196818 1.98623348 2.07693792 2.0895246 ]
 [1.90999021 1.92598655 1.92939236 2.08749785 2.06317024 2.04647402
  2.04847216 1.98409896 1.95633171 1.99904515 1.99679079]
 [1.91239725 1.9745533  1.96464389 1.97154595 1.94921568 2.06597275
  1.99305311 2.07669281 1.95080103 2.0596497  1.98793551]
 [1.91337406 2.00802078 2.03747388 1.90092765 1.98213826 1.938806
  1.95075594 1.99309677 2.00284553 1.91365416 1.98671457]
 [1.9514531  1.97219993 2.0215982  1.97049256 1.96444285 2.0851186
  1.99685217 1.90073642 1.92067497 2.0486924  2.06319366]
 [1.91833914 1.90499836 1.91917344 1.98458148 2.04154642 2.05087082
  1.94906083 2.00770002 2.09785786 2.09741327 1.90256525]]
Cv: [[0.         0.         0.         0.         0.         0.
  0.         0.         0.         0.        ]
 [2.0382811  1.97818004 2.03064642 2.05760359 2.00519933 1.94077195
  1.90735294 2.06724166 2.05194288 2.04122151]
 [2.08255378 2.01898527 2.03708846 1.98181864 1.94219609 1.9634856
  2.0722526  1.94608853 2.0372513  2.06518168]
 [1.90594776 1.91491898 2.03121974 2.01619822 2.01953285 1.97127384
  2.08373857 2.08408504 1.92115019 1.93122424]
 [1.90392444 1.93989349 2.07997829 1.90306769 1.96739955 2.0908251
  2.08121894 1.99552729 2.06225895 1.97471458]
 [2.00233199 1.97875593 1.90592447 1.9727591  2.08270473 1.93730501
  2.04169734 1.99484182 2.05410525 1.92004155]
 [1.90152445 2.04810982 2.02566754 1.97135501 2.0300652  1.91291328
  2.03836506 1.93360214 2.09411723 1.92346442]
 [2.06888931 2.01165006 1.9263268  2.06715946 2.07692977 1.92661837
  1.96823201 2.07423364 1.92916483 1.91576771]
 [1.92036506 1.95008463 2.03359057 1.97049717 2.07177353 1.97388178
  1.90195939 1.98413066 2.00872952 1.95422961]
 [1.96992133 2.04079265 1.92352209 1.98413155 1.97772073 1.96117146
  1.96323916 2.0056857  1.92428435 2.06775707]]
Rh: [[16.89757239  3.5194175   1.93501067  3.0023145  10.18095194  5.46258342
   1.72592828  1.74743377  2.34734854  5.64022408 18.18971332]
 [ 1.20899971  3.84819181  1.77351914  8.62011396  1.26651814  1.47599338
   1.17716105  4.15759196  3.84871102  6.26463386  2.41720871]
 [18.98015723  2.64589208  2.88225253  1.44963663  1.98352512  2.51755057
  17.87216561 11.08361191  1.44757231  4.30639703 15.27647276]
 [13.85067549 13.80893436  3.36040001  4.87832907  7.74747263  4.12113118
  16.46582574  6.50761542  6.01003503  2.62434909  7.56347668]
 [ 1.6358262   4.83582103  9.92729829  1.0439939   6.04525686  1.27406724
  11.97060196  2.89410519  2.05233002  2.05199875  4.03765753]
 [ 1.81245908  5.28783739 11.92696186  7.0447072   2.65655282 10.72193744
   1.66413629  2.14977314  6.59380943 12.93867256  4.8212466 ]
 [11.09396777  3.2098062   2.68384768  3.44184054  3.58584835 16.64999145
   1.16125996  1.13563942  7.55856403  5.74314278  2.58129885]
 [ 4.05486525  1.18134773  1.12579186 15.09291262  9.44781418  2.19736856
   1.27512358  2.90155369  2.22015535  3.69138168 14.65041171]
 [ 6.64667785  2.12397566  7.66313318  4.54443331  1.73004238  2.93707689
   3.67897747 16.64134061  3.08527313  1.87004625  3.88427691]
 [ 1.9786872   6.08086185  2.33904565 13.25801869  3.23293657  1.19498139
   1.12046005  2.56410627  7.78103945 11.19357147  3.41201396]]
Rv: [[ 1.36605726  2.79360244  1.89947384  6.81684757  1.9138129   1.27928266
   8.62787087  1.45881768  4.10409328  3.46766951]
 [17.18443932  1.15163229  3.44058182  2.57781112  2.93698409 13.1168949
   5.51307965 16.80451563  6.63851526  1.21168709]
 [ 1.1264666   1.62702578 16.61794675 16.15762174 14.37982973  4.00225958
  11.5735137   1.8705222   5.93380694  3.27802638]
 [ 5.91788689  8.90432187  3.45631101  5.12531494 12.58917621  4.51227956
  14.10788321  5.61333612  5.57648835  6.76774904]
 [ 1.94938202  1.00181497  2.20372668 11.09277843  6.19801618  1.78073316
   2.32154624 10.85536306  1.78690784  8.2037153 ]
 [ 4.52685615  2.04175126  1.49563726  1.05711771  1.72803903 17.92668381
   1.65476505 10.5138683   3.78492093 14.21081006]
 [ 1.68231201 12.74487901 13.64524188 13.73371972  1.4157538   1.68057585
  17.43852152  3.09803426 13.33607184  1.55413628]
 [ 3.09459538  1.52178687 18.71712042  2.26553312  1.19113519  3.0433943
  16.35288968  2.34534376  3.29933232  6.91415703]
 [ 2.05131847  3.27004528  2.86119861  1.09211249  2.48228135  7.49771934
   2.65576076  2.89426477 12.8117009   5.93116658]]