-------Running parameters--------
T = 0.0
temperature_gradient = 0.0
gap = 0
M = 10
N = 10
VR = 0.0
Vmin = 0.0
Vmax = 1.1
vStep = 0.001
vSym = True
repeats = 20
fileName = array_10_10_disorder_c_std_1_run_3
dist = exp
fullOutput = True
use_graph = False
current_map = True
plot_current_map = False
plot_binary_current_map = False
frame_norm = False
dbg = False
resume = False
sc = False
leaping = False
constQ = False
modifyR = False
double_time = False
double_loop = False
output_folder = bgu_2d_array_higher_resolution
params_path = 
VG_avg = 0.0
VG_std = 0.0
C_avg = 2.0
C_std = 1.0
CG_avg = 10.0
CG_std = 0.0
R_avg = 10.0
R_std = 9.0
custom_rh = ""
custom_rv = ""
custom_ch = ""
custom_cv = ""
RG_avg = 500.0
RG_std = 0.0
n0_avg = 0.0
n0_std = 0.0
Q0_avg = 0.0
Q0_std = 0.0
----Array Parameters-----
Rows: 10
Columns: 10
VG: [[0.]
 [0.]
 [0.]
 [0.]
 [0.]
 [0.]
 [0.]
 [0.]
 [0.]
 [0.]
 [0.]
 [0.]
 [0.]
 [0.]
 [0.]
 [0.]
 [0.]
 [0.]
 [0.]
 [0.]
 [0.]
 [0.]
 [0.]
 [0.]
 [0.]
 [0.]
 [0.]
 [0.]
 [0.]
 [0.]
 [0.]
 [0.]
 [0.]
 [0.]
 [0.]
 [0.]
 [0.]
 [0.]
 [0.]
 [0.]
 [0.]
 [0.]
 [0.]
 [0.]
 [0.]
 [0.]
 [0.]
 [0.]
 [0.]
 [0.]
 [0.]
 [0.]
 [0.]
 [0.]
 [0.]
 [0.]
 [0.]
 [0.]
 [0.]
 [0.]
 [0.]
 [0.]
 [0.]
 [0.]
 [0.]
 [0.]
 [0.]
 [0.]
 [0.]
 [0.]
 [0.]
 [0.]
 [0.]
 [0.]
 [0.]
 [0.]
 [0.]
 [0.]
 [0.]
 [0.]
 [0.]
 [0.]
 [0.]
 [0.]
 [0.]
 [0.]
 [0.]
 [0.]
 [0.]
 [0.]
 [0.]
 [0.]
 [0.]
 [0.]
 [0.]
 [0.]
 [0.]
 [0.]
 [0.]
 [0.]]
CG: [[10.]
 [10.]
 [10.]
 [10.]
 [10.]
 [10.]
 [10.]
 [10.]
 [10.]
 [10.]
 [10.]
 [10.]
 [10.]
 [10.]
 [10.]
 [10.]
 [10.]
 [10.]
 [10.]
 [10.]
 [10.]
 [10.]
 [10.]
 [10.]
 [10.]
 [10.]
 [10.]
 [10.]
 [10.]
 [10.]
 [10.]
 [10.]
 [10.]
 [10.]
 [10.]
 [10.]
 [10.]
 [10.]
 [10.]
 [10.]
 [10.]
 [10.]
 [10.]
 [10.]
 [10.]
 [10.]
 [10.]
 [10.]
 [10.]
 [10.]
 [10.]
 [10.]
 [10.]
 [10.]
 [10.]
 [10.]
 [10.]
 [10.]
 [10.]
 [10.]
 [10.]
 [10.]
 [10.]
 [10.]
 [10.]
 [10.]
 [10.]
 [10.]
 [10.]
 [10.]
 [10.]
 [10.]
 [10.]
 [10.]
 [10.]
 [10.]
 [10.]
 [10.]
 [10.]
 [10.]
 [10.]
 [10.]
 [10.]
 [10.]
 [10.]
 [10.]
 [10.]
 [10.]
 [10.]
 [10.]
 [10.]
 [10.]
 [10.]
 [10.]
 [10.]
 [10.]
 [10.]
 [10.]
 [10.]
 [10.]]
RG: [[500.]
 [500.]
 [500.]
 [500.]
 [500.]
 [500.]
 [500.]
 [500.]
 [500.]
 [500.]
 [500.]
 [500.]
 [500.]
 [500.]
 [500.]
 [500.]
 [500.]
 [500.]
 [500.]
 [500.]
 [500.]
 [500.]
 [500.]
 [500.]
 [500.]
 [500.]
 [500.]
 [500.]
 [500.]
 [500.]
 [500.]
 [500.]
 [500.]
 [500.]
 [500.]
 [500.]
 [500.]
 [500.]
 [500.]
 [500.]
 [500.]
 [500.]
 [500.]
 [500.]
 [500.]
 [500.]
 [500.]
 [500.]
 [500.]
 [500.]
 [500.]
 [500.]
 [500.]
 [500.]
 [500.]
 [500.]
 [500.]
 [500.]
 [500.]
 [500.]
 [500.]
 [500.]
 [500.]
 [500.]
 [500.]
 [500.]
 [500.]
 [500.]
 [500.]
 [500.]
 [500.]
 [500.]
 [500.]
 [500.]
 [500.]
 [500.]
 [500.]
 [500.]
 [500.]
 [500.]
 [500.]
 [500.]
 [500.]
 [500.]
 [500.]
 [500.]
 [500.]
 [500.]
 [500.]
 [500.]
 [500.]
 [500.]
 [500.]
 [500.]
 [500.]
 [500.]
 [500.]
 [500.]
 [500.]
 [500.]]
Ch: [[2.3060946  1.19468279 2.61381269 1.23645202 1.00903538 2.25782719
  1.43264162 1.26164255 1.33297342 2.27884107 1.55092091]
 [1.04531381 2.55871408 1.98017079 1.15263804 1.11284534 1.03908303
  2.49377881 1.37292892 1.12861093 2.99719333 2.8760738 ]
 [1.64471712 2.11252524 1.36316972 1.55393368 1.53808806 1.80336759
  1.51644377 1.79963768 1.83480967 1.82555615 2.78108991]
 [1.79044524 1.63027311 1.1532779  1.618154   1.23300619 2.49290574
  1.26243708 2.78828719 1.97730545 2.17325449 1.61377651]
 [1.82514544 2.29373619 2.93285699 1.04324848 2.87613022 2.27069814
  1.41833516 1.78621176 1.60512432 2.85180525 1.19678723]
 [2.64911997 1.42164563 2.14834413 2.93873502 1.23243466 1.09714156
  1.36425831 1.06445949 2.95472208 1.07916184 1.03053341]
 [1.20737588 2.79549527 2.07913523 1.8241152  1.70124635 1.06352777
  1.65615625 1.10639723 1.19616459 2.52387962 1.07478852]
 [2.85359169 2.17014591 1.82179355 1.07452714 1.14846169 2.23285633
  1.25820273 1.97239042 1.198826   1.72283083 2.32520544]
 [1.39897599 2.43125298 1.12914705 1.30950839 2.47663161 2.42205429
  2.14359736 1.55852281 1.99900358 1.89919404 1.42520787]
 [1.81099907 2.25783049 1.33565893 2.88872501 1.73793685 1.13124235
  2.9001795  1.28145184 1.47906564 2.34710085 2.61585346]]
Cv: [[0.         0.         0.         0.         0.         0.
  0.         0.         0.         0.        ]
 [1.53936822 1.09745496 1.9561591  1.40473012 2.46984828 1.37282148
  2.77719225 1.89925383 2.46848047 1.02855277]
 [1.02102169 1.25440469 1.27266587 1.34137234 2.88055919 1.47840563
  1.25392163 1.38509097 2.1629959  1.65593063]
 [1.35651571 2.47269007 2.80024549 1.17039337 2.65210906 2.68803331
  1.62580524 1.71689627 1.79728371 1.20174691]
 [1.38812823 1.42563467 2.95033838 2.70457542 2.42341867 1.0913669
  1.22260085 2.09528282 2.79712315 1.66144932]
 [1.6995422  2.01036001 1.71556075 2.14006383 1.21706717 2.41173524
  1.6766968  2.94392236 1.65606438 1.85533091]
 [1.33263685 2.22153975 2.11028785 1.03392684 2.54820185 1.42206401
  2.9666234  2.46688978 1.04982779 1.41829938]
 [2.92940986 1.73127338 1.54258606 1.04633246 1.30591463 1.31784352
  1.60343974 1.29741688 2.09755588 2.05974366]
 [1.97336205 2.36992439 1.59386997 2.17731059 2.7971083  1.55447411
  1.1786758  1.58962365 1.90516117 1.61744737]
 [1.18546258 1.58953789 1.73523157 1.86357138 1.12155138 1.70563019
  1.13789997 1.01047603 2.60068623 1.85970284]]
Rh: [[ 5.20870205  4.49309411  6.09849587  1.25427067  1.11155925  3.38984824
  10.66188268  1.03076282  9.09729139 12.81465218 10.89970888]
 [ 5.39524027  9.6679288   3.68774149  2.53444752 17.42407501  2.33467217
  12.50817824  3.94306017  1.07284958  6.7419728   1.81370529]
 [ 4.23512603  2.54901814  3.47247745  1.67923208 12.05306082  1.59467415
   8.42435938  2.35544874  4.98946298 14.48282824  4.14017793]
 [ 4.95806467 10.31978513 14.06464135  7.19850967  4.42858498  6.39782871
   1.93542411  8.8544764   5.39056213  9.22105005  1.34533052]
 [ 8.21352451  3.14863253 15.59228071 11.27167137  6.76532203  9.32719888
   9.3212596  11.0625672   1.70049067  1.93475222  7.7721969 ]
 [18.56252078  2.65434013 11.42258868  1.92438886  1.45055071  8.08147118
  15.55732938  3.33009499  4.42084106 14.13449373  1.36756145]
 [12.95386977  3.68790538  2.38895638 12.62110275  2.43356078  1.30046251
   5.49196039  2.02099204  4.64428783  6.23170451  1.14391789]
 [13.01633823 12.04577355  1.55003809  2.38905495  5.04461056  2.15046734
   1.87481588  4.89603161 17.35512034 13.44556011  1.84762862]
 [ 1.10080074  3.51426202  1.67345873  1.9597065   2.71611444  1.61166795
   4.32846573  1.26528344  1.76575772 17.95917694  1.70579408]
 [ 2.611087   11.32884214  2.16199212  1.95297258  2.88737026  1.27077831
   1.38380369  6.02677778  3.76837786  9.37442156  4.84323731]]
Rv: [[ 5.03506072  5.44068127 13.75601804  6.63484669  8.0422949   7.69438783
  14.15887281  1.51208413  5.61030649  8.6907054 ]
 [ 2.90446246 18.91188359 12.88410127  3.75334992 15.98147566  6.54691128
  10.12866308  5.51128626 12.68466902  7.85786337]
 [10.44121312  1.58315933 14.69592668  5.26239876 11.25172444  1.23513146
  12.06198606 10.46577531  2.05762872 16.53433044]
 [ 1.27821227  3.00045406  1.18262803  4.95841933 12.78271719  7.40226831
   2.1798291   2.72768773  1.22170285 10.82115808]
 [ 1.46715794  3.15089711  3.86769772  9.65886888  4.98174356  3.14967527
  16.58841322  1.20531972  9.60618887  3.69716011]
 [17.40033351 14.17837812  4.26238    12.20463145 13.67905173  7.85662024
  12.66587978  1.8021667   1.01990931  1.11400103]
 [ 1.15742707  4.63857257  1.08660456  2.64454405  7.48250713  4.10817343
   1.75850445 11.38941244  1.70371192  1.42287343]
 [ 4.18186348  4.81630342  3.67377644 15.84399789  5.38614465  8.055472
   3.17395976  9.56957108  5.73015137  3.1294029 ]
 [ 1.94376109  2.34587784  6.03070448 14.14291144 12.0037916   2.73053186
   3.27616809 15.30457481  5.15298992 14.87901054]]