-------Running parameters--------
T = 0.0
temperature_gradient = 0.0
gap = 0
M = 10
N = 10
VR = 0.0
Vmin = 0.0
Vmax = 1.1
vStep = 0.001
vSym = True
repeats = 20
fileName = array_10_10_disorder_c_std_1_run_2
dist = exp
fullOutput = True
use_graph = False
current_map = True
plot_current_map = False
plot_binary_current_map = False
frame_norm = False
dbg = False
resume = False
sc = False
leaping = False
constQ = False
modifyR = False
double_time = False
double_loop = False
output_folder = bgu_2d_array_higher_resolution
params_path = 
VG_avg = 0.0
VG_std = 0.0
C_avg = 2.0
C_std = 1.0
CG_avg = 10.0
CG_std = 0.0
R_avg = 10.0
R_std = 9.0
custom_rh = ""
custom_rv = ""
custom_ch = ""
custom_cv = ""
RG_avg = 500.0
RG_std = 0.0
n0_avg = 0.0
n0_std = 0.0
Q0_avg = 0.0
Q0_std = 0.0
----Array Parameters-----
Rows: 10
Columns: 10
VG: [[0.]
 [0.]
 [0.]
 [0.]
 [0.]
 [0.]
 [0.]
 [0.]
 [0.]
 [0.]
 [0.]
 [0.]
 [0.]
 [0.]
 [0.]
 [0.]
 [0.]
 [0.]
 [0.]
 [0.]
 [0.]
 [0.]
 [0.]
 [0.]
 [0.]
 [0.]
 [0.]
 [0.]
 [0.]
 [0.]
 [0.]
 [0.]
 [0.]
 [0.]
 [0.]
 [0.]
 [0.]
 [0.]
 [0.]
 [0.]
 [0.]
 [0.]
 [0.]
 [0.]
 [0.]
 [0.]
 [0.]
 [0.]
 [0.]
 [0.]
 [0.]
 [0.]
 [0.]
 [0.]
 [0.]
 [0.]
 [0.]
 [0.]
 [0.]
 [0.]
 [0.]
 [0.]
 [0.]
 [0.]
 [0.]
 [0.]
 [0.]
 [0.]
 [0.]
 [0.]
 [0.]
 [0.]
 [0.]
 [0.]
 [0.]
 [0.]
 [0.]
 [0.]
 [0.]
 [0.]
 [0.]
 [0.]
 [0.]
 [0.]
 [0.]
 [0.]
 [0.]
 [0.]
 [0.]
 [0.]
 [0.]
 [0.]
 [0.]
 [0.]
 [0.]
 [0.]
 [0.]
 [0.]
 [0.]
 [0.]]
CG: [[10.]
 [10.]
 [10.]
 [10.]
 [10.]
 [10.]
 [10.]
 [10.]
 [10.]
 [10.]
 [10.]
 [10.]
 [10.]
 [10.]
 [10.]
 [10.]
 [10.]
 [10.]
 [10.]
 [10.]
 [10.]
 [10.]
 [10.]
 [10.]
 [10.]
 [10.]
 [10.]
 [10.]
 [10.]
 [10.]
 [10.]
 [10.]
 [10.]
 [10.]
 [10.]
 [10.]
 [10.]
 [10.]
 [10.]
 [10.]
 [10.]
 [10.]
 [10.]
 [10.]
 [10.]
 [10.]
 [10.]
 [10.]
 [10.]
 [10.]
 [10.]
 [10.]
 [10.]
 [10.]
 [10.]
 [10.]
 [10.]
 [10.]
 [10.]
 [10.]
 [10.]
 [10.]
 [10.]
 [10.]
 [10.]
 [10.]
 [10.]
 [10.]
 [10.]
 [10.]
 [10.]
 [10.]
 [10.]
 [10.]
 [10.]
 [10.]
 [10.]
 [10.]
 [10.]
 [10.]
 [10.]
 [10.]
 [10.]
 [10.]
 [10.]
 [10.]
 [10.]
 [10.]
 [10.]
 [10.]
 [10.]
 [10.]
 [10.]
 [10.]
 [10.]
 [10.]
 [10.]
 [10.]
 [10.]
 [10.]]
RG: [[500.]
 [500.]
 [500.]
 [500.]
 [500.]
 [500.]
 [500.]
 [500.]
 [500.]
 [500.]
 [500.]
 [500.]
 [500.]
 [500.]
 [500.]
 [500.]
 [500.]
 [500.]
 [500.]
 [500.]
 [500.]
 [500.]
 [500.]
 [500.]
 [500.]
 [500.]
 [500.]
 [500.]
 [500.]
 [500.]
 [500.]
 [500.]
 [500.]
 [500.]
 [500.]
 [500.]
 [500.]
 [500.]
 [500.]
 [500.]
 [500.]
 [500.]
 [500.]
 [500.]
 [500.]
 [500.]
 [500.]
 [500.]
 [500.]
 [500.]
 [500.]
 [500.]
 [500.]
 [500.]
 [500.]
 [500.]
 [500.]
 [500.]
 [500.]
 [500.]
 [500.]
 [500.]
 [500.]
 [500.]
 [500.]
 [500.]
 [500.]
 [500.]
 [500.]
 [500.]
 [500.]
 [500.]
 [500.]
 [500.]
 [500.]
 [500.]
 [500.]
 [500.]
 [500.]
 [500.]
 [500.]
 [500.]
 [500.]
 [500.]
 [500.]
 [500.]
 [500.]
 [500.]
 [500.]
 [500.]
 [500.]
 [500.]
 [500.]
 [500.]
 [500.]
 [500.]
 [500.]
 [500.]
 [500.]
 [500.]]
Ch: [[1.94901871 1.07805953 1.1805329  1.61895305 1.78287144 2.55456548
  2.51486651 2.2218278  1.02485335 2.88041849 1.10509982]
 [1.31393515 1.52638672 2.91173798 2.17986495 1.06070126 2.04734583
  2.63523718 2.61281612 1.86111544 2.18403372 1.75828905]
 [1.25675201 1.29068747 2.83381306 1.30006856 1.61420513 1.08355652
  1.27859873 1.08106819 1.29420124 1.6251212  2.30970485]
 [1.71399533 1.95685388 1.81092738 1.00884516 1.13460815 1.38238488
  1.30968999 2.03583342 2.30928706 1.36152454 2.53939792]
 [2.05089972 2.92310673 1.49754932 2.81344393 2.63195146 1.14403142
  1.50660857 1.69133467 1.0238433  2.08333048 1.68250148]
 [1.47389075 1.43090835 2.94337148 1.32299669 1.37075191 1.61827008
  1.03383238 1.56194266 1.26417212 1.29084458 1.74314771]
 [1.16958946 2.60326152 1.57923413 1.63999454 1.66724533 1.21790342
  2.37678738 1.69344446 2.72744837 1.41727636 1.12488493]
 [2.49519817 1.9858992  1.6911413  2.42599056 2.67024383 2.41401892
  1.51672637 2.72522572 1.53265847 2.88941301 1.3673679 ]
 [1.08752738 2.89093837 1.72018696 2.2161729  2.35617908 1.17761491
  1.66973069 1.51896469 1.66342501 2.62828248 1.58156123]
 [2.19418234 1.06642771 1.94058289 1.91248535 1.8892963  2.58896871
  2.6925581  1.93053618 2.94726104 2.02875101 1.22266765]]
Cv: [[0.         0.         0.         0.         0.         0.
  0.         0.         0.         0.        ]
 [1.02227948 1.49132153 2.46041837 1.0078057  2.9791736  1.18087463
  2.64274549 1.93404515 2.802727   1.82073478]
 [2.32446123 2.28767068 1.00324441 1.06404281 2.70667556 1.73712525
  1.65825399 1.91214488 1.37142128 2.23911107]
 [1.88616609 2.41212812 2.01104986 1.87987103 2.83016178 1.86824062
  1.19282247 2.95557428 1.42495412 2.07166157]
 [1.14497669 2.15212638 1.68942257 1.03987169 1.53086284 1.45740297
  1.62272133 2.5150372  1.91338142 1.75460516]
 [1.80086851 2.41585458 2.00705385 2.54393975 1.76295733 1.5819879
  1.14717246 2.29441218 1.69467868 1.78296879]
 [1.24859758 1.2836915  2.86448957 1.37205989 2.83950426 2.84207142
  1.00678865 2.48684541 1.05733318 1.80864091]
 [2.50217234 1.78682386 1.18301623 2.45108403 2.44388554 2.78379303
  1.09539755 1.14597686 2.71338565 1.04984737]
 [1.49907494 2.3737472  1.10080199 1.02466963 1.11093027 1.0510348
  2.06540814 1.81115385 1.99650431 1.27951454]
 [1.76629465 1.04727698 1.50080358 2.10531934 1.18100144 2.42671559
  2.91435499 1.18173656 1.05486267 2.34264438]]
Rh: [[ 4.95843469  1.60196359 14.25365982  4.38920994  1.28621544  8.50943731
  14.16416106  5.06672184  2.32069449 10.97981524 17.5649903 ]
 [ 2.01757809  5.34879793 10.71346672  9.89614371  1.11777241  9.35193429
  17.91673189  3.53351796 14.34529102  4.76431755  5.6890149 ]
 [ 5.13730519 17.68124067 16.48584076  3.52342881  2.33628559 15.83662246
   7.46776667  4.03957523 13.8378321  10.78950293 10.21278798]
 [ 2.96929455  1.52378732  1.17136129  5.01035718  7.20474208  4.1435982
  10.10497838  2.27599744  5.84371097 11.18847214  8.33365372]
 [ 2.15154237  1.49105616  9.85815645  2.37094642  3.87486876  2.81689994
  13.91888188 10.4738168   3.03841997  2.14520072  4.31475788]
 [ 2.03342718  8.90357584  7.43587322  5.2092751  11.61518159 15.78060166
   1.66090249 16.236842   10.04433954  7.66235459  1.30140315]
 [14.69790614  9.82183906 14.16115444  6.1002683  13.28574473  1.12158432
  16.73736593  2.22959439  6.62661873 17.72926142  2.43227237]
 [ 1.17798758  7.8874599   1.78861781  4.69769474  7.51194425  3.52877299
   2.24369394  8.27554221  5.90164781  3.16811884  1.85949494]
 [ 1.91545949  6.46682573  7.86577793 14.42439468 15.16566415  8.99154337
   3.82528693  1.25645129  4.67284951  1.7772564  12.09737838]
 [17.41299877  1.54233293  1.393145   10.99703566 14.20671126  9.24588664
   5.56249202 14.33170911  3.75404499  1.78808393  1.32131174]]
Rv: [[13.10483452  5.09409615  6.3910157  18.63783737  1.22879301  4.84410036
   1.28296309  4.90104594  1.88439702  1.00833042]
 [ 1.30602603  5.45109225  1.32763299  2.19500118  7.81449755  8.88584906
   3.61021774  5.84768963  2.00871914 16.71438902]
 [12.8144383   6.06512538  3.61417282  3.97779189 18.02043513 16.02068712
   7.56958551 16.83320273  6.97406596  4.08728201]
 [ 9.47559987 12.17605769  1.02420648  7.35043304 11.94342092 14.07352109
   8.28020267  1.05656632  2.17854048  1.40657224]
 [ 7.38981105  1.69298306  2.32574196 10.37445068  1.96606629  8.8891255
   5.63997297  6.84583696  6.35879867  2.6176326 ]
 [ 7.73224744  9.24859398  1.52418024  3.11659262  2.70233116  2.87632484
  13.00752422  4.28228898  7.3130188   2.04341122]
 [ 3.64783444  1.97317616  4.18239823  4.62953975  8.78683785  9.23683362
   9.87423653  8.54297789  9.72204026  1.62467788]
 [ 2.81242809 14.52989814  1.69434357  1.46637536 18.47579287 12.52227682
  14.82269078 18.3384013   8.58360039  7.30505813]
 [ 1.03414618 14.44022042  2.02496999 11.42737017  5.73006888  1.84360144
   2.58652815  2.17870842 10.93954073  4.09036116]]