-------Running parameters--------
T = 0.0
temperature_gradient = 0.0
gap = 0
M = 10
N = 10
VR = 0.0
Vmin = 0.0
Vmax = 1.1
vStep = 0.001
vSym = True
repeats = 20
fileName = array_10_10_disorder_c_std_0.5_run_3
dist = exp
fullOutput = True
use_graph = False
current_map = True
plot_current_map = False
plot_binary_current_map = False
frame_norm = False
dbg = False
resume = False
sc = False
leaping = False
constQ = False
modifyR = False
double_time = False
double_loop = False
output_folder = bgu_2d_array_higher_resolution
params_path = 
VG_avg = 0.0
VG_std = 0.0
C_avg = 2.0
C_std = 0.5
CG_avg = 10.0
CG_std = 0.0
R_avg = 10.0
R_std = 9.0
custom_rh = ""
custom_rv = ""
custom_ch = ""
custom_cv = ""
RG_avg = 500.0
RG_std = 0.0
n0_avg = 0.0
n0_std = 0.0
Q0_avg = 0.0
Q0_std = 0.0
----Array Parameters-----
Rows: 10
Columns: 10
VG: [[0.]
 [0.]
 [0.]
 [0.]
 [0.]
 [0.]
 [0.]
 [0.]
 [0.]
 [0.]
 [0.]
 [0.]
 [0.]
 [0.]
 [0.]
 [0.]
 [0.]
 [0.]
 [0.]
 [0.]
 [0.]
 [0.]
 [0.]
 [0.]
 [0.]
 [0.]
 [0.]
 [0.]
 [0.]
 [0.]
 [0.]
 [0.]
 [0.]
 [0.]
 [0.]
 [0.]
 [0.]
 [0.]
 [0.]
 [0.]
 [0.]
 [0.]
 [0.]
 [0.]
 [0.]
 [0.]
 [0.]
 [0.]
 [0.]
 [0.]
 [0.]
 [0.]
 [0.]
 [0.]
 [0.]
 [0.]
 [0.]
 [0.]
 [0.]
 [0.]
 [0.]
 [0.]
 [0.]
 [0.]
 [0.]
 [0.]
 [0.]
 [0.]
 [0.]
 [0.]
 [0.]
 [0.]
 [0.]
 [0.]
 [0.]
 [0.]
 [0.]
 [0.]
 [0.]
 [0.]
 [0.]
 [0.]
 [0.]
 [0.]
 [0.]
 [0.]
 [0.]
 [0.]
 [0.]
 [0.]
 [0.]
 [0.]
 [0.]
 [0.]
 [0.]
 [0.]
 [0.]
 [0.]
 [0.]
 [0.]]
CG: [[10.]
 [10.]
 [10.]
 [10.]
 [10.]
 [10.]
 [10.]
 [10.]
 [10.]
 [10.]
 [10.]
 [10.]
 [10.]
 [10.]
 [10.]
 [10.]
 [10.]
 [10.]
 [10.]
 [10.]
 [10.]
 [10.]
 [10.]
 [10.]
 [10.]
 [10.]
 [10.]
 [10.]
 [10.]
 [10.]
 [10.]
 [10.]
 [10.]
 [10.]
 [10.]
 [10.]
 [10.]
 [10.]
 [10.]
 [10.]
 [10.]
 [10.]
 [10.]
 [10.]
 [10.]
 [10.]
 [10.]
 [10.]
 [10.]
 [10.]
 [10.]
 [10.]
 [10.]
 [10.]
 [10.]
 [10.]
 [10.]
 [10.]
 [10.]
 [10.]
 [10.]
 [10.]
 [10.]
 [10.]
 [10.]
 [10.]
 [10.]
 [10.]
 [10.]
 [10.]
 [10.]
 [10.]
 [10.]
 [10.]
 [10.]
 [10.]
 [10.]
 [10.]
 [10.]
 [10.]
 [10.]
 [10.]
 [10.]
 [10.]
 [10.]
 [10.]
 [10.]
 [10.]
 [10.]
 [10.]
 [10.]
 [10.]
 [10.]
 [10.]
 [10.]
 [10.]
 [10.]
 [10.]
 [10.]
 [10.]]
RG: [[500.]
 [500.]
 [500.]
 [500.]
 [500.]
 [500.]
 [500.]
 [500.]
 [500.]
 [500.]
 [500.]
 [500.]
 [500.]
 [500.]
 [500.]
 [500.]
 [500.]
 [500.]
 [500.]
 [500.]
 [500.]
 [500.]
 [500.]
 [500.]
 [500.]
 [500.]
 [500.]
 [500.]
 [500.]
 [500.]
 [500.]
 [500.]
 [500.]
 [500.]
 [500.]
 [500.]
 [500.]
 [500.]
 [500.]
 [500.]
 [500.]
 [500.]
 [500.]
 [500.]
 [500.]
 [500.]
 [500.]
 [500.]
 [500.]
 [500.]
 [500.]
 [500.]
 [500.]
 [500.]
 [500.]
 [500.]
 [500.]
 [500.]
 [500.]
 [500.]
 [500.]
 [500.]
 [500.]
 [500.]
 [500.]
 [500.]
 [500.]
 [500.]
 [500.]
 [500.]
 [500.]
 [500.]
 [500.]
 [500.]
 [500.]
 [500.]
 [500.]
 [500.]
 [500.]
 [500.]
 [500.]
 [500.]
 [500.]
 [500.]
 [500.]
 [500.]
 [500.]
 [500.]
 [500.]
 [500.]
 [500.]
 [500.]
 [500.]
 [500.]
 [500.]
 [500.]
 [500.]
 [500.]
 [500.]
 [500.]]
Ch: [[2.40822466 1.9803567  1.81491192 2.17024076 2.06905938 2.01653103
  2.04235686 1.65844011 2.28960489 2.12155856 2.13539734]
 [2.11562029 2.44764781 1.74478313 1.96198758 1.51563688 1.57226502
  2.07042369 1.92489852 1.82927113 1.53655068 2.34182947]
 [1.97362813 1.91269065 1.93839784 2.32483698 2.08561889 1.64551607
  2.01275753 2.05996039 1.85270142 1.74782512 1.74970394]
 [2.01165552 1.52582062 1.98403942 2.22491441 2.31379342 2.10508572
  2.26273019 2.33522281 2.1125676  2.40866957 1.50220128]
 [2.06692213 2.14348963 2.05812541 1.91245696 2.26134413 2.00954092
  2.01274895 1.96989417 1.59418654 2.32026909 2.28555238]
 [1.66326125 2.36285898 1.92631285 2.30000423 2.46424841 2.47631768
  1.86685377 2.17510481 1.70626012 2.04840499 1.89530754]
 [2.07362194 1.85991109 2.12934862 2.09369174 2.4510815  1.97031551
  2.17777848 2.15343419 1.82580156 1.87862704 1.52652005]
 [2.05422813 1.71114432 1.85591285 1.7565459  1.68883035 2.44772892
  2.43456361 1.81542459 2.18030385 2.01483534 1.75406244]
 [1.55152102 1.88948885 1.55559146 2.07694582 1.58355989 2.23053734
  1.67679424 1.6426018  2.07306024 2.03852425 1.97662511]
 [1.95261615 2.38307405 2.44653187 1.6106491  2.02053582 2.06815805
  1.83523426 2.03417011 1.78693232 1.79531058 2.19094922]]
Cv: [[0.         0.         0.         0.         0.         0.
  0.         0.         0.         0.        ]
 [2.31160866 1.55003566 1.85961085 2.17797493 1.92608913 1.85958381
  1.75177931 2.33226444 1.76550772 1.70579584]
 [1.81289203 2.31727373 2.45696773 2.21481972 2.11516638 2.18075315
  1.75771832 2.22289315 2.16412238 2.47485381]
 [2.38773757 2.08916897 2.14832139 2.07950259 1.68571957 1.70541365
  2.27285584 1.8354118  2.01118059 2.09690157]
 [1.86722837 1.56477946 2.06197587 2.35319336 2.2359331  2.25717301
  2.34366011 2.36412164 2.472427   1.97734559]
 [2.20061778 1.68451609 1.53083781 2.32007796 1.75149969 1.78852704
  2.0255698  1.75632096 1.59741037 1.63220763]
 [2.1559745  1.54673698 1.60538829 1.95499297 1.53701879 1.57967209
  2.29331903 1.62222192 2.30912032 2.39732124]
 [2.06267326 2.00899344 2.02621782 1.87468476 2.28366756 2.17852338
  1.55216875 2.14492426 2.3779199  2.20735088]
 [2.23912399 2.2186403  2.09813941 2.31533667 1.72521094 1.52465879
  1.61516824 2.06661507 2.01211563 1.51530684]
 [2.15392661 1.86105212 1.86525423 2.49265885 1.95348268 1.7776517
  1.59003779 1.90541277 1.94203196 1.81808837]]
Rh: [[ 1.11756997  3.09731941  3.36331409  2.39702588  3.02758005  6.35865976
   2.55899198  8.45827649  7.91558921  1.79088896  2.70032071]
 [ 2.59823437  6.86528615  8.01588337  5.67481744  8.49489813  8.62439393
  10.63242392 11.48440861 10.52743911  3.64366418  9.39708636]
 [ 4.061788    2.470513    3.98743178  8.09873961  2.06525643  4.76927829
  14.53130429 11.49650647  2.75513186  8.70902521  1.27548215]
 [ 1.39016528  3.40827143  5.3369717   2.0324766   8.5780881  15.25053587
   1.55570841  3.83151608  1.35405042  1.97759528 18.29692189]
 [ 1.4990514   3.42376012  5.63654842  3.93103887  1.13684818  1.31424066
  17.01115805  4.67746026 17.90071181  7.11164237 11.52812301]
 [ 8.0837948  11.50436404  1.75364993  7.32172908  3.02846953 17.66149203
   2.20734538  1.85359974 10.88924784 15.99585589  1.17379201]
 [10.96308901 12.58092938  7.53674583 13.48640668  8.14556653  8.09389609
   3.78020946 12.86841875  6.38275694  7.66342826  4.36158305]
 [14.75518075 16.56533636  3.20001278  8.03583535  7.30302102  3.15003458
   6.7057794   7.85820774  2.1861355   9.98764564 15.3594701 ]
 [ 4.86588909  2.52657516 11.21794915  1.71872532  9.89638942 10.0937339
  17.26402348 17.44759953  1.88215333  1.91917841  7.91196416]
 [ 9.12450044 11.04100464 13.91605329  1.51766495  2.63391744 10.81981944
   3.57721887  3.20368007  1.46961995  3.88856581  2.64966838]]
Rv: [[ 1.50004001 16.85608671  1.05076899  1.49041945  3.34382242  1.31327321
   1.32415202 15.08005587  4.53505455  1.38821955]
 [15.63126058  1.43160888  1.56746809  1.12993132  7.98685627  5.97194945
  14.7289142   2.88130101  1.73546908  1.16712115]
 [ 3.22248942  7.65916709  2.63812029  3.88814086 12.65514416 13.46022744
   2.7232711   1.22157044  7.64609183  1.64599146]
 [ 1.36808096  7.27799122  6.19506647  1.85383562  5.27529633  8.77313989
   8.40126026 14.0092815   7.04268165  1.58713725]
 [ 4.61614037 15.73290349  3.52194573  3.78055604  9.15495032  1.14940639
  18.15151185  1.03648764  5.09454451  2.05214393]
 [10.74391072  3.32025063 17.04472235  1.30029284 11.24386474  9.16786014
   1.62340066  6.36270372  2.87140802  5.45273866]
 [ 1.18916453  4.2491596   1.37671826  1.95787889 12.0000696   3.34176342
   2.02547782  1.3474662   1.48273226  4.74067254]
 [ 1.14395804  1.00479664  2.36713831  5.4244627   1.07532747  3.80116106
   4.6281541   1.51531777  1.47759787  2.70740149]
 [ 6.17034956  4.61558269  1.08654152  7.21874486  3.9915321   2.08393974
   1.33020041  9.01532356  6.15874121  8.29791049]]