-------Running parameters--------
T = 0.001
temperature_gradient = 0.0
gap = 0.0
M = 15
N = 5
VR = 0.0
Vmin = 0.0
Vmax = 0.7
vStep = 0.001
vSym = True
repeats = 50
fileName = array_5_15_disorder_c_std_1.5_r_std_9_run_9
dist = exp
fullOutput = True
use_graph = False
current_map = True
plot_current_map = False
plot_binary_current_map = False
frame_norm = False
dbg = False
resume = False
sc = False
leaping = False
constQ = False
modifyR = False
double_time = False
double_loop = False
output_folder = bgu_2d_narrow_arrays
params_path = 
VG_avg = 0.0
VG_std = 0.0
C_avg = 2.0
C_std = 1.5
CG_avg = 10.0
CG_std = 0.0
R_avg = 10.0
R_std = 9.0
custom_rh = ""
custom_rv = ""
custom_ch = ""
custom_cv = ""
RG_avg = 500.0
RG_std = 0.0
n0_avg = 0.0
n0_std = 0.0
Q0_avg = 0.0
Q0_std = 0.0
----Array Parameters-----
Rows: 15
Columns: 5
VG: [[0.]
 [0.]
 [0.]
 [0.]
 [0.]
 [0.]
 [0.]
 [0.]
 [0.]
 [0.]
 [0.]
 [0.]
 [0.]
 [0.]
 [0.]
 [0.]
 [0.]
 [0.]
 [0.]
 [0.]
 [0.]
 [0.]
 [0.]
 [0.]
 [0.]
 [0.]
 [0.]
 [0.]
 [0.]
 [0.]
 [0.]
 [0.]
 [0.]
 [0.]
 [0.]
 [0.]
 [0.]
 [0.]
 [0.]
 [0.]
 [0.]
 [0.]
 [0.]
 [0.]
 [0.]
 [0.]
 [0.]
 [0.]
 [0.]
 [0.]
 [0.]
 [0.]
 [0.]
 [0.]
 [0.]
 [0.]
 [0.]
 [0.]
 [0.]
 [0.]
 [0.]
 [0.]
 [0.]
 [0.]
 [0.]
 [0.]
 [0.]
 [0.]
 [0.]
 [0.]
 [0.]
 [0.]
 [0.]
 [0.]
 [0.]]
CG: [[10.]
 [10.]
 [10.]
 [10.]
 [10.]
 [10.]
 [10.]
 [10.]
 [10.]
 [10.]
 [10.]
 [10.]
 [10.]
 [10.]
 [10.]
 [10.]
 [10.]
 [10.]
 [10.]
 [10.]
 [10.]
 [10.]
 [10.]
 [10.]
 [10.]
 [10.]
 [10.]
 [10.]
 [10.]
 [10.]
 [10.]
 [10.]
 [10.]
 [10.]
 [10.]
 [10.]
 [10.]
 [10.]
 [10.]
 [10.]
 [10.]
 [10.]
 [10.]
 [10.]
 [10.]
 [10.]
 [10.]
 [10.]
 [10.]
 [10.]
 [10.]
 [10.]
 [10.]
 [10.]
 [10.]
 [10.]
 [10.]
 [10.]
 [10.]
 [10.]
 [10.]
 [10.]
 [10.]
 [10.]
 [10.]
 [10.]
 [10.]
 [10.]
 [10.]
 [10.]
 [10.]
 [10.]
 [10.]
 [10.]
 [10.]]
RG: [[500.]
 [500.]
 [500.]
 [500.]
 [500.]
 [500.]
 [500.]
 [500.]
 [500.]
 [500.]
 [500.]
 [500.]
 [500.]
 [500.]
 [500.]
 [500.]
 [500.]
 [500.]
 [500.]
 [500.]
 [500.]
 [500.]
 [500.]
 [500.]
 [500.]
 [500.]
 [500.]
 [500.]
 [500.]
 [500.]
 [500.]
 [500.]
 [500.]
 [500.]
 [500.]
 [500.]
 [500.]
 [500.]
 [500.]
 [500.]
 [500.]
 [500.]
 [500.]
 [500.]
 [500.]
 [500.]
 [500.]
 [500.]
 [500.]
 [500.]
 [500.]
 [500.]
 [500.]
 [500.]
 [500.]
 [500.]
 [500.]
 [500.]
 [500.]
 [500.]
 [500.]
 [500.]
 [500.]
 [500.]
 [500.]
 [500.]
 [500.]
 [500.]
 [500.]
 [500.]
 [500.]
 [500.]
 [500.]
 [500.]
 [500.]]
Ch: [[1.49620242 0.75441353 2.06659081 0.83261902 0.55210816 1.37472282]
 [1.22613898 1.00082835 1.29669843 0.78434869 2.16232889 1.45913014]
 [0.50432588 3.42848413 1.13705039 1.59181409 2.28810215 1.68898247]
 [1.21753959 1.2926071  1.78762334 2.16783479 0.7453595  1.75330936]
 [0.7401416  0.5550802  0.68427276 2.86269745 0.53021409 1.77241344]
 [0.54183472 1.55345083 0.76112576 1.44703318 1.11629411 0.52118144]
 [1.9060349  2.48277553 1.45654579 1.62772629 2.76503234 3.47711178]
 [3.14295417 2.1891564  1.03022968 1.63563177 1.14125461 2.51095559]
 [1.53127823 3.18723199 1.3380022  0.93369321 0.66021538 0.82668085]
 [1.19182995 1.45063426 0.60612561 0.61187064 2.14790257 1.25937006]
 [0.79593115 1.34665616 3.33388378 0.97552475 0.60445412 0.91399165]
 [1.24790366 2.4042091  3.32779562 1.59887512 2.86894182 1.47769047]
 [0.96486846 1.19946726 0.8005017  1.12164409 2.65718037 1.64058277]
 [0.93449331 2.32159251 0.69354351 3.47565306 1.24045593 1.39655806]
 [3.17470584 2.09739617 1.0606606  0.51979598 1.13462653 1.47179761]]
Cv: [[0.         0.         0.         0.         0.        ]
 [0.82730567 1.045112   2.99602162 1.38098442 1.8749756 ]
 [1.32028117 0.83803627 2.53336423 1.89849885 2.44336553]
 [0.87916757 2.73948299 2.83206802 0.52188009 0.97954612]
 [0.70693042 0.52573151 2.82909018 0.59761154 1.33992354]
 [0.75861373 2.30342451 1.20601213 0.63125883 2.3649228 ]
 [2.79728083 1.65832279 0.90954959 1.61252503 0.53039755]
 [0.58173022 1.00045978 0.77060966 1.95400594 1.26346642]
 [2.1596787  1.10788112 2.85091841 2.04300441 0.62537623]
 [2.09021833 3.09369654 0.626196   0.96835361 2.2897583 ]
 [0.53740195 2.09662316 0.70186845 2.95994615 1.33015552]
 [1.23073593 0.53870345 2.81453081 0.889653   1.3576424 ]
 [1.2105293  1.81942578 0.78183349 2.13227071 2.68023091]
 [1.2066639  1.01465917 3.13176689 3.08398352 0.76986446]
 [2.85556144 1.12582393 3.29965087 1.75453947 2.60454283]]
Rh: [[ 5.20295988  1.56731132  1.05975034  2.98762316 14.93521305  7.3258459 ]
 [ 3.11119531  8.18343676 12.94308052 15.84802105  8.24942557  3.71013147]
 [ 2.35138058 16.33727    10.90641923  6.76906224  1.72304072  4.05964584]
 [18.72928658  2.37503859 13.90853061  6.24083818  6.84307301  4.65184663]
 [ 7.43837093  5.0444672   6.36584399  9.43093238  2.01611396  1.5293839 ]
 [ 2.25537638  1.83342084 12.73445931  2.74946936  2.8945366   1.80676916]
 [ 1.46034107  8.54966488 15.59886747  5.21036266  1.93112642  3.92081052]
 [ 3.09520996 14.41378762 10.24358647  2.72516915  5.51245081 12.79716807]
 [14.5765314   1.35235471  7.01160142  1.95200551 18.85158937  6.56017623]
 [ 8.57196793  1.79966116  2.04143087  1.73527585 13.84661328  8.69056759]
 [12.79730298  1.00025812  6.42763321  1.10471587  1.160623    3.12955153]
 [ 4.98511336  3.50621997  2.82915602 10.5315639  11.7119316   3.07681032]
 [12.92677636  9.00723801  2.19201447  1.43540886  1.11098507 10.23561223]
 [ 1.53670723  5.56165096  1.23262711  1.59025958 10.12145436 12.51120247]
 [ 9.33274779  2.56690327  2.16560501  5.41430977  4.20905854  2.75904099]]
Rv: [[ 2.36041212  2.20824557  7.0986723   1.80567619  6.59237494]
 [ 4.70826728 12.14141845  2.73201396  3.56947949 11.58519247]
 [ 4.24455583  1.15235665  1.35351077 15.20414399  1.21608846]
 [ 1.30262521 14.86198648  4.78635849  6.64787478  5.03813105]
 [ 1.61851261  5.06792821  8.13231639  8.29689131  2.86469419]
 [ 3.29493297  5.59729365  3.15378873  3.8809825   2.3142964 ]
 [15.45386941  5.58344574  6.25825648  9.99235282  1.71000608]
 [17.35468986  9.46282115  7.22912203 13.37315127 13.48101361]
 [ 4.8339532   1.86629054  1.79821736  1.07977327  1.85081879]
 [ 2.74002741  7.73462445  2.3718385  12.27631823 18.11604392]
 [ 3.43513703  8.37248027  4.68548746  5.06915281  3.15689897]
 [ 2.50503003  8.25762135  1.01607427  4.72833372  1.33837533]
 [ 1.05560551 12.42083584  2.3070846   8.43842322 11.2126937 ]
 [ 3.60017323 15.16892193  4.4331585  14.88550818 14.52060382]]