-------Running parameters--------
T = 0.001
temperature_gradient = 0.0
gap = 0.0
M = 15
N = 5
VR = 0.0
Vmin = 0.0
Vmax = 0.7
vStep = 0.001
vSym = True
repeats = 50
fileName = array_5_15_disorder_c_std_0.5_r_std_9_run_6
dist = exp
fullOutput = True
use_graph = False
current_map = True
plot_current_map = False
plot_binary_current_map = False
frame_norm = False
dbg = False
resume = False
sc = False
leaping = False
constQ = False
modifyR = False
double_time = False
double_loop = False
output_folder = bgu_2d_narrow_arrays
params_path = 
VG_avg = 0.0
VG_std = 0.0
C_avg = 2.0
C_std = 0.5
CG_avg = 10.0
CG_std = 0.0
R_avg = 10.0
R_std = 9.0
custom_rh = ""
custom_rv = ""
custom_ch = ""
custom_cv = ""
RG_avg = 500.0
RG_std = 0.0
n0_avg = 0.0
n0_std = 0.0
Q0_avg = 0.0
Q0_std = 0.0
----Array Parameters-----
Rows: 15
Columns: 5
VG: [[0.]
 [0.]
 [0.]
 [0.]
 [0.]
 [0.]
 [0.]
 [0.]
 [0.]
 [0.]
 [0.]
 [0.]
 [0.]
 [0.]
 [0.]
 [0.]
 [0.]
 [0.]
 [0.]
 [0.]
 [0.]
 [0.]
 [0.]
 [0.]
 [0.]
 [0.]
 [0.]
 [0.]
 [0.]
 [0.]
 [0.]
 [0.]
 [0.]
 [0.]
 [0.]
 [0.]
 [0.]
 [0.]
 [0.]
 [0.]
 [0.]
 [0.]
 [0.]
 [0.]
 [0.]
 [0.]
 [0.]
 [0.]
 [0.]
 [0.]
 [0.]
 [0.]
 [0.]
 [0.]
 [0.]
 [0.]
 [0.]
 [0.]
 [0.]
 [0.]
 [0.]
 [0.]
 [0.]
 [0.]
 [0.]
 [0.]
 [0.]
 [0.]
 [0.]
 [0.]
 [0.]
 [0.]
 [0.]
 [0.]
 [0.]]
CG: [[10.]
 [10.]
 [10.]
 [10.]
 [10.]
 [10.]
 [10.]
 [10.]
 [10.]
 [10.]
 [10.]
 [10.]
 [10.]
 [10.]
 [10.]
 [10.]
 [10.]
 [10.]
 [10.]
 [10.]
 [10.]
 [10.]
 [10.]
 [10.]
 [10.]
 [10.]
 [10.]
 [10.]
 [10.]
 [10.]
 [10.]
 [10.]
 [10.]
 [10.]
 [10.]
 [10.]
 [10.]
 [10.]
 [10.]
 [10.]
 [10.]
 [10.]
 [10.]
 [10.]
 [10.]
 [10.]
 [10.]
 [10.]
 [10.]
 [10.]
 [10.]
 [10.]
 [10.]
 [10.]
 [10.]
 [10.]
 [10.]
 [10.]
 [10.]
 [10.]
 [10.]
 [10.]
 [10.]
 [10.]
 [10.]
 [10.]
 [10.]
 [10.]
 [10.]
 [10.]
 [10.]
 [10.]
 [10.]
 [10.]
 [10.]]
RG: [[500.]
 [500.]
 [500.]
 [500.]
 [500.]
 [500.]
 [500.]
 [500.]
 [500.]
 [500.]
 [500.]
 [500.]
 [500.]
 [500.]
 [500.]
 [500.]
 [500.]
 [500.]
 [500.]
 [500.]
 [500.]
 [500.]
 [500.]
 [500.]
 [500.]
 [500.]
 [500.]
 [500.]
 [500.]
 [500.]
 [500.]
 [500.]
 [500.]
 [500.]
 [500.]
 [500.]
 [500.]
 [500.]
 [500.]
 [500.]
 [500.]
 [500.]
 [500.]
 [500.]
 [500.]
 [500.]
 [500.]
 [500.]
 [500.]
 [500.]
 [500.]
 [500.]
 [500.]
 [500.]
 [500.]
 [500.]
 [500.]
 [500.]
 [500.]
 [500.]
 [500.]
 [500.]
 [500.]
 [500.]
 [500.]
 [500.]
 [500.]
 [500.]
 [500.]
 [500.]
 [500.]
 [500.]
 [500.]
 [500.]
 [500.]]
Ch: [[2.04027075 2.27216208 2.46583365 2.08154778 1.85862498 1.88341688]
 [1.83950539 2.21711557 2.34480527 1.81347141 1.60577022 2.00066667]
 [2.32740277 1.60728039 2.32467061 2.1521967  1.93401956 1.90855454]
 [1.98690689 2.20897538 1.95150242 1.59259409 1.64805323 1.65028376]
 [2.28943241 1.76387471 1.85143194 2.05648549 2.18877552 1.79169032]
 [1.60182962 1.7583486  1.88397523 1.84922215 2.44237691 2.16432363]
 [1.56018085 1.69737409 1.79962655 1.61146269 1.76619461 1.83512657]
 [2.42788695 2.34406809 1.78468682 2.27511351 1.92040646 1.74585815]
 [2.42913926 2.33794306 2.09257013 2.2193909  2.00452364 2.00165011]
 [1.7638438  1.69255981 1.81874821 2.49275242 1.55669451 1.84925562]
 [1.5390664  1.63137164 2.26932199 1.92575117 2.10291402 1.5551236 ]
 [2.23789408 2.46384906 1.79033144 2.18587936 1.57550393 1.71173729]
 [1.97013001 1.6400324  1.63065722 2.039644   2.02273636 2.10111886]
 [2.25819049 1.67817532 2.39043615 1.69545818 2.46622892 1.85859729]
 [2.33758222 1.75609765 2.32170979 2.29514997 1.81929049 1.7728882 ]]
Cv: [[0.         0.         0.         0.         0.        ]
 [1.51673478 2.00443505 1.50581804 1.79390702 1.69739306]
 [1.6530404  1.67487582 2.34417721 2.1235289  1.62854612]
 [1.50025656 1.96707754 2.2745272  1.54961057 2.09634646]
 [1.9810687  1.8929482  1.56994959 2.01040212 1.577075  ]
 [1.99533512 1.77401295 1.55793435 2.2814031  1.60450921]
 [1.54368436 2.35199867 1.74440291 1.57841398 1.69058683]
 [1.93165385 2.05831148 2.33720474 2.37102106 1.501842  ]
 [1.68802749 1.7925975  1.79706029 2.06830752 1.85697744]
 [2.3859901  1.76371429 1.85736644 1.52496154 2.43655682]
 [2.27084583 2.09994505 1.93536852 2.22667376 1.79632184]
 [1.91695946 1.53397143 2.04355146 2.06603031 2.28295042]
 [2.07920209 1.63687454 1.56710744 2.24524345 1.69387022]
 [2.37091661 2.09152563 1.50398057 2.41703118 1.88444521]
 [2.27298849 1.64150403 2.48714336 1.94515333 1.58724852]]
Rh: [[ 7.65265841  1.15554732  6.78948451  1.32197824  6.15384436 16.16945296]
 [13.94148568  1.12796404 17.44464547  1.02080933  8.69527563  4.94165525]
 [10.07944246  1.04729363  2.07262177  2.67001118  2.3021475   3.91550205]
 [ 1.79053911  3.7045917   7.55847063  2.64072765  8.66901875  1.12871374]
 [ 5.33228757  7.27683791  6.36834672  1.70978829  5.70644333  2.05523965]
 [17.07404714  4.97008282  4.14726212  6.05610749  7.88603491  3.83172741]
 [ 2.64549556  4.68738523 10.24131515  1.25177071  1.03145403  5.53701125]
 [ 1.12297412  1.14809782  5.22472285  3.39528137  4.58353134  1.3884323 ]
 [ 2.00375156  1.1838359   4.6877232   1.15513312  1.22681273 14.53905679]
 [18.24147541  2.6675142   5.20257785  2.18420434  7.65479726  2.69003959]
 [ 5.15135993  5.07450198 13.94242416  1.74251299  9.02354953  4.03012242]
 [ 2.16379902  1.30976548  8.16756829  6.91451093  1.85862067 18.14249157]
 [15.18130469  3.52362167  1.24616685  1.19386667  1.21869896  3.42520087]
 [ 6.31098397  6.16659818  1.48728774  1.11127967  4.49257537  8.13366911]
 [ 1.01335462 17.79455691  4.37062    18.18393138  3.05352566  5.57388343]]
Rv: [[15.28532741  7.32925741  3.89164547  7.49465557  2.20174639]
 [11.0634991   1.71922047 10.81096321 11.78198062  4.4978995 ]
 [11.97613003  2.40223602 16.30800599  1.29982242  2.61188299]
 [ 3.27701188  8.8438801  10.34033436 18.84010721  1.57274316]
 [14.61625167  4.26126741  7.31813715  3.55429414  3.07382932]
 [ 6.69954423  5.92148676  1.59468202  1.29315179  2.10519891]
 [ 1.33679322  3.08885251  4.84338854  6.07037325  1.24156517]
 [ 2.89880751  3.78493806  6.01798614 10.8259823  11.61199027]
 [ 1.07770173  9.97931283  1.95163938  2.56036267  4.04224731]
 [ 6.4539803  14.55597168  2.10156787 12.88968644  2.97006492]
 [17.76988888  5.54804211 10.74787846 11.9191929   3.03756137]
 [11.62214174 10.56225363 15.8749024   5.30543048  3.80822537]
 [ 1.1334914   1.16653763  6.17453144  1.98774     4.28763895]
 [17.57439705  1.54510934 13.01495764  5.94657836  2.0745257 ]]