-------Running parameters--------
T = 0.001
temperature_gradient = 0.0
gap = 0.0
M = 15
N = 5
VR = 0.0
Vmin = 0.0
Vmax = 0.7
vStep = 0.001
vSym = True
repeats = 5
fileName = array_5_15_disorder_c_std_0.1_r_std_9_run_10_high_r_disorder
dist = exp
fullOutput = True
use_graph = False
current_map = True
plot_current_map = False
plot_binary_current_map = False
frame_norm = False
dbg = False
resume = False
sc = False
leaping = False
constQ = False
modifyR = False
double_time = False
double_loop = False
output_folder = bgu_2d_narrow_arrays
params_path = 
VG_avg = 0.0
VG_std = 0.0
C_avg = 2.0
C_std = 0.1
CG_avg = 10.0
CG_std = 0.0
R_avg = 100.0
R_std = 99.0
custom_rh = 
custom_rv = 
custom_ch = [[2.03482361, 2.07382327, 1.94126602, 2.0633732,  2.05602558, 2.056187],[2.09702946, 1.97463047, 1.99791248, 1.90252309, 2.02578513, 1.95776907],[1.92083106, 2.05561933, 1.96083848, 1.94556451, 1.96290115, 1.93288131], [2.07040079, 2.08682224, 1.94152808, 1.91092597, 2.02593219, 2.06111764], [1.92464958, 1.90986773, 2.03592335, 2.04084702, 2.05803033, 2.09800668],[2.05267475, 2.06567619, 2.06759498, 1.91495069,1.96913753,2.06760271], [1.92292365, 2.00491193, 2.02888898, 2.01188507, 1.9149949,  1.91983086], [1.95886235, 2.0532855,  1.98312271, 1.94081027, 1.90610794, 1.94136736], [1.95965339, 1.96207758, 1.97972293, 1.95605185, 2.01166053, 2.06166117], [1.93525766, 1.91876602, 2.02289804, 1.91259132, 2.04282485, 2.00234721],[1.93011435, 2.0084535,  2.0788034,  2.09611514, 2.0459316,  2.05407702], [2.03471383, 1.96613169, 1.95862488, 1.98026851, 2.07601316, 1.97216251], [1.94897058, 2.03493203, 1.99950435, 1.91002221, 2.04416667, 1.98866755], [2.02520171, 2.09906078, 2.08183188, 1.90748124, 2.0180436,  2.08640747], [1.93629393, 1.91497798, 1.94164837, 2.0792374,  1.93259532, 1.92425745]]
custom_cv = [[2.07390292, 1.94684091, 2.02646754, 1.96419182, 1.95742949], [1.91124814, 1.98629862, 1.95292406, 2.07819891, 1.9958354], [1.90129982, 2.08456581, 2.03091292, 1.91817359, 1.95995873], [1.92122243, 2.00346323, 1.95643728, 2.02720897, 2.01690149], [1.98652404, 1.94797498, 1.90416732, 1.97772564, 1.9873047], [1.92185368, 1.99200391, 2.04089642, 2.0345746,  1.90118043], [2.02697679, 1.93980488, 2.09890926, 2.06721468, 2.08339207], [1.95354127, 1.98082292, 1.96954486, 2.08438438, 2.09755196], [2.08491888, 1.99787794, 1.98441624, 2.08504122, 2.0863496], [2.05243703, 1.96401356, 1.9255017, 1.99633889, 1.98754462], [2.00358781, 1.94820063, 1.92976381, 1.91256464, 1.94664065], [2.03968777, 2.01149939, 1.97986435, 2.0652953,  1.98834638], [2.0622122,  1.92432702, 1.92900954, 1.93335986, 2.02732137], [1.94303354, 1.90592959, 2.01562814, 2.01042538, 2.00688243]]
RG_avg = 500.0
RG_std = 0.0
n0_avg = 0.0
n0_std = 0.0
Q0_avg = 0.0
Q0_std = 0.0
----Array Parameters-----
Rows: 15
Columns: 5
VG: [[0.]
 [0.]
 [0.]
 [0.]
 [0.]
 [0.]
 [0.]
 [0.]
 [0.]
 [0.]
 [0.]
 [0.]
 [0.]
 [0.]
 [0.]
 [0.]
 [0.]
 [0.]
 [0.]
 [0.]
 [0.]
 [0.]
 [0.]
 [0.]
 [0.]
 [0.]
 [0.]
 [0.]
 [0.]
 [0.]
 [0.]
 [0.]
 [0.]
 [0.]
 [0.]
 [0.]
 [0.]
 [0.]
 [0.]
 [0.]
 [0.]
 [0.]
 [0.]
 [0.]
 [0.]
 [0.]
 [0.]
 [0.]
 [0.]
 [0.]
 [0.]
 [0.]
 [0.]
 [0.]
 [0.]
 [0.]
 [0.]
 [0.]
 [0.]
 [0.]
 [0.]
 [0.]
 [0.]
 [0.]
 [0.]
 [0.]
 [0.]
 [0.]
 [0.]
 [0.]
 [0.]
 [0.]
 [0.]
 [0.]
 [0.]]
CG: [[10.]
 [10.]
 [10.]
 [10.]
 [10.]
 [10.]
 [10.]
 [10.]
 [10.]
 [10.]
 [10.]
 [10.]
 [10.]
 [10.]
 [10.]
 [10.]
 [10.]
 [10.]
 [10.]
 [10.]
 [10.]
 [10.]
 [10.]
 [10.]
 [10.]
 [10.]
 [10.]
 [10.]
 [10.]
 [10.]
 [10.]
 [10.]
 [10.]
 [10.]
 [10.]
 [10.]
 [10.]
 [10.]
 [10.]
 [10.]
 [10.]
 [10.]
 [10.]
 [10.]
 [10.]
 [10.]
 [10.]
 [10.]
 [10.]
 [10.]
 [10.]
 [10.]
 [10.]
 [10.]
 [10.]
 [10.]
 [10.]
 [10.]
 [10.]
 [10.]
 [10.]
 [10.]
 [10.]
 [10.]
 [10.]
 [10.]
 [10.]
 [10.]
 [10.]
 [10.]
 [10.]
 [10.]
 [10.]
 [10.]
 [10.]]
RG: [[500.]
 [500.]
 [500.]
 [500.]
 [500.]
 [500.]
 [500.]
 [500.]
 [500.]
 [500.]
 [500.]
 [500.]
 [500.]
 [500.]
 [500.]
 [500.]
 [500.]
 [500.]
 [500.]
 [500.]
 [500.]
 [500.]
 [500.]
 [500.]
 [500.]
 [500.]
 [500.]
 [500.]
 [500.]
 [500.]
 [500.]
 [500.]
 [500.]
 [500.]
 [500.]
 [500.]
 [500.]
 [500.]
 [500.]
 [500.]
 [500.]
 [500.]
 [500.]
 [500.]
 [500.]
 [500.]
 [500.]
 [500.]
 [500.]
 [500.]
 [500.]
 [500.]
 [500.]
 [500.]
 [500.]
 [500.]
 [500.]
 [500.]
 [500.]
 [500.]
 [500.]
 [500.]
 [500.]
 [500.]
 [500.]
 [500.]
 [500.]
 [500.]
 [500.]
 [500.]
 [500.]
 [500.]
 [500.]
 [500.]
 [500.]]
Ch: [[2.03482361 2.07382327 1.94126602 2.0633732  2.05602558 2.056187  ]
 [2.09702946 1.97463047 1.99791248 1.90252309 2.02578513 1.95776907]
 [1.92083106 2.05561933 1.96083848 1.94556451 1.96290115 1.93288131]
 [2.07040079 2.08682224 1.94152808 1.91092597 2.02593219 2.06111764]
 [1.92464958 1.90986773 2.03592335 2.04084702 2.05803033 2.09800668]
 [2.05267475 2.06567619 2.06759498 1.91495069 1.96913753 2.06760271]
 [1.92292365 2.00491193 2.02888898 2.01188507 1.9149949  1.91983086]
 [1.95886235 2.0532855  1.98312271 1.94081027 1.90610794 1.94136736]
 [1.95965339 1.96207758 1.97972293 1.95605185 2.01166053 2.06166117]
 [1.93525766 1.91876602 2.02289804 1.91259132 2.04282485 2.00234721]
 [1.93011435 2.0084535  2.0788034  2.09611514 2.0459316  2.05407702]
 [2.03471383 1.96613169 1.95862488 1.98026851 2.07601316 1.97216251]
 [1.94897058 2.03493203 1.99950435 1.91002221 2.04416667 1.98866755]
 [2.02520171 2.09906078 2.08183188 1.90748124 2.0180436  2.08640747]
 [1.93629393 1.91497798 1.94164837 2.0792374  1.93259532 1.92425745]]
Cv: [[0.         0.         0.         0.         0.        ]
 [2.07390292 1.94684091 2.02646754 1.96419182 1.95742949]
 [1.91124814 1.98629862 1.95292406 2.07819891 1.9958354 ]
 [1.90129982 2.08456581 2.03091292 1.91817359 1.95995873]
 [1.92122243 2.00346323 1.95643728 2.02720897 2.01690149]
 [1.98652404 1.94797498 1.90416732 1.97772564 1.9873047 ]
 [1.92185368 1.99200391 2.04089642 2.0345746  1.90118043]
 [2.02697679 1.93980488 2.09890926 2.06721468 2.08339207]
 [1.95354127 1.98082292 1.96954486 2.08438438 2.09755196]
 [2.08491888 1.99787794 1.98441624 2.08504122 2.0863496 ]
 [2.05243703 1.96401356 1.9255017  1.99633889 1.98754462]
 [2.00358781 1.94820063 1.92976381 1.91256464 1.94664065]
 [2.03968777 2.01149939 1.97986435 2.0652953  1.98834638]
 [2.0622122  1.92432702 1.92900954 1.93335986 2.02732137]
 [1.94303354 1.90592959 2.01562814 2.01042538 2.00688243]]
Rh: [[  5.6860624    5.02841196   7.69163262  60.65931041   3.52596738
  138.13956363]
 [ 40.85930644   7.45527149   3.84027114  42.55682316  17.68761293
   10.31640018]
 [ 82.99779336  43.39355841  34.44154577  47.55047088  13.99774805
   25.60074398]
 [  4.41129246   3.32475222   4.1027272    1.16937431  12.57536968
    3.85932317]
 [172.52159699   4.97638341   2.02924529  28.26211122  39.35568572
    5.24442067]
 [  1.64977214   1.21863912  10.84767512 126.98273747 158.26526835
    5.73078607]
 [  3.634117     9.12945686  14.70668596  46.33065186   1.22350406
    2.01077428]
 [ 14.93618834  59.29884693   1.5236102   24.10029669   1.53336642
   47.91994195]
 [ 15.87703788   2.97664525  33.12648608 152.63256572  25.12474631
   16.26602182]
 [ 17.39431843   2.82679492  10.2316178   31.51299684  23.08332275
   16.24278271]
 [ 58.65103315   1.89983328   1.30728919  22.19668309  21.34406627
  158.32596201]
 [  8.08239014  71.09722862  71.57387256   2.71801249  18.5553727
    2.14044269]
 [ 10.06735252   1.93882511  13.22640259  26.47883341  13.45512565
   20.89850947]
 [ 28.75652632   6.96253759   1.55958041 100.03718401   2.71390175
   10.43313752]
 [ 62.67314116   7.64892613   2.85961945  91.60293735 171.29758608
  118.58951139]]
Rv: [[180.05873772 192.52269048 175.23516364  23.40146507  42.13858064]
 [ 46.63009872   1.65794972 184.44465047  51.86015214   1.85478665]
 [  6.09967268  10.97132786  75.37347987   2.35197148  35.22818154]
 [ 37.17744529 184.4058703   10.53916487   5.57376176   3.69691063]
 [ 44.07488134   2.50241504   1.22592694 147.0966054  182.62878608]
 [  8.67820689  22.54501995 114.6608431   64.65182983   1.30961038]
 [  6.43064072 151.3088071    4.77349425 112.37662108  29.17468216]
 [ 88.84923812  76.15804086   4.42044723 159.48481125  56.0112374 ]
 [167.01382933  43.96613679  63.46532638   9.76311195  60.61320793]
 [  8.35489751  36.69802579  29.41643727   9.49459446  37.30433805]
 [ 41.45000916 135.30200957  13.9624883    5.93793959 144.19680589]
 [ 95.89384403   2.22094672  28.8708692   22.69954089   1.31030393]
 [ 27.64913773   3.08678504   2.76735087 110.84031141  48.78868663]
 [  2.00772257  25.8569807    1.4902034    2.28046499  43.10650086]]