-------Running parameters--------
T = 0.001
temperature_gradient = 0.0
gap = 0.0
M = 15
N = 5
VR = 0.0
Vmin = 0.0
Vmax = 0.7
vStep = 0.001
vSym = True
repeats = 50
fileName = array_5_15_disorder_c_std_0.5_r_std_9_run_5
dist = exp
fullOutput = True
use_graph = False
current_map = True
plot_current_map = False
plot_binary_current_map = False
frame_norm = False
dbg = False
resume = False
sc = False
leaping = False
constQ = False
modifyR = False
double_time = False
double_loop = False
output_folder = bgu_2d_narrow_arrays
params_path = 
VG_avg = 0.0
VG_std = 0.0
C_avg = 2.0
C_std = 0.5
CG_avg = 10.0
CG_std = 0.0
R_avg = 10.0
R_std = 9.0
custom_rh = ""
custom_rv = ""
custom_ch = ""
custom_cv = ""
RG_avg = 500.0
RG_std = 0.0
n0_avg = 0.0
n0_std = 0.0
Q0_avg = 0.0
Q0_std = 0.0
----Array Parameters-----
Rows: 15
Columns: 5
VG: [[0.]
 [0.]
 [0.]
 [0.]
 [0.]
 [0.]
 [0.]
 [0.]
 [0.]
 [0.]
 [0.]
 [0.]
 [0.]
 [0.]
 [0.]
 [0.]
 [0.]
 [0.]
 [0.]
 [0.]
 [0.]
 [0.]
 [0.]
 [0.]
 [0.]
 [0.]
 [0.]
 [0.]
 [0.]
 [0.]
 [0.]
 [0.]
 [0.]
 [0.]
 [0.]
 [0.]
 [0.]
 [0.]
 [0.]
 [0.]
 [0.]
 [0.]
 [0.]
 [0.]
 [0.]
 [0.]
 [0.]
 [0.]
 [0.]
 [0.]
 [0.]
 [0.]
 [0.]
 [0.]
 [0.]
 [0.]
 [0.]
 [0.]
 [0.]
 [0.]
 [0.]
 [0.]
 [0.]
 [0.]
 [0.]
 [0.]
 [0.]
 [0.]
 [0.]
 [0.]
 [0.]
 [0.]
 [0.]
 [0.]
 [0.]]
CG: [[10.]
 [10.]
 [10.]
 [10.]
 [10.]
 [10.]
 [10.]
 [10.]
 [10.]
 [10.]
 [10.]
 [10.]
 [10.]
 [10.]
 [10.]
 [10.]
 [10.]
 [10.]
 [10.]
 [10.]
 [10.]
 [10.]
 [10.]
 [10.]
 [10.]
 [10.]
 [10.]
 [10.]
 [10.]
 [10.]
 [10.]
 [10.]
 [10.]
 [10.]
 [10.]
 [10.]
 [10.]
 [10.]
 [10.]
 [10.]
 [10.]
 [10.]
 [10.]
 [10.]
 [10.]
 [10.]
 [10.]
 [10.]
 [10.]
 [10.]
 [10.]
 [10.]
 [10.]
 [10.]
 [10.]
 [10.]
 [10.]
 [10.]
 [10.]
 [10.]
 [10.]
 [10.]
 [10.]
 [10.]
 [10.]
 [10.]
 [10.]
 [10.]
 [10.]
 [10.]
 [10.]
 [10.]
 [10.]
 [10.]
 [10.]]
RG: [[500.]
 [500.]
 [500.]
 [500.]
 [500.]
 [500.]
 [500.]
 [500.]
 [500.]
 [500.]
 [500.]
 [500.]
 [500.]
 [500.]
 [500.]
 [500.]
 [500.]
 [500.]
 [500.]
 [500.]
 [500.]
 [500.]
 [500.]
 [500.]
 [500.]
 [500.]
 [500.]
 [500.]
 [500.]
 [500.]
 [500.]
 [500.]
 [500.]
 [500.]
 [500.]
 [500.]
 [500.]
 [500.]
 [500.]
 [500.]
 [500.]
 [500.]
 [500.]
 [500.]
 [500.]
 [500.]
 [500.]
 [500.]
 [500.]
 [500.]
 [500.]
 [500.]
 [500.]
 [500.]
 [500.]
 [500.]
 [500.]
 [500.]
 [500.]
 [500.]
 [500.]
 [500.]
 [500.]
 [500.]
 [500.]
 [500.]
 [500.]
 [500.]
 [500.]
 [500.]
 [500.]
 [500.]
 [500.]
 [500.]
 [500.]]
Ch: [[1.64449282 2.39468141 2.33758991 1.50331492 1.81989669 1.62065529]
 [2.07067854 1.70779701 2.3921806  1.93803383 2.07507228 1.89014248]
 [2.26932285 1.50559971 1.56775959 1.80791435 1.54889572 2.36982118]
 [1.64194064 1.56704083 1.72612367 1.92026464 1.61698882 1.51039759]
 [1.81799403 1.63451034 2.27579143 2.32564718 2.03650478 2.32529214]
 [1.87565953 1.7790713  1.9881419  2.18656485 2.11304427 2.44583135]
 [1.63293932 1.84680134 2.45274145 2.41325808 2.47642851 2.47914281]
 [2.35225746 2.05219829 1.61151345 1.65994583 1.80209668 1.75152087]
 [2.23100348 1.71965943 1.5740289  2.29576184 1.82679156 1.78026954]
 [2.37788448 2.261764   1.97282371 2.03438826 1.88937523 1.51015294]
 [2.06017729 2.15362537 1.82718727 1.68380509 1.92516771 2.34905985]
 [1.53562131 1.63507014 2.21035717 1.93412895 1.50200412 2.19646885]
 [1.78586654 1.52666652 2.18061456 1.9057007  1.91493876 2.2223523 ]
 [2.01883943 1.58953265 2.27921227 1.86883909 2.01156398 2.18158895]
 [2.32523775 2.40771512 2.45874061 2.26719546 1.96209213 2.33229141]]
Cv: [[0.         0.         0.         0.         0.        ]
 [1.60923794 1.68976267 2.01226728 1.76761202 1.99196096]
 [2.29085345 1.63705301 1.80428762 1.98988783 2.23255737]
 [1.63112795 1.53735255 2.47878791 2.42754761 1.52975168]
 [2.15397211 2.21649621 2.06210621 1.65940853 2.19887636]
 [2.41272348 1.7880107  2.11398582 1.79315959 1.5848711 ]
 [2.35055271 1.73591335 2.40396211 1.89360565 1.6246054 ]
 [1.70077484 2.49966567 1.60492708 2.3259139  2.42849052]
 [1.54294347 1.78983373 1.88683673 2.26188962 1.66560443]
 [2.0798707  1.92060746 2.25423881 1.86861835 1.77564633]
 [1.53474413 1.71660384 2.15393458 2.04456049 1.64419987]
 [2.31974738 1.89548097 1.82095951 2.42900357 1.72764681]
 [1.72600305 1.60122911 2.25654575 2.06554829 1.52239036]
 [2.02342009 1.66714242 2.37010709 2.11301938 1.67822716]
 [1.91688432 1.97874826 1.52047106 1.57699599 1.57420157]]
Rh: [[ 8.66433019 11.13669893  2.43170394  1.51526493  3.08842713  1.87857029]
 [10.32605934  1.36804341  2.43878522  1.93015035  4.57268582  4.86237099]
 [ 2.81708598  4.58950369  1.6109207   1.78257829  2.09107837  2.45457975]
 [ 3.01865682 12.82506265  2.73220785  4.90285951  8.26590231  1.62978762]
 [18.7147015   2.21482191  6.40534238 13.32781364  1.25191551  1.59651076]
 [ 6.70833142  9.74180542  2.7659184   9.6540062   7.01481213  3.80930783]
 [ 6.47684395  6.50574117  1.02482333  2.67524951 10.88560685  7.97545266]
 [ 1.10753168  5.92434678  8.77196607  1.71943213  1.35477573  1.27559454]
 [12.91767943 17.33451197  4.84959303  1.07500844  8.206691    1.22379139]
 [ 2.82316546 15.40417349 11.40851625 18.81986001  5.60946344  2.26444613]
 [ 1.49808936  2.21589263 16.36388316  3.35736621  2.06332022  1.24249855]
 [ 3.70077028 12.42939916  2.08077598  1.77203894 16.34344447  1.40147709]
 [10.92811843 17.69471529  1.40274427 18.48820759 10.67898391  3.88163439]
 [ 4.43638397  2.0108239   1.88151112  3.20035564  1.29123772  3.23932071]
 [12.26979937  9.31704868  2.38510961  2.21684112  1.9397955   1.89800889]]
Rv: [[10.71341906  3.67843258 16.55602002  1.51228615  5.48504512]
 [ 6.81276748  3.42514125 16.35133372  1.6039727  10.1469647 ]
 [12.80694503  4.61148547  2.40809314 11.46854365  1.71917417]
 [ 2.05642649  5.34155594  4.27417247 10.53108691 16.49337581]
 [ 3.64895369  2.32261431  1.00208469  2.23224794 10.80598992]
 [ 2.86544527  2.02737732  2.7725307  15.46845093 11.14012832]
 [ 1.32407342  4.66019141  1.50029922  6.98147358 11.86201708]
 [ 6.77532365  2.290302    1.72479453  2.90888339  1.76883892]
 [ 9.72818137  1.77223344  2.88281882  9.86248845  3.35129602]
 [ 1.47152132  2.97644698 11.18936277  1.69986634 11.15971131]
 [ 2.44853017  1.21642148  1.06801791  3.60930152  2.1948148 ]
 [ 2.930374    8.72462197  5.91144076  1.00929163  7.55106973]
 [ 3.53467894 13.01622449  1.66819904  4.49697173  7.89584152]
 [ 8.40367748  1.49251615  1.14064569 10.66154303  8.8022452 ]]