-------Running parameters--------
T = 0.001
temperature_gradient = 0.0
gap = 0.0
M = 15
N = 5
VR = 0.0
Vmin = 0.0
Vmax = 0.7
vStep = 0.001
vSym = True
repeats = 50
fileName = array_5_15_disorder_c_std_0.1_r_std_9_run_6
dist = exp
fullOutput = True
use_graph = False
current_map = True
plot_current_map = False
plot_binary_current_map = False
frame_norm = False
dbg = False
resume = False
sc = False
leaping = False
constQ = False
modifyR = False
double_time = False
double_loop = False
output_folder = bgu_2d_narrow_arrays
params_path = 
VG_avg = 0.0
VG_std = 0.0
C_avg = 2.0
C_std = 0.1
CG_avg = 10.0
CG_std = 0.0
R_avg = 10.0
R_std = 9.0
custom_rh = ""
custom_rv = ""
custom_ch = ""
custom_cv = ""
RG_avg = 500.0
RG_std = 0.0
n0_avg = 0.0
n0_std = 0.0
Q0_avg = 0.0
Q0_std = 0.0
----Array Parameters-----
Rows: 15
Columns: 5
VG: [[0.]
 [0.]
 [0.]
 [0.]
 [0.]
 [0.]
 [0.]
 [0.]
 [0.]
 [0.]
 [0.]
 [0.]
 [0.]
 [0.]
 [0.]
 [0.]
 [0.]
 [0.]
 [0.]
 [0.]
 [0.]
 [0.]
 [0.]
 [0.]
 [0.]
 [0.]
 [0.]
 [0.]
 [0.]
 [0.]
 [0.]
 [0.]
 [0.]
 [0.]
 [0.]
 [0.]
 [0.]
 [0.]
 [0.]
 [0.]
 [0.]
 [0.]
 [0.]
 [0.]
 [0.]
 [0.]
 [0.]
 [0.]
 [0.]
 [0.]
 [0.]
 [0.]
 [0.]
 [0.]
 [0.]
 [0.]
 [0.]
 [0.]
 [0.]
 [0.]
 [0.]
 [0.]
 [0.]
 [0.]
 [0.]
 [0.]
 [0.]
 [0.]
 [0.]
 [0.]
 [0.]
 [0.]
 [0.]
 [0.]
 [0.]]
CG: [[10.]
 [10.]
 [10.]
 [10.]
 [10.]
 [10.]
 [10.]
 [10.]
 [10.]
 [10.]
 [10.]
 [10.]
 [10.]
 [10.]
 [10.]
 [10.]
 [10.]
 [10.]
 [10.]
 [10.]
 [10.]
 [10.]
 [10.]
 [10.]
 [10.]
 [10.]
 [10.]
 [10.]
 [10.]
 [10.]
 [10.]
 [10.]
 [10.]
 [10.]
 [10.]
 [10.]
 [10.]
 [10.]
 [10.]
 [10.]
 [10.]
 [10.]
 [10.]
 [10.]
 [10.]
 [10.]
 [10.]
 [10.]
 [10.]
 [10.]
 [10.]
 [10.]
 [10.]
 [10.]
 [10.]
 [10.]
 [10.]
 [10.]
 [10.]
 [10.]
 [10.]
 [10.]
 [10.]
 [10.]
 [10.]
 [10.]
 [10.]
 [10.]
 [10.]
 [10.]
 [10.]
 [10.]
 [10.]
 [10.]
 [10.]]
RG: [[500.]
 [500.]
 [500.]
 [500.]
 [500.]
 [500.]
 [500.]
 [500.]
 [500.]
 [500.]
 [500.]
 [500.]
 [500.]
 [500.]
 [500.]
 [500.]
 [500.]
 [500.]
 [500.]
 [500.]
 [500.]
 [500.]
 [500.]
 [500.]
 [500.]
 [500.]
 [500.]
 [500.]
 [500.]
 [500.]
 [500.]
 [500.]
 [500.]
 [500.]
 [500.]
 [500.]
 [500.]
 [500.]
 [500.]
 [500.]
 [500.]
 [500.]
 [500.]
 [500.]
 [500.]
 [500.]
 [500.]
 [500.]
 [500.]
 [500.]
 [500.]
 [500.]
 [500.]
 [500.]
 [500.]
 [500.]
 [500.]
 [500.]
 [500.]
 [500.]
 [500.]
 [500.]
 [500.]
 [500.]
 [500.]
 [500.]
 [500.]
 [500.]
 [500.]
 [500.]
 [500.]
 [500.]
 [500.]
 [500.]
 [500.]]
Ch: [[1.91069812 1.90462479 1.99311851 1.98735532 1.99457674 2.06393387]
 [1.94349236 1.91638978 2.04085335 2.09489438 1.90116082 1.94169949]
 [1.99482497 1.92747689 2.00808294 1.96667401 1.90127528 1.93292051]
 [1.94741052 2.01475947 2.05425053 2.0051898  1.91157663 1.9627619 ]
 [1.93093401 2.04492271 1.94767726 1.96612431 1.95212309 1.98619805]
 [1.98688123 1.99979602 2.0827878  1.92656907 2.07150341 1.95933759]
 [1.99120653 2.05991327 1.90175151 2.05328525 1.98475148 1.9039782 ]
 [1.97477693 1.91690845 1.95169006 2.05344536 2.04234785 1.97691325]
 [2.0240763  2.00948547 2.08120149 2.07636442 1.9347518  2.01248111]
 [1.95821537 2.07556005 2.01107647 1.92337957 2.0284903  1.9803444 ]
 [1.94953161 1.96863927 1.94743523 1.98113588 1.97735135 1.98233653]
 [2.00791385 2.04987142 2.00586991 1.94491825 1.96814297 1.93299194]
 [1.92607236 2.05709348 1.93667618 1.98611462 2.09253017 2.06323189]
 [1.91017051 1.97681323 2.0101484  1.99706435 1.93076282 2.02503939]
 [1.96773751 1.91361312 2.01181102 1.914215   2.03631583 1.99731112]]
Cv: [[0.         0.         0.         0.         0.        ]
 [2.05819315 1.91744781 2.08743646 1.9339966  2.04757964]
 [1.90728869 1.91732624 1.91686259 2.05048443 2.0605616 ]
 [2.06750367 2.0243265  2.02475798 2.04414732 1.97251034]
 [1.91133388 2.07628785 1.96946298 2.06590333 1.97312475]
 [1.9248849  1.98410733 1.95934895 1.92274745 1.94763216]
 [1.95517674 2.09330809 2.09853592 1.90534813 2.05042092]
 [2.09393467 1.9036445  1.90018957 1.9606975  2.04879051]
 [1.96617492 1.93521316 2.07199964 2.0341282  1.95277111]
 [2.03010461 1.90936151 2.06890871 2.05691679 1.9740224 ]
 [2.02758245 1.98633709 2.06252563 1.96277762 2.07940316]
 [2.01988485 2.04776551 1.93550484 2.08406419 2.01812012]
 [1.91295866 1.90732245 1.99122228 1.93036766 1.93111206]
 [2.02833946 2.06377622 1.96043528 2.0679998  1.99851925]
 [1.90181502 1.91123375 2.04315373 1.97276825 1.91456479]]
Rh: [[ 1.73814159  7.0126998   2.65988635  2.0024662  10.48238995  2.04996999]
 [ 1.98641602  2.86964323  7.53350525  6.72288891  1.8117421  16.31786158]
 [ 5.27859977 12.30235375  1.6088611   1.14852755  1.72248057  2.04026734]
 [ 1.57168456  3.97227722  1.46728084  2.82844136  3.94575315 10.28661186]
 [ 1.28750902  9.04939772  1.63173087  2.02752795  1.45038847  2.33568012]
 [ 3.9891749   1.22961035  2.60293809  2.28783823  7.92824289  2.04269285]
 [ 3.37245075  5.61336122 18.68924958  4.29263967  1.47179505  1.11025555]
 [ 4.64015595  6.95675838  1.38730596  7.15073362 17.24860496  6.1242234 ]
 [ 1.73405605  6.79613926 12.59362551  1.46432221  1.81119114  5.00894098]
 [17.39103361 11.83878281 12.58026651  2.05461125  2.28176528  4.16792724]
 [12.07761421  4.28480552  4.57643366  3.44122293 13.12365971 14.24825356]
 [ 2.33795681 16.30051073 15.86740286  2.16928526 16.15970797  6.13076717]
 [ 7.16531212  1.66053011  6.3513255  11.22216412  1.84439761  2.62021018]
 [ 4.62900901  4.00205092  8.53017248 16.92024549 10.9852802  13.59819483]
 [ 5.56694954  1.95153688  1.02769809  2.00698212  4.82865465 18.57469341]]
Rv: [[ 1.27997032  3.11707802  4.03321707  2.80456466  7.60600938]
 [ 3.58397701  1.67185388  2.1750999   1.19668875  4.47872605]
 [ 1.61858924  1.39386503  1.17761562  6.37025412  8.66055591]
 [ 8.12026996  2.66410825  9.49679993 11.88933219  9.93271159]
 [ 8.14253858  2.53155721 11.33694587  1.63404252 10.87831607]
 [ 4.4934863   8.23213271  1.04097656  2.1017683   3.19682306]
 [ 2.33458716  5.73994351  1.88007118  5.33306996  2.65931381]
 [ 7.38706673  9.86213009  4.42258689  1.24840967  1.46958179]
 [12.15910182 11.99049503  2.71091024  5.3176072   2.37112286]
 [ 4.11950916  7.31097536  1.39847267  2.10077971  1.62250464]
 [ 1.19106427  1.86364054  1.08060112 17.55498171  1.85091252]
 [ 9.68665094  1.49978843  2.4462735   2.34287883  5.80436527]
 [ 1.45912217 15.5819277  13.40871201  8.03951757  2.07011809]
 [ 1.0654717   2.56850866  5.34417167  9.95616065  2.37989798]]