-------Running parameters--------
T = 0.001
temperature_gradient = 0.0
gap = 0.0
M = 15
N = 5
VR = 0.0
Vmin = 0.0
Vmax = 0.7
vStep = 0.001
vSym = True
repeats = 50
fileName = array_5_15_disorder_c_std_0.1_r_std_9_run_3
dist = exp
fullOutput = True
use_graph = False
current_map = True
plot_current_map = False
plot_binary_current_map = False
frame_norm = False
dbg = False
resume = False
sc = False
leaping = False
constQ = False
modifyR = False
double_time = False
double_loop = False
output_folder = bgu_2d_narrow_arrays
params_path = 
VG_avg = 0.0
VG_std = 0.0
C_avg = 2.0
C_std = 0.1
CG_avg = 10.0
CG_std = 0.0
R_avg = 10.0
R_std = 9.0
custom_rh = ""
custom_rv = ""
custom_ch = ""
custom_cv = ""
RG_avg = 500.0
RG_std = 0.0
n0_avg = 0.0
n0_std = 0.0
Q0_avg = 0.0
Q0_std = 0.0
----Array Parameters-----
Rows: 15
Columns: 5
VG: [[0.]
 [0.]
 [0.]
 [0.]
 [0.]
 [0.]
 [0.]
 [0.]
 [0.]
 [0.]
 [0.]
 [0.]
 [0.]
 [0.]
 [0.]
 [0.]
 [0.]
 [0.]
 [0.]
 [0.]
 [0.]
 [0.]
 [0.]
 [0.]
 [0.]
 [0.]
 [0.]
 [0.]
 [0.]
 [0.]
 [0.]
 [0.]
 [0.]
 [0.]
 [0.]
 [0.]
 [0.]
 [0.]
 [0.]
 [0.]
 [0.]
 [0.]
 [0.]
 [0.]
 [0.]
 [0.]
 [0.]
 [0.]
 [0.]
 [0.]
 [0.]
 [0.]
 [0.]
 [0.]
 [0.]
 [0.]
 [0.]
 [0.]
 [0.]
 [0.]
 [0.]
 [0.]
 [0.]
 [0.]
 [0.]
 [0.]
 [0.]
 [0.]
 [0.]
 [0.]
 [0.]
 [0.]
 [0.]
 [0.]
 [0.]]
CG: [[10.]
 [10.]
 [10.]
 [10.]
 [10.]
 [10.]
 [10.]
 [10.]
 [10.]
 [10.]
 [10.]
 [10.]
 [10.]
 [10.]
 [10.]
 [10.]
 [10.]
 [10.]
 [10.]
 [10.]
 [10.]
 [10.]
 [10.]
 [10.]
 [10.]
 [10.]
 [10.]
 [10.]
 [10.]
 [10.]
 [10.]
 [10.]
 [10.]
 [10.]
 [10.]
 [10.]
 [10.]
 [10.]
 [10.]
 [10.]
 [10.]
 [10.]
 [10.]
 [10.]
 [10.]
 [10.]
 [10.]
 [10.]
 [10.]
 [10.]
 [10.]
 [10.]
 [10.]
 [10.]
 [10.]
 [10.]
 [10.]
 [10.]
 [10.]
 [10.]
 [10.]
 [10.]
 [10.]
 [10.]
 [10.]
 [10.]
 [10.]
 [10.]
 [10.]
 [10.]
 [10.]
 [10.]
 [10.]
 [10.]
 [10.]]
RG: [[500.]
 [500.]
 [500.]
 [500.]
 [500.]
 [500.]
 [500.]
 [500.]
 [500.]
 [500.]
 [500.]
 [500.]
 [500.]
 [500.]
 [500.]
 [500.]
 [500.]
 [500.]
 [500.]
 [500.]
 [500.]
 [500.]
 [500.]
 [500.]
 [500.]
 [500.]
 [500.]
 [500.]
 [500.]
 [500.]
 [500.]
 [500.]
 [500.]
 [500.]
 [500.]
 [500.]
 [500.]
 [500.]
 [500.]
 [500.]
 [500.]
 [500.]
 [500.]
 [500.]
 [500.]
 [500.]
 [500.]
 [500.]
 [500.]
 [500.]
 [500.]
 [500.]
 [500.]
 [500.]
 [500.]
 [500.]
 [500.]
 [500.]
 [500.]
 [500.]
 [500.]
 [500.]
 [500.]
 [500.]
 [500.]
 [500.]
 [500.]
 [500.]
 [500.]
 [500.]
 [500.]
 [500.]
 [500.]
 [500.]
 [500.]]
Ch: [[2.04657441 1.98989777 2.05237253 1.9303146  1.90632849 2.03469277]
 [1.91345502 2.02264361 1.99083191 1.96455684 1.93028124 2.00242337]
 [2.02256434 2.01591583 1.9507572  2.00810424 2.05223233 1.92288987]
 [1.99332752 2.0534513  2.04319268 1.92753145 1.98225975 2.02238102]
 [1.91834374 1.93363686 1.94267496 2.00808536 2.05480368 2.02284312]
 [1.9579567  2.03894388 1.95144474 2.02710714 1.94375636 1.90159271]
 [1.95728222 1.90601783 1.94748973 1.91036254 1.97330796 1.90012615]
 [1.95419693 2.07012641 2.03444957 1.99194715 1.94179309 2.03735466]
 [1.92325335 1.99481242 2.04435271 1.90119483 1.92132203 1.94472999]
 [1.90549662 2.09322271 1.96153632 1.9790492  1.93619187 2.01913621]
 [1.91891982 2.06694789 1.91150904 1.92774685 2.05210377 2.0438394 ]
 [1.95769872 1.94019056 2.08090966 2.06916351 2.08083462 1.94837424]
 [2.07467152 1.97203108 1.9999664  1.97863053 1.95949191 1.9165401 ]
 [1.93350646 2.05782055 2.06031596 2.00285631 1.99667775 1.98477021]
 [1.94912416 1.98950217 2.05908706 1.90073809 2.04804986 1.90034975]]
Cv: [[0.         0.         0.         0.         0.        ]
 [2.05837092 2.04139679 1.94138614 1.99185341 1.93926602]
 [1.96180058 1.98891341 1.90288728 1.92067004 2.07353081]
 [1.97444055 2.09835821 2.06575739 1.98701732 2.05628954]
 [2.02002599 2.04194754 1.94328876 1.98876395 1.98916525]
 [2.00937058 1.9204936  2.01843737 1.97574966 2.08481341]
 [2.08416345 1.96981189 1.96365772 2.06657533 2.02883542]
 [1.93543208 2.0196105  1.9024731  1.98038979 2.00679411]
 [1.91624318 2.06166566 2.08290787 1.96787687 2.05339365]
 [2.05927204 1.91746452 1.94503877 2.01590606 1.99171241]
 [1.95992925 1.93183282 1.9059914  2.08493301 2.00189203]
 [1.98514863 2.03268542 2.09227959 1.92543993 2.05686672]
 [1.93484489 1.94081048 2.07089337 1.96036063 1.9674916 ]
 [1.92123781 2.07997461 2.02574301 2.08612195 1.90599391]
 [1.90137831 2.03834793 2.01845489 2.04113    1.97472892]]
Rh: [[ 3.00622223 10.74224349  3.08596166  2.6508521  10.62560165  3.18599363]
 [15.91557014 18.00343139  4.06565635  1.15958571 14.43698142  1.18111768]
 [ 2.26205221  4.65223513  1.97064303  3.10554062  1.6591535   4.17446298]
 [17.98722011  2.04915487  1.0569167   9.55701555 12.25928024  9.05792673]
 [ 4.49695295  9.33796673  2.24950328  4.53829802  7.22515523  2.3351228 ]
 [ 1.91628905 13.92160572  1.90781913  7.0921602   6.69100309  4.7469713 ]
 [ 3.63708551  3.84476495  1.88889673  8.69714985  9.55796878  7.99207285]
 [ 8.68255264  1.4193704   4.5443067   1.95156377  2.75134277  7.74510617]
 [ 2.312734    9.41448626  2.4639864   8.29359611  8.33907662  9.09015812]
 [ 3.07398695  2.30885538  1.65133252  1.98367774 13.88978271  1.17400325]
 [ 2.31601852  5.61434687  3.11028758  1.65070311  3.12562242  4.7789173 ]
 [ 5.53911504 14.80631579  7.72105577  3.19807925  2.38733684 13.14080603]
 [ 3.50521867  1.87022138  4.94564192  4.87594893 18.30799565  5.2998439 ]
 [16.53209464  1.51902221  2.63422424  9.22754769  2.21219857 15.75422685]
 [ 8.01279125  2.00617638  2.16968347  9.36451032  8.84743009  9.64422945]]
Rv: [[ 4.06857509  1.16696077  4.26449857  1.66135576  6.52472754]
 [ 6.46759224  1.34054086  2.42810869  3.66020971  3.38108904]
 [ 4.041937    1.82824734 11.54769746  8.024601    1.54430214]
 [ 4.70605802 13.97146399 16.18958735  8.54573289  1.58869679]
 [ 1.80430536  3.37417265  1.20191817  1.52427536 18.99775467]
 [ 2.22682411 11.78450047  1.614848    8.34659233 17.47294751]
 [17.00257596  6.77081103  1.11876407  1.1841578   3.54834605]
 [ 8.56773968  3.20367641  4.80050898  3.07661877  6.81980808]
 [ 3.37832913  2.04602965  2.78880763  2.40845023  4.82632839]
 [ 9.50522604  6.34458051  3.03121706 10.16921389  4.05435146]
 [ 1.25966537  4.1246739   5.60599243  5.53342841 17.10257473]
 [ 1.31565808 14.37760249  8.64457226  1.34699935  2.46728051]
 [ 3.77039637  3.96501265  2.45742103  2.67233116  3.21936921]
 [13.40435402  2.74205475  1.74770215  3.69268681  1.41889081]]