-------Running parameters--------
T = 0.001
temperature_gradient = 0.0
gap = 0.0
M = 15
N = 5
VR = 0.0
Vmin = 0.0
Vmax = 0.7
vStep = 0.001
vSym = True
repeats = 50
fileName = array_5_15_disorder_c_std_1.5_r_std_9_run_1
dist = exp
fullOutput = True
use_graph = False
current_map = True
plot_current_map = False
plot_binary_current_map = False
frame_norm = False
dbg = False
resume = False
sc = False
leaping = False
constQ = False
modifyR = False
double_time = False
double_loop = False
output_folder = bgu_2d_narrow_arrays
params_path = 
VG_avg = 0.0
VG_std = 0.0
C_avg = 2.0
C_std = 1.5
CG_avg = 10.0
CG_std = 0.0
R_avg = 10.0
R_std = 9.0
custom_rh = ""
custom_rv = ""
custom_ch = ""
custom_cv = ""
RG_avg = 500.0
RG_std = 0.0
n0_avg = 0.0
n0_std = 0.0
Q0_avg = 0.0
Q0_std = 0.0
----Array Parameters-----
Rows: 15
Columns: 5
VG: [[0.]
 [0.]
 [0.]
 [0.]
 [0.]
 [0.]
 [0.]
 [0.]
 [0.]
 [0.]
 [0.]
 [0.]
 [0.]
 [0.]
 [0.]
 [0.]
 [0.]
 [0.]
 [0.]
 [0.]
 [0.]
 [0.]
 [0.]
 [0.]
 [0.]
 [0.]
 [0.]
 [0.]
 [0.]
 [0.]
 [0.]
 [0.]
 [0.]
 [0.]
 [0.]
 [0.]
 [0.]
 [0.]
 [0.]
 [0.]
 [0.]
 [0.]
 [0.]
 [0.]
 [0.]
 [0.]
 [0.]
 [0.]
 [0.]
 [0.]
 [0.]
 [0.]
 [0.]
 [0.]
 [0.]
 [0.]
 [0.]
 [0.]
 [0.]
 [0.]
 [0.]
 [0.]
 [0.]
 [0.]
 [0.]
 [0.]
 [0.]
 [0.]
 [0.]
 [0.]
 [0.]
 [0.]
 [0.]
 [0.]
 [0.]]
CG: [[10.]
 [10.]
 [10.]
 [10.]
 [10.]
 [10.]
 [10.]
 [10.]
 [10.]
 [10.]
 [10.]
 [10.]
 [10.]
 [10.]
 [10.]
 [10.]
 [10.]
 [10.]
 [10.]
 [10.]
 [10.]
 [10.]
 [10.]
 [10.]
 [10.]
 [10.]
 [10.]
 [10.]
 [10.]
 [10.]
 [10.]
 [10.]
 [10.]
 [10.]
 [10.]
 [10.]
 [10.]
 [10.]
 [10.]
 [10.]
 [10.]
 [10.]
 [10.]
 [10.]
 [10.]
 [10.]
 [10.]
 [10.]
 [10.]
 [10.]
 [10.]
 [10.]
 [10.]
 [10.]
 [10.]
 [10.]
 [10.]
 [10.]
 [10.]
 [10.]
 [10.]
 [10.]
 [10.]
 [10.]
 [10.]
 [10.]
 [10.]
 [10.]
 [10.]
 [10.]
 [10.]
 [10.]
 [10.]
 [10.]
 [10.]]
RG: [[500.]
 [500.]
 [500.]
 [500.]
 [500.]
 [500.]
 [500.]
 [500.]
 [500.]
 [500.]
 [500.]
 [500.]
 [500.]
 [500.]
 [500.]
 [500.]
 [500.]
 [500.]
 [500.]
 [500.]
 [500.]
 [500.]
 [500.]
 [500.]
 [500.]
 [500.]
 [500.]
 [500.]
 [500.]
 [500.]
 [500.]
 [500.]
 [500.]
 [500.]
 [500.]
 [500.]
 [500.]
 [500.]
 [500.]
 [500.]
 [500.]
 [500.]
 [500.]
 [500.]
 [500.]
 [500.]
 [500.]
 [500.]
 [500.]
 [500.]
 [500.]
 [500.]
 [500.]
 [500.]
 [500.]
 [500.]
 [500.]
 [500.]
 [500.]
 [500.]
 [500.]
 [500.]
 [500.]
 [500.]
 [500.]
 [500.]
 [500.]
 [500.]
 [500.]
 [500.]
 [500.]
 [500.]
 [500.]
 [500.]
 [500.]]
Ch: [[0.93927635 3.07630853 1.29729424 0.50155591 0.65957055 1.44986172]
 [1.11919171 0.73009923 1.53020146 3.04960185 0.85997625 1.51857709]
 [2.4953321  0.84531273 0.54208955 1.79629828 1.66028882 0.54884719]
 [2.55488586 0.83756331 1.62613215 1.74984003 0.77134006 2.83001629]
 [1.8633236  0.64582997 2.87350007 0.97916222 0.52076967 1.31572239]
 [0.61497128 0.78789295 2.83883478 1.49601819 2.37178848 1.37188846]
 [0.76007273 2.99015129 1.72129555 3.1873539  1.39837902 0.61435905]
 [0.50936459 3.42935779 2.25204654 0.52206759 1.11601635 1.37178169]
 [0.84046005 0.73332463 1.153973   0.73721619 1.9103493  0.55935441]
 [0.81789401 2.90885864 1.15313825 2.1488774  0.90214095 3.23622813]
 [1.44486423 2.22223158 2.65213871 0.84201998 2.91731775 1.78724893]
 [0.68426966 1.40163502 0.72563361 2.69983725 0.5571184  0.72936037]
 [2.7935266  0.77959597 1.78367007 0.84908011 1.22890732 1.00887265]
 [1.84615305 0.72097233 0.5341324  1.50598072 1.69934401 2.1614478 ]
 [0.52241567 0.85259791 2.7753075  2.80947435 1.37530238 1.03772015]]
Cv: [[0.         0.         0.         0.         0.        ]
 [0.52382501 1.3949589  1.10164814 0.56659889 1.77452734]
 [0.51194475 2.69187044 2.61047518 2.19773629 0.54299026]
 [1.42416112 2.28113487 3.23346011 0.99676708 0.85410382]
 [1.46482488 1.16189055 0.5165698  0.79415513 0.52870748]
 [0.79494223 2.95493903 0.68514061 1.74540662 2.91075772]
 [2.05361817 0.93839987 2.19821727 1.9568165  0.97788537]
 [2.11142256 3.175806   0.58017046 1.52512758 0.76191071]
 [0.64205453 1.39763481 1.09773999 1.56933264 1.79338203]
 [0.59499827 1.15549794 2.56537364 1.20959487 0.85082026]
 [1.70208885 1.15021221 0.58839962 0.86856361 2.09042349]
 [0.55058576 2.77401769 1.50156285 1.56559503 0.80539418]
 [1.18374063 1.45542249 0.81190712 1.73240549 2.68517487]
 [0.57593308 1.05296098 1.81864938 0.52080486 0.71866094]
 [2.48596041 1.39609943 2.36756134 2.50939711 0.56127205]]
Rh: [[16.70171264 14.34233563  2.02695264 14.0900399   5.29065398  3.73909223]
 [ 1.89632731  5.42909801  2.77778886  5.48914616  7.50818201  3.00210276]
 [ 6.97710602  1.78744599 10.37659793  5.81040202  6.43768395  8.76058337]
 [11.78162915 15.26071502  3.19122302 13.94293523 13.75987762 11.04385255]
 [ 5.23971329 13.89980425 11.67295633  1.61917547  1.43537987  6.43568726]
 [ 8.70447772  1.86854952  5.78963922  3.30193353  1.59396444  5.35454263]
 [ 4.57427519  2.62677419 12.11797197  1.55167233  3.17874192 11.19876832]
 [ 8.99544294  8.122552    3.71776625  2.15305029  2.70142842  1.42218176]
 [10.24787292  5.7816929   8.23336962 13.4346371   2.02034614  6.97501149]
 [ 3.55350113  2.14774781 13.0906178   2.8099189   2.95411903  4.80114357]
 [ 2.15814571  6.57145152  1.47193678  1.35087205  1.94915737  1.55212211]
 [ 1.91418187  3.65501918  3.70749422 12.75689896  5.10456631  1.62090844]
 [ 4.59166168  3.20289967 17.97371008  4.0411649  14.96881941 10.43366558]
 [ 2.32265045  2.3602847   8.7860747  14.34736639 13.48509703  4.46044716]
 [14.51835432 11.23854549  2.89067977 16.18705879  3.77681191 11.22585377]]
Rv: [[ 1.75123359 12.6241179  17.4954577   3.0881757   1.89399313]
 [ 3.31301663  3.70822055  2.09689276 17.4755613   5.94842508]
 [ 1.09807391  1.6176519   1.01926079  1.07191216  9.32395262]
 [ 6.26726515  2.68708837  3.3528515   2.66555715 13.70786336]
 [12.81588396  1.90454765  4.45433916  6.69491821  4.73042718]
 [ 3.76265796  1.40857789 15.03764093  9.16267569  6.41612232]
 [ 3.89264393  1.60130367  3.2716721   9.80434979  4.91334361]
 [ 2.09505008  6.64500114  4.14345111  4.37874431  1.41522159]
 [ 2.33158272  1.88855356  2.02394936  9.79022504 18.41927967]
 [ 9.23078584  8.46271845  4.53791365  5.67019836 16.44062777]
 [17.62792858 16.61556335  8.966421    1.66555695  2.25342474]
 [ 1.35247055  2.95219245  4.06031245 14.41096133  1.19107605]
 [ 1.26235196  6.93688647 17.79156827 12.73725299  1.77017072]
 [ 1.03521035  1.4760631   5.08439317  7.28508664  1.85115595]]