-------Running parameters--------
T = 0.001
temperature_gradient = 0.0
gap = 0.0
M = 15
N = 5
VR = 0.0
Vmin = 0.0
Vmax = 0.7
vStep = 0.001
vSym = True
repeats = 50
fileName = array_5_15_disorder_c_std_0.5_r_std_9_run_1
dist = exp
fullOutput = True
use_graph = False
current_map = True
plot_current_map = False
plot_binary_current_map = False
frame_norm = False
dbg = False
resume = False
sc = False
leaping = False
constQ = False
modifyR = False
double_time = False
double_loop = False
output_folder = bgu_2d_narrow_arrays
params_path = 
VG_avg = 0.0
VG_std = 0.0
C_avg = 2.0
C_std = 0.5
CG_avg = 10.0
CG_std = 0.0
R_avg = 10.0
R_std = 9.0
custom_rh = ""
custom_rv = ""
custom_ch = ""
custom_cv = ""
RG_avg = 500.0
RG_std = 0.0
n0_avg = 0.0
n0_std = 0.0
Q0_avg = 0.0
Q0_std = 0.0
----Array Parameters-----
Rows: 15
Columns: 5
VG: [[0.]
 [0.]
 [0.]
 [0.]
 [0.]
 [0.]
 [0.]
 [0.]
 [0.]
 [0.]
 [0.]
 [0.]
 [0.]
 [0.]
 [0.]
 [0.]
 [0.]
 [0.]
 [0.]
 [0.]
 [0.]
 [0.]
 [0.]
 [0.]
 [0.]
 [0.]
 [0.]
 [0.]
 [0.]
 [0.]
 [0.]
 [0.]
 [0.]
 [0.]
 [0.]
 [0.]
 [0.]
 [0.]
 [0.]
 [0.]
 [0.]
 [0.]
 [0.]
 [0.]
 [0.]
 [0.]
 [0.]
 [0.]
 [0.]
 [0.]
 [0.]
 [0.]
 [0.]
 [0.]
 [0.]
 [0.]
 [0.]
 [0.]
 [0.]
 [0.]
 [0.]
 [0.]
 [0.]
 [0.]
 [0.]
 [0.]
 [0.]
 [0.]
 [0.]
 [0.]
 [0.]
 [0.]
 [0.]
 [0.]
 [0.]]
CG: [[10.]
 [10.]
 [10.]
 [10.]
 [10.]
 [10.]
 [10.]
 [10.]
 [10.]
 [10.]
 [10.]
 [10.]
 [10.]
 [10.]
 [10.]
 [10.]
 [10.]
 [10.]
 [10.]
 [10.]
 [10.]
 [10.]
 [10.]
 [10.]
 [10.]
 [10.]
 [10.]
 [10.]
 [10.]
 [10.]
 [10.]
 [10.]
 [10.]
 [10.]
 [10.]
 [10.]
 [10.]
 [10.]
 [10.]
 [10.]
 [10.]
 [10.]
 [10.]
 [10.]
 [10.]
 [10.]
 [10.]
 [10.]
 [10.]
 [10.]
 [10.]
 [10.]
 [10.]
 [10.]
 [10.]
 [10.]
 [10.]
 [10.]
 [10.]
 [10.]
 [10.]
 [10.]
 [10.]
 [10.]
 [10.]
 [10.]
 [10.]
 [10.]
 [10.]
 [10.]
 [10.]
 [10.]
 [10.]
 [10.]
 [10.]]
RG: [[500.]
 [500.]
 [500.]
 [500.]
 [500.]
 [500.]
 [500.]
 [500.]
 [500.]
 [500.]
 [500.]
 [500.]
 [500.]
 [500.]
 [500.]
 [500.]
 [500.]
 [500.]
 [500.]
 [500.]
 [500.]
 [500.]
 [500.]
 [500.]
 [500.]
 [500.]
 [500.]
 [500.]
 [500.]
 [500.]
 [500.]
 [500.]
 [500.]
 [500.]
 [500.]
 [500.]
 [500.]
 [500.]
 [500.]
 [500.]
 [500.]
 [500.]
 [500.]
 [500.]
 [500.]
 [500.]
 [500.]
 [500.]
 [500.]
 [500.]
 [500.]
 [500.]
 [500.]
 [500.]
 [500.]
 [500.]
 [500.]
 [500.]
 [500.]
 [500.]
 [500.]
 [500.]
 [500.]
 [500.]
 [500.]
 [500.]
 [500.]
 [500.]
 [500.]
 [500.]
 [500.]
 [500.]
 [500.]
 [500.]
 [500.]]
Ch: [[2.16882002 2.22901845 1.81770044 1.59367504 2.25038856 1.69741745]
 [1.51773382 1.50664016 1.91347192 2.26448181 2.07438257 2.33969122]
 [2.27683316 1.55764506 2.48098412 2.01867303 1.81596076 2.04625412]
 [2.39766443 1.50423414 1.65838821 2.29589281 2.39368757 1.88286231]
 [1.55904684 2.11348448 1.57346431 1.68412104 1.90411781 1.64506761]
 [1.91615347 2.16232844 1.8229547  2.12069298 2.10589186 2.39129423]
 [1.77860632 2.42672702 2.21847446 2.2193453  2.2490093  1.62778133]
 [2.35781698 1.99578398 2.17051474 2.02338368 2.34017448 1.86950637]
 [2.3162286  1.8644672  1.59810055 2.42448281 1.62238127 2.23157927]
 [2.02174046 1.87240368 2.17212898 1.76779306 1.5559806  1.73263968]
 [1.93490001 2.13603577 2.05967418 2.47886094 1.65623001 1.78935584]
 [1.5882082  1.60702048 2.34432403 1.75571951 2.27735258 1.95483047]
 [1.9888319  2.2303624  1.89512191 1.81008035 2.01965374 2.39872059]
 [2.39008471 2.1456734  2.31711689 2.35794104 1.54529112 2.0519085 ]
 [2.10343117 2.14357125 1.80521004 1.81369795 1.76526308 2.38292752]]
Cv: [[0.         0.         0.         0.         0.        ]
 [2.17529499 1.52502991 2.04593112 1.65259448 2.10313801]
 [1.57084189 1.77538111 2.17386195 2.34608468 2.47441932]
 [1.68778127 1.99445475 2.07537486 1.86707103 2.27935533]
 [2.3898733  1.69564824 1.8436385  2.21278212 1.88945522]
 [1.65259069 1.64207469 2.15945934 1.93740671 2.0407938 ]
 [1.75311805 1.89671929 1.63698748 1.86619739 2.10545358]
 [1.65291638 1.99207732 2.46794558 1.98061447 1.61550227]
 [2.42394095 1.8176678  2.11434391 2.30689042 2.46175272]
 [2.39548141 1.9856927  2.01105762 1.88329891 2.13548199]
 [2.09746316 2.42379559 1.86905907 2.09212538 2.11582445]
 [1.70902865 1.97507749 2.17808995 1.61744792 2.39724866]
 [1.84296595 1.85448327 1.62432427 1.86510414 2.19594771]
 [1.93887321 2.25112281 2.43638594 2.20525088 1.93283504]
 [2.33526608 1.84792042 1.59300417 1.83734939 2.17456   ]]
Rh: [[ 5.18434932 13.26334808  3.75696686  6.35687529 12.36333444  8.48189814]
 [ 2.08689885  3.04588577  1.01025856 17.78647885 14.1805394   9.55384201]
 [ 9.0192043  16.01723809  4.54955405  5.83390509  3.17772497  3.87000842]
 [ 1.52695729  5.31449731  1.870265    6.19103812  5.87017768  3.68807328]
 [12.4486489   1.72277343  6.50380498 10.30867986 15.76903541 12.70698895]
 [18.73496523  1.74563661  1.43972696  8.97791853  6.27893029  2.30560225]
 [11.09743872 17.9364671   1.03693203 15.26468456  5.24404228  2.20067057]
 [ 1.94504714  5.47176747  1.56538559 15.38423689  1.31237681  4.9642933 ]
 [ 1.90610801  5.03711525  9.39770265  5.49721262  5.32288645  2.89560487]
 [ 3.52303191 16.64196355  1.1422156   2.00027361  1.27000014  4.92258678]
 [ 1.06227494  5.83776919  2.02458402 10.97686361  1.03155955  2.2198052 ]
 [ 1.75797212  2.9899023  10.38661138  9.89159064  4.94186172  2.34973701]
 [ 9.59541177 17.5998621   1.46270513  6.60202945  1.91334523  1.21794869]
 [ 9.6584032   2.46676366  6.89306062  1.07735342  2.41606389  5.83385377]
 [ 3.79145886  5.41681611  1.94769984  1.3854415   2.30676098  4.08171181]]
Rv: [[ 7.8443407  18.42392827  2.2691502   1.51996699  2.74035891]
 [ 1.81335646  5.74032627  2.32281106  4.02141647 16.56360531]
 [11.44995585  2.34884376 17.80194338  1.18452545 11.16114669]
 [ 2.10613577 10.54231778  7.41836219  1.68716707 12.06905626]
 [ 4.18029357  2.84438756  7.37675854  1.38339446  2.35450138]
 [ 2.7777743   3.91846561 13.74989547  7.10973682  1.66571157]
 [ 2.80224081  3.00323728 11.94697242  9.12652132 10.2852746 ]
 [ 7.8029154   8.17360113  3.55904353  2.76557835  8.75516555]
 [ 1.89913847 13.27054828  1.81527633  7.26695663  2.21924343]
 [ 2.105143   16.39071007  2.61528449  1.00353148  4.30052322]
 [ 4.43228301  7.23076667 17.42251529  1.73844172 17.78667098]
 [ 2.12620945 13.13764237  4.07073816 16.53717857  1.67585101]
 [ 5.23733179  1.02227537  8.64246748  1.82979887  1.02451657]
 [12.70795157  1.21133624  1.31359091  5.82600359  1.06195312]]