-------Running parameters--------
T = 0.001
temperature_gradient = 0.0
gap = 0.0
M = 15
N = 5
VR = 0.0
Vmin = 0.0
Vmax = 0.7
vStep = 0.001
vSym = True
repeats = 50
fileName = array_5_15_disorder_c_std_1.5_r_std_9_run_8
dist = exp
fullOutput = True
use_graph = False
current_map = True
plot_current_map = False
plot_binary_current_map = False
frame_norm = False
dbg = False
resume = False
sc = False
leaping = False
constQ = False
modifyR = False
double_time = False
double_loop = False
output_folder = bgu_2d_narrow_arrays
params_path = 
VG_avg = 0.0
VG_std = 0.0
C_avg = 2.0
C_std = 1.5
CG_avg = 10.0
CG_std = 0.0
R_avg = 10.0
R_std = 9.0
custom_rh = ""
custom_rv = ""
custom_ch = ""
custom_cv = ""
RG_avg = 500.0
RG_std = 0.0
n0_avg = 0.0
n0_std = 0.0
Q0_avg = 0.0
Q0_std = 0.0
----Array Parameters-----
Rows: 15
Columns: 5
VG: [[0.]
 [0.]
 [0.]
 [0.]
 [0.]
 [0.]
 [0.]
 [0.]
 [0.]
 [0.]
 [0.]
 [0.]
 [0.]
 [0.]
 [0.]
 [0.]
 [0.]
 [0.]
 [0.]
 [0.]
 [0.]
 [0.]
 [0.]
 [0.]
 [0.]
 [0.]
 [0.]
 [0.]
 [0.]
 [0.]
 [0.]
 [0.]
 [0.]
 [0.]
 [0.]
 [0.]
 [0.]
 [0.]
 [0.]
 [0.]
 [0.]
 [0.]
 [0.]
 [0.]
 [0.]
 [0.]
 [0.]
 [0.]
 [0.]
 [0.]
 [0.]
 [0.]
 [0.]
 [0.]
 [0.]
 [0.]
 [0.]
 [0.]
 [0.]
 [0.]
 [0.]
 [0.]
 [0.]
 [0.]
 [0.]
 [0.]
 [0.]
 [0.]
 [0.]
 [0.]
 [0.]
 [0.]
 [0.]
 [0.]
 [0.]]
CG: [[10.]
 [10.]
 [10.]
 [10.]
 [10.]
 [10.]
 [10.]
 [10.]
 [10.]
 [10.]
 [10.]
 [10.]
 [10.]
 [10.]
 [10.]
 [10.]
 [10.]
 [10.]
 [10.]
 [10.]
 [10.]
 [10.]
 [10.]
 [10.]
 [10.]
 [10.]
 [10.]
 [10.]
 [10.]
 [10.]
 [10.]
 [10.]
 [10.]
 [10.]
 [10.]
 [10.]
 [10.]
 [10.]
 [10.]
 [10.]
 [10.]
 [10.]
 [10.]
 [10.]
 [10.]
 [10.]
 [10.]
 [10.]
 [10.]
 [10.]
 [10.]
 [10.]
 [10.]
 [10.]
 [10.]
 [10.]
 [10.]
 [10.]
 [10.]
 [10.]
 [10.]
 [10.]
 [10.]
 [10.]
 [10.]
 [10.]
 [10.]
 [10.]
 [10.]
 [10.]
 [10.]
 [10.]
 [10.]
 [10.]
 [10.]]
RG: [[500.]
 [500.]
 [500.]
 [500.]
 [500.]
 [500.]
 [500.]
 [500.]
 [500.]
 [500.]
 [500.]
 [500.]
 [500.]
 [500.]
 [500.]
 [500.]
 [500.]
 [500.]
 [500.]
 [500.]
 [500.]
 [500.]
 [500.]
 [500.]
 [500.]
 [500.]
 [500.]
 [500.]
 [500.]
 [500.]
 [500.]
 [500.]
 [500.]
 [500.]
 [500.]
 [500.]
 [500.]
 [500.]
 [500.]
 [500.]
 [500.]
 [500.]
 [500.]
 [500.]
 [500.]
 [500.]
 [500.]
 [500.]
 [500.]
 [500.]
 [500.]
 [500.]
 [500.]
 [500.]
 [500.]
 [500.]
 [500.]
 [500.]
 [500.]
 [500.]
 [500.]
 [500.]
 [500.]
 [500.]
 [500.]
 [500.]
 [500.]
 [500.]
 [500.]
 [500.]
 [500.]
 [500.]
 [500.]
 [500.]
 [500.]]
Ch: [[1.34519719 1.23206641 0.53732802 1.21600263 0.61500634 0.74221214]
 [2.91589604 2.9883733  1.73137899 1.11010466 0.56066648 1.73254273]
 [1.24038985 2.52408668 1.81692623 1.00745712 0.99309039 0.98086624]
 [1.83257142 1.03515487 0.87845594 2.43772246 0.5812035  1.94422537]
 [2.01124469 0.51878807 1.46873538 1.11762106 1.20893815 0.80602808]
 [2.49405771 0.72047744 0.71093277 3.34014233 1.23430629 1.22431392]
 [2.04627256 0.90062021 1.88245427 1.59163168 0.53720962 0.51284683]
 [1.33123668 3.04728907 2.57298918 0.91252867 0.56016832 0.66645199]
 [0.59648253 3.32918109 0.53950105 2.86142447 2.58333374 0.65733842]
 [0.87798705 0.78448476 1.22173361 0.89067692 1.764697   1.46836494]
 [0.71460231 1.38630158 1.45995564 1.15082639 1.08035498 1.9478466 ]
 [1.73183436 0.62134725 0.62002348 2.25872548 0.81482032 0.97358341]
 [1.94747276 2.20611933 1.46361351 2.34090248 2.90437254 1.23269219]
 [0.66690142 2.24224187 0.59923581 1.30513336 1.6013587  0.9695686 ]
 [2.24760204 2.61377322 1.03876802 0.7301595  2.44099865 0.77625216]]
Cv: [[0.         0.         0.         0.         0.        ]
 [2.21648368 2.01320412 2.47277233 0.6319177  1.08446896]
 [0.89100959 1.28433707 0.73336746 0.61577082 1.2717767 ]
 [1.00696824 2.1628846  0.84257297 0.89371251 0.6402997 ]
 [1.0742358  2.28706318 0.74412112 0.86515331 0.51018907]
 [2.17367023 2.93090699 1.27026699 1.8538326  2.44875446]
 [2.27662671 1.5206301  1.05095586 1.46583973 0.74476413]
 [2.17819442 1.31841102 0.64794138 0.83728742 1.31117242]
 [3.40685349 0.71734584 3.07372581 0.50697235 3.37356648]
 [0.68661398 2.44134039 3.26461751 0.70957071 0.79492828]
 [0.65091356 0.78750351 1.25093772 0.52331538 0.76267158]
 [0.7431354  2.18612195 1.65251524 1.82273803 0.65122355]
 [1.01437707 1.5282263  2.65292459 1.11459965 2.17018517]
 [1.74248629 0.84310229 1.63789884 1.67409901 1.12439349]
 [0.909563   0.56055576 0.51147855 0.6410478  0.87116212]]
Rh: [[ 6.71060793  4.29504678  3.85605854  2.0666381   1.60542594 15.59049843]
 [18.69744836  3.78581655  7.04297556  3.74777221  5.58369996  2.52231414]
 [ 1.19176034  9.7905508   2.21340753  5.68186069  1.06033098  3.97230361]
 [ 9.32011507  5.14199261  6.15852428  1.05079303  3.51058816  1.17138532]
 [ 5.1349589  11.74721082  1.52908522 13.91716894  7.97919602  3.46621942]
 [ 9.46766737  1.03972987  7.40648664 11.8515301   1.65486638 16.3324879 ]
 [ 8.45587817  2.48107952  1.2587505  16.55504802  1.03092095  2.0983027 ]
 [ 6.76993269  2.71985308  1.3359084   6.32589963  1.11594468 15.24615881]
 [10.6406092   2.38813063  6.2289402  10.24366278  5.11107041  5.55584111]
 [ 2.70203157  4.36653939  1.19079571  1.47039137  2.07662556  2.50205918]
 [15.03302213  4.03466664  1.92181193  1.92474818  3.62076385  2.41817275]
 [ 9.10493311  1.21411815  2.90513306  4.34562475  8.35505252  1.51086548]
 [ 7.46072038  7.90650733  2.18600505  6.1589792  15.88659454  4.58943674]
 [ 1.75549286 16.78145338  2.69760669  4.044062   11.51974394  2.07025304]
 [ 9.29641857  5.56250187 11.06346009  4.37658037 11.2132891  12.33116271]]
Rv: [[ 8.26811161  7.71076421 17.56923279  1.77703821  8.68506794]
 [ 8.13403129 11.58821799  4.96903827  1.37195992  4.32393695]
 [ 7.89788727  7.96096213  1.54451242  7.38020517  6.20755992]
 [ 8.31712515  1.30258444  1.56860678 18.89169875 14.57015551]
 [10.93619035  1.46305415 16.28086556  1.75197339  8.89162   ]
 [ 8.3440001   4.55409023 12.00515842  3.5107121  17.54451327]
 [ 8.62620061  1.9215108   8.90312702 13.60124414 10.46707433]
 [ 2.7133345   3.38368985 17.87407525  3.29172399  3.80520824]
 [14.16624415 15.07148359  3.70719972  1.40005522  4.27106169]
 [ 2.5062575   1.38560901  1.8614896   2.02095502  1.06315734]
 [ 6.14030759  4.32936554  3.07956732  1.24143876 12.12966477]
 [ 1.18761725  2.63214001  1.40321966  5.18596902 15.827892  ]
 [ 3.18264517  8.58366026 12.20836324  8.43446316  1.99717191]
 [ 3.16300837  2.1040777   2.90943944  6.40781805  1.8506919 ]]