-------Running parameters--------
T = 0.001
temperature_gradient = 0.0
gap = 0.0
M = 15
N = 5
VR = 0.0
Vmin = 0.0
Vmax = 0.7
vStep = 0.001
vSym = True
repeats = 50
fileName = array_5_15_disorder_c_std_1_r_std_9_run_10
dist = exp
fullOutput = True
use_graph = False
current_map = True
plot_current_map = False
plot_binary_current_map = False
frame_norm = False
dbg = False
resume = False
sc = False
leaping = False
constQ = False
modifyR = False
double_time = False
double_loop = False
output_folder = bgu_2d_narrow_arrays
params_path = 
VG_avg = 0.0
VG_std = 0.0
C_avg = 2.0
C_std = 1.0
CG_avg = 10.0
CG_std = 0.0
R_avg = 10.0
R_std = 9.0
custom_rh = ""
custom_rv = ""
custom_ch = ""
custom_cv = ""
RG_avg = 500.0
RG_std = 0.0
n0_avg = 0.0
n0_std = 0.0
Q0_avg = 0.0
Q0_std = 0.0
----Array Parameters-----
Rows: 15
Columns: 5
VG: [[0.]
 [0.]
 [0.]
 [0.]
 [0.]
 [0.]
 [0.]
 [0.]
 [0.]
 [0.]
 [0.]
 [0.]
 [0.]
 [0.]
 [0.]
 [0.]
 [0.]
 [0.]
 [0.]
 [0.]
 [0.]
 [0.]
 [0.]
 [0.]
 [0.]
 [0.]
 [0.]
 [0.]
 [0.]
 [0.]
 [0.]
 [0.]
 [0.]
 [0.]
 [0.]
 [0.]
 [0.]
 [0.]
 [0.]
 [0.]
 [0.]
 [0.]
 [0.]
 [0.]
 [0.]
 [0.]
 [0.]
 [0.]
 [0.]
 [0.]
 [0.]
 [0.]
 [0.]
 [0.]
 [0.]
 [0.]
 [0.]
 [0.]
 [0.]
 [0.]
 [0.]
 [0.]
 [0.]
 [0.]
 [0.]
 [0.]
 [0.]
 [0.]
 [0.]
 [0.]
 [0.]
 [0.]
 [0.]
 [0.]
 [0.]]
CG: [[10.]
 [10.]
 [10.]
 [10.]
 [10.]
 [10.]
 [10.]
 [10.]
 [10.]
 [10.]
 [10.]
 [10.]
 [10.]
 [10.]
 [10.]
 [10.]
 [10.]
 [10.]
 [10.]
 [10.]
 [10.]
 [10.]
 [10.]
 [10.]
 [10.]
 [10.]
 [10.]
 [10.]
 [10.]
 [10.]
 [10.]
 [10.]
 [10.]
 [10.]
 [10.]
 [10.]
 [10.]
 [10.]
 [10.]
 [10.]
 [10.]
 [10.]
 [10.]
 [10.]
 [10.]
 [10.]
 [10.]
 [10.]
 [10.]
 [10.]
 [10.]
 [10.]
 [10.]
 [10.]
 [10.]
 [10.]
 [10.]
 [10.]
 [10.]
 [10.]
 [10.]
 [10.]
 [10.]
 [10.]
 [10.]
 [10.]
 [10.]
 [10.]
 [10.]
 [10.]
 [10.]
 [10.]
 [10.]
 [10.]
 [10.]]
RG: [[500.]
 [500.]
 [500.]
 [500.]
 [500.]
 [500.]
 [500.]
 [500.]
 [500.]
 [500.]
 [500.]
 [500.]
 [500.]
 [500.]
 [500.]
 [500.]
 [500.]
 [500.]
 [500.]
 [500.]
 [500.]
 [500.]
 [500.]
 [500.]
 [500.]
 [500.]
 [500.]
 [500.]
 [500.]
 [500.]
 [500.]
 [500.]
 [500.]
 [500.]
 [500.]
 [500.]
 [500.]
 [500.]
 [500.]
 [500.]
 [500.]
 [500.]
 [500.]
 [500.]
 [500.]
 [500.]
 [500.]
 [500.]
 [500.]
 [500.]
 [500.]
 [500.]
 [500.]
 [500.]
 [500.]
 [500.]
 [500.]
 [500.]
 [500.]
 [500.]
 [500.]
 [500.]
 [500.]
 [500.]
 [500.]
 [500.]
 [500.]
 [500.]
 [500.]
 [500.]
 [500.]
 [500.]
 [500.]
 [500.]
 [500.]]
Ch: [[1.27823567 1.16488595 1.09433834 1.19172    1.84794333 1.53882535]
 [2.90581021 2.48286158 1.38510356 1.03011197 2.80722106 1.4933364 ]
 [2.70712853 1.30437763 2.14967534 1.26873    1.29349582 2.35941661]
 [1.36498582 1.00616011 1.75771198 2.0386252  2.48400075 2.66144328]
 [1.52595696 1.50162481 1.89189915 1.75855391 1.40375916 1.60652436]
 [2.80164978 1.01397853 1.61170518 1.22683034 1.84428013 2.95990847]
 [1.13943711 1.63523403 1.94467913 1.11460142 1.37741499 2.82282764]
 [2.18741241 2.57057436 2.66262519 1.28255848 1.20202941 1.02011095]
 [1.3379466  2.87785528 2.10618517 1.03931338 2.58988742 2.72692589]
 [2.69707538 2.18758459 2.40655776 1.18168423 1.80004086 1.29705577]
 [1.66654361 2.07326203 1.36002424 2.72204812 1.66356081 1.82339465]
 [2.2129938  2.00480841 2.13387258 1.98858118 1.44501814 1.12988903]
 [1.37819244 2.55733544 1.04944137 1.8004089  1.82256443 1.10366044]
 [1.99163191 1.73689657 1.36501337 2.66759757 1.37487718 2.44977149]
 [1.32807361 1.35275953 2.15084185 1.14606294 1.88619059 2.2752099 ]]
Cv: [[0.         0.         0.         0.         0.        ]
 [1.66661468 2.80013883 1.27597609 1.42421893 1.59098269]
 [1.39552991 2.86044153 1.06227886 1.15302468 2.01536948]
 [2.29027332 2.12708914 1.01802575 2.89046309 2.26824484]
 [1.07275793 2.06143406 1.38174047 1.15083139 1.60642568]
 [1.5847698  2.79524213 2.27192165 1.16448755 2.18800928]
 [1.1573705  1.45486809 1.59021885 1.81321823 2.12521437]
 [1.50801905 1.1686949  2.42569766 2.05080599 1.18635453]
 [1.72146261 2.35609019 2.1551631  1.28208219 2.33528996]
 [1.7610748  1.87418815 2.74424254 2.98444895 2.35491051]
 [1.1831307  1.93128922 1.33629232 2.95863635 2.40006004]
 [1.26625324 1.41260575 1.01774486 1.68641755 1.07719561]
 [1.29324637 1.67519756 2.08202587 2.98858216 2.49015048]
 [1.34023258 2.31109619 1.65533076 1.31894807 1.07216081]
 [2.07582338 2.41506425 1.00766473 2.97386192 2.65539939]]
Rh: [[10.16285951 10.22396174  4.74528449  7.80708197 17.44240879  2.61797741]
 [ 2.41972174  1.35940925  1.39723426  6.89511854  1.56613801  2.54405185]
 [ 1.87814036  1.13551879  4.84594554  8.38246185  1.3419973   3.51643727]
 [12.78189936  2.06719132  1.21134164  1.33631483  9.92629734  7.37255556]
 [10.04283373  1.00125414 12.46657474  1.8602996   7.94423578  2.85535205]
 [ 1.93619482  5.93412197  2.28375403  6.34216488 10.37776137  7.44986634]
 [18.98279819  4.78520705  4.05091844  4.99260484  7.52301179  2.24393242]
 [ 6.67662486 14.74570125  3.11165355 12.6695512  15.63914691 10.72928217]
 [11.71904666  2.91923906  2.78958703  1.31349435  9.07911474  1.03750313]
 [ 2.56792815  9.74598532  2.36682083  2.68656227  3.50364409  1.22277338]
 [ 1.45205513  1.46846978  6.78856276  3.22291917 11.68894443  6.50812979]
 [ 3.70723451 17.34227277 15.64188902 15.80409127  2.073225    2.83888974]
 [ 5.68327582  5.67227366  1.14334964  1.57060262 16.46486514  8.74079758]
 [ 1.15012443 16.55547551 13.74574244 13.51944881  2.1064689   2.69897767]
 [ 2.44570983  4.28517462  7.51293619  7.57479938  2.09625468  5.86740659]]
Rv: [[ 1.26943399 10.31425279  8.21015427  4.14138579  3.00249258]
 [16.91372002  2.94372231 14.53650832  6.66641675 17.41067263]
 [ 2.02872458  1.61642422  8.56341404  2.18700351 14.95455924]
 [ 7.91638353  1.05376475  6.34165265 11.80553501  1.63693009]
 [ 2.1405676  14.68932042  2.17940783  8.03435827  1.56330364]
 [ 6.03299753 11.39786456  2.20916161  8.4324301   8.12239404]
 [ 1.14739128  1.34535174  8.25681426  1.23505496  5.17709213]
 [ 6.18160764  7.21674781  3.09954124  5.50647672  5.33804922]
 [ 2.27967639  3.97922563 13.54118478  1.15386945  2.55279433]
 [ 1.898997    3.3558905   2.31408099  2.75729467  2.11731796]
 [ 2.53965707  9.98365546  4.47317025 13.51208048  4.33505682]
 [ 4.12325622  2.49324948 16.90192747  1.24777484  1.16414597]
 [ 7.34249151  2.57765249 15.52395336 17.06942622  1.5189894 ]
 [ 3.05054068 18.70444821 16.56606212 13.78707005 16.00300391]]