-------Running parameters--------
T = 0.001
temperature_gradient = 0.0
gap = 0.0
M = 15
N = 5
VR = 0.0
Vmin = 0.0
Vmax = 0.7
vStep = 0.001
vSym = True
repeats = 50
fileName = array_5_15_disorder_c_std_0.5_r_std_9_run_3
dist = exp
fullOutput = True
use_graph = False
current_map = True
plot_current_map = False
plot_binary_current_map = False
frame_norm = False
dbg = False
resume = False
sc = False
leaping = False
constQ = False
modifyR = False
double_time = False
double_loop = False
output_folder = bgu_2d_narrow_arrays
params_path = 
VG_avg = 0.0
VG_std = 0.0
C_avg = 2.0
C_std = 0.5
CG_avg = 10.0
CG_std = 0.0
R_avg = 10.0
R_std = 9.0
custom_rh = ""
custom_rv = ""
custom_ch = ""
custom_cv = ""
RG_avg = 500.0
RG_std = 0.0
n0_avg = 0.0
n0_std = 0.0
Q0_avg = 0.0
Q0_std = 0.0
----Array Parameters-----
Rows: 15
Columns: 5
VG: [[0.]
 [0.]
 [0.]
 [0.]
 [0.]
 [0.]
 [0.]
 [0.]
 [0.]
 [0.]
 [0.]
 [0.]
 [0.]
 [0.]
 [0.]
 [0.]
 [0.]
 [0.]
 [0.]
 [0.]
 [0.]
 [0.]
 [0.]
 [0.]
 [0.]
 [0.]
 [0.]
 [0.]
 [0.]
 [0.]
 [0.]
 [0.]
 [0.]
 [0.]
 [0.]
 [0.]
 [0.]
 [0.]
 [0.]
 [0.]
 [0.]
 [0.]
 [0.]
 [0.]
 [0.]
 [0.]
 [0.]
 [0.]
 [0.]
 [0.]
 [0.]
 [0.]
 [0.]
 [0.]
 [0.]
 [0.]
 [0.]
 [0.]
 [0.]
 [0.]
 [0.]
 [0.]
 [0.]
 [0.]
 [0.]
 [0.]
 [0.]
 [0.]
 [0.]
 [0.]
 [0.]
 [0.]
 [0.]
 [0.]
 [0.]]
CG: [[10.]
 [10.]
 [10.]
 [10.]
 [10.]
 [10.]
 [10.]
 [10.]
 [10.]
 [10.]
 [10.]
 [10.]
 [10.]
 [10.]
 [10.]
 [10.]
 [10.]
 [10.]
 [10.]
 [10.]
 [10.]
 [10.]
 [10.]
 [10.]
 [10.]
 [10.]
 [10.]
 [10.]
 [10.]
 [10.]
 [10.]
 [10.]
 [10.]
 [10.]
 [10.]
 [10.]
 [10.]
 [10.]
 [10.]
 [10.]
 [10.]
 [10.]
 [10.]
 [10.]
 [10.]
 [10.]
 [10.]
 [10.]
 [10.]
 [10.]
 [10.]
 [10.]
 [10.]
 [10.]
 [10.]
 [10.]
 [10.]
 [10.]
 [10.]
 [10.]
 [10.]
 [10.]
 [10.]
 [10.]
 [10.]
 [10.]
 [10.]
 [10.]
 [10.]
 [10.]
 [10.]
 [10.]
 [10.]
 [10.]
 [10.]]
RG: [[500.]
 [500.]
 [500.]
 [500.]
 [500.]
 [500.]
 [500.]
 [500.]
 [500.]
 [500.]
 [500.]
 [500.]
 [500.]
 [500.]
 [500.]
 [500.]
 [500.]
 [500.]
 [500.]
 [500.]
 [500.]
 [500.]
 [500.]
 [500.]
 [500.]
 [500.]
 [500.]
 [500.]
 [500.]
 [500.]
 [500.]
 [500.]
 [500.]
 [500.]
 [500.]
 [500.]
 [500.]
 [500.]
 [500.]
 [500.]
 [500.]
 [500.]
 [500.]
 [500.]
 [500.]
 [500.]
 [500.]
 [500.]
 [500.]
 [500.]
 [500.]
 [500.]
 [500.]
 [500.]
 [500.]
 [500.]
 [500.]
 [500.]
 [500.]
 [500.]
 [500.]
 [500.]
 [500.]
 [500.]
 [500.]
 [500.]
 [500.]
 [500.]
 [500.]
 [500.]
 [500.]
 [500.]
 [500.]
 [500.]
 [500.]]
Ch: [[1.93047481 1.84968392 2.36050969 1.64727495 2.29651197 1.86950892]
 [2.08769394 1.51935482 2.00724658 2.18976284 2.3752216  2.20460283]
 [2.49055649 1.60514844 2.05743684 1.83002051 2.46207054 1.91201116]
 [2.07079368 2.40191662 1.53923774 2.21490593 2.38339787 2.20381624]
 [2.26756348 2.41171044 1.90588586 1.5039545  1.5561936  2.00821359]
 [1.58130726 2.05797666 2.29988479 2.44360056 2.047522   2.21311211]
 [1.92322848 2.2464744  2.3950845  2.29545361 2.24930182 1.73067859]
 [1.68217006 2.10932808 1.80522265 1.5675251  1.70888206 2.35549884]
 [1.99171506 2.02762539 2.34966677 2.370172   1.55389267 2.16583164]
 [1.58321836 2.05486214 1.70073091 1.77803606 1.74619047 1.68605552]
 [1.95183822 1.71024728 2.34402464 1.56897404 1.8667003  2.37448045]
 [1.69181384 1.66068557 1.62713111 2.15489082 1.80828736 1.89621374]
 [1.54748903 1.57600981 2.1616519  2.28352794 1.93931394 1.71385061]
 [1.71808484 2.33611193 1.86299842 2.2365566  1.7563594  1.52240506]
 [1.83851719 2.03221594 1.71239097 1.75662412 1.61773257 1.50182597]]
Cv: [[0.         0.         0.         0.         0.        ]
 [2.13319611 1.61370289 1.54365174 2.16026107 1.92934032]
 [1.54959717 2.46548102 1.74110748 1.59673121 1.55722683]
 [1.93102488 1.98434918 1.88904108 1.81582312 1.63042021]
 [1.56240236 1.50317021 2.04812333 1.63789284 1.60283905]
 [1.97714102 2.066273   1.82567344 1.92129995 2.2130139 ]
 [1.63180827 1.54649341 2.10907555 1.96426251 2.05258816]
 [2.49798435 2.13407243 2.4553749  1.75119397 1.6816983 ]
 [1.89596799 2.44171039 1.57739748 2.20155547 2.09630509]
 [2.17814265 1.6126872  1.54892425 1.70688867 2.00947418]
 [1.96323042 2.4211896  2.1606497  2.45446563 1.97167554]
 [1.88954399 1.93179479 2.21631234 2.34564936 1.79052975]
 [2.44342941 1.96997293 2.4664195  2.3495056  2.04500281]
 [1.8600587  1.61534581 2.2866921  2.21162599 1.92485091]
 [1.52939643 1.8950284  2.4596549  1.76407768 2.23261652]]
Rh: [[11.30724566  1.63300112  2.6210892   4.39082485  3.71033429 10.00600342]
 [ 1.27130639 17.624603    3.56613663  8.36323417 10.59736506  1.99393855]
 [ 3.0453239   5.24219449  1.09296247  5.66386414  3.85600911  1.13351674]
 [ 1.10412157  1.07705884  2.35976507  9.94035461  2.96118958 13.43491592]
 [ 2.00204141  1.12192364  4.92578106  7.41713766  1.82214959  1.1828813 ]
 [ 1.20942044  1.19760066  9.67511658  4.39438517  7.13685028 15.68493923]
 [ 4.32730976  9.63455606  1.91957087  1.37869591 17.77993851  1.12399563]
 [ 5.00744798  1.55688491 12.96508863  5.26377033  1.59307579  1.77319062]
 [11.38312337  1.38591024  3.2330451   1.18118367  5.92993195  7.1760357 ]
 [13.08974392  1.22279285  2.09550626  1.15168719  1.30795662 11.6316706 ]
 [ 9.45265765 12.67908995  1.19786908  7.86153874 10.90287948  1.51671008]
 [ 1.19066714  6.62923456  5.4554256   2.92559137  1.53079183  6.30849037]
 [10.03084258 17.33586978  1.84250941  3.60942782  1.53239116 15.11604065]
 [ 1.01068187  9.05809415  1.05908792  5.04227016 15.41039947  2.22160077]
 [ 7.78831644  1.27682907  1.33144074 18.23005024  9.37178149  2.80908281]]
Rv: [[16.56683001 10.25070264 10.24828109  1.35437253  3.81956138]
 [ 3.11296864  3.45667369  1.43938516  3.75942689  4.03573315]
 [ 1.29748752 13.93489223  7.38220159  3.2709349   1.73926852]
 [ 5.45191681  8.33787012  5.19687728  4.24562743  2.59194283]
 [ 1.72047439  6.25383447  2.05102545 11.03760034  1.6751718 ]
 [16.1196019   3.6677205   3.85715417 13.99245305  3.03121586]
 [10.83841951  1.38609755  3.74505595  9.20871324  1.4340076 ]
 [ 2.24116862 11.6713947   2.64715504 10.21863876  1.04653453]
 [ 2.82813573  1.30959023 18.02617976  1.17167625  1.48269272]
 [ 3.78739066 10.76712578  1.73658691  5.07625351  1.56112561]
 [ 9.93361612  3.37320569  3.8409027   1.24033289  8.95278588]
 [14.73971503  8.37699765 11.09629609  1.55744861  2.53013837]
 [ 2.4605756   4.20892144  5.43434756  7.92940038  6.35163968]
 [ 5.37849066  1.5630846   3.00443348 12.94927699  1.21907606]]