-------Running parameters--------
T = 0.001
temperature_gradient = 0.0
gap = 0.0
M = 15
N = 5
VR = 0.0
Vmin = 0.0
Vmax = 0.7
vStep = 0.001
vSym = True
repeats = 50
fileName = array_5_15_disorder_c_std_0.1_r_std_9_run_8
dist = exp
fullOutput = True
use_graph = False
current_map = True
plot_current_map = False
plot_binary_current_map = False
frame_norm = False
dbg = False
resume = False
sc = False
leaping = False
constQ = False
modifyR = False
double_time = False
double_loop = False
output_folder = bgu_2d_narrow_arrays
params_path = 
VG_avg = 0.0
VG_std = 0.0
C_avg = 2.0
C_std = 0.1
CG_avg = 10.0
CG_std = 0.0
R_avg = 10.0
R_std = 9.0
custom_rh = ""
custom_rv = ""
custom_ch = ""
custom_cv = ""
RG_avg = 500.0
RG_std = 0.0
n0_avg = 0.0
n0_std = 0.0
Q0_avg = 0.0
Q0_std = 0.0
----Array Parameters-----
Rows: 15
Columns: 5
VG: [[0.]
 [0.]
 [0.]
 [0.]
 [0.]
 [0.]
 [0.]
 [0.]
 [0.]
 [0.]
 [0.]
 [0.]
 [0.]
 [0.]
 [0.]
 [0.]
 [0.]
 [0.]
 [0.]
 [0.]
 [0.]
 [0.]
 [0.]
 [0.]
 [0.]
 [0.]
 [0.]
 [0.]
 [0.]
 [0.]
 [0.]
 [0.]
 [0.]
 [0.]
 [0.]
 [0.]
 [0.]
 [0.]
 [0.]
 [0.]
 [0.]
 [0.]
 [0.]
 [0.]
 [0.]
 [0.]
 [0.]
 [0.]
 [0.]
 [0.]
 [0.]
 [0.]
 [0.]
 [0.]
 [0.]
 [0.]
 [0.]
 [0.]
 [0.]
 [0.]
 [0.]
 [0.]
 [0.]
 [0.]
 [0.]
 [0.]
 [0.]
 [0.]
 [0.]
 [0.]
 [0.]
 [0.]
 [0.]
 [0.]
 [0.]]
CG: [[10.]
 [10.]
 [10.]
 [10.]
 [10.]
 [10.]
 [10.]
 [10.]
 [10.]
 [10.]
 [10.]
 [10.]
 [10.]
 [10.]
 [10.]
 [10.]
 [10.]
 [10.]
 [10.]
 [10.]
 [10.]
 [10.]
 [10.]
 [10.]
 [10.]
 [10.]
 [10.]
 [10.]
 [10.]
 [10.]
 [10.]
 [10.]
 [10.]
 [10.]
 [10.]
 [10.]
 [10.]
 [10.]
 [10.]
 [10.]
 [10.]
 [10.]
 [10.]
 [10.]
 [10.]
 [10.]
 [10.]
 [10.]
 [10.]
 [10.]
 [10.]
 [10.]
 [10.]
 [10.]
 [10.]
 [10.]
 [10.]
 [10.]
 [10.]
 [10.]
 [10.]
 [10.]
 [10.]
 [10.]
 [10.]
 [10.]
 [10.]
 [10.]
 [10.]
 [10.]
 [10.]
 [10.]
 [10.]
 [10.]
 [10.]]
RG: [[500.]
 [500.]
 [500.]
 [500.]
 [500.]
 [500.]
 [500.]
 [500.]
 [500.]
 [500.]
 [500.]
 [500.]
 [500.]
 [500.]
 [500.]
 [500.]
 [500.]
 [500.]
 [500.]
 [500.]
 [500.]
 [500.]
 [500.]
 [500.]
 [500.]
 [500.]
 [500.]
 [500.]
 [500.]
 [500.]
 [500.]
 [500.]
 [500.]
 [500.]
 [500.]
 [500.]
 [500.]
 [500.]
 [500.]
 [500.]
 [500.]
 [500.]
 [500.]
 [500.]
 [500.]
 [500.]
 [500.]
 [500.]
 [500.]
 [500.]
 [500.]
 [500.]
 [500.]
 [500.]
 [500.]
 [500.]
 [500.]
 [500.]
 [500.]
 [500.]
 [500.]
 [500.]
 [500.]
 [500.]
 [500.]
 [500.]
 [500.]
 [500.]
 [500.]
 [500.]
 [500.]
 [500.]
 [500.]
 [500.]
 [500.]]
Ch: [[1.90532774 1.94153748 2.06426115 1.97055913 2.00501808 1.97395845]
 [1.92204907 2.03061308 1.96523157 1.91480015 1.94506508 2.09942727]
 [1.97021342 2.0167966  1.91746083 2.03587072 2.0126192  1.93117204]
 [1.98019203 2.09632281 2.0906089  1.90791129 1.93928184 2.09803349]
 [2.06971643 1.91331036 2.0963079  2.09072474 1.90052285 1.90800621]
 [1.90883629 2.04905766 1.96069933 1.95082464 1.96009201 1.92598328]
 [2.07493892 1.94754353 2.08763632 1.92499521 1.91000704 1.98480159]
 [1.98973663 2.00175339 1.93686543 2.01301018 1.98161125 1.99809085]
 [1.95715123 1.93243613 1.90443415 1.96614416 1.99117002 1.90712145]
 [1.96030258 2.09526502 1.92830627 1.98279972 2.09595826 2.06655899]
 [1.92706448 1.94366649 2.00980895 1.97216556 2.00862741 1.95751529]
 [2.08605405 1.97063828 1.9260334  1.96923389 1.91895022 2.01380677]
 [2.01054069 1.91153208 1.96991765 2.0868539  1.92328715 2.02175265]
 [2.08323617 1.92192488 1.91998684 2.02634131 1.97223062 2.01413186]
 [1.9640062  2.08696394 2.05445292 2.03104282 1.9536123  1.93865568]]
Cv: [[0.         0.         0.         0.         0.        ]
 [1.98935504 1.93561669 1.99996901 1.90340716 2.02608001]
 [2.00795696 2.05301341 2.05562512 2.04876675 2.09023081]
 [1.97158383 1.98104372 2.02707858 1.94643185 1.99519333]
 [2.00694583 2.09074452 2.00696952 1.99980863 1.91263941]
 [1.93957998 2.00054362 1.91082791 1.94375719 2.07231147]
 [2.05050564 1.95733006 2.05097347 2.07328325 1.91864324]
 [1.94782261 2.03115608 1.94153147 2.0888263  1.96145515]
 [1.95273677 2.03360363 2.00764082 2.00958729 1.91130798]
 [1.97989503 2.07303737 2.07042218 2.0835858  2.09977442]
 [2.02793326 1.91735611 1.96865801 1.95982553 2.07122777]
 [1.99565437 1.93395629 1.90212597 1.96382133 1.90017296]
 [2.03005922 1.98174516 1.95644238 1.93207744 1.90543168]
 [1.96676459 2.04286828 1.92464226 1.95368851 2.03147014]
 [2.05175443 2.03946023 1.95539763 2.08703304 1.97680621]]
Rh: [[ 9.87276955 15.43741901 12.47246231  9.7355757   1.08397835  2.91503279]
 [ 7.40213856  3.54998152  7.51204668  8.34820021  1.14495329  9.80791805]
 [ 4.25231396  5.72744542  1.99332852 11.36656927  3.7583094   2.92317508]
 [13.98370982  1.79127767  2.23090772 14.93142642  1.89495306  5.33088165]
 [12.88807245  8.34971536 15.13866065  1.0389561   1.23816862  4.30358125]
 [ 1.3495876   1.47518086  2.6965044   1.03243814  8.97222585  8.79937223]
 [ 8.60236788  2.07288361  8.98513028  9.65345637  2.95407948  2.30702452]
 [ 7.30299418 12.86034289  4.25776424 10.30931947  4.31641891  4.43727336]
 [ 3.74144364  6.66156799  6.76081699  1.14722395  2.60517442  6.00425128]
 [ 1.85022772  4.00673833 18.3423733   5.82197702  6.12975816  9.36873725]
 [ 1.29225981  6.93619997  5.55982827  4.20506252  1.87078411  3.31820014]
 [ 7.98397488  2.66645792  1.58460145  1.93691807  2.3600847   9.91575483]
 [11.95431802 11.74745966  3.19350228  1.6358028   1.41442468  1.47702451]
 [18.5578425  17.52359979  2.28840481  2.95410847 18.70043506  2.04107938]
 [ 7.22199673 13.84311676  2.20450301  6.66238442  3.92844209  1.93008841]]
Rv: [[ 4.13044462 15.23574966  1.4440399   4.31426555  5.47329088]
 [10.16729355  6.51640558 15.65509636  1.37412916 14.12673534]
 [ 7.66894857  6.27644399  2.7017819   3.22730974  1.2457531 ]
 [ 1.82123004 12.08026097  4.71384142  2.6474625  14.59285705]
 [14.51581483  2.41448477  7.24365792  1.34701869  3.54858586]
 [10.59429931 13.19592749 14.82853368  7.57184332 11.38214979]
 [ 2.15018693 16.32375857  2.06457577  4.27001738 15.55056353]
 [ 4.62363281  4.75588417 11.04557997  8.74314252  3.71944648]
 [ 2.85343282  3.08761002  3.80152786  1.24403601 11.57865926]
 [ 2.35103728  2.22509064  1.42949748  4.91456444  1.72934504]
 [ 5.32887619  9.16036936  1.61295382 10.17903091 16.09001834]
 [ 2.17640071  1.95691705  5.41570127  6.72398817  2.31622786]
 [ 7.85382449  9.52327568  3.81444219  6.92789623  3.37857735]
 [ 7.27105013  4.76727496  1.04094542 17.01635179 15.12168682]]