-------Running parameters--------
T = 0.001
temperature_gradient = 0.0
gap = 0.0
M = 15
N = 5
VR = 0.0
Vmin = 0.0
Vmax = 0.7
vStep = 0.001
vSym = True
repeats = 50
fileName = array_5_15_disorder_c_std_0.1_r_std_9_run_2
dist = exp
fullOutput = True
use_graph = False
current_map = True
plot_current_map = False
plot_binary_current_map = False
frame_norm = False
dbg = False
resume = False
sc = False
leaping = False
constQ = False
modifyR = False
double_time = False
double_loop = False
output_folder = bgu_2d_narrow_arrays
params_path = 
VG_avg = 0.0
VG_std = 0.0
C_avg = 2.0
C_std = 0.1
CG_avg = 10.0
CG_std = 0.0
R_avg = 10.0
R_std = 9.0
custom_rh = ""
custom_rv = ""
custom_ch = ""
custom_cv = ""
RG_avg = 500.0
RG_std = 0.0
n0_avg = 0.0
n0_std = 0.0
Q0_avg = 0.0
Q0_std = 0.0
----Array Parameters-----
Rows: 15
Columns: 5
VG: [[0.]
 [0.]
 [0.]
 [0.]
 [0.]
 [0.]
 [0.]
 [0.]
 [0.]
 [0.]
 [0.]
 [0.]
 [0.]
 [0.]
 [0.]
 [0.]
 [0.]
 [0.]
 [0.]
 [0.]
 [0.]
 [0.]
 [0.]
 [0.]
 [0.]
 [0.]
 [0.]
 [0.]
 [0.]
 [0.]
 [0.]
 [0.]
 [0.]
 [0.]
 [0.]
 [0.]
 [0.]
 [0.]
 [0.]
 [0.]
 [0.]
 [0.]
 [0.]
 [0.]
 [0.]
 [0.]
 [0.]
 [0.]
 [0.]
 [0.]
 [0.]
 [0.]
 [0.]
 [0.]
 [0.]
 [0.]
 [0.]
 [0.]
 [0.]
 [0.]
 [0.]
 [0.]
 [0.]
 [0.]
 [0.]
 [0.]
 [0.]
 [0.]
 [0.]
 [0.]
 [0.]
 [0.]
 [0.]
 [0.]
 [0.]]
CG: [[10.]
 [10.]
 [10.]
 [10.]
 [10.]
 [10.]
 [10.]
 [10.]
 [10.]
 [10.]
 [10.]
 [10.]
 [10.]
 [10.]
 [10.]
 [10.]
 [10.]
 [10.]
 [10.]
 [10.]
 [10.]
 [10.]
 [10.]
 [10.]
 [10.]
 [10.]
 [10.]
 [10.]
 [10.]
 [10.]
 [10.]
 [10.]
 [10.]
 [10.]
 [10.]
 [10.]
 [10.]
 [10.]
 [10.]
 [10.]
 [10.]
 [10.]
 [10.]
 [10.]
 [10.]
 [10.]
 [10.]
 [10.]
 [10.]
 [10.]
 [10.]
 [10.]
 [10.]
 [10.]
 [10.]
 [10.]
 [10.]
 [10.]
 [10.]
 [10.]
 [10.]
 [10.]
 [10.]
 [10.]
 [10.]
 [10.]
 [10.]
 [10.]
 [10.]
 [10.]
 [10.]
 [10.]
 [10.]
 [10.]
 [10.]]
RG: [[500.]
 [500.]
 [500.]
 [500.]
 [500.]
 [500.]
 [500.]
 [500.]
 [500.]
 [500.]
 [500.]
 [500.]
 [500.]
 [500.]
 [500.]
 [500.]
 [500.]
 [500.]
 [500.]
 [500.]
 [500.]
 [500.]
 [500.]
 [500.]
 [500.]
 [500.]
 [500.]
 [500.]
 [500.]
 [500.]
 [500.]
 [500.]
 [500.]
 [500.]
 [500.]
 [500.]
 [500.]
 [500.]
 [500.]
 [500.]
 [500.]
 [500.]
 [500.]
 [500.]
 [500.]
 [500.]
 [500.]
 [500.]
 [500.]
 [500.]
 [500.]
 [500.]
 [500.]
 [500.]
 [500.]
 [500.]
 [500.]
 [500.]
 [500.]
 [500.]
 [500.]
 [500.]
 [500.]
 [500.]
 [500.]
 [500.]
 [500.]
 [500.]
 [500.]
 [500.]
 [500.]
 [500.]
 [500.]
 [500.]
 [500.]]
Ch: [[1.93613256 1.94424337 2.07997052 2.01571348 2.04880429 2.05012036]
 [1.90146485 1.93554325 2.09659606 1.92152669 2.08892122 1.9502208 ]
 [2.07586281 2.08891685 1.95139956 1.95718532 1.96764217 2.04119404]
 [2.0397477  2.05941423 2.06671335 1.93905526 2.07391249 2.08711298]
 [2.03108402 1.95999798 1.90050756 1.99115016 1.95525558 1.9226004 ]
 [2.06711883 1.90874535 1.96866662 1.95160152 1.95586257 2.00573968]
 [2.09872728 2.00222913 1.93079638 1.95071524 1.93696186 1.94715885]
 [2.01954407 1.9373395  1.95692371 1.9847999  2.08509711 2.01102308]
 [1.93739692 1.90046272 1.92882304 1.96374779 2.06912556 1.98259248]
 [2.03978786 2.05422065 2.08646554 2.01568362 2.03924548 1.99566216]
 [1.94707382 2.07836083 2.01833381 1.98240401 2.09089469 2.03365402]
 [1.97798495 2.08389799 1.92340659 1.92783096 1.94368414 1.91476903]
 [2.0643516  2.0455211  1.91308446 1.9949607  2.03967227 1.99025369]
 [2.09879645 2.02103756 1.96811565 1.95037593 2.01867979 2.02942424]
 [2.04882858 1.92638903 1.99366201 1.96463759 1.93616778 1.9783973 ]]
Cv: [[0.         0.         0.         0.         0.        ]
 [2.06819223 1.91445055 2.0932823  1.92818145 2.02913907]
 [2.02950924 2.04851242 1.99994417 2.05152489 2.06508124]
 [2.06488221 2.00514752 2.096109   1.97064455 1.97046789]
 [2.09906183 1.90330848 1.95224256 2.07477157 2.00881409]
 [1.97984068 2.01655238 1.99499693 1.90313561 1.99308737]
 [2.09342211 1.95446366 1.98411553 2.02922655 2.04189822]
 [2.09764317 2.01796879 1.90362494 1.93362177 1.90642098]
 [2.02069774 2.07905009 1.98715813 2.0476086  2.06141721]
 [1.9923382  1.94513661 1.91465845 2.01614941 2.0610406 ]
 [2.0058131  2.06135623 1.94761414 2.01857672 2.0131907 ]
 [1.96245869 2.05974702 2.03353778 1.90797592 2.00358276]
 [1.95426583 1.98533166 2.07726033 1.9687841  2.00369442]
 [2.08548076 2.03743293 1.9633756  2.06289709 2.09902822]
 [2.01973444 1.91209458 1.99263379 2.02393237 2.08783653]]
Rh: [[ 8.06448737 12.11103394 15.72809132  8.94479034  7.76120123  9.85825378]
 [ 4.26233342  4.01030808  7.85092243  3.01946595  2.28585399  6.05732731]
 [ 8.42785354  3.59800942  6.24422754  4.06485871  7.50516836  1.40328904]
 [13.8627811   1.14276289  7.45073937  1.01178424 17.7538822   2.18832858]
 [ 4.24557765  5.47228399  1.80714966 13.69967913  3.54003572  1.28111698]
 [ 2.59555777  1.61819958  1.84551692 11.24224922  5.622432    2.93311985]
 [ 7.98349683  1.7537955   2.71209654  4.41541811  1.7481652  14.6107507 ]
 [ 1.73691606  4.48298679 12.31047059  8.33607444  4.78485656 16.72260525]
 [ 3.92411177 16.86282759  5.22117447  1.1780294   7.30676222  5.95659233]
 [12.14009603  8.08691219  2.96090619  5.45127198  2.21111622  1.96926601]
 [ 9.61834754  3.8561101   1.26801968 12.42336634 12.7458667   1.58277365]
 [18.99727165 17.92130612  1.51170444  2.8964398   8.64742743  6.73088946]
 [ 4.54176391  3.83004162  1.15877693  4.57137499  1.72547238 16.54393174]
 [ 1.07868466  8.85473986  1.6480198   3.24025774  5.61209138  4.85697351]
 [ 6.85870978  4.22292234  7.65845171  5.32818969 18.49241335  1.80377027]]
Rv: [[17.42314012 10.35313273  6.66163392  8.2333573   1.50665915]
 [ 1.0145346  11.49524786  1.23355205 15.42064223  2.58985118]
 [ 1.73440635  3.18150198  1.82654893  6.68326708 17.33264832]
 [ 1.79207459  5.75250027  1.29892457  4.51867096  3.96258513]
 [10.96020522  2.53747592 11.66750153  1.4952794   2.74793331]
 [ 6.26830978  1.38754316  2.74145888  7.80171688  1.49900351]
 [12.27158562  7.61868614  1.55647566 10.22086573 14.70239505]
 [ 6.43230098 12.82861419  1.06185833 12.37730018  3.24361547]
 [ 5.17028421 18.41582529  3.34093564 16.49824025  6.05695095]
 [ 2.68296786  2.49178177  2.18361648  3.27832651  6.77219662]
 [ 2.95458207 13.60154607  4.00587676  1.6118317  15.95422958]
 [ 5.74394443  2.65955611 15.02644787 11.05685088 12.19141008]
 [ 6.72162518 12.65409286  5.13176035  1.31693787  5.19468411]
 [13.74391981  3.39084584  8.18151425  5.63753701 12.23391517]]