-------Running parameters--------
T = 0.001
temperature_gradient = 0.0
gap = 0.0
M = 15
N = 5
VR = 0.0
Vmin = 0.0
Vmax = 0.7
vStep = 0.001
vSym = True
repeats = 50
fileName = array_5_15_disorder_c_std_0.5_r_std_9_run_4
dist = exp
fullOutput = True
use_graph = False
current_map = True
plot_current_map = False
plot_binary_current_map = False
frame_norm = False
dbg = False
resume = False
sc = False
leaping = False
constQ = False
modifyR = False
double_time = False
double_loop = False
output_folder = bgu_2d_narrow_arrays
params_path = 
VG_avg = 0.0
VG_std = 0.0
C_avg = 2.0
C_std = 0.5
CG_avg = 10.0
CG_std = 0.0
R_avg = 10.0
R_std = 9.0
custom_rh = ""
custom_rv = ""
custom_ch = ""
custom_cv = ""
RG_avg = 500.0
RG_std = 0.0
n0_avg = 0.0
n0_std = 0.0
Q0_avg = 0.0
Q0_std = 0.0
----Array Parameters-----
Rows: 15
Columns: 5
VG: [[0.]
 [0.]
 [0.]
 [0.]
 [0.]
 [0.]
 [0.]
 [0.]
 [0.]
 [0.]
 [0.]
 [0.]
 [0.]
 [0.]
 [0.]
 [0.]
 [0.]
 [0.]
 [0.]
 [0.]
 [0.]
 [0.]
 [0.]
 [0.]
 [0.]
 [0.]
 [0.]
 [0.]
 [0.]
 [0.]
 [0.]
 [0.]
 [0.]
 [0.]
 [0.]
 [0.]
 [0.]
 [0.]
 [0.]
 [0.]
 [0.]
 [0.]
 [0.]
 [0.]
 [0.]
 [0.]
 [0.]
 [0.]
 [0.]
 [0.]
 [0.]
 [0.]
 [0.]
 [0.]
 [0.]
 [0.]
 [0.]
 [0.]
 [0.]
 [0.]
 [0.]
 [0.]
 [0.]
 [0.]
 [0.]
 [0.]
 [0.]
 [0.]
 [0.]
 [0.]
 [0.]
 [0.]
 [0.]
 [0.]
 [0.]]
CG: [[10.]
 [10.]
 [10.]
 [10.]
 [10.]
 [10.]
 [10.]
 [10.]
 [10.]
 [10.]
 [10.]
 [10.]
 [10.]
 [10.]
 [10.]
 [10.]
 [10.]
 [10.]
 [10.]
 [10.]
 [10.]
 [10.]
 [10.]
 [10.]
 [10.]
 [10.]
 [10.]
 [10.]
 [10.]
 [10.]
 [10.]
 [10.]
 [10.]
 [10.]
 [10.]
 [10.]
 [10.]
 [10.]
 [10.]
 [10.]
 [10.]
 [10.]
 [10.]
 [10.]
 [10.]
 [10.]
 [10.]
 [10.]
 [10.]
 [10.]
 [10.]
 [10.]
 [10.]
 [10.]
 [10.]
 [10.]
 [10.]
 [10.]
 [10.]
 [10.]
 [10.]
 [10.]
 [10.]
 [10.]
 [10.]
 [10.]
 [10.]
 [10.]
 [10.]
 [10.]
 [10.]
 [10.]
 [10.]
 [10.]
 [10.]]
RG: [[500.]
 [500.]
 [500.]
 [500.]
 [500.]
 [500.]
 [500.]
 [500.]
 [500.]
 [500.]
 [500.]
 [500.]
 [500.]
 [500.]
 [500.]
 [500.]
 [500.]
 [500.]
 [500.]
 [500.]
 [500.]
 [500.]
 [500.]
 [500.]
 [500.]
 [500.]
 [500.]
 [500.]
 [500.]
 [500.]
 [500.]
 [500.]
 [500.]
 [500.]
 [500.]
 [500.]
 [500.]
 [500.]
 [500.]
 [500.]
 [500.]
 [500.]
 [500.]
 [500.]
 [500.]
 [500.]
 [500.]
 [500.]
 [500.]
 [500.]
 [500.]
 [500.]
 [500.]
 [500.]
 [500.]
 [500.]
 [500.]
 [500.]
 [500.]
 [500.]
 [500.]
 [500.]
 [500.]
 [500.]
 [500.]
 [500.]
 [500.]
 [500.]
 [500.]
 [500.]
 [500.]
 [500.]
 [500.]
 [500.]
 [500.]]
Ch: [[2.04067544 1.8336051  1.55655857 1.70945886 1.89167438 2.16082933]
 [1.62761211 1.67067179 2.09848513 1.64274126 2.34406026 1.9637936 ]
 [2.37340711 2.48123818 2.10724434 1.72137443 1.51189051 1.84503099]
 [1.73145265 1.54431986 2.34264291 2.25094518 2.01381259 1.55998784]
 [1.75551842 1.79524041 1.71558611 2.20190075 2.09888953 1.59488437]
 [2.17995365 1.58416292 1.55868315 2.14065999 2.38924873 1.6248385 ]
 [1.85641766 1.55495665 1.95896091 2.14123746 2.24347279 2.22154009]
 [1.74468064 1.50755534 2.48358623 1.65877922 1.828319   1.62737792]
 [1.72556711 2.23588344 1.59601146 2.1270509  2.44997033 1.59980372]
 [1.92711443 1.86229165 1.56074213 2.19699389 1.53126826 2.09046876]
 [2.47633383 1.70453065 1.87702257 2.31191962 2.31378914 1.8461191 ]
 [2.44443792 1.69605174 1.65384736 1.57561226 2.14408628 1.96092396]
 [1.53041681 1.56522642 1.93755657 1.8445659  1.50466286 1.57647629]
 [2.0529703  1.50379924 2.49395469 2.44248441 1.67236111 1.65572645]
 [1.53884827 1.75098155 1.98659203 2.42721688 1.66205012 2.40298678]]
Cv: [[0.         0.         0.         0.         0.        ]
 [2.02950927 1.76973935 1.97964379 1.95185487 2.1326575 ]
 [2.42004859 2.02397792 2.40513656 2.19161387 2.23855691]
 [2.19000014 1.78048598 2.09432011 2.22015147 2.1738335 ]
 [2.4386524  1.55119821 1.85282394 1.51630438 2.19535557]
 [1.58658998 1.60716861 1.62413297 1.55306002 2.14420142]
 [2.0845515  1.67201148 2.36437476 2.084713   2.27304329]
 [2.14254387 1.83226695 2.20477835 1.83560545 1.86468879]
 [2.454721   1.84900039 1.83794609 1.55615866 2.22149245]
 [1.97009668 2.31924559 1.85549091 1.52846213 1.84772633]
 [2.05670823 2.06354505 1.50572183 2.00670634 1.67451315]
 [1.7426034  1.93484416 1.95485847 1.93455172 2.09077732]
 [2.30062971 1.55521398 2.19943395 1.98817202 2.46738347]
 [1.8950891  2.06275152 1.88146825 2.41166623 1.80751837]
 [1.9612184  2.19410058 1.5411819  1.50185883 2.43710847]]
Rh: [[17.71776258  7.08462378 17.24325248  9.46376501  5.4805591   4.36951   ]
 [ 8.00096898  2.31862833  1.49892912  5.17655032  7.62674757  8.71487496]
 [ 1.02243432  3.06744939  1.53820301  2.37168466  2.84746559  1.20701336]
 [10.80096838  2.01672219  2.48395531  4.72101121 18.61523318  1.16052337]
 [14.67493731  2.66829568  5.85174778  1.12131052  8.34597074  1.20423749]
 [ 2.38337864 16.22339918  1.03486943 18.77854596 10.55999046  2.32326711]
 [ 5.45330608  9.88548518  2.26331319  2.88969305 11.81350134  4.91203338]
 [13.94258295  1.70128028 15.75205279  5.73998093 16.2399121   3.17537651]
 [ 2.89260202 12.58270863 11.7039018   5.00822903  1.22975248 10.20112774]
 [13.81447078 11.67981398  5.84952323  1.33364548 15.57433665  3.37601233]
 [ 4.69590067  2.51173852  9.48902725 16.07276207 13.30543933 11.88837403]
 [ 5.45411264  8.51325085  3.42362964  1.41757339  5.43721976  4.82520794]
 [ 7.22058118 14.79570581 14.3474147  18.65826532 18.43888354 14.8173366 ]
 [ 7.49859041 14.32151778 17.8311083   7.06253369  6.99736916  3.10631104]
 [ 2.13456939  1.05454349 11.97153885  4.00865771  4.54113651  1.53948997]]
Rv: [[ 3.30398771  1.29886836  1.34859894 12.76106976  6.36818997]
 [ 1.22499232  3.4996042   4.50179953  3.40084058  6.09088824]
 [ 1.94214738  6.58213908  1.19698409  1.59506782 11.57857495]
 [ 9.46888458  2.08861575  9.64496018  2.99877371  6.74212778]
 [10.88297416  4.90401575 12.74784636  4.03952915  8.55551518]
 [ 1.47303587  2.41853775  5.67521411  9.36388012  2.71621074]
 [ 3.34269899  7.40021588 11.17366489  5.09305284  9.20335933]
 [ 1.42622364 11.17667935  1.56252192  2.49852608  2.57726707]
 [ 3.83334803  1.96346357  2.86207615  2.01444912  2.42778056]
 [ 3.09359139  2.42776834  1.00126445  7.5300479   1.1641104 ]
 [ 4.26285636  1.85170772 17.47883637  2.39712771  1.06931123]
 [ 1.08777799  8.10428662 18.45795575 13.19552046  8.50761684]
 [ 1.67217037 13.28979266  5.73041698  2.90339515  1.39038   ]
 [17.16266573  1.17447054  5.53638696 16.70306297  6.36792718]]