-------Running parameters--------
T = 0.001
temperature_gradient = 0.0
gap = 0.0
M = 15
N = 5
VR = 0.0
Vmin = 0.0
Vmax = 0.7
vStep = 0.001
vSym = True
repeats = 50
fileName = array_5_15_disorder_c_std_1_r_std_9_run_6
dist = exp
fullOutput = True
use_graph = False
current_map = True
plot_current_map = False
plot_binary_current_map = False
frame_norm = False
dbg = False
resume = False
sc = False
leaping = False
constQ = False
modifyR = False
double_time = False
double_loop = False
output_folder = bgu_2d_narrow_arrays
params_path = 
VG_avg = 0.0
VG_std = 0.0
C_avg = 2.0
C_std = 1.0
CG_avg = 10.0
CG_std = 0.0
R_avg = 10.0
R_std = 9.0
custom_rh = ""
custom_rv = ""
custom_ch = ""
custom_cv = ""
RG_avg = 500.0
RG_std = 0.0
n0_avg = 0.0
n0_std = 0.0
Q0_avg = 0.0
Q0_std = 0.0
----Array Parameters-----
Rows: 15
Columns: 5
VG: [[0.]
 [0.]
 [0.]
 [0.]
 [0.]
 [0.]
 [0.]
 [0.]
 [0.]
 [0.]
 [0.]
 [0.]
 [0.]
 [0.]
 [0.]
 [0.]
 [0.]
 [0.]
 [0.]
 [0.]
 [0.]
 [0.]
 [0.]
 [0.]
 [0.]
 [0.]
 [0.]
 [0.]
 [0.]
 [0.]
 [0.]
 [0.]
 [0.]
 [0.]
 [0.]
 [0.]
 [0.]
 [0.]
 [0.]
 [0.]
 [0.]
 [0.]
 [0.]
 [0.]
 [0.]
 [0.]
 [0.]
 [0.]
 [0.]
 [0.]
 [0.]
 [0.]
 [0.]
 [0.]
 [0.]
 [0.]
 [0.]
 [0.]
 [0.]
 [0.]
 [0.]
 [0.]
 [0.]
 [0.]
 [0.]
 [0.]
 [0.]
 [0.]
 [0.]
 [0.]
 [0.]
 [0.]
 [0.]
 [0.]
 [0.]]
CG: [[10.]
 [10.]
 [10.]
 [10.]
 [10.]
 [10.]
 [10.]
 [10.]
 [10.]
 [10.]
 [10.]
 [10.]
 [10.]
 [10.]
 [10.]
 [10.]
 [10.]
 [10.]
 [10.]
 [10.]
 [10.]
 [10.]
 [10.]
 [10.]
 [10.]
 [10.]
 [10.]
 [10.]
 [10.]
 [10.]
 [10.]
 [10.]
 [10.]
 [10.]
 [10.]
 [10.]
 [10.]
 [10.]
 [10.]
 [10.]
 [10.]
 [10.]
 [10.]
 [10.]
 [10.]
 [10.]
 [10.]
 [10.]
 [10.]
 [10.]
 [10.]
 [10.]
 [10.]
 [10.]
 [10.]
 [10.]
 [10.]
 [10.]
 [10.]
 [10.]
 [10.]
 [10.]
 [10.]
 [10.]
 [10.]
 [10.]
 [10.]
 [10.]
 [10.]
 [10.]
 [10.]
 [10.]
 [10.]
 [10.]
 [10.]]
RG: [[500.]
 [500.]
 [500.]
 [500.]
 [500.]
 [500.]
 [500.]
 [500.]
 [500.]
 [500.]
 [500.]
 [500.]
 [500.]
 [500.]
 [500.]
 [500.]
 [500.]
 [500.]
 [500.]
 [500.]
 [500.]
 [500.]
 [500.]
 [500.]
 [500.]
 [500.]
 [500.]
 [500.]
 [500.]
 [500.]
 [500.]
 [500.]
 [500.]
 [500.]
 [500.]
 [500.]
 [500.]
 [500.]
 [500.]
 [500.]
 [500.]
 [500.]
 [500.]
 [500.]
 [500.]
 [500.]
 [500.]
 [500.]
 [500.]
 [500.]
 [500.]
 [500.]
 [500.]
 [500.]
 [500.]
 [500.]
 [500.]
 [500.]
 [500.]
 [500.]
 [500.]
 [500.]
 [500.]
 [500.]
 [500.]
 [500.]
 [500.]
 [500.]
 [500.]
 [500.]
 [500.]
 [500.]
 [500.]
 [500.]
 [500.]]
Ch: [[1.69265364 2.059843   1.59635553 2.39251225 2.52971728 1.19515843]
 [1.35958526 2.33952551 1.15021554 2.81275661 2.79874546 1.85770361]
 [1.00218216 1.49165262 1.45839007 1.67654043 1.67794276 1.35255426]
 [1.09712476 1.33631825 1.55958957 2.34417576 2.2290751  2.29062574]
 [1.11277876 1.25129895 1.08511049 2.11249926 1.31049397 1.49407226]
 [1.39805879 2.16516032 1.49805215 2.07384429 1.32317677 1.75840993]
 [1.08800008 1.30003821 1.87444423 1.39816087 1.02031269 1.13112701]
 [1.34952433 2.97415081 1.44855628 2.72131829 1.62387717 1.25919727]
 [1.27703476 2.70107619 2.62608721 2.4651917  1.15315518 2.7261782 ]
 [1.31421629 2.17001266 1.61594036 2.09127286 1.54256189 1.81061105]
 [1.0584444  2.47361201 1.23994647 1.73063464 2.16278403 2.46241003]
 [1.55789024 1.84516688 1.24429638 2.0765118  1.79403317 1.29652597]
 [1.65209396 2.99015395 1.41329568 2.42114972 2.8954696  2.12007643]
 [2.16180914 1.11375138 1.89417473 1.08001509 2.97780311 1.47046995]
 [2.7524439  1.84792099 1.21915828 2.06721263 2.37689801 1.13351783]]
Cv: [[0.         0.         0.         0.         0.        ]
 [2.40664723 2.35994259 2.17822128 1.57001693 1.28042522]
 [1.10099224 2.96032903 2.21757232 2.8340836  1.07675921]
 [1.30018419 1.93026284 1.33825018 1.07673033 1.04761946]
 [1.43230938 2.57323435 2.49275917 1.27112318 1.43227729]
 [1.04169268 1.02487124 1.07972275 1.94713577 2.82273773]
 [1.12514287 1.33161518 1.59964895 1.000337   1.2849447 ]
 [2.32520981 2.18861459 1.43385597 1.88992009 2.65157273]
 [1.22457429 1.82798652 1.97930725 1.31649402 1.20687365]
 [1.16296273 1.74049201 1.70078382 1.23816748 1.90121283]
 [1.68032261 2.25046363 1.52630479 1.07425853 1.18819308]
 [1.24000834 2.80289936 2.85975665 1.40320965 1.55342521]
 [1.84410331 1.32290301 1.44465998 1.2587391  2.11972467]
 [1.36661256 1.38391998 2.06556355 2.04651005 1.46160815]
 [1.74511403 1.1610676  1.20338125 2.21192298 1.31856918]]
Rh: [[10.82690189  8.70451038  6.39865376  8.96371388  2.19286061 11.76813476]
 [12.71339079  7.35766932  2.66529353  1.36358031  1.87277766  7.53343585]
 [ 7.42365598  7.73652486 13.26543585 12.57698083  1.1964423   1.39035296]
 [ 1.60482711  6.09699326 18.81646154 15.22296104  1.38692619 14.34449824]
 [ 7.98832747  1.55766702  1.11180637  5.70835616 10.21306044  5.07633942]
 [ 4.68680635  3.1453177   8.89279222 18.67241939  1.90921132  1.79813225]
 [ 6.84626283  4.91508731  9.65289667 11.10893496 11.1600085   7.32816269]
 [10.98816189  9.44232532 13.71942312  5.37578169  2.24979216 16.54157466]
 [ 9.00418543  1.85146832  3.29442034  5.30170385  8.21581218  3.94393769]
 [18.80424587  1.4025522   3.46404336  1.43592753  3.09389138  6.59069444]
 [ 3.19040273  3.83537761  1.3371494   1.7199257   3.56819588  1.92467593]
 [ 5.72876791 12.79057194  1.47698918  1.67507192  3.56936592  1.07205727]
 [ 3.75829121  8.09712457 14.65867857  6.16429956  4.00172041 16.2254456 ]
 [ 5.30669513  7.59236222  6.2141157   4.58480851  7.8665054   1.28968615]
 [12.41946003  1.48173227  5.96375862  5.10339271  1.9864342   8.06581447]]
Rv: [[ 4.5672169   1.01802201  8.7312812  11.84945064 16.22112695]
 [ 9.69870494  1.93524259  1.76621822  2.56590728  1.82284698]
 [ 3.34880347  5.14124525  1.00114011  2.94259924 10.24446999]
 [ 7.30462072  5.56320745  8.86844337 15.0680772   1.79471572]
 [ 4.19854532  6.09972325  1.26282012  1.07983678  3.10018211]
 [ 7.52634435  3.53986528  2.00155724  9.77340133 18.35315381]
 [ 1.96459342 16.12557573  3.48639347  1.4413757   7.21424331]
 [10.44677223 14.54805759  1.46009359  3.2012944   6.09394193]
 [15.21611836  1.04938836 12.06508727  2.11396248  1.87344621]
 [ 1.79132673 16.26761328 13.36090019  6.03101206  1.22998968]
 [ 1.83923559  1.07409903 17.62038307  1.21996089  1.2364238 ]
 [ 7.66633709  2.49280426 17.09591607 18.35613192  1.16713458]
 [11.74311011  3.92631054  5.71039231  7.19426631  1.25248604]
 [ 2.31463769  1.09168448 17.50745001  2.65906147  2.16074695]]