-------Running parameters--------
T = 0.001
temperature_gradient = 0.0
gap = 0.0
M = 15
N = 5
VR = 0.0
Vmin = 0.0
Vmax = 0.7
vStep = 0.001
vSym = True
repeats = 50
fileName = array_5_15_disorder_c_std_0.1_r_std_9_run_7
dist = exp
fullOutput = True
use_graph = False
current_map = True
plot_current_map = False
plot_binary_current_map = False
frame_norm = False
dbg = False
resume = False
sc = False
leaping = False
constQ = False
modifyR = False
double_time = False
double_loop = False
output_folder = bgu_2d_narrow_arrays
params_path = 
VG_avg = 0.0
VG_std = 0.0
C_avg = 2.0
C_std = 0.1
CG_avg = 10.0
CG_std = 0.0
R_avg = 10.0
R_std = 9.0
custom_rh = ""
custom_rv = ""
custom_ch = ""
custom_cv = ""
RG_avg = 500.0
RG_std = 0.0
n0_avg = 0.0
n0_std = 0.0
Q0_avg = 0.0
Q0_std = 0.0
----Array Parameters-----
Rows: 15
Columns: 5
VG: [[0.]
 [0.]
 [0.]
 [0.]
 [0.]
 [0.]
 [0.]
 [0.]
 [0.]
 [0.]
 [0.]
 [0.]
 [0.]
 [0.]
 [0.]
 [0.]
 [0.]
 [0.]
 [0.]
 [0.]
 [0.]
 [0.]
 [0.]
 [0.]
 [0.]
 [0.]
 [0.]
 [0.]
 [0.]
 [0.]
 [0.]
 [0.]
 [0.]
 [0.]
 [0.]
 [0.]
 [0.]
 [0.]
 [0.]
 [0.]
 [0.]
 [0.]
 [0.]
 [0.]
 [0.]
 [0.]
 [0.]
 [0.]
 [0.]
 [0.]
 [0.]
 [0.]
 [0.]
 [0.]
 [0.]
 [0.]
 [0.]
 [0.]
 [0.]
 [0.]
 [0.]
 [0.]
 [0.]
 [0.]
 [0.]
 [0.]
 [0.]
 [0.]
 [0.]
 [0.]
 [0.]
 [0.]
 [0.]
 [0.]
 [0.]]
CG: [[10.]
 [10.]
 [10.]
 [10.]
 [10.]
 [10.]
 [10.]
 [10.]
 [10.]
 [10.]
 [10.]
 [10.]
 [10.]
 [10.]
 [10.]
 [10.]
 [10.]
 [10.]
 [10.]
 [10.]
 [10.]
 [10.]
 [10.]
 [10.]
 [10.]
 [10.]
 [10.]
 [10.]
 [10.]
 [10.]
 [10.]
 [10.]
 [10.]
 [10.]
 [10.]
 [10.]
 [10.]
 [10.]
 [10.]
 [10.]
 [10.]
 [10.]
 [10.]
 [10.]
 [10.]
 [10.]
 [10.]
 [10.]
 [10.]
 [10.]
 [10.]
 [10.]
 [10.]
 [10.]
 [10.]
 [10.]
 [10.]
 [10.]
 [10.]
 [10.]
 [10.]
 [10.]
 [10.]
 [10.]
 [10.]
 [10.]
 [10.]
 [10.]
 [10.]
 [10.]
 [10.]
 [10.]
 [10.]
 [10.]
 [10.]]
RG: [[500.]
 [500.]
 [500.]
 [500.]
 [500.]
 [500.]
 [500.]
 [500.]
 [500.]
 [500.]
 [500.]
 [500.]
 [500.]
 [500.]
 [500.]
 [500.]
 [500.]
 [500.]
 [500.]
 [500.]
 [500.]
 [500.]
 [500.]
 [500.]
 [500.]
 [500.]
 [500.]
 [500.]
 [500.]
 [500.]
 [500.]
 [500.]
 [500.]
 [500.]
 [500.]
 [500.]
 [500.]
 [500.]
 [500.]
 [500.]
 [500.]
 [500.]
 [500.]
 [500.]
 [500.]
 [500.]
 [500.]
 [500.]
 [500.]
 [500.]
 [500.]
 [500.]
 [500.]
 [500.]
 [500.]
 [500.]
 [500.]
 [500.]
 [500.]
 [500.]
 [500.]
 [500.]
 [500.]
 [500.]
 [500.]
 [500.]
 [500.]
 [500.]
 [500.]
 [500.]
 [500.]
 [500.]
 [500.]
 [500.]
 [500.]]
Ch: [[1.90172725 2.04323235 2.09011371 2.0902259  1.9228567  2.03718792]
 [1.93114501 1.9726867  1.92440565 1.98056648 1.96190014 1.97359276]
 [1.90731387 2.07273113 1.94619186 1.92367194 2.07634142 1.91162801]
 [1.94985509 2.0556558  1.93716648 2.01051888 2.07131051 1.91421053]
 [2.06810301 2.0390599  1.91848093 2.08617439 1.95522875 2.06105647]
 [1.96700584 2.04471593 1.97206433 1.92618628 1.96277653 2.04480206]
 [2.09960894 2.05104977 2.06739303 2.00676742 2.05232282 2.05640545]
 [2.08059226 1.95461816 2.04872566 2.08857747 2.0054141  2.06315511]
 [2.02274975 2.03670969 2.09618284 2.00679042 2.07338112 1.92835069]
 [1.93129852 1.98851912 2.06066856 1.93632183 1.93882322 1.9100425 ]
 [1.91120496 1.92630313 2.05244611 1.91126522 1.98209204 2.05530879]
 [2.01025055 1.92738435 1.97195753 2.04640379 1.98192239 1.93049123]
 [2.06920432 2.09598854 2.04783854 2.00194659 2.07176385 1.90480499]
 [1.99727729 1.92063466 1.96097121 1.96612915 2.01718221 1.9229282 ]
 [2.0024103  2.01389964 1.95967942 1.92661777 1.96675483 2.08861369]]
Cv: [[0.         0.         0.         0.         0.        ]
 [2.0693117  2.06820348 1.90269443 1.97104037 2.07617249]
 [1.9186796  1.92961601 1.91154493 1.94509079 1.97140743]
 [2.08913713 1.92593976 2.04737314 2.09722811 1.9119277 ]
 [2.09176572 1.99416565 2.0763087  1.91001533 2.07807764]
 [1.9420923  1.95160475 2.05156957 1.91359546 1.93440011]
 [2.06421209 1.96103082 2.01284795 1.9069219  1.99791612]
 [1.97871713 2.04488996 2.04169213 2.01466515 1.94654085]
 [1.95956471 1.94689186 1.93604537 1.93772643 2.06627074]
 [1.92726604 2.05437317 2.00965122 2.09127894 1.90706999]
 [2.06580458 1.91910002 2.07285949 2.06030365 1.95690047]
 [1.99711536 2.06890577 1.9096429  2.07480914 2.09994377]
 [1.90338406 1.92235759 1.97312079 1.90082211 1.97289054]
 [2.02293155 2.09850765 1.94093843 1.98863211 1.98984889]
 [2.05903769 2.03862519 1.90692989 1.94132604 2.01622092]]
Rh: [[ 2.73418359  3.42005893  8.06326172  2.96327202  4.92089663 11.32482964]
 [ 2.9846633   1.02154354  2.86517996  1.40123404  2.61992317  2.24585222]
 [ 4.60080012  5.36405651 11.45635665 17.81028901  2.14579511 10.68018961]
 [ 8.86655231  5.14286897  1.64600487  2.24267265  2.59644157 17.64685832]
 [ 3.98446044 14.85411219 11.34676419 11.9579612   7.81406903  2.2223124 ]
 [ 9.05723462  3.12396534 14.76950261  8.04069646  4.16226027  4.70285119]
 [12.15093935  4.76402228  1.51252576 16.27302149  1.07359303  7.76369134]
 [ 1.22556222  1.01199301  3.22648591 10.93984233  1.97454793  6.3722495 ]
 [ 4.91888288  2.97195506 18.40267544  4.15284696 17.39790423  3.855587  ]
 [ 1.85011461  1.00322654  1.49483576  1.40490964 15.62862098  1.06296436]
 [ 8.75637048  4.38195124  1.03043054 10.98200188  2.13330305  3.45937138]
 [ 1.25586226  2.49299282  4.38127871  3.46195163  1.37751927 16.52853957]
 [ 6.57753736 14.44576223 18.44041962  9.96486179  5.04302251 10.06677473]
 [ 2.23754654  9.46729797  2.65335912  5.56595105  1.62689972  5.61610892]
 [ 6.36691593  8.45547709  1.26628792  3.88054287  7.4330309   7.13146477]]
Rv: [[ 1.97291087  1.09311652  6.76596799  1.60206097  7.82815464]
 [ 2.20491224  1.67053633  1.02513564  1.41337833  6.60487257]
 [ 6.73527163  1.83667241  3.18739333  7.28790658 11.14743357]
 [ 4.13702136 15.73634208  2.21581839  1.4049035   3.32564047]
 [ 2.30619996  1.39920652  7.23462249  5.95130609  4.17434394]
 [ 2.95750701  4.2426952   2.14278138 12.92510478  6.93102604]
 [ 3.04513695  1.89099209 11.68420459  2.74047805  6.61991994]
 [ 8.28083259  1.5356684   4.86087653  1.03795554  2.26309682]
 [11.01865213  8.58962476  1.69029391 15.99723543  9.75549992]
 [ 1.67878089  3.94975336 16.25820462  4.12680789  1.52156734]
 [12.21354093  1.58629651  3.10165824 10.42810074 11.54236397]
 [18.51111194  1.10996769  1.45151489  2.23869382  1.2301714 ]
 [14.6850401   2.05536846  8.98623722 14.70530851 12.31054524]
 [ 8.6872652   7.31416953 11.99644287  5.47924829  1.67169154]]