-------Running parameters--------
T = 0.001
temperature_gradient = 0.0
gap = 0.0
M = 15
N = 5
VR = 0.0
Vmin = 0.0
Vmax = 0.7
vStep = 0.001
vSym = True
repeats = 50
fileName = array_5_15_disorder_c_std_1.5_r_std_9_run_10
dist = exp
fullOutput = True
use_graph = False
current_map = True
plot_current_map = False
plot_binary_current_map = False
frame_norm = False
dbg = False
resume = False
sc = False
leaping = False
constQ = False
modifyR = False
double_time = False
double_loop = False
output_folder = bgu_2d_narrow_arrays
params_path = 
VG_avg = 0.0
VG_std = 0.0
C_avg = 2.0
C_std = 1.5
CG_avg = 10.0
CG_std = 0.0
R_avg = 10.0
R_std = 9.0
custom_rh = ""
custom_rv = ""
custom_ch = ""
custom_cv = ""
RG_avg = 500.0
RG_std = 0.0
n0_avg = 0.0
n0_std = 0.0
Q0_avg = 0.0
Q0_std = 0.0
----Array Parameters-----
Rows: 15
Columns: 5
VG: [[0.]
 [0.]
 [0.]
 [0.]
 [0.]
 [0.]
 [0.]
 [0.]
 [0.]
 [0.]
 [0.]
 [0.]
 [0.]
 [0.]
 [0.]
 [0.]
 [0.]
 [0.]
 [0.]
 [0.]
 [0.]
 [0.]
 [0.]
 [0.]
 [0.]
 [0.]
 [0.]
 [0.]
 [0.]
 [0.]
 [0.]
 [0.]
 [0.]
 [0.]
 [0.]
 [0.]
 [0.]
 [0.]
 [0.]
 [0.]
 [0.]
 [0.]
 [0.]
 [0.]
 [0.]
 [0.]
 [0.]
 [0.]
 [0.]
 [0.]
 [0.]
 [0.]
 [0.]
 [0.]
 [0.]
 [0.]
 [0.]
 [0.]
 [0.]
 [0.]
 [0.]
 [0.]
 [0.]
 [0.]
 [0.]
 [0.]
 [0.]
 [0.]
 [0.]
 [0.]
 [0.]
 [0.]
 [0.]
 [0.]
 [0.]]
CG: [[10.]
 [10.]
 [10.]
 [10.]
 [10.]
 [10.]
 [10.]
 [10.]
 [10.]
 [10.]
 [10.]
 [10.]
 [10.]
 [10.]
 [10.]
 [10.]
 [10.]
 [10.]
 [10.]
 [10.]
 [10.]
 [10.]
 [10.]
 [10.]
 [10.]
 [10.]
 [10.]
 [10.]
 [10.]
 [10.]
 [10.]
 [10.]
 [10.]
 [10.]
 [10.]
 [10.]
 [10.]
 [10.]
 [10.]
 [10.]
 [10.]
 [10.]
 [10.]
 [10.]
 [10.]
 [10.]
 [10.]
 [10.]
 [10.]
 [10.]
 [10.]
 [10.]
 [10.]
 [10.]
 [10.]
 [10.]
 [10.]
 [10.]
 [10.]
 [10.]
 [10.]
 [10.]
 [10.]
 [10.]
 [10.]
 [10.]
 [10.]
 [10.]
 [10.]
 [10.]
 [10.]
 [10.]
 [10.]
 [10.]
 [10.]]
RG: [[500.]
 [500.]
 [500.]
 [500.]
 [500.]
 [500.]
 [500.]
 [500.]
 [500.]
 [500.]
 [500.]
 [500.]
 [500.]
 [500.]
 [500.]
 [500.]
 [500.]
 [500.]
 [500.]
 [500.]
 [500.]
 [500.]
 [500.]
 [500.]
 [500.]
 [500.]
 [500.]
 [500.]
 [500.]
 [500.]
 [500.]
 [500.]
 [500.]
 [500.]
 [500.]
 [500.]
 [500.]
 [500.]
 [500.]
 [500.]
 [500.]
 [500.]
 [500.]
 [500.]
 [500.]
 [500.]
 [500.]
 [500.]
 [500.]
 [500.]
 [500.]
 [500.]
 [500.]
 [500.]
 [500.]
 [500.]
 [500.]
 [500.]
 [500.]
 [500.]
 [500.]
 [500.]
 [500.]
 [500.]
 [500.]
 [500.]
 [500.]
 [500.]
 [500.]
 [500.]
 [500.]
 [500.]
 [500.]
 [500.]
 [500.]]
Ch: [[0.68933302 0.88911042 0.50498013 1.32941613 1.19278345 0.85224837]
 [1.12509461 1.05531836 2.69117979 0.55756502 0.81783206 2.51750051]
 [0.62193272 2.67472114 0.85722329 2.23647484 1.14510254 3.27175982]
 [0.53496961 1.34366944 3.43711858 0.89542074 1.13782447 1.77110937]
 [0.61343484 2.86326745 1.0098906  3.38863376 1.18136485 1.00922433]
 [2.09000671 1.84839982 1.71317224 3.32345    1.4817623  1.1008413 ]
 [0.80039109 0.7941225  2.60561965 1.57018883 0.73802912 1.44226861]
 [0.76336992 0.72028723 1.59898663 1.92351491 0.94978292 0.8453686 ]
 [3.1486156  0.62893791 1.86584571 2.39787194 0.84733311 1.24089697]
 [0.59880329 3.31678416 1.07071352 2.33235527 3.03477649 1.04283065]
 [0.72113845 0.97310363 0.92637271 2.36091861 0.73145044 1.06921653]
 [3.36358252 2.87474899 2.88853667 1.36542523 2.84031446 0.62637499]
 [0.86119199 1.37596492 0.76271236 0.87493279 1.45627207 1.81607506]
 [3.23696331 2.66824246 0.80447239 3.05637436 3.3409838  0.80652702]
 [1.96977407 2.93373534 2.02864204 1.37092321 3.39303762 0.88715681]]
Cv: [[0.         0.         0.         0.         0.        ]
 [1.83649117 1.617172   3.42271688 1.71501197 1.76435517]
 [2.22750223 1.62600483 0.73615646 2.68210958 0.71559155]
 [1.50726675 1.2983468  2.83498156 1.19560976 1.13148487]
 [0.67687464 0.5346201  0.8310373  1.20340175 1.65482519]
 [2.4366666  1.13164684 0.50479813 3.23356292 1.3828654 ]
 [1.37808776 0.79207907 1.65566301 0.91454928 2.13524917]
 [0.8506173  0.54504119 2.09004313 0.53740504 1.81109425]
 [1.50582501 1.33354958 1.75504957 1.73731186 1.68375623]
 [3.03159181 2.85789332 0.69325158 0.55940897 1.70056745]
 [2.14138584 2.35191947 1.00396017 1.92050683 2.82326103]
 [3.11929856 2.59344952 0.82234429 2.04830533 0.58961825]
 [0.69355001 0.73535098 1.11373068 3.11713778 1.68479341]
 [1.27510264 1.09281072 2.08623312 1.48090881 3.12996556]
 [0.95955133 0.93235184 1.09447416 3.2160133  3.18729661]]
Rh: [[11.18573353  1.50007829  2.15852887  1.20877339 16.90126334  1.04452148]
 [ 1.01446317  2.25765569 13.49535738  4.09156905  2.5603523   1.68706754]
 [ 4.11600654  4.56719358  5.32916274  1.22312374  1.08711928  1.06052541]
 [ 4.25650651  7.55519419 13.53617622  1.9598019   1.01549803  2.20692485]
 [ 8.92079982  2.4632063   3.9967941   1.06432569  1.47143926  1.71258818]
 [ 1.78167876  9.14922485  5.86365169  2.69310171  3.72277069  5.6454499 ]
 [ 1.48223435  1.2071478   2.58786769  7.78381132  1.50371625 12.1969705 ]
 [11.87119025  5.70135149  1.38802142  2.88599717 18.43067134  3.68907898]
 [ 3.09106669  1.03429535  2.18163913  1.49089719  2.15387976  2.28396075]
 [ 2.6762123   5.45960663  2.03746576  3.61056601  8.01697183  9.23636591]
 [17.65539072  4.10401238  1.01769766  4.5328514  10.49638779  4.29779542]
 [ 1.87910175 12.77488615  7.66154777 17.02162388  2.93047834  2.08392683]
 [ 4.89417464  2.18134158  5.00204769  1.75101405  2.2976824   3.51376549]
 [ 1.13080346 12.98466873  7.06397903  1.70804195 17.00629434 10.0911064 ]
 [ 6.06716399 15.01066248 11.03067937  6.24755107  7.26424215  1.52721484]]
Rv: [[ 1.20052569  8.44210918  7.11185606  2.79793062  4.87346862]
 [ 1.02518837  2.47339517 14.94407911  2.30286296  9.56946771]
 [ 5.63859286 12.41509386 15.56122392  1.34201854  8.23805591]
 [ 4.2015143   1.35999874 14.61011835  9.1894302   1.44523723]
 [ 2.80183375  2.16777733  2.60340368 18.21896896  1.12142902]
 [ 1.46808961  1.41856751  1.13978475 12.96553173  4.21332244]
 [ 1.97693016  1.8498293   4.82901919 17.99789487  1.4933703 ]
 [ 2.95643425  1.03345285 13.46644406  1.08469304  1.35673522]
 [ 1.13724248  5.65210364  3.34895987  4.60167406  5.60056287]
 [ 5.72988769  1.39768455  1.29875654 11.0411869  16.71832416]
 [ 5.68785415  1.74335319  1.17841709 18.27525269  1.72557862]
 [ 1.07353019  2.37286609  3.22370933  3.66984554  8.48480497]
 [ 1.73438026  3.97418166  3.4088866   2.31861473  8.96626617]
 [ 3.30997464  1.50980879  1.38577967 14.06829126 16.86726688]]