-------Running parameters--------
T = 0.001
temperature_gradient = 0.0
gap = 0.0
M = 15
N = 5
VR = 0.0
Vmin = 0.0
Vmax = 0.7
vStep = 0.001
vSym = True
repeats = 50
fileName = array_5_15_disorder_c_std_1.5_r_std_9_run_3
dist = exp
fullOutput = True
use_graph = False
current_map = True
plot_current_map = False
plot_binary_current_map = False
frame_norm = False
dbg = False
resume = False
sc = False
leaping = False
constQ = False
modifyR = False
double_time = False
double_loop = False
output_folder = bgu_2d_narrow_arrays
params_path = 
VG_avg = 0.0
VG_std = 0.0
C_avg = 2.0
C_std = 1.5
CG_avg = 10.0
CG_std = 0.0
R_avg = 10.0
R_std = 9.0
custom_rh = ""
custom_rv = ""
custom_ch = ""
custom_cv = ""
RG_avg = 500.0
RG_std = 0.0
n0_avg = 0.0
n0_std = 0.0
Q0_avg = 0.0
Q0_std = 0.0
----Array Parameters-----
Rows: 15
Columns: 5
VG: [[0.]
 [0.]
 [0.]
 [0.]
 [0.]
 [0.]
 [0.]
 [0.]
 [0.]
 [0.]
 [0.]
 [0.]
 [0.]
 [0.]
 [0.]
 [0.]
 [0.]
 [0.]
 [0.]
 [0.]
 [0.]
 [0.]
 [0.]
 [0.]
 [0.]
 [0.]
 [0.]
 [0.]
 [0.]
 [0.]
 [0.]
 [0.]
 [0.]
 [0.]
 [0.]
 [0.]
 [0.]
 [0.]
 [0.]
 [0.]
 [0.]
 [0.]
 [0.]
 [0.]
 [0.]
 [0.]
 [0.]
 [0.]
 [0.]
 [0.]
 [0.]
 [0.]
 [0.]
 [0.]
 [0.]
 [0.]
 [0.]
 [0.]
 [0.]
 [0.]
 [0.]
 [0.]
 [0.]
 [0.]
 [0.]
 [0.]
 [0.]
 [0.]
 [0.]
 [0.]
 [0.]
 [0.]
 [0.]
 [0.]
 [0.]]
CG: [[10.]
 [10.]
 [10.]
 [10.]
 [10.]
 [10.]
 [10.]
 [10.]
 [10.]
 [10.]
 [10.]
 [10.]
 [10.]
 [10.]
 [10.]
 [10.]
 [10.]
 [10.]
 [10.]
 [10.]
 [10.]
 [10.]
 [10.]
 [10.]
 [10.]
 [10.]
 [10.]
 [10.]
 [10.]
 [10.]
 [10.]
 [10.]
 [10.]
 [10.]
 [10.]
 [10.]
 [10.]
 [10.]
 [10.]
 [10.]
 [10.]
 [10.]
 [10.]
 [10.]
 [10.]
 [10.]
 [10.]
 [10.]
 [10.]
 [10.]
 [10.]
 [10.]
 [10.]
 [10.]
 [10.]
 [10.]
 [10.]
 [10.]
 [10.]
 [10.]
 [10.]
 [10.]
 [10.]
 [10.]
 [10.]
 [10.]
 [10.]
 [10.]
 [10.]
 [10.]
 [10.]
 [10.]
 [10.]
 [10.]
 [10.]]
RG: [[500.]
 [500.]
 [500.]
 [500.]
 [500.]
 [500.]
 [500.]
 [500.]
 [500.]
 [500.]
 [500.]
 [500.]
 [500.]
 [500.]
 [500.]
 [500.]
 [500.]
 [500.]
 [500.]
 [500.]
 [500.]
 [500.]
 [500.]
 [500.]
 [500.]
 [500.]
 [500.]
 [500.]
 [500.]
 [500.]
 [500.]
 [500.]
 [500.]
 [500.]
 [500.]
 [500.]
 [500.]
 [500.]
 [500.]
 [500.]
 [500.]
 [500.]
 [500.]
 [500.]
 [500.]
 [500.]
 [500.]
 [500.]
 [500.]
 [500.]
 [500.]
 [500.]
 [500.]
 [500.]
 [500.]
 [500.]
 [500.]
 [500.]
 [500.]
 [500.]
 [500.]
 [500.]
 [500.]
 [500.]
 [500.]
 [500.]
 [500.]
 [500.]
 [500.]
 [500.]
 [500.]
 [500.]
 [500.]
 [500.]
 [500.]]
Ch: [[0.74888393 0.72003687 3.37976242 1.09682029 2.55791044 1.03461565]
 [0.73539344 2.21516838 0.72706071 0.77192776 1.15919327 1.13867783]
 [2.95671789 1.89469687 1.44330799 1.78648916 1.20272529 1.20656033]
 [1.78220624 1.62915772 1.20624085 0.97985907 1.63391398 0.58600351]
 [1.72783938 0.71317426 1.92232241 0.64316184 0.90085837 2.38099022]
 [0.73243889 1.15444735 1.21899917 1.99337401 1.17168916 0.76742333]
 [1.83345848 2.873081   2.26372258 0.54119129 3.10146627 0.50530846]
 [2.75368592 0.69293649 0.53155955 0.7272061  1.12163953 0.56909264]
 [1.45799101 1.676138   1.90756387 2.83549228 1.08339708 0.55681305]
 [3.2945984  0.80504777 2.20043183 2.45275693 0.67674693 1.15053477]
 [0.75550296 0.86377135 3.09333912 1.29860133 0.68975973 2.36112513]
 [1.21100875 0.88586482 2.2254638  1.24057634 1.38394431 2.25051468]
 [0.73041638 1.00678139 3.05424204 1.5667558  2.29904068 3.28836009]
 [1.20575058 0.52225908 2.48353622 2.09253101 1.42260817 0.62620794]
 [0.60441881 2.67318549 2.78357768 2.82186275 1.98639025 0.9442683 ]]
Cv: [[0.         0.         0.         0.         0.        ]
 [3.18931417 3.28690745 1.13713975 0.5315716  2.8804808 ]
 [0.88955054 3.36155496 0.64923931 0.56958049 0.5158714 ]
 [0.9931692  1.5536357  1.7325983  1.59034722 3.08315813]
 [2.93027021 1.0460404  2.97511847 0.6412947  2.891428  ]
 [2.86587355 1.89340766 2.71572338 2.70439338 0.74362806]
 [0.79996876 1.15365547 0.50735926 1.08049607 2.93106202]
 [0.51016778 1.37655641 0.84220411 3.31547343 2.93894043]
 [0.65652978 1.58861032 0.8762106  2.28887361 1.82644264]
 [2.58800024 1.67063184 0.59594072 0.97955671 1.04275322]
 [0.64318525 0.99115612 0.51531584 1.53432021 1.72567996]
 [0.61583904 0.56097598 1.99503567 0.57083965 1.02942904]
 [0.91811162 1.60492128 2.09081809 0.55085153 1.94209928]
 [0.50489486 0.70951297 1.33455732 0.79129698 1.32856044]
 [2.25426445 1.75132491 3.00925205 2.57382166 1.66570983]]
Rh: [[ 2.97387013  3.72152637  5.54877155  1.39303559  3.04412583  1.06632117]
 [ 3.53150823  3.29872796  2.81637851  1.57235551  1.22840527  2.81894852]
 [15.43735117  2.50435832  2.12500447  1.51933689  4.24718441  1.28888238]
 [ 1.59560499  1.10707447 15.80852517  1.17663447  3.37271015  2.76393095]
 [ 7.63164094  2.75286814  7.67241814  7.4880632   4.5676775   7.7240734 ]
 [11.14560169 10.34912332 15.96801694  1.5759308   1.26630519  9.18769811]
 [ 8.34534152 11.27976403  1.15112052  3.15938017  2.99531519 14.47947873]
 [ 1.12552984 18.9413954   1.03088177  4.76936761  3.94505582  5.60482505]
 [ 6.0489444   4.59452086 12.33768771  5.02866898  5.18158957  6.04353683]
 [11.9568474   4.54008651  1.75932973  6.04100258 13.17565134  3.75675521]
 [ 4.45606343  3.52395311  2.75227578  7.80210365  6.24656172 14.63152966]
 [ 1.59984466  1.67155188  1.12004503  3.41242289 15.35363143  1.22617636]
 [ 2.37857539  7.69278368  4.18872559  9.41811256  3.58386458  4.46807954]
 [11.2710165   2.47600537  8.45817524  1.32064054  1.07328991 11.85300438]
 [ 5.57459     1.06364674  2.51360327  1.31320283  6.18600713  5.73390794]]
Rv: [[ 1.37526796  3.30044498  4.06188144 10.04622916  3.74607805]
 [10.90479303  1.42088479  6.37286638  8.77470364  2.95080725]
 [11.04675016 11.70702408  4.91774616 12.21010382  1.53269276]
 [ 2.28405814  5.11160572  8.98120586  6.46456966 12.11828373]
 [ 7.48654721 15.34819553  1.1950692   1.86832007 10.05319133]
 [ 2.63590431 12.70444808  5.93177459  1.51220768  1.23964769]
 [ 9.94420265 10.19111598  2.25284661  9.1668166   1.39456206]
 [ 1.08613069  2.43671951  1.92750034  6.39831058 15.96053789]
 [ 3.29420118 11.68651498  1.89912383  8.79056184  1.06948968]
 [ 1.19566816  3.16677742  8.23292001  1.10800794  1.1844381 ]
 [ 5.28816161  2.46308266  5.76789588 16.86373535  1.71915088]
 [15.56445633  1.11636028  9.85176706 18.18866594  1.8106218 ]
 [ 5.87483374 14.64183821  3.95958882  2.97880217  1.63383887]
 [ 4.16221339 13.03402375  3.19811141  9.71054709  9.11700572]]