-------Running parameters--------
T = 0.001
temperature_gradient = 0.0
gap = 0.0
M = 15
N = 5
VR = 0.0
Vmin = 0.0
Vmax = 0.7
vStep = 0.001
vSym = True
repeats = 50
fileName = array_5_15_disorder_c_std_0.1_r_std_9_run_9
dist = exp
fullOutput = True
use_graph = False
current_map = True
plot_current_map = False
plot_binary_current_map = False
frame_norm = False
dbg = False
resume = False
sc = False
leaping = False
constQ = False
modifyR = False
double_time = False
double_loop = False
output_folder = bgu_2d_narrow_arrays
params_path = 
VG_avg = 0.0
VG_std = 0.0
C_avg = 2.0
C_std = 0.1
CG_avg = 10.0
CG_std = 0.0
R_avg = 10.0
R_std = 9.0
custom_rh = ""
custom_rv = ""
custom_ch = ""
custom_cv = ""
RG_avg = 500.0
RG_std = 0.0
n0_avg = 0.0
n0_std = 0.0
Q0_avg = 0.0
Q0_std = 0.0
----Array Parameters-----
Rows: 15
Columns: 5
VG: [[0.]
 [0.]
 [0.]
 [0.]
 [0.]
 [0.]
 [0.]
 [0.]
 [0.]
 [0.]
 [0.]
 [0.]
 [0.]
 [0.]
 [0.]
 [0.]
 [0.]
 [0.]
 [0.]
 [0.]
 [0.]
 [0.]
 [0.]
 [0.]
 [0.]
 [0.]
 [0.]
 [0.]
 [0.]
 [0.]
 [0.]
 [0.]
 [0.]
 [0.]
 [0.]
 [0.]
 [0.]
 [0.]
 [0.]
 [0.]
 [0.]
 [0.]
 [0.]
 [0.]
 [0.]
 [0.]
 [0.]
 [0.]
 [0.]
 [0.]
 [0.]
 [0.]
 [0.]
 [0.]
 [0.]
 [0.]
 [0.]
 [0.]
 [0.]
 [0.]
 [0.]
 [0.]
 [0.]
 [0.]
 [0.]
 [0.]
 [0.]
 [0.]
 [0.]
 [0.]
 [0.]
 [0.]
 [0.]
 [0.]
 [0.]]
CG: [[10.]
 [10.]
 [10.]
 [10.]
 [10.]
 [10.]
 [10.]
 [10.]
 [10.]
 [10.]
 [10.]
 [10.]
 [10.]
 [10.]
 [10.]
 [10.]
 [10.]
 [10.]
 [10.]
 [10.]
 [10.]
 [10.]
 [10.]
 [10.]
 [10.]
 [10.]
 [10.]
 [10.]
 [10.]
 [10.]
 [10.]
 [10.]
 [10.]
 [10.]
 [10.]
 [10.]
 [10.]
 [10.]
 [10.]
 [10.]
 [10.]
 [10.]
 [10.]
 [10.]
 [10.]
 [10.]
 [10.]
 [10.]
 [10.]
 [10.]
 [10.]
 [10.]
 [10.]
 [10.]
 [10.]
 [10.]
 [10.]
 [10.]
 [10.]
 [10.]
 [10.]
 [10.]
 [10.]
 [10.]
 [10.]
 [10.]
 [10.]
 [10.]
 [10.]
 [10.]
 [10.]
 [10.]
 [10.]
 [10.]
 [10.]]
RG: [[500.]
 [500.]
 [500.]
 [500.]
 [500.]
 [500.]
 [500.]
 [500.]
 [500.]
 [500.]
 [500.]
 [500.]
 [500.]
 [500.]
 [500.]
 [500.]
 [500.]
 [500.]
 [500.]
 [500.]
 [500.]
 [500.]
 [500.]
 [500.]
 [500.]
 [500.]
 [500.]
 [500.]
 [500.]
 [500.]
 [500.]
 [500.]
 [500.]
 [500.]
 [500.]
 [500.]
 [500.]
 [500.]
 [500.]
 [500.]
 [500.]
 [500.]
 [500.]
 [500.]
 [500.]
 [500.]
 [500.]
 [500.]
 [500.]
 [500.]
 [500.]
 [500.]
 [500.]
 [500.]
 [500.]
 [500.]
 [500.]
 [500.]
 [500.]
 [500.]
 [500.]
 [500.]
 [500.]
 [500.]
 [500.]
 [500.]
 [500.]
 [500.]
 [500.]
 [500.]
 [500.]
 [500.]
 [500.]
 [500.]
 [500.]]
Ch: [[1.96098975 1.97727523 2.03513265 2.01242706 2.03070221 2.03762074]
 [1.94852036 1.92955822 1.96885209 2.00889063 1.9951187  1.98833766]
 [1.92647558 1.92338402 1.92673313 1.95869218 2.04014298 2.00144414]
 [1.97865925 2.0924649  2.01423749 1.95636523 1.90374026 2.08855255]
 [1.99909192 2.02607852 2.07836436 2.00589487 2.00267897 1.97361389]
 [1.9596238  2.06655765 2.07239994 2.00343162 1.98813356 2.02251862]
 [1.97227472 1.95108023 1.94415563 2.03036734 1.92471452 1.92230804]
 [2.0266521  2.09388279 1.97167348 1.90931464 1.96942665 2.08818105]
 [2.04582744 1.9533761  1.93194309 1.97273468 2.09375897 2.05295239]
 [1.97983272 1.97945384 2.03568679 1.95691434 1.95822015 2.04507278]
 [2.01176724 2.09297681 2.04161925 1.9847591  1.93152819 1.93848162]
 [1.9983182  2.04626714 2.00225118 1.92256962 2.08193508 1.9323709 ]
 [1.97873796 1.9425859  1.91512913 1.96710638 2.01274715 2.01505728]
 [2.04353487 1.9201934  1.92617989 2.06326596 2.00149978 2.04929155]
 [1.96100385 2.00263148 1.90851125 2.0821287  2.03628537 1.96228134]]
Cv: [[0.         0.         0.         0.         0.        ]
 [2.04379526 1.96065139 2.02552772 1.94058679 2.08242228]
 [2.05411917 1.99890545 1.96585435 2.01228111 1.9733933 ]
 [2.08323111 1.98397625 2.02915232 2.02735375 2.02677116]
 [2.03287491 2.03070043 1.91407665 2.04471697 2.04981896]
 [2.00358497 2.03397781 2.05153017 2.05191535 2.09313299]
 [2.01098611 2.04596589 2.095445   2.08196067 2.0834223 ]
 [1.93511426 1.9697208  2.03890364 2.04888826 1.99448491]
 [1.95741417 1.97247968 1.93906854 1.9119811  1.9662796 ]
 [2.08714308 1.9372578  2.07593977 2.06014423 2.02997621]
 [1.95198388 1.9569325  1.96678138 2.07537015 1.98833438]
 [2.08595675 2.02083375 2.09878361 2.07601579 1.96733221]
 [1.97318318 1.90384865 2.02161535 1.94417678 2.08102031]
 [1.9098239  1.94359667 1.97844163 2.07536136 2.01989717]
 [2.06312959 1.96701219 1.95730629 2.06791766 2.03814981]]
Rh: [[12.87445306 11.0242873   1.2024163   2.29080826  9.08551115 17.76243811]
 [ 1.54916754  7.14781512  8.33524298  5.54242185  2.66781964  2.0289664 ]
 [17.20530815 12.76274626  1.00300281  7.77742813  1.45895303  1.47256705]
 [ 7.73387597  1.63463387  1.22365567 11.82607451  1.60211925  7.81800996]
 [ 5.60244301  1.69273749  5.60625925 17.47220583  2.94774082  4.08976849]
 [ 1.85922339  5.06188793  3.76470193  4.495227   12.25065086  1.41155269]
 [ 2.1798486   6.91738873  8.58452588  9.73952263  3.67306582  8.18967665]
 [ 7.74942946  1.03049283  1.30640185  3.39693078  1.16480389  6.19620568]
 [ 4.21012054  1.86316548 16.78179333 12.19103709  5.96607741 15.73026429]
 [ 4.97415402  8.95144358  2.99298369 12.58573563  6.16654052  4.2397359 ]
 [ 1.60631719  6.58345643  2.50630141  1.89335519 18.85876352  7.67205055]
 [ 1.94624502  2.75814071  3.29078464  3.03657008  2.56542524 12.25779862]
 [ 1.56403506  8.28278445 18.9344702   6.598101    5.14098858  1.74703767]
 [ 1.30248064  2.18374341  7.94929371  1.01582213  6.18698745  2.31358092]
 [ 7.58471574 17.66365398  9.42974613  2.68377473 10.58308822 18.37145324]]
Rv: [[ 4.76771641  1.68181505 10.95866388  7.70848112  1.62943804]
 [12.37679608  6.51755815 12.42492911  2.31898603  2.21276248]
 [ 3.49065637  8.07300787  9.94340091  1.40990334 12.03033135]
 [ 4.61235989  2.48289456  7.48299074  2.40192551  1.02142027]
 [ 1.30192918 11.63406269 16.34829871  6.70559545  2.29484238]
 [ 9.10850937  5.08338647  9.85165217 10.09815489  8.5632188 ]
 [ 2.72320863  1.79731215  2.76561859  9.40313754  2.71878821]
 [ 1.76968831  1.62811806 14.04461354 15.73249511  4.37199856]
 [ 2.18374439  1.18228103  1.17843926  2.44067907  1.34064129]
 [14.75778043  5.19443398  5.91914389 14.92126758  8.67151104]
 [ 4.3729144  11.67251802  7.65322673  3.55919078  6.00818908]
 [ 4.36298251  1.82975763  7.52684327  9.5871042   5.50316521]
 [ 6.65438566  9.79527004  6.33830512 18.61707142 12.35381453]
 [13.28184079  2.2210436   2.57512451 12.91819708  2.04166637]]