-------Running parameters--------
T = 0.001
temperature_gradient = 0.0
gap = 0.0
M = 15
N = 5
VR = 0.0
Vmin = 0.0
Vmax = 0.7
vStep = 0.001
vSym = True
repeats = 50
fileName = array_5_15_disorder_c_std_1.5_r_std_9_run_4
dist = exp
fullOutput = True
use_graph = False
current_map = True
plot_current_map = False
plot_binary_current_map = False
frame_norm = False
dbg = False
resume = False
sc = False
leaping = False
constQ = False
modifyR = False
double_time = False
double_loop = False
output_folder = bgu_2d_narrow_arrays
params_path = 
VG_avg = 0.0
VG_std = 0.0
C_avg = 2.0
C_std = 1.5
CG_avg = 10.0
CG_std = 0.0
R_avg = 10.0
R_std = 9.0
custom_rh = ""
custom_rv = ""
custom_ch = ""
custom_cv = ""
RG_avg = 500.0
RG_std = 0.0
n0_avg = 0.0
n0_std = 0.0
Q0_avg = 0.0
Q0_std = 0.0
----Array Parameters-----
Rows: 15
Columns: 5
VG: [[0.]
 [0.]
 [0.]
 [0.]
 [0.]
 [0.]
 [0.]
 [0.]
 [0.]
 [0.]
 [0.]
 [0.]
 [0.]
 [0.]
 [0.]
 [0.]
 [0.]
 [0.]
 [0.]
 [0.]
 [0.]
 [0.]
 [0.]
 [0.]
 [0.]
 [0.]
 [0.]
 [0.]
 [0.]
 [0.]
 [0.]
 [0.]
 [0.]
 [0.]
 [0.]
 [0.]
 [0.]
 [0.]
 [0.]
 [0.]
 [0.]
 [0.]
 [0.]
 [0.]
 [0.]
 [0.]
 [0.]
 [0.]
 [0.]
 [0.]
 [0.]
 [0.]
 [0.]
 [0.]
 [0.]
 [0.]
 [0.]
 [0.]
 [0.]
 [0.]
 [0.]
 [0.]
 [0.]
 [0.]
 [0.]
 [0.]
 [0.]
 [0.]
 [0.]
 [0.]
 [0.]
 [0.]
 [0.]
 [0.]
 [0.]]
CG: [[10.]
 [10.]
 [10.]
 [10.]
 [10.]
 [10.]
 [10.]
 [10.]
 [10.]
 [10.]
 [10.]
 [10.]
 [10.]
 [10.]
 [10.]
 [10.]
 [10.]
 [10.]
 [10.]
 [10.]
 [10.]
 [10.]
 [10.]
 [10.]
 [10.]
 [10.]
 [10.]
 [10.]
 [10.]
 [10.]
 [10.]
 [10.]
 [10.]
 [10.]
 [10.]
 [10.]
 [10.]
 [10.]
 [10.]
 [10.]
 [10.]
 [10.]
 [10.]
 [10.]
 [10.]
 [10.]
 [10.]
 [10.]
 [10.]
 [10.]
 [10.]
 [10.]
 [10.]
 [10.]
 [10.]
 [10.]
 [10.]
 [10.]
 [10.]
 [10.]
 [10.]
 [10.]
 [10.]
 [10.]
 [10.]
 [10.]
 [10.]
 [10.]
 [10.]
 [10.]
 [10.]
 [10.]
 [10.]
 [10.]
 [10.]]
RG: [[500.]
 [500.]
 [500.]
 [500.]
 [500.]
 [500.]
 [500.]
 [500.]
 [500.]
 [500.]
 [500.]
 [500.]
 [500.]
 [500.]
 [500.]
 [500.]
 [500.]
 [500.]
 [500.]
 [500.]
 [500.]
 [500.]
 [500.]
 [500.]
 [500.]
 [500.]
 [500.]
 [500.]
 [500.]
 [500.]
 [500.]
 [500.]
 [500.]
 [500.]
 [500.]
 [500.]
 [500.]
 [500.]
 [500.]
 [500.]
 [500.]
 [500.]
 [500.]
 [500.]
 [500.]
 [500.]
 [500.]
 [500.]
 [500.]
 [500.]
 [500.]
 [500.]
 [500.]
 [500.]
 [500.]
 [500.]
 [500.]
 [500.]
 [500.]
 [500.]
 [500.]
 [500.]
 [500.]
 [500.]
 [500.]
 [500.]
 [500.]
 [500.]
 [500.]
 [500.]
 [500.]
 [500.]
 [500.]
 [500.]
 [500.]]
Ch: [[1.24088961 3.44881844 2.42563361 1.62335544 1.82051876 0.93451501]
 [0.91312998 3.44109556 0.93960257 0.80336434 2.11935755 1.30529408]
 [0.92300978 1.43815757 0.917652   1.28771497 0.55527708 0.7050165 ]
 [0.64655513 0.5481707  1.17554891 2.64918004 2.26274428 3.36737958]
 [0.87317786 3.14105134 2.51151469 2.94784868 3.44502089 3.26521112]
 [0.63514196 0.79686503 1.58802652 1.00843558 1.80840385 1.47051052]
 [1.24638958 2.13558716 1.36510331 0.57590456 0.74524755 2.4596417 ]
 [1.62726915 1.53477572 0.63721749 2.02476573 0.58979722 0.62075799]
 [0.73649419 0.83945752 2.91315862 1.28911787 0.89661492 1.21780478]
 [1.5546446  0.82890824 1.89016858 2.60230886 0.72927222 0.89167646]
 [1.94328608 0.63837185 2.04121683 1.06337142 0.59024261 1.53290323]
 [0.65436441 1.95476991 2.62562075 0.69082554 2.28208934 1.38377685]
 [2.47733064 0.71762697 0.73525321 0.97951113 1.00789695 2.96189362]
 [1.96669887 0.9298192  2.485976   2.36313411 1.71562949 0.68162042]
 [0.51617833 2.32506281 0.56466924 2.74071785 0.90154402 0.50960365]]
Cv: [[0.         0.         0.         0.         0.        ]
 [0.94296424 2.09044014 0.90777919 0.89225231 1.03192202]
 [1.89573919 3.32958009 0.7127587  1.76281798 1.65376387]
 [0.54650571 0.62274859 0.96045662 1.48566736 0.60351595]
 [3.21037365 1.30470243 1.75481415 0.64881092 0.63361332]
 [1.28630861 2.74619919 1.72729785 1.25014372 1.26738475]
 [0.87056567 1.38440083 2.61742421 1.05713419 1.26454566]
 [3.35343448 2.3307668  1.19827307 1.36986905 2.39685005]
 [0.52097489 1.00150188 1.72732726 1.53867652 2.29542757]
 [3.14605649 0.6609112  3.06478329 1.0197079  1.35191688]
 [0.74458518 0.65699278 0.57993213 0.53124391 0.954196  ]
 [0.73453601 2.1503376  0.73644041 0.70750085 0.72733308]
 [2.16134324 0.53437495 3.17371164 1.13027372 1.58746421]
 [1.14632045 0.99283429 1.64241603 2.13415791 2.22066094]
 [3.37825705 1.58626265 1.00195182 2.31006742 1.47275164]]
Rh: [[ 2.17836048  3.69962125  4.11683354  1.55732326  6.12469077  8.38987401]
 [ 5.10362743  5.13930666  1.56047491 15.16733734  4.48191027  1.34034549]
 [ 7.4677299   1.21249409  3.9782103  14.02673734  1.08955445  8.78264052]
 [ 4.71996091  8.90375297  1.30119288  1.39166592  7.71855998  1.05522081]
 [ 1.74328777  4.78583544  2.3233598   3.22546943 15.09498682  1.69785832]
 [ 3.47049931  6.67470367  1.15875006  4.76372043  8.20971048  2.26794813]
 [ 5.8322269   1.06389842  7.68250904  4.89251218  3.44723856  3.2543242 ]
 [11.19646754  8.62461466 12.80578359  2.50495677  5.46979955  1.94875112]
 [ 4.34287451  8.60755788  6.38750081  1.80784619 11.07863467  7.08427089]
 [ 8.50068617 11.76944352  7.94337194  2.01765699 17.52101759 11.35140423]
 [ 7.91980402  3.24136525  1.02872382  2.1126679   1.65947288  1.41754205]
 [ 2.87651746  2.47241899  1.88774287 10.03956219  3.11822686  6.00429356]
 [ 2.82334649 16.74086425  4.50067537  2.38155876 12.5959381   4.55273269]
 [ 3.56202734  1.25179946 12.29733492 17.95436287 15.56481347  1.79359284]
 [13.60742029  1.27453194 13.29977099  4.11087798  1.77474028  1.30836136]]
Rv: [[ 1.1233786   7.32732116 10.49467364  7.86935304  6.51093405]
 [ 9.07698185  8.87775703 10.87840036  4.8477841   8.18889991]
 [ 6.19905603  4.938221    4.11707947  1.44665631  1.54803553]
 [11.19020305  9.23567337  9.79759502 10.86917806  4.62515518]
 [17.64519331  8.421784    6.8463983   2.99521863  9.31613877]
 [ 2.28435733  3.15043162  1.68206401 14.22484199  7.24677056]
 [ 1.096712    4.25786565  1.20706177 15.41035567  9.12678403]
 [ 3.51532285  1.73410246  6.35309953  3.97351618  4.88864606]
 [ 8.21908585 11.22692997  5.55311048  3.27644385  7.88513061]
 [ 3.13513854  3.61450203  1.59806542  7.84426013  1.50238468]
 [16.35102505 11.6992321   1.76193826 12.55206245  8.28561386]
 [ 1.68324827  2.79940493  7.19444833  1.18228816  3.42591416]
 [18.72670945  3.82310523  1.45927846  2.05875962 12.55217552]
 [ 1.69116165  1.44371732  7.00026128  3.53706686  2.22153825]]