-------Running parameters--------
T = 0.001
temperature_gradient = 0.0
gap = 0.0
M = 15
N = 5
VR = 0.0
Vmin = 0.0
Vmax = 0.7
vStep = 0.001
vSym = True
repeats = 50
fileName = array_5_15_disorder_c_std_0.1_r_std_9_run_4
dist = exp
fullOutput = True
use_graph = False
current_map = True
plot_current_map = False
plot_binary_current_map = False
frame_norm = False
dbg = False
resume = False
sc = False
leaping = False
constQ = False
modifyR = False
double_time = False
double_loop = False
output_folder = bgu_2d_narrow_arrays
params_path = 
VG_avg = 0.0
VG_std = 0.0
C_avg = 2.0
C_std = 0.1
CG_avg = 10.0
CG_std = 0.0
R_avg = 10.0
R_std = 9.0
custom_rh = ""
custom_rv = ""
custom_ch = ""
custom_cv = ""
RG_avg = 500.0
RG_std = 0.0
n0_avg = 0.0
n0_std = 0.0
Q0_avg = 0.0
Q0_std = 0.0
----Array Parameters-----
Rows: 15
Columns: 5
VG: [[0.]
 [0.]
 [0.]
 [0.]
 [0.]
 [0.]
 [0.]
 [0.]
 [0.]
 [0.]
 [0.]
 [0.]
 [0.]
 [0.]
 [0.]
 [0.]
 [0.]
 [0.]
 [0.]
 [0.]
 [0.]
 [0.]
 [0.]
 [0.]
 [0.]
 [0.]
 [0.]
 [0.]
 [0.]
 [0.]
 [0.]
 [0.]
 [0.]
 [0.]
 [0.]
 [0.]
 [0.]
 [0.]
 [0.]
 [0.]
 [0.]
 [0.]
 [0.]
 [0.]
 [0.]
 [0.]
 [0.]
 [0.]
 [0.]
 [0.]
 [0.]
 [0.]
 [0.]
 [0.]
 [0.]
 [0.]
 [0.]
 [0.]
 [0.]
 [0.]
 [0.]
 [0.]
 [0.]
 [0.]
 [0.]
 [0.]
 [0.]
 [0.]
 [0.]
 [0.]
 [0.]
 [0.]
 [0.]
 [0.]
 [0.]]
CG: [[10.]
 [10.]
 [10.]
 [10.]
 [10.]
 [10.]
 [10.]
 [10.]
 [10.]
 [10.]
 [10.]
 [10.]
 [10.]
 [10.]
 [10.]
 [10.]
 [10.]
 [10.]
 [10.]
 [10.]
 [10.]
 [10.]
 [10.]
 [10.]
 [10.]
 [10.]
 [10.]
 [10.]
 [10.]
 [10.]
 [10.]
 [10.]
 [10.]
 [10.]
 [10.]
 [10.]
 [10.]
 [10.]
 [10.]
 [10.]
 [10.]
 [10.]
 [10.]
 [10.]
 [10.]
 [10.]
 [10.]
 [10.]
 [10.]
 [10.]
 [10.]
 [10.]
 [10.]
 [10.]
 [10.]
 [10.]
 [10.]
 [10.]
 [10.]
 [10.]
 [10.]
 [10.]
 [10.]
 [10.]
 [10.]
 [10.]
 [10.]
 [10.]
 [10.]
 [10.]
 [10.]
 [10.]
 [10.]
 [10.]
 [10.]]
RG: [[500.]
 [500.]
 [500.]
 [500.]
 [500.]
 [500.]
 [500.]
 [500.]
 [500.]
 [500.]
 [500.]
 [500.]
 [500.]
 [500.]
 [500.]
 [500.]
 [500.]
 [500.]
 [500.]
 [500.]
 [500.]
 [500.]
 [500.]
 [500.]
 [500.]
 [500.]
 [500.]
 [500.]
 [500.]
 [500.]
 [500.]
 [500.]
 [500.]
 [500.]
 [500.]
 [500.]
 [500.]
 [500.]
 [500.]
 [500.]
 [500.]
 [500.]
 [500.]
 [500.]
 [500.]
 [500.]
 [500.]
 [500.]
 [500.]
 [500.]
 [500.]
 [500.]
 [500.]
 [500.]
 [500.]
 [500.]
 [500.]
 [500.]
 [500.]
 [500.]
 [500.]
 [500.]
 [500.]
 [500.]
 [500.]
 [500.]
 [500.]
 [500.]
 [500.]
 [500.]
 [500.]
 [500.]
 [500.]
 [500.]
 [500.]]
Ch: [[2.08768167 2.09085707 1.97423267 2.08889072 1.97281237 1.9398604 ]
 [1.95473289 1.91441977 2.03430365 1.97585295 2.05399966 2.08815439]
 [1.92301751 2.0148543  2.0141887  1.92296262 1.90585856 1.97690376]
 [1.9870233  1.93015636 1.91187142 2.06529474 2.08261608 1.99263325]
 [1.98951149 2.03902266 1.94953917 1.99509504 1.94811177 1.99969356]
 [2.05139193 1.91139783 2.06965786 2.09795901 2.0866781  2.08187916]
 [2.04670133 2.07804222 2.0372737  1.9523488  2.00520746 1.92773476]
 [1.99328102 2.00245704 1.93590751 2.05332886 2.02117075 2.05253769]
 [2.0839818  2.01423351 2.03437788 2.09401209 1.92773058 2.01541535]
 [2.06749408 2.0387884  1.99415124 2.01867167 1.98344575 2.04723498]
 [2.05820034 2.09532325 1.98222743 2.05777722 2.05920539 2.09090636]
 [2.00970698 1.95910189 2.08517909 1.98822927 1.97425532 2.09536039]
 [2.051253   2.03962104 2.09057279 1.93510608 2.04881442 1.98456858]
 [2.02420776 1.98548211 1.94849296 2.04787099 2.08647261 2.07886685]
 [2.03082142 2.00573954 1.90649437 2.0000291  2.0627073  2.05902795]]
Cv: [[0.         0.         0.         0.         0.        ]
 [1.95933143 2.0639162  1.91260354 2.03169378 1.96319054]
 [1.93019992 1.97856653 1.96375051 2.0967169  2.05968024]
 [2.05216229 2.00428838 2.04407285 1.94474269 1.93709514]
 [1.95867965 1.97189814 2.05624946 1.91526641 2.09028648]
 [1.92768281 1.90481437 2.07325822 2.0468011  2.0402431 ]
 [1.93011642 1.91671673 1.99157978 1.90327084 1.97093027]
 [2.06614377 2.07967411 1.99490546 2.08869802 2.05729784]
 [2.05480359 2.05077585 2.09301335 2.05529093 1.93640728]
 [1.91044962 2.06449565 2.01202438 1.98490738 2.06090649]
 [1.96292682 2.04511443 2.04504451 1.95252173 1.95482377]
 [1.92135592 1.96516989 2.09039415 1.96064383 1.96261859]
 [2.02078807 2.05630031 2.04102671 1.95056938 2.02772298]
 [2.06991618 1.90023374 1.96079681 2.01721315 1.92115128]
 [1.91038467 1.98389013 2.09424702 1.94177492 1.9325512 ]]
Rh: [[ 1.89834501  2.96939903  2.0405749   1.74974905  1.06569099  4.14379105]
 [ 5.98258697  2.58772463  1.5345021   2.83912337  7.52676665  1.25862926]
 [ 1.31748337  1.30062619  2.48490773  1.67413413  1.90193027  2.04401518]
 [ 1.176923    2.56273718  4.42112478  2.24053819 10.45657824 17.06574463]
 [ 6.80005883  4.90084328 13.59919745  6.99473974  6.33888313  5.16023032]
 [ 3.8639494   2.69510384 10.6802373   1.33091476  1.73721337  1.69503735]
 [ 5.84957939  1.72198319  8.01062343  2.06517668  7.59850354  7.36979461]
 [ 4.17758484  5.05594972  1.75802106  1.6769735   7.83285802  5.67376557]
 [ 6.7660311   1.34085258 16.51990868  2.39917055  1.64228346 11.78642381]
 [ 2.52958129  1.01947122  1.41817011 11.40313949  5.46075368 15.37759944]
 [ 5.1360558   7.84036452  3.01584925 12.08129145  5.93838487  7.37916782]
 [12.81205212  4.13903235  2.01044698  2.34107192  1.76765548 13.85394008]
 [ 7.77523843  2.2444561   1.21668975  1.4893919   8.16827163 13.81115117]
 [ 4.71065633  8.9217009   3.01014035 13.88749009 12.86723033  1.77228957]
 [ 1.61534247  3.63887376  1.80167113  2.42670072 15.9664206  11.65168855]]
Rv: [[ 4.19857547  4.31036138  4.81572787  1.74473462  1.01047891]
 [ 5.4778571   1.43593481 12.15925014  1.4659917   2.48009984]
 [ 3.49785932  9.20606087  2.70585171  2.65635825  5.92104623]
 [ 1.74993857  1.22184843 13.15085657  2.24604545  1.30240889]
 [ 2.24384259  8.02708593  1.0593381  12.43052304  2.81786062]
 [ 3.36580982  3.2982063   2.77532382  8.37711611  7.7915724 ]
 [ 4.71521543 13.27050148  3.54762257  1.98708973 12.60803591]
 [ 1.81371292 11.86783345  2.05864612 10.73649379  2.77946358]
 [ 2.80215661  1.69400398  1.97731174 17.49783317 14.09732549]
 [ 3.75511049 11.83162255  1.6662025   1.16513291  2.58363119]
 [ 1.72374876  1.19791769  1.07925991  1.45499894  4.92408787]
 [ 2.53968945  2.68945214  4.74934153  3.50370279  9.02330963]
 [15.99048854  5.79418692 13.43820476 12.41420287  3.10827829]
 [ 4.86734016  3.42377777  3.21185764  2.24056191  3.17172584]]