-------Running parameters--------
T = 0.001
temperature_gradient = 0.0
gap = 0.0
M = 15
N = 5
VR = 0.0
Vmin = 0.0
Vmax = 0.7
vStep = 0.001
vSym = True
repeats = 50
fileName = array_5_15_disorder_c_std_0.5_r_std_9_run_8
dist = exp
fullOutput = True
use_graph = False
current_map = True
plot_current_map = False
plot_binary_current_map = False
frame_norm = False
dbg = False
resume = False
sc = False
leaping = False
constQ = False
modifyR = False
double_time = False
double_loop = False
output_folder = bgu_2d_narrow_arrays
params_path = 
VG_avg = 0.0
VG_std = 0.0
C_avg = 2.0
C_std = 0.5
CG_avg = 10.0
CG_std = 0.0
R_avg = 10.0
R_std = 9.0
custom_rh = ""
custom_rv = ""
custom_ch = ""
custom_cv = ""
RG_avg = 500.0
RG_std = 0.0
n0_avg = 0.0
n0_std = 0.0
Q0_avg = 0.0
Q0_std = 0.0
----Array Parameters-----
Rows: 15
Columns: 5
VG: [[0.]
 [0.]
 [0.]
 [0.]
 [0.]
 [0.]
 [0.]
 [0.]
 [0.]
 [0.]
 [0.]
 [0.]
 [0.]
 [0.]
 [0.]
 [0.]
 [0.]
 [0.]
 [0.]
 [0.]
 [0.]
 [0.]
 [0.]
 [0.]
 [0.]
 [0.]
 [0.]
 [0.]
 [0.]
 [0.]
 [0.]
 [0.]
 [0.]
 [0.]
 [0.]
 [0.]
 [0.]
 [0.]
 [0.]
 [0.]
 [0.]
 [0.]
 [0.]
 [0.]
 [0.]
 [0.]
 [0.]
 [0.]
 [0.]
 [0.]
 [0.]
 [0.]
 [0.]
 [0.]
 [0.]
 [0.]
 [0.]
 [0.]
 [0.]
 [0.]
 [0.]
 [0.]
 [0.]
 [0.]
 [0.]
 [0.]
 [0.]
 [0.]
 [0.]
 [0.]
 [0.]
 [0.]
 [0.]
 [0.]
 [0.]]
CG: [[10.]
 [10.]
 [10.]
 [10.]
 [10.]
 [10.]
 [10.]
 [10.]
 [10.]
 [10.]
 [10.]
 [10.]
 [10.]
 [10.]
 [10.]
 [10.]
 [10.]
 [10.]
 [10.]
 [10.]
 [10.]
 [10.]
 [10.]
 [10.]
 [10.]
 [10.]
 [10.]
 [10.]
 [10.]
 [10.]
 [10.]
 [10.]
 [10.]
 [10.]
 [10.]
 [10.]
 [10.]
 [10.]
 [10.]
 [10.]
 [10.]
 [10.]
 [10.]
 [10.]
 [10.]
 [10.]
 [10.]
 [10.]
 [10.]
 [10.]
 [10.]
 [10.]
 [10.]
 [10.]
 [10.]
 [10.]
 [10.]
 [10.]
 [10.]
 [10.]
 [10.]
 [10.]
 [10.]
 [10.]
 [10.]
 [10.]
 [10.]
 [10.]
 [10.]
 [10.]
 [10.]
 [10.]
 [10.]
 [10.]
 [10.]]
RG: [[500.]
 [500.]
 [500.]
 [500.]
 [500.]
 [500.]
 [500.]
 [500.]
 [500.]
 [500.]
 [500.]
 [500.]
 [500.]
 [500.]
 [500.]
 [500.]
 [500.]
 [500.]
 [500.]
 [500.]
 [500.]
 [500.]
 [500.]
 [500.]
 [500.]
 [500.]
 [500.]
 [500.]
 [500.]
 [500.]
 [500.]
 [500.]
 [500.]
 [500.]
 [500.]
 [500.]
 [500.]
 [500.]
 [500.]
 [500.]
 [500.]
 [500.]
 [500.]
 [500.]
 [500.]
 [500.]
 [500.]
 [500.]
 [500.]
 [500.]
 [500.]
 [500.]
 [500.]
 [500.]
 [500.]
 [500.]
 [500.]
 [500.]
 [500.]
 [500.]
 [500.]
 [500.]
 [500.]
 [500.]
 [500.]
 [500.]
 [500.]
 [500.]
 [500.]
 [500.]
 [500.]
 [500.]
 [500.]
 [500.]
 [500.]]
Ch: [[2.23625164 2.16777577 2.11261372 2.1803789  2.39500528 2.12117653]
 [2.03200922 2.03311208 2.0433797  2.15521747 1.60356482 1.93117094]
 [2.12080854 1.7363269  1.93698914 2.35664448 2.03347154 1.88539066]
 [1.60735583 2.23807334 2.33171237 2.05731    1.8024775  1.51026987]
 [1.60520051 1.64925326 2.14252606 1.86127832 1.8315926  2.09096984]
 [2.02812048 1.97992546 2.23401629 2.35532518 1.84141798 1.66323798]
 [1.70966257 2.07054677 1.6392655  2.18616428 2.13485363 1.57385125]
 [2.19748766 1.63107336 2.21469555 1.76272248 1.95214268 1.884559  ]
 [2.30427232 2.07755242 2.07929242 1.50726999 1.86682071 1.72245788]
 [1.78667061 1.54574611 1.89807544 1.99851293 1.51093004 1.63301752]
 [2.00827202 1.76833289 1.64279347 2.27299578 1.72707443 1.88688452]
 [1.82404936 2.14032952 1.99954207 2.06897285 1.93817431 1.51098839]
 [2.42556305 2.31688048 1.62969907 2.32839846 1.80487976 2.08835939]
 [2.41356364 1.55699125 1.83161411 2.47556566 1.63650961 1.67752363]
 [2.12169019 1.54253824 1.75652901 1.62793361 2.36028265 2.30596287]]
Cv: [[0.         0.         0.         0.         0.        ]
 [2.17904884 2.04607792 1.80471286 1.56754484 1.54834446]
 [1.89781747 2.19492668 1.81779872 1.69617686 1.71008775]
 [2.07649372 1.78900169 1.61351279 2.21386712 1.62359965]
 [2.18508118 2.45137105 2.32364885 2.12000181 2.20095106]
 [2.34167325 1.77907543 2.01865918 1.99953427 2.12749753]
 [1.99439967 2.48618185 2.12096856 2.42721323 1.95674776]
 [2.3682734  2.20435299 1.5814756  2.28282137 2.35612764]
 [1.77632388 2.28469493 1.67226197 2.41961022 2.46028736]
 [1.86269543 1.98878832 2.49693029 1.51027093 1.79056315]
 [1.72338402 2.35289962 2.31427235 2.10374014 1.86551009]
 [1.5448454  2.16784911 1.99898435 1.7700906  2.19285389]
 [2.26842976 1.99715557 2.26792586 2.25244587 2.37445745]
 [1.70590673 2.00603659 2.17653747 1.63896837 2.05093927]
 [2.23409987 1.59392697 1.92817134 2.16593064 1.69818   ]]
Rh: [[13.70427165  1.59963228  6.60839084 10.74108151  8.2422491  17.90717706]
 [17.0285592   1.8884495   5.81002474  2.23122805  4.21160062  1.38584077]
 [ 5.90108765  2.54670177  1.00356739  1.91397046  1.65035293  1.59490088]
 [ 8.87427519  3.62675976 12.86593143  1.35476655  3.87244086  2.7193169 ]
 [ 5.57377329  1.58883983 18.46285533  4.45821287  1.94700663  8.77394907]
 [ 1.53749408  1.4182191   1.26966454 11.9042531   2.33221863  5.74103911]
 [ 7.48447242  1.05934005  1.28266543  1.13442444  1.29916411 16.34413214]
 [ 5.1503434  13.31416375  9.57336459  4.36685767  2.90708854 13.75568698]
 [ 2.00264655  8.42658423  2.18680201  4.71340549  4.46177016  5.11288215]
 [ 2.2844408  16.16490609  3.54825439  1.93650648 12.37153666  1.55376089]
 [ 1.86690683  1.90532673  4.71750479  3.74912535  1.49153243  2.60529747]
 [ 9.87868827 11.74946773  1.91540841 12.13077972  2.18909239  1.90437419]
 [ 2.16282708  5.65291474  9.60102431  4.50040646  9.72435867  1.59249733]
 [ 4.83286006  3.79609919  2.29206282  1.73451506  1.05764289 14.69933756]
 [ 1.225801    1.39306129 18.12295217  4.88293591  9.69870599 11.13585813]]
Rv: [[ 4.23402342 12.69894902  1.72660318  2.37355981  2.04584628]
 [12.5045458   7.14016986  1.51060646  1.34382184  9.13051413]
 [ 1.45333124  6.49324825  4.94034734  8.22280368  5.70297575]
 [ 1.21334419  4.42953239  4.2660001  11.4845163  10.04338917]
 [ 8.81042857  7.0229501   8.08052709 11.56880225  2.0081795 ]
 [ 3.98759824 11.94864257  8.04245229  3.07944405  1.0756794 ]
 [11.96963093  2.34312169  8.74570868  3.47333514  1.96552905]
 [ 3.59372776  3.74581113  2.01053328  1.03583388  3.42803871]
 [ 1.26877822 11.7998244   9.24485647  4.36905161  2.79953113]
 [ 5.95881219  3.84233112  2.83642753  8.40802155 15.40855628]
 [ 7.40375222  1.71813634  3.24538064  1.63663034  5.54965611]
 [ 3.1497946   3.2302206   2.78711193  1.12175396  7.81247336]
 [15.34581032  1.12530966  1.76003206  1.17377958 11.02381032]
 [ 4.55663274  6.91866589 13.06591883  3.75880173  1.28958642]]