-------Running parameters--------
T = 0.001
temperature_gradient = 0.0
gap = 0.0
M = 15
N = 5
VR = 0.0
Vmin = 0.0
Vmax = 0.7
vStep = 0.001
vSym = True
repeats = 50
fileName = array_5_15_disorder_c_std_0.5_r_std_9_run_2
dist = exp
fullOutput = True
use_graph = False
current_map = True
plot_current_map = False
plot_binary_current_map = False
frame_norm = False
dbg = False
resume = False
sc = False
leaping = False
constQ = False
modifyR = False
double_time = False
double_loop = False
output_folder = bgu_2d_narrow_arrays
params_path = 
VG_avg = 0.0
VG_std = 0.0
C_avg = 2.0
C_std = 0.5
CG_avg = 10.0
CG_std = 0.0
R_avg = 10.0
R_std = 9.0
custom_rh = ""
custom_rv = ""
custom_ch = ""
custom_cv = ""
RG_avg = 500.0
RG_std = 0.0
n0_avg = 0.0
n0_std = 0.0
Q0_avg = 0.0
Q0_std = 0.0
----Array Parameters-----
Rows: 15
Columns: 5
VG: [[0.]
 [0.]
 [0.]
 [0.]
 [0.]
 [0.]
 [0.]
 [0.]
 [0.]
 [0.]
 [0.]
 [0.]
 [0.]
 [0.]
 [0.]
 [0.]
 [0.]
 [0.]
 [0.]
 [0.]
 [0.]
 [0.]
 [0.]
 [0.]
 [0.]
 [0.]
 [0.]
 [0.]
 [0.]
 [0.]
 [0.]
 [0.]
 [0.]
 [0.]
 [0.]
 [0.]
 [0.]
 [0.]
 [0.]
 [0.]
 [0.]
 [0.]
 [0.]
 [0.]
 [0.]
 [0.]
 [0.]
 [0.]
 [0.]
 [0.]
 [0.]
 [0.]
 [0.]
 [0.]
 [0.]
 [0.]
 [0.]
 [0.]
 [0.]
 [0.]
 [0.]
 [0.]
 [0.]
 [0.]
 [0.]
 [0.]
 [0.]
 [0.]
 [0.]
 [0.]
 [0.]
 [0.]
 [0.]
 [0.]
 [0.]]
CG: [[10.]
 [10.]
 [10.]
 [10.]
 [10.]
 [10.]
 [10.]
 [10.]
 [10.]
 [10.]
 [10.]
 [10.]
 [10.]
 [10.]
 [10.]
 [10.]
 [10.]
 [10.]
 [10.]
 [10.]
 [10.]
 [10.]
 [10.]
 [10.]
 [10.]
 [10.]
 [10.]
 [10.]
 [10.]
 [10.]
 [10.]
 [10.]
 [10.]
 [10.]
 [10.]
 [10.]
 [10.]
 [10.]
 [10.]
 [10.]
 [10.]
 [10.]
 [10.]
 [10.]
 [10.]
 [10.]
 [10.]
 [10.]
 [10.]
 [10.]
 [10.]
 [10.]
 [10.]
 [10.]
 [10.]
 [10.]
 [10.]
 [10.]
 [10.]
 [10.]
 [10.]
 [10.]
 [10.]
 [10.]
 [10.]
 [10.]
 [10.]
 [10.]
 [10.]
 [10.]
 [10.]
 [10.]
 [10.]
 [10.]
 [10.]]
RG: [[500.]
 [500.]
 [500.]
 [500.]
 [500.]
 [500.]
 [500.]
 [500.]
 [500.]
 [500.]
 [500.]
 [500.]
 [500.]
 [500.]
 [500.]
 [500.]
 [500.]
 [500.]
 [500.]
 [500.]
 [500.]
 [500.]
 [500.]
 [500.]
 [500.]
 [500.]
 [500.]
 [500.]
 [500.]
 [500.]
 [500.]
 [500.]
 [500.]
 [500.]
 [500.]
 [500.]
 [500.]
 [500.]
 [500.]
 [500.]
 [500.]
 [500.]
 [500.]
 [500.]
 [500.]
 [500.]
 [500.]
 [500.]
 [500.]
 [500.]
 [500.]
 [500.]
 [500.]
 [500.]
 [500.]
 [500.]
 [500.]
 [500.]
 [500.]
 [500.]
 [500.]
 [500.]
 [500.]
 [500.]
 [500.]
 [500.]
 [500.]
 [500.]
 [500.]
 [500.]
 [500.]
 [500.]
 [500.]
 [500.]
 [500.]]
Ch: [[1.50823188 2.10846667 1.74125657 2.40311654 2.17963247 2.43153887]
 [1.72565657 1.94592639 2.12477498 2.27735191 2.09814116 1.59654128]
 [1.54340927 2.03238031 1.53469161 2.22445111 1.82259437 2.0346904 ]
 [2.26389546 2.01789284 2.09857269 2.13463786 2.3373709  1.61661686]
 [1.63873629 2.12672646 1.64376092 1.57713346 1.70033675 1.87515716]
 [2.29574487 1.54252656 2.05721588 2.42428134 1.75247264 2.42976904]
 [2.01178872 1.54116629 1.61716492 1.51224861 1.70306432 1.53704163]
 [1.90213271 1.77716266 2.12138542 1.62901643 2.08514426 2.36266155]
 [1.69264888 2.23525829 2.06999047 2.46892004 1.52909957 1.68127153]
 [1.71455404 1.77131637 1.93713712 2.12673002 2.46328503 1.94957501]
 [2.29067092 2.19214151 1.54536919 2.20448688 2.01217027 1.59357276]
 [1.64893198 1.88529313 1.98511893 1.54368962 2.01489909 2.16982404]
 [2.25797403 2.12374063 1.83642701 2.45654449 1.83855988 2.36451407]
 [1.60299075 1.63832862 2.17016119 1.57797445 2.14555256 1.81752979]
 [1.57112857 1.79038909 2.13014904 1.82189994 1.87903013 1.54110895]]
Cv: [[0.         0.         0.         0.         0.        ]
 [2.48491631 1.57203133 1.88756324 2.18186932 1.60025312]
 [1.59110913 2.02255552 2.23475059 2.00923296 2.48176249]
 [1.53120407 1.61353797 1.65407814 1.57346288 1.75016178]
 [1.81843634 2.08446633 2.0519916  2.22252634 2.42901435]
 [2.00995152 2.18820727 1.72249587 2.35356654 2.04989008]
 [2.38537728 2.19659459 2.40744482 1.6297691  1.58378697]
 [2.12319162 1.69820036 1.57142335 1.8869469  1.63644586]
 [1.96772377 1.60712101 1.51799168 1.67033767 1.90160021]
 [2.45406267 1.64973664 1.88053506 2.49584607 1.9143082 ]
 [1.50506246 1.71202007 2.00675659 2.42007515 1.90337617]
 [1.58390938 1.5526009  1.80552501 1.71636826 1.5546216 ]
 [1.74697049 2.31088121 2.25176659 1.84416915 2.07938081]
 [2.19839284 1.74653668 1.67339047 1.60911832 2.07295422]
 [2.27031621 2.27172666 1.91461263 1.59250128 1.69447207]]
Rh: [[ 1.42782001  5.94441966  5.2852938  12.1016165   4.01810147 13.22957324]
 [ 6.73246549 12.78098169  1.28154242  1.44434198  6.75219107  3.96480622]
 [ 4.29316701  3.52830147  2.17929699  5.06804034  3.73513671  1.57287532]
 [ 5.19752036  5.58499952  3.88003511  1.43312387 15.29799341  4.47596839]
 [16.91536835 18.93045382  6.41659915 12.40216503  2.92918783  7.26647484]
 [ 1.91284552  5.43104493 10.03437215  1.75008144  1.17114323  2.83044721]
 [ 2.62361932  2.11083928  3.72003971  6.35506459  7.55753492  2.7558995 ]
 [ 1.54251624  1.20309921  1.15958804  5.28390512  3.85495761  3.50361888]
 [ 1.89761858 14.29103163  5.4626466   5.9601172   5.41905651  7.08472691]
 [ 5.09504566 14.32246197  1.06718153  1.3279366   8.26007397  4.95853992]
 [ 3.79138367  1.05666176  3.12200253  1.30454887  2.21990314 13.74417843]
 [ 2.00314433 18.99342025 12.63194366  4.27533168  2.33342254  3.61908294]
 [ 1.33948569  1.7147926   1.07245997 14.48430904 16.46637161  5.94832758]
 [ 8.71358023  1.7935897  16.25139226  4.45408031  3.04296327  4.59569489]
 [10.19540692  7.7393473   7.11645583  1.21886863  5.50553181  7.17770077]]
Rv: [[ 8.03094989 13.1608139  11.29445695  1.29649934  1.17530889]
 [ 2.96824884  1.44285661  1.88693389  9.93580709  3.96863214]
 [ 1.43495321  5.91343149  9.9081953   3.45459033 11.42088879]
 [ 6.49694886  9.29230613  3.43908032  5.67874037  4.46404662]
 [15.76614013 16.58332601  1.71865486  6.47764639  2.7292001 ]
 [12.44731674  1.28249036  5.97229832  3.50720609 10.04610977]
 [ 1.69888108  1.84196864 12.2441985   1.43986447  3.30286366]
 [11.49476034  1.70874678  4.86336589  8.93790405  5.99035324]
 [ 9.05619269 16.92837661 12.14626537  6.97878345 11.78726412]
 [ 5.03117195  2.15294707  2.22728715  4.52209832 17.59386165]
 [ 3.34781919  4.5012255   2.54628147 13.67209149  1.54217955]
 [16.48054112 13.29081996  8.5921925  13.9411672   1.40873936]
 [ 2.51684825  2.87601583  6.62862442  1.38180392  1.04577067]
 [11.9566837   1.33337014 11.42394483 14.4863217   1.64366013]]