-------Running parameters--------
T = 0.001
temperature_gradient = 0.0
gap = 0.0
M = 15
N = 5
VR = 0.0
Vmin = 0.0
Vmax = 0.7
vStep = 0.001
vSym = True
repeats = 50
fileName = array_5_15_disorder_c_std_0.1_r_std_9_run_1
dist = exp
fullOutput = True
use_graph = False
current_map = True
plot_current_map = False
plot_binary_current_map = False
frame_norm = False
dbg = False
resume = False
sc = False
leaping = False
constQ = False
modifyR = False
double_time = False
double_loop = False
output_folder = bgu_2d_narrow_arrays
params_path = 
VG_avg = 0.0
VG_std = 0.0
C_avg = 2.0
C_std = 0.1
CG_avg = 10.0
CG_std = 0.0
R_avg = 10.0
R_std = 9.0
custom_rh = ""
custom_rv = ""
custom_ch = ""
custom_cv = ""
RG_avg = 500.0
RG_std = 0.0
n0_avg = 0.0
n0_std = 0.0
Q0_avg = 0.0
Q0_std = 0.0
----Array Parameters-----
Rows: 15
Columns: 5
VG: [[0.]
 [0.]
 [0.]
 [0.]
 [0.]
 [0.]
 [0.]
 [0.]
 [0.]
 [0.]
 [0.]
 [0.]
 [0.]
 [0.]
 [0.]
 [0.]
 [0.]
 [0.]
 [0.]
 [0.]
 [0.]
 [0.]
 [0.]
 [0.]
 [0.]
 [0.]
 [0.]
 [0.]
 [0.]
 [0.]
 [0.]
 [0.]
 [0.]
 [0.]
 [0.]
 [0.]
 [0.]
 [0.]
 [0.]
 [0.]
 [0.]
 [0.]
 [0.]
 [0.]
 [0.]
 [0.]
 [0.]
 [0.]
 [0.]
 [0.]
 [0.]
 [0.]
 [0.]
 [0.]
 [0.]
 [0.]
 [0.]
 [0.]
 [0.]
 [0.]
 [0.]
 [0.]
 [0.]
 [0.]
 [0.]
 [0.]
 [0.]
 [0.]
 [0.]
 [0.]
 [0.]
 [0.]
 [0.]
 [0.]
 [0.]]
CG: [[10.]
 [10.]
 [10.]
 [10.]
 [10.]
 [10.]
 [10.]
 [10.]
 [10.]
 [10.]
 [10.]
 [10.]
 [10.]
 [10.]
 [10.]
 [10.]
 [10.]
 [10.]
 [10.]
 [10.]
 [10.]
 [10.]
 [10.]
 [10.]
 [10.]
 [10.]
 [10.]
 [10.]
 [10.]
 [10.]
 [10.]
 [10.]
 [10.]
 [10.]
 [10.]
 [10.]
 [10.]
 [10.]
 [10.]
 [10.]
 [10.]
 [10.]
 [10.]
 [10.]
 [10.]
 [10.]
 [10.]
 [10.]
 [10.]
 [10.]
 [10.]
 [10.]
 [10.]
 [10.]
 [10.]
 [10.]
 [10.]
 [10.]
 [10.]
 [10.]
 [10.]
 [10.]
 [10.]
 [10.]
 [10.]
 [10.]
 [10.]
 [10.]
 [10.]
 [10.]
 [10.]
 [10.]
 [10.]
 [10.]
 [10.]]
RG: [[500.]
 [500.]
 [500.]
 [500.]
 [500.]
 [500.]
 [500.]
 [500.]
 [500.]
 [500.]
 [500.]
 [500.]
 [500.]
 [500.]
 [500.]
 [500.]
 [500.]
 [500.]
 [500.]
 [500.]
 [500.]
 [500.]
 [500.]
 [500.]
 [500.]
 [500.]
 [500.]
 [500.]
 [500.]
 [500.]
 [500.]
 [500.]
 [500.]
 [500.]
 [500.]
 [500.]
 [500.]
 [500.]
 [500.]
 [500.]
 [500.]
 [500.]
 [500.]
 [500.]
 [500.]
 [500.]
 [500.]
 [500.]
 [500.]
 [500.]
 [500.]
 [500.]
 [500.]
 [500.]
 [500.]
 [500.]
 [500.]
 [500.]
 [500.]
 [500.]
 [500.]
 [500.]
 [500.]
 [500.]
 [500.]
 [500.]
 [500.]
 [500.]
 [500.]
 [500.]
 [500.]
 [500.]
 [500.]
 [500.]
 [500.]]
Ch: [[1.91037155 2.02938846 2.01555728 2.04794071 2.04869946 2.09630155]
 [2.08568378 1.9832596  1.93642343 2.04399031 1.93493849 2.02558209]
 [1.94450442 2.05981759 1.93744881 1.97822122 1.98369001 1.97948672]
 [1.94219435 2.01689783 1.98192019 2.01789067 1.97031572 2.02533657]
 [2.03776597 2.08858451 2.07937761 2.09640348 1.96353613 2.07577554]
 [2.02890326 2.08317205 1.90859362 1.99143015 2.05467311 1.91423897]
 [1.91533226 1.92679235 2.07174742 2.02875912 2.06803036 1.94531945]
 [2.0473456  1.9724001  1.99118462 1.99368705 1.92700002 2.01262393]
 [2.09655536 1.93853366 2.0635034  2.0790188  2.03631018 1.90034426]
 [1.92620907 1.97850286 2.08748533 2.05951012 2.09645629 1.98408859]
 [2.06304194 2.03596818 2.01486169 2.01152773 1.95065454 1.90943103]
 [1.90642484 1.95328792 1.9605023  2.03168547 1.98514928 2.0290469 ]
 [1.90672296 1.90124071 1.95401167 1.97019616 2.00924407 2.07867468]
 [2.04024763 2.04475796 1.9777177  1.96452011 1.93262958 2.07072369]
 [2.03624443 1.93159792 2.04295986 1.99895243 2.09541643 2.04607757]]
Cv: [[0.         0.         0.         0.         0.        ]
 [1.91076651 2.08874826 2.08073038 2.04045298 1.99385242]
 [1.94199923 1.96284824 1.99219006 2.03846205 2.05330448]
 [2.02905232 2.06746286 1.92702767 1.96946134 2.03889378]
 [2.03397273 1.97233832 1.93366484 1.90117353 1.94983216]
 [2.01077261 1.94379116 2.04818548 1.93711088 1.94499052]
 [1.90119178 2.00096493 2.06905648 2.08843697 2.08354897]
 [2.03551613 2.00231834 1.96599265 1.95418978 1.96179669]
 [2.05972835 1.91886253 2.01824756 1.93895616 1.92015001]
 [1.95230439 1.99038664 1.95709076 1.91526464 1.9827215 ]
 [2.03361496 1.94022209 1.96882522 2.08994107 2.00494523]
 [2.04076445 2.09839774 1.9358914  1.98319616 1.9735148 ]
 [1.9844601  2.01762669 1.9795424  2.0221737  2.03599312]
 [2.03774016 1.99048415 2.0071267  1.93685799 1.95327041]
 [1.90884841 2.02576426 2.07014321 2.05615699 2.08263438]]
Rh: [[ 2.33404172  1.08534558  9.24442295  3.71323039 12.14504753  7.21372484]
 [ 3.36209287 15.88848512  2.19215245  2.46566505  8.79494616  4.92415719]
 [ 1.37296877  2.73803708  5.46864379 14.48379658  2.59293307 12.9911713 ]
 [ 1.73200987  6.63990321  4.73821198  5.14209695  2.20329037  6.2361576 ]
 [12.9720363  18.50910907 12.30214991 18.29337838  7.92646443  4.326126  ]
 [ 1.06216944  4.43604678  1.14245944 12.06874863  1.49859288  1.86312022]
 [ 8.81837114  2.47085548  5.01238514  3.60383337  1.0564994   1.98166308]
 [ 8.42472173  9.56234258  5.68917622 15.28481023  4.54385038  3.70731265]
 [ 1.44725469  4.06442023  1.8875739   7.08293215  5.38833125  1.25248313]
 [ 1.34158191  1.46453499  9.2193272   1.7397285   4.42152332  1.88631312]
 [13.0372466   3.58420359 12.57434052 10.30509467  8.98265661 11.00100285]
 [15.93591942 14.62645049  3.44275876  1.14129422 17.66304526  2.21622075]
 [ 1.93974818  4.22494652 14.64688355  3.16245601  6.14375248  1.64961851]
 [ 7.46686985  4.09433498  2.69277356  4.90483133  2.39878088 14.93677814]
 [18.55872096  2.06163749  7.99795618  2.54299179  4.45142018  2.78665587]]
Rv: [[ 5.76893323  3.85145716  3.12802087  3.42882337  1.14789939]
 [ 7.36442745  1.30579327 15.97984302  2.49952834  2.99477668]
 [ 5.59531501  1.64953316  1.45929057  9.4061813  10.49270658]
 [ 1.41668842 10.47882731 11.46915777  5.43702834  4.1688931 ]
 [ 2.55125553  7.71788489 16.42093656  4.48979417  1.0709942 ]
 [13.61937633 11.43041142  4.39992519 12.21948303  1.46582832]
 [ 8.48652066  4.05373962  2.19911974  4.91042025  2.20084269]
 [ 1.62038861  4.07481977  7.88868192  4.31347865  2.8374358 ]
 [18.54991714  1.23153366  1.32733378  4.97423035  5.22359104]
 [ 9.66099288  1.21265916  6.31639723  1.00657825  7.13056368]
 [ 6.67958984 12.9766473   1.36968539  9.2598936   5.07648159]
 [ 2.32020433  1.87209653  3.13186646  5.79453406  1.46021706]
 [ 4.46957668  1.21266374  2.05794033 13.11495384  3.12456012]
 [ 3.29812209  1.56772866  7.5665857   6.68037618 10.13423683]]