-------Running parameters--------
T = 0.001
temperature_gradient = 0.0
gap = 0.0
M = 15
N = 5
VR = 0.0
Vmin = 0.0
Vmax = 0.7
vStep = 0.001
vSym = True
repeats = 50
fileName = array_5_15_disorder_c_std_0.5_r_std_9_run_7
dist = exp
fullOutput = True
use_graph = False
current_map = True
plot_current_map = False
plot_binary_current_map = False
frame_norm = False
dbg = False
resume = False
sc = False
leaping = False
constQ = False
modifyR = False
double_time = False
double_loop = False
output_folder = bgu_2d_narrow_arrays
params_path = 
VG_avg = 0.0
VG_std = 0.0
C_avg = 2.0
C_std = 0.5
CG_avg = 10.0
CG_std = 0.0
R_avg = 10.0
R_std = 9.0
custom_rh = ""
custom_rv = ""
custom_ch = ""
custom_cv = ""
RG_avg = 500.0
RG_std = 0.0
n0_avg = 0.0
n0_std = 0.0
Q0_avg = 0.0
Q0_std = 0.0
----Array Parameters-----
Rows: 15
Columns: 5
VG: [[0.]
 [0.]
 [0.]
 [0.]
 [0.]
 [0.]
 [0.]
 [0.]
 [0.]
 [0.]
 [0.]
 [0.]
 [0.]
 [0.]
 [0.]
 [0.]
 [0.]
 [0.]
 [0.]
 [0.]
 [0.]
 [0.]
 [0.]
 [0.]
 [0.]
 [0.]
 [0.]
 [0.]
 [0.]
 [0.]
 [0.]
 [0.]
 [0.]
 [0.]
 [0.]
 [0.]
 [0.]
 [0.]
 [0.]
 [0.]
 [0.]
 [0.]
 [0.]
 [0.]
 [0.]
 [0.]
 [0.]
 [0.]
 [0.]
 [0.]
 [0.]
 [0.]
 [0.]
 [0.]
 [0.]
 [0.]
 [0.]
 [0.]
 [0.]
 [0.]
 [0.]
 [0.]
 [0.]
 [0.]
 [0.]
 [0.]
 [0.]
 [0.]
 [0.]
 [0.]
 [0.]
 [0.]
 [0.]
 [0.]
 [0.]]
CG: [[10.]
 [10.]
 [10.]
 [10.]
 [10.]
 [10.]
 [10.]
 [10.]
 [10.]
 [10.]
 [10.]
 [10.]
 [10.]
 [10.]
 [10.]
 [10.]
 [10.]
 [10.]
 [10.]
 [10.]
 [10.]
 [10.]
 [10.]
 [10.]
 [10.]
 [10.]
 [10.]
 [10.]
 [10.]
 [10.]
 [10.]
 [10.]
 [10.]
 [10.]
 [10.]
 [10.]
 [10.]
 [10.]
 [10.]
 [10.]
 [10.]
 [10.]
 [10.]
 [10.]
 [10.]
 [10.]
 [10.]
 [10.]
 [10.]
 [10.]
 [10.]
 [10.]
 [10.]
 [10.]
 [10.]
 [10.]
 [10.]
 [10.]
 [10.]
 [10.]
 [10.]
 [10.]
 [10.]
 [10.]
 [10.]
 [10.]
 [10.]
 [10.]
 [10.]
 [10.]
 [10.]
 [10.]
 [10.]
 [10.]
 [10.]]
RG: [[500.]
 [500.]
 [500.]
 [500.]
 [500.]
 [500.]
 [500.]
 [500.]
 [500.]
 [500.]
 [500.]
 [500.]
 [500.]
 [500.]
 [500.]
 [500.]
 [500.]
 [500.]
 [500.]
 [500.]
 [500.]
 [500.]
 [500.]
 [500.]
 [500.]
 [500.]
 [500.]
 [500.]
 [500.]
 [500.]
 [500.]
 [500.]
 [500.]
 [500.]
 [500.]
 [500.]
 [500.]
 [500.]
 [500.]
 [500.]
 [500.]
 [500.]
 [500.]
 [500.]
 [500.]
 [500.]
 [500.]
 [500.]
 [500.]
 [500.]
 [500.]
 [500.]
 [500.]
 [500.]
 [500.]
 [500.]
 [500.]
 [500.]
 [500.]
 [500.]
 [500.]
 [500.]
 [500.]
 [500.]
 [500.]
 [500.]
 [500.]
 [500.]
 [500.]
 [500.]
 [500.]
 [500.]
 [500.]
 [500.]
 [500.]]
Ch: [[2.31332391 1.93861093 1.90068136 2.32556506 1.566437   1.83503778]
 [2.49765524 2.40599626 2.11121176 1.96663352 1.5900715  2.32564912]
 [1.6862144  2.11416155 1.50069671 1.73533038 1.52578196 1.73828061]
 [2.15363382 2.10390631 2.16759209 1.68641563 2.48326526 1.9850794 ]
 [1.83635452 1.82861085 1.55234093 2.35883677 2.23704635 1.51597966]
 [2.13765385 1.95424905 1.60341222 1.56865854 1.64047906 2.26033744]
 [2.06512738 1.78706449 2.47947954 2.40908005 2.15516824 1.8147163 ]
 [2.05386911 1.63903404 2.31566583 2.13859223 1.78255174 1.91613108]
 [2.09982165 1.51545562 1.7962306  1.94772396 2.01412814 1.71080297]
 [2.46121212 2.03579554 1.96172054 1.62805548 1.50528368 1.96643212]
 [2.3521135  1.76298407 2.28951731 2.29133205 1.71528627 1.84298569]
 [1.60970486 2.44533233 1.51664077 1.67267788 2.37198691 2.08896179]
 [2.18278511 2.33139348 2.47373085 1.58447997 2.01143018 1.70084058]
 [2.33318904 1.5993506  1.73870583 2.2616633  1.72667206 1.99702091]
 [1.51906193 1.75898097 1.91161664 1.91793386 2.2746408  1.87241563]]
Cv: [[0.         0.         0.         0.         0.        ]
 [2.27246674 1.65136976 1.85969967 1.50566882 1.91768147]
 [2.24290063 2.46767783 1.52448855 1.69085094 2.37375987]
 [2.05747371 2.15369821 2.19997432 2.37345749 1.96543911]
 [1.91157629 2.18500692 1.90150494 1.90713807 1.88120193]
 [1.94094618 2.04617442 1.80807367 1.83697038 1.90883023]
 [2.0876021  1.921055   1.91092175 2.04187548 1.54026948]
 [2.27444886 1.65451844 2.14474595 1.8999991  2.24237109]
 [1.81437678 2.11694055 2.31342    2.48835642 2.47075922]
 [2.37034913 1.57372962 1.5001296  1.85124546 2.1999437 ]
 [1.97620582 2.00232065 1.61798601 1.55415601 2.13905433]
 [1.67318396 1.69107827 1.528899   2.02464952 1.71392544]
 [1.50995316 2.08425977 2.34165202 1.73526999 1.78559146]
 [1.98741658 1.79653896 1.62977737 1.84307478 1.82655086]
 [1.90398971 1.90717689 1.73740918 2.15864587 1.64918427]]
Rh: [[ 3.93290027 11.36261177  2.58378872  4.82502426  4.05679192  2.3087671 ]
 [ 8.68149728  7.82511057  9.08563102  4.42926547 13.55421494  1.0864278 ]
 [ 3.61266673  1.91744151  1.85839934  2.50627689  6.93565225  2.2727408 ]
 [ 1.08752929  2.29085152  1.12147699 11.49413235  1.7701235   5.46637058]
 [18.65451791  1.37459043  2.29647561  1.51241019  4.73918865  6.19939969]
 [ 1.3290498   1.1054206   5.22175126  1.84151616  3.63458038  1.68484466]
 [ 2.01125049 13.12006703  7.29896632 12.72621107 15.33695566 12.1583119 ]
 [10.22174532  2.66150517  5.35387329  1.47812818  1.21603454 12.38046279]
 [ 6.81788351  4.23390708 15.1226491   1.57549159  5.5415536   3.27657896]
 [ 1.12039336  6.8391828   1.80054986  4.72316595  6.84001201 14.73022324]
 [15.39591209  6.4859703   7.47357218  8.83698797  7.341935    6.11204123]
 [ 3.06327834 14.33724267  2.7751359   3.11575454 10.01670546  1.46375799]
 [ 4.65178804 13.7065925   3.81698219  1.74005629  1.73275736  3.96353776]
 [ 1.74489973 13.96337535  1.51183621  4.6045748   3.86200974  1.07432725]
 [ 1.70490955  4.82352448  4.17701909  1.59841909 14.46842807  6.80530198]]
Rv: [[10.54278079  9.17133042  3.9789343   6.41517272  1.87098316]
 [ 7.34968377 17.21466814  2.0981343   2.38884226  1.18400112]
 [ 3.40950028  9.12894314  5.23164795  1.44847665  6.06152175]
 [10.97391355  1.17320464  3.97624324  1.41675456  1.15662152]
 [11.83556701  4.40095735  8.71625394  4.81578103  7.31202876]
 [ 6.57433962  1.16611504  9.74275254  1.2657218   2.80732468]
 [ 1.99761685  1.72088737 15.13066709  4.97954004 15.77362067]
 [ 1.7754743   5.17520777 17.40997721  6.2505921   1.14161961]
 [ 6.15659774 10.05279829 13.96735532  2.83190272  6.14599116]
 [ 2.83865907  3.82392317 11.0861167   1.00457048  3.93241922]
 [ 9.37515419  1.13206395  1.02609552 15.37902676  1.23838954]
 [10.66774301  5.58131178  3.28005433 16.75605092  9.19705472]
 [ 6.77336358 10.22644015 12.96144452  3.97706383  9.82978148]
 [ 2.75370834  6.38241475  2.31776874  1.02609996  4.15511101]]