-------Running parameters--------
T = 0.001
temperature_gradient = 0.0
gap = 0.0
M = 15
N = 5
VR = 0.0
Vmin = 0.0
Vmax = 0.7
vStep = 0.001
vSym = True
repeats = 50
fileName = array_5_15_disorder_c_std_1_r_std_9_run_5
dist = exp
fullOutput = True
use_graph = False
current_map = True
plot_current_map = False
plot_binary_current_map = False
frame_norm = False
dbg = False
resume = False
sc = False
leaping = False
constQ = False
modifyR = False
double_time = False
double_loop = False
output_folder = bgu_2d_narrow_arrays
params_path = 
VG_avg = 0.0
VG_std = 0.0
C_avg = 2.0
C_std = 1.0
CG_avg = 10.0
CG_std = 0.0
R_avg = 10.0
R_std = 9.0
custom_rh = ""
custom_rv = ""
custom_ch = ""
custom_cv = ""
RG_avg = 500.0
RG_std = 0.0
n0_avg = 0.0
n0_std = 0.0
Q0_avg = 0.0
Q0_std = 0.0
----Array Parameters-----
Rows: 15
Columns: 5
VG: [[0.]
 [0.]
 [0.]
 [0.]
 [0.]
 [0.]
 [0.]
 [0.]
 [0.]
 [0.]
 [0.]
 [0.]
 [0.]
 [0.]
 [0.]
 [0.]
 [0.]
 [0.]
 [0.]
 [0.]
 [0.]
 [0.]
 [0.]
 [0.]
 [0.]
 [0.]
 [0.]
 [0.]
 [0.]
 [0.]
 [0.]
 [0.]
 [0.]
 [0.]
 [0.]
 [0.]
 [0.]
 [0.]
 [0.]
 [0.]
 [0.]
 [0.]
 [0.]
 [0.]
 [0.]
 [0.]
 [0.]
 [0.]
 [0.]
 [0.]
 [0.]
 [0.]
 [0.]
 [0.]
 [0.]
 [0.]
 [0.]
 [0.]
 [0.]
 [0.]
 [0.]
 [0.]
 [0.]
 [0.]
 [0.]
 [0.]
 [0.]
 [0.]
 [0.]
 [0.]
 [0.]
 [0.]
 [0.]
 [0.]
 [0.]]
CG: [[10.]
 [10.]
 [10.]
 [10.]
 [10.]
 [10.]
 [10.]
 [10.]
 [10.]
 [10.]
 [10.]
 [10.]
 [10.]
 [10.]
 [10.]
 [10.]
 [10.]
 [10.]
 [10.]
 [10.]
 [10.]
 [10.]
 [10.]
 [10.]
 [10.]
 [10.]
 [10.]
 [10.]
 [10.]
 [10.]
 [10.]
 [10.]
 [10.]
 [10.]
 [10.]
 [10.]
 [10.]
 [10.]
 [10.]
 [10.]
 [10.]
 [10.]
 [10.]
 [10.]
 [10.]
 [10.]
 [10.]
 [10.]
 [10.]
 [10.]
 [10.]
 [10.]
 [10.]
 [10.]
 [10.]
 [10.]
 [10.]
 [10.]
 [10.]
 [10.]
 [10.]
 [10.]
 [10.]
 [10.]
 [10.]
 [10.]
 [10.]
 [10.]
 [10.]
 [10.]
 [10.]
 [10.]
 [10.]
 [10.]
 [10.]]
RG: [[500.]
 [500.]
 [500.]
 [500.]
 [500.]
 [500.]
 [500.]
 [500.]
 [500.]
 [500.]
 [500.]
 [500.]
 [500.]
 [500.]
 [500.]
 [500.]
 [500.]
 [500.]
 [500.]
 [500.]
 [500.]
 [500.]
 [500.]
 [500.]
 [500.]
 [500.]
 [500.]
 [500.]
 [500.]
 [500.]
 [500.]
 [500.]
 [500.]
 [500.]
 [500.]
 [500.]
 [500.]
 [500.]
 [500.]
 [500.]
 [500.]
 [500.]
 [500.]
 [500.]
 [500.]
 [500.]
 [500.]
 [500.]
 [500.]
 [500.]
 [500.]
 [500.]
 [500.]
 [500.]
 [500.]
 [500.]
 [500.]
 [500.]
 [500.]
 [500.]
 [500.]
 [500.]
 [500.]
 [500.]
 [500.]
 [500.]
 [500.]
 [500.]
 [500.]
 [500.]
 [500.]
 [500.]
 [500.]
 [500.]
 [500.]]
Ch: [[1.4914885  1.24790534 1.58186737 1.73340514 2.23087423 1.10286513]
 [1.35640392 1.58421249 1.98572546 2.50715438 2.06304199 2.82938924]
 [2.45839523 1.96268288 1.35912902 1.068215   1.92813918 1.25549902]
 [1.22956896 1.05085141 1.15722454 1.80877914 2.13342072 2.54146474]
 [2.10520344 2.70063913 2.85913975 2.00221074 1.85780305 1.41006331]
 [2.57220339 1.93523461 1.98187257 2.49058262 1.24825395 2.13015102]
 [2.41163915 1.69262715 1.75118139 1.05882996 2.70083105 1.45666568]
 [2.38373611 2.76534361 1.83433976 1.25512147 2.34826113 1.16425496]
 [1.15797067 1.01691723 1.13882093 2.71166683 2.8968478  2.00838148]
 [2.17669364 1.94021466 2.72325992 2.13030759 2.97691838 1.58078759]
 [1.72377745 2.07806931 1.41758455 2.50515766 1.24523311 1.38870622]
 [1.3841273  1.18130064 1.08081525 1.82994233 2.42896056 1.40408777]
 [1.63794265 1.31766585 2.6903148  2.34235353 1.16698764 1.78759636]
 [2.06270648 1.05570138 1.06115757 1.74952525 2.2437031  2.82487949]
 [2.08250382 1.62669902 1.91129259 2.0933379  1.03774946 1.2259436 ]]
Cv: [[0.         0.         0.         0.         0.        ]
 [1.8189057  2.39409192 1.92738611 2.71214647 1.88597479]
 [2.35803199 1.177506   1.91358126 1.52760742 1.41935999]
 [1.02437192 2.36335181 2.50938434 1.50784845 2.0518157 ]
 [2.80197439 1.56913343 1.93902237 2.73255313 1.74003265]
 [2.58208087 1.55439113 2.23975195 1.50672617 1.10319779]
 [1.93707863 1.4368767  1.85783222 1.77615083 1.26677129]
 [2.96827652 1.32311439 1.78448804 1.43345929 1.05780077]
 [1.8763463  1.23156926 1.58439752 1.34638075 1.58085242]
 [2.02793245 2.62681156 1.84537239 2.4557333  1.49218609]
 [2.83799335 2.31366166 1.39127772 2.28198091 2.07437563]
 [1.21116479 2.23171122 1.07372017 1.2986348  1.96993755]
 [2.36520872 1.48774771 1.01447774 2.72701804 1.04150165]
 [1.84818366 1.24154188 1.27897447 2.20032246 1.16651802]
 [1.2813372  1.02981212 2.2333943  1.37861915 1.49861626]]
Rh: [[ 2.24555784 10.25582124 11.41463406  3.61637867  2.9959063  10.33593536]
 [10.89641635  3.64556864 12.74561139  4.36251706 14.25106218  6.75441983]
 [ 1.53294009  3.02914416  7.31668248 11.00805648  3.05139855  9.29766705]
 [17.693442    1.60765026  7.15745886  4.35081251 15.08282662  9.77012327]
 [18.31576925  3.02745296 10.49865388 12.26765353  2.36206964 13.28746115]
 [14.58800701 10.858327    3.28756695 12.79426033 10.42360651  1.70160535]
 [15.46420249 10.53476092 14.72338072 17.38607988  1.89163802  2.57222145]
 [ 6.92434328  8.87136729  1.22167989  3.9613481   1.15181382  9.02248989]
 [ 3.0989833   5.57374536 11.56710577  5.72109649  1.46711839  1.87813126]
 [10.19043546  2.67494189  3.6448868   2.38399498  9.46052616  6.53951108]
 [ 5.65015959  2.27891496 15.80931667  3.04455323  4.33301003 12.28114113]
 [ 5.03744693  4.28618029  1.24939752  1.18727511  1.2958242  11.53593545]
 [ 1.28361635  1.31926538  6.00049186 15.11690574  1.00910769  4.15791988]
 [ 5.08907975 12.17031634  8.10908716  1.11545735  3.56593752  2.4016657 ]
 [ 1.46726274  5.93378805  6.21714758 13.5307306   3.11951969  4.93428564]]
Rv: [[ 1.80264506  1.14184944  5.96517185  4.91763598  2.77756838]
 [ 3.57530043 15.70887481  1.52769796  2.24910799  2.7009871 ]
 [ 2.54303737  2.33967817  2.87620666  7.78902494  8.0034534 ]
 [17.97617615 18.50877657  1.9431603   9.08920038  1.25117898]
 [ 1.61361513  2.38526845  4.26894104  1.74583859 18.15434035]
 [ 2.5538672  10.2595548   1.22120091  2.57448797  6.56699283]
 [ 4.25280698  3.75277389  1.82445644  1.08770945  2.64137439]
 [15.65777967 18.56584991  2.17501991  9.24834944 15.13033079]
 [ 1.20683098 14.25468981  8.18272801 14.89460513 14.04371121]
 [ 5.19129241  2.93327217 17.21990934  8.50829188 14.8964149 ]
 [15.57793209  1.421193   10.97501397  1.10728995  4.5319503 ]
 [ 5.64241883  2.02939076  4.67601466 10.44775797  1.07992443]
 [ 1.35857705  8.37900209  7.75667214  1.38588529  3.86756701]
 [ 2.63546609  2.53109475 11.62693454  2.90227617 18.88148984]]