-------Running parameters--------
T = 0.001
temperature_gradient = 0.0
gap = 0.0
M = 15
N = 5
VR = 0.0
Vmin = 0.0
Vmax = 0.7
vStep = 0.001
vSym = True
repeats = 50
fileName = array_5_15_disorder_c_std_1_r_std_9_run_7
dist = exp
fullOutput = True
use_graph = False
current_map = True
plot_current_map = False
plot_binary_current_map = False
frame_norm = False
dbg = False
resume = False
sc = False
leaping = False
constQ = False
modifyR = False
double_time = False
double_loop = False
output_folder = bgu_2d_narrow_arrays
params_path = 
VG_avg = 0.0
VG_std = 0.0
C_avg = 2.0
C_std = 1.0
CG_avg = 10.0
CG_std = 0.0
R_avg = 10.0
R_std = 9.0
custom_rh = ""
custom_rv = ""
custom_ch = ""
custom_cv = ""
RG_avg = 500.0
RG_std = 0.0
n0_avg = 0.0
n0_std = 0.0
Q0_avg = 0.0
Q0_std = 0.0
----Array Parameters-----
Rows: 15
Columns: 5
VG: [[0.]
 [0.]
 [0.]
 [0.]
 [0.]
 [0.]
 [0.]
 [0.]
 [0.]
 [0.]
 [0.]
 [0.]
 [0.]
 [0.]
 [0.]
 [0.]
 [0.]
 [0.]
 [0.]
 [0.]
 [0.]
 [0.]
 [0.]
 [0.]
 [0.]
 [0.]
 [0.]
 [0.]
 [0.]
 [0.]
 [0.]
 [0.]
 [0.]
 [0.]
 [0.]
 [0.]
 [0.]
 [0.]
 [0.]
 [0.]
 [0.]
 [0.]
 [0.]
 [0.]
 [0.]
 [0.]
 [0.]
 [0.]
 [0.]
 [0.]
 [0.]
 [0.]
 [0.]
 [0.]
 [0.]
 [0.]
 [0.]
 [0.]
 [0.]
 [0.]
 [0.]
 [0.]
 [0.]
 [0.]
 [0.]
 [0.]
 [0.]
 [0.]
 [0.]
 [0.]
 [0.]
 [0.]
 [0.]
 [0.]
 [0.]]
CG: [[10.]
 [10.]
 [10.]
 [10.]
 [10.]
 [10.]
 [10.]
 [10.]
 [10.]
 [10.]
 [10.]
 [10.]
 [10.]
 [10.]
 [10.]
 [10.]
 [10.]
 [10.]
 [10.]
 [10.]
 [10.]
 [10.]
 [10.]
 [10.]
 [10.]
 [10.]
 [10.]
 [10.]
 [10.]
 [10.]
 [10.]
 [10.]
 [10.]
 [10.]
 [10.]
 [10.]
 [10.]
 [10.]
 [10.]
 [10.]
 [10.]
 [10.]
 [10.]
 [10.]
 [10.]
 [10.]
 [10.]
 [10.]
 [10.]
 [10.]
 [10.]
 [10.]
 [10.]
 [10.]
 [10.]
 [10.]
 [10.]
 [10.]
 [10.]
 [10.]
 [10.]
 [10.]
 [10.]
 [10.]
 [10.]
 [10.]
 [10.]
 [10.]
 [10.]
 [10.]
 [10.]
 [10.]
 [10.]
 [10.]
 [10.]]
RG: [[500.]
 [500.]
 [500.]
 [500.]
 [500.]
 [500.]
 [500.]
 [500.]
 [500.]
 [500.]
 [500.]
 [500.]
 [500.]
 [500.]
 [500.]
 [500.]
 [500.]
 [500.]
 [500.]
 [500.]
 [500.]
 [500.]
 [500.]
 [500.]
 [500.]
 [500.]
 [500.]
 [500.]
 [500.]
 [500.]
 [500.]
 [500.]
 [500.]
 [500.]
 [500.]
 [500.]
 [500.]
 [500.]
 [500.]
 [500.]
 [500.]
 [500.]
 [500.]
 [500.]
 [500.]
 [500.]
 [500.]
 [500.]
 [500.]
 [500.]
 [500.]
 [500.]
 [500.]
 [500.]
 [500.]
 [500.]
 [500.]
 [500.]
 [500.]
 [500.]
 [500.]
 [500.]
 [500.]
 [500.]
 [500.]
 [500.]
 [500.]
 [500.]
 [500.]
 [500.]
 [500.]
 [500.]
 [500.]
 [500.]
 [500.]]
Ch: [[2.16028086 1.56294079 1.99453546 1.58442134 1.42569375 2.9611402 ]
 [1.47814102 1.90680469 2.33023372 2.56617365 1.81287299 2.66865712]
 [1.98803612 2.42296938 1.82520279 1.0479251  2.86632567 1.25955877]
 [1.14228516 2.58506682 1.52643598 1.33655253 2.60956768 2.05146939]
 [1.21760578 1.36157894 2.76905559 2.21807229 1.476967   2.64048677]
 [2.99342186 1.93993565 1.23730825 2.05466218 1.69632354 1.10215267]
 [1.46972649 1.87856808 2.15100859 1.12155084 2.62816874 2.54133004]
 [1.70572011 1.61556257 2.9068018  2.96446116 1.05600655 1.48073062]
 [2.46144354 2.01188224 2.50917075 1.10861045 1.40570656 2.47258036]
 [1.91331307 2.49840174 1.18323734 2.44443172 1.55065419 2.89862198]
 [2.50710179 2.02021912 2.88786328 1.05585369 1.66463843 1.06621839]
 [2.6774017  1.39349352 1.836133   1.9217311  1.40374661 1.13015457]
 [2.06592432 2.14485763 1.82793028 1.54745049 1.21292415 1.54614481]
 [1.08169497 2.54469246 1.62917856 2.30975368 1.69294129 1.8928435 ]
 [1.31598651 1.91197191 1.21448623 1.07048506 2.06035753 2.70383406]]
Cv: [[0.         0.         0.         0.         0.        ]
 [2.85758017 2.68321338 2.72331427 1.74459932 1.03263939]
 [2.68020863 1.05919464 1.97761485 1.68430351 1.60919042]
 [1.58944483 2.96778048 1.03420854 1.53743029 1.04366645]
 [2.22478243 2.47728545 1.68864261 1.26512308 2.32374531]
 [1.67553483 1.96291462 2.62131379 1.1254642  1.68468734]
 [1.66469192 2.30351614 1.95750064 2.88926014 1.12784774]
 [1.61205316 1.32411045 2.60291883 1.38626454 1.16603139]
 [2.57221134 2.54264852 1.78789925 1.25840374 1.14242962]
 [1.17805255 2.85382765 1.63444704 1.02294699 1.84828999]
 [1.29206055 2.63782563 1.20638414 1.4102258  2.95835831]
 [1.51340454 1.14473548 2.82268303 1.06200234 1.30714775]
 [1.35580187 1.94751437 2.53094679 1.68452995 1.63700073]
 [2.68470909 2.5623809  1.53749982 2.34812775 1.0941039 ]
 [2.26007626 1.12777771 2.45215722 1.43409419 1.05717011]]
Rh: [[ 6.58941601  7.77429483  6.9204342   8.67732583  5.48310766 11.60297879]
 [ 5.22166372 12.87075815 17.92657618 10.43440258  1.73048188  6.28906681]
 [ 4.85900602  1.49195736  5.70739204  2.4649869   1.26853895 12.08765418]
 [ 1.87623151 18.05000566  7.46246168 18.50290197  3.82786992 15.35421976]
 [ 6.45495771  4.8625621   3.26364621  2.70605758  6.68446515  7.28037637]
 [14.5986033   4.43032409  2.65601554  3.30601403  5.65338275  8.85752087]
 [ 1.57442418  1.04631539  1.11897041  1.07702123  3.89895846  5.03544298]
 [10.34639516  3.62798246  2.56410434  2.11441291  3.72776208  5.503557  ]
 [15.7406252   5.90321659 17.23112253  1.57871883  8.73919268  4.01086347]
 [ 1.37370712  9.17137921  6.07593903 12.45314329  2.54198119  1.7068721 ]
 [ 1.92588075  6.21884118  3.06823135  2.22737582  1.34634947  2.5482659 ]
 [ 4.51902652  2.09052512  1.82545034  7.04719121 17.34030085  1.64822852]
 [ 6.79121395  8.53533853  4.73338645  6.1247929   6.7754599   2.97593372]
 [ 3.68606166  2.74924659  4.06400538  9.47608216 15.30018286  5.40796374]
 [ 6.8762628  18.74984735  5.8584565   7.55913067  4.19688862  3.07929224]]
Rv: [[ 8.29320865  2.70804951  2.40044643  2.61400356  2.64945059]
 [ 6.14701225  1.54682289  7.55088474  9.99764241  2.88063551]
 [ 2.40735664  7.40012049  5.60084416 14.90438772  4.05344036]
 [ 1.89651168 15.05056152 13.60305784 16.8269767   1.09832216]
 [ 1.88744927  8.05839629 17.00844575 14.8774695   4.69899398]
 [ 1.2116731   3.75220445  6.36935277  3.7535105   1.1466178 ]
 [ 9.8574889   9.7831494   4.75112686  8.40990573  1.06993952]
 [ 1.82869758  5.1398653  14.85272725 14.1487376   1.8817081 ]
 [ 9.82580271  3.92260593 14.2208805   6.06760793 10.34577442]
 [ 2.63284765  5.37101055  2.08511509 11.80303745  6.49912029]
 [ 1.00929238  3.31276209  1.4691278   2.6056142  18.33875824]
 [ 6.07323491  3.2437136   1.81179356  1.05421613  8.10303952]
 [ 6.02035479  7.91481497  1.05645761  1.93895987  5.41144814]
 [18.5373077   1.90552524  2.45084982 11.37121762 12.00330012]]