-------Running parameters--------
T = 0.001
temperature_gradient = 0.0
gap = 0.0
M = 15
N = 5
VR = 0.0
Vmin = 0.0
Vmax = 0.7
vStep = 0.001
vSym = True
repeats = 50
fileName = array_5_15_disorder_c_std_1_r_std_9_run_4
dist = exp
fullOutput = True
use_graph = False
current_map = True
plot_current_map = False
plot_binary_current_map = False
frame_norm = False
dbg = False
resume = False
sc = False
leaping = False
constQ = False
modifyR = False
double_time = False
double_loop = False
output_folder = bgu_2d_narrow_arrays
params_path = 
VG_avg = 0.0
VG_std = 0.0
C_avg = 2.0
C_std = 1.0
CG_avg = 10.0
CG_std = 0.0
R_avg = 10.0
R_std = 9.0
custom_rh = ""
custom_rv = ""
custom_ch = ""
custom_cv = ""
RG_avg = 500.0
RG_std = 0.0
n0_avg = 0.0
n0_std = 0.0
Q0_avg = 0.0
Q0_std = 0.0
----Array Parameters-----
Rows: 15
Columns: 5
VG: [[0.]
 [0.]
 [0.]
 [0.]
 [0.]
 [0.]
 [0.]
 [0.]
 [0.]
 [0.]
 [0.]
 [0.]
 [0.]
 [0.]
 [0.]
 [0.]
 [0.]
 [0.]
 [0.]
 [0.]
 [0.]
 [0.]
 [0.]
 [0.]
 [0.]
 [0.]
 [0.]
 [0.]
 [0.]
 [0.]
 [0.]
 [0.]
 [0.]
 [0.]
 [0.]
 [0.]
 [0.]
 [0.]
 [0.]
 [0.]
 [0.]
 [0.]
 [0.]
 [0.]
 [0.]
 [0.]
 [0.]
 [0.]
 [0.]
 [0.]
 [0.]
 [0.]
 [0.]
 [0.]
 [0.]
 [0.]
 [0.]
 [0.]
 [0.]
 [0.]
 [0.]
 [0.]
 [0.]
 [0.]
 [0.]
 [0.]
 [0.]
 [0.]
 [0.]
 [0.]
 [0.]
 [0.]
 [0.]
 [0.]
 [0.]]
CG: [[10.]
 [10.]
 [10.]
 [10.]
 [10.]
 [10.]
 [10.]
 [10.]
 [10.]
 [10.]
 [10.]
 [10.]
 [10.]
 [10.]
 [10.]
 [10.]
 [10.]
 [10.]
 [10.]
 [10.]
 [10.]
 [10.]
 [10.]
 [10.]
 [10.]
 [10.]
 [10.]
 [10.]
 [10.]
 [10.]
 [10.]
 [10.]
 [10.]
 [10.]
 [10.]
 [10.]
 [10.]
 [10.]
 [10.]
 [10.]
 [10.]
 [10.]
 [10.]
 [10.]
 [10.]
 [10.]
 [10.]
 [10.]
 [10.]
 [10.]
 [10.]
 [10.]
 [10.]
 [10.]
 [10.]
 [10.]
 [10.]
 [10.]
 [10.]
 [10.]
 [10.]
 [10.]
 [10.]
 [10.]
 [10.]
 [10.]
 [10.]
 [10.]
 [10.]
 [10.]
 [10.]
 [10.]
 [10.]
 [10.]
 [10.]]
RG: [[500.]
 [500.]
 [500.]
 [500.]
 [500.]
 [500.]
 [500.]
 [500.]
 [500.]
 [500.]
 [500.]
 [500.]
 [500.]
 [500.]
 [500.]
 [500.]
 [500.]
 [500.]
 [500.]
 [500.]
 [500.]
 [500.]
 [500.]
 [500.]
 [500.]
 [500.]
 [500.]
 [500.]
 [500.]
 [500.]
 [500.]
 [500.]
 [500.]
 [500.]
 [500.]
 [500.]
 [500.]
 [500.]
 [500.]
 [500.]
 [500.]
 [500.]
 [500.]
 [500.]
 [500.]
 [500.]
 [500.]
 [500.]
 [500.]
 [500.]
 [500.]
 [500.]
 [500.]
 [500.]
 [500.]
 [500.]
 [500.]
 [500.]
 [500.]
 [500.]
 [500.]
 [500.]
 [500.]
 [500.]
 [500.]
 [500.]
 [500.]
 [500.]
 [500.]
 [500.]
 [500.]
 [500.]
 [500.]
 [500.]
 [500.]]
Ch: [[1.85173989 1.45899718 2.13703969 2.59364245 2.08296448 1.04312333]
 [1.69828243 2.36978226 1.89776756 2.61281343 2.00963862 1.315057  ]
 [1.63363564 1.29734804 2.41910295 2.09552796 2.83801092 2.18663567]
 [2.49077358 1.0510477  1.41080517 1.6089212  2.1522157  2.56043949]
 [1.99065392 2.86967558 1.87451398 1.25805147 1.47423154 2.90822577]
 [1.68193587 2.30007415 1.21691673 2.49240008 1.96245696 1.35117276]
 [1.69018203 1.05146919 1.01344652 2.1204708  2.10453678 2.16630269]
 [1.93636507 1.84582599 1.15063954 1.78862383 2.37103618 1.03594776]
 [1.35853411 2.78682733 2.6763078  2.00731644 2.3628545  1.82491205]
 [2.70662616 1.02538462 1.24644207 1.33236847 1.33297425 1.38513671]
 [1.40297167 1.79999308 1.25424051 1.58169133 2.01599629 1.59024939]
 [1.15249472 2.51509894 2.69803953 1.10076408 2.55512443 2.6472202 ]
 [2.90199536 1.16467367 2.08287863 1.46580598 2.08209461 1.65905082]
 [1.50779751 1.3748017  2.09093813 2.38968684 1.37079788 2.31222977]
 [1.84442043 1.61828273 1.03776196 2.58782218 1.07576776 2.32344669]]
Cv: [[0.         0.         0.         0.         0.        ]
 [1.61185898 2.39778281 1.0563748  1.78431124 2.16338732]
 [1.5072771  2.20762194 1.03187318 2.10087062 1.29253146]
 [1.15447738 1.05581188 1.08976051 1.27663255 1.49193964]
 [1.30416061 1.08429458 1.00942955 1.50244407 2.43005529]
 [1.65915726 2.05482237 1.01785851 2.96069152 1.3819616 ]
 [1.00678686 1.90089199 1.03860283 1.09920118 1.55673659]
 [1.42600613 1.78295517 1.92771369 1.29693682 2.0756707 ]
 [1.03765732 1.55822791 1.018045   1.59208584 2.46977015]
 [1.2465219  1.67850165 1.55697591 1.19758118 1.3249564 ]
 [1.3229847  1.23793488 1.37447953 1.82461512 1.79830432]
 [1.94687202 2.62767427 1.1254687  1.04963276 1.21813107]
 [1.96551249 2.27559175 2.55021317 1.56689305 1.09783714]
 [1.4183012  1.96251236 1.06891623 1.04693577 1.27122681]
 [1.25151613 1.38833703 2.1524753  1.28247854 1.90572501]]
Rh: [[ 3.39592589  5.4038232   2.64827777  4.81267519  4.84380797  1.50618418]
 [17.73194296  3.26771802 14.37675581 17.19944881  3.68032912  5.89796251]
 [ 7.86126402  2.34723958  2.3118281   4.11020689  2.16900352  1.05102649]
 [ 1.09796819  3.05280835 15.97244415  5.04834961  2.59534861  4.51672212]
 [13.65297706  5.93681742  8.77926005 10.06827493  2.55495373  2.07701059]
 [ 7.20937208 10.56727334  3.30614618  3.84188835 11.50938322  1.0500268 ]
 [ 6.70853961  3.35833298  1.09708093 10.62430183 12.04073993 12.24748214]
 [ 3.80447349  1.39920509 15.00849482  2.29672305 10.41973307  4.76699399]
 [ 2.42560468 13.73518481 16.37845324  5.14835298 12.81422298  1.89817894]
 [13.05939363  4.33162121  1.27637998  9.10851258  3.49093545  7.65395955]
 [ 4.95342491 15.69898689  5.54651355  1.50088296  1.54162682  2.09615198]
 [ 2.60119749  6.22879313  4.43332565  2.4024853   1.58983392  2.50810692]
 [ 3.34030377  2.37768166  4.71889448 17.08901931  5.76338587  1.05692332]
 [18.11053842  2.21521357  5.7618132   1.43117962 16.34116002 10.46756352]
 [ 2.52731302  4.41478363  2.78035284  5.9108411   6.2993199   2.89914226]]
Rv: [[ 1.24266073  2.95152804 14.21601536  1.71143394  2.21558621]
 [14.1776019   2.42770424  2.18272124  8.9404651   2.01976725]
 [17.40572087  4.98444271 15.05840745 13.19619444  2.61420149]
 [ 5.89302542  3.22971342  3.97239041  1.41909072 15.88231391]
 [12.84898482 14.44069901  4.43022718 13.53773194  2.81352835]
 [ 5.66950051  4.57181914  7.30241455  4.61755417  1.27550392]
 [ 4.32474386  3.31218     6.71691179  1.14175575  2.45522196]
 [ 8.5049099   3.52775344 12.51214867  1.23931557  4.79651452]
 [ 9.62073666 13.71343725 17.162271    1.3372741   1.64480519]
 [ 3.08648177  1.3758141   6.92147044  1.38525332  2.11757843]
 [ 1.08523294 11.67060722 12.08457656  4.23737604  1.56568513]
 [12.89851144  3.18179675  3.65360678  2.64413897 10.20872397]
 [16.60574681  2.8036373   8.68758868  5.10227328  9.23895801]
 [ 3.66105992  9.87500314 14.95963782  6.31360809  1.89937987]]