-------Running parameters--------
T = 0.001
temperature_gradient = 0.0
gap = 0.0
M = 15
N = 5
VR = 0.0
Vmin = 0.0
Vmax = 0.7
vStep = 0.001
vSym = True
repeats = 50
fileName = array_5_15_disorder_c_std_1_r_std_9_run_2
dist = exp
fullOutput = True
use_graph = False
current_map = True
plot_current_map = False
plot_binary_current_map = False
frame_norm = False
dbg = False
resume = False
sc = False
leaping = False
constQ = False
modifyR = False
double_time = False
double_loop = False
output_folder = bgu_2d_narrow_arrays
params_path = 
VG_avg = 0.0
VG_std = 0.0
C_avg = 2.0
C_std = 1.0
CG_avg = 10.0
CG_std = 0.0
R_avg = 10.0
R_std = 9.0
custom_rh = ""
custom_rv = ""
custom_ch = ""
custom_cv = ""
RG_avg = 500.0
RG_std = 0.0
n0_avg = 0.0
n0_std = 0.0
Q0_avg = 0.0
Q0_std = 0.0
----Array Parameters-----
Rows: 15
Columns: 5
VG: [[0.]
 [0.]
 [0.]
 [0.]
 [0.]
 [0.]
 [0.]
 [0.]
 [0.]
 [0.]
 [0.]
 [0.]
 [0.]
 [0.]
 [0.]
 [0.]
 [0.]
 [0.]
 [0.]
 [0.]
 [0.]
 [0.]
 [0.]
 [0.]
 [0.]
 [0.]
 [0.]
 [0.]
 [0.]
 [0.]
 [0.]
 [0.]
 [0.]
 [0.]
 [0.]
 [0.]
 [0.]
 [0.]
 [0.]
 [0.]
 [0.]
 [0.]
 [0.]
 [0.]
 [0.]
 [0.]
 [0.]
 [0.]
 [0.]
 [0.]
 [0.]
 [0.]
 [0.]
 [0.]
 [0.]
 [0.]
 [0.]
 [0.]
 [0.]
 [0.]
 [0.]
 [0.]
 [0.]
 [0.]
 [0.]
 [0.]
 [0.]
 [0.]
 [0.]
 [0.]
 [0.]
 [0.]
 [0.]
 [0.]
 [0.]]
CG: [[10.]
 [10.]
 [10.]
 [10.]
 [10.]
 [10.]
 [10.]
 [10.]
 [10.]
 [10.]
 [10.]
 [10.]
 [10.]
 [10.]
 [10.]
 [10.]
 [10.]
 [10.]
 [10.]
 [10.]
 [10.]
 [10.]
 [10.]
 [10.]
 [10.]
 [10.]
 [10.]
 [10.]
 [10.]
 [10.]
 [10.]
 [10.]
 [10.]
 [10.]
 [10.]
 [10.]
 [10.]
 [10.]
 [10.]
 [10.]
 [10.]
 [10.]
 [10.]
 [10.]
 [10.]
 [10.]
 [10.]
 [10.]
 [10.]
 [10.]
 [10.]
 [10.]
 [10.]
 [10.]
 [10.]
 [10.]
 [10.]
 [10.]
 [10.]
 [10.]
 [10.]
 [10.]
 [10.]
 [10.]
 [10.]
 [10.]
 [10.]
 [10.]
 [10.]
 [10.]
 [10.]
 [10.]
 [10.]
 [10.]
 [10.]]
RG: [[500.]
 [500.]
 [500.]
 [500.]
 [500.]
 [500.]
 [500.]
 [500.]
 [500.]
 [500.]
 [500.]
 [500.]
 [500.]
 [500.]
 [500.]
 [500.]
 [500.]
 [500.]
 [500.]
 [500.]
 [500.]
 [500.]
 [500.]
 [500.]
 [500.]
 [500.]
 [500.]
 [500.]
 [500.]
 [500.]
 [500.]
 [500.]
 [500.]
 [500.]
 [500.]
 [500.]
 [500.]
 [500.]
 [500.]
 [500.]
 [500.]
 [500.]
 [500.]
 [500.]
 [500.]
 [500.]
 [500.]
 [500.]
 [500.]
 [500.]
 [500.]
 [500.]
 [500.]
 [500.]
 [500.]
 [500.]
 [500.]
 [500.]
 [500.]
 [500.]
 [500.]
 [500.]
 [500.]
 [500.]
 [500.]
 [500.]
 [500.]
 [500.]
 [500.]
 [500.]
 [500.]
 [500.]
 [500.]
 [500.]
 [500.]]
Ch: [[2.34221419 1.05975292 1.365389   1.84356108 2.89090668 1.25532319]
 [1.0107988  1.00935489 1.37158532 1.86982099 2.93314163 1.01367884]
 [1.94865546 2.74397905 2.29936337 1.41323443 1.38821875 1.24337359]
 [2.63392614 2.1014668  1.65972259 2.6486301  1.10991487 2.77551978]
 [1.8182511  2.62316153 2.77063665 1.55686788 2.02255177 2.66759814]
 [1.2211704  1.53704708 2.24072842 1.62562594 2.28713931 2.53364658]
 [1.78709148 2.2049603  1.40607211 1.8868145  1.69585467 1.11012922]
 [1.87418979 2.25082729 1.35669187 1.61378673 1.20239121 2.56346113]
 [1.72369748 1.18659458 2.509877   1.86681459 2.76023095 1.80242077]
 [2.2783733  2.92732242 1.43101237 1.44080152 2.26626727 2.20288426]
 [1.68880597 2.98637995 2.84174959 2.28778221 2.64156449 1.58059516]
 [1.02067021 1.88791332 1.99417436 2.97553392 1.95210384 1.60498873]
 [2.51040871 1.19547963 2.2426806  1.40411086 1.31012577 2.77720443]
 [1.13368334 1.80648754 1.11425262 1.2925995  1.78494332 1.0769149 ]
 [1.00571145 1.60316247 2.22181664 1.02156653 1.52592744 2.02607755]]
Cv: [[0.         0.         0.         0.         0.        ]
 [1.18192706 1.97940753 1.3142106  2.88200188 1.26548804]
 [1.65484785 1.51946286 1.83949991 1.31826491 2.55361802]
 [1.43799408 2.315085   1.03618478 1.18714689 2.27120179]
 [1.06892091 1.24224523 2.52565143 1.90700832 2.33912416]
 [1.43522708 1.47051279 1.71256426 1.5100043  2.67426258]
 [2.21470838 2.28001151 1.80991382 2.22669648 1.08900162]
 [2.54214063 1.20054368 1.13779818 2.42908522 1.51396239]
 [1.80297809 1.64745856 1.7408861  2.05150816 2.2583166 ]
 [1.90158041 1.60702323 1.5620815  1.60756035 2.37028327]
 [2.18599733 2.86156171 1.08775526 1.77410416 1.01274151]
 [2.04518431 2.22548412 2.91202005 1.1739016  1.46739697]
 [1.25410807 2.26729052 1.45210071 1.11026856 2.32444374]
 [1.32197962 1.19824044 2.34433456 1.69637293 1.25231546]
 [2.57943902 1.75662414 2.89479593 1.50070698 1.13359197]]
Rh: [[ 8.79776966 17.28982684  4.9701963   2.00496912  1.35423444  4.983003  ]
 [ 1.10834549 16.23445702  3.06680185  7.31229915 14.33726662  2.85890699]
 [ 8.04980207  2.91760276 10.8287384   1.19164278 11.67808572  5.87213584]
 [ 2.15014634  4.48488819  2.82110657  3.60381904  6.22099647 12.22989837]
 [ 7.46917216  4.94699509  7.95693275  7.35127744  7.10842608 15.25809378]
 [ 5.80761054  4.64066275 11.08611721  1.13212437  2.12218965  6.32371159]
 [ 3.58795643  1.22885686  5.09353902  5.83944632  6.73259885  8.03474158]
 [ 1.19222234  1.21203083  1.75853656  2.26447723  7.59389793  3.00888112]
 [ 5.847659    5.50633729  3.04396492  3.39295234 11.83716205  2.70475576]
 [18.25716949  3.78238394  6.59843606 10.63277977  5.10266259  6.75453573]
 [ 2.71670632  3.28463659  8.03508234  9.46396917  1.38179871  3.25645984]
 [18.62637901 13.04069431  1.83329742  1.21315208  2.07332421  1.03271403]
 [ 8.06095832  4.83571247  1.18906073  5.28556449  5.86044472  6.57894539]
 [ 1.39343515  3.80297231  9.28044355  8.66370307  9.51756214  6.12187475]
 [ 4.131925   13.75103394  1.56917814 13.21711463  4.57720588  4.49063854]]
Rv: [[ 1.12116966  2.22190763  3.0313137   8.98522535  1.03495371]
 [ 2.70013958  1.08285767 13.79010392  5.76738349 12.04872275]
 [ 3.82197513  2.21699266  4.33304282  2.33930194  2.44696151]
 [ 4.32905485  1.11104909 18.51702748  4.2247982   1.78831   ]
 [ 1.1916015   5.25035136 13.1783249   2.04076847  2.56902992]
 [ 9.64019733  1.25072562  5.41518625  4.49945405  6.05646767]
 [ 7.66526031 10.54409728  5.04211915  2.59481193  9.91473503]
 [ 7.33913666 10.06652142  5.60923256 16.01418323 11.63576356]
 [ 3.72757404  2.13764115 11.54249206  5.19196727  7.85905027]
 [ 2.88546313 11.42997402  1.85801496 16.5484446   1.61321256]
 [ 5.77892209  5.23494336  4.73203097  2.20533041  8.73179318]
 [ 3.58191744  4.01711677  5.95549081  1.48053552  8.05594496]
 [ 5.47476088  4.48158517  5.69504276  7.34131619  3.12155658]
 [10.88977469 15.26446073  9.37527391  2.13570882  8.94377444]]