-------Running parameters--------
T = 0.001
temperature_gradient = 0.0
gap = 0.0
M = 15
N = 5
VR = 0.0
Vmin = 0.0
Vmax = 0.7
vStep = 0.001
vSym = True
repeats = 50
fileName = array_5_15_disorder_c_std_1_r_std_9_run_9
dist = exp
fullOutput = True
use_graph = False
current_map = True
plot_current_map = False
plot_binary_current_map = False
frame_norm = False
dbg = False
resume = False
sc = False
leaping = False
constQ = False
modifyR = False
double_time = False
double_loop = False
output_folder = bgu_2d_narrow_arrays
params_path = 
VG_avg = 0.0
VG_std = 0.0
C_avg = 2.0
C_std = 1.0
CG_avg = 10.0
CG_std = 0.0
R_avg = 10.0
R_std = 9.0
custom_rh = ""
custom_rv = ""
custom_ch = ""
custom_cv = ""
RG_avg = 500.0
RG_std = 0.0
n0_avg = 0.0
n0_std = 0.0
Q0_avg = 0.0
Q0_std = 0.0
----Array Parameters-----
Rows: 15
Columns: 5
VG: [[0.]
 [0.]
 [0.]
 [0.]
 [0.]
 [0.]
 [0.]
 [0.]
 [0.]
 [0.]
 [0.]
 [0.]
 [0.]
 [0.]
 [0.]
 [0.]
 [0.]
 [0.]
 [0.]
 [0.]
 [0.]
 [0.]
 [0.]
 [0.]
 [0.]
 [0.]
 [0.]
 [0.]
 [0.]
 [0.]
 [0.]
 [0.]
 [0.]
 [0.]
 [0.]
 [0.]
 [0.]
 [0.]
 [0.]
 [0.]
 [0.]
 [0.]
 [0.]
 [0.]
 [0.]
 [0.]
 [0.]
 [0.]
 [0.]
 [0.]
 [0.]
 [0.]
 [0.]
 [0.]
 [0.]
 [0.]
 [0.]
 [0.]
 [0.]
 [0.]
 [0.]
 [0.]
 [0.]
 [0.]
 [0.]
 [0.]
 [0.]
 [0.]
 [0.]
 [0.]
 [0.]
 [0.]
 [0.]
 [0.]
 [0.]]
CG: [[10.]
 [10.]
 [10.]
 [10.]
 [10.]
 [10.]
 [10.]
 [10.]
 [10.]
 [10.]
 [10.]
 [10.]
 [10.]
 [10.]
 [10.]
 [10.]
 [10.]
 [10.]
 [10.]
 [10.]
 [10.]
 [10.]
 [10.]
 [10.]
 [10.]
 [10.]
 [10.]
 [10.]
 [10.]
 [10.]
 [10.]
 [10.]
 [10.]
 [10.]
 [10.]
 [10.]
 [10.]
 [10.]
 [10.]
 [10.]
 [10.]
 [10.]
 [10.]
 [10.]
 [10.]
 [10.]
 [10.]
 [10.]
 [10.]
 [10.]
 [10.]
 [10.]
 [10.]
 [10.]
 [10.]
 [10.]
 [10.]
 [10.]
 [10.]
 [10.]
 [10.]
 [10.]
 [10.]
 [10.]
 [10.]
 [10.]
 [10.]
 [10.]
 [10.]
 [10.]
 [10.]
 [10.]
 [10.]
 [10.]
 [10.]]
RG: [[500.]
 [500.]
 [500.]
 [500.]
 [500.]
 [500.]
 [500.]
 [500.]
 [500.]
 [500.]
 [500.]
 [500.]
 [500.]
 [500.]
 [500.]
 [500.]
 [500.]
 [500.]
 [500.]
 [500.]
 [500.]
 [500.]
 [500.]
 [500.]
 [500.]
 [500.]
 [500.]
 [500.]
 [500.]
 [500.]
 [500.]
 [500.]
 [500.]
 [500.]
 [500.]
 [500.]
 [500.]
 [500.]
 [500.]
 [500.]
 [500.]
 [500.]
 [500.]
 [500.]
 [500.]
 [500.]
 [500.]
 [500.]
 [500.]
 [500.]
 [500.]
 [500.]
 [500.]
 [500.]
 [500.]
 [500.]
 [500.]
 [500.]
 [500.]
 [500.]
 [500.]
 [500.]
 [500.]
 [500.]
 [500.]
 [500.]
 [500.]
 [500.]
 [500.]
 [500.]
 [500.]
 [500.]
 [500.]
 [500.]
 [500.]]
Ch: [[2.51808707 2.06936567 2.69616024 1.44602053 1.09413163 2.71364277]
 [1.22331169 2.00501563 1.39042498 1.06000926 1.95326966 1.76553509]
 [1.72500763 1.21687468 1.90925502 1.77361001 2.02559033 1.28470714]
 [1.00643177 2.94659957 1.7668289  1.31735027 1.5636668  1.53188886]
 [1.93388085 1.48699658 1.85828273 1.00444021 1.57682939 2.59299362]
 [1.13841239 1.67082778 1.68467034 1.19686037 1.67725783 1.64684862]
 [1.06751945 1.23211389 1.0594962  1.29521618 2.39481336 1.21302443]
 [2.44174672 2.40060317 2.59833197 2.4960159  2.61448463 1.00546498]
 [1.25465386 1.39770174 2.72707591 2.20280339 2.47907075 1.3600504 ]
 [2.08943907 1.86282386 2.96838424 2.01412008 2.51843458 1.11718098]
 [1.42824035 2.868536   1.199108   2.98029886 1.64666209 1.59496319]
 [1.03537959 1.26964027 1.70391059 2.17695839 1.37528427 1.14422307]
 [2.1976557  1.5496452  1.12332814 1.10973788 1.06334967 1.18108742]
 [1.95724138 1.124545   2.59313245 1.01397114 2.34605105 1.84884113]
 [2.98631874 2.96296806 1.27179154 2.22124289 2.02013934 1.78630916]]
Cv: [[0.         0.         0.         0.         0.        ]
 [1.68086729 2.43689382 2.45256042 2.97523119 1.65084812]
 [2.92652147 1.52646739 1.29025438 1.10378387 1.82176429]
 [2.05370145 1.02544376 1.04905353 1.30698466 1.24161983]
 [1.05461614 2.14297098 2.52314025 1.90820001 2.83208932]
 [2.73277149 2.62657396 1.05233011 1.02908711 1.198472  ]
 [1.44164105 2.31745196 1.64525362 2.61499249 1.00561248]
 [2.55067685 1.94568424 1.59682855 1.38494797 1.69433727]
 [2.35598329 2.70215629 2.33015931 1.21446737 1.42670859]
 [1.6624112  1.48034252 2.46733655 1.53125688 1.34313785]
 [1.3294822  1.4530919  1.61661249 2.37129574 2.14365275]
 [1.63823301 1.20284045 1.36958272 2.20124076 1.13688364]
 [2.18995702 1.49633429 1.89721288 1.10944167 1.29099289]
 [1.68263065 2.81967924 1.1238509  2.03108141 1.18162312]
 [1.13290317 1.00004877 1.03622103 1.86699458 1.12996193]]
Rh: [[ 8.49175852  1.76494961  2.85423949 17.58410273  4.70763352 17.99966102]
 [ 4.47421242  3.60204819  3.0828218   3.18190842  3.23183211 12.53787516]
 [ 2.82105851  2.21040835 16.74983954 17.26828959  8.9803219   3.34066745]
 [15.58651319  1.00855816 17.19025517  1.66715661  1.13437718  1.02376093]
 [13.37123554  8.02850264  2.91497987  5.62319009  3.16763565  3.56602878]
 [ 1.4640255   1.71895488  1.34103673 11.14998856  1.82553401 16.36299683]
 [ 2.54075013  1.43529274  2.05933055  3.07761478  8.6791869   2.87170801]
 [ 3.93107995  6.05376532  2.17180949  1.51906842  4.48260584  6.1359434 ]
 [ 2.74107895  1.43711984  8.57079148  8.95152486  1.6839972   5.02562158]
 [ 6.1221904   1.9451699   8.12594659  9.21147876  1.06609448  7.72795028]
 [ 5.79305925  4.65847508  1.65051128 16.14555117  2.40048801  3.17686225]
 [ 1.84319546  9.18584273  4.92662635 10.31353897  8.05613825  6.94211447]
 [ 2.17517484  7.05519485  4.04532488  9.50683086  1.81530993  5.09715921]
 [ 2.90820818  5.93105548  1.62449541 11.7200603   9.02248141  9.71619114]
 [ 4.92419221  7.16515122  2.52411352 15.39925099  1.18426774  3.37325866]]
Rv: [[ 1.67200855  1.55455567  3.04604232  6.1461135   1.63882728]
 [ 3.3515213  17.8828924   1.22984944  2.46605851  1.01640257]
 [ 6.13909855 15.10621496  6.96412901  6.08869939 10.07741306]
 [ 5.19892233  9.77976749 10.34003396 17.39755815  1.41255936]
 [ 9.58370315  4.68627377  9.59726786 18.29320897  2.67083902]
 [16.84139889  8.08167027  3.1954114   4.94506046  4.20614613]
 [ 1.02653557  1.23021652  2.33794816  1.0778903   1.58010459]
 [ 1.87058727  3.724172   10.43633155  4.79864193  5.59414072]
 [ 1.80126678  3.02285896  3.41507424 17.08390498  7.01000251]
 [ 4.21336896 17.14638016 18.22210933 11.94682931  1.77054452]
 [ 2.10599922  4.10560136 10.31727751  1.95296543  7.4192141 ]
 [ 1.6174397   6.92917316  1.34641478  1.44133298 10.45059422]
 [11.84746793  8.72330645  1.23528593  1.64727148  4.45618205]
 [ 9.00031599  2.00054955 14.21217908  3.84000034  8.92463325]]