-------Running parameters--------
T = 0.001
temperature_gradient = 0.0
gap = 0.0
M = 15
N = 5
VR = 0.0
Vmin = 0.0
Vmax = 0.7
vStep = 0.001
vSym = True
repeats = 50
fileName = array_5_15_disorder_c_std_1_r_std_9_run_1
dist = exp
fullOutput = True
use_graph = False
current_map = True
plot_current_map = False
plot_binary_current_map = False
frame_norm = False
dbg = False
resume = False
sc = False
leaping = False
constQ = False
modifyR = False
double_time = False
double_loop = False
output_folder = bgu_2d_narrow_arrays
params_path = 
VG_avg = 0.0
VG_std = 0.0
C_avg = 2.0
C_std = 1.0
CG_avg = 10.0
CG_std = 0.0
R_avg = 10.0
R_std = 9.0
custom_rh = ""
custom_rv = ""
custom_ch = ""
custom_cv = ""
RG_avg = 500.0
RG_std = 0.0
n0_avg = 0.0
n0_std = 0.0
Q0_avg = 0.0
Q0_std = 0.0
----Array Parameters-----
Rows: 15
Columns: 5
VG: [[0.]
 [0.]
 [0.]
 [0.]
 [0.]
 [0.]
 [0.]
 [0.]
 [0.]
 [0.]
 [0.]
 [0.]
 [0.]
 [0.]
 [0.]
 [0.]
 [0.]
 [0.]
 [0.]
 [0.]
 [0.]
 [0.]
 [0.]
 [0.]
 [0.]
 [0.]
 [0.]
 [0.]
 [0.]
 [0.]
 [0.]
 [0.]
 [0.]
 [0.]
 [0.]
 [0.]
 [0.]
 [0.]
 [0.]
 [0.]
 [0.]
 [0.]
 [0.]
 [0.]
 [0.]
 [0.]
 [0.]
 [0.]
 [0.]
 [0.]
 [0.]
 [0.]
 [0.]
 [0.]
 [0.]
 [0.]
 [0.]
 [0.]
 [0.]
 [0.]
 [0.]
 [0.]
 [0.]
 [0.]
 [0.]
 [0.]
 [0.]
 [0.]
 [0.]
 [0.]
 [0.]
 [0.]
 [0.]
 [0.]
 [0.]]
CG: [[10.]
 [10.]
 [10.]
 [10.]
 [10.]
 [10.]
 [10.]
 [10.]
 [10.]
 [10.]
 [10.]
 [10.]
 [10.]
 [10.]
 [10.]
 [10.]
 [10.]
 [10.]
 [10.]
 [10.]
 [10.]
 [10.]
 [10.]
 [10.]
 [10.]
 [10.]
 [10.]
 [10.]
 [10.]
 [10.]
 [10.]
 [10.]
 [10.]
 [10.]
 [10.]
 [10.]
 [10.]
 [10.]
 [10.]
 [10.]
 [10.]
 [10.]
 [10.]
 [10.]
 [10.]
 [10.]
 [10.]
 [10.]
 [10.]
 [10.]
 [10.]
 [10.]
 [10.]
 [10.]
 [10.]
 [10.]
 [10.]
 [10.]
 [10.]
 [10.]
 [10.]
 [10.]
 [10.]
 [10.]
 [10.]
 [10.]
 [10.]
 [10.]
 [10.]
 [10.]
 [10.]
 [10.]
 [10.]
 [10.]
 [10.]]
RG: [[500.]
 [500.]
 [500.]
 [500.]
 [500.]
 [500.]
 [500.]
 [500.]
 [500.]
 [500.]
 [500.]
 [500.]
 [500.]
 [500.]
 [500.]
 [500.]
 [500.]
 [500.]
 [500.]
 [500.]
 [500.]
 [500.]
 [500.]
 [500.]
 [500.]
 [500.]
 [500.]
 [500.]
 [500.]
 [500.]
 [500.]
 [500.]
 [500.]
 [500.]
 [500.]
 [500.]
 [500.]
 [500.]
 [500.]
 [500.]
 [500.]
 [500.]
 [500.]
 [500.]
 [500.]
 [500.]
 [500.]
 [500.]
 [500.]
 [500.]
 [500.]
 [500.]
 [500.]
 [500.]
 [500.]
 [500.]
 [500.]
 [500.]
 [500.]
 [500.]
 [500.]
 [500.]
 [500.]
 [500.]
 [500.]
 [500.]
 [500.]
 [500.]
 [500.]
 [500.]
 [500.]
 [500.]
 [500.]
 [500.]
 [500.]]
Ch: [[1.27283058 2.4852261  2.59515511 2.26477906 1.47527091 2.94735237]
 [1.86703833 1.40771042 1.49673039 2.84637349 2.21686793 1.05164509]
 [2.59750327 2.04288341 2.61595207 1.10698628 2.01609809 1.17420344]
 [2.2574001  1.4678583  1.81285941 2.17797115 1.19594132 1.19627986]
 [2.08900654 2.90498389 1.03534071 1.5190732  1.87736182 2.10771647]
 [2.31884309 1.38972279 1.73839557 2.92894081 1.08768355 1.25285112]
 [1.41383615 2.31872302 1.22292671 1.17192361 1.33894412 1.58216808]
 [1.31648712 1.26633805 2.82284418 1.53965962 1.49229037 1.6236013 ]
 [2.27683336 1.70764711 1.89831004 2.87704955 2.44911106 2.08813823]
 [1.38997663 2.72361863 1.12774033 1.39798679 1.56648776 2.67802812]
 [1.2186713  1.57170865 2.44074075 1.8216957  2.47244111 1.08688832]
 [2.24783301 1.80481911 2.78006043 1.10100186 1.13028348 2.36814915]
 [1.53923476 1.26278279 2.60720925 1.92818253 1.73675868 1.85145277]
 [2.94560156 1.83094407 1.29569172 1.98169924 1.45818608 1.05437435]
 [1.43891616 1.03899148 1.4656712  2.92869419 1.75575414 1.71806296]]
Cv: [[0.         0.         0.         0.         0.        ]
 [1.11257488 1.19015555 2.61571159 1.2732421  2.74660643]
 [2.84785252 1.46201131 2.54305404 1.79199238 2.45860933]
 [1.30495273 1.32168926 2.268444   2.17721849 1.08644638]
 [2.52003111 1.0882146  1.62620309 1.96624224 2.84972732]
 [1.7989471  1.09103155 1.39151205 1.01583831 2.1854059 ]
 [1.00824022 1.11666951 1.13082112 1.95478787 1.48112291]
 [1.02863932 1.30034849 2.82087353 2.9417591  2.56565786]
 [2.94949463 1.50955133 2.46469097 1.7599832  2.24571901]
 [2.60079271 1.22563166 1.08732401 1.52599849 1.94311372]
 [1.11893243 1.60906358 1.40200651 2.99714071 1.3146758 ]
 [2.70285961 2.14725227 1.90075186 1.74781177 1.77665756]
 [1.57403068 1.61977364 1.13553133 1.70248916 2.03189977]
 [1.17534393 1.42836262 2.75683427 2.52789196 1.12302652]
 [2.10301278 1.87080724 2.80045285 2.39710237 2.82439374]]
Rh: [[16.65656103  8.80023489  3.87261005  1.5758095   5.81341078  6.10475537]
 [15.46480144  1.06043367  1.05152362  6.67717588  1.66720325 13.01176188]
 [ 1.2013842  12.62088697  1.01268078  2.11801749 14.84538677  1.78773854]
 [10.17949417  2.55115931  8.72470076  1.11417752  4.70727139 10.65866528]
 [ 1.62172102  3.61771838 10.36804253  9.78923293  2.56281116  1.85128546]
 [ 3.06123204  8.34444577 12.41920122  3.93749641 11.20682118  7.06823329]
 [ 4.68870486  1.90029872  3.43022194 11.22737609 16.64056474 12.4840782 ]
 [11.26178201 11.02418773  1.32616629  1.65532638  6.4259088  10.98976713]
 [15.1810178   5.83535901  5.54222621  3.91228499 10.72643521  3.70276445]
 [ 4.26922448  1.32464283 13.30725151  2.39718509  7.83125783  3.41094674]
 [ 5.72622695  6.77135202 11.73884534  6.19017294  2.26772528  5.96239235]
 [11.69270948  3.70883517  1.6803393   9.02011004  4.97427277 12.70183017]
 [ 5.20317407 17.65977889  5.31797176 18.08702037  7.29590731 10.6400896 ]
 [ 1.06303743  2.3769387   3.34213733  9.69711597 16.44274625 10.9061663 ]
 [ 3.21012702  4.89592946  3.01613914  2.26378842  5.87391906  4.26621915]]
Rv: [[ 2.96788772 14.95590178  1.88479699 10.18548064 13.5836831 ]
 [ 1.05592454 16.42060849  9.69780242  4.27546405 10.52607413]
 [18.52428916  1.83437527  3.14669305  3.73108204  6.1263041 ]
 [ 4.92498438  3.79831788 13.05648794  1.62524221  5.33597736]
 [ 1.09001003  3.82158806  7.68761456  3.48065662  5.55123518]
 [ 2.46421632  8.67390122  1.495921    6.97379205  4.0474653 ]
 [ 4.07867708 16.76193972  2.83954733  3.47780377  2.10251262]
 [ 1.25383293  7.89351093  5.07642845  3.18934703  1.43594763]
 [ 2.48442258  7.87095442  1.70723502  1.12183967  1.8311577 ]
 [ 2.29425964 15.8481298   4.90200187  5.09563478  1.0330044 ]
 [ 5.35722019  1.00822662 14.97128015  1.71830175  1.94977764]
 [15.28283475  1.32798557 10.08682819  7.59572255 11.45630082]
 [ 4.22794859  4.92410922 10.68051099  2.60697782  1.94280873]
 [ 1.0646632   2.14383718 15.6918235  10.6731623  15.44693602]]