-------Running parameters--------
T = 0.001
temperature_gradient = 0.0
gap = 0.0
M = 15
N = 5
VR = 0.0
Vmin = 0.0
Vmax = 0.7
vStep = 0.001
vSym = True
repeats = 50
fileName = array_5_15_disorder_c_std_1_r_std_9_run_8
dist = exp
fullOutput = True
use_graph = False
current_map = True
plot_current_map = False
plot_binary_current_map = False
frame_norm = False
dbg = False
resume = False
sc = False
leaping = False
constQ = False
modifyR = False
double_time = False
double_loop = False
output_folder = bgu_2d_narrow_arrays
params_path = 
VG_avg = 0.0
VG_std = 0.0
C_avg = 2.0
C_std = 1.0
CG_avg = 10.0
CG_std = 0.0
R_avg = 10.0
R_std = 9.0
custom_rh = ""
custom_rv = ""
custom_ch = ""
custom_cv = ""
RG_avg = 500.0
RG_std = 0.0
n0_avg = 0.0
n0_std = 0.0
Q0_avg = 0.0
Q0_std = 0.0
----Array Parameters-----
Rows: 15
Columns: 5
VG: [[0.]
 [0.]
 [0.]
 [0.]
 [0.]
 [0.]
 [0.]
 [0.]
 [0.]
 [0.]
 [0.]
 [0.]
 [0.]
 [0.]
 [0.]
 [0.]
 [0.]
 [0.]
 [0.]
 [0.]
 [0.]
 [0.]
 [0.]
 [0.]
 [0.]
 [0.]
 [0.]
 [0.]
 [0.]
 [0.]
 [0.]
 [0.]
 [0.]
 [0.]
 [0.]
 [0.]
 [0.]
 [0.]
 [0.]
 [0.]
 [0.]
 [0.]
 [0.]
 [0.]
 [0.]
 [0.]
 [0.]
 [0.]
 [0.]
 [0.]
 [0.]
 [0.]
 [0.]
 [0.]
 [0.]
 [0.]
 [0.]
 [0.]
 [0.]
 [0.]
 [0.]
 [0.]
 [0.]
 [0.]
 [0.]
 [0.]
 [0.]
 [0.]
 [0.]
 [0.]
 [0.]
 [0.]
 [0.]
 [0.]
 [0.]]
CG: [[10.]
 [10.]
 [10.]
 [10.]
 [10.]
 [10.]
 [10.]
 [10.]
 [10.]
 [10.]
 [10.]
 [10.]
 [10.]
 [10.]
 [10.]
 [10.]
 [10.]
 [10.]
 [10.]
 [10.]
 [10.]
 [10.]
 [10.]
 [10.]
 [10.]
 [10.]
 [10.]
 [10.]
 [10.]
 [10.]
 [10.]
 [10.]
 [10.]
 [10.]
 [10.]
 [10.]
 [10.]
 [10.]
 [10.]
 [10.]
 [10.]
 [10.]
 [10.]
 [10.]
 [10.]
 [10.]
 [10.]
 [10.]
 [10.]
 [10.]
 [10.]
 [10.]
 [10.]
 [10.]
 [10.]
 [10.]
 [10.]
 [10.]
 [10.]
 [10.]
 [10.]
 [10.]
 [10.]
 [10.]
 [10.]
 [10.]
 [10.]
 [10.]
 [10.]
 [10.]
 [10.]
 [10.]
 [10.]
 [10.]
 [10.]]
RG: [[500.]
 [500.]
 [500.]
 [500.]
 [500.]
 [500.]
 [500.]
 [500.]
 [500.]
 [500.]
 [500.]
 [500.]
 [500.]
 [500.]
 [500.]
 [500.]
 [500.]
 [500.]
 [500.]
 [500.]
 [500.]
 [500.]
 [500.]
 [500.]
 [500.]
 [500.]
 [500.]
 [500.]
 [500.]
 [500.]
 [500.]
 [500.]
 [500.]
 [500.]
 [500.]
 [500.]
 [500.]
 [500.]
 [500.]
 [500.]
 [500.]
 [500.]
 [500.]
 [500.]
 [500.]
 [500.]
 [500.]
 [500.]
 [500.]
 [500.]
 [500.]
 [500.]
 [500.]
 [500.]
 [500.]
 [500.]
 [500.]
 [500.]
 [500.]
 [500.]
 [500.]
 [500.]
 [500.]
 [500.]
 [500.]
 [500.]
 [500.]
 [500.]
 [500.]
 [500.]
 [500.]
 [500.]
 [500.]
 [500.]
 [500.]]
Ch: [[1.09560705 2.26438602 2.4751604  2.0462136  1.14712608 2.09131938]
 [2.90082025 1.07018885 2.27241101 2.22954439 1.31412268 1.22032674]
 [1.14297433 2.26804366 2.34906975 1.0102928  2.36273743 1.68237399]
 [1.00511375 2.83344059 1.39683974 1.46763078 1.97704726 2.50620864]
 [2.39455259 1.35675498 2.3794154  1.78376779 2.24976051 1.97809047]
 [1.13714648 1.75657599 1.05772664 1.28921287 1.24507556 2.43069794]
 [2.08635513 1.60398002 2.26177967 1.08380709 2.62313391 1.26341431]
 [1.10624075 2.55372376 1.38183169 1.98123396 1.11613545 2.24562787]
 [2.36347688 1.28947215 2.17476159 2.87843254 2.08028692 1.71623587]
 [1.03387559 1.23432732 2.59376959 2.64395    1.18851301 1.23183802]
 [2.33083241 1.92389257 1.62899295 2.28002745 1.18616731 1.39076476]
 [2.36020101 2.87560423 1.03786997 2.59525372 2.18268977 2.84161034]
 [2.80901077 1.36475834 1.03625648 1.49234258 1.0424064  2.12012847]
 [1.94765205 1.40984729 1.3729908  2.16101669 1.78443064 1.30784159]
 [1.27561621 1.36572687 2.23930288 1.2938368  2.6166379  1.71389965]]
Cv: [[0.         0.         0.         0.         0.        ]
 [2.61843141 2.45505733 1.26516565 1.97996219 2.48391775]
 [2.34312069 1.14852445 1.07492208 1.10012398 1.53588625]
 [1.3499045  1.56150074 1.51844572 1.32461308 2.92191786]
 [2.32570794 1.02803749 2.54771366 1.37956529 2.81611762]
 [2.03988595 1.2945829  1.19650649 1.07467751 1.53851857]
 [2.4971117  1.42865553 2.20685231 2.80506534 1.32612752]
 [2.43358794 1.455164   1.69593004 1.34358022 1.63793826]
 [1.34260084 2.09477349 1.00107523 2.1495679  1.00322331]
 [2.73239095 2.56924911 1.27936255 2.313415   2.55457349]
 [2.22781865 2.73828803 2.60431796 1.09408483 1.89931289]
 [2.45408559 2.54948888 1.05887485 1.11215172 1.3711956 ]
 [1.66608977 1.73459526 2.37107883 1.37966102 2.38610126]
 [2.00008986 2.62019486 1.55988129 1.99582305 2.37510947]
 [1.04032548 2.25449367 1.9114588  1.49308082 1.1286088 ]]
Rh: [[ 4.13542926  3.5406829   1.25038826  2.01831771  2.45064364  1.64177657]
 [ 1.08437805 17.88038578  4.55406901  4.41770261  6.32646496 14.85894296]
 [ 1.59121548 16.40144758  2.78123598 12.90861808  9.56111143 18.51449463]
 [15.40876018  1.76608011  1.45118776  3.45215254  1.80477586  6.61828831]
 [ 8.55885001 13.34282203 17.96470623 13.83453973  1.01638239  1.83673813]
 [ 1.22887953  1.82456097  5.3671691  16.02967851  3.91447413  1.3673936 ]
 [ 2.36746349 10.65987487  2.5389524  17.64949348  7.76983069 15.8401277 ]
 [ 4.46055681  7.09347812  1.12269983  3.77404601  3.00250107  6.84176526]
 [ 3.71295341  3.50039021  2.97407129  3.1835411   1.29880969  7.65366499]
 [ 9.97653629  1.02648623  1.47746572  2.98182165  1.32938524  5.1647257 ]
 [ 3.57507574  1.88975901  2.70462501  1.46873218  2.28850744 13.71054263]
 [ 2.22489299  1.11812376  1.92228944 14.00620995  3.3569615   4.48771606]
 [ 1.16208783  1.62913935 11.81776337  6.46820547  4.75242849  3.22948053]
 [ 3.26023782 13.56504122  5.90819744  9.30414048  8.37990449  8.73845694]
 [ 3.71906058  6.74427609 11.19053826  1.2962331   2.43721667  3.25207941]]
Rv: [[ 2.68368771  4.44953261 10.4594478  17.39842701  3.4887221 ]
 [ 9.3751498   5.87865391 18.47644206  1.71637418  4.00023962]
 [ 9.74019871  1.16716907 17.07632495 12.55743399  6.4662259 ]
 [ 8.38764484  1.25189022  4.90627412  8.06351884  1.65834209]
 [ 4.56782508 11.71391229 10.95752389  1.31466379  3.07364877]
 [ 6.22263803  3.39638692  3.27084228 13.12221044  3.65517578]
 [ 3.16209277  3.04711237 15.22193089  3.89420045  1.92720822]
 [ 2.43682133  1.77890398 14.13675324 12.69118188  5.28955584]
 [ 6.69063933 14.19693956  3.36362469  2.75802796 11.63299749]
 [ 1.97174609 14.58139916  1.11902146  4.47663114  2.20128324]
 [13.29644772 17.66831271  4.96809543  7.26341348  3.1819162 ]
 [ 5.07324186 17.02109725  1.6171172   7.82313202  7.02148938]
 [ 1.06669076  4.81901199  2.88333975 10.52712974  7.93720651]
 [ 7.01860483  2.64574083 13.91567477  8.77738279  5.21605461]]