-------Running parameters--------
T = 0.001
temperature_gradient = 0.0
gap = 0.0
M = 15
N = 5
VR = 0.0
Vmin = 0.0
Vmax = 0.7
vStep = 0.001
vSym = True
repeats = 50
fileName = array_5_15_disorder_c_std_1.5_r_std_9_run_7
dist = exp
fullOutput = True
use_graph = False
current_map = True
plot_current_map = False
plot_binary_current_map = False
frame_norm = False
dbg = False
resume = False
sc = False
leaping = False
constQ = False
modifyR = False
double_time = False
double_loop = False
output_folder = bgu_2d_narrow_arrays
params_path = 
VG_avg = 0.0
VG_std = 0.0
C_avg = 2.0
C_std = 1.5
CG_avg = 10.0
CG_std = 0.0
R_avg = 10.0
R_std = 9.0
custom_rh = ""
custom_rv = ""
custom_ch = ""
custom_cv = ""
RG_avg = 500.0
RG_std = 0.0
n0_avg = 0.0
n0_std = 0.0
Q0_avg = 0.0
Q0_std = 0.0
----Array Parameters-----
Rows: 15
Columns: 5
VG: [[0.]
 [0.]
 [0.]
 [0.]
 [0.]
 [0.]
 [0.]
 [0.]
 [0.]
 [0.]
 [0.]
 [0.]
 [0.]
 [0.]
 [0.]
 [0.]
 [0.]
 [0.]
 [0.]
 [0.]
 [0.]
 [0.]
 [0.]
 [0.]
 [0.]
 [0.]
 [0.]
 [0.]
 [0.]
 [0.]
 [0.]
 [0.]
 [0.]
 [0.]
 [0.]
 [0.]
 [0.]
 [0.]
 [0.]
 [0.]
 [0.]
 [0.]
 [0.]
 [0.]
 [0.]
 [0.]
 [0.]
 [0.]
 [0.]
 [0.]
 [0.]
 [0.]
 [0.]
 [0.]
 [0.]
 [0.]
 [0.]
 [0.]
 [0.]
 [0.]
 [0.]
 [0.]
 [0.]
 [0.]
 [0.]
 [0.]
 [0.]
 [0.]
 [0.]
 [0.]
 [0.]
 [0.]
 [0.]
 [0.]
 [0.]]
CG: [[10.]
 [10.]
 [10.]
 [10.]
 [10.]
 [10.]
 [10.]
 [10.]
 [10.]
 [10.]
 [10.]
 [10.]
 [10.]
 [10.]
 [10.]
 [10.]
 [10.]
 [10.]
 [10.]
 [10.]
 [10.]
 [10.]
 [10.]
 [10.]
 [10.]
 [10.]
 [10.]
 [10.]
 [10.]
 [10.]
 [10.]
 [10.]
 [10.]
 [10.]
 [10.]
 [10.]
 [10.]
 [10.]
 [10.]
 [10.]
 [10.]
 [10.]
 [10.]
 [10.]
 [10.]
 [10.]
 [10.]
 [10.]
 [10.]
 [10.]
 [10.]
 [10.]
 [10.]
 [10.]
 [10.]
 [10.]
 [10.]
 [10.]
 [10.]
 [10.]
 [10.]
 [10.]
 [10.]
 [10.]
 [10.]
 [10.]
 [10.]
 [10.]
 [10.]
 [10.]
 [10.]
 [10.]
 [10.]
 [10.]
 [10.]]
RG: [[500.]
 [500.]
 [500.]
 [500.]
 [500.]
 [500.]
 [500.]
 [500.]
 [500.]
 [500.]
 [500.]
 [500.]
 [500.]
 [500.]
 [500.]
 [500.]
 [500.]
 [500.]
 [500.]
 [500.]
 [500.]
 [500.]
 [500.]
 [500.]
 [500.]
 [500.]
 [500.]
 [500.]
 [500.]
 [500.]
 [500.]
 [500.]
 [500.]
 [500.]
 [500.]
 [500.]
 [500.]
 [500.]
 [500.]
 [500.]
 [500.]
 [500.]
 [500.]
 [500.]
 [500.]
 [500.]
 [500.]
 [500.]
 [500.]
 [500.]
 [500.]
 [500.]
 [500.]
 [500.]
 [500.]
 [500.]
 [500.]
 [500.]
 [500.]
 [500.]
 [500.]
 [500.]
 [500.]
 [500.]
 [500.]
 [500.]
 [500.]
 [500.]
 [500.]
 [500.]
 [500.]
 [500.]
 [500.]
 [500.]
 [500.]]
Ch: [[1.57754342 2.82597436 1.38019082 3.1954447  1.55955399 1.50518595]
 [0.76461423 2.31024261 0.88765253 1.58649416 1.74275342 2.29049544]
 [0.73049163 0.72545411 1.98547268 0.52746273 0.5940396  2.58532428]
 [0.86714942 0.81278759 3.49736493 3.22818013 1.49596134 2.64956412]
 [0.61235163 3.10649931 1.0608218  0.60044238 0.71352355 2.16587655]
 [1.81287801 0.97170665 0.56582763 2.04535662 0.79535351 2.25573909]
 [2.63563385 1.01341586 0.77191541 3.02695552 1.88447418 3.07109226]
 [3.49342061 1.28889978 0.91078845 0.99721795 1.99996336 0.91832871]
 [0.68112065 2.7228284  0.50330109 1.41407123 1.33506871 1.39760806]
 [2.44237102 3.31351852 2.46394426 1.60850771 0.68792307 0.76201683]
 [1.09636692 1.16482739 1.91716466 0.53006424 2.85062991 1.72492805]
 [1.94178819 0.57424639 2.31259228 3.14128467 1.54872294 1.676001  ]
 [1.5537876  1.16389564 1.02533582 0.76059086 2.69998914 2.11226841]
 [1.18701875 0.8819475  1.59483596 1.19918389 0.75880741 1.58075959]
 [1.35317894 0.55255134 0.77649388 2.55230864 0.7912228  1.68293319]]
Cv: [[0.         0.         0.         0.         0.        ]
 [2.06093859 1.01190623 0.99126837 1.02818082 2.41269755]
 [0.70140585 0.66190352 0.79039104 1.87930365 1.06991706]
 [2.39682909 0.51185639 1.72213277 0.56447272 0.68048705]
 [1.84214766 2.30598082 0.74157372 3.00780223 0.78223987]
 [2.72389546 1.68829798 1.82565848 1.98189069 0.82914912]
 [1.52742788 2.3865344  0.90056463 0.86249581 1.45058987]
 [1.27988727 1.60363639 1.17264988 0.50695779 0.6703768 ]
 [0.69893606 1.37492805 2.23211396 1.35742505 1.26398003]
 [2.53511107 0.86491508 0.64940955 1.83415834 1.4462907 ]
 [0.66510708 0.85358343 2.68483366 2.26741057 1.41588032]
 [3.38405895 0.7051009  1.83279953 0.55083577 0.52982052]
 [1.57946733 0.62472606 0.78166779 1.26101668 0.51300774]
 [1.04120912 3.02130514 1.7992805  1.28241147 0.6080035 ]
 [1.13476654 0.71901387 2.38511814 2.67899397 3.25099431]]
Rh: [[ 9.81273344  4.25565914  2.72908646  3.24572339  9.93304772 11.4000232 ]
 [14.17073027  1.56019986  1.71515034  2.37832984  2.42144989  7.41072255]
 [ 1.74906308 10.03245084 10.11972747  3.60929403 11.49208588  9.0609858 ]
 [12.83885694 14.12867129  1.30379527  1.18988753  1.14509216  5.35517844]
 [ 2.54128007  1.00720161 18.60508232 16.15033323  5.3758574   7.39505297]
 [ 8.72852665  4.95250237  1.40499093  7.05094993  8.48800241  5.63143906]
 [11.67331154  1.53326115 16.95160113  3.52952007  4.31969852 14.99770158]
 [ 1.1057955  10.82333475  2.214388    9.67609202  2.12305145  1.54730036]
 [ 1.32122027  1.11493031  4.77252959  5.16692731  4.48698141  1.42445122]
 [ 5.19946877  4.23203571 14.13166763 12.03279501  3.17895591  2.10608086]
 [ 2.59455502 10.5142245   1.93757848  3.15801089 11.45653234  1.36168892]
 [ 1.07036684  4.29514289  1.36422086 15.17114065 11.82598695  4.03956783]
 [ 2.08391071  4.38506788  3.0532654  11.06715343  5.59468096 11.08219367]
 [ 1.94096737  2.08061969  3.35636063  2.39559036 18.19020892  4.17696336]
 [ 4.02938691  1.36268466  6.09759097 10.04760894  4.01280184 16.16902134]]
Rv: [[ 9.38071268  7.84873883 13.27053413  1.47879099  2.53958852]
 [ 1.83622264  8.58670706  2.78887573  2.54466965  5.78296826]
 [ 1.39552884  4.34426006  2.04627614  3.43435296  2.75499481]
 [ 1.02987411  3.36184941  3.28398693  3.68574812  7.08458289]
 [ 6.84485784  3.54431721  9.89549444 14.46539652 16.10108568]
 [ 3.13876481  2.87344027 15.23189764 10.57028916  1.22559004]
 [ 2.86988912  6.27870626  1.52020487  1.12557863  1.37433739]
 [ 2.70828569  3.40279722  7.44875279  6.14006006  2.47713578]
 [ 2.2383117  16.02211913  1.4227205   2.85936155  5.60270213]
 [ 7.63138448  1.93308859  1.78406854  1.4869514   5.70580135]
 [ 1.17266598  8.46777296  2.62032581  3.3014915   5.69822125]
 [10.42090441 15.88463612  1.78331874  2.89814988  5.30826825]
 [ 8.42953364 13.30368546  1.18343815  7.13084948  1.72494976]
 [16.2899787   8.36688167 16.42792616  5.83718165  2.64319408]]