-------Running parameters--------
T = 0.001
temperature_gradient = 0.0
gap = 0.0
M = 15
N = 5
VR = 0.0
Vmin = 0.0
Vmax = 0.7
vStep = 0.001
vSym = True
repeats = 50
fileName = array_5_15_disorder_c_std_1.5_r_std_9_run_2
dist = exp
fullOutput = True
use_graph = False
current_map = True
plot_current_map = False
plot_binary_current_map = False
frame_norm = False
dbg = False
resume = False
sc = False
leaping = False
constQ = False
modifyR = False
double_time = False
double_loop = False
output_folder = bgu_2d_narrow_arrays
params_path = 
VG_avg = 0.0
VG_std = 0.0
C_avg = 2.0
C_std = 1.5
CG_avg = 10.0
CG_std = 0.0
R_avg = 10.0
R_std = 9.0
custom_rh = ""
custom_rv = ""
custom_ch = ""
custom_cv = ""
RG_avg = 500.0
RG_std = 0.0
n0_avg = 0.0
n0_std = 0.0
Q0_avg = 0.0
Q0_std = 0.0
----Array Parameters-----
Rows: 15
Columns: 5
VG: [[0.]
 [0.]
 [0.]
 [0.]
 [0.]
 [0.]
 [0.]
 [0.]
 [0.]
 [0.]
 [0.]
 [0.]
 [0.]
 [0.]
 [0.]
 [0.]
 [0.]
 [0.]
 [0.]
 [0.]
 [0.]
 [0.]
 [0.]
 [0.]
 [0.]
 [0.]
 [0.]
 [0.]
 [0.]
 [0.]
 [0.]
 [0.]
 [0.]
 [0.]
 [0.]
 [0.]
 [0.]
 [0.]
 [0.]
 [0.]
 [0.]
 [0.]
 [0.]
 [0.]
 [0.]
 [0.]
 [0.]
 [0.]
 [0.]
 [0.]
 [0.]
 [0.]
 [0.]
 [0.]
 [0.]
 [0.]
 [0.]
 [0.]
 [0.]
 [0.]
 [0.]
 [0.]
 [0.]
 [0.]
 [0.]
 [0.]
 [0.]
 [0.]
 [0.]
 [0.]
 [0.]
 [0.]
 [0.]
 [0.]
 [0.]]
CG: [[10.]
 [10.]
 [10.]
 [10.]
 [10.]
 [10.]
 [10.]
 [10.]
 [10.]
 [10.]
 [10.]
 [10.]
 [10.]
 [10.]
 [10.]
 [10.]
 [10.]
 [10.]
 [10.]
 [10.]
 [10.]
 [10.]
 [10.]
 [10.]
 [10.]
 [10.]
 [10.]
 [10.]
 [10.]
 [10.]
 [10.]
 [10.]
 [10.]
 [10.]
 [10.]
 [10.]
 [10.]
 [10.]
 [10.]
 [10.]
 [10.]
 [10.]
 [10.]
 [10.]
 [10.]
 [10.]
 [10.]
 [10.]
 [10.]
 [10.]
 [10.]
 [10.]
 [10.]
 [10.]
 [10.]
 [10.]
 [10.]
 [10.]
 [10.]
 [10.]
 [10.]
 [10.]
 [10.]
 [10.]
 [10.]
 [10.]
 [10.]
 [10.]
 [10.]
 [10.]
 [10.]
 [10.]
 [10.]
 [10.]
 [10.]]
RG: [[500.]
 [500.]
 [500.]
 [500.]
 [500.]
 [500.]
 [500.]
 [500.]
 [500.]
 [500.]
 [500.]
 [500.]
 [500.]
 [500.]
 [500.]
 [500.]
 [500.]
 [500.]
 [500.]
 [500.]
 [500.]
 [500.]
 [500.]
 [500.]
 [500.]
 [500.]
 [500.]
 [500.]
 [500.]
 [500.]
 [500.]
 [500.]
 [500.]
 [500.]
 [500.]
 [500.]
 [500.]
 [500.]
 [500.]
 [500.]
 [500.]
 [500.]
 [500.]
 [500.]
 [500.]
 [500.]
 [500.]
 [500.]
 [500.]
 [500.]
 [500.]
 [500.]
 [500.]
 [500.]
 [500.]
 [500.]
 [500.]
 [500.]
 [500.]
 [500.]
 [500.]
 [500.]
 [500.]
 [500.]
 [500.]
 [500.]
 [500.]
 [500.]
 [500.]
 [500.]
 [500.]
 [500.]
 [500.]
 [500.]
 [500.]]
Ch: [[2.17961838 2.06161865 0.63912203 0.51386217 1.10479484 0.50073329]
 [0.66057176 0.5358968  0.75670969 1.02201135 0.95106885 2.61852925]
 [1.77001533 1.74279653 2.50333467 1.53657547 1.06000848 1.12829445]
 [0.71500085 1.65750773 1.40635752 1.52028224 2.43441001 0.59601332]
 [1.93151595 0.99989756 0.77563032 1.71139293 0.87145471 1.12928279]
 [0.60965377 2.39770508 1.35979429 1.71170122 0.98031085 0.91438226]
 [0.94136257 0.94214294 2.12161628 0.73595688 3.27845909 1.10114363]
 [3.21727343 0.59923928 2.13549373 1.19913038 1.45812468 1.99630468]
 [1.29646346 0.73158784 0.5056844  1.16198814 1.86916568 0.93639683]
 [0.50004724 1.85993892 1.69018986 0.88158157 0.52917462 0.55869296]
 [1.50640324 1.18934209 1.54211083 0.61262958 2.10992876 2.800168  ]
 [2.92974254 1.4501403  2.67185203 0.5173845  3.26334975 0.727863  ]
 [0.58202166 2.41912614 1.43110699 0.75588472 0.57216452 1.44506382]
 [1.60836902 1.35992141 0.71597835 1.87505173 0.69619419 0.56483754]
 [0.52572637 0.69593961 0.68709478 2.81585992 0.98261314 1.20577127]]
Cv: [[0.         0.         0.         0.         0.        ]
 [2.00512328 1.25079073 3.46751056 2.84001624 2.25259005]
 [1.16898561 1.35833489 0.75804397 2.90313849 1.12446924]
 [1.59956962 0.77638238 0.50017887 0.83053583 3.15550772]
 [2.27595058 3.0964738  0.54295572 1.87126831 0.79772946]
 [2.1753217  0.96671186 0.80484137 0.67755186 0.89657476]
 [1.40119506 2.06152263 1.57268479 2.33639089 0.59520633]
 [0.90472362 1.03557501 0.59256704 1.66737274 1.11236383]
 [1.47734116 0.92079017 0.7160385  1.44361307 2.453832  ]
 [0.64917572 3.47597782 1.38997674 1.23785915 3.25124577]
 [0.76184471 2.05455139 2.66913278 1.2454355  0.66443792]
 [3.00697663 2.39705642 0.85427899 0.74471152 0.7438991 ]
 [2.70363274 0.68293485 3.35816346 2.03293021 1.17245161]
 [0.95746005 2.15084949 1.25583007 0.71850985 2.70804275]
 [2.79871397 0.9877996  2.56537691 1.44612242 0.76857637]]
Rh: [[17.46898224 13.01726556  2.31163315  1.63926346  3.84859499  2.79684185]
 [ 1.78052951 14.44713936  2.72898815  1.28241024  1.39126503  2.87086155]
 [13.43984411  5.10096164  7.63910759  1.44977051  2.98787399  5.2803063 ]
 [ 5.35554914  1.51345899  6.05612344 12.71172904  1.01053564 18.55140209]
 [ 8.16721897  4.25398311  2.26086622  8.83223324  1.82458406  3.46291157]
 [ 4.01457696  3.10879111 16.03083221  2.54380759 12.65634844  4.02514475]
 [ 4.17178905  4.25667477  9.77718689  1.60643883  5.51389279 11.4021847 ]
 [ 3.21986882  1.98419058  2.73175532 11.25585592  1.66384388  4.15641872]
 [ 3.31089424  2.58516789 15.09336013  1.58412518 12.41967597  4.27397775]
 [14.05835791  1.02783147  1.90996799 10.27276105  2.52894639  2.04382259]
 [ 3.10715668 18.73576433  2.14054817  7.82524996  6.8603132   1.60776616]
 [ 2.05983173  7.70750517  7.63188378  1.28107728  5.57641884  1.95925755]
 [ 9.12962626  1.0364253   1.81756318  5.25058052  4.47595436  7.046404  ]
 [10.08684675  1.89839166  2.82921967  9.5965571   2.93154812  2.1141758 ]
 [ 9.73687385  2.88653985  5.55108353  1.01870428  2.17190823  6.43562319]]
Rv: [[ 6.5616755   3.0428291  14.85072871  3.04449798  4.34688472]
 [ 2.22762848 16.07811559 18.77994563  7.48027341  1.64230329]
 [12.99716438  2.35277579  1.09214789 12.79543914  9.66279341]
 [ 1.34026799  6.24722816  2.3647631  11.47055697  8.54915582]
 [ 5.50154622 11.39890025  7.7741806  10.15114758  2.31327775]
 [ 1.40618674  1.87607894 12.98716162 10.6648908   2.37147136]
 [ 1.2633677   8.61356659  1.68388428 18.13745968 15.90536885]
 [ 1.01949919  3.7615777   2.27164957  2.62498211  3.03208825]
 [ 3.18338562  7.33927071 11.13422543  2.41625282 13.37275074]
 [ 4.66518231  2.53485789  2.95702647  7.33909919 14.86266664]
 [11.13150541  2.49368615  9.40692742  2.22328515  6.91071169]
 [ 8.6557521   2.06760641  1.08946927  4.53178164  9.25888647]
 [ 2.19677277  8.22612873  3.30511683  1.49295912  3.51133449]
 [ 6.48882612  2.49853896  4.4548915   4.47212843  7.49749985]]