-------Running parameters--------
T = 0.001
temperature_gradient = 0.0
gap = 0.0
M = 15
N = 5
VR = 0.0
Vmin = 0.0
Vmax = 0.7
vStep = 0.001
vSym = True
repeats = 50
fileName = array_5_15_disorder_c_std_0.1_r_std_9_run_5
dist = exp
fullOutput = True
use_graph = False
current_map = True
plot_current_map = False
plot_binary_current_map = False
frame_norm = False
dbg = False
resume = False
sc = False
leaping = False
constQ = False
modifyR = False
double_time = False
double_loop = False
output_folder = bgu_2d_narrow_arrays
params_path = 
VG_avg = 0.0
VG_std = 0.0
C_avg = 2.0
C_std = 0.1
CG_avg = 10.0
CG_std = 0.0
R_avg = 10.0
R_std = 9.0
custom_rh = ""
custom_rv = ""
custom_ch = ""
custom_cv = ""
RG_avg = 500.0
RG_std = 0.0
n0_avg = 0.0
n0_std = 0.0
Q0_avg = 0.0
Q0_std = 0.0
----Array Parameters-----
Rows: 15
Columns: 5
VG: [[0.]
 [0.]
 [0.]
 [0.]
 [0.]
 [0.]
 [0.]
 [0.]
 [0.]
 [0.]
 [0.]
 [0.]
 [0.]
 [0.]
 [0.]
 [0.]
 [0.]
 [0.]
 [0.]
 [0.]
 [0.]
 [0.]
 [0.]
 [0.]
 [0.]
 [0.]
 [0.]
 [0.]
 [0.]
 [0.]
 [0.]
 [0.]
 [0.]
 [0.]
 [0.]
 [0.]
 [0.]
 [0.]
 [0.]
 [0.]
 [0.]
 [0.]
 [0.]
 [0.]
 [0.]
 [0.]
 [0.]
 [0.]
 [0.]
 [0.]
 [0.]
 [0.]
 [0.]
 [0.]
 [0.]
 [0.]
 [0.]
 [0.]
 [0.]
 [0.]
 [0.]
 [0.]
 [0.]
 [0.]
 [0.]
 [0.]
 [0.]
 [0.]
 [0.]
 [0.]
 [0.]
 [0.]
 [0.]
 [0.]
 [0.]]
CG: [[10.]
 [10.]
 [10.]
 [10.]
 [10.]
 [10.]
 [10.]
 [10.]
 [10.]
 [10.]
 [10.]
 [10.]
 [10.]
 [10.]
 [10.]
 [10.]
 [10.]
 [10.]
 [10.]
 [10.]
 [10.]
 [10.]
 [10.]
 [10.]
 [10.]
 [10.]
 [10.]
 [10.]
 [10.]
 [10.]
 [10.]
 [10.]
 [10.]
 [10.]
 [10.]
 [10.]
 [10.]
 [10.]
 [10.]
 [10.]
 [10.]
 [10.]
 [10.]
 [10.]
 [10.]
 [10.]
 [10.]
 [10.]
 [10.]
 [10.]
 [10.]
 [10.]
 [10.]
 [10.]
 [10.]
 [10.]
 [10.]
 [10.]
 [10.]
 [10.]
 [10.]
 [10.]
 [10.]
 [10.]
 [10.]
 [10.]
 [10.]
 [10.]
 [10.]
 [10.]
 [10.]
 [10.]
 [10.]
 [10.]
 [10.]]
RG: [[500.]
 [500.]
 [500.]
 [500.]
 [500.]
 [500.]
 [500.]
 [500.]
 [500.]
 [500.]
 [500.]
 [500.]
 [500.]
 [500.]
 [500.]
 [500.]
 [500.]
 [500.]
 [500.]
 [500.]
 [500.]
 [500.]
 [500.]
 [500.]
 [500.]
 [500.]
 [500.]
 [500.]
 [500.]
 [500.]
 [500.]
 [500.]
 [500.]
 [500.]
 [500.]
 [500.]
 [500.]
 [500.]
 [500.]
 [500.]
 [500.]
 [500.]
 [500.]
 [500.]
 [500.]
 [500.]
 [500.]
 [500.]
 [500.]
 [500.]
 [500.]
 [500.]
 [500.]
 [500.]
 [500.]
 [500.]
 [500.]
 [500.]
 [500.]
 [500.]
 [500.]
 [500.]
 [500.]
 [500.]
 [500.]
 [500.]
 [500.]
 [500.]
 [500.]
 [500.]
 [500.]
 [500.]
 [500.]
 [500.]
 [500.]]
Ch: [[2.00680235 2.01831381 2.02850363 1.93960517 2.02066235 1.92455192]
 [2.08700707 1.95339242 2.03165022 1.90996771 2.04280688 2.01439756]
 [1.99421023 2.05291433 1.96562943 1.97634846 2.04332451 2.00903152]
 [1.90084227 2.07134409 2.05850427 1.99046595 2.02811058 2.07649788]
 [1.94271063 2.09727397 2.01523124 1.93778484 1.94766675 2.04556396]
 [2.01315247 1.96587607 2.00302225 1.94767397 2.082987   1.99012944]
 [2.05966652 2.04598998 2.00971437 1.97613186 1.94836034 2.01665588]
 [1.95928399 2.00607818 1.91865414 1.98227291 2.01484728 1.96372008]
 [2.07018015 1.91385785 2.07907346 1.92824928 2.07275275 2.0553775 ]
 [2.0010278  1.94222271 1.9738942  2.01606771 1.94242759 2.05167216]
 [1.99418867 2.07670595 1.92306823 1.91178744 2.07858094 1.93476044]
 [1.91574537 2.00773095 2.05155346 1.91758875 2.09316713 2.06580928]
 [1.93114608 1.91083504 1.96963408 2.09432908 1.99898811 1.96649883]
 [2.08914985 1.95976887 2.09804473 2.05174808 1.90802706 2.08509753]
 [1.93152377 1.93033689 1.9392696  2.09804244 2.00582457 2.01599958]]
Cv: [[0.         0.         0.         0.         0.        ]
 [2.01175817 2.01880256 2.07168367 2.00659234 2.06554563]
 [2.02463175 2.01011062 2.0970293  1.98497909 1.95695185]
 [2.01490483 1.95216789 1.97269032 2.0004593  2.05156219]
 [2.02336547 2.0804648  1.9499876  1.94830139 1.99248684]
 [2.04143289 2.08949804 1.96266107 1.91130221 1.96472452]
 [1.92099259 1.93368032 1.99817741 1.91646387 2.06209442]
 [2.03753645 1.98429138 1.97581897 2.06213602 1.9512736 ]
 [1.94762329 1.94922259 1.94721057 1.95909022 1.96068962]
 [2.06692665 2.01689915 2.05633233 1.95872332 1.93356702]
 [1.95337634 2.00533414 2.06611147 2.00108549 2.07914328]
 [1.94686557 1.98837878 1.95024178 1.9078786  2.0530288 ]
 [1.94007071 1.91905312 1.96841597 1.91412656 2.05863342]
 [2.02987725 1.93833398 1.90400079 2.01919258 1.93367001]
 [2.05087386 2.08183245 1.92671936 2.07452556 1.9690004 ]]
Rh: [[ 2.57565511 17.16997403  2.9079074   1.49737675  4.98262954  5.56940031]
 [16.58965641  9.87486588 16.97698781  4.03868988  2.70168322  1.09920771]
 [ 3.83684385  3.46294337  1.69671389  1.54022622  2.04287161  1.70531941]
 [ 5.53067939  1.7690407  13.87509902  6.99074771  1.58595533 13.80476729]
 [ 1.93049143  5.05568405 11.32230214  1.46728756 12.79903578  6.07191462]
 [ 7.62955668 18.06263997  3.73452364 17.43744261  7.3886026  12.54179248]
 [11.51115994 12.6061803  13.33230278  1.70265803  4.20087833  5.18329044]
 [ 3.14453727  5.20939176  1.02836003  4.03438075 11.31906156  2.4114588 ]
 [ 9.31674579 11.17309169  9.92101723  1.013599    1.36519561  1.65284546]
 [11.34866533  4.48737098  1.2369696   1.15649581 17.91298756  5.80307203]
 [ 1.27616963  1.31721568  1.83347758 11.11283975  5.55660258  1.00674917]
 [16.3037197   2.53752854  6.99569923 12.81877262  5.87915921  6.38221632]
 [ 9.25212299  5.84902796 11.58833132 17.40119389 13.18775342 12.19940501]
 [ 5.79784976  1.63241473  1.39633352 12.86503726  4.81407541  1.39877474]
 [ 3.1683087  12.11377522  1.93928398  1.70810603  3.60828631  2.28163114]]
Rv: [[ 8.24684941  7.25978339 10.02209699  5.22984503  3.54550828]
 [ 2.55891724  1.2296548   9.9411216   1.76374486  8.77713557]
 [ 5.70161311  1.47385876  2.26310751  4.45728566 12.64011613]
 [ 4.26535899  9.9027457   1.63803281  1.72986511  3.02436528]
 [ 4.94972577  6.72013159  1.0264021  17.32693735  1.43549166]
 [ 5.01338282  1.95686552  3.90234795  5.44086134  1.89491338]
 [ 2.61612934  1.72850766  3.02642626 10.18575781  8.86254458]
 [13.12457354  5.40120262  9.77603626  2.90587378  1.09404965]
 [ 3.19200465 15.65977769  7.62401442  2.66803759  4.4336771 ]
 [ 3.37041316 12.63437051  1.89940986  1.5086946   3.36608107]
 [ 2.08119441  4.20705681 17.27974171  9.26656632  1.4110196 ]
 [ 3.42005922 16.52593142 10.50423357  3.14898305 11.74990662]
 [13.71842082  1.54994152  5.39611673  1.1377264   1.25506348]
 [ 1.4053735   3.26344533  1.28519591  1.89481211  7.93676504]]