-------Running parameters--------
T = 0.001
temperature_gradient = 0.0
gap = 0.0
M = 15
N = 5
VR = 0.0
Vmin = 0.0
Vmax = 0.7
vStep = 0.001
vSym = True
repeats = 50
fileName = array_5_15_disorder_c_std_0.5_r_std_9_run_9
dist = exp
fullOutput = True
use_graph = False
current_map = True
plot_current_map = False
plot_binary_current_map = False
frame_norm = False
dbg = False
resume = False
sc = False
leaping = False
constQ = False
modifyR = False
double_time = False
double_loop = False
output_folder = bgu_2d_narrow_arrays
params_path = 
VG_avg = 0.0
VG_std = 0.0
C_avg = 2.0
C_std = 0.5
CG_avg = 10.0
CG_std = 0.0
R_avg = 10.0
R_std = 9.0
custom_rh = ""
custom_rv = ""
custom_ch = ""
custom_cv = ""
RG_avg = 500.0
RG_std = 0.0
n0_avg = 0.0
n0_std = 0.0
Q0_avg = 0.0
Q0_std = 0.0
----Array Parameters-----
Rows: 15
Columns: 5
VG: [[0.]
 [0.]
 [0.]
 [0.]
 [0.]
 [0.]
 [0.]
 [0.]
 [0.]
 [0.]
 [0.]
 [0.]
 [0.]
 [0.]
 [0.]
 [0.]
 [0.]
 [0.]
 [0.]
 [0.]
 [0.]
 [0.]
 [0.]
 [0.]
 [0.]
 [0.]
 [0.]
 [0.]
 [0.]
 [0.]
 [0.]
 [0.]
 [0.]
 [0.]
 [0.]
 [0.]
 [0.]
 [0.]
 [0.]
 [0.]
 [0.]
 [0.]
 [0.]
 [0.]
 [0.]
 [0.]
 [0.]
 [0.]
 [0.]
 [0.]
 [0.]
 [0.]
 [0.]
 [0.]
 [0.]
 [0.]
 [0.]
 [0.]
 [0.]
 [0.]
 [0.]
 [0.]
 [0.]
 [0.]
 [0.]
 [0.]
 [0.]
 [0.]
 [0.]
 [0.]
 [0.]
 [0.]
 [0.]
 [0.]
 [0.]]
CG: [[10.]
 [10.]
 [10.]
 [10.]
 [10.]
 [10.]
 [10.]
 [10.]
 [10.]
 [10.]
 [10.]
 [10.]
 [10.]
 [10.]
 [10.]
 [10.]
 [10.]
 [10.]
 [10.]
 [10.]
 [10.]
 [10.]
 [10.]
 [10.]
 [10.]
 [10.]
 [10.]
 [10.]
 [10.]
 [10.]
 [10.]
 [10.]
 [10.]
 [10.]
 [10.]
 [10.]
 [10.]
 [10.]
 [10.]
 [10.]
 [10.]
 [10.]
 [10.]
 [10.]
 [10.]
 [10.]
 [10.]
 [10.]
 [10.]
 [10.]
 [10.]
 [10.]
 [10.]
 [10.]
 [10.]
 [10.]
 [10.]
 [10.]
 [10.]
 [10.]
 [10.]
 [10.]
 [10.]
 [10.]
 [10.]
 [10.]
 [10.]
 [10.]
 [10.]
 [10.]
 [10.]
 [10.]
 [10.]
 [10.]
 [10.]]
RG: [[500.]
 [500.]
 [500.]
 [500.]
 [500.]
 [500.]
 [500.]
 [500.]
 [500.]
 [500.]
 [500.]
 [500.]
 [500.]
 [500.]
 [500.]
 [500.]
 [500.]
 [500.]
 [500.]
 [500.]
 [500.]
 [500.]
 [500.]
 [500.]
 [500.]
 [500.]
 [500.]
 [500.]
 [500.]
 [500.]
 [500.]
 [500.]
 [500.]
 [500.]
 [500.]
 [500.]
 [500.]
 [500.]
 [500.]
 [500.]
 [500.]
 [500.]
 [500.]
 [500.]
 [500.]
 [500.]
 [500.]
 [500.]
 [500.]
 [500.]
 [500.]
 [500.]
 [500.]
 [500.]
 [500.]
 [500.]
 [500.]
 [500.]
 [500.]
 [500.]
 [500.]
 [500.]
 [500.]
 [500.]
 [500.]
 [500.]
 [500.]
 [500.]
 [500.]
 [500.]
 [500.]
 [500.]
 [500.]
 [500.]
 [500.]]
Ch: [[2.30093916 1.75947047 1.78098362 1.79695524 1.54183631 2.08411125]
 [1.6565443  2.14518871 2.16457261 2.46600608 2.01266797 2.22764925]
 [2.46415488 1.59858826 1.81327201 1.52981023 2.38085187 1.70520868]
 [2.06951158 1.80836262 2.41750325 1.51097253 1.99286274 1.73972573]
 [1.79487336 1.85287019 2.43709025 1.66925619 1.52204376 1.69328564]
 [2.26842799 2.16826315 2.04163269 1.76514981 1.61997603 2.10749455]
 [1.65488811 2.16428708 1.90479668 1.50685164 1.76628077 2.18106522]
 [1.84780031 1.7342595  1.8399553  2.47955592 2.36389148 2.07982396]
 [1.64729243 2.45155351 1.51301506 1.62103409 1.77566924 1.52757759]
 [2.48185364 1.96019901 1.60212289 2.30258416 2.37245716 1.6016739 ]
 [1.64486933 1.86393716 2.29901682 2.09159918 1.50657116 1.53772353]
 [1.91554082 2.07736255 1.76907195 1.57342715 1.68950553 1.94202536]
 [2.03763978 2.48471146 1.71370921 2.39973761 2.23623929 1.78473238]
 [2.09531201 1.91603695 1.69391476 1.5957362  2.46205768 2.43877932]
 [2.30923711 1.99089995 1.64985619 1.75825551 2.17132338 1.75858462]]
Cv: [[0.         0.         0.         0.         0.        ]
 [2.01651146 2.30386513 1.8452686  2.2988768  1.5872329 ]
 [1.61279054 1.56985723 1.89140623 1.62462915 2.43596641]
 [1.8511704  1.80762981 2.33523314 1.80642716 2.04750667]
 [1.84192963 2.37531271 2.34800553 2.38579512 2.03283164]
 [2.05169523 2.28537238 1.57678851 2.0775323  2.00795643]
 [2.19865618 1.53009953 2.13856417 2.0834032  2.0779694 ]
 [2.49712338 1.7779365  2.15275747 1.95703148 1.79464113]
 [1.6685043  1.74851002 1.66195307 1.63550115 1.862121  ]
 [1.55489697 1.91162126 1.66628136 2.08756035 1.53040157]
 [2.30833704 1.57796593 2.14477522 1.88530417 2.3440314 ]
 [2.05877799 2.00832281 2.3301019  2.0692229  1.80270265]
 [1.86636954 2.3931606  2.3405073  2.2622887  1.97556631]
 [2.35471544 1.79322818 1.66250155 1.77632355 1.9010062 ]
 [1.90482415 2.34588644 2.38221335 1.79371688 2.38394877]]
Rh: [[ 1.87508817  1.13004361  9.8575832   9.81696185  2.85405628  1.3398321 ]
 [ 5.26015409  9.49071802  6.66369341 17.22209535  2.09738948  7.62858111]
 [13.50584955  1.65425705  4.87254595  5.14593307 13.83892931  1.53460307]
 [ 3.17739404  8.15501291  4.38579769  2.56490459  4.34202898 14.9460598 ]
 [ 5.37704431  1.87425528 12.81294852  1.7398039   3.24490657  6.91799689]
 [ 5.47042236  1.04340011  1.07152601  5.35744155  1.22677113  4.36803918]
 [ 7.38387891 14.37194406  4.31030213  1.61503309  1.39032882  2.2879591 ]
 [11.83923878  1.07095051  2.16184578  2.48727916  1.35330046  5.31962828]
 [ 4.55588289 12.80504146  5.74017212  9.5444722   3.14831601  1.08792689]
 [ 2.70625975  1.52821409 12.96519776  1.80899361  3.15361568 16.13002041]
 [ 4.96429897  2.26564281  2.25636026  3.69680532 11.64490838  1.79881438]
 [ 7.79767033  1.12868783  4.53624707  1.39483149 12.87095416  1.05016087]
 [ 2.25521174 13.91153636  7.60944645 14.21467005  6.27573925  2.23801897]
 [ 3.46845651  1.42391165  6.57993306  1.58899608 18.19473613  2.90539189]
 [ 1.87206064  1.84749581  6.47541523  1.11245276  4.54071995  2.91861894]]
Rv: [[ 1.26537132  5.45344275  4.30988583  4.12972884  1.80525678]
 [ 5.01873759  4.00492199 11.52578418  2.02540719  3.40430754]
 [18.11807173  3.77992773 12.0946853  13.72951334  1.18440533]
 [ 5.98603084  1.30129177 11.23554643  3.96381714  4.10933931]
 [ 1.18821676  6.61426686  5.50453542  2.22192797  1.61397781]
 [11.99500082  4.3391603  11.12965435  2.17943916  3.32702   ]
 [ 3.96110595 11.52747634  1.18115381  2.90016044  1.13837468]
 [ 4.31592542  1.32515936  1.37320284  6.68398521  2.3141599 ]
 [15.79720436 13.26757306  3.54614868  1.2122712   2.97516601]
 [ 8.64510479  1.66433205  2.39828571  1.60484633  8.47080779]
 [ 1.24022623 11.76423906  9.09943172 13.3827196   3.40140039]
 [ 4.54013878  9.59291366  1.56381602  4.4101156  18.86397541]
 [ 6.32235291 12.15809636  7.64629686  9.72523731  6.23723698]
 [ 1.81236133  1.90560288  1.4080151   8.32678791 13.62970403]]