-------Running parameters--------
T = 0.001
temperature_gradient = 0.0
gap = 0.0
M = 15
N = 5
VR = 0.0
Vmin = 0.0
Vmax = 0.7
vStep = 0.001
vSym = True
repeats = 50
fileName = array_5_15_disorder_c_std_1_r_std_9_run_3
dist = exp
fullOutput = True
use_graph = False
current_map = True
plot_current_map = False
plot_binary_current_map = False
frame_norm = False
dbg = False
resume = False
sc = False
leaping = False
constQ = False
modifyR = False
double_time = False
double_loop = False
output_folder = bgu_2d_narrow_arrays
params_path = 
VG_avg = 0.0
VG_std = 0.0
C_avg = 2.0
C_std = 1.0
CG_avg = 10.0
CG_std = 0.0
R_avg = 10.0
R_std = 9.0
custom_rh = ""
custom_rv = ""
custom_ch = ""
custom_cv = ""
RG_avg = 500.0
RG_std = 0.0
n0_avg = 0.0
n0_std = 0.0
Q0_avg = 0.0
Q0_std = 0.0
----Array Parameters-----
Rows: 15
Columns: 5
VG: [[0.]
 [0.]
 [0.]
 [0.]
 [0.]
 [0.]
 [0.]
 [0.]
 [0.]
 [0.]
 [0.]
 [0.]
 [0.]
 [0.]
 [0.]
 [0.]
 [0.]
 [0.]
 [0.]
 [0.]
 [0.]
 [0.]
 [0.]
 [0.]
 [0.]
 [0.]
 [0.]
 [0.]
 [0.]
 [0.]
 [0.]
 [0.]
 [0.]
 [0.]
 [0.]
 [0.]
 [0.]
 [0.]
 [0.]
 [0.]
 [0.]
 [0.]
 [0.]
 [0.]
 [0.]
 [0.]
 [0.]
 [0.]
 [0.]
 [0.]
 [0.]
 [0.]
 [0.]
 [0.]
 [0.]
 [0.]
 [0.]
 [0.]
 [0.]
 [0.]
 [0.]
 [0.]
 [0.]
 [0.]
 [0.]
 [0.]
 [0.]
 [0.]
 [0.]
 [0.]
 [0.]
 [0.]
 [0.]
 [0.]
 [0.]]
CG: [[10.]
 [10.]
 [10.]
 [10.]
 [10.]
 [10.]
 [10.]
 [10.]
 [10.]
 [10.]
 [10.]
 [10.]
 [10.]
 [10.]
 [10.]
 [10.]
 [10.]
 [10.]
 [10.]
 [10.]
 [10.]
 [10.]
 [10.]
 [10.]
 [10.]
 [10.]
 [10.]
 [10.]
 [10.]
 [10.]
 [10.]
 [10.]
 [10.]
 [10.]
 [10.]
 [10.]
 [10.]
 [10.]
 [10.]
 [10.]
 [10.]
 [10.]
 [10.]
 [10.]
 [10.]
 [10.]
 [10.]
 [10.]
 [10.]
 [10.]
 [10.]
 [10.]
 [10.]
 [10.]
 [10.]
 [10.]
 [10.]
 [10.]
 [10.]
 [10.]
 [10.]
 [10.]
 [10.]
 [10.]
 [10.]
 [10.]
 [10.]
 [10.]
 [10.]
 [10.]
 [10.]
 [10.]
 [10.]
 [10.]
 [10.]]
RG: [[500.]
 [500.]
 [500.]
 [500.]
 [500.]
 [500.]
 [500.]
 [500.]
 [500.]
 [500.]
 [500.]
 [500.]
 [500.]
 [500.]
 [500.]
 [500.]
 [500.]
 [500.]
 [500.]
 [500.]
 [500.]
 [500.]
 [500.]
 [500.]
 [500.]
 [500.]
 [500.]
 [500.]
 [500.]
 [500.]
 [500.]
 [500.]
 [500.]
 [500.]
 [500.]
 [500.]
 [500.]
 [500.]
 [500.]
 [500.]
 [500.]
 [500.]
 [500.]
 [500.]
 [500.]
 [500.]
 [500.]
 [500.]
 [500.]
 [500.]
 [500.]
 [500.]
 [500.]
 [500.]
 [500.]
 [500.]
 [500.]
 [500.]
 [500.]
 [500.]
 [500.]
 [500.]
 [500.]
 [500.]
 [500.]
 [500.]
 [500.]
 [500.]
 [500.]
 [500.]
 [500.]
 [500.]
 [500.]
 [500.]
 [500.]]
Ch: [[2.16158423 2.4916577  1.11309929 1.58197888 2.97324623 1.49463551]
 [1.41638063 1.33861403 1.38578597 1.54616686 2.86878614 1.00546452]
 [1.50314097 2.94469915 1.85507449 1.75951553 1.51336752 1.12301367]
 [1.00852552 1.15939304 1.14304566 1.61027686 2.6904524  1.10260422]
 [1.42283137 2.64841196 2.36050221 1.46471031 2.6058889  1.71703333]
 [2.36167492 1.43698898 1.1605054  1.56634089 1.7443132  1.17242687]
 [1.58171916 1.73026909 1.29636878 1.16497793 2.23533969 1.81730995]
 [1.42822991 1.50369494 1.05523183 1.39944219 1.30488685 1.17684369]
 [1.9385686  2.53211202 1.13244805 1.2138169  2.57270524 2.28362916]
 [1.05172801 1.41282688 2.61939506 2.09893244 1.29879521 1.46272008]
 [1.28412654 2.6285695  2.5581347  1.79466097 2.86656893 2.42191552]
 [1.04101251 2.76893404 1.51885413 1.26318125 1.29856323 1.57077403]
 [2.35807233 1.50658852 1.98782856 1.34014356 1.58324251 1.0991332 ]
 [1.06966401 2.01382075 1.2604881  1.48349732 2.05934864 1.15624031]
 [2.32804294 1.92353523 2.74025508 2.11129904 2.2885686  1.56356469]]
Cv: [[0.         0.         0.         0.         0.        ]
 [2.29286038 1.63805424 2.71077564 1.46566192 2.74356579]
 [1.98934169 2.19827027 1.44347126 2.47315693 2.00152182]
 [2.36884082 2.60598315 1.17644998 1.02191219 1.11370219]
 [1.03826948 2.25218348 2.62791203 2.59089768 2.06977143]
 [2.87544837 2.51065674 1.36383035 1.54412016 1.5125278 ]
 [2.37040334 2.44552426 1.27048568 1.99686899 1.09815548]
 [2.5983242  2.36920604 1.25955849 1.7165768  1.67413581]
 [1.59397636 2.19611924 1.32616037 1.65329576 1.71813571]
 [2.22707556 1.60515838 2.7445674  1.11000855 1.2982233 ]
 [1.92364006 2.65179142 1.81165081 1.80496146 2.66977462]
 [1.60642032 2.51920335 1.18940127 1.2216177  1.23283038]
 [1.2492592  2.45615014 1.04914558 2.68691587 1.63743569]
 [1.60576138 2.6963198  1.5748664  1.4981479  1.37760601]
 [2.18244926 2.52774782 1.45022936 1.63993958 2.08918556]]
Rh: [[ 8.20653085  1.37768275  1.08145951 18.62636919  9.31256625  1.06256234]
 [ 1.53063261  3.9923594   7.80217135  5.32193003 11.53787821 11.68207455]
 [ 4.19800515  1.25199345  3.55366264 10.63641937  1.38516349 17.96385035]
 [ 3.23259708  2.83714166 12.06730584  1.74023505  1.62522351  6.77952437]
 [ 3.72281503 11.29472375  2.18260763  1.99979679  3.59936804 15.85970757]
 [14.38263428  9.54756651  4.51416387  2.79520095  5.01420551  2.37622635]
 [ 3.26081248  1.64822342  4.70936578 14.83038654  9.88127817 10.40548382]
 [ 5.65989988  2.86458042 11.80921038  2.61275118  3.89035795  7.14113249]
 [12.73557846  1.46817152  2.43512026  9.01566679  4.80297585  2.16664122]
 [ 4.11139742  1.06188503  6.16779643 16.87798531  1.80119471  1.00357984]
 [ 1.03269668  2.2002109  17.86991397  5.17760132  1.91343991  1.85263608]
 [ 2.79579064  6.4665529   1.176868    6.0394491   5.72792189  3.37061998]
 [ 5.05136212  1.7831918   2.95547322  2.84921514  1.04871225  8.33939937]
 [ 1.76036012  2.66076331  1.8464197  13.11330602  9.84869766  6.55063824]
 [ 4.10550665 15.30852497  3.14515289  1.08180006  9.38856338  2.45816071]]
Rv: [[ 8.9162292   9.0177905   6.49415898  1.8759122   2.53113595]
 [ 2.11774484 14.59437884  7.14010032  7.01180886 13.17337905]
 [ 1.71631828  9.44119309  4.14177113  1.11723246  7.34551201]
 [11.32656206  3.3408219   1.54559204  6.52881031  9.94265228]
 [ 2.00437057  4.96077419 11.13026839  5.53608327  5.90548886]
 [17.63818785  2.01444879  1.14881788 11.80260299  2.49209382]
 [ 2.94134706 16.65739674  2.72411833  3.1406028   1.71052818]
 [ 5.44629453  4.12375432  1.91984599  1.22389959  2.43841014]
 [ 3.47836738  5.24657881  5.42527273  3.77946637 11.4393296 ]
 [ 3.41218109  1.84731888 10.85753941  9.68955131 13.75217692]
 [ 3.04170841 12.62596675  3.47562473 17.19535868 12.27272353]
 [ 6.35876126  4.00134252  1.69460029  3.46339081 14.09834978]
 [ 1.24824854  7.66242914 14.529227    2.69429181  4.09117335]
 [ 2.29505862 16.27900103  1.7321021   3.70007625  5.51854703]]