-------Running parameters--------
T = 0.001
temperature_gradient = 0.0
gap = 0.0
M = 15
N = 5
VR = 0.0
Vmin = 0.0
Vmax = 0.7
vStep = 0.001
vSym = True
repeats = 50
fileName = array_5_15_disorder_c_std_1.5_r_std_9_run_5
dist = exp
fullOutput = True
use_graph = False
current_map = True
plot_current_map = False
plot_binary_current_map = False
frame_norm = False
dbg = False
resume = False
sc = False
leaping = False
constQ = False
modifyR = False
double_time = False
double_loop = False
output_folder = bgu_2d_narrow_arrays
params_path = 
VG_avg = 0.0
VG_std = 0.0
C_avg = 2.0
C_std = 1.5
CG_avg = 10.0
CG_std = 0.0
R_avg = 10.0
R_std = 9.0
custom_rh = ""
custom_rv = ""
custom_ch = ""
custom_cv = ""
RG_avg = 500.0
RG_std = 0.0
n0_avg = 0.0
n0_std = 0.0
Q0_avg = 0.0
Q0_std = 0.0
----Array Parameters-----
Rows: 15
Columns: 5
VG: [[0.]
 [0.]
 [0.]
 [0.]
 [0.]
 [0.]
 [0.]
 [0.]
 [0.]
 [0.]
 [0.]
 [0.]
 [0.]
 [0.]
 [0.]
 [0.]
 [0.]
 [0.]
 [0.]
 [0.]
 [0.]
 [0.]
 [0.]
 [0.]
 [0.]
 [0.]
 [0.]
 [0.]
 [0.]
 [0.]
 [0.]
 [0.]
 [0.]
 [0.]
 [0.]
 [0.]
 [0.]
 [0.]
 [0.]
 [0.]
 [0.]
 [0.]
 [0.]
 [0.]
 [0.]
 [0.]
 [0.]
 [0.]
 [0.]
 [0.]
 [0.]
 [0.]
 [0.]
 [0.]
 [0.]
 [0.]
 [0.]
 [0.]
 [0.]
 [0.]
 [0.]
 [0.]
 [0.]
 [0.]
 [0.]
 [0.]
 [0.]
 [0.]
 [0.]
 [0.]
 [0.]
 [0.]
 [0.]
 [0.]
 [0.]]
CG: [[10.]
 [10.]
 [10.]
 [10.]
 [10.]
 [10.]
 [10.]
 [10.]
 [10.]
 [10.]
 [10.]
 [10.]
 [10.]
 [10.]
 [10.]
 [10.]
 [10.]
 [10.]
 [10.]
 [10.]
 [10.]
 [10.]
 [10.]
 [10.]
 [10.]
 [10.]
 [10.]
 [10.]
 [10.]
 [10.]
 [10.]
 [10.]
 [10.]
 [10.]
 [10.]
 [10.]
 [10.]
 [10.]
 [10.]
 [10.]
 [10.]
 [10.]
 [10.]
 [10.]
 [10.]
 [10.]
 [10.]
 [10.]
 [10.]
 [10.]
 [10.]
 [10.]
 [10.]
 [10.]
 [10.]
 [10.]
 [10.]
 [10.]
 [10.]
 [10.]
 [10.]
 [10.]
 [10.]
 [10.]
 [10.]
 [10.]
 [10.]
 [10.]
 [10.]
 [10.]
 [10.]
 [10.]
 [10.]
 [10.]
 [10.]]
RG: [[500.]
 [500.]
 [500.]
 [500.]
 [500.]
 [500.]
 [500.]
 [500.]
 [500.]
 [500.]
 [500.]
 [500.]
 [500.]
 [500.]
 [500.]
 [500.]
 [500.]
 [500.]
 [500.]
 [500.]
 [500.]
 [500.]
 [500.]
 [500.]
 [500.]
 [500.]
 [500.]
 [500.]
 [500.]
 [500.]
 [500.]
 [500.]
 [500.]
 [500.]
 [500.]
 [500.]
 [500.]
 [500.]
 [500.]
 [500.]
 [500.]
 [500.]
 [500.]
 [500.]
 [500.]
 [500.]
 [500.]
 [500.]
 [500.]
 [500.]
 [500.]
 [500.]
 [500.]
 [500.]
 [500.]
 [500.]
 [500.]
 [500.]
 [500.]
 [500.]
 [500.]
 [500.]
 [500.]
 [500.]
 [500.]
 [500.]
 [500.]
 [500.]
 [500.]
 [500.]
 [500.]
 [500.]
 [500.]
 [500.]
 [500.]]
Ch: [[3.0573316  1.57561646 0.80003733 1.20463964 1.47899447 0.95572808]
 [2.73765045 2.57851328 0.7521793  0.76010655 0.53318989 1.19132946]
 [0.92327854 1.09189621 1.71591247 1.69635337 2.95529594 1.478224  ]
 [0.70416663 0.52342271 3.16512666 0.76372055 2.67747949 1.08174172]
 [2.51514412 1.51074595 1.40431241 0.61232998 0.7500841  2.74874764]
 [1.78556104 1.45299959 1.00288049 1.68848674 2.99431405 0.6326311 ]
 [2.75194283 0.94225449 1.24533465 0.59276105 2.03962382 1.12564511]
 [3.33310654 0.78913869 3.01776939 1.17779841 1.5876634  1.80288198]
 [0.98312975 3.35646461 2.41908119 0.87833272 0.63119001 3.39461464]
 [0.96922632 1.76041558 0.54867851 1.74864159 0.82163678 0.90446426]
 [1.53903007 1.00924278 0.80256378 2.46697822 0.75394162 2.44384817]
 [3.39957217 1.38023864 0.74192873 1.86903232 2.25645459 2.29213135]
 [0.63985801 2.86369192 0.93006651 1.65750624 1.73527291 1.79013005]
 [1.49773166 1.07668151 1.60812698 0.9376036  0.72934363 1.89762894]
 [1.78971487 1.32121088 1.22282856 1.84954117 1.87029687 1.18472723]]
Cv: [[0.         0.         0.         0.         0.        ]
 [0.7295987  0.66180525 1.35594039 0.66663568 2.36649304]
 [0.57615181 1.5542813  1.56067139 1.72634863 2.18274137]
 [2.6087842  0.83237325 2.49482029 1.11227343 1.06867533]
 [0.95269933 3.3724435  0.86943878 1.18675052 1.33167778]
 [1.76058539 2.77516089 0.88910225 1.81839604 0.58798244]
 [0.6891388  0.65560566 2.3846805  0.76070505 2.81251693]
 [0.87151338 1.35006215 3.26283797 0.54092656 2.71161665]
 [0.57496232 0.97659378 3.20686149 2.95403158 3.18343452]
 [1.37273368 1.8390548  0.74697784 1.72762564 1.20132121]
 [0.52130504 2.16483629 2.03835855 0.66806003 0.77173212]
 [2.86974356 2.4630065  2.43370526 0.91613561 0.84076808]
 [0.55002085 1.23247468 3.33547573 1.29868967 1.37899058]
 [0.60455131 1.37130401 2.55057027 0.6035405  0.57262165]
 [1.76884447 1.70883615 0.59142614 1.81144117 1.22618272]]
Rh: [[ 6.34050351  2.0734827   2.82269957  3.25320886  5.09689067  5.5429492 ]
 [11.07337013  9.7713362   5.56949751  4.80389227  2.54539825  7.50759212]
 [14.18115432  4.9070088   2.61008335  6.95260065 16.90168334  5.81336128]
 [ 5.02939272  9.90336234  3.31536136  2.44587608  4.18993473  3.25639774]
 [ 8.72849447  5.66100649  4.69209785  1.91081894  4.58034906  5.13752539]
 [ 6.57613576 18.20765741  3.74678985  5.04275701  1.45289334  3.85660767]
 [ 9.92416391  1.57365511  2.05605078  3.84822107  2.07988486  1.09083127]
 [12.09571544 17.40263233  1.34678772 13.44628424  2.78504193 17.69444273]
 [10.63633644  3.49789561  6.71181317  6.25797632 17.6220412   2.31006359]
 [ 1.33230394  2.56382328  4.27591936 10.67406588  6.83801289 15.00940422]
 [ 4.53848251  1.11819701  2.87134083 13.82053049 16.1777784   7.12388692]
 [ 8.19697873  1.51186402  3.61585961  3.17834815  1.31250216  1.27018318]
 [ 1.85802376 13.47985822  1.02442408  4.44895216  9.70530878  1.05429582]
 [ 2.89161196 10.56285454 14.41044667  1.09251576  2.10138403 15.47905116]
 [ 6.03189898 18.04212785 10.20675624 11.05063931  2.51058876  2.24685849]]
Rv: [[ 1.23631265 11.10815428 15.65285956  8.90707171  1.8189519 ]
 [ 1.41745528  4.53194085  1.24696266  6.259306    8.89925005]
 [ 9.32336744  5.38296146  2.30360099  4.89677478 11.4327465 ]
 [10.7452524   1.17678166  2.44674817  4.81642757  4.3461166 ]
 [ 5.72073915  1.86903099  7.95021104  8.39287912  7.36488085]
 [ 9.6455071   1.7244753  18.934911    1.56878289  9.16277761]
 [ 1.61795485  1.23258019 17.75840006 10.78848584  6.32665065]
 [14.11088187  3.79230484  4.08864833  2.85062634  2.04132507]
 [ 1.17232144  1.63770979  1.21939506  1.0815691  12.17815288]
 [17.12077997 15.30686088  4.48917929  6.03610562 12.22455804]
 [ 1.89058773 18.66337487  3.96839003  2.92839128  2.60700488]
 [ 1.15014798  1.87336489  1.93247699  3.92297158  1.39853108]
 [ 5.67553769  2.77090817  6.11884588  4.18093689  6.88415475]
 [ 8.97597214 16.29372388  3.60925831  2.4100025   1.27634116]]