-------Running parameters--------
T = 0.001
temperature_gradient = 0.0
gap = 0.0
M = 15
N = 5
VR = 0.0
Vmin = 0.0
Vmax = 0.7
vStep = 0.001
vSym = True
repeats = 50
fileName = array_5_15_disorder_c_std_0.5_r_std_9_run_10
dist = exp
fullOutput = True
use_graph = False
current_map = True
plot_current_map = False
plot_binary_current_map = False
frame_norm = False
dbg = False
resume = False
sc = False
leaping = False
constQ = False
modifyR = False
double_time = False
double_loop = False
output_folder = bgu_2d_narrow_arrays
params_path = 
VG_avg = 0.0
VG_std = 0.0
C_avg = 2.0
C_std = 0.5
CG_avg = 10.0
CG_std = 0.0
R_avg = 10.0
R_std = 9.0
custom_rh = ""
custom_rv = ""
custom_ch = ""
custom_cv = ""
RG_avg = 500.0
RG_std = 0.0
n0_avg = 0.0
n0_std = 0.0
Q0_avg = 0.0
Q0_std = 0.0
----Array Parameters-----
Rows: 15
Columns: 5
VG: [[0.]
 [0.]
 [0.]
 [0.]
 [0.]
 [0.]
 [0.]
 [0.]
 [0.]
 [0.]
 [0.]
 [0.]
 [0.]
 [0.]
 [0.]
 [0.]
 [0.]
 [0.]
 [0.]
 [0.]
 [0.]
 [0.]
 [0.]
 [0.]
 [0.]
 [0.]
 [0.]
 [0.]
 [0.]
 [0.]
 [0.]
 [0.]
 [0.]
 [0.]
 [0.]
 [0.]
 [0.]
 [0.]
 [0.]
 [0.]
 [0.]
 [0.]
 [0.]
 [0.]
 [0.]
 [0.]
 [0.]
 [0.]
 [0.]
 [0.]
 [0.]
 [0.]
 [0.]
 [0.]
 [0.]
 [0.]
 [0.]
 [0.]
 [0.]
 [0.]
 [0.]
 [0.]
 [0.]
 [0.]
 [0.]
 [0.]
 [0.]
 [0.]
 [0.]
 [0.]
 [0.]
 [0.]
 [0.]
 [0.]
 [0.]]
CG: [[10.]
 [10.]
 [10.]
 [10.]
 [10.]
 [10.]
 [10.]
 [10.]
 [10.]
 [10.]
 [10.]
 [10.]
 [10.]
 [10.]
 [10.]
 [10.]
 [10.]
 [10.]
 [10.]
 [10.]
 [10.]
 [10.]
 [10.]
 [10.]
 [10.]
 [10.]
 [10.]
 [10.]
 [10.]
 [10.]
 [10.]
 [10.]
 [10.]
 [10.]
 [10.]
 [10.]
 [10.]
 [10.]
 [10.]
 [10.]
 [10.]
 [10.]
 [10.]
 [10.]
 [10.]
 [10.]
 [10.]
 [10.]
 [10.]
 [10.]
 [10.]
 [10.]
 [10.]
 [10.]
 [10.]
 [10.]
 [10.]
 [10.]
 [10.]
 [10.]
 [10.]
 [10.]
 [10.]
 [10.]
 [10.]
 [10.]
 [10.]
 [10.]
 [10.]
 [10.]
 [10.]
 [10.]
 [10.]
 [10.]
 [10.]]
RG: [[500.]
 [500.]
 [500.]
 [500.]
 [500.]
 [500.]
 [500.]
 [500.]
 [500.]
 [500.]
 [500.]
 [500.]
 [500.]
 [500.]
 [500.]
 [500.]
 [500.]
 [500.]
 [500.]
 [500.]
 [500.]
 [500.]
 [500.]
 [500.]
 [500.]
 [500.]
 [500.]
 [500.]
 [500.]
 [500.]
 [500.]
 [500.]
 [500.]
 [500.]
 [500.]
 [500.]
 [500.]
 [500.]
 [500.]
 [500.]
 [500.]
 [500.]
 [500.]
 [500.]
 [500.]
 [500.]
 [500.]
 [500.]
 [500.]
 [500.]
 [500.]
 [500.]
 [500.]
 [500.]
 [500.]
 [500.]
 [500.]
 [500.]
 [500.]
 [500.]
 [500.]
 [500.]
 [500.]
 [500.]
 [500.]
 [500.]
 [500.]
 [500.]
 [500.]
 [500.]
 [500.]
 [500.]
 [500.]
 [500.]
 [500.]]
Ch: [[1.77381823 2.29218303 2.37679143 1.52069545 2.11702334 1.85808181]
 [2.1164672  2.07611244 2.18981315 2.33799961 2.00551748 1.50790882]
 [1.6604496  1.75425487 2.01499065 1.91290096 2.29843268 1.59778388]
 [1.97821336 1.52152262 2.05130381 2.42226816 1.93851857 1.54700769]
 [1.60103012 2.06961597 1.53923452 1.90434543 2.00806204 2.16477909]
 [1.52406763 2.12371354 2.40398238 1.8647031  1.82169389 1.77472026]
 [1.58012185 2.42882503 2.41276784 2.16803563 1.92227735 1.56964277]
 [1.69822594 2.08160543 2.02328125 1.61413959 2.14908531 1.92413657]
 [2.40038318 2.31494384 2.33191686 1.51342821 2.2548916  2.00640411]
 [1.74572471 1.52466055 2.34322331 1.62949922 2.1150531  2.02112412]
 [2.32834414 2.19475915 1.70467754 2.0771501  2.24613504 1.54811018]
 [1.96550618 1.93310821 2.37553457 1.76482186 2.08020477 1.92911696]
 [2.28177639 2.01229436 2.22092183 1.92908746 2.17452927 2.45334678]
 [1.74712137 1.90208652 2.40540876 2.3123388  2.20562974 2.48167984]
 [2.18712057 1.60003253 1.93261455 1.70752666 2.18669509 1.59407374]]
Cv: [[0.         0.         0.         0.         0.        ]
 [2.14709344 1.54597141 1.69419938 1.71143956 1.62251589]
 [1.63784038 1.94755789 1.62674808 2.00613826 1.55064455]
 [1.73305077 1.57665161 1.69973315 2.08118031 2.42456192]
 [1.72049894 2.39750268 1.56290202 2.41520095 1.79192242]
 [1.89723041 1.69117651 1.84216136 2.47581243 1.84557349]
 [1.59203966 2.005135   1.58727668 2.18260877 1.59817632]
 [1.982487   2.1692773  2.29893518 2.08129707 1.94259144]
 [1.67068017 2.38440591 1.52379947 1.67235221 2.47640252]
 [2.23080683 2.33691885 1.99977483 2.1390385  2.22182955]
 [1.6264652  2.07474997 2.38627209 1.85627514 1.53958034]
 [1.8988881  1.88950646 2.04853077 1.83119647 1.50102748]
 [2.07047738 2.02471536 1.53541458 2.09582283 2.43003575]
 [1.77609716 1.92765522 1.73294576 1.76715151 2.40525057]
 [1.93858959 2.393216   1.7754684  1.79872023 1.70465726]]
Rh: [[ 1.52621757  1.80922663  1.95307505  3.24376697  1.10508479  1.77958282]
 [ 1.31215864  2.13083312  5.73333455 11.50692508 12.53897959  9.37359523]
 [ 3.45071173  4.81894827  1.02845582 14.63431852  1.12653638  5.85026375]
 [ 5.05293966 13.15267106  1.10793695  1.96156712 10.51335458  4.7274743 ]
 [ 1.95831371  9.11552308  3.9615063  15.93806036  1.15886554  9.72101833]
 [ 3.26534659  4.18207795 12.16501291  7.13530212  1.62784544  5.04093928]
 [ 2.80016055  4.34107096  3.51608158  8.96285931  5.75597623 15.56865273]
 [ 1.86655127  1.05232199  4.02630708 12.99480974  8.77553911  8.48926828]
 [ 1.49870584  1.1413648  11.4731354   1.95990218  2.78948059  3.83675148]
 [ 5.26077299  1.01423383  2.9819367   1.48924675  3.05859417  1.26167483]
 [ 1.63590369  8.242411    3.70458388  1.80630136  3.02486327  4.45633554]
 [10.70626717  8.75426463  3.72911707  9.75201865  5.69946242  1.79559735]
 [ 1.92938226  7.49878533  6.86047968  2.84863702 12.77006171  8.65589514]
 [ 2.62979684  6.61417573  6.922255    9.53153098  1.52117546  3.47148757]
 [ 2.91723265 11.65687075  7.01557699 12.41279724  3.30740682  2.03130073]]
Rv: [[ 1.95634234 16.39073498  1.64586752  1.2116891   8.6033181 ]
 [ 4.22853334  3.39997267  2.4625911   1.54508409 18.22076346]
 [11.11692366  4.96717461 15.01894154  2.43950905  1.47297498]
 [13.04399128  9.43323367 11.42170394  8.51429153  1.4609803 ]
 [ 1.26951358  1.69515746  7.70472599 17.64321992  5.67371876]
 [12.2446722   6.47900688 11.40826922  3.7853127   1.92932919]
 [14.04727979  6.08384763  7.53253082  6.09862503  5.26661209]
 [11.04173521  8.06652003  8.48926031  5.75073754  1.27488954]
 [ 1.46811699  4.82591758  3.01686783  1.15735809  1.60173322]
 [12.4475523  16.5100443   1.00650385  9.50508121  3.11644137]
 [ 1.01718604 14.17475729  5.57556103  1.30006087  2.18445386]
 [ 1.7891385  16.59847494 14.16171134  1.52974653  4.79119327]
 [ 8.92109555  5.30816506  2.36291782  1.74550136  1.59302996]
 [ 7.03910873  9.58011066  5.10100358  2.74403484  2.37076125]]