-------Running parameters--------
T = 0.001
temperature_gradient = 0.0
gap = 0.0
M = 15
N = 5
VR = 0.0
Vmin = 0.0
Vmax = 0.7
vStep = 0.001
vSym = True
repeats = 5
fileName = array_5_15_disorder_c_std_0_r_std_9_run_10
dist = exp
fullOutput = True
use_graph = False
current_map = True
plot_current_map = False
plot_binary_current_map = False
frame_norm = False
dbg = False
resume = True
sc = False
leaping = False
constQ = False
modifyR = False
double_time = False
double_loop = False
output_folder = bgu_2d_narrow_arrays
params_path = 
VG_avg = 0.0
VG_std = 0.0
C_avg = 2.0
C_std = 0.0
CG_avg = 10.0
CG_std = 0.0
R_avg = 100.0
R_std = 99.0
custom_rh = [[11.08975821, 3.17897193, 15.34613567, 2.69099009, 1.12040953, 9.76478298], [11.16461976, 5.24744344, 1.64721018, 2.95376426, 1.04179305, 1.23971751], [9.48603627, 1.16849127, 15.6830655, 3.75236943, 18.70947195, 17.22331276], [12.52653617, 5.40515005, 18.73590112, 15.09613582, 11.64089921, 15.22709436], [1.1472531, 9.25513862, 1.4583956, 14.51769645, 16.9650763,   1.88470996], [2.49963827, 4.55541204, 15.16814753, 1.87174722, 2.71152241, 5.17865253], [6.29092223, 7.00432611, 1.71266355, 6.43749793, 1.68527231,  2.25882829], [13.78553127, 1.45619987, 1.79493105, 1.11038667, 2.05404243, 1.17748263], [1.86853836, 3.52563117, 1.9874858,  6.13722367, 2.18305796, 1.44409852], [1.66976916, 12.63122487, 5.8476389, 2.06450177, 4.31846693,  2.07370458], [15.95437387, 1.88260503, 15.85583039, 4.65855708, 11.31749696, 1.72617496], [12.15234026, 12.68649654, 16.5923354, 6.50339195,  4.9635461, 3.06528563], [12.42089625, 5.29180781, 17.92513409,  1.28283344,  4.36224892,  1.83640177], [1.7791276,  12.87488526,  1.05228392,  1.5758389,   2.72988042,  1.93261945], [3.2893212,   2.74252974,  4.41774001,  4.57889457,  1.98827239,  2.98762897]]
custom_rv = [[5.22404968,  1.96943012,  1.046709,    1.19600044,  1.08003906], [3.44069536,  3.3525977,   2.74733835,  7.0377854,   8.14740298], [18.57904993,  1.4956483,   8.44276404, 11.94754229,  4.72495124], [2.65980947,  6.53140014, 14.39180361, 1.38344637,  1.55721188], [ 1.88241085,  4.40436503, 16.44911857,  3.63721757,  1.78434859], [10.33408639, 4.06020662,  1.87399791, 15.42083528,  2.00811789], [7.58478711,  3.44322805,  1.53002052,  1.39135166,  6.8743669 ], [17.27840187, 13.8321949,  14.15706908,  1.3875621,   3.19713988], [12.59172654,  1.12654456,  4.16139851, 11.75575561, 17.74715647], [5.12578867,  1.61820838, 18.24207288, 12.76006986,  5.88037809], [1.0008568,   2.38640606,  3.42614892, 18.32049673,  2.96106007], [1.18385779, 13.35183493,  8.06386652,  2.03902123,  1.50788152], [2.52781941,  1.53768535, 12.5531483,   4.71346524, 17.44852551], [5.05460767,  9.26595484,  4.45712984,  1.20948082, 18.29014956]]
custom_ch = 
custom_cv = 
RG_avg = 500.0
RG_std = 0.0
n0_avg = 0.0
n0_std = 0.0
Q0_avg = 0.0
Q0_std = 0.0
----Array Parameters-----
Rows: 15
Columns: 5
VG: [[0.]
 [0.]
 [0.]
 [0.]
 [0.]
 [0.]
 [0.]
 [0.]
 [0.]
 [0.]
 [0.]
 [0.]
 [0.]
 [0.]
 [0.]
 [0.]
 [0.]
 [0.]
 [0.]
 [0.]
 [0.]
 [0.]
 [0.]
 [0.]
 [0.]
 [0.]
 [0.]
 [0.]
 [0.]
 [0.]
 [0.]
 [0.]
 [0.]
 [0.]
 [0.]
 [0.]
 [0.]
 [0.]
 [0.]
 [0.]
 [0.]
 [0.]
 [0.]
 [0.]
 [0.]
 [0.]
 [0.]
 [0.]
 [0.]
 [0.]
 [0.]
 [0.]
 [0.]
 [0.]
 [0.]
 [0.]
 [0.]
 [0.]
 [0.]
 [0.]
 [0.]
 [0.]
 [0.]
 [0.]
 [0.]
 [0.]
 [0.]
 [0.]
 [0.]
 [0.]
 [0.]
 [0.]
 [0.]
 [0.]
 [0.]]
CG: [[10.]
 [10.]
 [10.]
 [10.]
 [10.]
 [10.]
 [10.]
 [10.]
 [10.]
 [10.]
 [10.]
 [10.]
 [10.]
 [10.]
 [10.]
 [10.]
 [10.]
 [10.]
 [10.]
 [10.]
 [10.]
 [10.]
 [10.]
 [10.]
 [10.]
 [10.]
 [10.]
 [10.]
 [10.]
 [10.]
 [10.]
 [10.]
 [10.]
 [10.]
 [10.]
 [10.]
 [10.]
 [10.]
 [10.]
 [10.]
 [10.]
 [10.]
 [10.]
 [10.]
 [10.]
 [10.]
 [10.]
 [10.]
 [10.]
 [10.]
 [10.]
 [10.]
 [10.]
 [10.]
 [10.]
 [10.]
 [10.]
 [10.]
 [10.]
 [10.]
 [10.]
 [10.]
 [10.]
 [10.]
 [10.]
 [10.]
 [10.]
 [10.]
 [10.]
 [10.]
 [10.]
 [10.]
 [10.]
 [10.]
 [10.]]
RG: [[500.]
 [500.]
 [500.]
 [500.]
 [500.]
 [500.]
 [500.]
 [500.]
 [500.]
 [500.]
 [500.]
 [500.]
 [500.]
 [500.]
 [500.]
 [500.]
 [500.]
 [500.]
 [500.]
 [500.]
 [500.]
 [500.]
 [500.]
 [500.]
 [500.]
 [500.]
 [500.]
 [500.]
 [500.]
 [500.]
 [500.]
 [500.]
 [500.]
 [500.]
 [500.]
 [500.]
 [500.]
 [500.]
 [500.]
 [500.]
 [500.]
 [500.]
 [500.]
 [500.]
 [500.]
 [500.]
 [500.]
 [500.]
 [500.]
 [500.]
 [500.]
 [500.]
 [500.]
 [500.]
 [500.]
 [500.]
 [500.]
 [500.]
 [500.]
 [500.]
 [500.]
 [500.]
 [500.]
 [500.]
 [500.]
 [500.]
 [500.]
 [500.]
 [500.]
 [500.]
 [500.]
 [500.]
 [500.]
 [500.]
 [500.]]
Ch: [[2. 2. 2. 2. 2. 2.]
 [2. 2. 2. 2. 2. 2.]
 [2. 2. 2. 2. 2. 2.]
 [2. 2. 2. 2. 2. 2.]
 [2. 2. 2. 2. 2. 2.]
 [2. 2. 2. 2. 2. 2.]
 [2. 2. 2. 2. 2. 2.]
 [2. 2. 2. 2. 2. 2.]
 [2. 2. 2. 2. 2. 2.]
 [2. 2. 2. 2. 2. 2.]
 [2. 2. 2. 2. 2. 2.]
 [2. 2. 2. 2. 2. 2.]
 [2. 2. 2. 2. 2. 2.]
 [2. 2. 2. 2. 2. 2.]
 [2. 2. 2. 2. 2. 2.]]
Cv: [[0. 0. 0. 0. 0.]
 [2. 2. 2. 2. 2.]
 [2. 2. 2. 2. 2.]
 [2. 2. 2. 2. 2.]
 [2. 2. 2. 2. 2.]
 [2. 2. 2. 2. 2.]
 [2. 2. 2. 2. 2.]
 [2. 2. 2. 2. 2.]
 [2. 2. 2. 2. 2.]
 [2. 2. 2. 2. 2.]
 [2. 2. 2. 2. 2.]
 [2. 2. 2. 2. 2.]
 [2. 2. 2. 2. 2.]
 [2. 2. 2. 2. 2.]
 [2. 2. 2. 2. 2.]]
Rh: [[11.08975821  3.17897193 15.34613567  2.69099009  1.12040953  9.76478298]
 [11.16461976  5.24744344  1.64721018  2.95376426  1.04179305  1.23971751]
 [ 9.48603627  1.16849127 15.6830655   3.75236943 18.70947195 17.22331276]
 [12.52653617  5.40515005 18.73590112 15.09613582 11.64089921 15.22709436]
 [ 1.1472531   9.25513862  1.4583956  14.51769645 16.9650763   1.88470996]
 [ 2.49963827  4.55541204 15.16814753  1.87174722  2.71152241  5.17865253]
 [ 6.29092223  7.00432611  1.71266355  6.43749793  1.68527231  2.25882829]
 [13.78553127  1.45619987  1.79493105  1.11038667  2.05404243  1.17748263]
 [ 1.86853836  3.52563117  1.9874858   6.13722367  2.18305796  1.44409852]
 [ 1.66976916 12.63122487  5.8476389   2.06450177  4.31846693  2.07370458]
 [15.95437387  1.88260503 15.85583039  4.65855708 11.31749696  1.72617496]
 [12.15234026 12.68649654 16.5923354   6.50339195  4.9635461   3.06528563]
 [12.42089625  5.29180781 17.92513409  1.28283344  4.36224892  1.83640177]
 [ 1.7791276  12.87488526  1.05228392  1.5758389   2.72988042  1.93261945]
 [ 3.2893212   2.74252974  4.41774001  4.57889457  1.98827239  2.98762897]]
Rv: [[ 5.22404968  1.96943012  1.046709    1.19600044  1.08003906]
 [ 3.44069536  3.3525977   2.74733835  7.0377854   8.14740298]
 [18.57904993  1.4956483   8.44276404 11.94754229  4.72495124]
 [ 2.65980947  6.53140014 14.39180361  1.38344637  1.55721188]
 [ 1.88241085  4.40436503 16.44911857  3.63721757  1.78434859]
 [10.33408639  4.06020662  1.87399791 15.42083528  2.00811789]
 [ 7.58478711  3.44322805  1.53002052  1.39135166  6.8743669 ]
 [17.27840187 13.8321949  14.15706908  1.3875621   3.19713988]
 [12.59172654  1.12654456  4.16139851 11.75575561 17.74715647]
 [ 5.12578867  1.61820838 18.24207288 12.76006986  5.88037809]
 [ 1.0008568   2.38640606  3.42614892 18.32049673  2.96106007]
 [ 1.18385779 13.35183493  8.06386652  2.03902123  1.50788152]
 [ 2.52781941  1.53768535 12.5531483   4.71346524 17.44852551]
 [ 5.05460767  9.26595484  4.45712984  1.20948082 18.29014956]]