-------Running parameters--------
M = 5
N = 5
VR = 0.0
Vmin = 0.0
Vmax = 20.0
vStep = 0.01
repeats = 20
fileName = uniform_disorder_5_5
dist = uniform
fullOutput = False
use_graph = False
current_map = True
plot_current_map = False
dbg = False
output_folder = 2D_square_arrays_with_current_map_big_voltage_c_disorder
VG_avg = 0.0
VG_std = 0.0
C_avg = 1.0
C_std = 0.5
CG_avg = 10.0
CG_std = 0.0
R_avg = 10.0
R_std = 0.0
custom_rh = ""
custom_rv = ""
RG_avg = 1000.0
RG_std = 0.0
n0_avg = 0.0
n0_std = 0.0
Q0_avg = 0.0
Q0_std = 0.0
----Array Parameters-----
Rows: 5
Columns: 5
VG: [[0. 0. 0. 0. 0.]
 [0. 0. 0. 0. 0.]
 [0. 0. 0. 0. 0.]
 [0. 0. 0. 0. 0.]
 [0. 0. 0. 0. 0.]]
CG: [[10. 10. 10. 10. 10.]
 [10. 10. 10. 10. 10.]
 [10. 10. 10. 10. 10.]
 [10. 10. 10. 10. 10.]
 [10. 10. 10. 10. 10.]]
RG: [[1000. 1000. 1000. 1000. 1000.]
 [1000. 1000. 1000. 1000. 1000.]
 [1000. 1000. 1000. 1000. 1000.]
 [1000. 1000. 1000. 1000. 1000.]
 [1000. 1000. 1000. 1000. 1000.]]
Ch: [[0.66462104 0.80668344 1.34223798 1.38450473 0.50513574 0.68472201]
 [0.66585209 1.16900821 0.89612715 1.16968598 1.16430416 1.33031803]
 [0.58096833 1.34998265 1.10567262 1.06044613 1.16346    0.87185717]
 [1.05344518 0.80471092 1.35659736 1.29815117 0.98544255 0.88290546]
 [1.230839   0.84858233 1.16470897 1.27134403 0.74339766 0.92828437]]
Cv: [[0.         0.         0.         0.         0.        ]
 [0.82462029 1.10272372 0.66138795 1.08096933 0.97331037]
 [1.45302995 1.35804941 0.98218822 0.81852043 0.61684123]
 [0.89180971 1.22129098 0.87405435 0.54171906 0.62103071]
 [0.86133047 0.63027197 0.56641435 0.67229866 0.58313496]]
Rh: [[10. 10. 10. 10. 10. 10.]
 [10. 10. 10. 10. 10. 10.]
 [10. 10. 10. 10. 10. 10.]
 [10. 10. 10. 10. 10. 10.]
 [10. 10. 10. 10. 10. 10.]]
Rv: [[10. 10. 10. 10. 10.]
 [10. 10. 10. 10. 10.]
 [10. 10. 10. 10. 10.]
 [10. 10. 10. 10. 10.]]