-------Running parameters--------
T = 0.0
gap = 0
M = 10
N = 10
VR = 0.0
VU = 0.1
VD = -0.1
Vmin = 0.0
Vmax = 4.0
vStep = 0.01
vSym = False
repeats = 20
fileName = array_10_10_r_disorder_run_2
dist = exp
fullOutput = True
use_graph = False
current_map = True
plot_current_map = False
plot_binary_current_map = False
dbg = False
resume = False
sc = False
leaping = False
constQ = False
modifyR = False
output_folder = 2d_array_bgu_with_perp
params_path = 
VG_avg = 0.0
VG_std = 0.0
C_avg = 1.0
C_std = 0.0
CG_avg = 10.0
CG_std = 0.0
R_avg = 10.0
R_std = 9.0
custom_rh = ""
custom_rv = ""
custom_ch = ""
custom_cv = ""
RG_avg = 500.0
RG_std = 0.0
n0_avg = 0.0
n0_std = 0.0
Q0_avg = 0.0
Q0_std = 0.0
----Array Parameters-----
Rows: 10
Columns: 10
VG: [[0.]
 [0.]
 [0.]
 [0.]
 [0.]
 [0.]
 [0.]
 [0.]
 [0.]
 [0.]
 [0.]
 [0.]
 [0.]
 [0.]
 [0.]
 [0.]
 [0.]
 [0.]
 [0.]
 [0.]
 [0.]
 [0.]
 [0.]
 [0.]
 [0.]
 [0.]
 [0.]
 [0.]
 [0.]
 [0.]
 [0.]
 [0.]
 [0.]
 [0.]
 [0.]
 [0.]
 [0.]
 [0.]
 [0.]
 [0.]
 [0.]
 [0.]
 [0.]
 [0.]
 [0.]
 [0.]
 [0.]
 [0.]
 [0.]
 [0.]
 [0.]
 [0.]
 [0.]
 [0.]
 [0.]
 [0.]
 [0.]
 [0.]
 [0.]
 [0.]
 [0.]
 [0.]
 [0.]
 [0.]
 [0.]
 [0.]
 [0.]
 [0.]
 [0.]
 [0.]
 [0.]
 [0.]
 [0.]
 [0.]
 [0.]
 [0.]
 [0.]
 [0.]
 [0.]
 [0.]
 [0.]
 [0.]
 [0.]
 [0.]
 [0.]
 [0.]
 [0.]
 [0.]
 [0.]
 [0.]
 [0.]
 [0.]
 [0.]
 [0.]
 [0.]
 [0.]
 [0.]
 [0.]
 [0.]
 [0.]]
CG: [[10.]
 [10.]
 [10.]
 [10.]
 [10.]
 [10.]
 [10.]
 [10.]
 [10.]
 [10.]
 [10.]
 [10.]
 [10.]
 [10.]
 [10.]
 [10.]
 [10.]
 [10.]
 [10.]
 [10.]
 [10.]
 [10.]
 [10.]
 [10.]
 [10.]
 [10.]
 [10.]
 [10.]
 [10.]
 [10.]
 [10.]
 [10.]
 [10.]
 [10.]
 [10.]
 [10.]
 [10.]
 [10.]
 [10.]
 [10.]
 [10.]
 [10.]
 [10.]
 [10.]
 [10.]
 [10.]
 [10.]
 [10.]
 [10.]
 [10.]
 [10.]
 [10.]
 [10.]
 [10.]
 [10.]
 [10.]
 [10.]
 [10.]
 [10.]
 [10.]
 [10.]
 [10.]
 [10.]
 [10.]
 [10.]
 [10.]
 [10.]
 [10.]
 [10.]
 [10.]
 [10.]
 [10.]
 [10.]
 [10.]
 [10.]
 [10.]
 [10.]
 [10.]
 [10.]
 [10.]
 [10.]
 [10.]
 [10.]
 [10.]
 [10.]
 [10.]
 [10.]
 [10.]
 [10.]
 [10.]
 [10.]
 [10.]
 [10.]
 [10.]
 [10.]
 [10.]
 [10.]
 [10.]
 [10.]
 [10.]]
RG: [[500.]
 [500.]
 [500.]
 [500.]
 [500.]
 [500.]
 [500.]
 [500.]
 [500.]
 [500.]
 [500.]
 [500.]
 [500.]
 [500.]
 [500.]
 [500.]
 [500.]
 [500.]
 [500.]
 [500.]
 [500.]
 [500.]
 [500.]
 [500.]
 [500.]
 [500.]
 [500.]
 [500.]
 [500.]
 [500.]
 [500.]
 [500.]
 [500.]
 [500.]
 [500.]
 [500.]
 [500.]
 [500.]
 [500.]
 [500.]
 [500.]
 [500.]
 [500.]
 [500.]
 [500.]
 [500.]
 [500.]
 [500.]
 [500.]
 [500.]
 [500.]
 [500.]
 [500.]
 [500.]
 [500.]
 [500.]
 [500.]
 [500.]
 [500.]
 [500.]
 [500.]
 [500.]
 [500.]
 [500.]
 [500.]
 [500.]
 [500.]
 [500.]
 [500.]
 [500.]
 [500.]
 [500.]
 [500.]
 [500.]
 [500.]
 [500.]
 [500.]
 [500.]
 [500.]
 [500.]
 [500.]
 [500.]
 [500.]
 [500.]
 [500.]
 [500.]
 [500.]
 [500.]
 [500.]
 [500.]
 [500.]
 [500.]
 [500.]
 [500.]
 [500.]
 [500.]
 [500.]
 [500.]
 [500.]
 [500.]]
Ch: [[1. 1. 1. 1. 1. 1. 1. 1. 1. 1. 1.]
 [1. 1. 1. 1. 1. 1. 1. 1. 1. 1. 1.]
 [1. 1. 1. 1. 1. 1. 1. 1. 1. 1. 1.]
 [1. 1. 1. 1. 1. 1. 1. 1. 1. 1. 1.]
 [1. 1. 1. 1. 1. 1. 1. 1. 1. 1. 1.]
 [1. 1. 1. 1. 1. 1. 1. 1. 1. 1. 1.]
 [1. 1. 1. 1. 1. 1. 1. 1. 1. 1. 1.]
 [1. 1. 1. 1. 1. 1. 1. 1. 1. 1. 1.]
 [1. 1. 1. 1. 1. 1. 1. 1. 1. 1. 1.]
 [1. 1. 1. 1. 1. 1. 1. 1. 1. 1. 1.]]
Cv: [[1. 1. 1. 1. 1. 1. 1. 1. 1. 1.]
 [1. 1. 1. 1. 1. 1. 1. 1. 1. 1.]
 [1. 1. 1. 1. 1. 1. 1. 1. 1. 1.]
 [1. 1. 1. 1. 1. 1. 1. 1. 1. 1.]
 [1. 1. 1. 1. 1. 1. 1. 1. 1. 1.]
 [1. 1. 1. 1. 1. 1. 1. 1. 1. 1.]
 [1. 1. 1. 1. 1. 1. 1. 1. 1. 1.]
 [1. 1. 1. 1. 1. 1. 1. 1. 1. 1.]
 [1. 1. 1. 1. 1. 1. 1. 1. 1. 1.]
 [1. 1. 1. 1. 1. 1. 1. 1. 1. 1.]
 [1. 1. 1. 1. 1. 1. 1. 1. 1. 1.]]
Rh: [[ 2.13930129  2.43063255  4.57255739  1.071676   18.3820751   1.85737166
   3.89796133  5.21107484  2.25907405 11.51686423 16.76841979]
 [ 9.70874139 14.48672951  5.23147402  4.37559965  9.62190769  3.7525799
   8.89177342  9.69285904  4.74161056 12.76822478  4.06512668]
 [ 1.68130442  2.69950811  8.85677315 12.89828853  1.36832584  2.32644461
   1.09972315  2.9502462   1.17899174 14.61977009 11.09565687]
 [ 1.09292181 18.65592873 15.36816004  1.19361707 13.11408674  2.99737473
   1.96021881 11.74316801  1.30206287 16.04638522  2.06463301]
 [ 1.01923728 13.24880431 15.48945154  7.96075132 14.25161424  2.17160099
   1.92082068  3.02829341  7.30766747  1.76570663  1.02339949]
 [ 1.77813056  2.99050967 13.39987181  1.22359831  6.98230342 18.0209229
   4.90348505  1.6887216   3.29953674  2.70765631  4.52785713]
 [ 1.53609419  1.06290578  4.26616195  9.53355392  4.83213142  8.01617352
   1.13812782  8.7979507  11.55643081  6.3096519   2.32382177]
 [ 6.66395231  3.33213299 17.3262914   1.87697035  1.1703965   7.54139056
  11.82472935  4.17954315  4.60419222  6.00621015  6.35900847]
 [ 1.05491456  8.12275726 10.652666    4.75278092  1.18777934  8.78718645
   9.60923874 10.40283492  2.12453147  9.76284861 10.58179814]
 [ 5.65034618  1.21473623 10.82239842  5.27744755  5.56350198  2.78554905
  12.82646232  5.94145627 10.78368689  9.82537941  6.83147288]]
Rv: [[ 2.32812623  9.39580143  2.98533221  8.61771777  7.38501835 18.6354458
   3.77889889  3.2622927   1.36209196 12.02924338]
 [ 4.9413182   6.01177783  6.32417244  6.35555918 17.82132334  2.36012284
   1.19562534  1.97057444  1.04273609  3.16276004]
 [ 1.61299004 14.80775817  2.29262758 10.94320448  3.60776825  2.85627208
   1.01146984  6.34953979 14.907816    5.78232646]
 [ 1.37741795  1.71787571  3.41320476  1.92764765 16.13655412  9.55786788
   8.60237792  9.53637275 14.67235331  4.92443577]
 [ 2.05025901 10.44445329  2.17962835  7.03893898  4.83095206  3.27956423
   2.4796007   1.64147899  1.43587823  3.61897177]
 [13.87082943 16.42248385  1.48655226  2.68836097  1.2703182   2.37869441
   4.94585835  7.00223481  3.3463127   2.51746298]
 [10.28526485  2.73187681  3.67878965 18.48612934  1.92752862  1.04834788
   3.01826331 14.17718496  7.73966663  4.73030904]
 [ 2.20831376  2.85804133  9.20571067  8.98115206  5.5361634   4.42565991
   3.05321735  5.59594091  4.18031329  4.06069347]
 [ 3.1064984   8.99871734 17.32659497 10.61048972  9.98824558 17.58492591
   9.47797401  6.72137287  2.22834822  7.80562544]
 [ 1.36406223  1.80687548 13.25760056 17.43412015 12.13262321  2.74457767
  13.34784383  3.91211103  2.92379986  7.62207947]
 [ 6.77127802  6.08352777  1.71914379 10.10039423  4.28256854  5.78667253
  13.98864994  7.98786472  9.83522131  2.20698878]]