-------Running parameters--------
T = 0.0
gap = 0
M = 10
N = 10
VR = 0.0
VU = 0.1
VD = -0.1
Vmin = 0.0
Vmax = 4.0
vStep = 0.01
vSym = False
repeats = 20
fileName = array_10_10_r_cg_c_disorder_run_1
dist = exp
fullOutput = True
use_graph = False
current_map = True
plot_current_map = False
plot_binary_current_map = False
dbg = False
resume = False
sc = False
leaping = False
constQ = False
modifyR = False
output_folder = 2d_array_bgu_with_perp
params_path = 
VG_avg = 0.0
VG_std = 0.0
C_avg = 1.0
C_std = 0.7
CG_avg = 10.0
CG_std = 5.0
R_avg = 10.0
R_std = 9.0
custom_rh = ""
custom_rv = ""
custom_ch = ""
custom_cv = ""
RG_avg = 500.0
RG_std = 0.0
n0_avg = 0.0
n0_std = 0.0
Q0_avg = 0.0
Q0_std = 0.0
----Array Parameters-----
Rows: 10
Columns: 10
VG: [[0.]
 [0.]
 [0.]
 [0.]
 [0.]
 [0.]
 [0.]
 [0.]
 [0.]
 [0.]
 [0.]
 [0.]
 [0.]
 [0.]
 [0.]
 [0.]
 [0.]
 [0.]
 [0.]
 [0.]
 [0.]
 [0.]
 [0.]
 [0.]
 [0.]
 [0.]
 [0.]
 [0.]
 [0.]
 [0.]
 [0.]
 [0.]
 [0.]
 [0.]
 [0.]
 [0.]
 [0.]
 [0.]
 [0.]
 [0.]
 [0.]
 [0.]
 [0.]
 [0.]
 [0.]
 [0.]
 [0.]
 [0.]
 [0.]
 [0.]
 [0.]
 [0.]
 [0.]
 [0.]
 [0.]
 [0.]
 [0.]
 [0.]
 [0.]
 [0.]
 [0.]
 [0.]
 [0.]
 [0.]
 [0.]
 [0.]
 [0.]
 [0.]
 [0.]
 [0.]
 [0.]
 [0.]
 [0.]
 [0.]
 [0.]
 [0.]
 [0.]
 [0.]
 [0.]
 [0.]
 [0.]
 [0.]
 [0.]
 [0.]
 [0.]
 [0.]
 [0.]
 [0.]
 [0.]
 [0.]
 [0.]
 [0.]
 [0.]
 [0.]
 [0.]
 [0.]
 [0.]
 [0.]
 [0.]
 [0.]]
CG: [[ 7.80944819]
 [ 6.92100496]
 [12.70573176]
 [ 5.2146819 ]
 [ 6.68781908]
 [13.98472549]
 [11.41350403]
 [ 7.85721507]
 [12.72929396]
 [ 8.42321349]
 [ 7.53900094]
 [ 7.760867  ]
 [ 5.48795624]
 [ 5.92499863]
 [10.12931495]
 [ 5.50851902]
 [11.63767407]
 [10.30980593]
 [ 5.1303985 ]
 [12.67946947]
 [ 5.96025434]
 [10.93906646]
 [ 9.1180387 ]
 [11.6685389 ]
 [ 5.20642795]
 [10.11144635]
 [ 6.12811127]
 [ 6.09787189]
 [ 6.61251472]
 [ 7.24156811]
 [ 9.64481575]
 [ 6.65133479]
 [12.37061778]
 [12.74358461]
 [ 7.84373262]
 [ 5.3843026 ]
 [ 7.1869784 ]
 [ 6.8813282 ]
 [ 7.18669971]
 [ 5.97501932]
 [ 6.89383871]
 [ 7.23859562]
 [14.86562326]
 [14.70321697]
 [13.40264544]
 [ 7.6322422 ]
 [ 9.1701541 ]
 [11.92507022]
 [11.24375668]
 [ 6.7009672 ]
 [ 9.78366411]
 [12.92462896]
 [ 9.52266478]
 [ 5.83769202]
 [13.33018616]
 [ 5.59454397]
 [ 7.59279274]
 [10.83103341]
 [ 7.5525109 ]
 [13.48157153]
 [11.50165903]
 [13.67199017]
 [ 8.42003618]
 [ 6.40577587]
 [13.85669932]
 [ 5.83502319]
 [ 5.62906427]
 [ 6.81013615]
 [ 5.71789871]
 [ 8.7783281 ]
 [10.47132348]
 [10.50390186]
 [ 9.32581145]
 [ 6.33665767]
 [ 6.36443607]
 [11.29630968]
 [ 8.53001552]
 [14.72440093]
 [ 6.31261759]
 [ 6.64351966]
 [ 6.57849051]
 [ 7.65079663]
 [11.69832854]
 [ 9.88488549]
 [ 5.45939672]
 [13.29891939]
 [13.04006007]
 [ 6.00478625]
 [ 6.44824308]
 [13.12871952]
 [ 9.94327759]
 [ 6.46961625]
 [10.14639066]
 [11.27949762]
 [ 8.03413624]
 [11.51868674]
 [13.35876712]
 [ 6.55611989]
 [ 7.61629099]
 [ 7.5300297 ]]
RG: [[500.]
 [500.]
 [500.]
 [500.]
 [500.]
 [500.]
 [500.]
 [500.]
 [500.]
 [500.]
 [500.]
 [500.]
 [500.]
 [500.]
 [500.]
 [500.]
 [500.]
 [500.]
 [500.]
 [500.]
 [500.]
 [500.]
 [500.]
 [500.]
 [500.]
 [500.]
 [500.]
 [500.]
 [500.]
 [500.]
 [500.]
 [500.]
 [500.]
 [500.]
 [500.]
 [500.]
 [500.]
 [500.]
 [500.]
 [500.]
 [500.]
 [500.]
 [500.]
 [500.]
 [500.]
 [500.]
 [500.]
 [500.]
 [500.]
 [500.]
 [500.]
 [500.]
 [500.]
 [500.]
 [500.]
 [500.]
 [500.]
 [500.]
 [500.]
 [500.]
 [500.]
 [500.]
 [500.]
 [500.]
 [500.]
 [500.]
 [500.]
 [500.]
 [500.]
 [500.]
 [500.]
 [500.]
 [500.]
 [500.]
 [500.]
 [500.]
 [500.]
 [500.]
 [500.]
 [500.]
 [500.]
 [500.]
 [500.]
 [500.]
 [500.]
 [500.]
 [500.]
 [500.]
 [500.]
 [500.]
 [500.]
 [500.]
 [500.]
 [500.]
 [500.]
 [500.]
 [500.]
 [500.]
 [500.]
 [500.]]
Ch: [[0.71070222 0.535963   1.17476066 1.50110066 1.37119815 1.32100984
  1.68372036 0.49024352 1.56511265 1.06646886 1.69447426]
 [1.00156667 1.52719401 1.39971747 1.61429815 0.42690213 0.54113221
  0.3983015  0.30378532 1.35657375 0.31429538 0.3699268 ]
 [0.79991622 1.33020654 0.42440633 1.39422101 1.32445885 0.31919545
  0.53744168 0.33133359 1.14965017 0.79246507 1.20414272]
 [0.50546826 1.27300729 1.26375004 0.33823485 1.05846034 1.63005003
  0.87829681 1.05501629 0.33290504 0.32756422 0.84232767]
 [0.30273481 0.45753723 1.1845351  0.5818315  0.6999069  0.87746277
  0.5858793  0.9701413  0.37451668 0.63169198 0.92747354]
 [0.45869978 0.78442598 0.98807084 1.13386292 0.81919338 0.53165162
  1.66004372 0.30554846 0.37989755 0.69261654 1.16507478]
 [0.67782507 1.59391928 0.33128298 0.71281296 1.14761744 0.99545118
  0.45402181 0.64060529 0.93667933 0.61558036 0.31519259]
 [0.3470614  0.39233158 0.64234626 1.27968171 0.48085046 0.96617283
  0.90153333 0.84006476 1.38903722 1.56798028 0.69552203]
 [0.76456242 0.86151035 0.7541721  0.77724841 0.44443769 0.5926272
  0.51566259 1.14877774 0.30426689 0.34895477 0.55309623]
 [1.43758763 0.33773416 0.54424634 0.49750778 0.31368459 1.4321827
  0.37311455 1.13267413 0.60355921 0.5436199  0.47047798]]
Cv: [[0.64409565 0.4603202  0.97263766 0.57969358 1.22154302 0.47537112
  0.71890063 0.87423902 0.82902773 1.41737264]
 [1.47852138 0.68129068 0.87251193 0.72568037 0.40048822 1.11365036
  1.66263814 1.49262223 1.16251795 0.80173989]
 [0.9890957  0.30082496 0.92939299 0.44108717 1.54377103 1.31879553
  1.16411173 1.68183812 0.75750725 0.90851022]
 [0.82301289 0.30403945 0.47631931 1.04561102 0.71239735 1.1625211
  0.31969289 1.35873764 1.06813493 0.43621165]
 [1.57577054 1.14727532 0.30816178 0.32173788 0.48057512 0.40852277
  0.4258858  0.64220036 0.87968337 1.09049167]
 [0.56803034 1.08010881 0.3361109  0.69149868 1.07115795 0.43653081
  0.9728524  0.91547662 1.58631771 0.37687324]
 [0.30170839 0.63413443 0.70643907 0.49185957 0.96761288 0.30740906
  0.839959   1.22545703 0.69036898 0.51065276]
 [1.01283848 0.83618407 0.82525241 0.7959543  0.52171532 0.92999322
  0.57709001 1.04419065 1.33208032 0.69757953]
 [0.89389196 0.47488215 0.39947922 0.5755503  0.64639364 0.34667181
  0.95756068 0.6918196  0.59809316 0.72947591]
 [0.46253615 0.69886576 1.43779408 0.93421041 0.38561057 0.60791823
  0.4149143  1.15779533 0.47068872 0.45963102]
 [1.63292303 1.40620287 0.7924306  0.417671   0.86294455 0.78247327
  0.65326164 0.71866332 0.35254947 0.65433746]]
Rh: [[ 7.54397718  1.18180076  3.35373023  1.96578628 14.89364096  6.70356212
  17.12010617  1.45242104 16.28237027 13.32075268  1.98151338]
 [ 2.85732993  1.82721737  6.22206369  3.02575734  2.24030896  6.12975785
   7.23095795  1.05060334 10.526838   14.45368056  8.70480084]
 [ 1.5730976   9.58534459  1.02731964  2.56288346  2.0021055   9.94898061
  11.07261856  1.32695774 18.66142896 13.99880315  6.10212667]
 [ 1.36144467 16.7687619   7.37638226  1.51249747  4.74302787 15.23214021
   2.07545379  6.81792482  9.4180234   1.54902384  5.48113243]
 [ 1.55890543  5.01167966  3.19417336 11.05063391 12.84326851 16.17642466
   3.942126    6.50879794 11.24881895  2.10498307  1.73023708]
 [ 4.48175026  3.31369659  2.82967224  8.95483829  6.84105904  1.74299065
   1.96236981  3.76230718 14.0618406   2.83951031  2.83790245]
 [ 9.70944875  4.02004301  2.37607182  7.89553171  5.03749594  1.49929481
   6.87826912  2.95192758  3.50907159  7.75460024  3.89324175]
 [ 5.13856628 12.78428171  8.66293287  6.26594865  5.13722636  5.68464925
   1.10752445  1.14371964  3.02737162  1.16668246  1.40146677]
 [ 2.66073196  7.45902982  5.57659829 16.36864629 15.31553258  4.44136239
   9.98330814  4.20780012 14.39614193 18.37951266 13.43762173]
 [11.04532293 12.65303145  1.49872482  1.04939402  1.45466436  5.19241178
   2.95833062  3.60280239 10.24788724  4.20586832  8.91910299]]
Rv: [[ 2.90483579  8.72859777  7.60129406 14.7869483   1.18963825  3.49667311
   8.91282933  5.05265529  4.84514101  2.31382586]
 [ 4.61794777  2.05897868  4.14704301  5.38069615  1.38551311  2.97772717
   2.48740214 11.49220463 13.99698354  8.04917838]
 [ 5.06834452 13.30509543  1.15029491  4.90459769 15.15526232  5.86677534
   6.02173923  1.15658399  1.78717008  3.82948711]
 [ 7.06395598  2.01774529  7.41318707  1.46442524  5.28863982  4.33641345
   2.22928076  6.45437318  2.42321586  7.9089572 ]
 [ 3.48195492  3.53099025  1.04920021  9.77484557  1.30559364  7.72161169
   2.5742324  16.18163732  1.24634236  9.35556269]
 [ 4.75118895  5.05623941  1.02702175  3.59354771 17.55148776  5.55070636
   2.19299901  5.02179967  1.96948698  6.56472838]
 [ 3.20321076  1.86434671  1.22339748  2.50813801  3.411461    1.74388715
   4.88718786  3.40580115  1.04939497  1.14668806]
 [ 5.12363952  1.20461133  3.91113251  2.25644487  1.03502484  8.16972164
   5.43078728 18.84416591  5.97143773  3.19409323]
 [ 1.05263449  6.16977622 13.66453529  2.95746619  3.61844357 11.38447067
   1.47301837  1.70919798  3.45132442  2.19116164]
 [ 4.382507    5.60266767  4.92190347  2.53822346  8.88519046  3.94166708
  15.04048657 16.88282767  4.3404811   1.04796814]
 [ 1.2003154   1.90704273  3.61197802 18.68658732  1.470515   13.98978309
   9.57499079  1.74650989  9.3910975   2.34169329]]