-------Running parameters--------
T = 0.0
gap = 0
M = 10
N = 10
VR = 0.0
VU = 0.1
VD = -0.1
Vmin = 0.0
Vmax = 4.0
vStep = 0.01
vSym = False
repeats = 20
fileName = array_10_10_c_disorder_run_2
dist = exp
fullOutput = True
use_graph = False
current_map = True
plot_current_map = False
plot_binary_current_map = False
dbg = False
resume = False
sc = False
leaping = False
constQ = False
modifyR = False
output_folder = 2d_array_bgu_with_perp
params_path = 
VG_avg = 0.0
VG_std = 0.0
C_avg = 1.0
C_std = 0.7
CG_avg = 10.0
CG_std = 0.0
R_avg = 10.0
R_std = 0.0
custom_rh = ""
custom_rv = ""
custom_ch = ""
custom_cv = ""
RG_avg = 500.0
RG_std = 0.0
n0_avg = 0.0
n0_std = 0.0
Q0_avg = 0.0
Q0_std = 0.0
----Array Parameters-----
Rows: 10
Columns: 10
VG: [[0.]
 [0.]
 [0.]
 [0.]
 [0.]
 [0.]
 [0.]
 [0.]
 [0.]
 [0.]
 [0.]
 [0.]
 [0.]
 [0.]
 [0.]
 [0.]
 [0.]
 [0.]
 [0.]
 [0.]
 [0.]
 [0.]
 [0.]
 [0.]
 [0.]
 [0.]
 [0.]
 [0.]
 [0.]
 [0.]
 [0.]
 [0.]
 [0.]
 [0.]
 [0.]
 [0.]
 [0.]
 [0.]
 [0.]
 [0.]
 [0.]
 [0.]
 [0.]
 [0.]
 [0.]
 [0.]
 [0.]
 [0.]
 [0.]
 [0.]
 [0.]
 [0.]
 [0.]
 [0.]
 [0.]
 [0.]
 [0.]
 [0.]
 [0.]
 [0.]
 [0.]
 [0.]
 [0.]
 [0.]
 [0.]
 [0.]
 [0.]
 [0.]
 [0.]
 [0.]
 [0.]
 [0.]
 [0.]
 [0.]
 [0.]
 [0.]
 [0.]
 [0.]
 [0.]
 [0.]
 [0.]
 [0.]
 [0.]
 [0.]
 [0.]
 [0.]
 [0.]
 [0.]
 [0.]
 [0.]
 [0.]
 [0.]
 [0.]
 [0.]
 [0.]
 [0.]
 [0.]
 [0.]
 [0.]
 [0.]]
CG: [[10.]
 [10.]
 [10.]
 [10.]
 [10.]
 [10.]
 [10.]
 [10.]
 [10.]
 [10.]
 [10.]
 [10.]
 [10.]
 [10.]
 [10.]
 [10.]
 [10.]
 [10.]
 [10.]
 [10.]
 [10.]
 [10.]
 [10.]
 [10.]
 [10.]
 [10.]
 [10.]
 [10.]
 [10.]
 [10.]
 [10.]
 [10.]
 [10.]
 [10.]
 [10.]
 [10.]
 [10.]
 [10.]
 [10.]
 [10.]
 [10.]
 [10.]
 [10.]
 [10.]
 [10.]
 [10.]
 [10.]
 [10.]
 [10.]
 [10.]
 [10.]
 [10.]
 [10.]
 [10.]
 [10.]
 [10.]
 [10.]
 [10.]
 [10.]
 [10.]
 [10.]
 [10.]
 [10.]
 [10.]
 [10.]
 [10.]
 [10.]
 [10.]
 [10.]
 [10.]
 [10.]
 [10.]
 [10.]
 [10.]
 [10.]
 [10.]
 [10.]
 [10.]
 [10.]
 [10.]
 [10.]
 [10.]
 [10.]
 [10.]
 [10.]
 [10.]
 [10.]
 [10.]
 [10.]
 [10.]
 [10.]
 [10.]
 [10.]
 [10.]
 [10.]
 [10.]
 [10.]
 [10.]
 [10.]
 [10.]]
RG: [[500.]
 [500.]
 [500.]
 [500.]
 [500.]
 [500.]
 [500.]
 [500.]
 [500.]
 [500.]
 [500.]
 [500.]
 [500.]
 [500.]
 [500.]
 [500.]
 [500.]
 [500.]
 [500.]
 [500.]
 [500.]
 [500.]
 [500.]
 [500.]
 [500.]
 [500.]
 [500.]
 [500.]
 [500.]
 [500.]
 [500.]
 [500.]
 [500.]
 [500.]
 [500.]
 [500.]
 [500.]
 [500.]
 [500.]
 [500.]
 [500.]
 [500.]
 [500.]
 [500.]
 [500.]
 [500.]
 [500.]
 [500.]
 [500.]
 [500.]
 [500.]
 [500.]
 [500.]
 [500.]
 [500.]
 [500.]
 [500.]
 [500.]
 [500.]
 [500.]
 [500.]
 [500.]
 [500.]
 [500.]
 [500.]
 [500.]
 [500.]
 [500.]
 [500.]
 [500.]
 [500.]
 [500.]
 [500.]
 [500.]
 [500.]
 [500.]
 [500.]
 [500.]
 [500.]
 [500.]
 [500.]
 [500.]
 [500.]
 [500.]
 [500.]
 [500.]
 [500.]
 [500.]
 [500.]
 [500.]
 [500.]
 [500.]
 [500.]
 [500.]
 [500.]
 [500.]
 [500.]
 [500.]
 [500.]
 [500.]]
Ch: [[1.23545456 0.95390329 0.93194733 0.5300246  0.66228577 0.87680353
  0.6797915  1.46490535 0.35473614 1.19459223 1.18502561]
 [0.96183812 0.41105802 0.53055222 0.61572104 0.75872816 1.23427698
  0.62351703 1.23154991 1.21660648 0.56706374 0.68327038]
 [0.51594163 0.96661291 0.75518295 0.60395092 0.46570184 0.65055746
  1.05368051 0.55390154 0.32243845 0.56664558 0.32384874]
 [0.42804296 0.97783269 0.3122315  0.68198695 0.91286922 0.39273124
  0.36061358 1.22601049 1.54861766 0.62250287 1.00487046]
 [0.52680536 0.37640387 0.87937034 0.39000771 1.40072394 0.98123513
  0.54283112 0.69186122 1.58737815 0.45549363 0.6914282 ]
 [1.63706757 0.48153303 1.02252908 0.47142999 0.58590059 1.18983889
  0.33547574 1.39109273 0.46763195 0.56968153 0.53186245]
 [0.62361725 0.4185883  1.27852322 0.8429728  0.37522307 0.30679474
  0.77916242 0.44933507 0.4651478  0.47132046 0.54702336]
 [1.51231796 1.28851017 0.34512802 1.11977708 0.36577463 0.80846805
  1.40659103 1.50730611 0.83200939 0.68539986 1.47526218]
 [0.37659409 0.46929963 1.1125403  0.757767   0.71729222 1.24735914
  0.58776185 0.82281194 0.89277122 1.69299962 0.40109953]
 [0.75256784 0.53373846 0.34478119 0.42265948 0.83342403 0.72437234
  1.60530997 0.36579509 0.9845266  1.09634987 1.6703163 ]]
Cv: [[0.88955695 0.52441215 1.52278387 0.35794516 0.40446699 0.81024901
  0.62299914 0.6371495  1.52162422 0.50675505]
 [1.12728472 0.44337308 0.73978934 0.43088223 0.64406531 0.61124849
  0.91030651 1.07414379 0.6668911  1.54035069]
 [1.06767974 1.219292   0.64040238 0.57122287 1.66101098 0.33305589
  0.63557143 0.40634011 0.42604314 0.40157583]
 [0.52602362 1.12411246 0.92266643 0.93122536 0.31485999 0.9900744
  0.45178616 1.57217364 0.55703488 0.44459344]
 [1.07285413 0.34526239 0.83994338 0.94456083 1.1684285  0.83814475
  0.41779501 0.82864013 0.62421158 0.75108852]
 [0.40325083 1.4176333  0.57416901 0.40027145 0.45498294 1.63011055
  0.34091513 0.52455087 0.47047098 0.35725913]
 [1.03862933 0.81821445 0.54189696 1.4598867  0.39055314 0.33597615
  0.59909236 0.42387748 1.33127352 1.09244878]
 [1.46214021 0.6563109  0.54167122 0.62784486 0.53427851 0.37192057
  0.50068696 0.41472846 0.73426205 0.4760849 ]
 [1.61704299 0.30884271 0.63905648 0.90673228 0.37539332 1.34797368
  0.68448253 1.07984849 1.02309834 0.67475499]
 [0.9480566  1.20283922 1.06520649 1.41624435 0.36188223 0.45310262
  0.35363142 0.83440192 1.21888626 0.55313784]
 [1.11506412 0.32671468 0.33626054 0.49953636 1.54076623 1.04894006
  0.55465574 0.72933091 0.30378915 0.6784933 ]]
Rh: [[10. 10. 10. 10. 10. 10. 10. 10. 10. 10. 10.]
 [10. 10. 10. 10. 10. 10. 10. 10. 10. 10. 10.]
 [10. 10. 10. 10. 10. 10. 10. 10. 10. 10. 10.]
 [10. 10. 10. 10. 10. 10. 10. 10. 10. 10. 10.]
 [10. 10. 10. 10. 10. 10. 10. 10. 10. 10. 10.]
 [10. 10. 10. 10. 10. 10. 10. 10. 10. 10. 10.]
 [10. 10. 10. 10. 10. 10. 10. 10. 10. 10. 10.]
 [10. 10. 10. 10. 10. 10. 10. 10. 10. 10. 10.]
 [10. 10. 10. 10. 10. 10. 10. 10. 10. 10. 10.]
 [10. 10. 10. 10. 10. 10. 10. 10. 10. 10. 10.]]
Rv: [[10. 10. 10. 10. 10. 10. 10. 10. 10. 10.]
 [10. 10. 10. 10. 10. 10. 10. 10. 10. 10.]
 [10. 10. 10. 10. 10. 10. 10. 10. 10. 10.]
 [10. 10. 10. 10. 10. 10. 10. 10. 10. 10.]
 [10. 10. 10. 10. 10. 10. 10. 10. 10. 10.]
 [10. 10. 10. 10. 10. 10. 10. 10. 10. 10.]
 [10. 10. 10. 10. 10. 10. 10. 10. 10. 10.]
 [10. 10. 10. 10. 10. 10. 10. 10. 10. 10.]
 [10. 10. 10. 10. 10. 10. 10. 10. 10. 10.]
 [10. 10. 10. 10. 10. 10. 10. 10. 10. 10.]
 [10. 10. 10. 10. 10. 10. 10. 10. 10. 10.]]