-------Running parameters--------
T = 0.0
gap = 0
M = 10
N = 10
VR = 0.0
VU = 0.1
VD = -0.1
Vmin = 0.0
Vmax = 4.0
vStep = 0.01
vSym = False
repeats = 20
fileName = array_10_10_r_c_disorder_run_2
dist = exp
fullOutput = True
use_graph = False
current_map = True
plot_current_map = False
plot_binary_current_map = False
dbg = False
resume = False
sc = False
leaping = False
constQ = False
modifyR = False
output_folder = 2d_array_bgu_with_perp
params_path = 
VG_avg = 0.0
VG_std = 0.0
C_avg = 1.0
C_std = 0.7
CG_avg = 10.0
CG_std = 0.0
R_avg = 10.0
R_std = 9.0
custom_rh = ""
custom_rv = ""
custom_ch = ""
custom_cv = ""
RG_avg = 500.0
RG_std = 0.0
n0_avg = 0.0
n0_std = 0.0
Q0_avg = 0.0
Q0_std = 0.0
----Array Parameters-----
Rows: 10
Columns: 10
VG: [[0.]
 [0.]
 [0.]
 [0.]
 [0.]
 [0.]
 [0.]
 [0.]
 [0.]
 [0.]
 [0.]
 [0.]
 [0.]
 [0.]
 [0.]
 [0.]
 [0.]
 [0.]
 [0.]
 [0.]
 [0.]
 [0.]
 [0.]
 [0.]
 [0.]
 [0.]
 [0.]
 [0.]
 [0.]
 [0.]
 [0.]
 [0.]
 [0.]
 [0.]
 [0.]
 [0.]
 [0.]
 [0.]
 [0.]
 [0.]
 [0.]
 [0.]
 [0.]
 [0.]
 [0.]
 [0.]
 [0.]
 [0.]
 [0.]
 [0.]
 [0.]
 [0.]
 [0.]
 [0.]
 [0.]
 [0.]
 [0.]
 [0.]
 [0.]
 [0.]
 [0.]
 [0.]
 [0.]
 [0.]
 [0.]
 [0.]
 [0.]
 [0.]
 [0.]
 [0.]
 [0.]
 [0.]
 [0.]
 [0.]
 [0.]
 [0.]
 [0.]
 [0.]
 [0.]
 [0.]
 [0.]
 [0.]
 [0.]
 [0.]
 [0.]
 [0.]
 [0.]
 [0.]
 [0.]
 [0.]
 [0.]
 [0.]
 [0.]
 [0.]
 [0.]
 [0.]
 [0.]
 [0.]
 [0.]
 [0.]]
CG: [[10.]
 [10.]
 [10.]
 [10.]
 [10.]
 [10.]
 [10.]
 [10.]
 [10.]
 [10.]
 [10.]
 [10.]
 [10.]
 [10.]
 [10.]
 [10.]
 [10.]
 [10.]
 [10.]
 [10.]
 [10.]
 [10.]
 [10.]
 [10.]
 [10.]
 [10.]
 [10.]
 [10.]
 [10.]
 [10.]
 [10.]
 [10.]
 [10.]
 [10.]
 [10.]
 [10.]
 [10.]
 [10.]
 [10.]
 [10.]
 [10.]
 [10.]
 [10.]
 [10.]
 [10.]
 [10.]
 [10.]
 [10.]
 [10.]
 [10.]
 [10.]
 [10.]
 [10.]
 [10.]
 [10.]
 [10.]
 [10.]
 [10.]
 [10.]
 [10.]
 [10.]
 [10.]
 [10.]
 [10.]
 [10.]
 [10.]
 [10.]
 [10.]
 [10.]
 [10.]
 [10.]
 [10.]
 [10.]
 [10.]
 [10.]
 [10.]
 [10.]
 [10.]
 [10.]
 [10.]
 [10.]
 [10.]
 [10.]
 [10.]
 [10.]
 [10.]
 [10.]
 [10.]
 [10.]
 [10.]
 [10.]
 [10.]
 [10.]
 [10.]
 [10.]
 [10.]
 [10.]
 [10.]
 [10.]
 [10.]]
RG: [[500.]
 [500.]
 [500.]
 [500.]
 [500.]
 [500.]
 [500.]
 [500.]
 [500.]
 [500.]
 [500.]
 [500.]
 [500.]
 [500.]
 [500.]
 [500.]
 [500.]
 [500.]
 [500.]
 [500.]
 [500.]
 [500.]
 [500.]
 [500.]
 [500.]
 [500.]
 [500.]
 [500.]
 [500.]
 [500.]
 [500.]
 [500.]
 [500.]
 [500.]
 [500.]
 [500.]
 [500.]
 [500.]
 [500.]
 [500.]
 [500.]
 [500.]
 [500.]
 [500.]
 [500.]
 [500.]
 [500.]
 [500.]
 [500.]
 [500.]
 [500.]
 [500.]
 [500.]
 [500.]
 [500.]
 [500.]
 [500.]
 [500.]
 [500.]
 [500.]
 [500.]
 [500.]
 [500.]
 [500.]
 [500.]
 [500.]
 [500.]
 [500.]
 [500.]
 [500.]
 [500.]
 [500.]
 [500.]
 [500.]
 [500.]
 [500.]
 [500.]
 [500.]
 [500.]
 [500.]
 [500.]
 [500.]
 [500.]
 [500.]
 [500.]
 [500.]
 [500.]
 [500.]
 [500.]
 [500.]
 [500.]
 [500.]
 [500.]
 [500.]
 [500.]
 [500.]
 [500.]
 [500.]
 [500.]
 [500.]]
Ch: [[0.83589991 0.47726008 0.32738027 0.42255936 1.04017143 0.4561283
  0.97552288 0.33706378 1.38565989 0.37630763 1.49755516]
 [0.57536511 1.6749526  0.93517262 0.45175169 1.00883511 0.50790113
  0.53728409 1.55418389 0.37191421 0.49613407 1.59205615]
 [0.32521145 0.69987642 0.83475417 1.41874297 0.81972533 1.17915829
  0.34660939 0.501622   0.30930558 0.33131686 1.14264204]
 [0.98355797 1.07906621 1.33127798 0.82068107 0.6568073  1.39176468
  1.25519507 0.35794149 0.53961642 0.53299436 0.88623061]
 [0.66108163 0.50908925 1.68437407 0.57316827 0.79774512 0.45334684
  0.80912566 0.56016548 0.33617476 0.3141539  0.93052411]
 [0.3330881  0.33733247 1.38728848 0.75530271 1.07784327 0.61404494
  0.94517099 0.60689627 0.74141299 0.49652738 0.36298137]
 [1.2188443  1.16695951 0.81991463 0.33799506 0.54272807 1.05916781
  0.98807625 1.64484447 0.41523771 0.59156737 0.33392222]
 [0.42557587 1.42427287 1.00624065 0.75419629 0.79116547 1.56166274
  0.94652038 1.09350986 0.43168789 0.70983873 0.41350703]
 [1.12078306 0.52755735 1.63389557 0.75288564 0.32343568 0.62518388
  0.74488931 1.41406262 0.76246013 0.59050276 0.532307  ]
 [1.48363965 0.94925142 0.54298981 1.04482277 0.54701456 0.44277506
  0.39630201 0.47813944 0.98402614 1.49256539 1.12609448]]
Cv: [[0.63575493 0.49071737 0.97523171 0.33400747 1.15871948 0.98074267
  0.35237217 1.22119866 0.68905726 0.33991855]
 [1.02348546 0.32814514 0.33991362 0.622085   0.38638678 0.92862712
  0.38163276 0.45814236 0.88416388 1.11657844]
 [0.89388852 0.50358281 1.21284162 0.82564158 0.48087438 1.6568326
  0.486979   0.87004981 0.47770374 0.55886039]
 [1.10803898 0.39236678 1.17908455 1.26456914 0.85483826 0.56727781
  1.5913984  1.02890363 0.6717547  0.34765388]
 [0.85598011 0.86049547 0.76887003 0.48573984 1.616187   0.44146442
  0.62261967 1.23889695 0.40726021 1.03254336]
 [1.68327075 0.56073187 0.30901071 1.69336013 0.78431658 0.43687412
  1.61499557 0.71398792 1.14298038 0.70104472]
 [0.48712062 1.32913966 0.58139205 0.60127741 0.9247077  1.03343377
  0.41339562 1.00787655 0.38353639 0.73641489]
 [1.18265116 0.62503769 0.97981638 0.5776132  0.33296727 1.09118541
  1.3978356  0.99323852 0.53456843 1.13745295]
 [0.38346887 0.99386852 0.64347631 0.60732969 1.54798276 0.6819153
  0.78109301 0.76022394 0.69427935 0.4363148 ]
 [0.88092382 0.32037286 1.59148363 0.39377844 1.52106079 1.20800605
  0.38864656 0.49398637 0.85093504 1.15532618]
 [1.08364604 0.45163845 0.9394924  0.4640233  0.31731735 1.3914152
  1.48297196 1.1635948  0.72341654 0.50172642]]
Rh: [[ 5.08957539  2.78844496 14.9552755   2.54008934  4.80507936  1.19814515
   1.3259952   1.499291    2.51506269  9.59358828  1.71422018]
 [ 2.20072706  2.47436825  6.99926675  3.94817335  2.57576561  6.94145551
   6.94188623  9.92466251  1.33367393 12.76273261  1.14010822]
 [10.58829675 11.78667633  1.75659588  5.63577228  4.66086824  4.25535081
   1.71046673  1.37583649  1.04440273  2.56826503  4.13964658]
 [16.77264146  8.49531174 18.39672004  4.12972673  1.17976493  2.62230703
  18.23355987  2.67058615  1.32743923  4.11211255 17.56687887]
 [ 8.9420023   1.30471481  2.86597874  2.31992094 10.37511343  6.67123201
   4.48668387  3.54081651  4.75126535  5.57896324  7.90153956]
 [ 1.11581418  4.91458567  3.34348531  1.34850692  1.29301774  5.73136181
   3.15995852 14.16612474  1.75374029 18.4220838   1.37722501]
 [18.04174996  3.06118139  1.5996709  13.75702869  1.78396897  6.037585
   6.83541596 18.82731547  4.15354801 16.87962057  7.04684677]
 [ 1.04557307 16.25154909  3.73025164  9.3017721   3.82783535  2.04664609
   1.92339397  1.60245442 17.32785759 16.32358343  1.41659109]
 [14.40499627  7.2101606   1.05553663 10.68001203 11.62431684  6.88390259
   1.12249508  8.69111889  1.56210294  5.40891004  2.31008692]
 [10.97581747 14.38638774  2.89189987  2.03424829  1.62363276  4.04036453
   1.44003979 18.42615238  1.66316424 13.12368001 17.24630831]]
Rv: [[10.68747744  7.92013909  5.28846124  1.37193229 10.12490745  2.81548015
  17.07026104  1.06236747 11.67973463  4.04891942]
 [ 5.49640206  2.03537746  2.12681614  4.07291681  1.12056828 10.84146104
  16.94650516 18.28936551 17.35094588  1.47753266]
 [ 1.2289112   5.352475    1.62781269 11.03627648 12.48622813  4.18071729
  10.71575916  4.91062049  4.8450285   6.71027053]
 [ 4.34400852  1.00045864  1.08031321  3.14487675  1.98434146 15.20618022
   1.52589294  3.71813841  2.36947105 15.25506378]
 [10.50782598  5.53877792 13.59228447  5.68218093  4.71441051  9.19290594
   2.33597187  2.92341728  1.90513778  7.00551827]
 [ 5.09550081 10.85272288  7.45553144  6.06776297  3.87595752  4.65056544
   3.07371706  4.80691009  3.7296024   8.24690765]
 [ 1.15783054  1.37832065 14.52294114 11.64342195  1.07363749  2.2295553
   1.74702259  7.82664555  2.11048482  1.36754086]
 [ 4.39263597 15.55887228  8.4775227   4.7161216  16.79607611  1.27835372
  11.86686842  8.23243026  1.94796108 10.32799618]
 [ 4.81195407  2.84299531  2.01642459  6.89039615  1.31751307  1.20119314
   1.58818713  7.89878296  1.97401484  3.91611379]
 [ 9.06474931  1.52745847  1.00180368  2.34517372  1.83765241  1.97109195
   6.91037662 11.78364997 11.14782296  1.72774677]
 [ 1.59589587  5.56550667 16.55131987  1.09359247  2.53184415 10.59076409
   3.11936818  1.94728523 11.32653695  8.60357716]]