-------Running parameters--------
T = 0.0
gap = 0
M = 10
N = 10
VR = 0.0
VU = 0.1
VD = -0.1
Vmin = 0.0
Vmax = 4.0
vStep = 0.01
vSym = False
repeats = 20
fileName = array_10_10_r_cg_disorder_run_2
dist = exp
fullOutput = True
use_graph = False
current_map = True
plot_current_map = False
plot_binary_current_map = False
dbg = False
resume = False
sc = False
leaping = False
constQ = False
modifyR = False
output_folder = 2d_array_bgu_with_perp
params_path = 
VG_avg = 0.0
VG_std = 0.0
C_avg = 1.0
C_std = 0.0
CG_avg = 10.0
CG_std = 5.0
R_avg = 10.0
R_std = 9.0
custom_rh = ""
custom_rv = ""
custom_ch = ""
custom_cv = ""
RG_avg = 500.0
RG_std = 0.0
n0_avg = 0.0
n0_std = 0.0
Q0_avg = 0.0
Q0_std = 0.0
----Array Parameters-----
Rows: 10
Columns: 10
VG: [[0.]
 [0.]
 [0.]
 [0.]
 [0.]
 [0.]
 [0.]
 [0.]
 [0.]
 [0.]
 [0.]
 [0.]
 [0.]
 [0.]
 [0.]
 [0.]
 [0.]
 [0.]
 [0.]
 [0.]
 [0.]
 [0.]
 [0.]
 [0.]
 [0.]
 [0.]
 [0.]
 [0.]
 [0.]
 [0.]
 [0.]
 [0.]
 [0.]
 [0.]
 [0.]
 [0.]
 [0.]
 [0.]
 [0.]
 [0.]
 [0.]
 [0.]
 [0.]
 [0.]
 [0.]
 [0.]
 [0.]
 [0.]
 [0.]
 [0.]
 [0.]
 [0.]
 [0.]
 [0.]
 [0.]
 [0.]
 [0.]
 [0.]
 [0.]
 [0.]
 [0.]
 [0.]
 [0.]
 [0.]
 [0.]
 [0.]
 [0.]
 [0.]
 [0.]
 [0.]
 [0.]
 [0.]
 [0.]
 [0.]
 [0.]
 [0.]
 [0.]
 [0.]
 [0.]
 [0.]
 [0.]
 [0.]
 [0.]
 [0.]
 [0.]
 [0.]
 [0.]
 [0.]
 [0.]
 [0.]
 [0.]
 [0.]
 [0.]
 [0.]
 [0.]
 [0.]
 [0.]
 [0.]
 [0.]
 [0.]]
CG: [[10.06613058]
 [ 8.51426117]
 [11.92153994]
 [11.60203308]
 [ 6.35633038]
 [ 5.31189372]
 [ 6.76413364]
 [10.47779754]
 [ 6.62935281]
 [ 6.25969483]
 [ 8.24343954]
 [10.19881293]
 [ 5.63254211]
 [11.15950099]
 [11.51905539]
 [13.42839708]
 [12.06599638]
 [ 5.00889824]
 [14.96111489]
 [ 5.25290977]
 [ 8.97123542]
 [ 9.82465207]
 [ 9.05496249]
 [10.19991211]
 [10.84890628]
 [14.48384913]
 [14.8627303 ]
 [ 8.07263382]
 [13.27322381]
 [ 5.06618567]
 [ 6.07570545]
 [14.3083185 ]
 [ 5.60350712]
 [12.31662911]
 [ 9.55918818]
 [ 9.12601079]
 [ 5.73381227]
 [ 7.84255395]
 [ 7.78185233]
 [10.83769218]
 [ 5.99363529]
 [ 5.07006294]
 [ 6.65056972]
 [13.83197534]
 [ 5.14169014]
 [12.33397313]
 [10.43601826]
 [ 6.55647544]
 [ 6.5217897 ]
 [ 8.83569125]
 [13.31332322]
 [ 7.4765467 ]
 [ 8.30027401]
 [ 8.29297152]
 [10.45206412]
 [11.30540155]
 [11.03218693]
 [11.89389674]
 [ 9.50615657]
 [12.16153031]
 [ 9.52277665]
 [ 6.6750284 ]
 [ 6.33508142]
 [ 9.88662502]
 [ 6.48336509]
 [ 9.08010711]
 [12.73654643]
 [ 8.966989  ]
 [ 5.61948893]
 [ 8.05225277]
 [ 6.46557485]
 [14.21406369]
 [ 6.4065414 ]
 [ 8.41111072]
 [ 7.05265447]
 [12.40841108]
 [ 5.45730867]
 [ 5.58953383]
 [ 5.41581745]
 [10.08922435]
 [ 7.93958299]
 [12.83765691]
 [ 5.95328947]
 [11.96056125]
 [ 5.63957784]
 [ 5.51254894]
 [ 8.43930034]
 [ 6.86689514]
 [10.39840285]
 [11.07113934]
 [ 6.64052399]
 [ 5.87628588]
 [ 6.04984169]
 [ 6.98579134]
 [14.15688174]
 [ 7.58513765]
 [ 8.93021284]
 [12.40186897]
 [13.36871053]
 [ 5.84461973]]
RG: [[500.]
 [500.]
 [500.]
 [500.]
 [500.]
 [500.]
 [500.]
 [500.]
 [500.]
 [500.]
 [500.]
 [500.]
 [500.]
 [500.]
 [500.]
 [500.]
 [500.]
 [500.]
 [500.]
 [500.]
 [500.]
 [500.]
 [500.]
 [500.]
 [500.]
 [500.]
 [500.]
 [500.]
 [500.]
 [500.]
 [500.]
 [500.]
 [500.]
 [500.]
 [500.]
 [500.]
 [500.]
 [500.]
 [500.]
 [500.]
 [500.]
 [500.]
 [500.]
 [500.]
 [500.]
 [500.]
 [500.]
 [500.]
 [500.]
 [500.]
 [500.]
 [500.]
 [500.]
 [500.]
 [500.]
 [500.]
 [500.]
 [500.]
 [500.]
 [500.]
 [500.]
 [500.]
 [500.]
 [500.]
 [500.]
 [500.]
 [500.]
 [500.]
 [500.]
 [500.]
 [500.]
 [500.]
 [500.]
 [500.]
 [500.]
 [500.]
 [500.]
 [500.]
 [500.]
 [500.]
 [500.]
 [500.]
 [500.]
 [500.]
 [500.]
 [500.]
 [500.]
 [500.]
 [500.]
 [500.]
 [500.]
 [500.]
 [500.]
 [500.]
 [500.]
 [500.]
 [500.]
 [500.]
 [500.]
 [500.]]
Ch: [[1. 1. 1. 1. 1. 1. 1. 1. 1. 1. 1.]
 [1. 1. 1. 1. 1. 1. 1. 1. 1. 1. 1.]
 [1. 1. 1. 1. 1. 1. 1. 1. 1. 1. 1.]
 [1. 1. 1. 1. 1. 1. 1. 1. 1. 1. 1.]
 [1. 1. 1. 1. 1. 1. 1. 1. 1. 1. 1.]
 [1. 1. 1. 1. 1. 1. 1. 1. 1. 1. 1.]
 [1. 1. 1. 1. 1. 1. 1. 1. 1. 1. 1.]
 [1. 1. 1. 1. 1. 1. 1. 1. 1. 1. 1.]
 [1. 1. 1. 1. 1. 1. 1. 1. 1. 1. 1.]
 [1. 1. 1. 1. 1. 1. 1. 1. 1. 1. 1.]]
Cv: [[1. 1. 1. 1. 1. 1. 1. 1. 1. 1.]
 [1. 1. 1. 1. 1. 1. 1. 1. 1. 1.]
 [1. 1. 1. 1. 1. 1. 1. 1. 1. 1.]
 [1. 1. 1. 1. 1. 1. 1. 1. 1. 1.]
 [1. 1. 1. 1. 1. 1. 1. 1. 1. 1.]
 [1. 1. 1. 1. 1. 1. 1. 1. 1. 1.]
 [1. 1. 1. 1. 1. 1. 1. 1. 1. 1.]
 [1. 1. 1. 1. 1. 1. 1. 1. 1. 1.]
 [1. 1. 1. 1. 1. 1. 1. 1. 1. 1.]
 [1. 1. 1. 1. 1. 1. 1. 1. 1. 1.]
 [1. 1. 1. 1. 1. 1. 1. 1. 1. 1.]]
Rh: [[ 1.2591832   1.37246836  6.98477393  2.10145659 16.54787196  8.23218976
   3.9385094   2.70694232  8.36882395 13.25127557  9.01101726]
 [17.89255463  8.15861668 12.57459523 13.02551624  7.01092922  2.4654273
  18.5891755   4.4274905   5.94639635  1.07888715  1.01556419]
 [11.49899191  5.0691258  11.86552677 13.066638   11.14625593  4.54268186
   5.9446169   1.51882154 13.03475202  2.26611639 13.94671585]
 [ 3.62246233  9.14786667 10.31885971  4.10073906  8.44335202 12.21955027
   2.58761855 18.94149804  3.17603905 15.36843416  6.4776047 ]
 [ 4.51817864 17.30544865 10.52680998  3.9077817   1.3584075   2.71809878
   4.85610432  1.35141497  4.00102324  2.04579657  2.5371341 ]
 [ 1.98505707  7.33882868  3.68769062 16.62537813  2.43075691  2.12297445
   4.46297294  2.02179711  7.68617061  2.48104209  1.87381074]
 [12.11947025 13.24330588  1.40150063  5.44152973  4.37041349 13.68706505
   1.73932472  1.00068281  1.85765431  7.73857077 16.49498482]
 [15.66921051  2.50374188  6.15152023 10.89886807  9.77804327  1.46509539
  16.57740063  4.21471189  4.40341003  1.8887233   2.28047477]
 [ 4.70098326  1.43128378 10.0949003  15.72149606 13.51823993 18.90539526
   7.28763126  2.96148643  5.40944225  1.92487728  5.63788772]
 [ 8.3622434  15.03311164 11.38826574  9.11613552  4.40259142  9.55742996
   6.02992121 14.98738362  1.00369246  5.83477332  4.15063408]]
Rv: [[ 4.14347447  9.63903883  4.21576642 16.23572697  1.055815    1.86427103
   9.08093034  1.62094978  9.17721232 15.89797551]
 [ 1.54097848  3.72450318  1.04748909  2.8112868   8.56185761  2.07492504
   5.06865033  4.09614082  3.45724596  7.95994767]
 [ 4.14823463  7.53971478  7.43410976  2.93947968  7.39745366 14.53621711
   5.20035331 11.44589506  1.37102726  3.43830368]
 [10.93087702  1.83855549  4.41155386  3.09409114  2.94581268 14.63341853
   1.0260468   3.37113665  4.32451501 15.16091076]
 [12.71587742 13.54164612  4.74361985  6.31729888  1.6122081   3.88945053
   8.63171763  1.73026485  1.45632724 11.97511997]
 [ 3.97488391  1.02424319 12.55751294  9.85954764  6.59063778  1.87972926
  11.14923778  9.39011437  1.16963232  1.52682899]
 [14.80439053  5.56064678  1.19683761  1.22701955  4.02104454  8.11215569
   2.29105341 14.68557741  6.61562305  2.10014237]
 [ 5.06481827 11.76208959  6.8642066   5.38792079  2.27543668 10.78058009
   2.48075745  2.97730084 10.15168375 18.95260284]
 [18.08788433  8.13362743  3.51025811  4.31856382  1.3676307   2.53534627
   1.28053957  3.06873017  2.18590647  9.19535847]
 [16.76516438  1.61947379  5.91018447 11.5664597   5.3930348   1.88261225
   4.11961499 18.07058679  1.85443428  1.52857567]
 [ 2.54654573  1.19620349  6.11618059  1.55395937  7.99407594  1.037113
   2.52609369  1.43580288 10.33075444  3.86740669]]