-------Running parameters--------
T = 0.0
gap = 0
M = 10
N = 10
VR = 0.0
VU = 0.1
VD = -0.1
Vmin = 0.0
Vmax = 4.0
vStep = 0.01
vSym = False
repeats = 20
fileName = array_10_10_r_c_disorder_run_1
dist = exp
fullOutput = True
use_graph = False
current_map = True
plot_current_map = False
plot_binary_current_map = False
dbg = False
resume = False
sc = False
leaping = False
constQ = False
modifyR = False
output_folder = 2d_array_bgu_with_perp
params_path = 
VG_avg = 0.0
VG_std = 0.0
C_avg = 1.0
C_std = 0.7
CG_avg = 10.0
CG_std = 0.0
R_avg = 10.0
R_std = 9.0
custom_rh = ""
custom_rv = ""
custom_ch = ""
custom_cv = ""
RG_avg = 500.0
RG_std = 0.0
n0_avg = 0.0
n0_std = 0.0
Q0_avg = 0.0
Q0_std = 0.0
----Array Parameters-----
Rows: 10
Columns: 10
VG: [[0.]
 [0.]
 [0.]
 [0.]
 [0.]
 [0.]
 [0.]
 [0.]
 [0.]
 [0.]
 [0.]
 [0.]
 [0.]
 [0.]
 [0.]
 [0.]
 [0.]
 [0.]
 [0.]
 [0.]
 [0.]
 [0.]
 [0.]
 [0.]
 [0.]
 [0.]
 [0.]
 [0.]
 [0.]
 [0.]
 [0.]
 [0.]
 [0.]
 [0.]
 [0.]
 [0.]
 [0.]
 [0.]
 [0.]
 [0.]
 [0.]
 [0.]
 [0.]
 [0.]
 [0.]
 [0.]
 [0.]
 [0.]
 [0.]
 [0.]
 [0.]
 [0.]
 [0.]
 [0.]
 [0.]
 [0.]
 [0.]
 [0.]
 [0.]
 [0.]
 [0.]
 [0.]
 [0.]
 [0.]
 [0.]
 [0.]
 [0.]
 [0.]
 [0.]
 [0.]
 [0.]
 [0.]
 [0.]
 [0.]
 [0.]
 [0.]
 [0.]
 [0.]
 [0.]
 [0.]
 [0.]
 [0.]
 [0.]
 [0.]
 [0.]
 [0.]
 [0.]
 [0.]
 [0.]
 [0.]
 [0.]
 [0.]
 [0.]
 [0.]
 [0.]
 [0.]
 [0.]
 [0.]
 [0.]
 [0.]]
CG: [[10.]
 [10.]
 [10.]
 [10.]
 [10.]
 [10.]
 [10.]
 [10.]
 [10.]
 [10.]
 [10.]
 [10.]
 [10.]
 [10.]
 [10.]
 [10.]
 [10.]
 [10.]
 [10.]
 [10.]
 [10.]
 [10.]
 [10.]
 [10.]
 [10.]
 [10.]
 [10.]
 [10.]
 [10.]
 [10.]
 [10.]
 [10.]
 [10.]
 [10.]
 [10.]
 [10.]
 [10.]
 [10.]
 [10.]
 [10.]
 [10.]
 [10.]
 [10.]
 [10.]
 [10.]
 [10.]
 [10.]
 [10.]
 [10.]
 [10.]
 [10.]
 [10.]
 [10.]
 [10.]
 [10.]
 [10.]
 [10.]
 [10.]
 [10.]
 [10.]
 [10.]
 [10.]
 [10.]
 [10.]
 [10.]
 [10.]
 [10.]
 [10.]
 [10.]
 [10.]
 [10.]
 [10.]
 [10.]
 [10.]
 [10.]
 [10.]
 [10.]
 [10.]
 [10.]
 [10.]
 [10.]
 [10.]
 [10.]
 [10.]
 [10.]
 [10.]
 [10.]
 [10.]
 [10.]
 [10.]
 [10.]
 [10.]
 [10.]
 [10.]
 [10.]
 [10.]
 [10.]
 [10.]
 [10.]
 [10.]]
RG: [[500.]
 [500.]
 [500.]
 [500.]
 [500.]
 [500.]
 [500.]
 [500.]
 [500.]
 [500.]
 [500.]
 [500.]
 [500.]
 [500.]
 [500.]
 [500.]
 [500.]
 [500.]
 [500.]
 [500.]
 [500.]
 [500.]
 [500.]
 [500.]
 [500.]
 [500.]
 [500.]
 [500.]
 [500.]
 [500.]
 [500.]
 [500.]
 [500.]
 [500.]
 [500.]
 [500.]
 [500.]
 [500.]
 [500.]
 [500.]
 [500.]
 [500.]
 [500.]
 [500.]
 [500.]
 [500.]
 [500.]
 [500.]
 [500.]
 [500.]
 [500.]
 [500.]
 [500.]
 [500.]
 [500.]
 [500.]
 [500.]
 [500.]
 [500.]
 [500.]
 [500.]
 [500.]
 [500.]
 [500.]
 [500.]
 [500.]
 [500.]
 [500.]
 [500.]
 [500.]
 [500.]
 [500.]
 [500.]
 [500.]
 [500.]
 [500.]
 [500.]
 [500.]
 [500.]
 [500.]
 [500.]
 [500.]
 [500.]
 [500.]
 [500.]
 [500.]
 [500.]
 [500.]
 [500.]
 [500.]
 [500.]
 [500.]
 [500.]
 [500.]
 [500.]
 [500.]
 [500.]
 [500.]
 [500.]
 [500.]]
Ch: [[1.04500493 1.33321848 0.53142272 0.41989106 0.36091335 0.35789615
  0.39217762 1.07818233 1.59615725 1.09516319 0.94333264]
 [1.61524632 1.31485567 0.73166692 0.55290979 1.21818891 0.59463538
  1.5390538  0.3347883  1.45161313 0.88225698 0.33623537]
 [0.6563562  0.31198957 0.45960307 0.82991715 1.07876951 1.01483702
  0.79551116 1.3764032  0.35983625 0.60340189 0.66332525]
 [1.02465414 0.36765598 0.31730915 1.01332959 1.31585508 1.539967
  0.94813333 0.54140194 0.51581938 1.42381688 1.05797248]
 [0.42590405 1.19057764 0.34809923 0.67724827 0.43204885 0.49015063
  0.40613098 1.06255229 1.33609184 0.83710871 1.28107722]
 [1.58085629 0.34699877 0.45875922 1.07875001 0.30874325 0.3403306
  0.61927197 1.49154598 1.15894587 0.66821523 0.7737907 ]
 [1.05622262 0.32763287 0.78414141 0.84159296 1.12320192 0.55297502
  1.19714414 1.6003344  0.54389056 0.59111863 0.65426114]
 [1.54940574 1.53459765 1.44477344 0.49966916 1.05739491 0.46530344
  0.31602047 0.47624018 1.51734589 0.7496996  1.08876169]
 [1.43455857 0.56454571 0.77278267 0.86171139 0.71833277 0.32439222
  1.59510934 1.00706655 0.69406259 0.79428646 1.02025631]
 [0.42148822 0.97476185 0.7577981  0.89395067 0.59678927 0.54052019
  0.41993664 0.64734544 1.09824755 0.79145681 1.06748343]]
Cv: [[0.46468116 1.07870926 0.33317818 0.58654954 1.22960551 0.67587157
  0.60029133 1.24647987 1.16446828 0.37361528]
 [0.41154332 0.32048232 1.3657677  0.49105718 1.03504531 0.98863936
  1.63981991 0.46051866 0.66895573 1.02877613]
 [0.47053351 1.20073579 0.37929076 0.52061209 0.33127505 0.41107157
  0.40561364 0.41419396 1.29040702 0.43029929]
 [1.44306478 1.26514645 1.68833166 0.68315826 0.92331224 0.34766747
  1.31268618 1.13697631 0.65021567 0.34523427]
 [0.7455407  1.60135239 0.60197863 0.37254189 0.64724617 0.82977414
  0.92260883 1.03616022 0.4773826  1.34996483]
 [1.1545467  0.48208365 1.31992994 0.35392636 0.47007392 1.48460049
  0.47757854 1.37244048 0.3097435  0.43408846]
 [0.37459631 1.16427893 1.02762138 1.57813319 0.47764335 0.50374961
  1.12069053 0.32309047 0.50598543 0.96872854]
 [0.82105987 1.51200226 0.96722733 0.78095124 1.39567345 0.79173373
  1.68424276 0.6712569  0.91917165 0.65273218]
 [1.50098414 0.449705   1.2354825  1.20943956 0.74276854 0.68978127
  0.93606605 0.3012623  1.43079209 0.81454147]
 [0.45213496 1.36395344 0.3234396  0.32170151 1.3357748  0.38545772
  1.30612543 0.43092902 0.45683935 1.28680919]
 [0.68382176 0.30945096 0.54922331 0.65864132 1.29683043 0.94164867
  1.03061083 0.43518142 1.69163795 0.76168342]]
Rh: [[ 3.3777475  14.83074441 14.67966071 17.84680878  1.25744621 10.97771673
   9.95618342  3.80357686  1.01895962  9.90252245  1.26481779]
 [ 1.13590131 16.9057014   5.66535633  7.69853532  7.38001187  7.79424978
  10.63896332 18.95542907  3.81028218  1.54916238  4.96344377]
 [16.6039935   8.81951324  1.34474935  6.81389996  6.33913796  3.13822275
   3.92428226 13.61087106  9.088022   14.34160455  9.48786504]
 [11.87439963  1.32471199 17.38099655  3.62653831  1.18536386  3.51820833
   4.98864499 14.56983828 12.44749958 10.14533832  3.38690387]
 [12.4724126  15.94024305  3.43711462 14.52068233  8.49707944  3.30551338
  16.7299619   8.93626941 14.84019401 18.23451688 10.22362745]
 [ 1.50770629  3.30875102  7.10354103  1.44961951  1.36304565  3.96939179
   1.29964851 10.10483652  1.37138013  1.38442196 11.4796021 ]
 [ 3.32102128  1.34490209 10.19528771  6.26123884  1.45493081 18.30203538
   4.94874815 12.02817825  7.80950173  2.96289329  9.68326782]
 [10.40191787  4.14853159 14.13821951 12.40115642  3.11474835 10.4019585
   3.94655171 10.09044563  1.68971454  1.2407648   1.00887167]
 [ 1.86687204  1.91486462  3.01223154  1.26710849  2.53632197  1.57934243
   1.17596737 10.57456618  2.23088631  3.88970496 10.68803182]
 [ 5.524486    2.21169561  6.83392697  5.35349991  2.27349356  6.11345183
   5.9630167   7.24080632 15.12414641  3.90572792  1.16307264]]
Rv: [[ 1.04032486  2.73378711  2.12010699  4.38419872  3.65001292  1.64534624
  10.79526168  6.41677103  9.7905766   7.3969736 ]
 [ 5.86809716  8.59567208  6.38551314  8.2836487   1.43720019 14.11357056
  11.85060062  9.14797646  4.08106951  2.61711844]
 [14.57116856 14.31502282  2.38350885  2.1031229   5.84903335 16.95265218
   1.29733344  7.85745227  4.59298677 15.63101439]
 [ 1.00470826  1.272376    1.31472693  9.78819623  4.23727989  3.69785546
   9.49059724  1.40591115  1.09457009 17.58753872]
 [ 9.86427344  2.08518824  2.62274416 11.46804608 10.04224442  1.33068096
   9.90971344  1.31568723  3.74364913 16.6262284 ]
 [ 1.17675188 12.34410114  3.96690746  4.92378452 11.16812949  2.76963453
   3.03365675  7.91252165  1.62073032 15.51001616]
 [16.36261368 18.56607847  3.22797196  3.69528882  1.60995814  2.47648012
   6.7983623   3.57462974  1.80035436  2.02641771]
 [ 3.69423536  1.00425254  2.80676325  4.75166245  7.87450296  7.4925381
  17.57914561  3.38937223  1.41589014  8.22161415]
 [ 3.49292631  4.6786381   1.67666055  2.58835478  6.9135959   1.34823471
  14.04787352  4.21833788  9.58216367 12.41568359]
 [ 3.62345217  3.76301363 17.55678073  4.91654627  5.55581476 14.6685696
   1.70562985  6.34728708  7.04362885 14.33497189]
 [ 1.09025659  1.63012282  1.1836137   2.77191738  2.30138591  5.7133851
   8.9446901   5.00086164  1.34588958  1.33856566]]