-------Running parameters--------
T = 0.0
gap = 0
M = 10
N = 10
VR = 0.0
VU = 0.1
VD = -0.1
Vmin = 0.0
Vmax = 4.0
vStep = 0.01
vSym = False
repeats = 20
fileName = array_10_10_r_disorder_run_1
dist = exp
fullOutput = True
use_graph = False
current_map = True
plot_current_map = False
plot_binary_current_map = False
dbg = False
resume = False
sc = False
leaping = False
constQ = False
modifyR = False
output_folder = 2d_array_bgu_with_perp
params_path = 
VG_avg = 0.0
VG_std = 0.0
C_avg = 1.0
C_std = 0.0
CG_avg = 10.0
CG_std = 0.0
R_avg = 10.0
R_std = 9.0
custom_rh = ""
custom_rv = ""
custom_ch = ""
custom_cv = ""
RG_avg = 500.0
RG_std = 0.0
n0_avg = 0.0
n0_std = 0.0
Q0_avg = 0.0
Q0_std = 0.0
----Array Parameters-----
Rows: 10
Columns: 10
VG: [[0.]
 [0.]
 [0.]
 [0.]
 [0.]
 [0.]
 [0.]
 [0.]
 [0.]
 [0.]
 [0.]
 [0.]
 [0.]
 [0.]
 [0.]
 [0.]
 [0.]
 [0.]
 [0.]
 [0.]
 [0.]
 [0.]
 [0.]
 [0.]
 [0.]
 [0.]
 [0.]
 [0.]
 [0.]
 [0.]
 [0.]
 [0.]
 [0.]
 [0.]
 [0.]
 [0.]
 [0.]
 [0.]
 [0.]
 [0.]
 [0.]
 [0.]
 [0.]
 [0.]
 [0.]
 [0.]
 [0.]
 [0.]
 [0.]
 [0.]
 [0.]
 [0.]
 [0.]
 [0.]
 [0.]
 [0.]
 [0.]
 [0.]
 [0.]
 [0.]
 [0.]
 [0.]
 [0.]
 [0.]
 [0.]
 [0.]
 [0.]
 [0.]
 [0.]
 [0.]
 [0.]
 [0.]
 [0.]
 [0.]
 [0.]
 [0.]
 [0.]
 [0.]
 [0.]
 [0.]
 [0.]
 [0.]
 [0.]
 [0.]
 [0.]
 [0.]
 [0.]
 [0.]
 [0.]
 [0.]
 [0.]
 [0.]
 [0.]
 [0.]
 [0.]
 [0.]
 [0.]
 [0.]
 [0.]
 [0.]]
CG: [[10.]
 [10.]
 [10.]
 [10.]
 [10.]
 [10.]
 [10.]
 [10.]
 [10.]
 [10.]
 [10.]
 [10.]
 [10.]
 [10.]
 [10.]
 [10.]
 [10.]
 [10.]
 [10.]
 [10.]
 [10.]
 [10.]
 [10.]
 [10.]
 [10.]
 [10.]
 [10.]
 [10.]
 [10.]
 [10.]
 [10.]
 [10.]
 [10.]
 [10.]
 [10.]
 [10.]
 [10.]
 [10.]
 [10.]
 [10.]
 [10.]
 [10.]
 [10.]
 [10.]
 [10.]
 [10.]
 [10.]
 [10.]
 [10.]
 [10.]
 [10.]
 [10.]
 [10.]
 [10.]
 [10.]
 [10.]
 [10.]
 [10.]
 [10.]
 [10.]
 [10.]
 [10.]
 [10.]
 [10.]
 [10.]
 [10.]
 [10.]
 [10.]
 [10.]
 [10.]
 [10.]
 [10.]
 [10.]
 [10.]
 [10.]
 [10.]
 [10.]
 [10.]
 [10.]
 [10.]
 [10.]
 [10.]
 [10.]
 [10.]
 [10.]
 [10.]
 [10.]
 [10.]
 [10.]
 [10.]
 [10.]
 [10.]
 [10.]
 [10.]
 [10.]
 [10.]
 [10.]
 [10.]
 [10.]
 [10.]]
RG: [[500.]
 [500.]
 [500.]
 [500.]
 [500.]
 [500.]
 [500.]
 [500.]
 [500.]
 [500.]
 [500.]
 [500.]
 [500.]
 [500.]
 [500.]
 [500.]
 [500.]
 [500.]
 [500.]
 [500.]
 [500.]
 [500.]
 [500.]
 [500.]
 [500.]
 [500.]
 [500.]
 [500.]
 [500.]
 [500.]
 [500.]
 [500.]
 [500.]
 [500.]
 [500.]
 [500.]
 [500.]
 [500.]
 [500.]
 [500.]
 [500.]
 [500.]
 [500.]
 [500.]
 [500.]
 [500.]
 [500.]
 [500.]
 [500.]
 [500.]
 [500.]
 [500.]
 [500.]
 [500.]
 [500.]
 [500.]
 [500.]
 [500.]
 [500.]
 [500.]
 [500.]
 [500.]
 [500.]
 [500.]
 [500.]
 [500.]
 [500.]
 [500.]
 [500.]
 [500.]
 [500.]
 [500.]
 [500.]
 [500.]
 [500.]
 [500.]
 [500.]
 [500.]
 [500.]
 [500.]
 [500.]
 [500.]
 [500.]
 [500.]
 [500.]
 [500.]
 [500.]
 [500.]
 [500.]
 [500.]
 [500.]
 [500.]
 [500.]
 [500.]
 [500.]
 [500.]
 [500.]
 [500.]
 [500.]
 [500.]]
Ch: [[1. 1. 1. 1. 1. 1. 1. 1. 1. 1. 1.]
 [1. 1. 1. 1. 1. 1. 1. 1. 1. 1. 1.]
 [1. 1. 1. 1. 1. 1. 1. 1. 1. 1. 1.]
 [1. 1. 1. 1. 1. 1. 1. 1. 1. 1. 1.]
 [1. 1. 1. 1. 1. 1. 1. 1. 1. 1. 1.]
 [1. 1. 1. 1. 1. 1. 1. 1. 1. 1. 1.]
 [1. 1. 1. 1. 1. 1. 1. 1. 1. 1. 1.]
 [1. 1. 1. 1. 1. 1. 1. 1. 1. 1. 1.]
 [1. 1. 1. 1. 1. 1. 1. 1. 1. 1. 1.]
 [1. 1. 1. 1. 1. 1. 1. 1. 1. 1. 1.]]
Cv: [[1. 1. 1. 1. 1. 1. 1. 1. 1. 1.]
 [1. 1. 1. 1. 1. 1. 1. 1. 1. 1.]
 [1. 1. 1. 1. 1. 1. 1. 1. 1. 1.]
 [1. 1. 1. 1. 1. 1. 1. 1. 1. 1.]
 [1. 1. 1. 1. 1. 1. 1. 1. 1. 1.]
 [1. 1. 1. 1. 1. 1. 1. 1. 1. 1.]
 [1. 1. 1. 1. 1. 1. 1. 1. 1. 1.]
 [1. 1. 1. 1. 1. 1. 1. 1. 1. 1.]
 [1. 1. 1. 1. 1. 1. 1. 1. 1. 1.]
 [1. 1. 1. 1. 1. 1. 1. 1. 1. 1.]
 [1. 1. 1. 1. 1. 1. 1. 1. 1. 1.]]
Rh: [[ 6.4150365   4.27447301  1.98655996  3.08478033 10.93210721  7.10708565
   1.15998694  9.32182571  2.34479019 15.23330783 17.70502434]
 [ 1.42813266  3.97691587  3.13083815  1.68725184 14.12056302  1.1200237
  12.17369235  4.24864813  1.38954815 10.97747292  3.14625929]
 [ 1.10543845  2.73858742 10.57871283 10.30484384  4.44224003  8.43888094
  17.77181178 16.14581364 13.05664576  8.95553701  2.23379997]
 [ 1.36741627 14.95898897  6.26738673  4.03876227  9.64410224  5.20372599
   5.18910119  3.62613834  8.78303674  5.50305325  4.52259169]
 [ 2.27956871  6.29050199 12.20237086 10.29553767  4.79096892 16.25265268
  10.38533697  1.97577259  1.47299137  1.78695565 16.525248  ]
 [ 4.82050085 11.85901159  1.4272208   8.99673314  1.1476472   5.47784252
   1.47212187 11.58016947  9.52267179  5.39859275  5.50668425]
 [ 3.12965323  7.45365387  7.84106856  1.00164199 14.68567943  3.81706186
  10.30557944  4.8054798   4.2388287   1.10866927  2.60001929]
 [ 3.80592458  8.48770545  8.53255119  9.70211256  2.02427348  1.5917133
   3.58256348  9.24503929  7.47669495  3.10219437 18.6254795 ]
 [ 5.65861111  8.19367843 10.35318346  1.22023172 14.70638554  1.66471573
   1.45701561  7.88365613  3.93879589  5.04945345  1.73541374]
 [ 5.92962731  2.62070891  4.8551482   2.57551925 16.38228406  4.66902948
   2.1052583   9.10474553  3.50084498  7.05725599 16.68948546]]
Rv: [[10.7961965   3.02512981  3.41781146  4.5788208  14.56407736  2.84441064
   1.8416135   5.52912785  8.11629375 10.05674342]
 [ 5.24563729 13.46032316  1.30314417  2.23394368  8.06834046  2.14703332
  12.67635565  2.50310501  1.66689679  1.13491242]
 [ 1.26038269  1.57469649 11.92652477 13.23712211  1.9364995   1.09234209
  10.15964205 11.9078297   4.40227242 11.34026078]
 [ 1.25538182  3.43981993  6.31804229  5.60369419 11.13993194  1.00662745
   9.04986357  3.44760957  1.81227129  9.69407708]
 [ 5.86026088  9.8269556   2.43474032 11.02292265  7.92942578  2.07416411
   1.32642952  7.64880236  6.10868392 11.66023991]
 [ 2.12984448  8.88824316  2.23508863  4.89340372 11.99527465  6.76749171
   2.47045161 12.59271805  8.77113714  9.02117288]
 [13.3459859   1.04825838  3.77434317  1.27140587  3.56076194  4.09507499
   6.3511154   1.35386581  3.27998501  3.86316686]
 [ 1.01274009  6.97257442  4.90645925  1.8567207   6.13098779  1.70180073
   9.58565005  2.07991641  1.01300183  1.337976  ]
 [ 1.86705678  5.14604981  8.9758727   5.56417191 15.88194447  3.85665706
   1.98558063  1.12370609 10.78029329  1.7606955 ]
 [ 1.30554432  1.57936823  1.41870487 14.42263595  2.32830843  6.81018201
   8.84916272 15.68352587  5.78911529  5.57652002]
 [ 5.77105374  7.27164561  1.85252837  6.70245443  2.13748187  3.36399892
   1.31847237  6.82525667 16.9896404   1.33757749]]