-------Running parameters--------
T = 0.0
gap = 0
M = 10
N = 10
VR = 0.0
VU = 0.1
VD = -0.1
Vmin = 0.0
Vmax = 4.0
vStep = 0.01
vSym = False
repeats = 20
fileName = array_10_10_r_cg_disorder_run_1
dist = exp
fullOutput = True
use_graph = False
current_map = True
plot_current_map = False
plot_binary_current_map = False
dbg = False
resume = False
sc = False
leaping = False
constQ = False
modifyR = False
output_folder = 2d_array_bgu_with_perp
params_path = 
VG_avg = 0.0
VG_std = 0.0
C_avg = 1.0
C_std = 0.0
CG_avg = 10.0
CG_std = 5.0
R_avg = 10.0
R_std = 9.0
custom_rh = ""
custom_rv = ""
custom_ch = ""
custom_cv = ""
RG_avg = 500.0
RG_std = 0.0
n0_avg = 0.0
n0_std = 0.0
Q0_avg = 0.0
Q0_std = 0.0
----Array Parameters-----
Rows: 10
Columns: 10
VG: [[0.]
 [0.]
 [0.]
 [0.]
 [0.]
 [0.]
 [0.]
 [0.]
 [0.]
 [0.]
 [0.]
 [0.]
 [0.]
 [0.]
 [0.]
 [0.]
 [0.]
 [0.]
 [0.]
 [0.]
 [0.]
 [0.]
 [0.]
 [0.]
 [0.]
 [0.]
 [0.]
 [0.]
 [0.]
 [0.]
 [0.]
 [0.]
 [0.]
 [0.]
 [0.]
 [0.]
 [0.]
 [0.]
 [0.]
 [0.]
 [0.]
 [0.]
 [0.]
 [0.]
 [0.]
 [0.]
 [0.]
 [0.]
 [0.]
 [0.]
 [0.]
 [0.]
 [0.]
 [0.]
 [0.]
 [0.]
 [0.]
 [0.]
 [0.]
 [0.]
 [0.]
 [0.]
 [0.]
 [0.]
 [0.]
 [0.]
 [0.]
 [0.]
 [0.]
 [0.]
 [0.]
 [0.]
 [0.]
 [0.]
 [0.]
 [0.]
 [0.]
 [0.]
 [0.]
 [0.]
 [0.]
 [0.]
 [0.]
 [0.]
 [0.]
 [0.]
 [0.]
 [0.]
 [0.]
 [0.]
 [0.]
 [0.]
 [0.]
 [0.]
 [0.]
 [0.]
 [0.]
 [0.]
 [0.]
 [0.]]
CG: [[ 6.28076704]
 [ 9.58231855]
 [ 6.64975496]
 [ 9.34155311]
 [11.58559821]
 [ 7.45121487]
 [ 7.48372443]
 [ 5.05278758]
 [ 8.50027263]
 [ 6.23461125]
 [ 6.11637342]
 [ 8.36901545]
 [10.61981685]
 [14.69315067]
 [ 9.77960011]
 [ 5.68013794]
 [13.34553838]
 [ 9.13597607]
 [14.37607352]
 [ 6.56053926]
 [14.61073429]
 [14.0169158 ]
 [ 6.70272073]
 [12.20285117]
 [ 6.67563575]
 [ 5.94009297]
 [14.05162488]
 [10.14153885]
 [10.56713991]
 [ 6.41671239]
 [ 6.56689335]
 [ 5.60018798]
 [ 6.5237402 ]
 [ 6.2178233 ]
 [ 7.37120068]
 [10.32966081]
 [10.34081156]
 [ 8.01347507]
 [12.06640278]
 [ 6.19087158]
 [ 5.75656456]
 [ 6.6850669 ]
 [10.81655723]
 [ 9.21696696]
 [ 6.18635063]
 [ 7.03705215]
 [12.18426003]
 [ 7.8859905 ]
 [11.2135779 ]
 [ 8.90415763]
 [ 6.94406733]
 [ 6.0683516 ]
 [ 7.3372364 ]
 [ 8.18000014]
 [ 6.08847788]
 [ 6.80601985]
 [ 5.67408346]
 [ 7.86118026]
 [ 5.53397389]
 [ 5.47812017]
 [ 6.99718244]
 [13.16991543]
 [ 9.72887506]
 [ 7.97450773]
 [13.57493993]
 [ 5.24339441]
 [13.74178594]
 [ 9.77024928]
 [11.91920111]
 [ 5.6576356 ]
 [ 6.56268565]
 [12.74465912]
 [ 6.82538214]
 [10.92501764]
 [10.42559302]
 [ 8.67090419]
 [ 9.70876667]
 [ 7.5074363 ]
 [10.16867462]
 [ 6.54398657]
 [11.52958127]
 [ 9.80540007]
 [ 7.1533535 ]
 [ 7.76412675]
 [12.99218527]
 [ 7.38388872]
 [ 8.04883232]
 [13.07971701]
 [ 6.40054626]
 [ 7.32749446]
 [ 7.27018419]
 [ 9.97382667]
 [14.19642649]
 [10.83541541]
 [ 6.15090564]
 [ 6.04345273]
 [ 9.40793994]
 [ 7.41232262]
 [ 5.89381836]
 [ 5.00726131]]
RG: [[500.]
 [500.]
 [500.]
 [500.]
 [500.]
 [500.]
 [500.]
 [500.]
 [500.]
 [500.]
 [500.]
 [500.]
 [500.]
 [500.]
 [500.]
 [500.]
 [500.]
 [500.]
 [500.]
 [500.]
 [500.]
 [500.]
 [500.]
 [500.]
 [500.]
 [500.]
 [500.]
 [500.]
 [500.]
 [500.]
 [500.]
 [500.]
 [500.]
 [500.]
 [500.]
 [500.]
 [500.]
 [500.]
 [500.]
 [500.]
 [500.]
 [500.]
 [500.]
 [500.]
 [500.]
 [500.]
 [500.]
 [500.]
 [500.]
 [500.]
 [500.]
 [500.]
 [500.]
 [500.]
 [500.]
 [500.]
 [500.]
 [500.]
 [500.]
 [500.]
 [500.]
 [500.]
 [500.]
 [500.]
 [500.]
 [500.]
 [500.]
 [500.]
 [500.]
 [500.]
 [500.]
 [500.]
 [500.]
 [500.]
 [500.]
 [500.]
 [500.]
 [500.]
 [500.]
 [500.]
 [500.]
 [500.]
 [500.]
 [500.]
 [500.]
 [500.]
 [500.]
 [500.]
 [500.]
 [500.]
 [500.]
 [500.]
 [500.]
 [500.]
 [500.]
 [500.]
 [500.]
 [500.]
 [500.]
 [500.]]
Ch: [[1. 1. 1. 1. 1. 1. 1. 1. 1. 1. 1.]
 [1. 1. 1. 1. 1. 1. 1. 1. 1. 1. 1.]
 [1. 1. 1. 1. 1. 1. 1. 1. 1. 1. 1.]
 [1. 1. 1. 1. 1. 1. 1. 1. 1. 1. 1.]
 [1. 1. 1. 1. 1. 1. 1. 1. 1. 1. 1.]
 [1. 1. 1. 1. 1. 1. 1. 1. 1. 1. 1.]
 [1. 1. 1. 1. 1. 1. 1. 1. 1. 1. 1.]
 [1. 1. 1. 1. 1. 1. 1. 1. 1. 1. 1.]
 [1. 1. 1. 1. 1. 1. 1. 1. 1. 1. 1.]
 [1. 1. 1. 1. 1. 1. 1. 1. 1. 1. 1.]]
Cv: [[1. 1. 1. 1. 1. 1. 1. 1. 1. 1.]
 [1. 1. 1. 1. 1. 1. 1. 1. 1. 1.]
 [1. 1. 1. 1. 1. 1. 1. 1. 1. 1.]
 [1. 1. 1. 1. 1. 1. 1. 1. 1. 1.]
 [1. 1. 1. 1. 1. 1. 1. 1. 1. 1.]
 [1. 1. 1. 1. 1. 1. 1. 1. 1. 1.]
 [1. 1. 1. 1. 1. 1. 1. 1. 1. 1.]
 [1. 1. 1. 1. 1. 1. 1. 1. 1. 1.]
 [1. 1. 1. 1. 1. 1. 1. 1. 1. 1.]
 [1. 1. 1. 1. 1. 1. 1. 1. 1. 1.]
 [1. 1. 1. 1. 1. 1. 1. 1. 1. 1.]]
Rh: [[ 4.76156283  4.44507273  3.15140007  1.40710946  1.18398528  8.58683378
   1.9469258   7.7273946   1.10632465 18.10825082  2.01354798]
 [16.38981574  7.5496235   1.51415094  1.37984943 13.40272712  1.13373495
   7.56232506  2.29643385  2.84571062  2.53913032  5.28498767]
 [ 1.58827735  1.51361924  1.53504275  2.30175798  3.63756217  2.3671332
   8.44049907  1.03658018  2.19061951  4.41274002 11.68406017]
 [ 9.85966988 11.03283799 15.72797394  2.90701861  3.83588442  6.46539365
   2.92134387  1.30743323  4.41523536  7.39691568  1.66640615]
 [ 2.00503566 11.14372723  1.34080561  2.01321059  8.17014363 17.35858332
   3.00473472  1.82765295 14.0871154   1.95780483  1.04570277]
 [ 8.45955233  7.40649654  2.53486649 11.64552527  1.98148067  5.12693128
  11.43534287  1.04649837  2.38121028 12.02118312  6.54142943]
 [12.48795995 11.02365425  2.11003208  1.66170432  1.8286252   1.41397467
   5.11577384 16.01207185 16.49438161 15.95372384 12.39967644]
 [ 1.9297914   6.10980909  1.45926374  3.06437423  1.1140653   1.59729681
   1.28389648  3.29262027 13.57732985  1.66256276  3.46133239]
 [ 6.17824933  1.00441792 18.20373957  6.03392812 15.33625092 13.89865503
   4.11822199  7.86406216 14.71919787 12.84013996  9.08995069]
 [ 2.52258744 12.18547463  4.22177535 16.8560082   1.99946384  2.73028183
   6.21568846  3.92680973  2.28785584  2.42778437  7.48694243]]
Rv: [[ 2.58124239  3.00495998  3.00860871  3.47528314  3.57355427 14.77262629
   3.84163416  1.05538717  8.89070512  8.30788475]
 [ 3.13026779  3.24964542  2.39700434 12.14811754  1.4804657   1.88666171
   1.69166332  9.04174189  3.80702145  2.22187988]
 [ 4.41762031  4.56494667 16.53214955  6.89553328  5.34791621 15.1387222
  13.92838772  1.86077895  2.13404752 11.51753244]
 [ 2.2989161  12.26820967  5.61102565 14.33338433  5.33494766  4.53200674
   3.81706446  1.02420002  2.78206098 10.48267997]
 [ 3.66147732 18.5604823   1.1203869   1.19513626  1.09484519  2.07085189
   1.39181274  1.95286404  1.62050601 13.10560138]
 [ 6.80185483 13.23077764 13.68208773  3.76349583  6.8267761   9.12056937
   5.29298903  4.71004012  1.57321525 14.76492166]
 [ 6.12507402  3.58572344  3.6226348   1.45672413  3.18281898  2.46723184
   3.17112085  6.34913254 10.55646404  3.2552843 ]
 [ 4.86317211  7.63541369  2.76260954  3.21699829  5.64559647  6.14025626
   1.88145714 18.79460506  8.53866601  6.52315499]
 [ 1.53017689 10.96023987 14.66936234  3.21356227  9.14892996 18.81601334
   3.69762297  4.75463864 11.82578786  2.36800147]
 [15.50537217  2.86582355  2.84207678  7.43323802  2.6179916  11.9622317
   4.00884014  1.77960026  8.48892641  2.1067476 ]
 [ 1.0888089   2.68880676 15.22773966 11.43190203 11.44942475  1.13665584
   6.67557445  5.97833973  8.9503259   1.33404289]]