-------Running parameters--------
T = 0.0
gap = 0
M = 10
N = 10
VR = 0.0
VU = 0.1
VD = -0.1
Vmin = 0.0
Vmax = 4.0
vStep = 0.01
vSym = False
repeats = 20
fileName = array_10_10_c_disorder_run_1
dist = exp
fullOutput = True
use_graph = False
current_map = True
plot_current_map = False
plot_binary_current_map = False
dbg = False
resume = False
sc = False
leaping = False
constQ = False
modifyR = False
output_folder = 2d_array_bgu_with_perp
params_path = 
VG_avg = 0.0
VG_std = 0.0
C_avg = 1.0
C_std = 0.7
CG_avg = 10.0
CG_std = 0.0
R_avg = 10.0
R_std = 0.0
custom_rh = ""
custom_rv = ""
custom_ch = ""
custom_cv = ""
RG_avg = 500.0
RG_std = 0.0
n0_avg = 0.0
n0_std = 0.0
Q0_avg = 0.0
Q0_std = 0.0
----Array Parameters-----
Rows: 10
Columns: 10
VG: [[0.]
 [0.]
 [0.]
 [0.]
 [0.]
 [0.]
 [0.]
 [0.]
 [0.]
 [0.]
 [0.]
 [0.]
 [0.]
 [0.]
 [0.]
 [0.]
 [0.]
 [0.]
 [0.]
 [0.]
 [0.]
 [0.]
 [0.]
 [0.]
 [0.]
 [0.]
 [0.]
 [0.]
 [0.]
 [0.]
 [0.]
 [0.]
 [0.]
 [0.]
 [0.]
 [0.]
 [0.]
 [0.]
 [0.]
 [0.]
 [0.]
 [0.]
 [0.]
 [0.]
 [0.]
 [0.]
 [0.]
 [0.]
 [0.]
 [0.]
 [0.]
 [0.]
 [0.]
 [0.]
 [0.]
 [0.]
 [0.]
 [0.]
 [0.]
 [0.]
 [0.]
 [0.]
 [0.]
 [0.]
 [0.]
 [0.]
 [0.]
 [0.]
 [0.]
 [0.]
 [0.]
 [0.]
 [0.]
 [0.]
 [0.]
 [0.]
 [0.]
 [0.]
 [0.]
 [0.]
 [0.]
 [0.]
 [0.]
 [0.]
 [0.]
 [0.]
 [0.]
 [0.]
 [0.]
 [0.]
 [0.]
 [0.]
 [0.]
 [0.]
 [0.]
 [0.]
 [0.]
 [0.]
 [0.]
 [0.]]
CG: [[10.]
 [10.]
 [10.]
 [10.]
 [10.]
 [10.]
 [10.]
 [10.]
 [10.]
 [10.]
 [10.]
 [10.]
 [10.]
 [10.]
 [10.]
 [10.]
 [10.]
 [10.]
 [10.]
 [10.]
 [10.]
 [10.]
 [10.]
 [10.]
 [10.]
 [10.]
 [10.]
 [10.]
 [10.]
 [10.]
 [10.]
 [10.]
 [10.]
 [10.]
 [10.]
 [10.]
 [10.]
 [10.]
 [10.]
 [10.]
 [10.]
 [10.]
 [10.]
 [10.]
 [10.]
 [10.]
 [10.]
 [10.]
 [10.]
 [10.]
 [10.]
 [10.]
 [10.]
 [10.]
 [10.]
 [10.]
 [10.]
 [10.]
 [10.]
 [10.]
 [10.]
 [10.]
 [10.]
 [10.]
 [10.]
 [10.]
 [10.]
 [10.]
 [10.]
 [10.]
 [10.]
 [10.]
 [10.]
 [10.]
 [10.]
 [10.]
 [10.]
 [10.]
 [10.]
 [10.]
 [10.]
 [10.]
 [10.]
 [10.]
 [10.]
 [10.]
 [10.]
 [10.]
 [10.]
 [10.]
 [10.]
 [10.]
 [10.]
 [10.]
 [10.]
 [10.]
 [10.]
 [10.]
 [10.]
 [10.]]
RG: [[500.]
 [500.]
 [500.]
 [500.]
 [500.]
 [500.]
 [500.]
 [500.]
 [500.]
 [500.]
 [500.]
 [500.]
 [500.]
 [500.]
 [500.]
 [500.]
 [500.]
 [500.]
 [500.]
 [500.]
 [500.]
 [500.]
 [500.]
 [500.]
 [500.]
 [500.]
 [500.]
 [500.]
 [500.]
 [500.]
 [500.]
 [500.]
 [500.]
 [500.]
 [500.]
 [500.]
 [500.]
 [500.]
 [500.]
 [500.]
 [500.]
 [500.]
 [500.]
 [500.]
 [500.]
 [500.]
 [500.]
 [500.]
 [500.]
 [500.]
 [500.]
 [500.]
 [500.]
 [500.]
 [500.]
 [500.]
 [500.]
 [500.]
 [500.]
 [500.]
 [500.]
 [500.]
 [500.]
 [500.]
 [500.]
 [500.]
 [500.]
 [500.]
 [500.]
 [500.]
 [500.]
 [500.]
 [500.]
 [500.]
 [500.]
 [500.]
 [500.]
 [500.]
 [500.]
 [500.]
 [500.]
 [500.]
 [500.]
 [500.]
 [500.]
 [500.]
 [500.]
 [500.]
 [500.]
 [500.]
 [500.]
 [500.]
 [500.]
 [500.]
 [500.]
 [500.]
 [500.]
 [500.]
 [500.]
 [500.]]
Ch: [[0.75628045 0.35687994 0.84615456 0.54795039 0.79080006 0.36041286
  0.88177494 1.01974781 0.92127879 0.74142912 0.35697625]
 [1.19853521 1.42950736 1.47277731 0.36336079 0.98354801 1.22455317
  0.7830831  1.24879528 0.73504484 0.32565093 0.59645518]
 [0.31105891 0.31479332 0.92114621 1.03371319 0.73372597 0.53786628
  0.50588757 1.66012427 0.87459928 0.33840333 0.52074207]
 [1.10098393 0.33363649 1.06943828 0.51554733 0.37867492 0.97801047
  0.85003199 0.45284506 0.65911989 0.48175075 0.53901141]
 [0.39441508 0.52171285 1.26036539 0.31777855 0.37116916 0.42496715
  0.92293343 0.88717757 1.62950608 0.55288042 0.9589015 ]
 [0.84448113 1.27867568 1.41518107 0.38533226 0.36017949 0.45706074
  1.25741449 1.21333137 0.99439639 0.39088431 0.40995814]
 [0.70649867 0.31998362 1.04755592 0.30953005 1.26732981 0.50699739
  0.46242967 1.0873225  0.57075407 0.73802663 1.19989703]
 [0.50109432 0.40605462 0.88464472 0.33264668 0.99361711 0.52226913
  0.58573463 0.9716273  0.31621437 0.64247268 0.44870156]
 [0.32709607 0.34985025 0.88642514 0.8415771  0.51203678 1.47247493
  0.42557087 0.3669616  0.31353732 0.40171702 0.88650836]
 [0.31818685 1.38864432 1.35434948 1.01318173 0.6537558  0.83488423
  0.72862933 0.64619088 0.60182069 0.35957799 0.65492312]]
Cv: [[0.66195457 0.44449263 0.84648809 0.93989148 1.36548048 0.39141122
  1.01820959 0.44434973 1.59664481 1.67141974]
 [1.21368558 0.47946671 0.36869567 0.56035663 1.03948627 0.44488907
  0.68545369 0.34129115 0.74724391 0.37461964]
 [0.40551974 1.2164211  1.26527853 0.69779662 0.35335315 0.9958965
  0.79975703 0.82108271 0.49239998 0.3097211 ]
 [0.96633242 0.75640941 0.55237256 0.35327572 0.65640415 1.00116479
  1.6861632  0.49099923 1.21278117 0.43289168]
 [0.65594498 0.69670539 0.62553758 1.16361928 1.02370721 1.54086211
  0.81032256 0.88835351 1.09467226 0.40879713]
 [0.45799036 1.1529863  1.21686394 0.46363201 0.33725021 1.02802905
  1.15162919 0.88197007 0.43782872 1.20920371]
 [0.6512056  0.31023639 0.92603243 0.94902763 0.31098985 0.66357
  1.10859593 0.30753127 1.00188795 0.59717191]
 [1.27574537 1.34501445 1.67074204 0.30557788 0.3456276  1.0039639
  0.80553908 1.35689844 1.10933339 0.37394329]
 [0.47803697 0.90273088 0.43937015 1.22693577 1.07012419 1.36088979
  0.66573363 1.12051785 0.75496373 1.51240928]
 [0.80620326 0.5405498  0.36369915 1.4198368  1.56328596 1.66966022
  0.81918261 0.52625676 1.45128864 1.19402275]
 [0.41004708 1.66201009 0.30048997 1.67769495 0.81606674 0.69994595
  1.02758213 0.61411266 0.9347084  1.45627296]]
Rh: [[10. 10. 10. 10. 10. 10. 10. 10. 10. 10. 10.]
 [10. 10. 10. 10. 10. 10. 10. 10. 10. 10. 10.]
 [10. 10. 10. 10. 10. 10. 10. 10. 10. 10. 10.]
 [10. 10. 10. 10. 10. 10. 10. 10. 10. 10. 10.]
 [10. 10. 10. 10. 10. 10. 10. 10. 10. 10. 10.]
 [10. 10. 10. 10. 10. 10. 10. 10. 10. 10. 10.]
 [10. 10. 10. 10. 10. 10. 10. 10. 10. 10. 10.]
 [10. 10. 10. 10. 10. 10. 10. 10. 10. 10. 10.]
 [10. 10. 10. 10. 10. 10. 10. 10. 10. 10. 10.]
 [10. 10. 10. 10. 10. 10. 10. 10. 10. 10. 10.]]
Rv: [[10. 10. 10. 10. 10. 10. 10. 10. 10. 10.]
 [10. 10. 10. 10. 10. 10. 10. 10. 10. 10.]
 [10. 10. 10. 10. 10. 10. 10. 10. 10. 10.]
 [10. 10. 10. 10. 10. 10. 10. 10. 10. 10.]
 [10. 10. 10. 10. 10. 10. 10. 10. 10. 10.]
 [10. 10. 10. 10. 10. 10. 10. 10. 10. 10.]
 [10. 10. 10. 10. 10. 10. 10. 10. 10. 10.]
 [10. 10. 10. 10. 10. 10. 10. 10. 10. 10.]
 [10. 10. 10. 10. 10. 10. 10. 10. 10. 10.]
 [10. 10. 10. 10. 10. 10. 10. 10. 10. 10.]
 [10. 10. 10. 10. 10. 10. 10. 10. 10. 10.]]