-------Running parameters--------
T = 0.0
gap = 0
M = 10
N = 10
VR = 0.0
VU = 0.1
VD = -0.1
Vmin = 0.0
Vmax = 4.0
vStep = 0.01
vSym = False
repeats = 20
fileName = array_10_10_r_cg_c_disorder_run_2
dist = exp
fullOutput = True
use_graph = False
current_map = True
plot_current_map = False
plot_binary_current_map = False
dbg = False
resume = False
sc = False
leaping = False
constQ = False
modifyR = False
output_folder = 2d_array_bgu_with_perp
params_path = 
VG_avg = 0.0
VG_std = 0.0
C_avg = 1.0
C_std = 0.7
CG_avg = 10.0
CG_std = 5.0
R_avg = 10.0
R_std = 9.0
custom_rh = ""
custom_rv = ""
custom_ch = ""
custom_cv = ""
RG_avg = 500.0
RG_std = 0.0
n0_avg = 0.0
n0_std = 0.0
Q0_avg = 0.0
Q0_std = 0.0
----Array Parameters-----
Rows: 10
Columns: 10
VG: [[0.]
 [0.]
 [0.]
 [0.]
 [0.]
 [0.]
 [0.]
 [0.]
 [0.]
 [0.]
 [0.]
 [0.]
 [0.]
 [0.]
 [0.]
 [0.]
 [0.]
 [0.]
 [0.]
 [0.]
 [0.]
 [0.]
 [0.]
 [0.]
 [0.]
 [0.]
 [0.]
 [0.]
 [0.]
 [0.]
 [0.]
 [0.]
 [0.]
 [0.]
 [0.]
 [0.]
 [0.]
 [0.]
 [0.]
 [0.]
 [0.]
 [0.]
 [0.]
 [0.]
 [0.]
 [0.]
 [0.]
 [0.]
 [0.]
 [0.]
 [0.]
 [0.]
 [0.]
 [0.]
 [0.]
 [0.]
 [0.]
 [0.]
 [0.]
 [0.]
 [0.]
 [0.]
 [0.]
 [0.]
 [0.]
 [0.]
 [0.]
 [0.]
 [0.]
 [0.]
 [0.]
 [0.]
 [0.]
 [0.]
 [0.]
 [0.]
 [0.]
 [0.]
 [0.]
 [0.]
 [0.]
 [0.]
 [0.]
 [0.]
 [0.]
 [0.]
 [0.]
 [0.]
 [0.]
 [0.]
 [0.]
 [0.]
 [0.]
 [0.]
 [0.]
 [0.]
 [0.]
 [0.]
 [0.]
 [0.]]
CG: [[ 6.88528537]
 [10.52707181]
 [ 6.06302944]
 [ 8.06561894]
 [ 9.79838825]
 [ 9.5700488 ]
 [ 6.65088119]
 [ 6.19035494]
 [ 8.5274089 ]
 [ 9.94341655]
 [ 5.4017206 ]
 [ 5.62025927]
 [ 5.26681491]
 [ 6.38649531]
 [11.68563188]
 [ 7.76389612]
 [ 6.42957841]
 [12.51720542]
 [ 5.68546586]
 [ 9.34843711]
 [ 6.40218956]
 [10.39733299]
 [14.02396682]
 [ 6.41696647]
 [ 5.92944306]
 [ 7.84128634]
 [10.85173069]
 [ 7.85817633]
 [11.05113478]
 [11.73919782]
 [10.91701439]
 [ 6.38484549]
 [13.24401578]
 [11.7432898 ]
 [10.60518111]
 [10.82548074]
 [ 9.21594293]
 [ 7.10981583]
 [12.12040814]
 [ 8.09556707]
 [14.59712006]
 [ 5.57930592]
 [ 7.04746688]
 [11.64076809]
 [ 7.1622355 ]
 [14.79659377]
 [10.96281785]
 [13.89076082]
 [ 6.39910542]
 [ 5.2136816 ]
 [ 8.31446597]
 [11.53569277]
 [ 8.44513087]
 [ 9.17870464]
 [ 5.65914647]
 [ 6.81752783]
 [ 6.98358553]
 [ 7.96188245]
 [ 5.46191811]
 [ 7.093145  ]
 [ 8.9148665 ]
 [ 6.92666435]
 [ 7.34484575]
 [14.49872224]
 [ 8.33850947]
 [ 9.64931663]
 [ 6.0184989 ]
 [13.23833739]
 [ 6.3766283 ]
 [ 6.38712007]
 [ 8.25598135]
 [ 8.86627358]
 [12.25476882]
 [ 6.82119863]
 [ 8.92737748]
 [ 5.39943674]
 [12.46077589]
 [ 8.23799207]
 [ 6.38217645]
 [11.12702715]
 [ 7.10387619]
 [ 6.69047538]
 [13.24239336]
 [ 7.80058334]
 [ 5.10109927]
 [ 6.75030169]
 [10.83538245]
 [13.41232825]
 [10.21115183]
 [ 9.19999284]
 [ 7.91973013]
 [14.61043985]
 [ 6.30365411]
 [ 5.82373773]
 [12.96047568]
 [12.32632494]
 [ 6.45993963]
 [ 9.33550488]
 [ 9.80441889]
 [ 6.29022951]]
RG: [[500.]
 [500.]
 [500.]
 [500.]
 [500.]
 [500.]
 [500.]
 [500.]
 [500.]
 [500.]
 [500.]
 [500.]
 [500.]
 [500.]
 [500.]
 [500.]
 [500.]
 [500.]
 [500.]
 [500.]
 [500.]
 [500.]
 [500.]
 [500.]
 [500.]
 [500.]
 [500.]
 [500.]
 [500.]
 [500.]
 [500.]
 [500.]
 [500.]
 [500.]
 [500.]
 [500.]
 [500.]
 [500.]
 [500.]
 [500.]
 [500.]
 [500.]
 [500.]
 [500.]
 [500.]
 [500.]
 [500.]
 [500.]
 [500.]
 [500.]
 [500.]
 [500.]
 [500.]
 [500.]
 [500.]
 [500.]
 [500.]
 [500.]
 [500.]
 [500.]
 [500.]
 [500.]
 [500.]
 [500.]
 [500.]
 [500.]
 [500.]
 [500.]
 [500.]
 [500.]
 [500.]
 [500.]
 [500.]
 [500.]
 [500.]
 [500.]
 [500.]
 [500.]
 [500.]
 [500.]
 [500.]
 [500.]
 [500.]
 [500.]
 [500.]
 [500.]
 [500.]
 [500.]
 [500.]
 [500.]
 [500.]
 [500.]
 [500.]
 [500.]
 [500.]
 [500.]
 [500.]
 [500.]
 [500.]
 [500.]]
Ch: [[0.54283789 0.43287483 0.33919978 0.66285658 0.33278142 1.60833688
  0.85577746 0.67219102 1.64464695 0.48491669 0.78667532]
 [0.5417656  1.62280695 1.66288257 1.34576576 0.42023461 1.07690819
  1.25394136 1.41240015 0.48144953 1.67545462 1.19569477]
 [1.51495097 0.95527376 0.39229083 0.66019738 0.78703867 0.63531593
  0.33894255 0.39084636 1.56317488 0.35868007 0.90637879]
 [0.67511641 0.81871556 0.68175035 0.71354176 0.39726823 0.57934215
  1.29398129 0.79726673 0.30704281 0.76964017 1.19583874]
 [0.78478643 0.40707609 0.55020534 1.69787717 1.27419988 0.99038271
  1.64148261 0.55249261 0.30704694 0.59997913 0.31650866]
 [0.48578409 0.46345147 1.224713   0.33407497 1.66449025 1.00865057
  0.3373144  0.90402322 0.44085173 1.15020861 0.48276493]
 [1.17256884 0.50749219 0.52553688 0.33203497 0.43920726 0.33931057
  0.66624357 1.61235662 0.96409006 0.32118034 0.827513  ]
 [1.41302232 0.62412386 1.34022289 0.5476934  1.07407983 0.36677347
  0.74158155 1.54786841 1.67033969 0.80546167 1.19044111]
 [0.74872223 0.43135806 0.82328713 1.49519845 0.48064704 0.5289468
  1.27230953 0.40482105 0.56981017 1.13140747 1.65665952]
 [0.64406586 1.35303813 0.72600432 0.90049733 1.2458956  1.2656553
  0.51024031 1.28290681 0.82718837 1.45818577 0.37116503]]
Cv: [[1.38701956 0.89722425 1.19686203 0.77403297 1.6204013  1.50785451
  0.3026537  1.5559943  1.27667171 0.59811116]
 [1.62062782 0.66357437 0.53905657 1.54574984 1.57089965 0.39178067
  1.03129026 0.64629933 0.53005368 1.3874632 ]
 [0.36814023 0.42098161 1.08518515 0.77447686 1.04346247 0.42833114
  0.39269427 0.85314253 0.77705684 0.30825647]
 [0.99918575 0.59502069 0.76770657 1.65747062 0.44747907 0.98789462
  0.43155388 0.48884321 0.71357444 0.57736845]
 [1.69428833 0.37851735 0.78942112 1.02340358 0.66532023 0.60441765
  0.32367825 0.96917019 0.57268616 0.87036024]
 [0.68862863 1.34406644 1.22699246 0.61558097 0.51815714 0.43123511
  0.70312976 1.10519569 0.71789074 0.9310172 ]
 [1.63090469 0.49580346 0.37121958 0.94888402 0.50878286 0.41445433
  1.32639508 1.06271689 0.37689965 0.30392696]
 [0.36093082 0.48227352 0.75278892 1.574641   0.40706307 1.14553958
  1.64676399 1.09410907 0.64059132 0.4087356 ]
 [1.34335728 0.31842561 0.35396645 0.33040464 0.70689543 0.40556015
  0.92109612 1.38062289 0.31057233 0.65543181]
 [0.52900365 0.532309   1.09309907 1.2441252  1.40529279 1.61438996
  1.17815096 0.77487358 0.53959072 0.48546092]
 [0.35749293 1.10482221 0.86261744 0.4357515  0.66125196 1.27938495
  0.52145348 0.36591575 0.49211179 1.48676526]]
Rh: [[ 1.13937521  3.69770568  8.5608328   6.21768298  4.04734075  2.02568546
   6.85545373  1.37569455 12.47677048  4.81387546  4.58711867]
 [ 1.98184054  2.15224276  9.82894713  2.81588533  7.21587642 16.81368269
  11.35102558  1.47223649  5.81074686  9.4700474   3.66548352]
 [11.16734592  1.54576674  7.57144233  6.17238859  5.40295161 10.38157634
   5.25463827 16.69073733  2.21226173  2.45181907  3.66834094]
 [ 4.81496117  1.3454899   5.64913445  2.18845072  4.08002389  1.96455539
   1.95161445  2.89648315  5.55967919  1.49317784  1.46115876]
 [15.19123904 13.33268498 11.79382282  7.62846225  1.11409034  9.70748629
   2.66516699  1.23267052  4.81674172 17.35542861 10.59138642]
 [ 2.41800704  5.17267766  1.37577079  2.65502284  1.01282138  8.62605759
   1.08921176 14.79771948  1.3940684   1.09016812  2.68637157]
 [ 3.70069111  3.18035974  1.78190628  3.11023376  1.72206221 12.07128062
   1.69537908  2.81418841 14.3890935   1.44450356  1.78818338]
 [ 1.49399662  1.17134689  7.40361654  2.51763078  2.51891439  5.018195
   6.96985929  1.01482796 17.97759219 15.68457731 13.42673151]
 [ 9.05822406  1.74481893  3.70314535  8.42268896 16.07851104  1.69868088
   8.91239933  2.77551736  1.10227299  3.97671058  7.63215252]
 [ 2.49997859  1.40064416  1.1241783  17.5361552   4.97755071 10.67517761
   2.61196015  1.3017609   5.52215536  5.66891197  2.65239562]]
Rv: [[ 8.9454276   4.49561011  1.15605958  6.20804782  7.21676092  2.85601963
  18.90749851 15.26150201  7.4473874   1.50048162]
 [ 6.93099976  3.88945477 11.15929102  6.45946125 13.44495387  4.7165171
  14.25918519  8.06214999  6.98532339  5.34531078]
 [ 6.73588169  1.95692766  4.18154837  7.92544542 18.723874    6.11440347
   4.26162751 11.61988734  7.51521011  1.97189008]
 [ 3.5677268   5.99333036  1.20180705  9.63129135  1.49528669  6.36150455
   5.89414016  1.30633296  5.97454875  1.06483382]
 [16.49783608  6.32464384  8.17643617  6.45331939  2.9590412   3.55079726
   5.13584728  5.61984974  2.75717277  2.97244659]
 [16.79070515  2.79125983  5.46008478  2.42122351  1.96408333  1.53343262
  11.30067804  1.99153638  2.06354324 15.56960968]
 [14.87499578  2.92260116  2.14347704 16.86232919  4.10740496  2.11790818
   2.16667559  1.73306514  2.15732543  9.52186248]
 [ 4.28466856 11.13548413  4.66010394  7.51637771  2.3645938   2.41940928
   4.96912793  1.60683961  1.45229276 15.61299697]
 [ 5.69121973 10.16573692  2.12099215  1.00374379  5.86501649  1.27636442
  14.78067428 14.63440885 10.45883422  9.32595579]
 [ 9.31486835 11.22481466  6.7850445  11.7448965   2.06304612 16.82783429
   3.5039074  16.35230389  1.72162729  8.09397008]
 [ 7.71620253  3.86527586  1.14438279  4.39701189  2.23945067 12.10771571
  12.60174364  9.81902417 11.9477621   2.6713539 ]]