-------Running parameters--------
T = 0.0
gap = 0
M = 10
N = 10
VR = 0.0
VU = 0.1
VD = -0.1
Vmin = 0.0
Vmax = 4.0
vStep = 0.01
vSym = False
repeats = 20
fileName = array_10_10_cg_c_disorder_run_2
dist = exp
fullOutput = True
use_graph = False
current_map = True
plot_current_map = False
plot_binary_current_map = False
dbg = False
resume = False
sc = False
leaping = False
constQ = False
modifyR = False
output_folder = 2d_array_bgu_with_perp
params_path = 
VG_avg = 0.0
VG_std = 0.0
C_avg = 1.0
C_std = 0.7
CG_avg = 10.0
CG_std = 5.0
R_avg = 10.0
R_std = 0.0
custom_rh = ""
custom_rv = ""
custom_ch = ""
custom_cv = ""
RG_avg = 500.0
RG_std = 0.0
n0_avg = 0.0
n0_std = 0.0
Q0_avg = 0.0
Q0_std = 0.0
----Array Parameters-----
Rows: 10
Columns: 10
VG: [[0.]
 [0.]
 [0.]
 [0.]
 [0.]
 [0.]
 [0.]
 [0.]
 [0.]
 [0.]
 [0.]
 [0.]
 [0.]
 [0.]
 [0.]
 [0.]
 [0.]
 [0.]
 [0.]
 [0.]
 [0.]
 [0.]
 [0.]
 [0.]
 [0.]
 [0.]
 [0.]
 [0.]
 [0.]
 [0.]
 [0.]
 [0.]
 [0.]
 [0.]
 [0.]
 [0.]
 [0.]
 [0.]
 [0.]
 [0.]
 [0.]
 [0.]
 [0.]
 [0.]
 [0.]
 [0.]
 [0.]
 [0.]
 [0.]
 [0.]
 [0.]
 [0.]
 [0.]
 [0.]
 [0.]
 [0.]
 [0.]
 [0.]
 [0.]
 [0.]
 [0.]
 [0.]
 [0.]
 [0.]
 [0.]
 [0.]
 [0.]
 [0.]
 [0.]
 [0.]
 [0.]
 [0.]
 [0.]
 [0.]
 [0.]
 [0.]
 [0.]
 [0.]
 [0.]
 [0.]
 [0.]
 [0.]
 [0.]
 [0.]
 [0.]
 [0.]
 [0.]
 [0.]
 [0.]
 [0.]
 [0.]
 [0.]
 [0.]
 [0.]
 [0.]
 [0.]
 [0.]
 [0.]
 [0.]
 [0.]]
CG: [[ 5.2138778 ]
 [ 5.46574989]
 [13.05796694]
 [ 9.86048176]
 [ 7.57909833]
 [ 9.79545969]
 [ 6.36989417]
 [ 6.75290089]
 [ 7.9782424 ]
 [13.9653816 ]
 [14.37160167]
 [13.92943625]
 [ 5.53808148]
 [ 6.73604128]
 [ 8.9576368 ]
 [ 9.14561409]
 [13.32780454]
 [ 5.78637001]
 [12.73792101]
 [ 5.16859727]
 [ 8.23636028]
 [ 6.19977289]
 [12.58187557]
 [ 5.94632079]
 [ 7.66283473]
 [12.29318013]
 [ 7.50898991]
 [ 7.04844701]
 [ 6.48100432]
 [ 5.82357362]
 [ 5.89108237]
 [11.65034766]
 [ 8.79399609]
 [ 8.1046877 ]
 [10.88686565]
 [ 5.7322551 ]
 [ 6.61940741]
 [14.27989917]
 [ 6.13576845]
 [11.18240775]
 [ 6.58849449]
 [ 8.30141584]
 [ 5.96340025]
 [10.01629324]
 [ 8.28692889]
 [10.83186388]
 [ 7.93869904]
 [ 9.32417906]
 [11.65443634]
 [ 6.70785506]
 [ 8.86322425]
 [13.14671418]
 [ 5.90259389]
 [11.00443305]
 [ 8.82314406]
 [ 8.66322069]
 [ 6.80671184]
 [ 6.64122847]
 [12.47687198]
 [ 7.84406596]
 [10.61930776]
 [12.66376878]
 [ 7.4802447 ]
 [ 5.96290397]
 [ 7.19346327]
 [ 7.46211174]
 [ 6.66861732]
 [ 8.52159705]
 [ 8.21313565]
 [ 8.77281831]
 [10.29555807]
 [ 6.12764217]
 [11.90422101]
 [ 7.81098965]
 [ 5.54181386]
 [ 7.47946044]
 [12.08173504]
 [10.17893877]
 [ 8.61892669]
 [10.93883444]
 [14.86686144]
 [ 7.53008023]
 [ 9.02024746]
 [ 9.20318342]
 [ 6.79610341]
 [11.3201243 ]
 [13.79841324]
 [ 8.18791294]
 [ 5.07312679]
 [ 6.75695637]
 [ 6.2668643 ]
 [ 5.1446242 ]
 [ 9.0098685 ]
 [ 6.67411097]
 [13.8734465 ]
 [ 6.43955723]
 [ 7.61701145]
 [ 8.09384145]
 [ 9.76970236]
 [ 8.40361342]]
RG: [[500.]
 [500.]
 [500.]
 [500.]
 [500.]
 [500.]
 [500.]
 [500.]
 [500.]
 [500.]
 [500.]
 [500.]
 [500.]
 [500.]
 [500.]
 [500.]
 [500.]
 [500.]
 [500.]
 [500.]
 [500.]
 [500.]
 [500.]
 [500.]
 [500.]
 [500.]
 [500.]
 [500.]
 [500.]
 [500.]
 [500.]
 [500.]
 [500.]
 [500.]
 [500.]
 [500.]
 [500.]
 [500.]
 [500.]
 [500.]
 [500.]
 [500.]
 [500.]
 [500.]
 [500.]
 [500.]
 [500.]
 [500.]
 [500.]
 [500.]
 [500.]
 [500.]
 [500.]
 [500.]
 [500.]
 [500.]
 [500.]
 [500.]
 [500.]
 [500.]
 [500.]
 [500.]
 [500.]
 [500.]
 [500.]
 [500.]
 [500.]
 [500.]
 [500.]
 [500.]
 [500.]
 [500.]
 [500.]
 [500.]
 [500.]
 [500.]
 [500.]
 [500.]
 [500.]
 [500.]
 [500.]
 [500.]
 [500.]
 [500.]
 [500.]
 [500.]
 [500.]
 [500.]
 [500.]
 [500.]
 [500.]
 [500.]
 [500.]
 [500.]
 [500.]
 [500.]
 [500.]
 [500.]
 [500.]
 [500.]]
Ch: [[0.36859678 0.33034613 1.027793   1.10401273 0.65425598 0.68399724
  1.07870054 0.69306093 1.48681632 0.93097977 0.72034759]
 [0.60501454 0.4346903  0.34084018 0.52588656 1.27762211 1.19218395
  0.78610551 0.83845926 0.97777809 0.89140389 0.56494643]
 [0.51685698 1.16321891 0.6030272  0.78028055 0.56766903 1.64401949
  0.57216951 0.53684766 0.33011506 1.11905868 0.51930381]
 [1.43079116 0.88043406 0.56745816 1.41117502 1.17071075 0.41991594
  0.84743266 1.23212357 0.85811835 1.13620444 0.74860243]
 [1.68891552 0.32507556 0.54689357 0.63668614 0.95197516 1.36624534
  0.53869912 1.52485803 0.38566326 1.5107583  1.69265772]
 [0.33797212 0.36389592 0.40721851 1.06509123 0.66727884 1.19937432
  0.59954674 0.74263381 0.49624236 1.49854843 0.70687021]
 [1.27378034 0.56801179 1.13605982 0.8871199  1.48892004 0.90810451
  1.04129518 0.31549856 0.38029638 0.33637207 0.66037461]
 [1.56305809 0.92215255 0.3346207  0.41417499 0.79078747 0.5398695
  0.65107545 1.51061962 0.37849395 0.68291163 0.86787882]
 [1.13333966 0.59449022 0.30635312 0.38082146 1.35190229 1.25953297
  0.30435439 0.83257111 0.30598795 1.11292484 0.52461833]
 [0.9195419  0.93213741 1.24831951 0.42446746 1.0663481  0.45314538
  0.89160572 0.45749899 0.89570844 0.37199961 0.50457921]]
Cv: [[1.5860579  0.92481617 0.60547967 1.37613425 0.82638364 0.36196787
  0.56608369 0.74531618 0.52506218 0.70430501]
 [0.40007657 0.64424692 0.65233242 0.89639053 0.323639   0.52735777
  1.04815323 0.60837234 0.30326674 1.12849278]
 [0.4793537  0.44370862 0.51797289 0.30828788 1.04073832 0.79703338
  1.11291481 0.44390037 0.68441388 1.53025832]
 [0.73499252 0.77577145 0.44493179 1.47446505 1.17475491 0.406603
  0.50733606 0.62970196 0.57468356 0.30179896]
 [0.61080612 0.63948854 0.89712451 0.34593549 0.31317346 1.39839898
  1.4461477  0.43846758 1.0779036  1.5773385 ]
 [0.62633099 1.15688848 1.36714904 1.32009795 1.38772028 0.80821175
  1.49925135 0.55311962 0.55270061 0.36977479]
 [0.60343415 0.34825771 1.37042182 0.5370341  0.673837   0.4213303
  0.72976496 0.92201843 0.44683182 0.3713779 ]
 [0.36720241 0.60824352 1.08892886 0.88131637 0.96986919 0.79979061
  1.18058369 0.49714426 0.6144234  1.54439417]
 [0.86267957 0.52612669 0.55162539 1.64344938 0.8297074  1.54504737
  0.98864391 1.3099706  1.03210787 0.8441077 ]
 [0.84586492 0.34393318 0.63070821 0.31991964 1.4615968  0.36243318
  0.54826863 0.75602897 0.76578435 0.30842021]
 [1.02107529 0.37894472 0.70938826 1.13650129 0.82655981 0.419464
  1.46244982 0.30738565 1.46960646 0.5215295 ]]
Rh: [[10. 10. 10. 10. 10. 10. 10. 10. 10. 10. 10.]
 [10. 10. 10. 10. 10. 10. 10. 10. 10. 10. 10.]
 [10. 10. 10. 10. 10. 10. 10. 10. 10. 10. 10.]
 [10. 10. 10. 10. 10. 10. 10. 10. 10. 10. 10.]
 [10. 10. 10. 10. 10. 10. 10. 10. 10. 10. 10.]
 [10. 10. 10. 10. 10. 10. 10. 10. 10. 10. 10.]
 [10. 10. 10. 10. 10. 10. 10. 10. 10. 10. 10.]
 [10. 10. 10. 10. 10. 10. 10. 10. 10. 10. 10.]
 [10. 10. 10. 10. 10. 10. 10. 10. 10. 10. 10.]
 [10. 10. 10. 10. 10. 10. 10. 10. 10. 10. 10.]]
Rv: [[10. 10. 10. 10. 10. 10. 10. 10. 10. 10.]
 [10. 10. 10. 10. 10. 10. 10. 10. 10. 10.]
 [10. 10. 10. 10. 10. 10. 10. 10. 10. 10.]
 [10. 10. 10. 10. 10. 10. 10. 10. 10. 10.]
 [10. 10. 10. 10. 10. 10. 10. 10. 10. 10.]
 [10. 10. 10. 10. 10. 10. 10. 10. 10. 10.]
 [10. 10. 10. 10. 10. 10. 10. 10. 10. 10.]
 [10. 10. 10. 10. 10. 10. 10. 10. 10. 10.]
 [10. 10. 10. 10. 10. 10. 10. 10. 10. 10.]
 [10. 10. 10. 10. 10. 10. 10. 10. 10. 10.]
 [10. 10. 10. 10. 10. 10. 10. 10. 10. 10.]]