-------Running parameters--------
T = 0.0
gap = 0
M = 10
N = 10
VR = 0.0
VU = 0.1
VD = -0.1
Vmin = 0.0
Vmax = 4.0
vStep = 0.01
vSym = False
repeats = 20
fileName = array_10_10_r_vg_disorder_run_2
dist = exp
fullOutput = True
use_graph = False
current_map = True
plot_current_map = False
plot_binary_current_map = False
dbg = False
resume = False
sc = False
leaping = False
constQ = False
modifyR = False
output_folder = 2d_array_bgu_with_perp
params_path = 
VG_avg = 0.0
VG_std = 5.0
C_avg = 1.0
C_std = 0.0
CG_avg = 10.0
CG_std = 0.0
R_avg = 10.0
R_std = 9.0
custom_rh = ""
custom_rv = ""
custom_ch = ""
custom_cv = ""
RG_avg = 500.0
RG_std = 0.0
n0_avg = 0.0
n0_std = 0.0
Q0_avg = 0.0
Q0_std = 0.0
----Array Parameters-----
Rows: 10
Columns: 10
VG: [[-1.89522009]
 [ 1.65122388]
 [ 4.78250054]
 [ 4.04861665]
 [ 0.74488946]
 [-4.78503908]
 [ 0.78936137]
 [ 3.12758535]
 [ 0.20991421]
 [-1.95123149]
 [-4.59677871]
 [ 0.47325422]
 [ 1.09645144]
 [ 4.1641767 ]
 [-4.08664353]
 [-3.72281529]
 [ 3.6829218 ]
 [ 1.84101272]
 [-1.64786697]
 [ 1.79912641]
 [ 1.02926021]
 [ 2.83323904]
 [ 4.96845701]
 [-3.79927478]
 [-0.66967244]
 [ 4.37865397]
 [-0.05424396]
 [ 3.02237857]
 [-3.78671355]
 [-3.83287573]
 [-1.87823953]
 [ 4.94172179]
 [ 0.63803193]
 [-1.70535678]
 [ 2.11233431]
 [-1.28251803]
 [ 3.07399856]
 [ 1.65384962]
 [ 4.84730141]
 [-4.14017566]
 [-3.86774378]
 [-2.65086981]
 [-1.35781551]
 [ 1.33180764]
 [-3.16852489]
 [-3.08759297]
 [ 1.84161526]
 [-4.60706953]
 [-4.94986132]
 [ 3.18456606]
 [ 2.52053848]
 [ 2.0367243 ]
 [ 0.30382768]
 [-4.24558951]
 [ 2.83651591]
 [-2.20732524]
 [ 2.6388677 ]
 [ 3.56805447]
 [ 2.93858663]
 [-4.83030449]
 [ 2.23870737]
 [-3.14353851]
 [-3.66571153]
 [ 4.30624915]
 [ 1.31076143]
 [ 1.68404252]
 [-2.29717774]
 [-0.39970822]
 [-3.9176368 ]
 [ 0.54388689]
 [-2.32119529]
 [ 3.32892369]
 [ 0.42493118]
 [ 1.95749084]
 [ 1.08621134]
 [-4.11039579]
 [-0.78688578]
 [-1.37161484]
 [-4.4516883 ]
 [ 3.24368152]
 [ 4.68821403]
 [ 3.55883674]
 [ 1.60654936]
 [-2.79330445]
 [ 2.0514813 ]
 [ 1.08970309]
 [ 0.2785145 ]
 [-4.94348532]
 [-3.2789486 ]
 [-1.96589869]
 [-2.93364591]
 [-2.8820433 ]
 [ 2.60526298]
 [-1.49339936]
 [ 1.97775432]
 [ 2.8157945 ]
 [-2.01179913]
 [-3.10828072]
 [ 3.8142161 ]
 [-3.53082756]]
CG: [[10.]
 [10.]
 [10.]
 [10.]
 [10.]
 [10.]
 [10.]
 [10.]
 [10.]
 [10.]
 [10.]
 [10.]
 [10.]
 [10.]
 [10.]
 [10.]
 [10.]
 [10.]
 [10.]
 [10.]
 [10.]
 [10.]
 [10.]
 [10.]
 [10.]
 [10.]
 [10.]
 [10.]
 [10.]
 [10.]
 [10.]
 [10.]
 [10.]
 [10.]
 [10.]
 [10.]
 [10.]
 [10.]
 [10.]
 [10.]
 [10.]
 [10.]
 [10.]
 [10.]
 [10.]
 [10.]
 [10.]
 [10.]
 [10.]
 [10.]
 [10.]
 [10.]
 [10.]
 [10.]
 [10.]
 [10.]
 [10.]
 [10.]
 [10.]
 [10.]
 [10.]
 [10.]
 [10.]
 [10.]
 [10.]
 [10.]
 [10.]
 [10.]
 [10.]
 [10.]
 [10.]
 [10.]
 [10.]
 [10.]
 [10.]
 [10.]
 [10.]
 [10.]
 [10.]
 [10.]
 [10.]
 [10.]
 [10.]
 [10.]
 [10.]
 [10.]
 [10.]
 [10.]
 [10.]
 [10.]
 [10.]
 [10.]
 [10.]
 [10.]
 [10.]
 [10.]
 [10.]
 [10.]
 [10.]
 [10.]]
RG: [[500.]
 [500.]
 [500.]
 [500.]
 [500.]
 [500.]
 [500.]
 [500.]
 [500.]
 [500.]
 [500.]
 [500.]
 [500.]
 [500.]
 [500.]
 [500.]
 [500.]
 [500.]
 [500.]
 [500.]
 [500.]
 [500.]
 [500.]
 [500.]
 [500.]
 [500.]
 [500.]
 [500.]
 [500.]
 [500.]
 [500.]
 [500.]
 [500.]
 [500.]
 [500.]
 [500.]
 [500.]
 [500.]
 [500.]
 [500.]
 [500.]
 [500.]
 [500.]
 [500.]
 [500.]
 [500.]
 [500.]
 [500.]
 [500.]
 [500.]
 [500.]
 [500.]
 [500.]
 [500.]
 [500.]
 [500.]
 [500.]
 [500.]
 [500.]
 [500.]
 [500.]
 [500.]
 [500.]
 [500.]
 [500.]
 [500.]
 [500.]
 [500.]
 [500.]
 [500.]
 [500.]
 [500.]
 [500.]
 [500.]
 [500.]
 [500.]
 [500.]
 [500.]
 [500.]
 [500.]
 [500.]
 [500.]
 [500.]
 [500.]
 [500.]
 [500.]
 [500.]
 [500.]
 [500.]
 [500.]
 [500.]
 [500.]
 [500.]
 [500.]
 [500.]
 [500.]
 [500.]
 [500.]
 [500.]
 [500.]]
Ch: [[1. 1. 1. 1. 1. 1. 1. 1. 1. 1. 1.]
 [1. 1. 1. 1. 1. 1. 1. 1. 1. 1. 1.]
 [1. 1. 1. 1. 1. 1. 1. 1. 1. 1. 1.]
 [1. 1. 1. 1. 1. 1. 1. 1. 1. 1. 1.]
 [1. 1. 1. 1. 1. 1. 1. 1. 1. 1. 1.]
 [1. 1. 1. 1. 1. 1. 1. 1. 1. 1. 1.]
 [1. 1. 1. 1. 1. 1. 1. 1. 1. 1. 1.]
 [1. 1. 1. 1. 1. 1. 1. 1. 1. 1. 1.]
 [1. 1. 1. 1. 1. 1. 1. 1. 1. 1. 1.]
 [1. 1. 1. 1. 1. 1. 1. 1. 1. 1. 1.]]
Cv: [[1. 1. 1. 1. 1. 1. 1. 1. 1. 1.]
 [1. 1. 1. 1. 1. 1. 1. 1. 1. 1.]
 [1. 1. 1. 1. 1. 1. 1. 1. 1. 1.]
 [1. 1. 1. 1. 1. 1. 1. 1. 1. 1.]
 [1. 1. 1. 1. 1. 1. 1. 1. 1. 1.]
 [1. 1. 1. 1. 1. 1. 1. 1. 1. 1.]
 [1. 1. 1. 1. 1. 1. 1. 1. 1. 1.]
 [1. 1. 1. 1. 1. 1. 1. 1. 1. 1.]
 [1. 1. 1. 1. 1. 1. 1. 1. 1. 1.]
 [1. 1. 1. 1. 1. 1. 1. 1. 1. 1.]
 [1. 1. 1. 1. 1. 1. 1. 1. 1. 1.]]
Rh: [[ 1.89256079  5.14072321  2.41263897  4.75096672  1.2477444   1.85926862
   2.38118397  3.02989224  7.97016389 12.07552196 16.94310996]
 [ 6.38678677  2.58022489  2.28172683 10.10180775 18.48892376  1.44093891
   3.71976516  8.80926146 11.60225431 13.32614043 12.37793693]
 [ 4.69973796  1.02398598  1.67751631  4.28619923 12.79795767  2.14835287
  12.76163277 10.40024643  1.15686456 11.89272294  6.48737497]
 [ 6.65962228  5.18656563  2.17691088  1.04499276  3.43513737 10.38610981
   8.86245104  2.20178834  1.4386793   3.21614468  2.01494673]
 [ 9.74627381 12.03792005  1.80583937  7.99438992  1.0993851   5.21518425
   4.19225219  5.1032806  16.83708473  3.40528128  8.19794273]
 [ 8.04032602  7.16324806  4.58696365  4.75448672  2.7975581  12.2624837
   1.55926581  4.00458845  8.69351256  5.34329966  2.14169365]
 [ 6.39411041  8.65283571  1.41472962  1.49245546  9.82227371  4.58402802
   8.8788349   2.28699853  2.5025477   4.71030675  1.59230234]
 [14.07983577  4.13025769  2.67049606  2.08999255  1.40007742  8.52121895
  16.00487732  3.91064752  1.48027757 13.66945011  1.58906644]
 [ 5.27538502  3.89765553  2.26515535 12.8692799   1.0689271   2.20229704
   5.02176081 13.47393487  1.81993491  7.48427581  2.51472476]
 [ 2.0078328   3.06418074 16.4336239   2.71081635  1.05821272  1.38818055
   4.01883023  1.42628233 10.90869444  1.45867993 17.36961794]]
Rv: [[ 4.53233887  2.49529462  1.99466914  1.45957256  1.24453454  8.00346897
   2.40249344  2.00460013  3.48680972  5.0379172 ]
 [ 1.14534228  2.18722135  2.59391035  1.4203009   9.48761029  9.41394262
   5.14830823  5.65654782  2.65022608  1.39664796]
 [ 9.09264889  2.24800521  5.77711559  7.35761337  1.52759615 18.70961327
  12.88143626  8.79802968 16.38470675  1.41747868]
 [ 5.63796122 13.72607524  3.69964501  1.32231152  9.85053376  2.83511898
   1.62098174  9.80788572  1.26205447  1.42820413]
 [ 2.10054426  3.79844926  5.13670136  1.42970391  3.89228628 18.53857994
   1.83814413 13.34835891 18.35951387  7.04860339]
 [ 1.51534574  4.01971933  1.39205201  7.85550314  4.04475612  1.27986551
   7.75547283 16.89934597  1.25153418 15.67735581]
 [ 2.87579541 10.81288669  8.90311783  2.93145054  3.05604855 11.23452041
   1.77935133  7.68339178  1.00375939  1.17516681]
 [13.54581501  5.81816004  8.47087422  3.551302   15.53604704  2.54424933
  15.07838198  1.70234825  3.90646543  2.52880213]
 [ 1.5241121   8.19173567  3.89745379 14.92324378  5.21574544  1.77902544
   2.81770268  1.01757412  1.9255543   5.1119088 ]
 [11.3859642   5.59545719  1.3024583   1.80546131  8.24773779 12.81629377
   4.08710707  1.26940494  1.04568008 14.40594484]
 [ 4.50126194  1.77974816  1.42574166  9.0761109   1.38516067 18.42071277
   9.50893235 16.2908962   1.86776843  1.87000745]]