-------Running parameters--------
T = 0.0
gap = 0
M = 10
N = 10
VR = 0.0
VU = 0.1
VD = -0.1
Vmin = 0.0
Vmax = 4.0
vStep = 0.01
vSym = False
repeats = 20
fileName = array_10_10_cg_c_disorder_run_1
dist = exp
fullOutput = True
use_graph = False
current_map = True
plot_current_map = False
plot_binary_current_map = False
dbg = False
resume = False
sc = False
leaping = False
constQ = False
modifyR = False
output_folder = 2d_array_bgu_with_perp
params_path = 
VG_avg = 0.0
VG_std = 0.0
C_avg = 1.0
C_std = 0.7
CG_avg = 10.0
CG_std = 5.0
R_avg = 10.0
R_std = 0.0
custom_rh = ""
custom_rv = ""
custom_ch = ""
custom_cv = ""
RG_avg = 500.0
RG_std = 0.0
n0_avg = 0.0
n0_std = 0.0
Q0_avg = 0.0
Q0_std = 0.0
----Array Parameters-----
Rows: 10
Columns: 10
VG: [[0.]
 [0.]
 [0.]
 [0.]
 [0.]
 [0.]
 [0.]
 [0.]
 [0.]
 [0.]
 [0.]
 [0.]
 [0.]
 [0.]
 [0.]
 [0.]
 [0.]
 [0.]
 [0.]
 [0.]
 [0.]
 [0.]
 [0.]
 [0.]
 [0.]
 [0.]
 [0.]
 [0.]
 [0.]
 [0.]
 [0.]
 [0.]
 [0.]
 [0.]
 [0.]
 [0.]
 [0.]
 [0.]
 [0.]
 [0.]
 [0.]
 [0.]
 [0.]
 [0.]
 [0.]
 [0.]
 [0.]
 [0.]
 [0.]
 [0.]
 [0.]
 [0.]
 [0.]
 [0.]
 [0.]
 [0.]
 [0.]
 [0.]
 [0.]
 [0.]
 [0.]
 [0.]
 [0.]
 [0.]
 [0.]
 [0.]
 [0.]
 [0.]
 [0.]
 [0.]
 [0.]
 [0.]
 [0.]
 [0.]
 [0.]
 [0.]
 [0.]
 [0.]
 [0.]
 [0.]
 [0.]
 [0.]
 [0.]
 [0.]
 [0.]
 [0.]
 [0.]
 [0.]
 [0.]
 [0.]
 [0.]
 [0.]
 [0.]
 [0.]
 [0.]
 [0.]
 [0.]
 [0.]
 [0.]
 [0.]]
CG: [[12.45116699]
 [ 9.19252093]
 [ 8.20714729]
 [ 6.8593666 ]
 [ 8.44159459]
 [ 5.07589482]
 [ 8.57752346]
 [14.02992076]
 [14.91429892]
 [11.67264549]
 [ 8.98238218]
 [12.03228867]
 [10.98367955]
 [13.4843432 ]
 [13.27842906]
 [ 7.88487841]
 [11.27730443]
 [ 9.92320196]
 [ 9.97720724]
 [ 9.19632176]
 [ 6.17740005]
 [11.3530553 ]
 [13.05416008]
 [ 6.07836387]
 [ 8.71875583]
 [12.18962226]
 [ 7.48383673]
 [12.07868483]
 [ 5.15391558]
 [14.12814751]
 [14.95287463]
 [ 5.79586092]
 [ 6.81774115]
 [ 7.89818373]
 [ 7.3319396 ]
 [12.62704543]
 [ 8.28151991]
 [13.58174181]
 [ 6.95793681]
 [10.15721029]
 [12.95487122]
 [ 7.50250863]
 [ 6.49938527]
 [10.61381932]
 [12.6700412 ]
 [14.08414388]
 [11.79751237]
 [11.13919184]
 [ 8.99301397]
 [11.37863393]
 [ 8.56391411]
 [ 8.66171467]
 [ 7.22805284]
 [ 5.03305514]
 [ 6.00612808]
 [ 5.38097338]
 [12.39216403]
 [14.60991441]
 [14.67871324]
 [14.75039636]
 [ 9.48716623]
 [12.87469535]
 [12.22628234]
 [10.01244562]
 [12.3001656 ]
 [ 5.41618426]
 [11.62238852]
 [ 9.43930264]
 [13.54990039]
 [ 9.71379546]
 [ 9.99569972]
 [11.54502667]
 [ 7.67716911]
 [ 5.00261848]
 [10.78794833]
 [13.51755246]
 [ 7.00345299]
 [ 5.02498151]
 [ 7.15799058]
 [ 7.62000208]
 [ 6.23251185]
 [12.28216589]
 [ 6.1702623 ]
 [13.74983277]
 [ 6.17775745]
 [ 9.47739839]
 [14.19353662]
 [13.8385191 ]
 [13.82323601]
 [ 7.1349903 ]
 [ 6.88538891]
 [ 9.07314219]
 [10.6205023 ]
 [10.97298938]
 [ 5.60459947]
 [ 5.8843316 ]
 [ 7.47141382]
 [10.63018277]
 [13.07057451]
 [ 9.66346817]]
RG: [[500.]
 [500.]
 [500.]
 [500.]
 [500.]
 [500.]
 [500.]
 [500.]
 [500.]
 [500.]
 [500.]
 [500.]
 [500.]
 [500.]
 [500.]
 [500.]
 [500.]
 [500.]
 [500.]
 [500.]
 [500.]
 [500.]
 [500.]
 [500.]
 [500.]
 [500.]
 [500.]
 [500.]
 [500.]
 [500.]
 [500.]
 [500.]
 [500.]
 [500.]
 [500.]
 [500.]
 [500.]
 [500.]
 [500.]
 [500.]
 [500.]
 [500.]
 [500.]
 [500.]
 [500.]
 [500.]
 [500.]
 [500.]
 [500.]
 [500.]
 [500.]
 [500.]
 [500.]
 [500.]
 [500.]
 [500.]
 [500.]
 [500.]
 [500.]
 [500.]
 [500.]
 [500.]
 [500.]
 [500.]
 [500.]
 [500.]
 [500.]
 [500.]
 [500.]
 [500.]
 [500.]
 [500.]
 [500.]
 [500.]
 [500.]
 [500.]
 [500.]
 [500.]
 [500.]
 [500.]
 [500.]
 [500.]
 [500.]
 [500.]
 [500.]
 [500.]
 [500.]
 [500.]
 [500.]
 [500.]
 [500.]
 [500.]
 [500.]
 [500.]
 [500.]
 [500.]
 [500.]
 [500.]
 [500.]
 [500.]]
Ch: [[0.63643189 0.39934017 1.15714796 0.72206694 0.86832052 0.61339147
  0.32895848 0.79953187 1.39551348 1.23522842 0.52731134]
 [0.67349038 0.44276997 0.8943144  1.68495178 0.53232399 0.76562687
  1.58653556 1.52681476 0.99693406 1.53857145 0.91248228]
 [0.3915322  0.30953592 0.4044627  0.53759421 1.17825511 0.58476426
  0.66449222 0.42282454 0.73231349 0.42456187 0.43415913]
 [1.30334588 0.45039544 0.91244397 1.33402209 1.5016999  0.69067532
  1.18585783 0.4722022  1.18957814 0.7282042  1.21611997]
 [1.57333489 0.48023784 1.22720334 0.7329879  0.44802084 0.3898486
  0.72966778 1.02910696 0.91926624 0.65509979 1.08869071]
 [1.31527654 0.76153929 0.45567075 0.83841595 0.88120531 1.04387461
  0.55533327 1.45930377 1.30512111 0.40096566 0.37434098]
 [0.97160408 0.39238758 1.20646728 1.35079613 0.3867567  0.40341203
  0.35749659 1.41065487 0.33945202 0.79869337 1.20559096]
 [0.94120401 0.30840845 0.773361   0.42566869 0.48085097 0.38248453
  0.36034845 0.54353958 0.74021718 1.3681615  0.38346326]
 [1.42470608 0.9241     0.97846895 0.38929132 0.49173354 1.51678204
  0.39822689 1.54678398 1.30123103 0.64220892 1.5999293 ]
 [0.34564643 0.96233799 0.40335601 0.75305702 0.76639669 1.43152762
  0.87540501 1.05822734 0.92720907 0.58900191 0.66230398]]
Cv: [[1.07978221 0.80183313 0.45398358 0.54262625 0.55570287 0.90195051
  0.40780633 0.97364035 0.47216347 1.00681947]
 [0.86033311 0.56924336 1.6268788  1.17124821 1.09130922 1.03901643
  1.60901596 0.37729291 0.60043911 0.33829572]
 [0.44765285 0.4060486  0.32461418 0.49095964 0.52808124 0.4414606
  1.18127316 0.88894042 1.10667104 1.25341419]
 [0.49904498 1.27939193 0.36649145 1.55615745 0.50390697 0.92386443
  0.56213891 0.42657004 0.77973224 0.9253497 ]
 [0.86088441 1.09013844 0.5957128  1.27215038 0.43163436 0.94587653
  0.38614391 0.72430938 0.32658916 0.70293355]
 [0.6438909  1.32937697 0.30148706 0.3238954  0.54568089 0.43702192
  0.5195636  0.47463739 1.49820886 0.87108868]
 [0.31099691 0.76223182 0.66715634 0.4343165  1.0647574  1.65662615
  0.66197091 1.21214579 1.32904307 0.36523691]
 [0.58863925 1.33438907 0.75849032 0.902054   1.45666918 0.54095702
  1.16463569 0.48228573 0.54631394 0.62984106]
 [0.94654976 0.31844918 0.97921845 0.7150483  0.73953145 0.95436074
  1.39788173 1.18477604 1.23128238 0.40191297]
 [0.51796556 0.49767245 0.4082698  1.20060667 0.52774061 0.35579564
  0.70453273 0.50924315 0.31197421 0.7866748 ]
 [0.68679472 0.46022901 0.48854838 0.45866983 0.48909341 0.86706436
  0.64256566 1.36586952 0.98719504 0.67438063]]
Rh: [[10. 10. 10. 10. 10. 10. 10. 10. 10. 10. 10.]
 [10. 10. 10. 10. 10. 10. 10. 10. 10. 10. 10.]
 [10. 10. 10. 10. 10. 10. 10. 10. 10. 10. 10.]
 [10. 10. 10. 10. 10. 10. 10. 10. 10. 10. 10.]
 [10. 10. 10. 10. 10. 10. 10. 10. 10. 10. 10.]
 [10. 10. 10. 10. 10. 10. 10. 10. 10. 10. 10.]
 [10. 10. 10. 10. 10. 10. 10. 10. 10. 10. 10.]
 [10. 10. 10. 10. 10. 10. 10. 10. 10. 10. 10.]
 [10. 10. 10. 10. 10. 10. 10. 10. 10. 10. 10.]
 [10. 10. 10. 10. 10. 10. 10. 10. 10. 10. 10.]]
Rv: [[10. 10. 10. 10. 10. 10. 10. 10. 10. 10.]
 [10. 10. 10. 10. 10. 10. 10. 10. 10. 10.]
 [10. 10. 10. 10. 10. 10. 10. 10. 10. 10.]
 [10. 10. 10. 10. 10. 10. 10. 10. 10. 10.]
 [10. 10. 10. 10. 10. 10. 10. 10. 10. 10.]
 [10. 10. 10. 10. 10. 10. 10. 10. 10. 10.]
 [10. 10. 10. 10. 10. 10. 10. 10. 10. 10.]
 [10. 10. 10. 10. 10. 10. 10. 10. 10. 10.]
 [10. 10. 10. 10. 10. 10. 10. 10. 10. 10.]
 [10. 10. 10. 10. 10. 10. 10. 10. 10. 10.]
 [10. 10. 10. 10. 10. 10. 10. 10. 10. 10.]]