-------Running parameters--------
T = 0.001
temperature_gradient = 0.0
gap = 0
M = 10
N = 10
VR = 0.0
Vmin = 0.0
Vmax = 1.1
vStep = 0.001
vSym = True
repeats = 20
fileName = array_10_10_disorder_c_std_1_r_std_1_run_4
dist = exp
fullOutput = True
use_graph = False
current_map = True
plot_current_map = False
plot_binary_current_map = False
frame_norm = False
dbg = False
resume = False
sc = False
leaping = False
constQ = False
modifyR = False
double_time = False
double_loop = False
output_folder = bgu_2d_finite_temperature_different_disorders
params_path = 
VG_avg = 0.0
VG_std = 0.0
C_avg = 2.0
C_std = 1.0
CG_avg = 10.0
CG_std = 0.0
R_avg = 10.0
R_std = 1.0
custom_rh = ""
custom_rv = ""
custom_ch = ""
custom_cv = ""
RG_avg = 500.0
RG_std = 0.0
n0_avg = 0.0
n0_std = 0.0
Q0_avg = 0.0
Q0_std = 0.0
----Array Parameters-----
Rows: 10
Columns: 10
VG: [[0.]
 [0.]
 [0.]
 [0.]
 [0.]
 [0.]
 [0.]
 [0.]
 [0.]
 [0.]
 [0.]
 [0.]
 [0.]
 [0.]
 [0.]
 [0.]
 [0.]
 [0.]
 [0.]
 [0.]
 [0.]
 [0.]
 [0.]
 [0.]
 [0.]
 [0.]
 [0.]
 [0.]
 [0.]
 [0.]
 [0.]
 [0.]
 [0.]
 [0.]
 [0.]
 [0.]
 [0.]
 [0.]
 [0.]
 [0.]
 [0.]
 [0.]
 [0.]
 [0.]
 [0.]
 [0.]
 [0.]
 [0.]
 [0.]
 [0.]
 [0.]
 [0.]
 [0.]
 [0.]
 [0.]
 [0.]
 [0.]
 [0.]
 [0.]
 [0.]
 [0.]
 [0.]
 [0.]
 [0.]
 [0.]
 [0.]
 [0.]
 [0.]
 [0.]
 [0.]
 [0.]
 [0.]
 [0.]
 [0.]
 [0.]
 [0.]
 [0.]
 [0.]
 [0.]
 [0.]
 [0.]
 [0.]
 [0.]
 [0.]
 [0.]
 [0.]
 [0.]
 [0.]
 [0.]
 [0.]
 [0.]
 [0.]
 [0.]
 [0.]
 [0.]
 [0.]
 [0.]
 [0.]
 [0.]
 [0.]]
CG: [[10.]
 [10.]
 [10.]
 [10.]
 [10.]
 [10.]
 [10.]
 [10.]
 [10.]
 [10.]
 [10.]
 [10.]
 [10.]
 [10.]
 [10.]
 [10.]
 [10.]
 [10.]
 [10.]
 [10.]
 [10.]
 [10.]
 [10.]
 [10.]
 [10.]
 [10.]
 [10.]
 [10.]
 [10.]
 [10.]
 [10.]
 [10.]
 [10.]
 [10.]
 [10.]
 [10.]
 [10.]
 [10.]
 [10.]
 [10.]
 [10.]
 [10.]
 [10.]
 [10.]
 [10.]
 [10.]
 [10.]
 [10.]
 [10.]
 [10.]
 [10.]
 [10.]
 [10.]
 [10.]
 [10.]
 [10.]
 [10.]
 [10.]
 [10.]
 [10.]
 [10.]
 [10.]
 [10.]
 [10.]
 [10.]
 [10.]
 [10.]
 [10.]
 [10.]
 [10.]
 [10.]
 [10.]
 [10.]
 [10.]
 [10.]
 [10.]
 [10.]
 [10.]
 [10.]
 [10.]
 [10.]
 [10.]
 [10.]
 [10.]
 [10.]
 [10.]
 [10.]
 [10.]
 [10.]
 [10.]
 [10.]
 [10.]
 [10.]
 [10.]
 [10.]
 [10.]
 [10.]
 [10.]
 [10.]
 [10.]]
RG: [[500.]
 [500.]
 [500.]
 [500.]
 [500.]
 [500.]
 [500.]
 [500.]
 [500.]
 [500.]
 [500.]
 [500.]
 [500.]
 [500.]
 [500.]
 [500.]
 [500.]
 [500.]
 [500.]
 [500.]
 [500.]
 [500.]
 [500.]
 [500.]
 [500.]
 [500.]
 [500.]
 [500.]
 [500.]
 [500.]
 [500.]
 [500.]
 [500.]
 [500.]
 [500.]
 [500.]
 [500.]
 [500.]
 [500.]
 [500.]
 [500.]
 [500.]
 [500.]
 [500.]
 [500.]
 [500.]
 [500.]
 [500.]
 [500.]
 [500.]
 [500.]
 [500.]
 [500.]
 [500.]
 [500.]
 [500.]
 [500.]
 [500.]
 [500.]
 [500.]
 [500.]
 [500.]
 [500.]
 [500.]
 [500.]
 [500.]
 [500.]
 [500.]
 [500.]
 [500.]
 [500.]
 [500.]
 [500.]
 [500.]
 [500.]
 [500.]
 [500.]
 [500.]
 [500.]
 [500.]
 [500.]
 [500.]
 [500.]
 [500.]
 [500.]
 [500.]
 [500.]
 [500.]
 [500.]
 [500.]
 [500.]
 [500.]
 [500.]
 [500.]
 [500.]
 [500.]
 [500.]
 [500.]
 [500.]
 [500.]]
Ch: [[1.4974682  2.73941489 1.4203821  1.79485869 2.34642667 2.60188142
  1.734598   1.2382585  2.892206   2.24946475 1.89961036]
 [2.30884341 2.65936695 2.89409271 1.07152317 2.29674442 1.06582712
  2.31346131 1.03254971 1.48357042 1.71558855 1.97654658]
 [2.0215866  1.79033356 1.20925354 1.05569769 1.0764398  1.27661371
  1.38672942 1.08158448 1.43865877 1.75417933 1.09580538]
 [1.11559637 1.39887328 1.69761792 2.08597363 1.83858113 2.21477536
  1.84924359 2.76575379 1.40553235 1.01683361 2.23789668]
 [1.01666757 1.14892592 1.58176333 1.01055674 1.13992763 1.45589241
  1.82484937 1.27959692 1.29615693 1.4509836  1.71231141]
 [1.02176945 1.497389   1.47214458 2.85478002 2.86273443 1.57997674
  2.26145842 2.9577594  1.11800474 2.75028763 2.57471345]
 [1.34463778 1.30956003 2.97554124 1.26885453 1.84377651 1.88848962
  1.70407692 2.33733133 2.97332639 2.06736708 1.38064091]
 [1.63965797 2.23898294 1.60221999 1.69356299 1.61356205 2.57161904
  2.46568199 1.76276925 2.54039345 2.93900869 2.08543992]
 [1.00806822 1.56512777 1.10465161 2.20977593 1.67807351 2.48158207
  1.02889834 1.44188247 2.97094478 1.2482005  1.96271814]
 [2.1111413  1.07923951 1.16161434 2.90064788 1.38612797 1.62154713
  1.00012279 1.21558866 1.4824201  1.64353705 1.82585336]]
Cv: [[0.         0.         0.         0.         0.         0.
  0.         0.         0.         0.        ]
 [1.8262774  1.33312405 2.52418863 1.06548313 1.20441903 1.08714988
  1.25961919 2.78038929 1.24112989 2.67256851]
 [2.50339615 1.07998419 1.93457844 1.90297869 1.76351526 1.78388123
  1.846372   2.36371974 2.82900942 1.48814283]
 [1.74287063 2.51308369 1.697178   1.0178077  1.04877728 2.33263866
  1.86456925 1.94138426 1.38753254 2.59659859]
 [2.2089188  1.92218795 2.96437955 1.91416295 1.18539196 1.12207054
  1.4265116  1.60734768 2.80361088 1.97906128]
 [2.35497757 1.16307321 1.91955746 1.10973013 1.52511972 1.01758485
  1.38896114 2.69448611 1.3248132  2.11172833]
 [1.28860985 1.71418363 1.36728416 1.2260124  2.63001034 2.98915263
  1.59374767 2.6378395  1.10466181 1.99221915]
 [2.99297052 1.19870486 2.96194425 2.05186057 1.13687657 1.6537812
  1.43166061 1.43033581 1.68144974 1.63042177]
 [1.02470134 1.8205929  2.42042483 1.23090081 2.00953088 2.60960902
  2.55690931 2.99103328 1.55998547 1.03268376]
 [2.37875825 2.75880734 1.08744892 1.1646226  1.36604505 2.00937615
  1.75957573 1.34149188 1.17698156 2.4409677 ]]
Rh: [[10.25485634 10.64786643 10.46874972  9.43106412  9.64153813  9.82548344
  10.55522833  9.77688848 10.5624432  10.12982372 10.63636972]
 [10.01235418 10.74316914 10.63736052 10.91794861  9.84030307 10.17532483
   9.83459036  9.1618849  10.43309805  9.61310642 10.57043423]
 [10.93714281  9.77046638  9.43780818 10.92770704  9.74953397 10.44559279
   9.69778484  9.3092978   9.9292996  10.61860314 10.83631055]
 [ 9.21489524  9.30436305  9.16020143 10.17810134  9.67321781  9.20306699
  10.32451441  9.61940965 10.22524116  9.95347058  9.70312342]
 [10.00604957  9.93649004 10.62583253 10.99460304  9.21879342 10.20581056
   9.13363119  9.55468252  9.94149169 10.51694681 10.34423096]
 [ 9.98632481  9.99954843  9.62329801 10.55299543  9.24584973 10.30690104
  10.99215408 10.32078846  9.32589129  9.03013924  9.75320627]
 [10.00904662 10.63200063 10.24418389 10.03938967  9.11849604  9.4960435
   9.06624431  9.1615592  10.03426907 10.0073921  10.3648691 ]
 [10.36388396  9.26616758  9.99995692 10.12736684 10.88411358 10.12538808
  10.11630758 10.52522702  9.27938783 10.36697951 10.51274522]
 [ 9.81460711  9.81394782  9.99891898 10.01889956 10.59081137 10.76360244
  10.03234511 10.79787444  9.75963362  9.31928836  9.87682935]
 [10.13526574 10.19912412  9.06697251 10.68890751 10.71275601  9.68703091
   9.22979317  9.59242519  9.87274146 10.33921748  9.6096414 ]]
Rv: [[10.63726035  9.50160203  9.55952284  9.1149763   9.581039   10.44792314
  10.52565082  9.38367676  9.10208726 10.65680189]
 [10.72958005 10.03087153 10.31612418 10.92544129 10.47674115  9.49639833
  10.50650062 10.02265155 10.72479199  9.65331353]
 [ 9.61698558  9.53868566 10.56745137  9.70830607  9.79902391 10.72187886
   9.04530573 10.24970459 10.1019869   9.61219835]
 [ 9.08615126  9.6640169   9.39918511  9.70215355  9.37108435 10.69293752
  10.13274945 10.75322704  9.99820357 10.38114458]
 [ 9.41294126  9.16930646 10.04129968  9.5855109   9.81619503  9.74185415
  10.02916898  9.74735977  9.73951532 10.83533063]
 [10.15022797 10.52470405  9.94095119 10.76429343 10.71941924 10.17320244
   9.82329344  9.53985489  9.54681034  9.52012729]
 [10.9563009  10.16593853  9.29797575  9.91809612 10.56031794 10.13724873
   9.40498218 10.93405373  9.74604734  9.7432969 ]
 [10.70955232  9.75684948 10.52209693  9.09098742  9.96417535  9.6995998
   9.87215438  9.71700493  9.24364929 10.75545257]
 [10.5703608  10.91047001 10.71156166 10.35089675  9.90151966 10.38595431
  10.78810722 10.82010327 10.31059144 10.42323011]]