-------Running parameters--------
T = 0.001
temperature_gradient = 0.0
gap = 0
M = 10
N = 10
VR = 0.0
Vmin = 0.0
Vmax = 1.1
vStep = 0.001
vSym = True
repeats = 20
fileName = array_10_10_disorder_c_std_1_r_std_9_run_1
dist = exp
fullOutput = True
use_graph = False
current_map = True
plot_current_map = False
plot_binary_current_map = False
frame_norm = False
dbg = False
resume = False
sc = False
leaping = False
constQ = False
modifyR = False
double_time = False
double_loop = False
output_folder = bgu_2d_finite_temperature_different_disorders
params_path = 
VG_avg = 0.0
VG_std = 0.0
C_avg = 2.0
C_std = 1.0
CG_avg = 10.0
CG_std = 0.0
R_avg = 10.0
R_std = 9.0
custom_rh = ""
custom_rv = ""
custom_ch = ""
custom_cv = ""
RG_avg = 500.0
RG_std = 0.0
n0_avg = 0.0
n0_std = 0.0
Q0_avg = 0.0
Q0_std = 0.0
----Array Parameters-----
Rows: 10
Columns: 10
VG: [[0.]
 [0.]
 [0.]
 [0.]
 [0.]
 [0.]
 [0.]
 [0.]
 [0.]
 [0.]
 [0.]
 [0.]
 [0.]
 [0.]
 [0.]
 [0.]
 [0.]
 [0.]
 [0.]
 [0.]
 [0.]
 [0.]
 [0.]
 [0.]
 [0.]
 [0.]
 [0.]
 [0.]
 [0.]
 [0.]
 [0.]
 [0.]
 [0.]
 [0.]
 [0.]
 [0.]
 [0.]
 [0.]
 [0.]
 [0.]
 [0.]
 [0.]
 [0.]
 [0.]
 [0.]
 [0.]
 [0.]
 [0.]
 [0.]
 [0.]
 [0.]
 [0.]
 [0.]
 [0.]
 [0.]
 [0.]
 [0.]
 [0.]
 [0.]
 [0.]
 [0.]
 [0.]
 [0.]
 [0.]
 [0.]
 [0.]
 [0.]
 [0.]
 [0.]
 [0.]
 [0.]
 [0.]
 [0.]
 [0.]
 [0.]
 [0.]
 [0.]
 [0.]
 [0.]
 [0.]
 [0.]
 [0.]
 [0.]
 [0.]
 [0.]
 [0.]
 [0.]
 [0.]
 [0.]
 [0.]
 [0.]
 [0.]
 [0.]
 [0.]
 [0.]
 [0.]
 [0.]
 [0.]
 [0.]
 [0.]]
CG: [[10.]
 [10.]
 [10.]
 [10.]
 [10.]
 [10.]
 [10.]
 [10.]
 [10.]
 [10.]
 [10.]
 [10.]
 [10.]
 [10.]
 [10.]
 [10.]
 [10.]
 [10.]
 [10.]
 [10.]
 [10.]
 [10.]
 [10.]
 [10.]
 [10.]
 [10.]
 [10.]
 [10.]
 [10.]
 [10.]
 [10.]
 [10.]
 [10.]
 [10.]
 [10.]
 [10.]
 [10.]
 [10.]
 [10.]
 [10.]
 [10.]
 [10.]
 [10.]
 [10.]
 [10.]
 [10.]
 [10.]
 [10.]
 [10.]
 [10.]
 [10.]
 [10.]
 [10.]
 [10.]
 [10.]
 [10.]
 [10.]
 [10.]
 [10.]
 [10.]
 [10.]
 [10.]
 [10.]
 [10.]
 [10.]
 [10.]
 [10.]
 [10.]
 [10.]
 [10.]
 [10.]
 [10.]
 [10.]
 [10.]
 [10.]
 [10.]
 [10.]
 [10.]
 [10.]
 [10.]
 [10.]
 [10.]
 [10.]
 [10.]
 [10.]
 [10.]
 [10.]
 [10.]
 [10.]
 [10.]
 [10.]
 [10.]
 [10.]
 [10.]
 [10.]
 [10.]
 [10.]
 [10.]
 [10.]
 [10.]]
RG: [[500.]
 [500.]
 [500.]
 [500.]
 [500.]
 [500.]
 [500.]
 [500.]
 [500.]
 [500.]
 [500.]
 [500.]
 [500.]
 [500.]
 [500.]
 [500.]
 [500.]
 [500.]
 [500.]
 [500.]
 [500.]
 [500.]
 [500.]
 [500.]
 [500.]
 [500.]
 [500.]
 [500.]
 [500.]
 [500.]
 [500.]
 [500.]
 [500.]
 [500.]
 [500.]
 [500.]
 [500.]
 [500.]
 [500.]
 [500.]
 [500.]
 [500.]
 [500.]
 [500.]
 [500.]
 [500.]
 [500.]
 [500.]
 [500.]
 [500.]
 [500.]
 [500.]
 [500.]
 [500.]
 [500.]
 [500.]
 [500.]
 [500.]
 [500.]
 [500.]
 [500.]
 [500.]
 [500.]
 [500.]
 [500.]
 [500.]
 [500.]
 [500.]
 [500.]
 [500.]
 [500.]
 [500.]
 [500.]
 [500.]
 [500.]
 [500.]
 [500.]
 [500.]
 [500.]
 [500.]
 [500.]
 [500.]
 [500.]
 [500.]
 [500.]
 [500.]
 [500.]
 [500.]
 [500.]
 [500.]
 [500.]
 [500.]
 [500.]
 [500.]
 [500.]
 [500.]
 [500.]
 [500.]
 [500.]
 [500.]]
Ch: [[2.62640614 1.28067396 1.04219167 1.03785549 2.30969999 1.73562836
  2.34035238 1.41593083 1.21561916 1.53996028 1.60776021]
 [2.34776687 1.83352967 2.91286093 2.03713343 1.20263393 1.12908017
  1.1048973  1.17276009 2.22907107 1.75677679 2.50769526]
 [1.42820542 1.52977395 1.55977152 2.43668073 1.41771891 2.22172403
  1.65049849 1.6451461  2.04068504 1.07249317 1.90621321]
 [2.44327464 1.74334804 2.44033269 2.47742206 2.03192044 1.70845951
  1.29896025 1.07173057 2.93364059 2.77788354 1.60125181]
 [2.5731257  1.15769535 1.62815325 2.32532569 1.73370499 2.66807589
  1.24394472 1.06521105 2.06967885 1.06421008 2.95717532]
 [1.34525222 1.2803981  1.75518054 1.08575774 1.27673816 1.19149321
  2.19334281 1.59703603 1.02908968 2.36816348 1.49497378]
 [2.83772945 1.76055447 2.53123952 1.03883732 1.91625188 1.69737325
  2.37740228 1.27669644 1.39124462 1.55194941 2.81831315]
 [1.37415976 1.0886162  1.84721101 1.19322864 1.68999559 1.0859857
  2.345277   1.20335358 1.2508195  1.65317952 1.10279756]
 [1.16645987 1.69870323 2.93935807 2.07218183 1.40324471 2.68825143
  2.27520675 2.90532788 1.06382959 2.10066407 2.31058055]
 [2.36731389 1.31979296 2.48307    1.02511735 1.62197232 1.1648146
  2.0679422  2.99957849 1.29837927 1.85861555 1.02283798]]
Cv: [[0.         0.         0.         0.         0.         0.
  0.         0.         0.         0.        ]
 [2.42294105 1.12707393 2.97042647 1.72423696 2.88927989 1.15616731
  2.01108897 1.16078737 1.71663691 2.09765062]
 [1.32408257 2.95185334 1.44379165 1.29776196 2.50014964 1.90231894
  2.57737577 1.1154003  1.60644632 2.9522456 ]
 [1.33456178 2.1736196  1.97423385 1.23672625 1.11258153 2.19144007
  2.18207897 2.84455423 1.8608322  1.60847174]
 [1.20168341 1.20174847 1.36359801 1.00659805 1.28672768 1.58641404
  1.89983296 1.1361663  1.27100138 1.28143921]
 [2.44397383 1.82450387 1.05810622 1.15555807 2.12615321 2.12834424
  2.29498378 1.75878345 2.02150131 1.57718704]
 [1.07196993 1.07466307 1.35685117 1.84707576 2.20538054 1.40337572
  2.21000575 2.95576252 2.34020992 2.78236785]
 [2.53459735 1.18507937 2.81507793 2.01626288 1.71987315 2.4922245
  1.10398083 1.63786397 2.3891246  1.22799602]
 [1.45991019 2.00639859 1.57495481 1.01104547 1.41285461 2.11996757
  2.72320832 1.0008005  1.14796239 1.85555001]
 [1.57343782 1.48462721 1.13683146 2.53523143 1.6478965  1.22979186
  1.5523255  1.37212634 1.02943913 2.48687429]]
Rh: [[ 1.45251714  2.37295339  4.85167934  7.17881143  3.108429    1.82172926
   2.99708829  3.87964893  3.46384017 17.20611563  2.71037592]
 [17.55825589  1.58673619  5.74266105 15.61664682 11.83938505  1.02187362
   1.09521839 10.67216666  7.21491475  3.30251861  4.58092456]
 [ 2.33186658  1.29418371  6.93899719 16.39240462  5.11430095  4.12355402
  12.84650723  5.48611988  1.42430731  8.71892196  3.30804123]
 [ 5.51520814  3.78055978  8.06130114  1.87586088  3.36160301  2.69960265
  10.86265943  3.87531091  6.97731797  3.04496775  5.92522878]
 [15.91195535  1.94585513  3.82872974 18.02815005  2.2048057   3.77110681
   1.94185354  4.39685289  5.30012977  6.33693354  2.12451834]
 [ 6.68169662  4.15655554  6.66922072  1.88986188  1.54515219  9.96704047
   3.22648447  3.04276979  5.34741724  5.6541737   1.8984584 ]
 [ 1.20449536  1.05219843  4.59921344  2.17056888 10.88046815  5.31743453
   9.25211922  2.07264393  2.57658003  2.24084956  4.59892455]
 [ 2.03024309  2.61008205 16.05180478  3.45582873  5.3943092   3.64742397
   4.42793343  1.40855478 10.28453077  8.44835581 11.99997065]
 [11.55165565  1.40499624  2.11628154  1.79364347  2.44322031  1.50058093
   9.01744992  1.5350322   1.50456933 14.74832448  9.36833103]
 [ 1.90053918  1.30009893  3.01900765  3.13569151  2.08802648  9.08375091
   3.12971878  1.56146023  2.23336105  5.82854426 10.62762227]]
Rv: [[ 1.00904302  4.80939384  3.86186927  1.16337902  2.58989707 11.89054304
   1.37139405  5.02456381  1.7045735  10.48928866]
 [ 2.23904502  1.19462205 14.13076144 11.12858672  4.75178982 17.89295877
   5.50164213  2.09148796  5.3356981   6.34327812]
 [ 7.39036867 12.7264      2.2702456   4.64731686  3.00789111  2.64637104
   1.81756223  2.79358926  1.69858414  4.37361045]
 [10.79961212  1.72798736  6.56340909  2.70409259  1.09721811 16.77883791
   2.26526759  3.09466022  6.38983046  6.33082012]
 [ 1.44038379  7.37234963  1.84596225  6.95688086  1.05367267  7.51613302
   8.66400621  2.08153126 10.01343823  6.74010641]
 [ 4.3837481   1.73657842  2.11764791  1.55512969 10.9640173   7.8207052
  12.66184324  2.2578403   5.14463867  6.67608359]
 [ 1.33115907  1.7713214   2.02605302 10.56969127  3.81288719  1.81761514
   2.53791394 17.49911273  4.96219265  6.00536341]
 [ 2.42206661  3.25334625 17.04971113  2.56683529  2.82427887  2.57002536
   3.25069792  2.82644057  5.50646857  4.28862796]
 [ 2.64306411  4.76887756  1.28727657  1.9690963   8.9547373   1.29367662
  11.30010023  1.37516942  1.70090803 17.69164333]]