-------Running parameters--------
T = 0.001
temperature_gradient = 0.0
gap = 0
M = 10
N = 10
VR = 0.0
Vmin = 0.0
Vmax = 1.1
vStep = 0.001
vSym = True
repeats = 20
fileName = array_10_10_disorder_c_std_0.5_r_std_9_run_5
dist = exp
fullOutput = True
use_graph = False
current_map = True
plot_current_map = False
plot_binary_current_map = False
frame_norm = False
dbg = False
resume = False
sc = False
leaping = False
constQ = False
modifyR = False
double_time = False
double_loop = False
output_folder = bgu_2d_finite_temperature_different_disorders
params_path = 
VG_avg = 0.0
VG_std = 0.0
C_avg = 2.0
C_std = 0.5
CG_avg = 10.0
CG_std = 0.0
R_avg = 10.0
R_std = 9.0
custom_rh = ""
custom_rv = ""
custom_ch = ""
custom_cv = ""
RG_avg = 500.0
RG_std = 0.0
n0_avg = 0.0
n0_std = 0.0
Q0_avg = 0.0
Q0_std = 0.0
----Array Parameters-----
Rows: 10
Columns: 10
VG: [[0.]
 [0.]
 [0.]
 [0.]
 [0.]
 [0.]
 [0.]
 [0.]
 [0.]
 [0.]
 [0.]
 [0.]
 [0.]
 [0.]
 [0.]
 [0.]
 [0.]
 [0.]
 [0.]
 [0.]
 [0.]
 [0.]
 [0.]
 [0.]
 [0.]
 [0.]
 [0.]
 [0.]
 [0.]
 [0.]
 [0.]
 [0.]
 [0.]
 [0.]
 [0.]
 [0.]
 [0.]
 [0.]
 [0.]
 [0.]
 [0.]
 [0.]
 [0.]
 [0.]
 [0.]
 [0.]
 [0.]
 [0.]
 [0.]
 [0.]
 [0.]
 [0.]
 [0.]
 [0.]
 [0.]
 [0.]
 [0.]
 [0.]
 [0.]
 [0.]
 [0.]
 [0.]
 [0.]
 [0.]
 [0.]
 [0.]
 [0.]
 [0.]
 [0.]
 [0.]
 [0.]
 [0.]
 [0.]
 [0.]
 [0.]
 [0.]
 [0.]
 [0.]
 [0.]
 [0.]
 [0.]
 [0.]
 [0.]
 [0.]
 [0.]
 [0.]
 [0.]
 [0.]
 [0.]
 [0.]
 [0.]
 [0.]
 [0.]
 [0.]
 [0.]
 [0.]
 [0.]
 [0.]
 [0.]
 [0.]]
CG: [[10.]
 [10.]
 [10.]
 [10.]
 [10.]
 [10.]
 [10.]
 [10.]
 [10.]
 [10.]
 [10.]
 [10.]
 [10.]
 [10.]
 [10.]
 [10.]
 [10.]
 [10.]
 [10.]
 [10.]
 [10.]
 [10.]
 [10.]
 [10.]
 [10.]
 [10.]
 [10.]
 [10.]
 [10.]
 [10.]
 [10.]
 [10.]
 [10.]
 [10.]
 [10.]
 [10.]
 [10.]
 [10.]
 [10.]
 [10.]
 [10.]
 [10.]
 [10.]
 [10.]
 [10.]
 [10.]
 [10.]
 [10.]
 [10.]
 [10.]
 [10.]
 [10.]
 [10.]
 [10.]
 [10.]
 [10.]
 [10.]
 [10.]
 [10.]
 [10.]
 [10.]
 [10.]
 [10.]
 [10.]
 [10.]
 [10.]
 [10.]
 [10.]
 [10.]
 [10.]
 [10.]
 [10.]
 [10.]
 [10.]
 [10.]
 [10.]
 [10.]
 [10.]
 [10.]
 [10.]
 [10.]
 [10.]
 [10.]
 [10.]
 [10.]
 [10.]
 [10.]
 [10.]
 [10.]
 [10.]
 [10.]
 [10.]
 [10.]
 [10.]
 [10.]
 [10.]
 [10.]
 [10.]
 [10.]
 [10.]]
RG: [[500.]
 [500.]
 [500.]
 [500.]
 [500.]
 [500.]
 [500.]
 [500.]
 [500.]
 [500.]
 [500.]
 [500.]
 [500.]
 [500.]
 [500.]
 [500.]
 [500.]
 [500.]
 [500.]
 [500.]
 [500.]
 [500.]
 [500.]
 [500.]
 [500.]
 [500.]
 [500.]
 [500.]
 [500.]
 [500.]
 [500.]
 [500.]
 [500.]
 [500.]
 [500.]
 [500.]
 [500.]
 [500.]
 [500.]
 [500.]
 [500.]
 [500.]
 [500.]
 [500.]
 [500.]
 [500.]
 [500.]
 [500.]
 [500.]
 [500.]
 [500.]
 [500.]
 [500.]
 [500.]
 [500.]
 [500.]
 [500.]
 [500.]
 [500.]
 [500.]
 [500.]
 [500.]
 [500.]
 [500.]
 [500.]
 [500.]
 [500.]
 [500.]
 [500.]
 [500.]
 [500.]
 [500.]
 [500.]
 [500.]
 [500.]
 [500.]
 [500.]
 [500.]
 [500.]
 [500.]
 [500.]
 [500.]
 [500.]
 [500.]
 [500.]
 [500.]
 [500.]
 [500.]
 [500.]
 [500.]
 [500.]
 [500.]
 [500.]
 [500.]
 [500.]
 [500.]
 [500.]
 [500.]
 [500.]
 [500.]]
Ch: [[1.78332815 2.21844262 2.19455092 2.2628808  2.02165281 1.78537994
  1.67855846 2.06021157 2.23847531 1.74540032 2.01153371]
 [1.58808863 1.9490869  1.82554289 2.12040164 2.07680399 2.47002048
  1.9939372  1.88725345 1.68758538 1.89079831 1.63375441]
 [2.37391241 1.68157467 1.97103271 1.57014655 1.77394674 1.53176277
  2.29819565 2.0665122  1.53777259 1.52084308 2.03050966]
 [2.45552343 1.6278764  1.56846528 1.77945391 2.01309987 2.17796703
  1.68753781 2.24207199 1.64378911 1.71934687 1.59626502]
 [1.55148055 2.43038705 2.04155057 2.18245405 1.96326642 1.59990681
  1.84269846 1.83234016 2.46360886 1.70266227 2.22973161]
 [2.37907165 1.94827542 2.16685609 1.85565122 1.68991535 2.22067007
  1.58403389 1.74826174 2.24879491 2.42000133 2.18607969]
 [1.76608525 1.79955843 2.33527738 1.61540169 1.69438667 2.31822872
  2.02107901 1.73657174 1.58223685 1.96277211 1.56187304]
 [2.28571858 1.94551084 1.53316116 2.05045344 1.75926945 1.76016891
  1.91708001 2.36380923 2.17575002 1.58634498 2.19762346]
 [2.13915674 1.67133951 2.43930692 2.28930966 2.15125026 1.90878504
  2.30428926 2.32179176 2.00478415 2.00247065 1.97792646]
 [2.32824584 1.56268511 2.25362779 2.20638176 2.22561075 2.00113259
  1.91136967 2.291693   1.687063   2.49842378 2.187632  ]]
Cv: [[0.         0.         0.         0.         0.         0.
  0.         0.         0.         0.        ]
 [2.48684673 1.96996165 2.01817395 2.17279597 1.57792067 2.38256153
  1.68881935 1.70815596 1.78930625 2.29198957]
 [1.64731239 2.02222328 1.91979953 2.29655591 1.80253105 1.70810895
  1.72517316 1.73122042 1.53751717 1.66364145]
 [2.21071695 2.49340476 1.51525303 2.30282267 2.06127254 1.79946313
  2.38062173 2.39642361 1.94051282 2.30532368]
 [1.79342678 1.733112   1.71724594 2.11252972 1.52756311 1.69764797
  2.49372035 1.71636923 2.02895795 2.47288424]
 [1.54807016 1.83997955 1.62506493 1.7000199  2.31192341 1.65826836
  1.8909138  1.75158002 1.89057176 1.71429202]
 [2.04154729 1.83805541 2.04690749 2.4789243  2.10569504 2.18542321
  1.6260031  1.66348398 2.10007379 2.4887957 ]
 [1.87692116 1.62858817 1.88149846 1.62789836 2.0401064  2.2390688
  1.61824833 2.04637038 2.16715877 2.31695004]
 [2.33925471 1.87957527 2.149799   1.98423155 2.04532656 2.11084665
  2.28089306 1.62909087 1.87709706 1.58528806]
 [1.97864888 1.74099833 2.26453506 2.06792883 2.14528129 1.68414313
  2.06749491 2.38872632 1.515456   1.5245987 ]]
Rh: [[ 9.37646336  2.1476504   9.03688643  2.31477926 14.2846845   7.22803388
   3.63371105  9.43054139  5.26224781 14.89450556  1.80875073]
 [18.97753687  4.04637324  5.99800396  1.21244212 18.79261807  2.30142836
   1.21124444 14.56111245  4.66681181  2.1138644   1.84104048]
 [13.42718951  1.14538434 13.21648178  5.12003205  5.74682186  2.9744562
   1.18246462 14.92027837  1.04417183 17.65417999  1.53728251]
 [14.09931397 12.79285739 11.3743401  18.55078544  8.31050148  3.52469617
   3.04678183  7.59383922  1.01614235  2.36747555  3.28887628]
 [ 1.84474485  3.08047915 15.92090614  3.56717602  4.94310296  2.06979529
  18.1990521   3.16826377 16.17723422  1.96140428  3.56731927]
 [15.64637114  1.16356465  9.51063385  2.6802969   5.83979365  5.31660048
   2.87185067  1.76740332  8.14538968  7.22293412  8.56073028]
 [ 2.42955052 13.23328889  9.13115675  7.12169694 14.14034324  4.20811805
   1.58403655  6.19422196  3.29564197  1.98006137  9.64404318]
 [15.12316635  4.83023957  1.44656547 15.56024918  1.24472788  4.50150323
  18.45848318  8.18611509 11.1200002   1.5495618   1.2303726 ]
 [ 4.31104347 18.78551419  4.09595237  4.37266766  3.59045024 16.26495933
   5.01796007 13.12233284 18.55364413  2.57686966  1.85114009]
 [ 5.2652493   2.61196026  9.28195305 11.09464977  2.37745242  4.02802871
   2.3875559   5.72779328  5.38076056 18.93254156  2.68164454]]
Rv: [[17.86138934  1.63933353  1.1887991  12.91715845  1.45199472  5.62817585
   2.56088096  1.4860979   1.16492889  2.69461051]
 [ 1.97493932  4.10921594  5.22379827  2.32325005 14.86770019  5.09061924
   2.39953389  3.17132986  2.57461808  1.01894766]
 [ 5.61665198 15.480767    8.51792173  7.56205255 11.60577575  3.83319394
   2.22159448  5.6580046   3.28480416  2.15076805]
 [ 4.7702996   8.68541616  1.28449558 11.81543119 18.59039594  2.04706141
   2.60847392  5.6128666   2.43699188  1.47806574]
 [ 1.9894244   8.64942173  4.43682091 12.87146903  4.11712937  1.88769684
   5.12624878  1.30279392  9.44075021  1.25958524]
 [ 3.91498033  3.267553    1.19103849  3.49925969  4.75590491  1.06530087
   1.68875714  1.35118043  5.95032613 11.43231113]
 [ 1.51540685 16.53491682  9.8676657   8.29302726  6.51274884  2.34409598
   7.11322774  4.32222161  8.93701683  2.56151947]
 [10.19898306  6.29235366  2.08425033 10.86160202  1.96827555  1.8439535
  15.20553484 12.54344746  3.67991926  5.67264194]
 [ 4.64409241  7.51923097  7.13599642  9.37498266 11.4581298   8.30122854
  11.31788017  1.53669742  2.15909422  7.85447779]]