-------Running parameters--------
T = 0.001
temperature_gradient = 0.0
gap = 0
M = 10
N = 10
VR = 0.0
Vmin = 0.0
Vmax = 1.1
vStep = 0.001
vSym = True
repeats = 20
fileName = array_10_10_disorder_c_std_0.1_r_std_5_run_5
dist = exp
fullOutput = True
use_graph = False
current_map = True
plot_current_map = False
plot_binary_current_map = False
frame_norm = False
dbg = False
resume = False
sc = False
leaping = False
constQ = False
modifyR = False
double_time = False
double_loop = False
output_folder = bgu_2d_finite_temperature_different_disorders
params_path = 
VG_avg = 0.0
VG_std = 0.0
C_avg = 2.0
C_std = 0.1
CG_avg = 10.0
CG_std = 0.0
R_avg = 10.0
R_std = 5.0
custom_rh = ""
custom_rv = ""
custom_ch = ""
custom_cv = ""
RG_avg = 500.0
RG_std = 0.0
n0_avg = 0.0
n0_std = 0.0
Q0_avg = 0.0
Q0_std = 0.0
----Array Parameters-----
Rows: 10
Columns: 10
VG: [[0.]
 [0.]
 [0.]
 [0.]
 [0.]
 [0.]
 [0.]
 [0.]
 [0.]
 [0.]
 [0.]
 [0.]
 [0.]
 [0.]
 [0.]
 [0.]
 [0.]
 [0.]
 [0.]
 [0.]
 [0.]
 [0.]
 [0.]
 [0.]
 [0.]
 [0.]
 [0.]
 [0.]
 [0.]
 [0.]
 [0.]
 [0.]
 [0.]
 [0.]
 [0.]
 [0.]
 [0.]
 [0.]
 [0.]
 [0.]
 [0.]
 [0.]
 [0.]
 [0.]
 [0.]
 [0.]
 [0.]
 [0.]
 [0.]
 [0.]
 [0.]
 [0.]
 [0.]
 [0.]
 [0.]
 [0.]
 [0.]
 [0.]
 [0.]
 [0.]
 [0.]
 [0.]
 [0.]
 [0.]
 [0.]
 [0.]
 [0.]
 [0.]
 [0.]
 [0.]
 [0.]
 [0.]
 [0.]
 [0.]
 [0.]
 [0.]
 [0.]
 [0.]
 [0.]
 [0.]
 [0.]
 [0.]
 [0.]
 [0.]
 [0.]
 [0.]
 [0.]
 [0.]
 [0.]
 [0.]
 [0.]
 [0.]
 [0.]
 [0.]
 [0.]
 [0.]
 [0.]
 [0.]
 [0.]
 [0.]]
CG: [[10.]
 [10.]
 [10.]
 [10.]
 [10.]
 [10.]
 [10.]
 [10.]
 [10.]
 [10.]
 [10.]
 [10.]
 [10.]
 [10.]
 [10.]
 [10.]
 [10.]
 [10.]
 [10.]
 [10.]
 [10.]
 [10.]
 [10.]
 [10.]
 [10.]
 [10.]
 [10.]
 [10.]
 [10.]
 [10.]
 [10.]
 [10.]
 [10.]
 [10.]
 [10.]
 [10.]
 [10.]
 [10.]
 [10.]
 [10.]
 [10.]
 [10.]
 [10.]
 [10.]
 [10.]
 [10.]
 [10.]
 [10.]
 [10.]
 [10.]
 [10.]
 [10.]
 [10.]
 [10.]
 [10.]
 [10.]
 [10.]
 [10.]
 [10.]
 [10.]
 [10.]
 [10.]
 [10.]
 [10.]
 [10.]
 [10.]
 [10.]
 [10.]
 [10.]
 [10.]
 [10.]
 [10.]
 [10.]
 [10.]
 [10.]
 [10.]
 [10.]
 [10.]
 [10.]
 [10.]
 [10.]
 [10.]
 [10.]
 [10.]
 [10.]
 [10.]
 [10.]
 [10.]
 [10.]
 [10.]
 [10.]
 [10.]
 [10.]
 [10.]
 [10.]
 [10.]
 [10.]
 [10.]
 [10.]
 [10.]]
RG: [[500.]
 [500.]
 [500.]
 [500.]
 [500.]
 [500.]
 [500.]
 [500.]
 [500.]
 [500.]
 [500.]
 [500.]
 [500.]
 [500.]
 [500.]
 [500.]
 [500.]
 [500.]
 [500.]
 [500.]
 [500.]
 [500.]
 [500.]
 [500.]
 [500.]
 [500.]
 [500.]
 [500.]
 [500.]
 [500.]
 [500.]
 [500.]
 [500.]
 [500.]
 [500.]
 [500.]
 [500.]
 [500.]
 [500.]
 [500.]
 [500.]
 [500.]
 [500.]
 [500.]
 [500.]
 [500.]
 [500.]
 [500.]
 [500.]
 [500.]
 [500.]
 [500.]
 [500.]
 [500.]
 [500.]
 [500.]
 [500.]
 [500.]
 [500.]
 [500.]
 [500.]
 [500.]
 [500.]
 [500.]
 [500.]
 [500.]
 [500.]
 [500.]
 [500.]
 [500.]
 [500.]
 [500.]
 [500.]
 [500.]
 [500.]
 [500.]
 [500.]
 [500.]
 [500.]
 [500.]
 [500.]
 [500.]
 [500.]
 [500.]
 [500.]
 [500.]
 [500.]
 [500.]
 [500.]
 [500.]
 [500.]
 [500.]
 [500.]
 [500.]
 [500.]
 [500.]
 [500.]
 [500.]
 [500.]
 [500.]]
Ch: [[1.97716421 2.02472129 1.94874539 1.9292753  1.97412625 1.94218965
  2.02897146 2.06678018 2.09241115 1.94211446 1.91475463]
 [1.93260106 2.01013114 1.99814539 2.08838142 1.99934938 2.00709114
  1.98112594 1.97473792 2.0852278  2.0219846  1.99271123]
 [2.04914863 2.0186523  2.03499736 2.03882918 1.9273537  2.05324595
  1.93324097 2.01081634 1.9820824  2.05508104 1.95596948]
 [1.96850534 1.96298554 2.02648571 1.91074726 1.94838602 2.04050462
  1.98918088 1.96371148 1.94837357 1.91983509 2.02228086]
 [1.97444317 2.08881848 1.93472298 1.96837917 1.94672683 1.97497745
  2.02297548 2.06013994 1.94256653 1.90576375 1.98872924]
 [1.91369574 2.06686279 1.98289965 2.09552264 2.07479676 1.90105526
  1.95239354 1.99742564 1.94298766 1.93728372 2.03020748]
 [1.93452295 1.97575724 1.90647394 2.06399261 2.09801856 2.09560268
  1.96721174 1.90434013 1.95771014 1.90994482 1.97157916]
 [1.90896593 2.04292792 2.05287494 2.09413666 1.99461008 1.96445732
  2.0347453  2.00258668 1.91160308 1.92751366 2.05834227]
 [1.92292214 1.91836388 1.93318018 1.90402615 2.04964742 1.96636749
  1.93560654 2.0140259  2.07841506 2.03986917 1.97623942]
 [2.04453581 1.9862444  2.00016719 2.02035553 1.96846532 2.00099756
  1.90703803 2.04186293 1.98467321 1.99150634 1.91215165]]
Cv: [[0.         0.         0.         0.         0.         0.
  0.         0.         0.         0.        ]
 [2.09403732 2.04279745 1.92059424 2.00912003 1.95133824 1.93695608
  1.9995427  2.0025612  2.01081384 1.91803097]
 [2.0128874  2.00192092 2.09941915 1.99269175 1.98158949 1.97126211
  1.93017033 1.9612099  1.90346046 2.04561592]
 [1.99099391 2.03032028 1.90574377 2.00657425 2.03030365 2.06422746
  1.94129174 2.00672522 2.05857096 2.03314532]
 [2.09878203 1.97657211 1.92451432 1.92609838 2.07325029 1.97843062
  1.95084598 2.00669658 1.99648314 1.90174603]
 [2.08786817 2.0637522  2.0525858  1.90541169 2.02830495 1.91908323
  1.97443859 2.0584482  1.94773391 2.02543357]
 [2.07421824 1.95234797 1.98106223 1.93996634 2.07287883 2.08472369
  1.96885572 1.99666075 1.92095347 2.0933266 ]
 [1.90289419 2.01365969 1.94236785 2.0995982  1.97181907 1.96225449
  2.03512461 1.92864428 2.03396642 1.93618746]
 [2.09215103 1.99520882 1.9276601  1.92928013 1.90932647 2.01541721
  2.01091277 2.0911792  1.94364324 2.06034587]
 [1.97092413 1.91608776 2.02005287 2.029859   2.08182418 1.91625597
  1.9536149  2.03756597 1.97475748 2.09141426]]
Rh: [[11.26825808 10.52288839  6.60281056  6.96722648  6.57971539  5.07858327
   7.38479297  5.26284438  5.03665821  9.02881838  7.12092007]
 [11.27276186 10.96673205 12.16796302 14.780549   10.16934646  7.87466831
   5.83003598  8.07810422  7.33366654  5.66749314  6.11414408]
 [ 7.88662774  8.01052544  9.79865534 12.11581945  5.1916856   5.50649666
  11.871786    5.04904427  7.86074814 14.24108944 14.50005813]
 [ 7.37934829 12.4592786  11.72353691  7.29884664 10.30604474  5.69391278
  11.86190615  7.87448265 10.13347935  5.50383152 11.15391742]
 [ 9.33072513 14.38751471  6.0379801   6.64924956  6.10963764 11.03228012
   6.98211346 10.44272774  5.02784102 11.12699607  8.23274846]
 [14.7425185  12.00553082 11.44466551 13.06474543 14.74938665  6.52551575
   5.6282903   9.79899479 12.75779715 14.49597297  8.13908322]
 [ 8.12949324  9.65245228 11.64335825  5.60977789  6.83483648  9.54060559
   7.3526462   5.15464999  8.68893207  8.6561647   7.74741183]
 [ 9.33087429  6.5413161   9.87172118 12.73876971 13.77309851 11.98658938
   9.39570292  6.72024733 12.14901447 11.50663112  7.1539051 ]
 [ 9.4856647   9.56838429  9.52420048 11.23946093  6.57844681  9.94887588
  12.41953818 11.60399809 12.35948474  6.5330925  12.58049074]
 [ 8.47849981 13.55838414 12.05064622 11.00531071  7.4885546   5.08531501
  13.05323893 10.75471732  5.56368398  7.75302241  5.05920242]]
Rv: [[10.12452715  5.86804589  9.38243722  8.34225428  5.8867404   5.27679153
  13.77057495  6.41072489  9.74063405 13.46976811]
 [ 5.15368969  8.14024129 11.96127618 14.87946781 14.18770645  8.34962888
  12.24554967  5.71005236  5.0702759   5.40769092]
 [ 9.7488096   9.30259491  8.16458846  9.99152117  6.5879471   5.37955825
  11.267032   13.85935925 10.28480124  6.72371255]
 [10.83511054  5.59421539  7.35982375  7.17094519 12.35098992 10.18980559
  13.10245458  7.08194255 11.21503141  9.60445923]
 [13.17882331 14.050917    6.53993171  5.53381508  9.3906911   9.07247074
   8.90011099  6.79454138  7.27037791 12.51147883]
 [12.77067442 12.25901236  6.19930876 10.34615196  5.28967179  5.0938667
  10.09757163  6.13942962 10.29131961  5.34419554]
 [ 5.65173091  9.49321027 13.32356093 14.55818342  8.26300373  6.83070549
   6.10331195 12.40238088 13.13791107 12.96507619]
 [ 6.59161031 10.01692026  9.60227571  7.03997055  7.55322757 11.31360879
  14.40073428  5.0424578   5.40647739 11.83347861]
 [ 8.08522066  6.09372267  8.38771734  9.33839703  5.19701806 11.38787129
   5.5209883  11.96262315  8.80567925 10.54218759]]