-------Running parameters--------
T = 0.001
temperature_gradient = 0.0
gap = 0
M = 10
N = 10
VR = 0.0
Vmin = 0.0
Vmax = 1.1
vStep = 0.001
vSym = True
repeats = 20
fileName = array_10_10_disorder_c_std_0.1_r_std_5_run_2
dist = exp
fullOutput = True
use_graph = False
current_map = True
plot_current_map = False
plot_binary_current_map = False
frame_norm = False
dbg = False
resume = False
sc = False
leaping = False
constQ = False
modifyR = False
double_time = False
double_loop = False
output_folder = bgu_2d_finite_temperature_different_disorders
params_path = 
VG_avg = 0.0
VG_std = 0.0
C_avg = 2.0
C_std = 0.1
CG_avg = 10.0
CG_std = 0.0
R_avg = 10.0
R_std = 5.0
custom_rh = ""
custom_rv = ""
custom_ch = ""
custom_cv = ""
RG_avg = 500.0
RG_std = 0.0
n0_avg = 0.0
n0_std = 0.0
Q0_avg = 0.0
Q0_std = 0.0
----Array Parameters-----
Rows: 10
Columns: 10
VG: [[0.]
 [0.]
 [0.]
 [0.]
 [0.]
 [0.]
 [0.]
 [0.]
 [0.]
 [0.]
 [0.]
 [0.]
 [0.]
 [0.]
 [0.]
 [0.]
 [0.]
 [0.]
 [0.]
 [0.]
 [0.]
 [0.]
 [0.]
 [0.]
 [0.]
 [0.]
 [0.]
 [0.]
 [0.]
 [0.]
 [0.]
 [0.]
 [0.]
 [0.]
 [0.]
 [0.]
 [0.]
 [0.]
 [0.]
 [0.]
 [0.]
 [0.]
 [0.]
 [0.]
 [0.]
 [0.]
 [0.]
 [0.]
 [0.]
 [0.]
 [0.]
 [0.]
 [0.]
 [0.]
 [0.]
 [0.]
 [0.]
 [0.]
 [0.]
 [0.]
 [0.]
 [0.]
 [0.]
 [0.]
 [0.]
 [0.]
 [0.]
 [0.]
 [0.]
 [0.]
 [0.]
 [0.]
 [0.]
 [0.]
 [0.]
 [0.]
 [0.]
 [0.]
 [0.]
 [0.]
 [0.]
 [0.]
 [0.]
 [0.]
 [0.]
 [0.]
 [0.]
 [0.]
 [0.]
 [0.]
 [0.]
 [0.]
 [0.]
 [0.]
 [0.]
 [0.]
 [0.]
 [0.]
 [0.]
 [0.]]
CG: [[10.]
 [10.]
 [10.]
 [10.]
 [10.]
 [10.]
 [10.]
 [10.]
 [10.]
 [10.]
 [10.]
 [10.]
 [10.]
 [10.]
 [10.]
 [10.]
 [10.]
 [10.]
 [10.]
 [10.]
 [10.]
 [10.]
 [10.]
 [10.]
 [10.]
 [10.]
 [10.]
 [10.]
 [10.]
 [10.]
 [10.]
 [10.]
 [10.]
 [10.]
 [10.]
 [10.]
 [10.]
 [10.]
 [10.]
 [10.]
 [10.]
 [10.]
 [10.]
 [10.]
 [10.]
 [10.]
 [10.]
 [10.]
 [10.]
 [10.]
 [10.]
 [10.]
 [10.]
 [10.]
 [10.]
 [10.]
 [10.]
 [10.]
 [10.]
 [10.]
 [10.]
 [10.]
 [10.]
 [10.]
 [10.]
 [10.]
 [10.]
 [10.]
 [10.]
 [10.]
 [10.]
 [10.]
 [10.]
 [10.]
 [10.]
 [10.]
 [10.]
 [10.]
 [10.]
 [10.]
 [10.]
 [10.]
 [10.]
 [10.]
 [10.]
 [10.]
 [10.]
 [10.]
 [10.]
 [10.]
 [10.]
 [10.]
 [10.]
 [10.]
 [10.]
 [10.]
 [10.]
 [10.]
 [10.]
 [10.]]
RG: [[500.]
 [500.]
 [500.]
 [500.]
 [500.]
 [500.]
 [500.]
 [500.]
 [500.]
 [500.]
 [500.]
 [500.]
 [500.]
 [500.]
 [500.]
 [500.]
 [500.]
 [500.]
 [500.]
 [500.]
 [500.]
 [500.]
 [500.]
 [500.]
 [500.]
 [500.]
 [500.]
 [500.]
 [500.]
 [500.]
 [500.]
 [500.]
 [500.]
 [500.]
 [500.]
 [500.]
 [500.]
 [500.]
 [500.]
 [500.]
 [500.]
 [500.]
 [500.]
 [500.]
 [500.]
 [500.]
 [500.]
 [500.]
 [500.]
 [500.]
 [500.]
 [500.]
 [500.]
 [500.]
 [500.]
 [500.]
 [500.]
 [500.]
 [500.]
 [500.]
 [500.]
 [500.]
 [500.]
 [500.]
 [500.]
 [500.]
 [500.]
 [500.]
 [500.]
 [500.]
 [500.]
 [500.]
 [500.]
 [500.]
 [500.]
 [500.]
 [500.]
 [500.]
 [500.]
 [500.]
 [500.]
 [500.]
 [500.]
 [500.]
 [500.]
 [500.]
 [500.]
 [500.]
 [500.]
 [500.]
 [500.]
 [500.]
 [500.]
 [500.]
 [500.]
 [500.]
 [500.]
 [500.]
 [500.]
 [500.]]
Ch: [[2.0561746  1.93055418 2.0455403  2.09412403 1.99733718 1.96841155
  1.99954494 1.98759617 1.92994489 2.05533713 1.973003  ]
 [2.07139531 1.95968682 2.05476433 1.94291382 1.95278196 1.97660302
  2.0824579  1.97634784 2.0960513  2.09242288 1.95317909]
 [2.09248543 2.05243311 1.94648973 1.9222615  1.90061842 1.99471478
  1.92519351 1.9212039  2.07227704 2.07137338 1.90963829]
 [2.07878164 1.90548442 1.90206409 1.93453817 1.94577655 2.05485787
  2.06043218 1.9451341  1.9566547  1.93970719 1.9845809 ]
 [2.08670489 1.97344661 2.01828908 1.96586968 2.09425562 1.94084298
  1.9626279  2.0712886  2.01956961 2.06600135 1.94533576]
 [2.05187399 1.91595562 1.95362544 1.97801388 2.04726819 1.93791715
  1.92169115 2.07098349 2.03719839 2.03598656 1.95170325]
 [1.96158635 1.90866838 2.03373092 1.96253632 1.97130911 2.02780887
  1.95211923 2.07802988 2.01662975 2.0469983  1.99908969]
 [1.99565155 2.07052757 1.9286217  2.00810557 1.94006144 2.06337942
  1.94562981 2.0693376  2.07999478 1.90300215 2.04085415]
 [2.04326786 1.92526877 2.05274126 2.08781578 1.94067879 2.02918839
  1.96788001 2.07929038 1.93322572 2.08707866 1.95725944]
 [1.91182243 1.97417398 1.91466873 1.98627183 2.01920032 1.90612194
  2.01178769 1.94358731 2.06280479 1.961496   1.9694172 ]]
Cv: [[0.         0.         0.         0.         0.         0.
  0.         0.         0.         0.        ]
 [2.05870073 1.9369254  1.96491812 2.08763188 1.99238469 1.9306171
  2.02400868 2.04847219 1.94036425 1.9784786 ]
 [2.00184403 2.06316658 2.09712832 2.09318426 2.03924355 2.03384084
  1.96784956 1.93589217 1.90399354 1.97757605]
 [1.99721458 1.91295036 2.02258505 1.94653327 2.03946223 1.9026035
  1.96766165 2.02381283 2.05082702 2.00580291]
 [1.90157102 2.03786497 1.99960979 1.981545   2.04401647 1.96314109
  2.05509915 1.93288122 1.98227205 1.98381592]
 [1.96943852 1.9701413  2.05300869 2.06167542 2.09044086 2.07454758
  2.0076126  2.01569136 2.04097543 1.97935496]
 [2.03377293 1.93190463 1.95920162 1.94562041 1.99876187 2.04665428
  2.04462078 2.05921701 2.00797318 2.05355351]
 [1.94825609 2.04655687 1.96840643 1.92662256 2.03515517 1.92618385
  1.99167176 2.02884638 1.91956445 1.94867661]
 [1.94836104 2.08929747 2.05643761 1.9454603  1.99232791 2.06678229
  2.04324239 2.03444385 1.9939145  2.03613433]
 [2.03018991 2.01151395 2.02689358 2.06159289 2.05711623 2.05527626
  2.05194594 1.90061498 1.94599765 2.03120231]]
Rh: [[12.24096474  6.03750023  9.881134   12.33711498  8.17841564 13.72902093
   5.00580449 12.15186176  6.35149137  5.92183805  5.27502326]
 [ 6.25341625 11.94596679  9.51238681  5.69477159  9.19912743  7.29095602
  13.3973635  12.17329932  7.72370974  9.45640347 14.42530181]
 [ 9.40865178  9.986487    9.33961968  9.4152263  10.73693634 10.06783836
  14.85198884  7.66831984  9.35005246 12.19785057 14.19018937]
 [ 9.33497754 11.49586132 11.40553464  8.98273461 12.31442484  7.53592736
  12.89576551  7.06843551  7.8744306  11.15951901  6.75891524]
 [14.67078755  8.14965462  9.939954   13.46814485 14.92760543  5.78898178
   5.23090259  6.19871972  5.29796005  7.64572104  7.88383281]
 [ 8.62853451  8.71490714 10.7121008  12.3414548   8.93256733  5.62436782
   5.75441731  6.94060763  9.8724365   6.6821411   5.86520649]
 [ 7.82013717  9.11902306  6.54044439  9.73472087  8.57691852  8.24955351
  14.28273858 12.01283679 10.39805852 11.05666078 10.79289084]
 [ 5.95928279  5.91212878  5.65036033  8.31584495 13.91617794  5.08748059
   8.17313135 10.20821529 13.7438577   5.69168221  5.01342524]
 [10.52094371  9.97901794  6.84705048  9.09503581 10.93330313 12.28939252
   8.70021077  6.50789456  6.30376295  9.79313544  5.79838548]
 [ 5.03195978  5.23328     8.38784976  8.08281357 11.87908736  8.02612575
  10.36529713 12.66373062  5.31300325  6.15421536  9.09110015]]
Rv: [[ 6.98632266  9.38765454  9.4168212   9.89452013 14.26451927  8.47591215
   5.95191129  6.8080323   9.92017075 10.45760037]
 [13.21725314 14.45615265 11.24261109 12.99420635 11.18359032 14.56646599
  11.25555642  5.94460185 12.31841088  7.94822353]
 [ 9.4366801  13.81259417  7.66513499  8.04032971 10.2107118   5.16215824
   6.63576992  8.77696914  5.85579972  9.97859866]
 [11.36158124  6.14081363  8.55292297  9.15477386  5.16406459 12.92000877
   6.05062676 14.41855067  5.1557839   5.15833838]
 [12.00025295  9.73199067  7.72176363  6.75051799 13.717341    5.61461967
   5.91655625  8.19141133 12.46071    14.41351778]
 [ 7.55542782  5.58175072  7.89034504  8.10208798  7.79585216 10.63113849
   6.67103722  6.53216101 12.14301989  6.01484725]
 [ 9.83487668 10.58412216  8.91973435 10.59152055  8.17471477  5.12675307
   8.69577685 12.15844806  9.54019629  5.79043551]
 [10.52861924 13.21254058  5.71766557  6.7238911  12.16586533  6.47280402
  10.89026728 13.0648711   9.57761633  6.0133602 ]
 [ 5.74993656 10.28657208 13.9178645  11.7505164   7.63121633  7.60263326
  10.02009979  5.11787616 12.45045542  9.76358762]]