-------Running parameters--------
T = 0.001
temperature_gradient = 0.0
gap = 0
M = 10
N = 10
VR = 0.0
Vmin = 0.0
Vmax = 1.1
vStep = 0.001
vSym = True
repeats = 20
fileName = array_10_10_disorder_c_std_0.5_r_std_9_run_1
dist = exp
fullOutput = True
use_graph = False
current_map = True
plot_current_map = False
plot_binary_current_map = False
frame_norm = False
dbg = False
resume = False
sc = False
leaping = False
constQ = False
modifyR = False
double_time = False
double_loop = False
output_folder = bgu_2d_finite_temperature_different_disorders
params_path = 
VG_avg = 0.0
VG_std = 0.0
C_avg = 2.0
C_std = 0.5
CG_avg = 10.0
CG_std = 0.0
R_avg = 10.0
R_std = 9.0
custom_rh = ""
custom_rv = ""
custom_ch = ""
custom_cv = ""
RG_avg = 500.0
RG_std = 0.0
n0_avg = 0.0
n0_std = 0.0
Q0_avg = 0.0
Q0_std = 0.0
----Array Parameters-----
Rows: 10
Columns: 10
VG: [[0.]
 [0.]
 [0.]
 [0.]
 [0.]
 [0.]
 [0.]
 [0.]
 [0.]
 [0.]
 [0.]
 [0.]
 [0.]
 [0.]
 [0.]
 [0.]
 [0.]
 [0.]
 [0.]
 [0.]
 [0.]
 [0.]
 [0.]
 [0.]
 [0.]
 [0.]
 [0.]
 [0.]
 [0.]
 [0.]
 [0.]
 [0.]
 [0.]
 [0.]
 [0.]
 [0.]
 [0.]
 [0.]
 [0.]
 [0.]
 [0.]
 [0.]
 [0.]
 [0.]
 [0.]
 [0.]
 [0.]
 [0.]
 [0.]
 [0.]
 [0.]
 [0.]
 [0.]
 [0.]
 [0.]
 [0.]
 [0.]
 [0.]
 [0.]
 [0.]
 [0.]
 [0.]
 [0.]
 [0.]
 [0.]
 [0.]
 [0.]
 [0.]
 [0.]
 [0.]
 [0.]
 [0.]
 [0.]
 [0.]
 [0.]
 [0.]
 [0.]
 [0.]
 [0.]
 [0.]
 [0.]
 [0.]
 [0.]
 [0.]
 [0.]
 [0.]
 [0.]
 [0.]
 [0.]
 [0.]
 [0.]
 [0.]
 [0.]
 [0.]
 [0.]
 [0.]
 [0.]
 [0.]
 [0.]
 [0.]]
CG: [[10.]
 [10.]
 [10.]
 [10.]
 [10.]
 [10.]
 [10.]
 [10.]
 [10.]
 [10.]
 [10.]
 [10.]
 [10.]
 [10.]
 [10.]
 [10.]
 [10.]
 [10.]
 [10.]
 [10.]
 [10.]
 [10.]
 [10.]
 [10.]
 [10.]
 [10.]
 [10.]
 [10.]
 [10.]
 [10.]
 [10.]
 [10.]
 [10.]
 [10.]
 [10.]
 [10.]
 [10.]
 [10.]
 [10.]
 [10.]
 [10.]
 [10.]
 [10.]
 [10.]
 [10.]
 [10.]
 [10.]
 [10.]
 [10.]
 [10.]
 [10.]
 [10.]
 [10.]
 [10.]
 [10.]
 [10.]
 [10.]
 [10.]
 [10.]
 [10.]
 [10.]
 [10.]
 [10.]
 [10.]
 [10.]
 [10.]
 [10.]
 [10.]
 [10.]
 [10.]
 [10.]
 [10.]
 [10.]
 [10.]
 [10.]
 [10.]
 [10.]
 [10.]
 [10.]
 [10.]
 [10.]
 [10.]
 [10.]
 [10.]
 [10.]
 [10.]
 [10.]
 [10.]
 [10.]
 [10.]
 [10.]
 [10.]
 [10.]
 [10.]
 [10.]
 [10.]
 [10.]
 [10.]
 [10.]
 [10.]]
RG: [[500.]
 [500.]
 [500.]
 [500.]
 [500.]
 [500.]
 [500.]
 [500.]
 [500.]
 [500.]
 [500.]
 [500.]
 [500.]
 [500.]
 [500.]
 [500.]
 [500.]
 [500.]
 [500.]
 [500.]
 [500.]
 [500.]
 [500.]
 [500.]
 [500.]
 [500.]
 [500.]
 [500.]
 [500.]
 [500.]
 [500.]
 [500.]
 [500.]
 [500.]
 [500.]
 [500.]
 [500.]
 [500.]
 [500.]
 [500.]
 [500.]
 [500.]
 [500.]
 [500.]
 [500.]
 [500.]
 [500.]
 [500.]
 [500.]
 [500.]
 [500.]
 [500.]
 [500.]
 [500.]
 [500.]
 [500.]
 [500.]
 [500.]
 [500.]
 [500.]
 [500.]
 [500.]
 [500.]
 [500.]
 [500.]
 [500.]
 [500.]
 [500.]
 [500.]
 [500.]
 [500.]
 [500.]
 [500.]
 [500.]
 [500.]
 [500.]
 [500.]
 [500.]
 [500.]
 [500.]
 [500.]
 [500.]
 [500.]
 [500.]
 [500.]
 [500.]
 [500.]
 [500.]
 [500.]
 [500.]
 [500.]
 [500.]
 [500.]
 [500.]
 [500.]
 [500.]
 [500.]
 [500.]
 [500.]
 [500.]]
Ch: [[1.74186114 2.34917751 1.63833837 2.12627416 2.42735654 2.21942056
  1.65171147 1.71832615 2.33615705 1.80833469 1.90527004]
 [2.14525828 1.53086734 1.74255937 1.96179359 1.91357681 2.46312344
  2.34965564 2.02676203 1.82698994 2.07302898 2.10075479]
 [2.40678907 1.58217299 1.64371068 1.96959264 2.09294838 1.87815564
  2.3986668  2.30473559 2.08865775 2.12200641 1.7355764 ]
 [2.02807779 1.95020986 1.50568736 1.7799954  1.62469945 1.60063024
  2.10211671 2.38246169 1.9744942  2.08062238 2.4899545 ]
 [2.18346015 2.14336595 2.03023296 1.91995258 1.8995487  1.53991237
  2.24932023 1.80064298 1.88514881 2.38654146 1.85309103]
 [1.55749473 2.03429271 1.88716079 1.53547607 1.74830132 1.75840627
  1.90983948 1.70393907 1.72905549 1.50414277 2.36140765]
 [2.28458169 2.40454876 1.58059912 2.10597558 1.74016203 1.78291186
  1.56650305 1.67328002 1.53027857 2.31491877 1.64973055]
 [1.60667489 2.26622891 1.7450552  1.86055714 1.51239298 1.76873667
  1.52601303 1.69405496 2.23717603 1.88467483 1.97313663]
 [2.45419909 2.30619494 2.33821841 2.22644365 1.82168007 2.35334329
  2.42716386 1.84656011 2.3598601  1.75558925 1.64085113]
 [2.33541504 2.02251684 1.80265601 1.98888372 1.75607237 1.55244535
  1.70978307 2.35282453 1.54881457 2.19839049 2.33319757]]
Cv: [[0.         0.         0.         0.         0.         0.
  0.         0.         0.         0.        ]
 [2.09588096 2.13610018 1.80220325 1.75252307 1.75956533 1.62329465
  1.80920574 1.81881763 2.10909117 1.84236305]
 [1.86018046 1.70857205 1.80602018 1.7133892  1.57267804 1.65450101
  1.5025316  2.04240723 2.49101392 1.52245679]
 [1.77457165 1.71212347 2.45451738 1.61266523 1.55846454 2.20902507
  1.96254808 1.77354703 1.95380639 2.47240652]
 [1.8300289  2.37828718 2.40625804 1.6984223  1.95053854 1.78581056
  2.37254292 2.0976915  2.16043061 2.07056125]
 [1.56750851 1.87274962 2.18473122 2.194329   1.94332019 2.37384043
  1.66987035 1.53812978 1.62630686 2.4871002 ]
 [1.81598171 2.19309518 1.93608088 1.75563293 2.24915731 1.8351765
  1.63228962 1.83491663 1.96140008 1.93279917]
 [2.46571061 2.10205892 1.88102352 2.0735859  1.51222572 1.99715452
  2.17330527 1.64199384 2.04889317 1.55324864]
 [2.1140901  2.41190406 1.68719407 2.48524645 1.52720979 1.62313762
  1.6449573  2.05543353 1.82387486 1.61915401]
 [1.70150789 1.59248667 2.49556554 1.62622772 2.15571289 1.74594717
  2.14162862 2.26328888 2.01487329 2.4587091 ]]
Rh: [[ 4.62253392  7.07679719  3.64894437  9.54148095  2.14235849 10.20966512
   8.16776199  1.09010384  1.36241463 12.53620925 17.03324119]
 [ 4.31404602  7.7002847  10.87982901  6.26770598 12.40918077  2.73699745
  12.15315077  1.42084023 10.19863488 15.57311058  5.40247032]
 [ 5.01228577 11.20250546  3.40246825 14.77756634  3.60725528  1.2928708
   1.0372995   3.63618108  1.22141399  9.40463617  9.87473671]
 [16.69388377  1.28778225  2.85065361  1.60145986  2.35552957  1.230979
   6.76345267  1.50725301  1.83277677 16.27788475  1.62700822]
 [12.00967684  1.50089122  9.40601709  1.40642377  1.02237791  5.92774815
   1.14228112  4.89335692  1.67945474  7.7662163   2.27251884]
 [17.48487397  3.57667597 15.58654321  1.70163822  2.18885254 15.59403764
  15.89234675  1.34956902  2.27406484  2.06051108  9.61790002]
 [15.57847385  4.12203035  6.31493532  3.19158579  6.40830449  8.17030876
   1.29340663  7.63202496  4.65406655  1.25278626  2.63398259]
 [13.18120013  6.49150064  1.86267204 10.23305169  2.46320359  5.12547206
   6.73662434 12.69708248  1.10530313  3.70570365  7.98777349]
 [11.2011991   8.39474126  1.31192334  1.48654069  7.6799777   1.22366199
   4.198512    6.22190218  9.1929631   5.09974718  4.88752938]
 [ 6.18013726  7.69959532  5.52546016  9.33546527  7.92263449  1.45249272
  18.03089203 15.73002343  3.08985637  1.00184978  1.59033437]]
Rv: [[ 2.45765883  9.6961033   1.20059645  8.22917806  1.17468939  1.03884581
   9.44907185  1.43760482  6.05451678  7.30554802]
 [ 1.04715171  8.08030525  5.19810433 12.15546567  1.7436025   2.58430425
   1.61452661 17.31164721  6.56582782  2.74692433]
 [ 2.867794    4.18481568  3.93340887  1.80039754  1.04691205  8.31793461
   3.02517535  3.69925961  4.65466843  4.05677675]
 [ 4.71695354  2.32343289  8.38232969  3.19657629 10.03803733  4.83632909
   1.41966404  1.05511447 15.56276998  3.30415414]
 [ 5.09220053  2.43643722  1.02634145  3.76898325 12.75341549  8.19506918
   3.22724678  1.54292921  3.29528468  7.17164516]
 [10.1408384   5.46636445  5.46429902  4.94053901  4.35455744  3.31400231
   2.88537125  3.52792552  7.7233481   1.10301523]
 [18.88266774 14.08620431 10.62832824  6.80511818  1.07995589  3.38424501
  12.31692528 16.94349939 13.03425783  6.34474575]
 [ 4.91908977  3.85742459 14.44334827  1.76686856  4.00829471  1.7712369
   8.8285578   6.1869167   1.03794037 11.01941447]
 [12.30774167  2.63511559  7.96782461 16.31079743  9.56175844  6.25317633
  12.62670546  8.66959955  2.19587766  2.56594884]]