-------Running parameters--------
T = 0.001
temperature_gradient = 0.0
gap = 0
M = 10
N = 10
VR = 0.0
Vmin = 0.0
Vmax = 1.1
vStep = 0.001
vSym = True
repeats = 20
fileName = array_10_10_disorder_c_std_0.5_r_std_1_run_5
dist = exp
fullOutput = True
use_graph = False
current_map = True
plot_current_map = False
plot_binary_current_map = False
frame_norm = False
dbg = False
resume = False
sc = False
leaping = False
constQ = False
modifyR = False
double_time = False
double_loop = False
output_folder = bgu_2d_finite_temperature_different_disorders
params_path = 
VG_avg = 0.0
VG_std = 0.0
C_avg = 2.0
C_std = 0.5
CG_avg = 10.0
CG_std = 0.0
R_avg = 10.0
R_std = 1.0
custom_rh = ""
custom_rv = ""
custom_ch = ""
custom_cv = ""
RG_avg = 500.0
RG_std = 0.0
n0_avg = 0.0
n0_std = 0.0
Q0_avg = 0.0
Q0_std = 0.0
----Array Parameters-----
Rows: 10
Columns: 10
VG: [[0.]
 [0.]
 [0.]
 [0.]
 [0.]
 [0.]
 [0.]
 [0.]
 [0.]
 [0.]
 [0.]
 [0.]
 [0.]
 [0.]
 [0.]
 [0.]
 [0.]
 [0.]
 [0.]
 [0.]
 [0.]
 [0.]
 [0.]
 [0.]
 [0.]
 [0.]
 [0.]
 [0.]
 [0.]
 [0.]
 [0.]
 [0.]
 [0.]
 [0.]
 [0.]
 [0.]
 [0.]
 [0.]
 [0.]
 [0.]
 [0.]
 [0.]
 [0.]
 [0.]
 [0.]
 [0.]
 [0.]
 [0.]
 [0.]
 [0.]
 [0.]
 [0.]
 [0.]
 [0.]
 [0.]
 [0.]
 [0.]
 [0.]
 [0.]
 [0.]
 [0.]
 [0.]
 [0.]
 [0.]
 [0.]
 [0.]
 [0.]
 [0.]
 [0.]
 [0.]
 [0.]
 [0.]
 [0.]
 [0.]
 [0.]
 [0.]
 [0.]
 [0.]
 [0.]
 [0.]
 [0.]
 [0.]
 [0.]
 [0.]
 [0.]
 [0.]
 [0.]
 [0.]
 [0.]
 [0.]
 [0.]
 [0.]
 [0.]
 [0.]
 [0.]
 [0.]
 [0.]
 [0.]
 [0.]
 [0.]]
CG: [[10.]
 [10.]
 [10.]
 [10.]
 [10.]
 [10.]
 [10.]
 [10.]
 [10.]
 [10.]
 [10.]
 [10.]
 [10.]
 [10.]
 [10.]
 [10.]
 [10.]
 [10.]
 [10.]
 [10.]
 [10.]
 [10.]
 [10.]
 [10.]
 [10.]
 [10.]
 [10.]
 [10.]
 [10.]
 [10.]
 [10.]
 [10.]
 [10.]
 [10.]
 [10.]
 [10.]
 [10.]
 [10.]
 [10.]
 [10.]
 [10.]
 [10.]
 [10.]
 [10.]
 [10.]
 [10.]
 [10.]
 [10.]
 [10.]
 [10.]
 [10.]
 [10.]
 [10.]
 [10.]
 [10.]
 [10.]
 [10.]
 [10.]
 [10.]
 [10.]
 [10.]
 [10.]
 [10.]
 [10.]
 [10.]
 [10.]
 [10.]
 [10.]
 [10.]
 [10.]
 [10.]
 [10.]
 [10.]
 [10.]
 [10.]
 [10.]
 [10.]
 [10.]
 [10.]
 [10.]
 [10.]
 [10.]
 [10.]
 [10.]
 [10.]
 [10.]
 [10.]
 [10.]
 [10.]
 [10.]
 [10.]
 [10.]
 [10.]
 [10.]
 [10.]
 [10.]
 [10.]
 [10.]
 [10.]
 [10.]]
RG: [[500.]
 [500.]
 [500.]
 [500.]
 [500.]
 [500.]
 [500.]
 [500.]
 [500.]
 [500.]
 [500.]
 [500.]
 [500.]
 [500.]
 [500.]
 [500.]
 [500.]
 [500.]
 [500.]
 [500.]
 [500.]
 [500.]
 [500.]
 [500.]
 [500.]
 [500.]
 [500.]
 [500.]
 [500.]
 [500.]
 [500.]
 [500.]
 [500.]
 [500.]
 [500.]
 [500.]
 [500.]
 [500.]
 [500.]
 [500.]
 [500.]
 [500.]
 [500.]
 [500.]
 [500.]
 [500.]
 [500.]
 [500.]
 [500.]
 [500.]
 [500.]
 [500.]
 [500.]
 [500.]
 [500.]
 [500.]
 [500.]
 [500.]
 [500.]
 [500.]
 [500.]
 [500.]
 [500.]
 [500.]
 [500.]
 [500.]
 [500.]
 [500.]
 [500.]
 [500.]
 [500.]
 [500.]
 [500.]
 [500.]
 [500.]
 [500.]
 [500.]
 [500.]
 [500.]
 [500.]
 [500.]
 [500.]
 [500.]
 [500.]
 [500.]
 [500.]
 [500.]
 [500.]
 [500.]
 [500.]
 [500.]
 [500.]
 [500.]
 [500.]
 [500.]
 [500.]
 [500.]
 [500.]
 [500.]
 [500.]]
Ch: [[2.04909308 1.67514965 2.15679791 1.66118047 1.58954603 1.81850257
  1.52770399 1.92553648 2.49211471 2.38306099 1.71881632]
 [1.65026361 2.1242482  1.54437239 2.26250411 2.44959231 2.4808653
  2.36109639 2.17088268 1.87310887 1.61372744 2.00633783]
 [1.84486802 2.0791096  1.5553759  2.2431991  2.2011977  1.83799104
  1.66861928 1.88433044 2.11020994 2.28219224 2.04648238]
 [1.82383888 1.83171958 2.31411585 2.07011138 1.65690075 1.93459641
  2.18505476 1.62803842 1.66317629 1.54542598 1.77784148]
 [1.76757714 1.60571383 1.6208351  1.53549216 2.20342873 1.77847609
  2.14085193 2.14389589 2.17056982 1.6101655  2.38668266]
 [2.28576471 1.50960514 1.79714319 1.94617567 2.13628523 2.48238173
  1.95428027 2.06345202 1.83706185 1.60294384 2.47976681]
 [2.1023245  1.98256348 1.69465688 2.48368644 1.53664192 2.09670284
  1.56169266 1.86191027 2.13074254 2.0471949  2.08661386]
 [1.78108846 1.61190821 1.81098201 1.86443055 1.67186115 2.07961433
  1.69496422 1.63844497 2.00563013 2.24788041 2.18068772]
 [1.72092817 1.55955975 2.11517108 2.19985325 1.51091652 1.91988074
  1.97683708 1.62495147 1.7577858  1.67371035 1.64052467]
 [1.84865428 2.43666828 1.81752165 2.01801329 2.23427572 1.68486258
  1.53924246 2.38164185 2.25061979 1.76864379 1.51924159]]
Cv: [[0.         0.         0.         0.         0.         0.
  0.         0.         0.         0.        ]
 [2.22498836 1.6238251  1.59229107 1.62793966 1.63284    1.82819517
  1.67945964 2.33709049 1.81410121 1.72412771]
 [2.17953022 1.97586238 1.71801533 1.59633323 1.58010897 1.69284628
  2.3686065  2.48737974 2.06928736 2.18563865]
 [2.31869781 1.65901425 2.03859137 2.38365182 1.66345029 1.93579133
  1.8547759  2.26409828 2.13015516 2.03871603]
 [2.45231363 1.51197684 1.86265532 1.67702502 2.15634759 2.36087453
  1.67293869 2.15714144 1.89454325 1.70242051]
 [2.39994222 2.26259178 1.55391884 2.34094091 2.12849961 1.66049273
  2.19684465 1.78353976 2.41188466 2.2942657 ]
 [1.76407686 2.40623527 1.53158472 2.21409662 1.80156749 2.0233435
  1.6024752  2.17938308 1.85557992 2.08914717]
 [1.54122744 1.64414184 2.24043112 1.85953743 1.59368106 1.80726746
  1.80765942 1.95395989 2.0602974  2.13713213]
 [1.84960546 1.56990261 1.97569472 1.663305   2.08055807 2.46896108
  1.99435676 1.72921215 1.92294351 1.66225434]
 [1.61155485 1.61332108 2.24806938 2.03069427 1.71483097 1.91496557
  2.46991267 1.69778005 2.08495808 1.63264181]]
Rh: [[10.5287878   9.853864   10.37225795 10.16795144 10.67036338 10.23369904
   9.48838814 10.4571411   9.30099202 10.01514592  9.4306228 ]
 [10.93738665 10.91990338  9.69570654 10.98673151  9.56519504  9.36919526
   9.12845497  9.88015019  9.396706   10.97127224 10.92634414]
 [ 9.94177258 10.22928387  9.95727691 10.52833649  9.02523876 10.30168493
  10.35828309  9.01385482 10.52948898  9.74925906  9.73814351]
 [ 9.84665254 10.61724451  9.0988601   9.38522278 10.1054762   9.97273862
  10.75124992 10.33876778  9.38260117 10.6066085  10.36163355]
 [ 9.70435724 10.64838187  9.97574412  9.03817439 10.87517959  9.1147204
   9.0342998   9.1843829  10.19934789  9.77331839 10.86162998]
 [ 9.93308617 10.77821869 10.24467011  9.09681708 10.71706243 10.40457812
   9.7447987   9.25176531 10.84296968  9.37377192  9.30584968]
 [ 9.05679646 10.87951061 10.45973332 10.85387271  9.92948242 10.00576112
  10.34601586 10.4065862   9.03156566 10.81772014  9.50690573]
 [ 9.71230118  9.22820454  9.18684846 10.61211133  9.22969802  9.35197863
   9.75226089 10.80718137  9.61665557 10.59013211 10.76100201]
 [10.12311231 10.88896691 10.09076496  9.97003203  9.78997296  9.38014745
   9.32403717 10.82561142 10.55423989  9.23041278 10.83786229]
 [10.98936537  9.48173015  9.96365361  9.67762563  9.95458488 10.09181702
   9.76941008  9.37639555 10.12607927 10.66202581 10.55054609]]
Rv: [[10.80755056 10.34495256  9.56649446  9.70034059  9.53158961  9.39913553
  10.16013628 10.60011548 10.72243129  9.50179298]
 [10.68419186  9.18755699 10.60181437 10.03390169 10.71612015  9.60315252
   9.12610926  9.12638529 10.30227995  9.96505088]
 [10.73372084  9.03484709 10.95506996  9.63973704  9.70237371 10.29210209
  10.22402693  9.04744652 10.10659942  9.19785521]
 [ 9.46261285  9.33987317 10.83534764  9.13588281  9.2782973  10.95446771
  10.05230369 10.33374522  9.1736548   9.83313069]
 [ 9.80366641 10.10947129 10.36269232 10.03484033  9.30540491  9.40133826
  10.55548085  9.271111    9.81533337  9.35839814]
 [ 9.60608883  9.68989294  9.13178623  9.79988133 10.39144062  9.94118362
  10.57799328 10.0952476   9.03114415  9.60331037]
 [ 9.57986205  9.05592386  9.54837386  9.67259283  9.58209111 10.96234155
   9.7040148  10.67520458 10.15329873  9.60717445]
 [ 9.9207511  10.85221205  9.74341067  9.68932434  9.44914954  9.61406659
   9.18734364 10.52453062  9.34325621  9.5538724 ]
 [ 9.31809538  9.85733568 10.615619   10.53893778 10.22166796 10.3437405
  10.0442114   9.43361    10.59849496 10.53163673]]