-------Running parameters--------
T = 0.001
temperature_gradient = 0.0
gap = 0
M = 10
N = 10
VR = 0.0
Vmin = 0.0
Vmax = 1.1
vStep = 0.001
vSym = True
repeats = 20
fileName = array_10_10_disorder_c_std_0.5_r_std_9_run_3
dist = exp
fullOutput = True
use_graph = False
current_map = True
plot_current_map = False
plot_binary_current_map = False
frame_norm = False
dbg = False
resume = False
sc = False
leaping = False
constQ = False
modifyR = False
double_time = False
double_loop = False
output_folder = bgu_2d_finite_temperature_different_disorders
params_path = 
VG_avg = 0.0
VG_std = 0.0
C_avg = 2.0
C_std = 0.5
CG_avg = 10.0
CG_std = 0.0
R_avg = 10.0
R_std = 9.0
custom_rh = ""
custom_rv = ""
custom_ch = ""
custom_cv = ""
RG_avg = 500.0
RG_std = 0.0
n0_avg = 0.0
n0_std = 0.0
Q0_avg = 0.0
Q0_std = 0.0
----Array Parameters-----
Rows: 10
Columns: 10
VG: [[0.]
 [0.]
 [0.]
 [0.]
 [0.]
 [0.]
 [0.]
 [0.]
 [0.]
 [0.]
 [0.]
 [0.]
 [0.]
 [0.]
 [0.]
 [0.]
 [0.]
 [0.]
 [0.]
 [0.]
 [0.]
 [0.]
 [0.]
 [0.]
 [0.]
 [0.]
 [0.]
 [0.]
 [0.]
 [0.]
 [0.]
 [0.]
 [0.]
 [0.]
 [0.]
 [0.]
 [0.]
 [0.]
 [0.]
 [0.]
 [0.]
 [0.]
 [0.]
 [0.]
 [0.]
 [0.]
 [0.]
 [0.]
 [0.]
 [0.]
 [0.]
 [0.]
 [0.]
 [0.]
 [0.]
 [0.]
 [0.]
 [0.]
 [0.]
 [0.]
 [0.]
 [0.]
 [0.]
 [0.]
 [0.]
 [0.]
 [0.]
 [0.]
 [0.]
 [0.]
 [0.]
 [0.]
 [0.]
 [0.]
 [0.]
 [0.]
 [0.]
 [0.]
 [0.]
 [0.]
 [0.]
 [0.]
 [0.]
 [0.]
 [0.]
 [0.]
 [0.]
 [0.]
 [0.]
 [0.]
 [0.]
 [0.]
 [0.]
 [0.]
 [0.]
 [0.]
 [0.]
 [0.]
 [0.]
 [0.]]
CG: [[10.]
 [10.]
 [10.]
 [10.]
 [10.]
 [10.]
 [10.]
 [10.]
 [10.]
 [10.]
 [10.]
 [10.]
 [10.]
 [10.]
 [10.]
 [10.]
 [10.]
 [10.]
 [10.]
 [10.]
 [10.]
 [10.]
 [10.]
 [10.]
 [10.]
 [10.]
 [10.]
 [10.]
 [10.]
 [10.]
 [10.]
 [10.]
 [10.]
 [10.]
 [10.]
 [10.]
 [10.]
 [10.]
 [10.]
 [10.]
 [10.]
 [10.]
 [10.]
 [10.]
 [10.]
 [10.]
 [10.]
 [10.]
 [10.]
 [10.]
 [10.]
 [10.]
 [10.]
 [10.]
 [10.]
 [10.]
 [10.]
 [10.]
 [10.]
 [10.]
 [10.]
 [10.]
 [10.]
 [10.]
 [10.]
 [10.]
 [10.]
 [10.]
 [10.]
 [10.]
 [10.]
 [10.]
 [10.]
 [10.]
 [10.]
 [10.]
 [10.]
 [10.]
 [10.]
 [10.]
 [10.]
 [10.]
 [10.]
 [10.]
 [10.]
 [10.]
 [10.]
 [10.]
 [10.]
 [10.]
 [10.]
 [10.]
 [10.]
 [10.]
 [10.]
 [10.]
 [10.]
 [10.]
 [10.]
 [10.]]
RG: [[500.]
 [500.]
 [500.]
 [500.]
 [500.]
 [500.]
 [500.]
 [500.]
 [500.]
 [500.]
 [500.]
 [500.]
 [500.]
 [500.]
 [500.]
 [500.]
 [500.]
 [500.]
 [500.]
 [500.]
 [500.]
 [500.]
 [500.]
 [500.]
 [500.]
 [500.]
 [500.]
 [500.]
 [500.]
 [500.]
 [500.]
 [500.]
 [500.]
 [500.]
 [500.]
 [500.]
 [500.]
 [500.]
 [500.]
 [500.]
 [500.]
 [500.]
 [500.]
 [500.]
 [500.]
 [500.]
 [500.]
 [500.]
 [500.]
 [500.]
 [500.]
 [500.]
 [500.]
 [500.]
 [500.]
 [500.]
 [500.]
 [500.]
 [500.]
 [500.]
 [500.]
 [500.]
 [500.]
 [500.]
 [500.]
 [500.]
 [500.]
 [500.]
 [500.]
 [500.]
 [500.]
 [500.]
 [500.]
 [500.]
 [500.]
 [500.]
 [500.]
 [500.]
 [500.]
 [500.]
 [500.]
 [500.]
 [500.]
 [500.]
 [500.]
 [500.]
 [500.]
 [500.]
 [500.]
 [500.]
 [500.]
 [500.]
 [500.]
 [500.]
 [500.]
 [500.]
 [500.]
 [500.]
 [500.]
 [500.]]
Ch: [[1.69438048 1.68348298 1.57441411 1.62599613 2.22483314 1.59796449
  1.72575616 1.88119391 1.75559382 2.10579795 1.94226376]
 [2.04615993 2.11362233 1.65690939 1.79120142 2.17777126 1.62455866
  1.5499637  2.05463347 2.24687146 2.18217338 1.89683585]
 [2.22015579 1.60837124 1.64758265 1.70282756 2.02133344 1.88585552
  1.75374372 1.91441047 2.24579845 2.04576378 1.55763649]
 [2.11525034 2.13211767 2.07896261 2.1472891  2.36776775 2.28869827
  1.51507639 2.22587199 2.24080103 2.39166331 1.92669159]
 [2.02661663 2.13163041 1.55074583 1.54687384 2.48699834 1.67909428
  2.18202035 2.35836318 2.1418269  2.25065183 1.65735336]
 [2.19687739 1.7320397  1.67366515 1.76873464 1.70284407 2.49908922
  1.61596834 1.69731699 2.03206026 1.59750619 1.89000513]
 [1.84004337 1.96743319 2.48457829 2.33864762 2.30499333 2.12949158
  1.63592108 2.26460064 2.18421228 2.35008001 1.58252902]
 [2.0900403  1.76787997 1.62866811 1.88026941 2.45134761 2.37584274
  1.72460917 2.18583223 2.45947725 2.04064428 1.73722823]
 [1.8034891  2.0738747  1.50027682 2.1387257  2.33901376 1.89004476
  1.668972   1.99425501 2.15847345 2.17031497 2.28124754]
 [1.88434264 1.66519854 2.47159966 2.47075333 2.07904419 2.32949116
  2.3679739  1.9242386  1.90604945 2.08024794 1.61235377]]
Cv: [[0.         0.         0.         0.         0.         0.
  0.         0.         0.         0.        ]
 [2.19074758 2.20662859 1.87641657 1.89058653 2.01541406 1.70469165
  1.57962366 2.14770546 1.828433   1.51302342]
 [2.16521918 1.83626038 1.75482731 2.06258287 2.22119629 2.23483991
  2.41138287 1.70346051 2.4693227  1.74972428]
 [2.31318299 2.41490391 2.37204679 2.37011056 2.40254333 2.43855565
  2.27890018 2.17765887 1.81218369 1.65245432]
 [1.84917646 2.01010011 2.00303429 1.99884826 2.32707582 1.63597759
  2.00699292 2.18107491 1.80866645 2.2644239 ]
 [2.43946234 1.96017806 2.07623083 2.44905684 2.17213847 2.42879961
  1.55273661 1.77221463 2.03235755 1.9270003 ]
 [1.57104957 1.84896399 2.21429783 1.76391405 2.27939163 1.52224603
  1.6218468  1.95189687 1.64473816 1.90550994]
 [2.24083144 1.98989288 1.9044133  2.34770623 2.15578221 2.13066359
  1.90143593 1.99223381 1.70846598 1.57449447]
 [2.00744504 1.85373025 1.56400375 1.77929784 2.32146696 1.63339665
  1.70982149 2.00654767 2.41638573 2.37481604]
 [2.26149358 2.33668069 1.7570877  1.86107845 2.0371966  2.46816656
  2.44323868 1.94570257 1.69679067 2.35371772]]
Rh: [[ 3.34129562  7.58601743  1.71943049 10.7395295   1.33053702 16.86569624
   3.13387452 10.18366191  5.76557762  5.86012336 15.8319145 ]
 [ 1.76591773  3.72037863  1.27120374 12.5629762   4.36466936  2.02679501
   2.62011131  7.64859404  1.55497495  2.84692405  3.83261669]
 [ 2.55594437  1.89837846  5.79363742  6.91964775 16.12511913 17.10314609
  14.71766596  3.92859371  3.60625298  1.00264869  8.25150688]
 [ 1.31422498 17.60321794  3.81295438  1.41526853  2.97364884 10.41895572
  11.63237036  2.74817432  4.41593609 14.27591588 16.53455326]
 [ 1.30016407  1.09098708 15.18661659  6.07645269  8.15537313 15.46043564
   1.83981853  9.14155255 14.90774991  4.75194842  2.2682596 ]
 [17.60275924 18.21289447  1.99806122  2.02726403  2.09530976 15.43187016
   2.82275171  4.95467652  1.49406489 10.28985139  4.87254368]
 [ 7.86595985  2.44551721  5.27042382  7.58168377  2.34742347  1.38083258
   6.99758614 10.66627328  1.56972207  5.18484115  6.43287733]
 [ 1.84175228  4.32796282  9.6259944   2.99035682 15.55342267 12.84532428
   8.35715862  2.13406015  3.40800488  8.43473281  1.34012253]
 [11.64437425  3.83707246  1.03653971  2.09151947 14.18361915  7.22228809
   4.07397799  6.57678381  5.5876754   3.85398323  8.11491822]
 [ 1.24167081  2.5047328   1.58652553  3.75163041  7.32761575  2.11191201
  17.27078532  1.75703614  5.27937042 11.73855778  8.62679083]]
Rv: [[ 1.63143052  1.02790364  1.69974525 14.91539253  1.84228981 15.81043329
   4.82360998 17.16064439  3.32659407  1.32727179]
 [ 7.51993918  3.508525    4.4626867  15.16594928  2.73327533  1.20432873
   6.67132202  1.87585555  2.13842456  7.38977318]
 [11.01733398  1.902622   13.41323657  2.25639291  2.09440919  4.08603194
   9.31705285  6.66648523  2.82974238  4.71475358]
 [ 2.16953391  9.6180875  10.44579385  2.95139884  4.93698062  6.67295952
  16.19206815  4.86562551  3.02722393 14.51253615]
 [ 2.94771989  9.05393406  9.0733021   1.50030555  4.67753495  2.34218122
   3.10026628  8.07017455 18.52525018  4.66969535]
 [12.201384    9.88419972  8.582102    3.55273491 10.31355598  1.33880961
   1.15099207  4.43251286  5.15498312  1.7787923 ]
 [17.89765702  2.46514267  1.94060212  3.02165184  5.35356683  1.19014151
   6.74896373 10.3810287  14.85450239  5.74666038]
 [13.94290433  3.52367661 11.82091219  2.86675209 10.91290067  2.34567416
   2.50512518  1.46832149  3.63485919  1.3744029 ]
 [ 1.09225469 10.54131733 11.53357166 15.9354978   1.34608476  1.3491178
   8.17518446  2.37756032 14.52052874  3.93363738]]