-------Running parameters--------
T = 0.001
temperature_gradient = 0.0
gap = 0
M = 10
N = 10
VR = 0.0
Vmin = 0.0
Vmax = 1.1
vStep = 0.001
vSym = True
repeats = 20
fileName = array_10_10_disorder_c_std_0.1_r_std_9_run_2
dist = exp
fullOutput = True
use_graph = False
current_map = True
plot_current_map = False
plot_binary_current_map = False
frame_norm = False
dbg = False
resume = False
sc = False
leaping = False
constQ = False
modifyR = False
double_time = False
double_loop = False
output_folder = bgu_2d_finite_temperature_different_disorders
params_path = 
VG_avg = 0.0
VG_std = 0.0
C_avg = 2.0
C_std = 0.1
CG_avg = 10.0
CG_std = 0.0
R_avg = 10.0
R_std = 9.0
custom_rh = ""
custom_rv = ""
custom_ch = ""
custom_cv = ""
RG_avg = 500.0
RG_std = 0.0
n0_avg = 0.0
n0_std = 0.0
Q0_avg = 0.0
Q0_std = 0.0
----Array Parameters-----
Rows: 10
Columns: 10
VG: [[0.]
 [0.]
 [0.]
 [0.]
 [0.]
 [0.]
 [0.]
 [0.]
 [0.]
 [0.]
 [0.]
 [0.]
 [0.]
 [0.]
 [0.]
 [0.]
 [0.]
 [0.]
 [0.]
 [0.]
 [0.]
 [0.]
 [0.]
 [0.]
 [0.]
 [0.]
 [0.]
 [0.]
 [0.]
 [0.]
 [0.]
 [0.]
 [0.]
 [0.]
 [0.]
 [0.]
 [0.]
 [0.]
 [0.]
 [0.]
 [0.]
 [0.]
 [0.]
 [0.]
 [0.]
 [0.]
 [0.]
 [0.]
 [0.]
 [0.]
 [0.]
 [0.]
 [0.]
 [0.]
 [0.]
 [0.]
 [0.]
 [0.]
 [0.]
 [0.]
 [0.]
 [0.]
 [0.]
 [0.]
 [0.]
 [0.]
 [0.]
 [0.]
 [0.]
 [0.]
 [0.]
 [0.]
 [0.]
 [0.]
 [0.]
 [0.]
 [0.]
 [0.]
 [0.]
 [0.]
 [0.]
 [0.]
 [0.]
 [0.]
 [0.]
 [0.]
 [0.]
 [0.]
 [0.]
 [0.]
 [0.]
 [0.]
 [0.]
 [0.]
 [0.]
 [0.]
 [0.]
 [0.]
 [0.]
 [0.]]
CG: [[10.]
 [10.]
 [10.]
 [10.]
 [10.]
 [10.]
 [10.]
 [10.]
 [10.]
 [10.]
 [10.]
 [10.]
 [10.]
 [10.]
 [10.]
 [10.]
 [10.]
 [10.]
 [10.]
 [10.]
 [10.]
 [10.]
 [10.]
 [10.]
 [10.]
 [10.]
 [10.]
 [10.]
 [10.]
 [10.]
 [10.]
 [10.]
 [10.]
 [10.]
 [10.]
 [10.]
 [10.]
 [10.]
 [10.]
 [10.]
 [10.]
 [10.]
 [10.]
 [10.]
 [10.]
 [10.]
 [10.]
 [10.]
 [10.]
 [10.]
 [10.]
 [10.]
 [10.]
 [10.]
 [10.]
 [10.]
 [10.]
 [10.]
 [10.]
 [10.]
 [10.]
 [10.]
 [10.]
 [10.]
 [10.]
 [10.]
 [10.]
 [10.]
 [10.]
 [10.]
 [10.]
 [10.]
 [10.]
 [10.]
 [10.]
 [10.]
 [10.]
 [10.]
 [10.]
 [10.]
 [10.]
 [10.]
 [10.]
 [10.]
 [10.]
 [10.]
 [10.]
 [10.]
 [10.]
 [10.]
 [10.]
 [10.]
 [10.]
 [10.]
 [10.]
 [10.]
 [10.]
 [10.]
 [10.]
 [10.]]
RG: [[500.]
 [500.]
 [500.]
 [500.]
 [500.]
 [500.]
 [500.]
 [500.]
 [500.]
 [500.]
 [500.]
 [500.]
 [500.]
 [500.]
 [500.]
 [500.]
 [500.]
 [500.]
 [500.]
 [500.]
 [500.]
 [500.]
 [500.]
 [500.]
 [500.]
 [500.]
 [500.]
 [500.]
 [500.]
 [500.]
 [500.]
 [500.]
 [500.]
 [500.]
 [500.]
 [500.]
 [500.]
 [500.]
 [500.]
 [500.]
 [500.]
 [500.]
 [500.]
 [500.]
 [500.]
 [500.]
 [500.]
 [500.]
 [500.]
 [500.]
 [500.]
 [500.]
 [500.]
 [500.]
 [500.]
 [500.]
 [500.]
 [500.]
 [500.]
 [500.]
 [500.]
 [500.]
 [500.]
 [500.]
 [500.]
 [500.]
 [500.]
 [500.]
 [500.]
 [500.]
 [500.]
 [500.]
 [500.]
 [500.]
 [500.]
 [500.]
 [500.]
 [500.]
 [500.]
 [500.]
 [500.]
 [500.]
 [500.]
 [500.]
 [500.]
 [500.]
 [500.]
 [500.]
 [500.]
 [500.]
 [500.]
 [500.]
 [500.]
 [500.]
 [500.]
 [500.]
 [500.]
 [500.]
 [500.]
 [500.]]
Ch: [[2.03658226 2.07171378 2.0814276  1.98631594 1.90537492 1.95796044
  1.91848733 2.08617648 1.91705846 1.92405885 1.95896892]
 [1.98775037 1.91769256 1.92762619 2.04061    1.93788177 1.93908847
  1.98568596 2.08520968 2.05247864 1.94990393 1.92721089]
 [1.9313239  1.98351499 1.972676   2.08181451 2.09261512 2.02361416
  2.06864722 1.92295738 2.00158805 2.04420147 1.96065058]
 [1.97343043 1.98845752 1.93052967 2.09373897 1.91775317 2.09941419
  2.03836267 1.90462391 1.92956002 1.93307556 1.92459568]
 [1.97197056 2.00178028 2.03364163 2.07684998 2.01299622 2.08172797
  1.90759836 1.93954367 2.08331495 2.09488371 1.97928757]
 [2.08823782 2.00018821 2.07252832 1.94073151 2.03376198 2.09245953
  2.0596497  2.00314812 2.0174077  2.09304083 2.00475288]
 [1.99787755 1.99015444 2.05238748 2.06815587 2.01441962 1.95316333
  2.06413079 1.90574762 1.9014915  2.03007566 2.00542393]
 [2.09236017 2.02272589 1.91700702 2.08916891 1.96470901 2.05369744
  2.06085137 1.91582329 2.07519307 2.02236175 1.99682425]
 [2.02441417 1.90332164 1.94332996 2.03114215 2.09355576 1.95889972
  1.96270994 2.06072002 2.05698337 2.08358505 1.97948083]
 [1.94206065 1.98657233 2.05999091 1.90462276 2.06916597 1.98680414
  2.03244265 1.93180086 1.99335545 2.0336802  1.92386365]]
Cv: [[0.         0.         0.         0.         0.         0.
  0.         0.         0.         0.        ]
 [1.97669546 1.94240567 2.01689525 1.97716745 1.9173706  2.02024448
  1.96492375 2.090153   2.05525194 1.98214681]
 [1.92560865 1.90370659 2.03390924 1.9076584  1.96833871 2.05797773
  1.99845303 1.99928821 2.09305686 2.08506906]
 [2.07844727 2.09250269 2.06856482 2.00503129 1.95742425 1.98873523
  2.05417148 2.03722279 2.05903028 2.09351483]
 [1.95715694 1.90954161 1.98999996 2.08276605 1.95496988 2.08043914
  2.07995816 2.09355278 1.92383241 1.9967191 ]
 [1.98506406 2.07857855 1.9782325  1.9171645  1.91475683 1.94899664
  1.92739108 2.05887585 2.05844801 1.91627014]
 [1.98663491 1.90294769 2.04441762 2.07160103 1.97646178 2.02635176
  1.94812627 1.98765631 2.08475147 2.02305408]
 [1.94518594 1.96563356 2.01810929 1.91274343 1.92352559 2.06876089
  1.91603601 1.94682111 1.9203778  2.0934028 ]
 [1.94495028 2.05648226 2.04137099 1.98282893 1.91562718 2.08685394
  2.04794514 2.02308648 1.96879849 1.93362863]
 [2.01995822 2.02722987 2.09795498 1.94331909 2.01804893 1.91467783
  1.96768772 1.93512269 1.9417972  1.91484628]]
Rh: [[ 2.13179934  1.58215147  5.16951442  3.64685074 15.2128442   1.20907956
   4.68596725  1.78251575  7.57529197  7.30423229  7.85290354]
 [ 1.27436168 13.25637966 16.24155106  9.13087392 17.52010154  1.96208783
   3.24883759 13.5482116   2.72746803  6.36449598  5.69339343]
 [ 3.83793395  1.20452272 17.39162253  7.72008931 12.04326333  3.74093682
   7.52513967  6.75569619  7.93443987  4.24992571  1.3433847 ]
 [ 2.98897233 16.19967858  1.78650454  1.43173308  1.49380682  3.73418782
  10.99631871 15.1360146   4.3942708   3.10136273 16.95761081]
 [ 3.222278    1.36424539  2.54685614  6.34023757  4.51411912  4.84772742
   1.45727525 14.75885448  4.50732914  2.88601732  7.15491787]
 [ 7.59543946  6.31204287  2.78286539  9.87755737  6.83923969  1.99094854
  10.53230795  5.9584018   7.71143334  4.53934916  3.42248763]
 [ 1.36479233  7.46479249  1.65197663  2.95134256  1.02586538  1.21987501
   1.00110829  4.45735008 11.40887636 17.31370895 13.11272511]
 [11.94173239  1.3067715   1.18803875  1.76080982  1.01092621  2.8871392
  18.07024181 15.67201347 16.09016545  2.26894303  2.4780832 ]
 [ 5.30139395  8.1559582   1.0005189   6.27487292  1.76076342  1.14343949
   6.37958795  6.89511282  2.5591844   1.16210156  1.9175038 ]
 [13.3209971  18.32126235  3.49532519  1.16957076  5.98975182 13.39118539
   1.18484735  1.40367431  2.20535922  2.4734351   2.87140153]]
Rv: [[ 1.49444734  1.48733299 13.64619791  4.77192079  1.07368936  5.32417338
   9.6365988  13.21987325  1.49605886 11.05088839]
 [ 2.01014619  1.49709679  3.8605121   2.47106907 11.90845952  1.83290142
  15.56047303  3.35590582  4.69556461  9.59578778]
 [ 7.28121693  5.46515461  6.66410277  1.8040921   3.83011147  8.06306025
   3.61222605  3.61684624  3.52522714 11.60466535]
 [12.50845609 18.10422169  7.04630027  1.11749305  4.78470043  1.70173081
   1.27883295 18.39878113  2.57100361  3.39961392]
 [ 4.09115698  6.48019336  1.59549915  3.59007859  6.01470911  3.15937575
   1.86435427  3.58741611  4.67721682  1.03745418]
 [ 5.25661039  1.12547085  3.73868235  2.05296205  3.87596629  8.81823947
   1.20827164  1.51997049 18.0718564   1.08985375]
 [10.00522341  2.59999977  8.28447194 10.42295838 11.7382659   2.04444989
  10.15692156  6.5261136   5.42347679  1.6468637 ]
 [14.14219448  1.31779237  8.71182843  7.00806878  1.37615038 17.01321429
   1.7272227   1.5188688   5.23921751  1.84448742]
 [ 5.59915276  1.82370586  8.36280751  3.95580052  1.43862841  2.69645326
   1.68109668  4.92936122 15.29789624  2.21010384]]