-------Running parameters--------
T = 0.001
temperature_gradient = 0.0
gap = 0
M = 10
N = 10
VR = 0.0
Vmin = 0.0
Vmax = 1.1
vStep = 0.001
vSym = True
repeats = 20
fileName = array_10_10_disorder_c_std_0.5_r_std_1_run_3
dist = exp
fullOutput = True
use_graph = False
current_map = True
plot_current_map = False
plot_binary_current_map = False
frame_norm = False
dbg = False
resume = False
sc = False
leaping = False
constQ = False
modifyR = False
double_time = False
double_loop = False
output_folder = bgu_2d_finite_temperature_different_disorders
params_path = 
VG_avg = 0.0
VG_std = 0.0
C_avg = 2.0
C_std = 0.5
CG_avg = 10.0
CG_std = 0.0
R_avg = 10.0
R_std = 1.0
custom_rh = ""
custom_rv = ""
custom_ch = ""
custom_cv = ""
RG_avg = 500.0
RG_std = 0.0
n0_avg = 0.0
n0_std = 0.0
Q0_avg = 0.0
Q0_std = 0.0
----Array Parameters-----
Rows: 10
Columns: 10
VG: [[0.]
 [0.]
 [0.]
 [0.]
 [0.]
 [0.]
 [0.]
 [0.]
 [0.]
 [0.]
 [0.]
 [0.]
 [0.]
 [0.]
 [0.]
 [0.]
 [0.]
 [0.]
 [0.]
 [0.]
 [0.]
 [0.]
 [0.]
 [0.]
 [0.]
 [0.]
 [0.]
 [0.]
 [0.]
 [0.]
 [0.]
 [0.]
 [0.]
 [0.]
 [0.]
 [0.]
 [0.]
 [0.]
 [0.]
 [0.]
 [0.]
 [0.]
 [0.]
 [0.]
 [0.]
 [0.]
 [0.]
 [0.]
 [0.]
 [0.]
 [0.]
 [0.]
 [0.]
 [0.]
 [0.]
 [0.]
 [0.]
 [0.]
 [0.]
 [0.]
 [0.]
 [0.]
 [0.]
 [0.]
 [0.]
 [0.]
 [0.]
 [0.]
 [0.]
 [0.]
 [0.]
 [0.]
 [0.]
 [0.]
 [0.]
 [0.]
 [0.]
 [0.]
 [0.]
 [0.]
 [0.]
 [0.]
 [0.]
 [0.]
 [0.]
 [0.]
 [0.]
 [0.]
 [0.]
 [0.]
 [0.]
 [0.]
 [0.]
 [0.]
 [0.]
 [0.]
 [0.]
 [0.]
 [0.]
 [0.]]
CG: [[10.]
 [10.]
 [10.]
 [10.]
 [10.]
 [10.]
 [10.]
 [10.]
 [10.]
 [10.]
 [10.]
 [10.]
 [10.]
 [10.]
 [10.]
 [10.]
 [10.]
 [10.]
 [10.]
 [10.]
 [10.]
 [10.]
 [10.]
 [10.]
 [10.]
 [10.]
 [10.]
 [10.]
 [10.]
 [10.]
 [10.]
 [10.]
 [10.]
 [10.]
 [10.]
 [10.]
 [10.]
 [10.]
 [10.]
 [10.]
 [10.]
 [10.]
 [10.]
 [10.]
 [10.]
 [10.]
 [10.]
 [10.]
 [10.]
 [10.]
 [10.]
 [10.]
 [10.]
 [10.]
 [10.]
 [10.]
 [10.]
 [10.]
 [10.]
 [10.]
 [10.]
 [10.]
 [10.]
 [10.]
 [10.]
 [10.]
 [10.]
 [10.]
 [10.]
 [10.]
 [10.]
 [10.]
 [10.]
 [10.]
 [10.]
 [10.]
 [10.]
 [10.]
 [10.]
 [10.]
 [10.]
 [10.]
 [10.]
 [10.]
 [10.]
 [10.]
 [10.]
 [10.]
 [10.]
 [10.]
 [10.]
 [10.]
 [10.]
 [10.]
 [10.]
 [10.]
 [10.]
 [10.]
 [10.]
 [10.]]
RG: [[500.]
 [500.]
 [500.]
 [500.]
 [500.]
 [500.]
 [500.]
 [500.]
 [500.]
 [500.]
 [500.]
 [500.]
 [500.]
 [500.]
 [500.]
 [500.]
 [500.]
 [500.]
 [500.]
 [500.]
 [500.]
 [500.]
 [500.]
 [500.]
 [500.]
 [500.]
 [500.]
 [500.]
 [500.]
 [500.]
 [500.]
 [500.]
 [500.]
 [500.]
 [500.]
 [500.]
 [500.]
 [500.]
 [500.]
 [500.]
 [500.]
 [500.]
 [500.]
 [500.]
 [500.]
 [500.]
 [500.]
 [500.]
 [500.]
 [500.]
 [500.]
 [500.]
 [500.]
 [500.]
 [500.]
 [500.]
 [500.]
 [500.]
 [500.]
 [500.]
 [500.]
 [500.]
 [500.]
 [500.]
 [500.]
 [500.]
 [500.]
 [500.]
 [500.]
 [500.]
 [500.]
 [500.]
 [500.]
 [500.]
 [500.]
 [500.]
 [500.]
 [500.]
 [500.]
 [500.]
 [500.]
 [500.]
 [500.]
 [500.]
 [500.]
 [500.]
 [500.]
 [500.]
 [500.]
 [500.]
 [500.]
 [500.]
 [500.]
 [500.]
 [500.]
 [500.]
 [500.]
 [500.]
 [500.]
 [500.]]
Ch: [[2.33307752 1.61476999 2.19610274 2.00796911 1.60516866 2.20262502
  1.75610164 1.78369075 2.3287793  1.95383103 2.10170452]
 [1.73545252 1.55613316 1.70392119 1.72447496 1.57767857 1.62696831
  1.90178754 1.95471642 1.98154691 1.53250153 2.08739595]
 [2.21482519 1.84338787 1.89833535 2.25982503 2.18176097 2.32369212
  1.67473532 2.09676598 1.77799827 1.97801775 1.80765497]
 [1.63694812 1.75271358 1.55813186 2.19705914 2.21434728 1.73034389
  2.43689405 2.2017923  2.25877561 2.32839908 1.77204262]
 [1.55397142 2.42326623 1.69181386 1.6425734  1.92456724 2.42757136
  1.81243827 2.4982505  1.93867528 1.90906906 2.23703742]
 [2.25192304 2.17045841 1.62594181 1.69181577 1.87325705 1.80936115
  1.60151472 2.30929068 2.11012748 2.03513375 1.95407828]
 [2.23295786 2.41818434 2.48358026 2.25280434 1.66810838 1.95632264
  1.56956708 1.69488543 1.68943451 2.06501506 1.56460786]
 [1.54639638 1.51451873 1.79849389 1.85688453 1.62448822 1.98614211
  2.4800016  1.90638459 1.65709075 1.61749196 2.25883389]
 [2.18689241 2.00882462 1.76648373 2.41808585 2.37772894 1.93284302
  2.11923929 1.73190222 2.18836413 2.12635583 2.08334533]
 [1.78611352 1.58371088 2.21727375 1.68827178 2.477209   2.00463862
  1.7333065  1.91798041 1.60380198 1.5452571  1.60162764]]
Cv: [[0.         0.         0.         0.         0.         0.
  0.         0.         0.         0.        ]
 [1.73590053 1.6490661  2.14734496 2.00751811 1.72857322 1.72391829
  2.04945404 1.97724252 2.14121299 1.68954131]
 [1.86631838 1.82361306 1.58848651 2.28791229 1.89415531 2.30720495
  1.69203993 1.64428349 2.11426862 1.52251512]
 [2.04720546 2.4639722  1.60842415 1.56615165 2.44989585 1.8152568
  1.71916119 1.57725137 1.50182606 1.84823302]
 [1.73074421 2.16036735 1.75202459 2.46942988 2.19272587 1.57562234
  2.0266107  1.68860038 1.57019109 2.39150071]
 [1.80619298 2.07748459 2.35536583 1.8798164  1.71902613 1.88323708
  2.39323783 1.58057621 1.92283506 1.72874566]
 [2.26050509 1.66858804 2.14175136 2.41734226 1.70574669 2.23417557
  2.30765012 2.33691668 2.3718207  2.26248413]
 [1.92490219 1.74898939 2.44561154 2.13534356 2.31835104 1.63461371
  2.08231591 2.23543891 2.14994443 1.54429798]
 [1.97077666 1.59163305 2.2767496  2.20081447 1.56944164 2.28531589
  2.04872145 2.10791195 1.51419735 1.76663811]
 [2.36690898 1.72252453 1.58203373 1.73596477 2.13760924 1.92951492
  2.17249998 1.54579411 1.54375768 1.81766364]]
Rh: [[ 9.49156194  9.13285153 10.66741317 10.47241552 10.70499114  9.47961134
   9.00404515  9.89811577 10.95785586  9.34501665 10.04955421]
 [ 9.91516673  9.16611767 10.495719   10.42945012 10.78757236 10.11053314
   9.23720562 10.56615583 10.9548889  10.86669321 10.21025305]
 [10.97251078 10.83921538 10.17553653  9.67318806 10.9329631  10.97445029
   9.83663947  9.47385191  9.56089116 10.87995829  9.81800299]
 [10.30805674 10.68924735 10.19975995  9.97504207  9.17332451  9.19027445
   9.21880576  9.30911849 10.77369561  9.08349433 10.9813523 ]
 [10.4494089   9.00952879 10.44659533 10.72156357  9.41975832  9.35107807
   9.26275051  9.8916804  10.65321253  9.28647695  9.1954148 ]
 [10.90071327  9.67581317 10.61873475 10.05692707  9.27850169  9.94027964
   9.20347667 10.58423155  9.77127362  9.45571864  9.43516252]
 [ 9.60564267  9.03161663 10.56573836 10.324056   10.87129897 10.91046529
   9.60918617  9.87636754  9.47889322 10.47696006  9.92177629]
 [ 9.41141593 10.02440731  9.11655347 10.25825929 10.20665091 10.27465486
   9.7505362   9.84970149 10.37604967  9.47561301  9.40188209]
 [ 9.41927437 10.41522517  9.13226153  9.3664475   9.67543034  9.86950975
   9.14116913 10.52418475 10.27860859  9.02257066  9.89977782]
 [10.54788948 10.07471134 10.29403585  9.16872105  9.84396833 10.14778626
  10.15164013  9.12045601  9.02624348  9.25603218 10.80429155]]
Rv: [[ 9.1890762  10.70354018 10.07024616  9.8763541  10.26716584  9.15799475
  10.7133348   9.36364936 10.61223383  9.24161265]
 [ 9.22068883  9.37761142 10.28052177 10.91060364  9.54535296 10.61585976
   9.33705605 10.27324855  9.00681919 10.98959233]
 [ 9.16172032  9.199401   10.96352653  9.07475665 10.19547576  9.8765155
   9.06446564  9.77203701 10.6644608  10.71765349]
 [ 9.50115458  9.66549898 10.18286984 10.06395292 10.80989888  9.76315758
   9.3647103   9.70427507  9.37727208 10.54974087]
 [ 9.04791339 10.7688626  10.86807345 10.07545043  9.40365131 10.13969646
   9.19528161 10.13285159 10.12122004  9.21884579]
 [ 9.44081988  9.74311911 10.07167732  9.49412624 10.09890413  9.33021969
   9.74965354  9.21731964  9.17489184  9.32519573]
 [ 9.17178131 10.12923937 10.50179226 10.71455092 10.68081688  9.90308921
   9.14364064  9.19375711 10.6633546   9.40901071]
 [10.11152389 10.57926482 10.18156757  9.08235764  9.04234356  9.3363313
  10.61860894  9.17650302 10.43648544  9.37939663]
 [10.48699884  9.23399551  9.12151779  9.47338731 10.72971167 10.5041625
   9.78337659 10.73594895 10.84382928 10.9569764 ]]