-------Running parameters--------
T = 0.001
temperature_gradient = 0.0
gap = 0
M = 10
N = 10
VR = 0.0
Vmin = 0.0
Vmax = 1.1
vStep = 0.001
vSym = True
repeats = 20
fileName = array_10_10_disorder_c_std_0_r_std_5_run_4
dist = exp
fullOutput = True
use_graph = False
current_map = True
plot_current_map = False
plot_binary_current_map = False
frame_norm = False
dbg = False
resume = False
sc = False
leaping = False
constQ = False
modifyR = False
double_time = False
double_loop = False
output_folder = bgu_2d_finite_temperature_different_disorders
params_path = 
VG_avg = 0.0
VG_std = 0.0
C_avg = 2.0
C_std = 0.0
CG_avg = 10.0
CG_std = 0.0
R_avg = 10.0
R_std = 5.0
custom_rh = ""
custom_rv = ""
custom_ch = ""
custom_cv = ""
RG_avg = 500.0
RG_std = 0.0
n0_avg = 0.0
n0_std = 0.0
Q0_avg = 0.0
Q0_std = 0.0
----Array Parameters-----
Rows: 10
Columns: 10
VG: [[0.]
 [0.]
 [0.]
 [0.]
 [0.]
 [0.]
 [0.]
 [0.]
 [0.]
 [0.]
 [0.]
 [0.]
 [0.]
 [0.]
 [0.]
 [0.]
 [0.]
 [0.]
 [0.]
 [0.]
 [0.]
 [0.]
 [0.]
 [0.]
 [0.]
 [0.]
 [0.]
 [0.]
 [0.]
 [0.]
 [0.]
 [0.]
 [0.]
 [0.]
 [0.]
 [0.]
 [0.]
 [0.]
 [0.]
 [0.]
 [0.]
 [0.]
 [0.]
 [0.]
 [0.]
 [0.]
 [0.]
 [0.]
 [0.]
 [0.]
 [0.]
 [0.]
 [0.]
 [0.]
 [0.]
 [0.]
 [0.]
 [0.]
 [0.]
 [0.]
 [0.]
 [0.]
 [0.]
 [0.]
 [0.]
 [0.]
 [0.]
 [0.]
 [0.]
 [0.]
 [0.]
 [0.]
 [0.]
 [0.]
 [0.]
 [0.]
 [0.]
 [0.]
 [0.]
 [0.]
 [0.]
 [0.]
 [0.]
 [0.]
 [0.]
 [0.]
 [0.]
 [0.]
 [0.]
 [0.]
 [0.]
 [0.]
 [0.]
 [0.]
 [0.]
 [0.]
 [0.]
 [0.]
 [0.]
 [0.]]
CG: [[10.]
 [10.]
 [10.]
 [10.]
 [10.]
 [10.]
 [10.]
 [10.]
 [10.]
 [10.]
 [10.]
 [10.]
 [10.]
 [10.]
 [10.]
 [10.]
 [10.]
 [10.]
 [10.]
 [10.]
 [10.]
 [10.]
 [10.]
 [10.]
 [10.]
 [10.]
 [10.]
 [10.]
 [10.]
 [10.]
 [10.]
 [10.]
 [10.]
 [10.]
 [10.]
 [10.]
 [10.]
 [10.]
 [10.]
 [10.]
 [10.]
 [10.]
 [10.]
 [10.]
 [10.]
 [10.]
 [10.]
 [10.]
 [10.]
 [10.]
 [10.]
 [10.]
 [10.]
 [10.]
 [10.]
 [10.]
 [10.]
 [10.]
 [10.]
 [10.]
 [10.]
 [10.]
 [10.]
 [10.]
 [10.]
 [10.]
 [10.]
 [10.]
 [10.]
 [10.]
 [10.]
 [10.]
 [10.]
 [10.]
 [10.]
 [10.]
 [10.]
 [10.]
 [10.]
 [10.]
 [10.]
 [10.]
 [10.]
 [10.]
 [10.]
 [10.]
 [10.]
 [10.]
 [10.]
 [10.]
 [10.]
 [10.]
 [10.]
 [10.]
 [10.]
 [10.]
 [10.]
 [10.]
 [10.]
 [10.]]
RG: [[500.]
 [500.]
 [500.]
 [500.]
 [500.]
 [500.]
 [500.]
 [500.]
 [500.]
 [500.]
 [500.]
 [500.]
 [500.]
 [500.]
 [500.]
 [500.]
 [500.]
 [500.]
 [500.]
 [500.]
 [500.]
 [500.]
 [500.]
 [500.]
 [500.]
 [500.]
 [500.]
 [500.]
 [500.]
 [500.]
 [500.]
 [500.]
 [500.]
 [500.]
 [500.]
 [500.]
 [500.]
 [500.]
 [500.]
 [500.]
 [500.]
 [500.]
 [500.]
 [500.]
 [500.]
 [500.]
 [500.]
 [500.]
 [500.]
 [500.]
 [500.]
 [500.]
 [500.]
 [500.]
 [500.]
 [500.]
 [500.]
 [500.]
 [500.]
 [500.]
 [500.]
 [500.]
 [500.]
 [500.]
 [500.]
 [500.]
 [500.]
 [500.]
 [500.]
 [500.]
 [500.]
 [500.]
 [500.]
 [500.]
 [500.]
 [500.]
 [500.]
 [500.]
 [500.]
 [500.]
 [500.]
 [500.]
 [500.]
 [500.]
 [500.]
 [500.]
 [500.]
 [500.]
 [500.]
 [500.]
 [500.]
 [500.]
 [500.]
 [500.]
 [500.]
 [500.]
 [500.]
 [500.]
 [500.]
 [500.]]
Ch: [[2. 2. 2. 2. 2. 2. 2. 2. 2. 2. 2.]
 [2. 2. 2. 2. 2. 2. 2. 2. 2. 2. 2.]
 [2. 2. 2. 2. 2. 2. 2. 2. 2. 2. 2.]
 [2. 2. 2. 2. 2. 2. 2. 2. 2. 2. 2.]
 [2. 2. 2. 2. 2. 2. 2. 2. 2. 2. 2.]
 [2. 2. 2. 2. 2. 2. 2. 2. 2. 2. 2.]
 [2. 2. 2. 2. 2. 2. 2. 2. 2. 2. 2.]
 [2. 2. 2. 2. 2. 2. 2. 2. 2. 2. 2.]
 [2. 2. 2. 2. 2. 2. 2. 2. 2. 2. 2.]
 [2. 2. 2. 2. 2. 2. 2. 2. 2. 2. 2.]]
Cv: [[0. 0. 0. 0. 0. 0. 0. 0. 0. 0.]
 [2. 2. 2. 2. 2. 2. 2. 2. 2. 2.]
 [2. 2. 2. 2. 2. 2. 2. 2. 2. 2.]
 [2. 2. 2. 2. 2. 2. 2. 2. 2. 2.]
 [2. 2. 2. 2. 2. 2. 2. 2. 2. 2.]
 [2. 2. 2. 2. 2. 2. 2. 2. 2. 2.]
 [2. 2. 2. 2. 2. 2. 2. 2. 2. 2.]
 [2. 2. 2. 2. 2. 2. 2. 2. 2. 2.]
 [2. 2. 2. 2. 2. 2. 2. 2. 2. 2.]
 [2. 2. 2. 2. 2. 2. 2. 2. 2. 2.]]
Rh: [[ 5.37337734  7.16876903 12.67524413 11.61446979  7.17685533 11.01320373
   6.6047395   7.42480699 14.42233868 14.209926    6.19459142]
 [ 5.06461672 10.39577785 12.90804601  8.53085398 12.23474196  6.01192442
   6.24728679 12.47266154  8.32356068  6.65604378 10.82743137]
 [ 5.23493512 14.09874575  5.79122343 12.99060873  9.91222601 11.25849501
  13.51517253  7.88874089 14.69776581  7.80873695  7.6827238 ]
 [ 6.44356776  7.84321905  7.88170202  6.59945104  8.15737224  7.85893442
   7.70214041  7.96795664  5.66791178 10.07732295 11.87758292]
 [ 9.20079584  9.92489859  7.19610582 13.21008155 14.22690435 10.46524978
  10.3235458   8.31558938 14.15268261  9.88741777  9.66750229]
 [ 6.01415706 10.32240354 10.60468611  8.48246464  5.27911185 14.15875226
   6.30941863 13.27151004  5.86640392  5.35521579  5.49353643]
 [ 6.12417624  8.80660223 10.8074187   6.84579757 10.9228893   6.57844598
  10.47599652 12.71807056  7.10180555  5.12363852  9.21505146]
 [ 6.14614916  6.65550708  7.53097421 10.31091904 11.78649768 13.08690928
   6.04110993  5.15647017  7.2583138   5.17023849 10.88467368]
 [11.85893392  8.66704198  8.32676346  7.42770102 11.33867758  9.24227532
   8.9968348   6.63412546  8.61859565  5.53355565  5.14343443]
 [ 6.2221075   6.88696648  5.15605892  7.17194041  9.53057186  8.82071345
  14.66935839 10.43201565 12.50271816 10.86309045  7.85248112]]
Rv: [[ 6.68281677  5.33862103  5.52521175 14.56334701 13.47019678 11.94793827
   7.49690442  5.02094368  8.21844214 11.90940207]
 [ 8.82733608 14.54257628  5.87754941  5.94217029  5.95529186  5.19513432
  10.46946813  9.01567703  6.47621932  6.57798295]
 [10.39135374  6.41368525  8.55199506  6.30620221 12.52625509  7.33528543
   8.8243077   7.55738019  6.45150585  8.91089533]
 [ 5.53185189  5.16116177 11.48159108  5.64483645 12.60952254 14.75183474
   7.1194025   7.98913928  6.03712994 12.36168452]
 [10.43613882  9.90750519  8.1854943   6.88903496 14.9884565   9.51653447
   6.2941897   5.08800178 14.08804129  8.67946303]
 [ 6.32242805 12.53814004 10.08917951  6.2737976  12.63868537 13.16432317
   5.52173012  7.09148523 10.60250491  9.90973831]
 [ 6.4670749   7.21602719  7.16873475  6.35583116  5.71383591 12.75744295
  12.70121933 14.77678619 12.15983375  7.91025144]
 [ 7.01209659  6.37551078 12.00553062  7.47600808  6.41286442 13.11936111
   7.11553589  6.00970962  5.01668717  7.7075395 ]
 [ 9.31043302  6.73065471 11.0569205   5.97074083 12.33338892  9.60406566
   7.07960451 14.41013593  5.79007946  7.80560356]]