-------Running parameters--------
T = 0.001
temperature_gradient = 0.0
gap = 0
M = 10
N = 10
VR = 0.0
Vmin = 0.0
Vmax = 1.1
vStep = 0.001
vSym = True
repeats = 20
fileName = array_10_10_disorder_c_std_0.1_r_std_1_run_3
dist = exp
fullOutput = True
use_graph = False
current_map = True
plot_current_map = False
plot_binary_current_map = False
frame_norm = False
dbg = False
resume = False
sc = False
leaping = False
constQ = False
modifyR = False
double_time = False
double_loop = False
output_folder = bgu_2d_finite_temperature_different_disorders
params_path = 
VG_avg = 0.0
VG_std = 0.0
C_avg = 2.0
C_std = 0.1
CG_avg = 10.0
CG_std = 0.0
R_avg = 10.0
R_std = 1.0
custom_rh = ""
custom_rv = ""
custom_ch = ""
custom_cv = ""
RG_avg = 500.0
RG_std = 0.0
n0_avg = 0.0
n0_std = 0.0
Q0_avg = 0.0
Q0_std = 0.0
----Array Parameters-----
Rows: 10
Columns: 10
VG: [[0.]
 [0.]
 [0.]
 [0.]
 [0.]
 [0.]
 [0.]
 [0.]
 [0.]
 [0.]
 [0.]
 [0.]
 [0.]
 [0.]
 [0.]
 [0.]
 [0.]
 [0.]
 [0.]
 [0.]
 [0.]
 [0.]
 [0.]
 [0.]
 [0.]
 [0.]
 [0.]
 [0.]
 [0.]
 [0.]
 [0.]
 [0.]
 [0.]
 [0.]
 [0.]
 [0.]
 [0.]
 [0.]
 [0.]
 [0.]
 [0.]
 [0.]
 [0.]
 [0.]
 [0.]
 [0.]
 [0.]
 [0.]
 [0.]
 [0.]
 [0.]
 [0.]
 [0.]
 [0.]
 [0.]
 [0.]
 [0.]
 [0.]
 [0.]
 [0.]
 [0.]
 [0.]
 [0.]
 [0.]
 [0.]
 [0.]
 [0.]
 [0.]
 [0.]
 [0.]
 [0.]
 [0.]
 [0.]
 [0.]
 [0.]
 [0.]
 [0.]
 [0.]
 [0.]
 [0.]
 [0.]
 [0.]
 [0.]
 [0.]
 [0.]
 [0.]
 [0.]
 [0.]
 [0.]
 [0.]
 [0.]
 [0.]
 [0.]
 [0.]
 [0.]
 [0.]
 [0.]
 [0.]
 [0.]
 [0.]]
CG: [[10.]
 [10.]
 [10.]
 [10.]
 [10.]
 [10.]
 [10.]
 [10.]
 [10.]
 [10.]
 [10.]
 [10.]
 [10.]
 [10.]
 [10.]
 [10.]
 [10.]
 [10.]
 [10.]
 [10.]
 [10.]
 [10.]
 [10.]
 [10.]
 [10.]
 [10.]
 [10.]
 [10.]
 [10.]
 [10.]
 [10.]
 [10.]
 [10.]
 [10.]
 [10.]
 [10.]
 [10.]
 [10.]
 [10.]
 [10.]
 [10.]
 [10.]
 [10.]
 [10.]
 [10.]
 [10.]
 [10.]
 [10.]
 [10.]
 [10.]
 [10.]
 [10.]
 [10.]
 [10.]
 [10.]
 [10.]
 [10.]
 [10.]
 [10.]
 [10.]
 [10.]
 [10.]
 [10.]
 [10.]
 [10.]
 [10.]
 [10.]
 [10.]
 [10.]
 [10.]
 [10.]
 [10.]
 [10.]
 [10.]
 [10.]
 [10.]
 [10.]
 [10.]
 [10.]
 [10.]
 [10.]
 [10.]
 [10.]
 [10.]
 [10.]
 [10.]
 [10.]
 [10.]
 [10.]
 [10.]
 [10.]
 [10.]
 [10.]
 [10.]
 [10.]
 [10.]
 [10.]
 [10.]
 [10.]
 [10.]]
RG: [[500.]
 [500.]
 [500.]
 [500.]
 [500.]
 [500.]
 [500.]
 [500.]
 [500.]
 [500.]
 [500.]
 [500.]
 [500.]
 [500.]
 [500.]
 [500.]
 [500.]
 [500.]
 [500.]
 [500.]
 [500.]
 [500.]
 [500.]
 [500.]
 [500.]
 [500.]
 [500.]
 [500.]
 [500.]
 [500.]
 [500.]
 [500.]
 [500.]
 [500.]
 [500.]
 [500.]
 [500.]
 [500.]
 [500.]
 [500.]
 [500.]
 [500.]
 [500.]
 [500.]
 [500.]
 [500.]
 [500.]
 [500.]
 [500.]
 [500.]
 [500.]
 [500.]
 [500.]
 [500.]
 [500.]
 [500.]
 [500.]
 [500.]
 [500.]
 [500.]
 [500.]
 [500.]
 [500.]
 [500.]
 [500.]
 [500.]
 [500.]
 [500.]
 [500.]
 [500.]
 [500.]
 [500.]
 [500.]
 [500.]
 [500.]
 [500.]
 [500.]
 [500.]
 [500.]
 [500.]
 [500.]
 [500.]
 [500.]
 [500.]
 [500.]
 [500.]
 [500.]
 [500.]
 [500.]
 [500.]
 [500.]
 [500.]
 [500.]
 [500.]
 [500.]
 [500.]
 [500.]
 [500.]
 [500.]
 [500.]]
Ch: [[1.94392866 2.09384339 1.94106349 2.09860783 2.02042075 1.90098342
  2.01631435 2.04132695 2.06544712 2.06575346 1.97390393]
 [2.06595152 1.91473005 1.95919771 2.02009264 2.0110885  2.07912782
  2.08183848 1.94725749 2.05544198 2.09546159 2.0522042 ]
 [1.91642185 1.95445018 1.94431827 1.9308931  2.08203675 2.03474227
  1.98871153 2.07717237 1.9109908  2.03647176 1.99161411]
 [2.0003516  2.02633704 1.93966997 2.07844233 2.08770454 1.9886001
  1.90113709 2.08979135 2.08376337 2.09131578 2.08518528]
 [1.99180422 2.04122965 2.07077675 2.08098774 1.9929521  1.98386308
  2.01439026 2.02916959 2.00180827 2.03588895 1.93452934]
 [2.02574568 1.90841873 1.9153134  2.02192832 2.03045973 2.06500266
  2.02598214 2.09644895 2.04323129 2.08805529 2.08221968]
 [1.96279578 1.95891791 1.95101695 2.0421908  1.94383904 2.05536843
  1.93759908 2.0080359  1.90610203 1.91755394 1.9247467 ]
 [2.02539005 2.00853614 1.90143097 2.0266978  2.03815782 2.08521809
  1.99955857 2.06503191 2.08777579 2.07906162 2.07957384]
 [2.09585258 1.95972526 2.01522767 2.03008856 1.97110203 2.09854687
  1.98803798 1.93744891 2.09867288 2.09018453 1.94252586]
 [1.94140352 1.95800975 1.92297684 1.92130207 1.91957549 2.04968723
  1.90645945 1.99760667 2.03624728 2.06759077 2.01787154]]
Cv: [[0.         0.         0.         0.         0.         0.
  0.         0.         0.         0.        ]
 [2.03850818 1.92443201 1.98741383 1.93891196 1.99962461 1.97927304
  2.05552691 2.00045851 1.9678885  2.03302927]
 [2.05712926 2.02641511 1.94996772 2.09576532 1.98832423 2.05897558
  1.9710473  1.95411912 2.08986439 2.08225815]
 [1.90655128 1.94060028 2.09497139 2.01826689 1.94256342 1.93103968
  1.94061202 1.94164598 2.00926357 2.01449117]
 [1.99954398 1.96288996 2.0173587  1.98987392 1.99120628 2.0572817
  2.0761195  2.01762096 1.93833979 2.09215498]
 [2.08537528 1.99094018 1.90658375 2.04358584 2.00446608 1.92971448
  1.93343512 1.92051583 2.08593405 1.92609198]
 [2.07034991 2.09943049 1.95642346 2.04807777 2.02912703 2.00870385
  1.91361361 1.92505373 1.9493914  1.9454164 ]
 [2.09061344 1.93650114 1.95083259 1.96610582 1.98382485 1.98027273
  2.07470536 2.00462826 1.93360501 2.03740297]
 [1.93009422 1.91279552 2.03680887 1.96081587 1.92365119 2.00167868
  2.0113155  2.0693079  1.92197615 1.91461631]
 [1.9095921  2.08612023 1.96563905 1.92560196 1.99400582 1.97794877
  1.94216187 2.05938216 2.02935001 1.94679379]]
Rh: [[10.81933413  9.05281596  9.39609382  9.58341513 10.18007538 10.88376425
  10.55763954  9.2692291  10.06556425 10.03953811  9.74709115]
 [ 9.37620689  9.02236157  9.14960489 10.26514178 10.73883182 10.39846692
  10.31739628 10.63734226  9.34108401 10.27741967 10.3140692 ]
 [ 9.57308922  9.22966343  9.50898616  9.53817998 10.45972379  9.86645044
   9.55083104  9.14601662 10.47486014 10.52838079 10.21564709]
 [ 9.21916105 10.44531413 10.39451797 10.90167865  9.44900042  9.21860618
   9.95552679  9.20204812 10.70959631  9.93517897 10.94359108]
 [ 9.4788464   9.50020877 10.2745663  10.28413557 10.28860857 10.56855625
   9.69798674  9.14605836 10.43575697  9.94579269 10.80028754]
 [ 9.00592713  9.25552765  9.63017904 10.87513506  9.67759331  9.45273894
   9.44707677 10.74097011  9.01298088  9.28408741 10.05376931]
 [10.10975613  9.98145481 10.48704842 10.42018705  9.82801085  9.32233576
  10.67967297  9.62441081  9.85959689  9.03366539 10.24223457]
 [10.31384841  9.42700603 10.15130236  9.86904127 10.55766382  9.52392631
   9.53313553  9.2413825  10.94045947  9.16134964 10.51540436]
 [10.73339329  9.37430431 10.26830218 10.59336798  9.90063219  9.89816037
  10.67352081  9.72392598  9.58667381  9.91993093 10.13221426]
 [ 9.34167427 10.77970938 10.62964708 10.92031282  9.39532419  9.05900502
   9.6028307  10.33429119 10.12027183  9.12900515  9.88975392]]
Rv: [[10.36833478  9.02062212 10.38705036  9.76313337 10.14085183 10.53011356
  10.24004907  9.32637912  9.71971106 10.16643739]
 [10.9561554  10.63603146  9.26437504 10.86371635  9.38657273  9.39858103
   9.00400272  9.50310622  9.74054684  9.46462441]
 [10.3454488  10.4546247   9.58153795 10.62709106 10.67432021 10.91301934
  10.71158632 10.69918322  9.70114746  9.85219444]
 [10.59427086  9.35672089 10.99566097  9.94249954 10.89921852 10.17564339
  10.5352375  10.15812616  9.31324536  9.08075667]
 [10.6251416   9.14820407  9.28128019  9.05699499  9.25775431 10.71558508
  10.16422912 10.64104292  9.35696562  9.62177896]
 [10.97337499  9.36259993  9.57436557  9.74073904  9.40096447 10.55950171
  10.51964812  9.61430747 10.86235044  9.30335551]
 [ 9.3768178   9.00422148 10.61176838 10.29510946 10.75362484 10.53192225
  10.89880435 10.63991191 10.71234177 10.28615424]
 [ 9.62019269 10.70472105  9.05046348  9.83810846 10.72820242  9.94900107
  10.45701526 10.34647575  9.29842056  9.06897462]
 [ 9.27014627  9.73433496  9.27893437  9.59927474  9.64899193  9.21865046
   9.405117    9.38117763  9.93041087  9.31790116]]