-------Running parameters--------
T = 0.001
temperature_gradient = 0.0
gap = 0
M = 10
N = 10
VR = 0.0
Vmin = 0.0
Vmax = 1.1
vStep = 0.001
vSym = True
repeats = 20
fileName = array_10_10_disorder_c_std_0.1_r_std_1_run_4
dist = exp
fullOutput = True
use_graph = False
current_map = True
plot_current_map = False
plot_binary_current_map = False
frame_norm = False
dbg = False
resume = False
sc = False
leaping = False
constQ = False
modifyR = False
double_time = False
double_loop = False
output_folder = bgu_2d_finite_temperature_different_disorders
params_path = 
VG_avg = 0.0
VG_std = 0.0
C_avg = 2.0
C_std = 0.1
CG_avg = 10.0
CG_std = 0.0
R_avg = 10.0
R_std = 1.0
custom_rh = ""
custom_rv = ""
custom_ch = ""
custom_cv = ""
RG_avg = 500.0
RG_std = 0.0
n0_avg = 0.0
n0_std = 0.0
Q0_avg = 0.0
Q0_std = 0.0
----Array Parameters-----
Rows: 10
Columns: 10
VG: [[0.]
 [0.]
 [0.]
 [0.]
 [0.]
 [0.]
 [0.]
 [0.]
 [0.]
 [0.]
 [0.]
 [0.]
 [0.]
 [0.]
 [0.]
 [0.]
 [0.]
 [0.]
 [0.]
 [0.]
 [0.]
 [0.]
 [0.]
 [0.]
 [0.]
 [0.]
 [0.]
 [0.]
 [0.]
 [0.]
 [0.]
 [0.]
 [0.]
 [0.]
 [0.]
 [0.]
 [0.]
 [0.]
 [0.]
 [0.]
 [0.]
 [0.]
 [0.]
 [0.]
 [0.]
 [0.]
 [0.]
 [0.]
 [0.]
 [0.]
 [0.]
 [0.]
 [0.]
 [0.]
 [0.]
 [0.]
 [0.]
 [0.]
 [0.]
 [0.]
 [0.]
 [0.]
 [0.]
 [0.]
 [0.]
 [0.]
 [0.]
 [0.]
 [0.]
 [0.]
 [0.]
 [0.]
 [0.]
 [0.]
 [0.]
 [0.]
 [0.]
 [0.]
 [0.]
 [0.]
 [0.]
 [0.]
 [0.]
 [0.]
 [0.]
 [0.]
 [0.]
 [0.]
 [0.]
 [0.]
 [0.]
 [0.]
 [0.]
 [0.]
 [0.]
 [0.]
 [0.]
 [0.]
 [0.]
 [0.]]
CG: [[10.]
 [10.]
 [10.]
 [10.]
 [10.]
 [10.]
 [10.]
 [10.]
 [10.]
 [10.]
 [10.]
 [10.]
 [10.]
 [10.]
 [10.]
 [10.]
 [10.]
 [10.]
 [10.]
 [10.]
 [10.]
 [10.]
 [10.]
 [10.]
 [10.]
 [10.]
 [10.]
 [10.]
 [10.]
 [10.]
 [10.]
 [10.]
 [10.]
 [10.]
 [10.]
 [10.]
 [10.]
 [10.]
 [10.]
 [10.]
 [10.]
 [10.]
 [10.]
 [10.]
 [10.]
 [10.]
 [10.]
 [10.]
 [10.]
 [10.]
 [10.]
 [10.]
 [10.]
 [10.]
 [10.]
 [10.]
 [10.]
 [10.]
 [10.]
 [10.]
 [10.]
 [10.]
 [10.]
 [10.]
 [10.]
 [10.]
 [10.]
 [10.]
 [10.]
 [10.]
 [10.]
 [10.]
 [10.]
 [10.]
 [10.]
 [10.]
 [10.]
 [10.]
 [10.]
 [10.]
 [10.]
 [10.]
 [10.]
 [10.]
 [10.]
 [10.]
 [10.]
 [10.]
 [10.]
 [10.]
 [10.]
 [10.]
 [10.]
 [10.]
 [10.]
 [10.]
 [10.]
 [10.]
 [10.]
 [10.]]
RG: [[500.]
 [500.]
 [500.]
 [500.]
 [500.]
 [500.]
 [500.]
 [500.]
 [500.]
 [500.]
 [500.]
 [500.]
 [500.]
 [500.]
 [500.]
 [500.]
 [500.]
 [500.]
 [500.]
 [500.]
 [500.]
 [500.]
 [500.]
 [500.]
 [500.]
 [500.]
 [500.]
 [500.]
 [500.]
 [500.]
 [500.]
 [500.]
 [500.]
 [500.]
 [500.]
 [500.]
 [500.]
 [500.]
 [500.]
 [500.]
 [500.]
 [500.]
 [500.]
 [500.]
 [500.]
 [500.]
 [500.]
 [500.]
 [500.]
 [500.]
 [500.]
 [500.]
 [500.]
 [500.]
 [500.]
 [500.]
 [500.]
 [500.]
 [500.]
 [500.]
 [500.]
 [500.]
 [500.]
 [500.]
 [500.]
 [500.]
 [500.]
 [500.]
 [500.]
 [500.]
 [500.]
 [500.]
 [500.]
 [500.]
 [500.]
 [500.]
 [500.]
 [500.]
 [500.]
 [500.]
 [500.]
 [500.]
 [500.]
 [500.]
 [500.]
 [500.]
 [500.]
 [500.]
 [500.]
 [500.]
 [500.]
 [500.]
 [500.]
 [500.]
 [500.]
 [500.]
 [500.]
 [500.]
 [500.]
 [500.]]
Ch: [[2.0692664  1.97599627 2.04276153 2.04202428 2.02011535 2.04621678
  1.97089978 2.01505176 2.07317191 1.92650229 2.09455016]
 [1.96601701 1.95379788 2.09799312 2.07964931 1.95528247 1.92831797
  2.07300588 1.95869322 2.04510402 1.92097643 2.07966656]
 [2.00528891 1.92583189 1.98010691 1.98638277 1.98035388 2.05184665
  1.9051321  2.02794663 1.91312777 2.05860791 2.0780323 ]
 [2.07421527 2.00145322 1.91111836 2.04534111 1.97675049 2.04855832
  1.91022085 2.07239209 2.01642327 2.0116793  1.92989411]
 [2.09055274 1.92371513 2.00731603 2.07393921 2.00971048 2.03200682
  2.01409411 1.95831617 2.09874902 2.05932551 2.09127981]
 [2.01784801 2.01591639 2.00760588 2.09849137 2.014609   1.97871844
  2.03935003 2.04697863 2.0686949  1.93522385 2.06331306]
 [1.93970714 1.9860626  2.01023319 1.94455618 1.92678429 1.96582682
  1.92896194 1.93617105 2.02769702 2.03527571 2.02517904]
 [2.03536751 1.92540508 2.00354961 1.97861102 2.04492274 1.9076323
  2.07784708 1.93768961 1.9983694  2.01327576 2.0754375 ]
 [1.99340306 1.92688089 2.02052103 1.96788399 2.00884974 1.99645106
  2.0610682  2.01481004 1.93754735 1.91592463 1.95963631]
 [1.92210799 2.05951954 2.0448054  1.90258798 1.97066156 1.98653789
  2.06280887 1.95105585 1.94918494 1.99817671 2.03471905]]
Cv: [[0.         0.         0.         0.         0.         0.
  0.         0.         0.         0.        ]
 [1.98439213 1.9581647  1.97104323 2.0613367  2.02906926 2.0386981
  1.95742187 2.01468393 2.07710462 1.99348505]
 [2.09555725 2.08349784 1.92041138 1.98835438 1.93523141 2.01027214
  2.02710749 2.07481028 2.0232691  1.97837796]
 [1.91780628 1.93455697 1.93135199 2.06764467 1.99749527 2.04854574
  2.08046252 2.04826469 1.98293498 1.9103001 ]
 [1.94606561 1.91510121 1.99484233 2.04551757 2.06551422 1.95302738
  1.92313817 1.92919551 1.99874879 2.09685925]
 [1.95941423 2.00253773 2.08785246 2.00683104 2.04889389 1.97763266
  1.95196212 2.05461765 2.05205249 1.98524078]
 [2.09205732 1.94197902 2.07748852 1.93552205 2.08989096 1.93867903
  2.02053623 2.06743994 2.07278305 1.94641041]
 [2.03155446 1.9060769  2.04497917 2.07314718 2.03903794 1.99412509
  2.07805233 1.94031876 1.9171013  2.03752185]
 [2.03495678 2.02577818 2.0240431  1.942661   1.9232476  2.02921164
  1.94793012 1.93271537 1.90555225 2.07828359]
 [1.96220531 2.04052678 2.05116143 2.08168951 1.91298701 2.00350584
  2.05141944 1.97694382 2.05484689 2.03643704]]
Rh: [[ 9.25094901 10.36438817  9.86715436 10.0944444  10.73887798  9.76475297
   9.14951287 10.64866012  9.573784   10.71321585 10.03259217]
 [ 9.55288033  9.62369173  9.46315687  9.0846451  10.58185786 10.56843517
  10.55926511  9.35429148 10.3882402  10.21483286  9.6371731 ]
 [ 9.37172211 10.36145899  9.6766239  10.05760786  9.55687236  9.45387439
  10.76054701  9.35337457  9.49982359 10.73203465 10.69348725]
 [10.19553972 10.52662484 10.62725058 10.00697531  9.12996391  9.46510674
  10.52054293 10.49695902 10.89747413  9.35070516  9.22195775]
 [ 9.64592702 10.94458885 10.50117019 10.0308197   9.30700316 10.08246211
   9.10677552  9.16388442 10.57229938  9.84233256  9.46420985]
 [ 9.9736678  10.09894833 10.53773281  9.80126969 10.04095035  9.59539371
  10.4430239  10.62906319 10.82930634  9.06121188  9.75965616]
 [ 9.33204735  9.38049248  9.91043649 10.25155481  9.34160385  9.8600703
  10.43762483 10.58366563 10.14549622  9.99407311 10.00358214]
 [ 9.76858465  9.99271509  9.50193654  9.59693088 10.93099016  9.00385204
  10.80076769  9.77247256 10.26824665 10.94041868  9.77070563]
 [ 9.26033862 10.39519409 10.65114911  9.2809032   9.43279165 10.02044763
  10.55412963  9.22929794  9.57581646  9.27160305  9.89476905]
 [ 9.01044054  9.32175965  9.70985622 10.43433018 10.35129628  9.94766346
   9.1023995   9.68471925  9.52376025  9.48599544  9.56015177]]
Rv: [[ 9.5803583   9.00483253  9.72459949 10.10973042 10.55330244  9.8001016
   9.05841846  9.15423483  9.83720302  9.2398731 ]
 [ 9.34878712  9.89786173  9.3974316   9.62360456 10.75428918  9.17673104
   9.09677921  9.88917289  9.53414536  9.57374244]
 [10.09324122 10.36090303  9.65294683 10.97131552 10.96749249 10.57817604
   9.7965918  10.52723192 10.50108551  9.18398831]
 [10.7784653   9.68038844 10.63941696  9.80279117  9.34443205  9.79326778
   9.47935365 10.57683773 10.08571961 10.10685842]
 [10.54106465 10.10451632 10.34965937  9.28250163  9.27159691 10.73747302
   9.83335768  9.30902755  9.12979885 10.34571575]
 [10.3602175   9.56534322 10.99364644  9.39840955  9.59551775 10.02305058
  10.4003136   9.7873727   9.3002497   9.52249453]
 [ 9.92503121  9.59181747  9.87503601  9.33657667 10.21165639  9.29926169
   9.22767718  9.40803593  9.15939968 10.1821322 ]
 [ 9.94440453  9.29788807  9.19932059 10.23126835  9.89749795 10.56532067
   9.50372566  9.2185879  10.09262411  9.00711464]
 [ 9.29174838  9.74440864  9.56576362  9.61324868 10.68335835 10.42035307
   9.93352535  9.82019977 10.67358953 10.47164387]]