-------Running parameters--------
T = 0.001
temperature_gradient = 0.0
gap = 0
M = 10
N = 10
VR = 0.0
Vmin = 0.0
Vmax = 1.1
vStep = 0.001
vSym = True
repeats = 20
fileName = array_10_10_disorder_c_std_0_r_std_9_run_1
dist = exp
fullOutput = True
use_graph = False
current_map = True
plot_current_map = False
plot_binary_current_map = False
frame_norm = False
dbg = False
resume = False
sc = False
leaping = False
constQ = False
modifyR = False
double_time = False
double_loop = False
output_folder = bgu_2d_finite_temperature_different_disorders
params_path = 
VG_avg = 0.0
VG_std = 0.0
C_avg = 2.0
C_std = 0.0
CG_avg = 10.0
CG_std = 0.0
R_avg = 10.0
R_std = 9.0
custom_rh = ""
custom_rv = ""
custom_ch = ""
custom_cv = ""
RG_avg = 500.0
RG_std = 0.0
n0_avg = 0.0
n0_std = 0.0
Q0_avg = 0.0
Q0_std = 0.0
----Array Parameters-----
Rows: 10
Columns: 10
VG: [[0.]
 [0.]
 [0.]
 [0.]
 [0.]
 [0.]
 [0.]
 [0.]
 [0.]
 [0.]
 [0.]
 [0.]
 [0.]
 [0.]
 [0.]
 [0.]
 [0.]
 [0.]
 [0.]
 [0.]
 [0.]
 [0.]
 [0.]
 [0.]
 [0.]
 [0.]
 [0.]
 [0.]
 [0.]
 [0.]
 [0.]
 [0.]
 [0.]
 [0.]
 [0.]
 [0.]
 [0.]
 [0.]
 [0.]
 [0.]
 [0.]
 [0.]
 [0.]
 [0.]
 [0.]
 [0.]
 [0.]
 [0.]
 [0.]
 [0.]
 [0.]
 [0.]
 [0.]
 [0.]
 [0.]
 [0.]
 [0.]
 [0.]
 [0.]
 [0.]
 [0.]
 [0.]
 [0.]
 [0.]
 [0.]
 [0.]
 [0.]
 [0.]
 [0.]
 [0.]
 [0.]
 [0.]
 [0.]
 [0.]
 [0.]
 [0.]
 [0.]
 [0.]
 [0.]
 [0.]
 [0.]
 [0.]
 [0.]
 [0.]
 [0.]
 [0.]
 [0.]
 [0.]
 [0.]
 [0.]
 [0.]
 [0.]
 [0.]
 [0.]
 [0.]
 [0.]
 [0.]
 [0.]
 [0.]
 [0.]]
CG: [[10.]
 [10.]
 [10.]
 [10.]
 [10.]
 [10.]
 [10.]
 [10.]
 [10.]
 [10.]
 [10.]
 [10.]
 [10.]
 [10.]
 [10.]
 [10.]
 [10.]
 [10.]
 [10.]
 [10.]
 [10.]
 [10.]
 [10.]
 [10.]
 [10.]
 [10.]
 [10.]
 [10.]
 [10.]
 [10.]
 [10.]
 [10.]
 [10.]
 [10.]
 [10.]
 [10.]
 [10.]
 [10.]
 [10.]
 [10.]
 [10.]
 [10.]
 [10.]
 [10.]
 [10.]
 [10.]
 [10.]
 [10.]
 [10.]
 [10.]
 [10.]
 [10.]
 [10.]
 [10.]
 [10.]
 [10.]
 [10.]
 [10.]
 [10.]
 [10.]
 [10.]
 [10.]
 [10.]
 [10.]
 [10.]
 [10.]
 [10.]
 [10.]
 [10.]
 [10.]
 [10.]
 [10.]
 [10.]
 [10.]
 [10.]
 [10.]
 [10.]
 [10.]
 [10.]
 [10.]
 [10.]
 [10.]
 [10.]
 [10.]
 [10.]
 [10.]
 [10.]
 [10.]
 [10.]
 [10.]
 [10.]
 [10.]
 [10.]
 [10.]
 [10.]
 [10.]
 [10.]
 [10.]
 [10.]
 [10.]]
RG: [[500.]
 [500.]
 [500.]
 [500.]
 [500.]
 [500.]
 [500.]
 [500.]
 [500.]
 [500.]
 [500.]
 [500.]
 [500.]
 [500.]
 [500.]
 [500.]
 [500.]
 [500.]
 [500.]
 [500.]
 [500.]
 [500.]
 [500.]
 [500.]
 [500.]
 [500.]
 [500.]
 [500.]
 [500.]
 [500.]
 [500.]
 [500.]
 [500.]
 [500.]
 [500.]
 [500.]
 [500.]
 [500.]
 [500.]
 [500.]
 [500.]
 [500.]
 [500.]
 [500.]
 [500.]
 [500.]
 [500.]
 [500.]
 [500.]
 [500.]
 [500.]
 [500.]
 [500.]
 [500.]
 [500.]
 [500.]
 [500.]
 [500.]
 [500.]
 [500.]
 [500.]
 [500.]
 [500.]
 [500.]
 [500.]
 [500.]
 [500.]
 [500.]
 [500.]
 [500.]
 [500.]
 [500.]
 [500.]
 [500.]
 [500.]
 [500.]
 [500.]
 [500.]
 [500.]
 [500.]
 [500.]
 [500.]
 [500.]
 [500.]
 [500.]
 [500.]
 [500.]
 [500.]
 [500.]
 [500.]
 [500.]
 [500.]
 [500.]
 [500.]
 [500.]
 [500.]
 [500.]
 [500.]
 [500.]
 [500.]]
Ch: [[2. 2. 2. 2. 2. 2. 2. 2. 2. 2. 2.]
 [2. 2. 2. 2. 2. 2. 2. 2. 2. 2. 2.]
 [2. 2. 2. 2. 2. 2. 2. 2. 2. 2. 2.]
 [2. 2. 2. 2. 2. 2. 2. 2. 2. 2. 2.]
 [2. 2. 2. 2. 2. 2. 2. 2. 2. 2. 2.]
 [2. 2. 2. 2. 2. 2. 2. 2. 2. 2. 2.]
 [2. 2. 2. 2. 2. 2. 2. 2. 2. 2. 2.]
 [2. 2. 2. 2. 2. 2. 2. 2. 2. 2. 2.]
 [2. 2. 2. 2. 2. 2. 2. 2. 2. 2. 2.]
 [2. 2. 2. 2. 2. 2. 2. 2. 2. 2. 2.]]
Cv: [[0. 0. 0. 0. 0. 0. 0. 0. 0. 0.]
 [2. 2. 2. 2. 2. 2. 2. 2. 2. 2.]
 [2. 2. 2. 2. 2. 2. 2. 2. 2. 2.]
 [2. 2. 2. 2. 2. 2. 2. 2. 2. 2.]
 [2. 2. 2. 2. 2. 2. 2. 2. 2. 2.]
 [2. 2. 2. 2. 2. 2. 2. 2. 2. 2.]
 [2. 2. 2. 2. 2. 2. 2. 2. 2. 2.]
 [2. 2. 2. 2. 2. 2. 2. 2. 2. 2.]
 [2. 2. 2. 2. 2. 2. 2. 2. 2. 2.]
 [2. 2. 2. 2. 2. 2. 2. 2. 2. 2.]]
Rh: [[14.89176802  7.94442257  1.30902476 12.53620687  1.60901793  7.10714229
   4.02896522  8.65536347  3.80481323 13.77719129  4.88504728]
 [17.71294071  5.7528792   3.25045705  2.62412483  4.60962236  5.20504953
   5.92449641  9.96423926 12.4706436   9.0583455   1.07383308]
 [ 3.64124817  1.3425887   1.66842607  5.87130963  9.43476723  3.23256846
   4.16551948 10.6526092   3.24616346  2.04345985  4.51949363]
 [ 1.05330081  1.34965827  1.15135229  3.52598448  2.03746788  3.98886
  10.72767515  8.26766269  1.35556171 18.45883622  1.53349543]
 [ 1.75642187  2.78797366  1.45149435  4.57209772 10.91411949  6.99226162
   8.14571336  1.87463089  1.32826825  7.19963182  4.77044161]
 [15.44331006 12.13498433  1.36395658  4.69386148 18.77680294  1.63546006
   6.31232316  2.54893042  1.31561963 12.17695244  4.1563906 ]
 [ 8.39808151  4.56585266  1.87738267  4.39755811  4.85563731  2.17225909
   1.99118008  9.46578916  4.47705241  4.62106421 11.65319563]
 [ 6.80368148 17.00959293  3.64746164  2.48766797  1.28819648  3.35598562
   4.80078965  9.05842037  2.98116366  8.16277021 17.61324077]
 [15.01184504 12.64084418  6.68512328  2.39148967  1.62818091  1.16043068
   9.56904938  2.02741772  2.63080438  6.09356578  3.85766807]
 [17.6239978   2.80704376 18.11563365  2.80181009  1.16774345 14.30360808
  16.84992983  6.37483091  2.74760328  5.06664398  1.2438374 ]]
Rv: [[12.12346446  1.65561828  5.29503239  6.47002218  2.34853156  1.40696158
   7.35570011  6.96767526  2.32646123  4.89805763]
 [ 4.36157376  4.46405754  6.7454626   1.14871873  7.5832016   3.20401516
   5.74543235  2.50764977  2.60484276  6.25423946]
 [ 1.09948489  5.88421587  5.33169316  3.26942727  7.18172528 11.33711267
   1.7281189   5.49173964 13.56187021  1.57790913]
 [ 6.16785918 12.37854052  1.66299648  2.6754199   5.34332009 17.61173115
   5.19931229  9.37254242  1.8902213  14.07062815]
 [ 5.38021961  8.57824917 11.40608975  2.26456474  5.17638377  8.2032942
  16.73603087  7.95395259  3.59390717  7.809653  ]
 [ 1.22867259  9.02638863  2.97581654  3.54270124 14.07616348  5.21405414
   9.57993986  7.81395695  5.21034301  1.65791356]
 [ 8.69803988  1.70135593  8.88101762  4.83752897  5.33806457  2.18116551
   3.66235918  1.66252166  5.71208901  3.29058425]
 [ 3.83821561 18.87462482  6.03421078  3.47206079  5.25454798  1.16479097
  18.79716418  5.12081765  1.27318227 12.89297233]
 [ 1.0156081   4.23738057  1.04767136  1.33586386 14.02762532  5.41503254
   7.64886852 18.50299968  5.54645444 15.96759447]]