-------Running parameters--------
T = 0.001
temperature_gradient = 0.0
gap = 0
M = 10
N = 10
VR = 0.0
Vmin = 0.0
Vmax = 1.1
vStep = 0.001
vSym = True
repeats = 20
fileName = array_10_10_disorder_c_std_0_r_std_1_run_3
dist = exp
fullOutput = True
use_graph = False
current_map = True
plot_current_map = False
plot_binary_current_map = False
frame_norm = False
dbg = False
resume = False
sc = False
leaping = False
constQ = False
modifyR = False
double_time = False
double_loop = False
output_folder = bgu_2d_finite_temperature_different_disorders
params_path = 
VG_avg = 0.0
VG_std = 0.0
C_avg = 2.0
C_std = 0.0
CG_avg = 10.0
CG_std = 0.0
R_avg = 10.0
R_std = 1.0
custom_rh = ""
custom_rv = ""
custom_ch = ""
custom_cv = ""
RG_avg = 500.0
RG_std = 0.0
n0_avg = 0.0
n0_std = 0.0
Q0_avg = 0.0
Q0_std = 0.0
----Array Parameters-----
Rows: 10
Columns: 10
VG: [[0.]
 [0.]
 [0.]
 [0.]
 [0.]
 [0.]
 [0.]
 [0.]
 [0.]
 [0.]
 [0.]
 [0.]
 [0.]
 [0.]
 [0.]
 [0.]
 [0.]
 [0.]
 [0.]
 [0.]
 [0.]
 [0.]
 [0.]
 [0.]
 [0.]
 [0.]
 [0.]
 [0.]
 [0.]
 [0.]
 [0.]
 [0.]
 [0.]
 [0.]
 [0.]
 [0.]
 [0.]
 [0.]
 [0.]
 [0.]
 [0.]
 [0.]
 [0.]
 [0.]
 [0.]
 [0.]
 [0.]
 [0.]
 [0.]
 [0.]
 [0.]
 [0.]
 [0.]
 [0.]
 [0.]
 [0.]
 [0.]
 [0.]
 [0.]
 [0.]
 [0.]
 [0.]
 [0.]
 [0.]
 [0.]
 [0.]
 [0.]
 [0.]
 [0.]
 [0.]
 [0.]
 [0.]
 [0.]
 [0.]
 [0.]
 [0.]
 [0.]
 [0.]
 [0.]
 [0.]
 [0.]
 [0.]
 [0.]
 [0.]
 [0.]
 [0.]
 [0.]
 [0.]
 [0.]
 [0.]
 [0.]
 [0.]
 [0.]
 [0.]
 [0.]
 [0.]
 [0.]
 [0.]
 [0.]
 [0.]]
CG: [[10.]
 [10.]
 [10.]
 [10.]
 [10.]
 [10.]
 [10.]
 [10.]
 [10.]
 [10.]
 [10.]
 [10.]
 [10.]
 [10.]
 [10.]
 [10.]
 [10.]
 [10.]
 [10.]
 [10.]
 [10.]
 [10.]
 [10.]
 [10.]
 [10.]
 [10.]
 [10.]
 [10.]
 [10.]
 [10.]
 [10.]
 [10.]
 [10.]
 [10.]
 [10.]
 [10.]
 [10.]
 [10.]
 [10.]
 [10.]
 [10.]
 [10.]
 [10.]
 [10.]
 [10.]
 [10.]
 [10.]
 [10.]
 [10.]
 [10.]
 [10.]
 [10.]
 [10.]
 [10.]
 [10.]
 [10.]
 [10.]
 [10.]
 [10.]
 [10.]
 [10.]
 [10.]
 [10.]
 [10.]
 [10.]
 [10.]
 [10.]
 [10.]
 [10.]
 [10.]
 [10.]
 [10.]
 [10.]
 [10.]
 [10.]
 [10.]
 [10.]
 [10.]
 [10.]
 [10.]
 [10.]
 [10.]
 [10.]
 [10.]
 [10.]
 [10.]
 [10.]
 [10.]
 [10.]
 [10.]
 [10.]
 [10.]
 [10.]
 [10.]
 [10.]
 [10.]
 [10.]
 [10.]
 [10.]
 [10.]]
RG: [[500.]
 [500.]
 [500.]
 [500.]
 [500.]
 [500.]
 [500.]
 [500.]
 [500.]
 [500.]
 [500.]
 [500.]
 [500.]
 [500.]
 [500.]
 [500.]
 [500.]
 [500.]
 [500.]
 [500.]
 [500.]
 [500.]
 [500.]
 [500.]
 [500.]
 [500.]
 [500.]
 [500.]
 [500.]
 [500.]
 [500.]
 [500.]
 [500.]
 [500.]
 [500.]
 [500.]
 [500.]
 [500.]
 [500.]
 [500.]
 [500.]
 [500.]
 [500.]
 [500.]
 [500.]
 [500.]
 [500.]
 [500.]
 [500.]
 [500.]
 [500.]
 [500.]
 [500.]
 [500.]
 [500.]
 [500.]
 [500.]
 [500.]
 [500.]
 [500.]
 [500.]
 [500.]
 [500.]
 [500.]
 [500.]
 [500.]
 [500.]
 [500.]
 [500.]
 [500.]
 [500.]
 [500.]
 [500.]
 [500.]
 [500.]
 [500.]
 [500.]
 [500.]
 [500.]
 [500.]
 [500.]
 [500.]
 [500.]
 [500.]
 [500.]
 [500.]
 [500.]
 [500.]
 [500.]
 [500.]
 [500.]
 [500.]
 [500.]
 [500.]
 [500.]
 [500.]
 [500.]
 [500.]
 [500.]
 [500.]]
Ch: [[2. 2. 2. 2. 2. 2. 2. 2. 2. 2. 2.]
 [2. 2. 2. 2. 2. 2. 2. 2. 2. 2. 2.]
 [2. 2. 2. 2. 2. 2. 2. 2. 2. 2. 2.]
 [2. 2. 2. 2. 2. 2. 2. 2. 2. 2. 2.]
 [2. 2. 2. 2. 2. 2. 2. 2. 2. 2. 2.]
 [2. 2. 2. 2. 2. 2. 2. 2. 2. 2. 2.]
 [2. 2. 2. 2. 2. 2. 2. 2. 2. 2. 2.]
 [2. 2. 2. 2. 2. 2. 2. 2. 2. 2. 2.]
 [2. 2. 2. 2. 2. 2. 2. 2. 2. 2. 2.]
 [2. 2. 2. 2. 2. 2. 2. 2. 2. 2. 2.]]
Cv: [[0. 0. 0. 0. 0. 0. 0. 0. 0. 0.]
 [2. 2. 2. 2. 2. 2. 2. 2. 2. 2.]
 [2. 2. 2. 2. 2. 2. 2. 2. 2. 2.]
 [2. 2. 2. 2. 2. 2. 2. 2. 2. 2.]
 [2. 2. 2. 2. 2. 2. 2. 2. 2. 2.]
 [2. 2. 2. 2. 2. 2. 2. 2. 2. 2.]
 [2. 2. 2. 2. 2. 2. 2. 2. 2. 2.]
 [2. 2. 2. 2. 2. 2. 2. 2. 2. 2.]
 [2. 2. 2. 2. 2. 2. 2. 2. 2. 2.]
 [2. 2. 2. 2. 2. 2. 2. 2. 2. 2.]]
Rh: [[ 9.14920561 10.05653079 10.79395701 10.3057808   9.5769287  10.2334773
   9.19530961  9.47465106  9.38298922  9.30830456 10.07835737]
 [10.29862368  9.36662688  9.68960248  9.97365472  9.27558343  9.50243825
   9.91291937 10.6195025   9.88082549 10.73166936 10.28098645]
 [10.6644066   9.01025031 10.15243982 10.94419662 10.16838434 10.94281159
  10.15892421  9.1881224   9.02469729 10.65422512  9.28088694]
 [10.30268883 10.39190917 10.23489485 10.2647049  10.51107443 10.16377338
   9.03842101 10.3762248  10.87942615  9.92019732  9.51505785]
 [ 9.70368517 10.36074666  9.39321166  9.94046041  9.65399119  9.94145148
   9.973552    9.98490132  9.35841233 10.41162367  9.6746114 ]
 [ 9.66428776 10.70385096 10.28291313 10.807147   10.75317772  9.08015081
   9.54619233  9.15620557  9.70251055 10.95938005 10.22858484]
 [10.93541385 10.70210381  9.01749266  9.1336738   9.66059495  9.50530409
  10.73642935  9.69308539 10.08245055  9.67115115 10.77031845]
 [10.58529181  9.39898567 10.94329906 10.70658603  9.73986648  9.38878811
   9.62607988 10.91607265  9.17968663  9.83717375  9.29802297]
 [ 9.95774642  9.97932165 10.24032154  9.85648863 10.81808124  9.13206481
  10.28304739  9.98210675  9.18134407  9.16213129  9.16830965]
 [10.81383199  9.25343613  9.28553056  9.38664874  9.06719317  9.81195334
   9.90109911  9.42979001  9.407397   10.05312259  9.49334493]]
Rv: [[ 9.49155907 10.80814053 10.11341877  9.80933816 10.04373506  9.42071427
  10.01592518  9.60061876 10.60060941 10.72347247]
 [10.12953996 10.80736988 10.87440786  9.77150587 10.81801245  9.24846267
  10.93243289  9.6701166  10.36013987  9.21523665]
 [ 9.50382072 10.27633781 10.12818886 10.10401955  9.51526143  9.133742
  10.72696075  9.33596003  9.4885117   9.1978767 ]
 [10.12985485  9.06847036 10.91562351 10.24240129 10.34844665  9.13842925
  10.25691845 10.60063468  9.51063408 10.346154  ]
 [ 9.23776035  9.75759096  9.52330516 10.14601486  9.15502904 10.57959003
  10.607772   10.79971868  9.15602974 10.25446733]
 [10.11396063 10.69614724  9.23554126  9.74339824 10.51263933  9.07183632
   9.82456866 10.88667966 10.78821735 10.67953272]
 [ 9.74152389 10.9970083   9.31427437 10.50772752 10.63422509  9.4253894
  10.27089265 10.45630251 10.39651024  9.93909514]
 [ 9.60094577  9.92742921  9.44302389 10.80601696 10.35131341  9.7685213
   9.21120397  9.75566737  9.12518503 10.37612234]
 [10.99403697 10.74776912  9.14331219  9.11435521  9.93134167 10.11487924
   9.96666634  9.11935637  9.97084611  9.11011788]]