-------Running parameters--------
T = 0.001
temperature_gradient = 0.0
gap = 0
M = 10
N = 10
VR = 0.0
Vmin = 0.0
Vmax = 1.1
vStep = 0.001
vSym = True
repeats = 20
fileName = array_10_10_disorder_c_std_1_r_std_5_run_1
dist = exp
fullOutput = True
use_graph = False
current_map = True
plot_current_map = False
plot_binary_current_map = False
frame_norm = False
dbg = False
resume = False
sc = False
leaping = False
constQ = False
modifyR = False
double_time = False
double_loop = False
output_folder = bgu_2d_finite_temperature_different_disorders
params_path = 
VG_avg = 0.0
VG_std = 0.0
C_avg = 2.0
C_std = 1.0
CG_avg = 10.0
CG_std = 0.0
R_avg = 10.0
R_std = 5.0
custom_rh = ""
custom_rv = ""
custom_ch = ""
custom_cv = ""
RG_avg = 500.0
RG_std = 0.0
n0_avg = 0.0
n0_std = 0.0
Q0_avg = 0.0
Q0_std = 0.0
----Array Parameters-----
Rows: 10
Columns: 10
VG: [[0.]
 [0.]
 [0.]
 [0.]
 [0.]
 [0.]
 [0.]
 [0.]
 [0.]
 [0.]
 [0.]
 [0.]
 [0.]
 [0.]
 [0.]
 [0.]
 [0.]
 [0.]
 [0.]
 [0.]
 [0.]
 [0.]
 [0.]
 [0.]
 [0.]
 [0.]
 [0.]
 [0.]
 [0.]
 [0.]
 [0.]
 [0.]
 [0.]
 [0.]
 [0.]
 [0.]
 [0.]
 [0.]
 [0.]
 [0.]
 [0.]
 [0.]
 [0.]
 [0.]
 [0.]
 [0.]
 [0.]
 [0.]
 [0.]
 [0.]
 [0.]
 [0.]
 [0.]
 [0.]
 [0.]
 [0.]
 [0.]
 [0.]
 [0.]
 [0.]
 [0.]
 [0.]
 [0.]
 [0.]
 [0.]
 [0.]
 [0.]
 [0.]
 [0.]
 [0.]
 [0.]
 [0.]
 [0.]
 [0.]
 [0.]
 [0.]
 [0.]
 [0.]
 [0.]
 [0.]
 [0.]
 [0.]
 [0.]
 [0.]
 [0.]
 [0.]
 [0.]
 [0.]
 [0.]
 [0.]
 [0.]
 [0.]
 [0.]
 [0.]
 [0.]
 [0.]
 [0.]
 [0.]
 [0.]
 [0.]]
CG: [[10.]
 [10.]
 [10.]
 [10.]
 [10.]
 [10.]
 [10.]
 [10.]
 [10.]
 [10.]
 [10.]
 [10.]
 [10.]
 [10.]
 [10.]
 [10.]
 [10.]
 [10.]
 [10.]
 [10.]
 [10.]
 [10.]
 [10.]
 [10.]
 [10.]
 [10.]
 [10.]
 [10.]
 [10.]
 [10.]
 [10.]
 [10.]
 [10.]
 [10.]
 [10.]
 [10.]
 [10.]
 [10.]
 [10.]
 [10.]
 [10.]
 [10.]
 [10.]
 [10.]
 [10.]
 [10.]
 [10.]
 [10.]
 [10.]
 [10.]
 [10.]
 [10.]
 [10.]
 [10.]
 [10.]
 [10.]
 [10.]
 [10.]
 [10.]
 [10.]
 [10.]
 [10.]
 [10.]
 [10.]
 [10.]
 [10.]
 [10.]
 [10.]
 [10.]
 [10.]
 [10.]
 [10.]
 [10.]
 [10.]
 [10.]
 [10.]
 [10.]
 [10.]
 [10.]
 [10.]
 [10.]
 [10.]
 [10.]
 [10.]
 [10.]
 [10.]
 [10.]
 [10.]
 [10.]
 [10.]
 [10.]
 [10.]
 [10.]
 [10.]
 [10.]
 [10.]
 [10.]
 [10.]
 [10.]
 [10.]]
RG: [[500.]
 [500.]
 [500.]
 [500.]
 [500.]
 [500.]
 [500.]
 [500.]
 [500.]
 [500.]
 [500.]
 [500.]
 [500.]
 [500.]
 [500.]
 [500.]
 [500.]
 [500.]
 [500.]
 [500.]
 [500.]
 [500.]
 [500.]
 [500.]
 [500.]
 [500.]
 [500.]
 [500.]
 [500.]
 [500.]
 [500.]
 [500.]
 [500.]
 [500.]
 [500.]
 [500.]
 [500.]
 [500.]
 [500.]
 [500.]
 [500.]
 [500.]
 [500.]
 [500.]
 [500.]
 [500.]
 [500.]
 [500.]
 [500.]
 [500.]
 [500.]
 [500.]
 [500.]
 [500.]
 [500.]
 [500.]
 [500.]
 [500.]
 [500.]
 [500.]
 [500.]
 [500.]
 [500.]
 [500.]
 [500.]
 [500.]
 [500.]
 [500.]
 [500.]
 [500.]
 [500.]
 [500.]
 [500.]
 [500.]
 [500.]
 [500.]
 [500.]
 [500.]
 [500.]
 [500.]
 [500.]
 [500.]
 [500.]
 [500.]
 [500.]
 [500.]
 [500.]
 [500.]
 [500.]
 [500.]
 [500.]
 [500.]
 [500.]
 [500.]
 [500.]
 [500.]
 [500.]
 [500.]
 [500.]
 [500.]]
Ch: [[2.94375466 2.97224643 1.06201365 2.92622532 1.39591635 1.61826521
  2.1086054  1.68051854 2.69314275 1.55081506 2.6047667 ]
 [1.16320476 2.0420761  1.03409361 2.83286095 1.60894557 2.92890522
  1.26808291 1.24687757 1.57077795 1.67894558 1.03461866]
 [1.51280042 1.30547548 1.70887592 1.57211257 2.90039664 1.3389509
  1.08796541 1.60238228 2.56347985 2.80443811 1.5334385 ]
 [2.8758195  1.02345359 1.08264937 1.31644698 2.1780822  1.24782901
  1.37392068 2.45247521 1.25044055 1.0460933  1.05240501]
 [1.05003244 2.35836489 1.2229403  1.7097636  1.03988698 2.40334077
  2.07694623 1.0025594  1.15905016 1.39924002 2.16787528]
 [1.46335674 1.66190054 1.55858673 1.07576993 1.00226118 1.09304992
  2.33075838 1.41536713 2.1597361  2.5593702  1.61221559]
 [2.85076465 2.22820573 2.73991067 1.76210135 2.08611456 2.63441248
  1.33046649 2.10161433 1.72049375 1.05584371 1.42667639]
 [1.29153877 1.61307757 2.30455088 2.89296552 2.7556508  2.38618816
  2.24109104 2.28048892 1.02344207 1.61504907 1.42951316]
 [1.05634753 2.63244319 1.20083405 1.481543   2.08703877 1.15841274
  1.09746918 1.08568498 1.07766656 1.81007716 1.91851351]
 [1.02939641 2.18487115 2.02684797 2.91075815 1.91021976 1.24723007
  1.24580355 1.47895304 2.73225611 1.25897397 1.22011382]]
Cv: [[0.         0.         0.         0.         0.         0.
  0.         0.         0.         0.        ]
 [2.9278131  1.00490917 2.61147093 1.3026254  1.18939865 1.28284895
  2.25557326 2.1767753  1.87782453 2.6434685 ]
 [1.83005024 1.9505047  2.52759371 2.90580668 2.62642791 2.80272647
  2.72329613 1.80000659 2.1014829  1.80998409]
 [1.30427843 1.05341602 1.31218699 2.69830454 1.13428193 2.6855817
  1.45102317 1.77184464 1.48383305 1.60984658]
 [1.49891283 2.90543238 1.73338265 1.5774341  1.13061698 1.77377388
  2.60531336 2.15149766 1.59626616 2.79995078]
 [1.84526422 2.91431147 2.23755219 2.63225869 1.3577178  2.06974085
  1.40849444 2.4318818  1.75074118 2.70325501]
 [1.32212645 2.97318573 1.14281775 1.08476246 2.58934696 1.71134678
  2.09515855 1.80985902 2.43241607 1.71409311]
 [2.59058982 1.17458762 2.40711011 1.90864718 2.79500672 1.16983607
  1.20255883 1.00716772 1.52096292 1.53724447]
 [2.29840194 2.68364576 1.0459586  1.84329932 2.26608052 1.78597619
  2.039695   1.467661   1.34699898 1.25066656]
 [2.56546502 1.04650813 2.95813153 1.25343314 1.14432564 2.53160567
  1.39009112 1.55702955 2.54799181 1.92398494]]
Rh: [[ 5.55000141 14.39017085  8.25019487 10.99264553  7.00449521 11.59672775
   5.87383122 12.90875581 14.54899508  5.44255394  5.48242636]
 [ 5.04795829 13.73806425 11.11665916 13.57997914  9.69294703 12.01972367
   8.79838534  9.16848907  9.40125118  9.58371371  5.72371253]
 [14.15468685  9.36252131  8.27793692  9.19538057  7.21822855  9.59746816
   6.98732859  9.37599959  7.26977109 12.90604463 13.33515902]
 [ 9.59330188  5.75007106  9.25351046 13.55508944 10.20279175  8.39819236
   8.12674557  7.74611322  9.24009893 11.52011184  6.75353567]
 [ 7.30994586  7.080109    6.50603887  5.12998143  8.98663738 13.91788444
   9.32737027  5.303991    5.02029943 12.27382979 14.52953379]
 [12.43108397  5.5080504   7.79370315  9.82545998  5.46893991  8.40429232
   5.61336566  8.2618377  11.19833797  6.73799743 14.89455754]
 [13.97411568  5.91299092 10.73611281 10.96298029  8.42769313 10.33821715
   5.84421183 11.20223389  5.17751784  5.46516318 13.0422884 ]
 [ 8.89572902 10.32946427  8.80314453 13.53953415 10.53144322 14.11069293
   5.79891804  9.02410347  5.55258982  8.92225101  9.76812352]
 [ 5.88516884  5.24526534  7.9575196   5.6680643  10.06570011  5.93470446
  11.18973623  6.14442459  7.42317371  5.47695677  6.17175428]
 [ 7.02335929 14.24944952  7.71212255  7.49373861  6.5213299  10.35966017
   6.12740922  6.89540821  7.866748    8.30737626 10.5884576 ]]
Rv: [[11.46723474  5.69226644  5.44597167  9.330298    6.3983529   5.34677693
   6.17876634 11.35452219 11.09618759  5.37727752]
 [ 8.87807045  5.43332153 14.35233951  8.74445779  6.81494454  8.72621961
   6.31056181  8.0203324   7.23326901  5.65764396]
 [ 7.58099695  5.77152695  7.99323891 11.48954449  6.09699212  6.36640596
   5.34904001 10.13230162  5.54511257  9.87387153]
 [ 7.6323399  12.34770497  6.37072826 14.332085    7.98196752 10.38967279
   6.49589024  5.76160738  6.23790024  5.4280189 ]
 [12.36008863 13.41192971 10.65941567 10.5797762   7.10301581  7.99313373
  12.03793325  7.53330852 11.37506763  9.47679553]
 [14.54093555  8.1968803  13.14078755 14.85922339 10.70713987 11.00588361
  11.6424478   5.39891753  5.0523668   8.96609582]
 [11.54652452 10.59402069 12.85495299  6.13812083  7.96272701  5.53082753
   7.93302731 10.13361282 12.27708186 13.11963702]
 [11.83737937 10.88332988  6.9202312  11.93600887 14.93074835  7.35663266
   6.41115406 11.26189521 12.11776494  5.54544849]
 [ 8.30349978  5.03713812  7.32284777  9.23053275  8.84871519 13.8351846
  11.20324539  6.07320471 12.79463072 10.37492645]]