-------Running parameters--------
T = 0.001
temperature_gradient = 0.0
gap = 0
M = 10
N = 10
VR = 0.0
Vmin = 0.0
Vmax = 1.1
vStep = 0.001
vSym = True
repeats = 20
fileName = array_10_10_disorder_c_std_0.1_r_std_5_run_1
dist = exp
fullOutput = True
use_graph = False
current_map = True
plot_current_map = False
plot_binary_current_map = False
frame_norm = False
dbg = False
resume = False
sc = False
leaping = False
constQ = False
modifyR = False
double_time = False
double_loop = False
output_folder = bgu_2d_finite_temperature_different_disorders
params_path = 
VG_avg = 0.0
VG_std = 0.0
C_avg = 2.0
C_std = 0.1
CG_avg = 10.0
CG_std = 0.0
R_avg = 10.0
R_std = 5.0
custom_rh = ""
custom_rv = ""
custom_ch = ""
custom_cv = ""
RG_avg = 500.0
RG_std = 0.0
n0_avg = 0.0
n0_std = 0.0
Q0_avg = 0.0
Q0_std = 0.0
----Array Parameters-----
Rows: 10
Columns: 10
VG: [[0.]
 [0.]
 [0.]
 [0.]
 [0.]
 [0.]
 [0.]
 [0.]
 [0.]
 [0.]
 [0.]
 [0.]
 [0.]
 [0.]
 [0.]
 [0.]
 [0.]
 [0.]
 [0.]
 [0.]
 [0.]
 [0.]
 [0.]
 [0.]
 [0.]
 [0.]
 [0.]
 [0.]
 [0.]
 [0.]
 [0.]
 [0.]
 [0.]
 [0.]
 [0.]
 [0.]
 [0.]
 [0.]
 [0.]
 [0.]
 [0.]
 [0.]
 [0.]
 [0.]
 [0.]
 [0.]
 [0.]
 [0.]
 [0.]
 [0.]
 [0.]
 [0.]
 [0.]
 [0.]
 [0.]
 [0.]
 [0.]
 [0.]
 [0.]
 [0.]
 [0.]
 [0.]
 [0.]
 [0.]
 [0.]
 [0.]
 [0.]
 [0.]
 [0.]
 [0.]
 [0.]
 [0.]
 [0.]
 [0.]
 [0.]
 [0.]
 [0.]
 [0.]
 [0.]
 [0.]
 [0.]
 [0.]
 [0.]
 [0.]
 [0.]
 [0.]
 [0.]
 [0.]
 [0.]
 [0.]
 [0.]
 [0.]
 [0.]
 [0.]
 [0.]
 [0.]
 [0.]
 [0.]
 [0.]
 [0.]]
CG: [[10.]
 [10.]
 [10.]
 [10.]
 [10.]
 [10.]
 [10.]
 [10.]
 [10.]
 [10.]
 [10.]
 [10.]
 [10.]
 [10.]
 [10.]
 [10.]
 [10.]
 [10.]
 [10.]
 [10.]
 [10.]
 [10.]
 [10.]
 [10.]
 [10.]
 [10.]
 [10.]
 [10.]
 [10.]
 [10.]
 [10.]
 [10.]
 [10.]
 [10.]
 [10.]
 [10.]
 [10.]
 [10.]
 [10.]
 [10.]
 [10.]
 [10.]
 [10.]
 [10.]
 [10.]
 [10.]
 [10.]
 [10.]
 [10.]
 [10.]
 [10.]
 [10.]
 [10.]
 [10.]
 [10.]
 [10.]
 [10.]
 [10.]
 [10.]
 [10.]
 [10.]
 [10.]
 [10.]
 [10.]
 [10.]
 [10.]
 [10.]
 [10.]
 [10.]
 [10.]
 [10.]
 [10.]
 [10.]
 [10.]
 [10.]
 [10.]
 [10.]
 [10.]
 [10.]
 [10.]
 [10.]
 [10.]
 [10.]
 [10.]
 [10.]
 [10.]
 [10.]
 [10.]
 [10.]
 [10.]
 [10.]
 [10.]
 [10.]
 [10.]
 [10.]
 [10.]
 [10.]
 [10.]
 [10.]
 [10.]]
RG: [[500.]
 [500.]
 [500.]
 [500.]
 [500.]
 [500.]
 [500.]
 [500.]
 [500.]
 [500.]
 [500.]
 [500.]
 [500.]
 [500.]
 [500.]
 [500.]
 [500.]
 [500.]
 [500.]
 [500.]
 [500.]
 [500.]
 [500.]
 [500.]
 [500.]
 [500.]
 [500.]
 [500.]
 [500.]
 [500.]
 [500.]
 [500.]
 [500.]
 [500.]
 [500.]
 [500.]
 [500.]
 [500.]
 [500.]
 [500.]
 [500.]
 [500.]
 [500.]
 [500.]
 [500.]
 [500.]
 [500.]
 [500.]
 [500.]
 [500.]
 [500.]
 [500.]
 [500.]
 [500.]
 [500.]
 [500.]
 [500.]
 [500.]
 [500.]
 [500.]
 [500.]
 [500.]
 [500.]
 [500.]
 [500.]
 [500.]
 [500.]
 [500.]
 [500.]
 [500.]
 [500.]
 [500.]
 [500.]
 [500.]
 [500.]
 [500.]
 [500.]
 [500.]
 [500.]
 [500.]
 [500.]
 [500.]
 [500.]
 [500.]
 [500.]
 [500.]
 [500.]
 [500.]
 [500.]
 [500.]
 [500.]
 [500.]
 [500.]
 [500.]
 [500.]
 [500.]
 [500.]
 [500.]
 [500.]
 [500.]]
Ch: [[2.02142111 1.94255257 2.05798001 2.00639356 1.90476873 1.93619328
  2.0909887  2.02832007 2.01234048 1.91035446 2.0486982 ]
 [1.96240092 2.05235342 2.08459673 1.98432183 1.94601687 2.01588151
  1.97742041 2.03886007 1.98868252 2.06046166 2.02931474]
 [2.04808871 2.07859509 1.95718424 2.02304918 2.04991707 1.95883718
  1.97726331 1.9439797  1.94291483 1.96682853 1.91578601]
 [1.93256569 2.00024551 2.08112084 1.9206675  1.9368153  2.04674995
  2.03507855 2.0748412  2.02432477 2.03090176 2.02114336]
 [2.08273869 1.9048845  2.02680644 1.90816644 1.90233692 2.00315473
  2.08880036 2.00026927 1.96018051 1.90608203 1.93677635]
 [2.04311082 2.00903806 1.95380245 1.91449754 1.91522071 1.92807953
  1.95401361 1.94072811 1.93786102 2.09399559 1.98088727]
 [1.99054776 2.08142245 2.07166539 1.93647761 2.03913916 2.08443222
  1.90711939 1.94289662 1.9634615  2.00459485 1.95629639]
 [1.90081709 1.93253197 2.07472953 2.01518307 2.00489374 2.07719155
  1.95556549 2.08966266 1.96534527 2.06152222 1.97671108]
 [2.04329863 2.01752382 2.07392599 1.97250226 2.07159146 2.05899405
  1.93529276 2.01305656 2.05153609 2.09505362 1.96828152]
 [1.95751753 2.03874788 1.92708039 1.96719399 2.09027686 1.91977077
  1.94016476 2.0938182  1.90731789 1.96397303 2.07217202]]
Cv: [[0.         0.         0.         0.         0.         0.
  0.         0.         0.         0.        ]
 [2.08059394 1.91868841 2.0169462  1.95822828 1.92867015 1.98440676
  2.0423103  2.04026254 1.98307858 1.95902628]
 [1.91566516 2.04526954 1.90046646 2.0702248  2.03991311 1.95187792
  2.08624055 2.04172013 2.01341791 2.07596898]
 [1.93820241 2.05211692 2.07874635 2.05678125 1.99335322 1.91075023
  2.02922059 1.9864395  1.99506182 1.91492528]
 [1.95103981 1.92231868 1.97964996 2.04342791 1.98307899 2.00807362
  1.99109034 1.98287559 2.00215169 2.06153712]
 [2.00926986 2.05809802 1.9495363  2.01866242 2.01692734 1.96247379
  1.91789691 2.07222955 1.93178205 1.97418823]
 [2.00722756 2.00217581 1.91958846 2.05164921 1.92646645 1.98662379
  2.00427373 1.95778837 2.06689417 2.08597772]
 [2.06012278 2.05929734 1.97866621 2.04536799 1.9299067  1.96684744
  2.00987169 2.08727891 1.91226259 1.96503346]
 [1.97979033 1.95259778 1.99762589 1.90497406 1.92898964 1.98859758
  2.04038337 1.95324687 2.05581733 1.90288584]
 [2.02700959 1.9168414  1.9345662  2.03514341 2.07850002 1.96808449
  1.99608929 2.07111709 2.08253488 1.92293665]]
Rh: [[ 5.18387117  8.95601202 13.61810185  6.29655189 10.63870265 10.79238825
   8.94779641  6.65499054  6.92630024  7.28493791  7.57335529]
 [ 6.4815541   6.89527644  6.51307493 11.17572189 14.73719037 11.49188546
   8.73268164 13.40096815  7.20047117 14.66993758  5.66605294]
 [10.8703863  12.65190257  6.07631489 13.64254798  6.81955673  8.94231621
  13.2549619  11.37588969 12.60526399 12.30226773  6.78089989]
 [14.38278299  5.5979735   5.05036317 12.60454048 12.21733756 14.6829307
   6.18115884 10.78613757  8.18321366 13.49020065  5.35962852]
 [ 5.62577017 10.57769186  5.82631031  5.35847345 11.96067191  5.74680978
  13.97630235  6.13092427 11.59958058  6.56521373  6.3529023 ]
 [ 5.38555289 10.63833637  7.07977474  7.36211394  6.79637175 14.67497098
  13.47985742  8.54812048  5.29633089 12.91271801 11.47562132]
 [ 5.88695769 13.60151074  6.18717483  5.84875037 12.50585355  5.18789385
   5.88977174  5.26600564  8.93167032 10.14417686  5.06708633]
 [ 6.07299114  8.56480334  8.76117301  5.45824809  7.95626045  8.51093167
  11.37975933  9.46471064 11.94109858  8.25354134 13.72108013]
 [10.28552881 11.32210085  6.68051523  7.72014513 14.66137218  9.7336769
  11.79254115  6.12718534  6.14676833 14.00780346  6.15504365]
 [ 8.48337838 12.50844738  6.73577635  7.68992089  6.38188569  9.42001156
  11.20726258  8.56137506  6.83038356  5.99259199  8.70120838]]
Rv: [[ 5.94263986  8.83566579  8.2843953  14.63297419 13.50192611 10.94296202
   7.71018197 10.86500231 12.72768835  9.19605857]
 [12.62004673 14.17145497 11.70911065 10.10050119 10.42982252 13.90725266
  11.02982485  6.31743697  7.98691515 10.59379354]
 [ 7.61321292  6.15764416  8.16453502 11.63066099 13.66043923  8.17027476
   9.90145283  7.47678888 13.50198577 11.9135461 ]
 [14.53662045  8.32174934 14.93961049  8.5422029  11.79541815  5.71641865
  10.80120267  5.77274369 12.5200105   5.05383553]
 [ 5.78214338  5.4464805   7.76666189 14.68182359 11.1906021   5.49715954
  11.30767866 12.76127066  8.57186317 12.42562749]
 [ 6.71919758  9.00159491  6.6533034   5.94981742 14.6448241  11.0632097
   8.67698362 10.46697673 14.68112294  6.31758462]
 [ 6.18134386  6.10654268 12.01236885  5.78322291 10.73958832 11.36416148
   6.13727555  6.19317003  7.17432912  5.18525421]
 [ 5.70420721 12.6050148   9.44335248  6.58335554  7.93013971  9.23485017
  14.72647818 11.73977745  8.28531788 13.62556859]
 [ 7.08012552  5.76174038 12.09001019  9.78588738  7.84044951  5.31977726
  10.86905001  9.5583713  10.02067475 12.25550095]]