-------Running parameters--------
T = 0.001
temperature_gradient = 0.0
gap = 0
M = 10
N = 10
VR = 0.0
Vmin = 0.0
Vmax = 1.1
vStep = 0.001
vSym = True
repeats = 20
fileName = array_10_10_disorder_c_std_0_r_std_5_run_5
dist = exp
fullOutput = True
use_graph = False
current_map = True
plot_current_map = False
plot_binary_current_map = False
frame_norm = False
dbg = False
resume = False
sc = False
leaping = False
constQ = False
modifyR = False
double_time = False
double_loop = False
output_folder = bgu_2d_finite_temperature_different_disorders
params_path = 
VG_avg = 0.0
VG_std = 0.0
C_avg = 2.0
C_std = 0.0
CG_avg = 10.0
CG_std = 0.0
R_avg = 10.0
R_std = 5.0
custom_rh = ""
custom_rv = ""
custom_ch = ""
custom_cv = ""
RG_avg = 500.0
RG_std = 0.0
n0_avg = 0.0
n0_std = 0.0
Q0_avg = 0.0
Q0_std = 0.0
----Array Parameters-----
Rows: 10
Columns: 10
VG: [[0.]
 [0.]
 [0.]
 [0.]
 [0.]
 [0.]
 [0.]
 [0.]
 [0.]
 [0.]
 [0.]
 [0.]
 [0.]
 [0.]
 [0.]
 [0.]
 [0.]
 [0.]
 [0.]
 [0.]
 [0.]
 [0.]
 [0.]
 [0.]
 [0.]
 [0.]
 [0.]
 [0.]
 [0.]
 [0.]
 [0.]
 [0.]
 [0.]
 [0.]
 [0.]
 [0.]
 [0.]
 [0.]
 [0.]
 [0.]
 [0.]
 [0.]
 [0.]
 [0.]
 [0.]
 [0.]
 [0.]
 [0.]
 [0.]
 [0.]
 [0.]
 [0.]
 [0.]
 [0.]
 [0.]
 [0.]
 [0.]
 [0.]
 [0.]
 [0.]
 [0.]
 [0.]
 [0.]
 [0.]
 [0.]
 [0.]
 [0.]
 [0.]
 [0.]
 [0.]
 [0.]
 [0.]
 [0.]
 [0.]
 [0.]
 [0.]
 [0.]
 [0.]
 [0.]
 [0.]
 [0.]
 [0.]
 [0.]
 [0.]
 [0.]
 [0.]
 [0.]
 [0.]
 [0.]
 [0.]
 [0.]
 [0.]
 [0.]
 [0.]
 [0.]
 [0.]
 [0.]
 [0.]
 [0.]
 [0.]]
CG: [[10.]
 [10.]
 [10.]
 [10.]
 [10.]
 [10.]
 [10.]
 [10.]
 [10.]
 [10.]
 [10.]
 [10.]
 [10.]
 [10.]
 [10.]
 [10.]
 [10.]
 [10.]
 [10.]
 [10.]
 [10.]
 [10.]
 [10.]
 [10.]
 [10.]
 [10.]
 [10.]
 [10.]
 [10.]
 [10.]
 [10.]
 [10.]
 [10.]
 [10.]
 [10.]
 [10.]
 [10.]
 [10.]
 [10.]
 [10.]
 [10.]
 [10.]
 [10.]
 [10.]
 [10.]
 [10.]
 [10.]
 [10.]
 [10.]
 [10.]
 [10.]
 [10.]
 [10.]
 [10.]
 [10.]
 [10.]
 [10.]
 [10.]
 [10.]
 [10.]
 [10.]
 [10.]
 [10.]
 [10.]
 [10.]
 [10.]
 [10.]
 [10.]
 [10.]
 [10.]
 [10.]
 [10.]
 [10.]
 [10.]
 [10.]
 [10.]
 [10.]
 [10.]
 [10.]
 [10.]
 [10.]
 [10.]
 [10.]
 [10.]
 [10.]
 [10.]
 [10.]
 [10.]
 [10.]
 [10.]
 [10.]
 [10.]
 [10.]
 [10.]
 [10.]
 [10.]
 [10.]
 [10.]
 [10.]
 [10.]]
RG: [[500.]
 [500.]
 [500.]
 [500.]
 [500.]
 [500.]
 [500.]
 [500.]
 [500.]
 [500.]
 [500.]
 [500.]
 [500.]
 [500.]
 [500.]
 [500.]
 [500.]
 [500.]
 [500.]
 [500.]
 [500.]
 [500.]
 [500.]
 [500.]
 [500.]
 [500.]
 [500.]
 [500.]
 [500.]
 [500.]
 [500.]
 [500.]
 [500.]
 [500.]
 [500.]
 [500.]
 [500.]
 [500.]
 [500.]
 [500.]
 [500.]
 [500.]
 [500.]
 [500.]
 [500.]
 [500.]
 [500.]
 [500.]
 [500.]
 [500.]
 [500.]
 [500.]
 [500.]
 [500.]
 [500.]
 [500.]
 [500.]
 [500.]
 [500.]
 [500.]
 [500.]
 [500.]
 [500.]
 [500.]
 [500.]
 [500.]
 [500.]
 [500.]
 [500.]
 [500.]
 [500.]
 [500.]
 [500.]
 [500.]
 [500.]
 [500.]
 [500.]
 [500.]
 [500.]
 [500.]
 [500.]
 [500.]
 [500.]
 [500.]
 [500.]
 [500.]
 [500.]
 [500.]
 [500.]
 [500.]
 [500.]
 [500.]
 [500.]
 [500.]
 [500.]
 [500.]
 [500.]
 [500.]
 [500.]
 [500.]]
Ch: [[2. 2. 2. 2. 2. 2. 2. 2. 2. 2. 2.]
 [2. 2. 2. 2. 2. 2. 2. 2. 2. 2. 2.]
 [2. 2. 2. 2. 2. 2. 2. 2. 2. 2. 2.]
 [2. 2. 2. 2. 2. 2. 2. 2. 2. 2. 2.]
 [2. 2. 2. 2. 2. 2. 2. 2. 2. 2. 2.]
 [2. 2. 2. 2. 2. 2. 2. 2. 2. 2. 2.]
 [2. 2. 2. 2. 2. 2. 2. 2. 2. 2. 2.]
 [2. 2. 2. 2. 2. 2. 2. 2. 2. 2. 2.]
 [2. 2. 2. 2. 2. 2. 2. 2. 2. 2. 2.]
 [2. 2. 2. 2. 2. 2. 2. 2. 2. 2. 2.]]
Cv: [[0. 0. 0. 0. 0. 0. 0. 0. 0. 0.]
 [2. 2. 2. 2. 2. 2. 2. 2. 2. 2.]
 [2. 2. 2. 2. 2. 2. 2. 2. 2. 2.]
 [2. 2. 2. 2. 2. 2. 2. 2. 2. 2.]
 [2. 2. 2. 2. 2. 2. 2. 2. 2. 2.]
 [2. 2. 2. 2. 2. 2. 2. 2. 2. 2.]
 [2. 2. 2. 2. 2. 2. 2. 2. 2. 2.]
 [2. 2. 2. 2. 2. 2. 2. 2. 2. 2.]
 [2. 2. 2. 2. 2. 2. 2. 2. 2. 2.]
 [2. 2. 2. 2. 2. 2. 2. 2. 2. 2.]]
Rh: [[10.68454211  5.40448564  6.13162644 10.57084597  9.87866159  8.96901888
   7.26653036  5.20643962  6.41255528 11.10628995 10.43815902]
 [ 5.70033102 11.2175318   7.19411023 12.79251751  5.83570999  7.45184634
  11.12851145  7.19770112  6.4468519  12.65756133  8.66579102]
 [10.33117797  6.71022935 10.85279778 11.46568837  5.73770383  8.5407405
  13.60304517  7.90849583 11.47329017  7.53434609  6.34979274]
 [ 5.55051334  8.25051156 12.53847798  8.79303886 10.18063272 11.41489824
   8.49700909 14.8597434   5.45486348  8.76634268 11.47961967]
 [ 9.79812465  8.81478089  9.99326018  5.54068915  9.98419608  6.05956384
   9.57493786 13.47861749  5.60643172  9.80417194 10.00529087]
 [ 6.44638193  7.01015571  8.9958784   5.62849343 10.7738152  11.17965864
   5.13556129 10.4384319  13.55635192  5.27197341  6.52756908]
 [ 6.09038623 10.97161863 11.66015984 10.33794488  7.49153151  9.15192699
  11.50728805  8.44034346  6.49524624  5.16902962 14.25086824]
 [ 6.85727985 11.66124585  9.01225605 11.54142606  5.06406281  6.95285519
   6.45462736 13.7432348   9.2470769  11.07380587 12.61548654]
 [ 7.48254951 14.49218784  6.93864708 11.15537656  5.19505094  5.97982837
  10.91953221 11.95518953  6.19583556  8.083013   14.57106913]
 [14.92851978 12.40942208  8.38474737  6.19471067 11.14388342  6.59130054
   8.17935192  6.29531036  7.11290719  9.66777093  5.61447212]]
Rv: [[ 8.73388164  8.27160466 12.60232027 11.74787692 11.05270265  8.41256174
   9.69970873  9.21060778  8.83861792  5.39557808]
 [ 8.35986163  6.54630234 14.09438343  9.01660007  6.21092975  8.3208371
   8.40441889  7.88900564  7.18246936 10.29614415]
 [ 7.56865765  5.13154212  8.52333193  5.2617467   6.69054609 14.68823488
  13.33412681  5.99255955  6.7247476   8.52025701]
 [ 7.15220514 14.54072623  7.81164272 11.62081024  7.24872733 13.63847977
  14.61933549  6.60861045  9.91503998  7.01208155]
 [11.25593376  6.6631683  14.50142579  6.63445541 12.20173495  7.59175306
   6.38212907 12.2619816   6.84112828 10.73609023]
 [14.14485673  7.66440822 10.46718935  5.67034747  6.477195    5.78232466
  13.65267944  7.10048583  6.82581806  9.36576156]
 [ 5.72512549 11.01696776  5.52679096 12.91603415 11.60487482  7.70757792
   5.59977929  6.90987213 10.35627085 12.28331643]
 [14.1028208   6.27962788  5.73373932  5.3797225   5.2842205  11.37499095
  13.70693697 11.07319689  6.23805445  9.29703571]
 [ 8.17189358  5.50346351  6.72858917  5.53763722  5.61282033  9.28329474
  13.47195915 11.15705943 14.15689423 13.85405852]]