-------Running parameters--------
T = 0.001
temperature_gradient = 0.0
gap = 0
M = 10
N = 10
VR = 0.0
Vmin = 0.0
Vmax = 1.1
vStep = 0.001
vSym = True
repeats = 20
fileName = array_10_10_disorder_c_std_0.5_r_std_1_run_1
dist = exp
fullOutput = True
use_graph = False
current_map = True
plot_current_map = False
plot_binary_current_map = False
frame_norm = False
dbg = False
resume = False
sc = False
leaping = False
constQ = False
modifyR = False
double_time = False
double_loop = False
output_folder = bgu_2d_finite_temperature_different_disorders
params_path = 
VG_avg = 0.0
VG_std = 0.0
C_avg = 2.0
C_std = 0.5
CG_avg = 10.0
CG_std = 0.0
R_avg = 10.0
R_std = 1.0
custom_rh = ""
custom_rv = ""
custom_ch = ""
custom_cv = ""
RG_avg = 500.0
RG_std = 0.0
n0_avg = 0.0
n0_std = 0.0
Q0_avg = 0.0
Q0_std = 0.0
----Array Parameters-----
Rows: 10
Columns: 10
VG: [[0.]
 [0.]
 [0.]
 [0.]
 [0.]
 [0.]
 [0.]
 [0.]
 [0.]
 [0.]
 [0.]
 [0.]
 [0.]
 [0.]
 [0.]
 [0.]
 [0.]
 [0.]
 [0.]
 [0.]
 [0.]
 [0.]
 [0.]
 [0.]
 [0.]
 [0.]
 [0.]
 [0.]
 [0.]
 [0.]
 [0.]
 [0.]
 [0.]
 [0.]
 [0.]
 [0.]
 [0.]
 [0.]
 [0.]
 [0.]
 [0.]
 [0.]
 [0.]
 [0.]
 [0.]
 [0.]
 [0.]
 [0.]
 [0.]
 [0.]
 [0.]
 [0.]
 [0.]
 [0.]
 [0.]
 [0.]
 [0.]
 [0.]
 [0.]
 [0.]
 [0.]
 [0.]
 [0.]
 [0.]
 [0.]
 [0.]
 [0.]
 [0.]
 [0.]
 [0.]
 [0.]
 [0.]
 [0.]
 [0.]
 [0.]
 [0.]
 [0.]
 [0.]
 [0.]
 [0.]
 [0.]
 [0.]
 [0.]
 [0.]
 [0.]
 [0.]
 [0.]
 [0.]
 [0.]
 [0.]
 [0.]
 [0.]
 [0.]
 [0.]
 [0.]
 [0.]
 [0.]
 [0.]
 [0.]
 [0.]]
CG: [[10.]
 [10.]
 [10.]
 [10.]
 [10.]
 [10.]
 [10.]
 [10.]
 [10.]
 [10.]
 [10.]
 [10.]
 [10.]
 [10.]
 [10.]
 [10.]
 [10.]
 [10.]
 [10.]
 [10.]
 [10.]
 [10.]
 [10.]
 [10.]
 [10.]
 [10.]
 [10.]
 [10.]
 [10.]
 [10.]
 [10.]
 [10.]
 [10.]
 [10.]
 [10.]
 [10.]
 [10.]
 [10.]
 [10.]
 [10.]
 [10.]
 [10.]
 [10.]
 [10.]
 [10.]
 [10.]
 [10.]
 [10.]
 [10.]
 [10.]
 [10.]
 [10.]
 [10.]
 [10.]
 [10.]
 [10.]
 [10.]
 [10.]
 [10.]
 [10.]
 [10.]
 [10.]
 [10.]
 [10.]
 [10.]
 [10.]
 [10.]
 [10.]
 [10.]
 [10.]
 [10.]
 [10.]
 [10.]
 [10.]
 [10.]
 [10.]
 [10.]
 [10.]
 [10.]
 [10.]
 [10.]
 [10.]
 [10.]
 [10.]
 [10.]
 [10.]
 [10.]
 [10.]
 [10.]
 [10.]
 [10.]
 [10.]
 [10.]
 [10.]
 [10.]
 [10.]
 [10.]
 [10.]
 [10.]
 [10.]]
RG: [[500.]
 [500.]
 [500.]
 [500.]
 [500.]
 [500.]
 [500.]
 [500.]
 [500.]
 [500.]
 [500.]
 [500.]
 [500.]
 [500.]
 [500.]
 [500.]
 [500.]
 [500.]
 [500.]
 [500.]
 [500.]
 [500.]
 [500.]
 [500.]
 [500.]
 [500.]
 [500.]
 [500.]
 [500.]
 [500.]
 [500.]
 [500.]
 [500.]
 [500.]
 [500.]
 [500.]
 [500.]
 [500.]
 [500.]
 [500.]
 [500.]
 [500.]
 [500.]
 [500.]
 [500.]
 [500.]
 [500.]
 [500.]
 [500.]
 [500.]
 [500.]
 [500.]
 [500.]
 [500.]
 [500.]
 [500.]
 [500.]
 [500.]
 [500.]
 [500.]
 [500.]
 [500.]
 [500.]
 [500.]
 [500.]
 [500.]
 [500.]
 [500.]
 [500.]
 [500.]
 [500.]
 [500.]
 [500.]
 [500.]
 [500.]
 [500.]
 [500.]
 [500.]
 [500.]
 [500.]
 [500.]
 [500.]
 [500.]
 [500.]
 [500.]
 [500.]
 [500.]
 [500.]
 [500.]
 [500.]
 [500.]
 [500.]
 [500.]
 [500.]
 [500.]
 [500.]
 [500.]
 [500.]
 [500.]
 [500.]]
Ch: [[2.30658854 1.56703116 1.96835237 1.72335624 1.53963591 2.02165786
  1.85297792 1.7360363  2.36298897 1.5656209  1.65439564]
 [2.15304571 1.65413684 1.78430168 2.09300984 1.5452387  1.76285082
  2.09363693 1.94823045 1.67410031 1.5233651  2.23945891]
 [2.12085872 2.47762049 1.59543387 2.06094159 2.44624975 2.17562117
  2.05852386 1.7943275  2.04082062 2.00994356 2.29377552]
 [2.12952951 2.00062929 1.60158974 2.08555776 2.42697945 1.60834282
  2.14482865 2.06812991 2.08259699 1.51729703 2.13866942]
 [2.00941514 2.28774391 1.84508249 1.85768932 1.97594991 1.93711238
  1.6031724  2.40081435 2.06594203 2.12324436 1.70701311]
 [1.79987223 1.97375606 2.40463354 2.06090897 1.73995386 2.16342134
  1.61010322 1.55331131 1.76293832 1.71545846 1.73228567]
 [1.68380238 2.31425239 1.87850519 2.01543535 2.09530322 2.24332861
  2.21508725 2.18951039 1.6337567  1.59774772 1.74150904]
 [1.70273609 2.17947796 2.30383562 2.023201   1.6874048  2.36716212
  1.93527957 1.8509723  1.695017   2.39235264 1.52794388]
 [1.78184318 1.58427967 2.02372351 1.50923399 1.59366452 1.67368419
  1.70182811 1.72600774 2.29885702 1.57068176 2.07994725]
 [1.93664046 2.07386966 2.44886119 1.68856351 2.31781901 1.54336122
  2.02458267 1.83111679 1.71130364 1.92857857 1.83429469]]
Cv: [[0.         0.         0.         0.         0.         0.
  0.         0.         0.         0.        ]
 [1.92231754 2.23457309 1.71970508 1.96766    1.93383068 1.62133805
  1.73625861 1.55777445 2.13248519 2.28341965]
 [1.76374101 1.65403772 1.84391795 2.11127802 1.5701622  2.23295303
  1.8180172  1.9890744  2.2800898  1.69868571]
 [2.16604103 1.56379228 1.90026241 2.48851469 2.42481734 1.81482154
  1.89505925 1.53160921 1.56887692 1.52946097]
 [2.12406281 1.74013079 1.55053302 1.76986542 2.0576373  2.12955833
  2.10646008 1.71582952 2.10365761 2.2437172 ]
 [2.36736993 1.65743357 2.49291923 2.05520515 2.33247292 1.72106777
  2.20916618 2.06146708 1.82191638 2.26995867]
 [1.53763715 1.57925309 2.41441955 2.40163327 1.99231642 1.96743059
  2.38678599 2.42858177 2.22644832 1.75716205]
 [2.44686883 2.00755645 1.7351934  1.93698913 1.66997277 1.76230775
  1.89271356 1.62410125 1.51304943 1.86700029]
 [2.06186807 1.932507   2.00065545 2.11796552 1.97182148 1.90411278
  1.72140387 2.24300917 1.97363714 1.75341377]
 [1.56088514 1.75383084 2.15522065 2.00068809 1.85260754 2.1607122
  2.19962788 2.06181215 1.59801383 2.27146087]]
Rh: [[10.87636993 10.83388233 10.10305693  9.03726274 10.79160995 10.10931013
   9.52624725 10.23098844 10.41352341  9.05764011 10.68376218]
 [ 9.81621822 10.11971987  9.17027677  9.51498794 10.15249062 10.83503833
  10.16968692 10.53589598 10.28745009  9.42763044 10.67523103]
 [10.34187959 10.04900848  9.59286921  9.94574543  9.66869421 10.05000985
  10.90085575  9.99443875 10.75846655 10.4701221   9.44676587]
 [10.32847254 10.75891972  9.769504    9.66902988 10.5950723  10.10657714
   9.90189935 10.383448   10.71352192  9.43857818  9.19524636]
 [10.79030877  9.39594039  9.04426403 10.76517333 10.83416644  9.61660995
  10.06074569 10.9205484  10.01589566 10.57663601 10.56925523]
 [10.3678607   9.73721537  9.89422582 10.73599535  9.24830302  9.86225105
  10.1461253   9.4775278  10.54832838  9.17558615 10.68187919]
 [10.14841371  9.54250433  9.45298721  9.71536538  9.96273673  9.53174408
  10.11762973 10.51416268  9.45137562  9.05773868 10.61918196]
 [ 9.54575076  9.56013208  9.40771745 10.729287   10.7517935   9.41570858
   9.73481408  9.36107137  9.52176437  9.31267112 10.44938244]
 [ 9.54716134 10.90821796  9.67838949 10.91415926  9.68489019  9.27099265
  10.80774242  9.18099477  9.90857398  9.44012791  9.71059094]
 [ 9.05320256  9.52750664  9.73997474  9.91564649  9.88876904 10.00644167
  10.58130325  9.75991193 10.98884934  9.83677338 10.22216296]]
Rv: [[ 9.36314826 10.09962696 10.21301552  9.32150087  9.48974753  9.28327884
   9.34372257  9.49452003  9.19288348 10.39606832]
 [ 9.64855194  9.27979551 10.70703127 10.99148357  9.26589269  9.93726733
   9.28195744  9.94519921  9.64805258 10.36648253]
 [ 9.6377034   9.35728782 10.11263655 10.9931757   9.92344117 10.10440649
   9.74209312  9.27159733 10.12696615 10.02859191]
 [ 9.51622327  9.67028362  9.91073497  9.60351879  9.77881954 10.04589041
   9.00289924 10.36778381  9.82994963 10.14404331]
 [ 9.8882813  10.90161284 10.33617506 10.77276927  9.18918906  9.743519
   9.02224881 10.33859387  9.28520944 10.57543892]
 [ 9.55873788 10.36127991  9.36434739 10.0095269  10.25396318  9.30001152
   9.64503801 10.0454675   9.06913134  9.93119385]
 [ 9.21546497 10.25801071  9.47335739  9.79471293  9.86527518  9.21790161
  10.42113613  9.45527627  9.97807142 10.43706415]
 [ 9.13381466  9.67634611  9.61506799  9.60605343  9.62137826  9.01378921
   9.16354301  9.84414768 10.49538552 10.2677062 ]
 [10.80225397  9.51589262 10.03917708  9.51590136  9.35525425 10.36590088
   9.52375106 10.17902247  9.44728737 10.73964098]]