-------Running parameters--------
T = 0.001
temperature_gradient = 0.0
gap = 0
M = 10
N = 10
VR = 0.0
Vmin = 0.0
Vmax = 1.1
vStep = 0.001
vSym = True
repeats = 20
fileName = array_10_10_disorder_c_std_0.1_r_std_5_run_3
dist = exp
fullOutput = True
use_graph = False
current_map = True
plot_current_map = False
plot_binary_current_map = False
frame_norm = False
dbg = False
resume = False
sc = False
leaping = False
constQ = False
modifyR = False
double_time = False
double_loop = False
output_folder = bgu_2d_finite_temperature_different_disorders
params_path = 
VG_avg = 0.0
VG_std = 0.0
C_avg = 2.0
C_std = 0.1
CG_avg = 10.0
CG_std = 0.0
R_avg = 10.0
R_std = 5.0
custom_rh = ""
custom_rv = ""
custom_ch = ""
custom_cv = ""
RG_avg = 500.0
RG_std = 0.0
n0_avg = 0.0
n0_std = 0.0
Q0_avg = 0.0
Q0_std = 0.0
----Array Parameters-----
Rows: 10
Columns: 10
VG: [[0.]
 [0.]
 [0.]
 [0.]
 [0.]
 [0.]
 [0.]
 [0.]
 [0.]
 [0.]
 [0.]
 [0.]
 [0.]
 [0.]
 [0.]
 [0.]
 [0.]
 [0.]
 [0.]
 [0.]
 [0.]
 [0.]
 [0.]
 [0.]
 [0.]
 [0.]
 [0.]
 [0.]
 [0.]
 [0.]
 [0.]
 [0.]
 [0.]
 [0.]
 [0.]
 [0.]
 [0.]
 [0.]
 [0.]
 [0.]
 [0.]
 [0.]
 [0.]
 [0.]
 [0.]
 [0.]
 [0.]
 [0.]
 [0.]
 [0.]
 [0.]
 [0.]
 [0.]
 [0.]
 [0.]
 [0.]
 [0.]
 [0.]
 [0.]
 [0.]
 [0.]
 [0.]
 [0.]
 [0.]
 [0.]
 [0.]
 [0.]
 [0.]
 [0.]
 [0.]
 [0.]
 [0.]
 [0.]
 [0.]
 [0.]
 [0.]
 [0.]
 [0.]
 [0.]
 [0.]
 [0.]
 [0.]
 [0.]
 [0.]
 [0.]
 [0.]
 [0.]
 [0.]
 [0.]
 [0.]
 [0.]
 [0.]
 [0.]
 [0.]
 [0.]
 [0.]
 [0.]
 [0.]
 [0.]
 [0.]]
CG: [[10.]
 [10.]
 [10.]
 [10.]
 [10.]
 [10.]
 [10.]
 [10.]
 [10.]
 [10.]
 [10.]
 [10.]
 [10.]
 [10.]
 [10.]
 [10.]
 [10.]
 [10.]
 [10.]
 [10.]
 [10.]
 [10.]
 [10.]
 [10.]
 [10.]
 [10.]
 [10.]
 [10.]
 [10.]
 [10.]
 [10.]
 [10.]
 [10.]
 [10.]
 [10.]
 [10.]
 [10.]
 [10.]
 [10.]
 [10.]
 [10.]
 [10.]
 [10.]
 [10.]
 [10.]
 [10.]
 [10.]
 [10.]
 [10.]
 [10.]
 [10.]
 [10.]
 [10.]
 [10.]
 [10.]
 [10.]
 [10.]
 [10.]
 [10.]
 [10.]
 [10.]
 [10.]
 [10.]
 [10.]
 [10.]
 [10.]
 [10.]
 [10.]
 [10.]
 [10.]
 [10.]
 [10.]
 [10.]
 [10.]
 [10.]
 [10.]
 [10.]
 [10.]
 [10.]
 [10.]
 [10.]
 [10.]
 [10.]
 [10.]
 [10.]
 [10.]
 [10.]
 [10.]
 [10.]
 [10.]
 [10.]
 [10.]
 [10.]
 [10.]
 [10.]
 [10.]
 [10.]
 [10.]
 [10.]
 [10.]]
RG: [[500.]
 [500.]
 [500.]
 [500.]
 [500.]
 [500.]
 [500.]
 [500.]
 [500.]
 [500.]
 [500.]
 [500.]
 [500.]
 [500.]
 [500.]
 [500.]
 [500.]
 [500.]
 [500.]
 [500.]
 [500.]
 [500.]
 [500.]
 [500.]
 [500.]
 [500.]
 [500.]
 [500.]
 [500.]
 [500.]
 [500.]
 [500.]
 [500.]
 [500.]
 [500.]
 [500.]
 [500.]
 [500.]
 [500.]
 [500.]
 [500.]
 [500.]
 [500.]
 [500.]
 [500.]
 [500.]
 [500.]
 [500.]
 [500.]
 [500.]
 [500.]
 [500.]
 [500.]
 [500.]
 [500.]
 [500.]
 [500.]
 [500.]
 [500.]
 [500.]
 [500.]
 [500.]
 [500.]
 [500.]
 [500.]
 [500.]
 [500.]
 [500.]
 [500.]
 [500.]
 [500.]
 [500.]
 [500.]
 [500.]
 [500.]
 [500.]
 [500.]
 [500.]
 [500.]
 [500.]
 [500.]
 [500.]
 [500.]
 [500.]
 [500.]
 [500.]
 [500.]
 [500.]
 [500.]
 [500.]
 [500.]
 [500.]
 [500.]
 [500.]
 [500.]
 [500.]
 [500.]
 [500.]
 [500.]
 [500.]]
Ch: [[2.0290877  2.01665588 2.06476382 1.91857558 2.05445302 1.90858026
  1.91139213 1.99867977 1.95017911 2.05426691 2.09699725]
 [2.09942331 2.01648989 2.09183039 1.9840452  1.99306062 2.01818343
  1.96341525 2.04669801 2.03597931 1.98001495 2.00592093]
 [2.02804003 2.08929166 1.97538084 2.04362614 1.90437933 1.96633627
  2.00599679 2.07476182 1.90579932 2.0020368  2.0524848 ]
 [1.99885546 2.04004262 2.04587725 2.0754695  1.9658184  2.07283127
  1.93145423 1.98862642 1.97094114 1.9072127  2.00126061]
 [2.01210798 1.96071167 1.9164222  2.0267633  2.08201378 1.99860891
  1.90295318 1.92867755 2.07719729 1.91189576 1.9191783 ]
 [1.90531282 1.97297509 1.93035409 1.98529046 1.97112909 1.90228659
  1.92692776 2.00335833 1.92206332 1.9645813  2.05276915]
 [2.07832269 2.06224477 2.01078874 1.94899026 2.05626644 2.09490782
  2.01668335 1.94283178 2.0617767  1.90509559 1.99814715]
 [1.94838841 1.90203054 2.0107385  1.9181435  1.97764725 1.93034226
  1.95255919 1.92453633 2.04402185 2.05512296 1.95888696]
 [2.03784643 1.9503788  1.98310716 2.00741878 2.08225638 1.93564347
  2.03219622 1.99871544 1.92886121 2.07438533 1.99827234]
 [2.03272761 2.00783141 1.93784513 1.99719739 1.98349569 2.0750669
  2.0441892  1.94485614 2.06962691 2.00742077 1.95229212]]
Cv: [[0.         0.         0.         0.         0.         0.
  0.         0.         0.         0.        ]
 [2.046348   1.92781571 2.06770919 1.94285571 2.08481867 1.95436128
  1.96541582 2.05390655 1.90707515 2.03947114]
 [2.0032356  2.06002457 2.06803637 1.96115098 1.97814494 2.08142869
  2.03397789 2.05656582 2.07836616 1.99132604]
 [2.02745364 1.90453791 2.0122081  2.05744325 2.08586469 1.97634466
  1.95600128 1.94527593 1.98219213 2.04669438]
 [1.94013329 2.07786372 2.0647993  2.07684489 2.02571822 2.03155341
  2.06531652 1.92349955 1.93445112 1.90217727]
 [2.01748914 2.07278801 2.01149086 2.0523926  1.99946238 2.05183434
  1.97293573 1.90572518 1.98626771 1.97670755]
 [1.93097858 2.07830273 2.0253128  1.97370017 1.94123529 1.90792179
  1.93694622 1.94661378 1.93815596 1.92086831]
 [1.91004386 1.96727427 1.97195708 1.9431652  2.08497367 1.93093674
  1.91816575 1.99184236 1.94113999 1.97431123]
 [2.08306093 1.96148396 1.9733831  2.08112751 2.00990135 2.06530915
  2.02037677 2.00377841 2.03012275 2.08503505]
 [2.0532265  1.94792025 1.91831925 1.98558818 1.96413102 1.90479121
  2.014093   1.97315239 1.95375408 2.03392621]]
Rh: [[ 8.92659048  6.56188925 12.87325656 11.91640991 11.29799989 12.32367507
   7.97944925 14.73189599  6.92200828  7.42300389  7.51921571]
 [ 8.24436424  5.73665848  5.57498321 12.48723842  9.93558895  5.24195623
  12.88095395 13.25767306 13.56344584 13.30327299  7.75185776]
 [ 5.65095239 10.85328642  9.34478555  6.36085104  7.44302287  6.26349912
   8.90201217  9.11486154  6.31791906  7.37065546  5.94809374]
 [11.62424016 13.73156721 10.03955754  7.55927292  5.33989207  6.04850559
   6.32575074  7.00271697  7.97171598  9.23134677  6.44892307]
 [11.52485041  6.66812148 10.5349038  13.54892977 13.84135678  9.74261995
  10.86477016  5.79576572 13.40513244  7.35293124  8.87499472]
 [ 5.77796459  6.48011583  7.18946673 10.24771424  8.80478548 10.19686353
   7.89555059 10.07981965  5.51257313 11.40636679  8.02138604]
 [ 5.84422067  6.83492673  6.46280692  6.18784566 11.43739618  7.35656644
   6.08017778  5.77693932 10.08136187 10.60299885  9.5134433 ]
 [12.44307503  9.58825476 11.44230064  6.0798845  13.8135734  12.18490578
  13.13109095  5.72365054  7.33452937 12.65749469 13.34427555]
 [ 7.42586371  9.37432412  9.07282705 14.83189623 14.17661559  5.80419036
   5.99146881 11.67350806 10.63889796  6.66955538  6.31130565]
 [12.15150987 12.97919075  6.41945652 12.97092331  8.28421413  8.46486085
  11.36355259  6.15832151  6.77507398  7.08326416 13.6359421 ]]
Rv: [[12.9816711   9.27100893 13.64872855  5.00050218  7.00427332  7.60364634
   6.99987109 11.64618314  7.94114749  5.97517916]
 [ 6.92814613  6.1778396   5.30904283  9.3649362   5.86117799  7.3417057
   6.5755893  10.21123492 12.59924338  6.11475913]
 [ 9.30562957 11.12912962  6.76469336  5.91744406  8.6326681   9.8614411
  10.55316447  5.62259026 12.55159143  9.80869164]
 [ 5.81737692  6.52562522  7.23466719 14.86640549  9.58741395  7.83422268
   6.68744771 11.50591695  7.44385123  8.09516803]
 [ 8.66000461  5.58143226  7.90215098  9.02365887  9.42820741  7.09791433
   5.70527665  8.88540799  6.561998   10.2397895 ]
 [ 8.12235072  6.20064075  7.69998277 12.1881786  13.96095601  5.3722876
  14.20200319  5.38760823 10.48658517  9.72059246]
 [13.45309261 14.6139045   5.7349709  13.47123384 10.86132668  5.25159737
   5.82378594  6.22729116 14.89705445  7.67920013]
 [ 6.21441547 13.37872725  6.54090788  5.67252952  7.44828357  5.24783772
  10.30396075  5.13205736  8.46635135  9.46399858]
 [ 7.52453931  6.99183416  8.24026652  6.98118107 12.85611836  5.06319939
  11.44823232 11.44708475 13.32790735  8.80990278]]