-------Running parameters--------
T = 0.001
temperature_gradient = 0.0
gap = 0
M = 10
N = 10
VR = 0.0
Vmin = 0.0
Vmax = 1.1
vStep = 0.001
vSym = True
repeats = 20
fileName = array_10_10_disorder_c_std_0.5_r_std_5_run_1
dist = exp
fullOutput = True
use_graph = False
current_map = True
plot_current_map = False
plot_binary_current_map = False
frame_norm = False
dbg = False
resume = False
sc = False
leaping = False
constQ = False
modifyR = False
double_time = False
double_loop = False
output_folder = bgu_2d_finite_temperature_different_disorders
params_path = 
VG_avg = 0.0
VG_std = 0.0
C_avg = 2.0
C_std = 0.5
CG_avg = 10.0
CG_std = 0.0
R_avg = 10.0
R_std = 5.0
custom_rh = ""
custom_rv = ""
custom_ch = ""
custom_cv = ""
RG_avg = 500.0
RG_std = 0.0
n0_avg = 0.0
n0_std = 0.0
Q0_avg = 0.0
Q0_std = 0.0
----Array Parameters-----
Rows: 10
Columns: 10
VG: [[0.]
 [0.]
 [0.]
 [0.]
 [0.]
 [0.]
 [0.]
 [0.]
 [0.]
 [0.]
 [0.]
 [0.]
 [0.]
 [0.]
 [0.]
 [0.]
 [0.]
 [0.]
 [0.]
 [0.]
 [0.]
 [0.]
 [0.]
 [0.]
 [0.]
 [0.]
 [0.]
 [0.]
 [0.]
 [0.]
 [0.]
 [0.]
 [0.]
 [0.]
 [0.]
 [0.]
 [0.]
 [0.]
 [0.]
 [0.]
 [0.]
 [0.]
 [0.]
 [0.]
 [0.]
 [0.]
 [0.]
 [0.]
 [0.]
 [0.]
 [0.]
 [0.]
 [0.]
 [0.]
 [0.]
 [0.]
 [0.]
 [0.]
 [0.]
 [0.]
 [0.]
 [0.]
 [0.]
 [0.]
 [0.]
 [0.]
 [0.]
 [0.]
 [0.]
 [0.]
 [0.]
 [0.]
 [0.]
 [0.]
 [0.]
 [0.]
 [0.]
 [0.]
 [0.]
 [0.]
 [0.]
 [0.]
 [0.]
 [0.]
 [0.]
 [0.]
 [0.]
 [0.]
 [0.]
 [0.]
 [0.]
 [0.]
 [0.]
 [0.]
 [0.]
 [0.]
 [0.]
 [0.]
 [0.]
 [0.]]
CG: [[10.]
 [10.]
 [10.]
 [10.]
 [10.]
 [10.]
 [10.]
 [10.]
 [10.]
 [10.]
 [10.]
 [10.]
 [10.]
 [10.]
 [10.]
 [10.]
 [10.]
 [10.]
 [10.]
 [10.]
 [10.]
 [10.]
 [10.]
 [10.]
 [10.]
 [10.]
 [10.]
 [10.]
 [10.]
 [10.]
 [10.]
 [10.]
 [10.]
 [10.]
 [10.]
 [10.]
 [10.]
 [10.]
 [10.]
 [10.]
 [10.]
 [10.]
 [10.]
 [10.]
 [10.]
 [10.]
 [10.]
 [10.]
 [10.]
 [10.]
 [10.]
 [10.]
 [10.]
 [10.]
 [10.]
 [10.]
 [10.]
 [10.]
 [10.]
 [10.]
 [10.]
 [10.]
 [10.]
 [10.]
 [10.]
 [10.]
 [10.]
 [10.]
 [10.]
 [10.]
 [10.]
 [10.]
 [10.]
 [10.]
 [10.]
 [10.]
 [10.]
 [10.]
 [10.]
 [10.]
 [10.]
 [10.]
 [10.]
 [10.]
 [10.]
 [10.]
 [10.]
 [10.]
 [10.]
 [10.]
 [10.]
 [10.]
 [10.]
 [10.]
 [10.]
 [10.]
 [10.]
 [10.]
 [10.]
 [10.]]
RG: [[500.]
 [500.]
 [500.]
 [500.]
 [500.]
 [500.]
 [500.]
 [500.]
 [500.]
 [500.]
 [500.]
 [500.]
 [500.]
 [500.]
 [500.]
 [500.]
 [500.]
 [500.]
 [500.]
 [500.]
 [500.]
 [500.]
 [500.]
 [500.]
 [500.]
 [500.]
 [500.]
 [500.]
 [500.]
 [500.]
 [500.]
 [500.]
 [500.]
 [500.]
 [500.]
 [500.]
 [500.]
 [500.]
 [500.]
 [500.]
 [500.]
 [500.]
 [500.]
 [500.]
 [500.]
 [500.]
 [500.]
 [500.]
 [500.]
 [500.]
 [500.]
 [500.]
 [500.]
 [500.]
 [500.]
 [500.]
 [500.]
 [500.]
 [500.]
 [500.]
 [500.]
 [500.]
 [500.]
 [500.]
 [500.]
 [500.]
 [500.]
 [500.]
 [500.]
 [500.]
 [500.]
 [500.]
 [500.]
 [500.]
 [500.]
 [500.]
 [500.]
 [500.]
 [500.]
 [500.]
 [500.]
 [500.]
 [500.]
 [500.]
 [500.]
 [500.]
 [500.]
 [500.]
 [500.]
 [500.]
 [500.]
 [500.]
 [500.]
 [500.]
 [500.]
 [500.]
 [500.]
 [500.]
 [500.]
 [500.]]
Ch: [[2.0900286  2.16461678 1.61190752 2.35934927 1.83257018 2.44663788
  1.82937954 1.53739127 1.79834493 1.78732531 1.50494868]
 [1.87970506 2.38172078 1.52012322 1.96164181 1.95140002 1.91553846
  2.21821748 2.0386446  1.53433618 2.46353443 1.72673781]
 [1.59389626 2.23175497 1.9044301  2.07740356 1.69344244 2.09106394
  2.00268199 1.62133935 1.69691202 2.43987972 2.02258188]
 [1.74080938 1.72011808 1.62739215 1.58226753 2.43116339 1.58079561
  1.73748845 1.59928289 1.79895612 1.8738579  1.55648404]
 [2.38353778 1.64178297 2.0204642  2.39037639 2.35134012 1.75463604
  1.59893116 2.09722041 1.60984557 1.83668045 1.51100893]
 [2.09915427 1.69907224 1.58876219 1.96099382 2.39694412 2.23246287
  1.57121734 1.78134908 2.30851693 2.17680023 1.9539774 ]
 [2.12542297 1.82685429 2.03928489 2.41471712 2.49506818 1.78785614
  2.39316597 1.98440632 2.44577813 1.82866357 1.98227774]
 [2.02871458 1.56210299 2.35264941 1.92624907 1.53093    2.39911988
  1.86041846 2.34724176 1.90288143 2.25074669 1.99215287]
 [2.20771025 1.6630007  2.46884881 1.6472611  1.98032817 2.33979377
  1.72605392 1.74001104 2.07486709 1.98857548 2.44084853]
 [1.50969276 1.94151212 1.88009952 1.71254559 2.48017038 1.91304853
  2.43994439 2.13209118 2.15554152 1.65140964 1.6601357 ]]
Cv: [[0.         0.         0.         0.         0.         0.
  0.         0.         0.         0.        ]
 [2.02559005 1.70482823 2.21789523 1.63552307 1.82823721 2.3864959
  1.89541337 1.50087979 2.407805   1.76536818]
 [2.15789911 2.38980819 2.20412956 1.67342946 2.39994366 2.11316054
  1.99101824 2.34120337 1.77763281 1.99381805]
 [1.79296701 1.68219141 1.62520043 2.44716745 2.05620961 2.27161564
  1.87797055 1.58708034 1.87498713 2.24404263]
 [2.48459346 2.2172257  2.40817767 1.92265119 2.45809427 1.92482496
  2.45659884 1.85878723 1.99937696 2.37587206]
 [1.91516658 1.554523   2.1728427  1.79832018 2.37581369 1.57818032
  2.46046141 1.80047137 1.57591629 1.89252494]
 [1.89285965 1.53907927 1.75767699 1.5283821  2.16605068 2.19819024
  2.07727372 1.95204467 1.62290305 1.86856284]
 [2.33397635 1.86864447 1.60704199 1.734372   1.99259995 1.68087138
  1.55985602 1.85407729 1.71953034 2.27636982]
 [2.10677612 2.33368173 2.08001188 1.61883735 1.80574503 2.42223266
  2.21856298 1.91949721 2.31522832 1.81933604]
 [1.99803515 1.66229173 1.94398326 1.85440211 1.51076168 1.58828009
  1.96624947 1.62433209 2.29398915 1.51240015]]
Rh: [[12.94927528  8.16792587 10.91154951 11.32868534  7.339687   13.24357167
   7.91407599  6.47914023  5.00565714 12.87950374  5.50426399]
 [14.40951451 12.81808379  6.04728556  9.19252052  8.62650785 12.74969928
   8.23939589 12.05158285  5.67320585 13.95695323 11.69544088]
 [ 5.68277527 12.8490354  14.32692381  9.08817839 14.16954666  7.04008508
   6.55573654  6.49455132 10.96149904 13.26070127  8.73256396]
 [ 7.0709958   9.17716185  9.29190835  5.39280558 10.93062483  6.14528169
  11.76685817  8.34620971  6.25718981  6.47148089 14.03568035]
 [ 5.1609842   6.85964893  8.02000551  5.20622075  7.56484705  9.60326426
   8.24696138  7.42571002  9.92981712 10.24948334  9.94413621]
 [ 7.0148171   6.36755774 10.64233123  7.68841309  7.45751171  6.81464745
  10.99950148  5.89180734  5.73774761  7.6131946  13.13917825]
 [ 7.9840399   9.73208428  9.59365056  9.07573577 12.30418025  5.85778725
   5.84770251 10.75081063  7.01388288 14.34934886 11.92933488]
 [13.09797201  5.99813555  6.90978802  5.91123176 13.43311278  7.66633533
   6.35798493 13.52948319  7.29621711  7.64513237 10.6647139 ]
 [10.21094152 11.87285641  5.30211236 12.69206272  5.6027464   8.97194413
  10.60072775  5.483086   11.67400566 11.72592284  7.45529189]
 [ 5.83117503 14.5377796  12.47879155  6.55958643  6.49953792 10.48882879
   7.89109977 12.22400915 10.24517857  7.16446067  7.72858205]]
Rv: [[10.58487552  6.9088109   5.70216006  5.53257286  8.41439027  5.25180185
   5.87493213 12.69648168  6.46366006  8.67826819]
 [11.37765808  8.1393252   9.76299788  6.15436442  5.41966744 11.33637276
  13.04146663  6.18235156  8.78924156  6.91294084]
 [ 7.40833131  9.13858273  7.36920093 10.14360169  5.24192043  5.88998825
  13.27050643 13.23252777  7.39317809  5.32824933]
 [ 5.70643255 13.06776187 11.32307875  7.72240287  7.42942617  7.02855754
   7.18815913 14.56652088  5.85677058 10.98336702]
 [ 9.16471184 10.6263607   9.43075535  8.89132687 10.39271413  7.47846911
   8.07374779  7.93314474  7.98855809  7.87831265]
 [11.03155387 10.58755079  5.93176427  5.36321056  9.4168457   7.81529966
  13.50547263  6.7984854  12.38201376  5.95362627]
 [13.26738349 11.14975967  6.36799251  5.45669115 14.78031732  6.49166263
   5.81653435 12.97843914 12.96839595  7.5763531 ]
 [ 6.55401635  6.86242961  8.78125627  8.39942361  7.31095227 12.63471171
   5.3658656   6.60131704 14.03112702  9.76238049]
 [11.12513111  5.82540104  7.03245558  7.87202537  7.67448575 10.0371526
  14.26341748  5.44946003  6.36992134  8.65298272]]