-------Running parameters--------
T = 0.001
temperature_gradient = 0.0
gap = 0
M = 10
N = 10
VR = 0.0
Vmin = 0.0
Vmax = 1.1
vStep = 0.001
vSym = True
repeats = 20
fileName = array_10_10_disorder_c_std_0_r_std_9_run_4
dist = exp
fullOutput = True
use_graph = False
current_map = True
plot_current_map = False
plot_binary_current_map = False
frame_norm = False
dbg = False
resume = False
sc = False
leaping = False
constQ = False
modifyR = False
double_time = False
double_loop = False
output_folder = bgu_2d_finite_temperature_different_disorders
params_path = 
VG_avg = 0.0
VG_std = 0.0
C_avg = 2.0
C_std = 0.0
CG_avg = 10.0
CG_std = 0.0
R_avg = 10.0
R_std = 9.0
custom_rh = ""
custom_rv = ""
custom_ch = ""
custom_cv = ""
RG_avg = 500.0
RG_std = 0.0
n0_avg = 0.0
n0_std = 0.0
Q0_avg = 0.0
Q0_std = 0.0
----Array Parameters-----
Rows: 10
Columns: 10
VG: [[0.]
 [0.]
 [0.]
 [0.]
 [0.]
 [0.]
 [0.]
 [0.]
 [0.]
 [0.]
 [0.]
 [0.]
 [0.]
 [0.]
 [0.]
 [0.]
 [0.]
 [0.]
 [0.]
 [0.]
 [0.]
 [0.]
 [0.]
 [0.]
 [0.]
 [0.]
 [0.]
 [0.]
 [0.]
 [0.]
 [0.]
 [0.]
 [0.]
 [0.]
 [0.]
 [0.]
 [0.]
 [0.]
 [0.]
 [0.]
 [0.]
 [0.]
 [0.]
 [0.]
 [0.]
 [0.]
 [0.]
 [0.]
 [0.]
 [0.]
 [0.]
 [0.]
 [0.]
 [0.]
 [0.]
 [0.]
 [0.]
 [0.]
 [0.]
 [0.]
 [0.]
 [0.]
 [0.]
 [0.]
 [0.]
 [0.]
 [0.]
 [0.]
 [0.]
 [0.]
 [0.]
 [0.]
 [0.]
 [0.]
 [0.]
 [0.]
 [0.]
 [0.]
 [0.]
 [0.]
 [0.]
 [0.]
 [0.]
 [0.]
 [0.]
 [0.]
 [0.]
 [0.]
 [0.]
 [0.]
 [0.]
 [0.]
 [0.]
 [0.]
 [0.]
 [0.]
 [0.]
 [0.]
 [0.]
 [0.]]
CG: [[10.]
 [10.]
 [10.]
 [10.]
 [10.]
 [10.]
 [10.]
 [10.]
 [10.]
 [10.]
 [10.]
 [10.]
 [10.]
 [10.]
 [10.]
 [10.]
 [10.]
 [10.]
 [10.]
 [10.]
 [10.]
 [10.]
 [10.]
 [10.]
 [10.]
 [10.]
 [10.]
 [10.]
 [10.]
 [10.]
 [10.]
 [10.]
 [10.]
 [10.]
 [10.]
 [10.]
 [10.]
 [10.]
 [10.]
 [10.]
 [10.]
 [10.]
 [10.]
 [10.]
 [10.]
 [10.]
 [10.]
 [10.]
 [10.]
 [10.]
 [10.]
 [10.]
 [10.]
 [10.]
 [10.]
 [10.]
 [10.]
 [10.]
 [10.]
 [10.]
 [10.]
 [10.]
 [10.]
 [10.]
 [10.]
 [10.]
 [10.]
 [10.]
 [10.]
 [10.]
 [10.]
 [10.]
 [10.]
 [10.]
 [10.]
 [10.]
 [10.]
 [10.]
 [10.]
 [10.]
 [10.]
 [10.]
 [10.]
 [10.]
 [10.]
 [10.]
 [10.]
 [10.]
 [10.]
 [10.]
 [10.]
 [10.]
 [10.]
 [10.]
 [10.]
 [10.]
 [10.]
 [10.]
 [10.]
 [10.]]
RG: [[500.]
 [500.]
 [500.]
 [500.]
 [500.]
 [500.]
 [500.]
 [500.]
 [500.]
 [500.]
 [500.]
 [500.]
 [500.]
 [500.]
 [500.]
 [500.]
 [500.]
 [500.]
 [500.]
 [500.]
 [500.]
 [500.]
 [500.]
 [500.]
 [500.]
 [500.]
 [500.]
 [500.]
 [500.]
 [500.]
 [500.]
 [500.]
 [500.]
 [500.]
 [500.]
 [500.]
 [500.]
 [500.]
 [500.]
 [500.]
 [500.]
 [500.]
 [500.]
 [500.]
 [500.]
 [500.]
 [500.]
 [500.]
 [500.]
 [500.]
 [500.]
 [500.]
 [500.]
 [500.]
 [500.]
 [500.]
 [500.]
 [500.]
 [500.]
 [500.]
 [500.]
 [500.]
 [500.]
 [500.]
 [500.]
 [500.]
 [500.]
 [500.]
 [500.]
 [500.]
 [500.]
 [500.]
 [500.]
 [500.]
 [500.]
 [500.]
 [500.]
 [500.]
 [500.]
 [500.]
 [500.]
 [500.]
 [500.]
 [500.]
 [500.]
 [500.]
 [500.]
 [500.]
 [500.]
 [500.]
 [500.]
 [500.]
 [500.]
 [500.]
 [500.]
 [500.]
 [500.]
 [500.]
 [500.]
 [500.]]
Ch: [[2. 2. 2. 2. 2. 2. 2. 2. 2. 2. 2.]
 [2. 2. 2. 2. 2. 2. 2. 2. 2. 2. 2.]
 [2. 2. 2. 2. 2. 2. 2. 2. 2. 2. 2.]
 [2. 2. 2. 2. 2. 2. 2. 2. 2. 2. 2.]
 [2. 2. 2. 2. 2. 2. 2. 2. 2. 2. 2.]
 [2. 2. 2. 2. 2. 2. 2. 2. 2. 2. 2.]
 [2. 2. 2. 2. 2. 2. 2. 2. 2. 2. 2.]
 [2. 2. 2. 2. 2. 2. 2. 2. 2. 2. 2.]
 [2. 2. 2. 2. 2. 2. 2. 2. 2. 2. 2.]
 [2. 2. 2. 2. 2. 2. 2. 2. 2. 2. 2.]]
Cv: [[0. 0. 0. 0. 0. 0. 0. 0. 0. 0.]
 [2. 2. 2. 2. 2. 2. 2. 2. 2. 2.]
 [2. 2. 2. 2. 2. 2. 2. 2. 2. 2.]
 [2. 2. 2. 2. 2. 2. 2. 2. 2. 2.]
 [2. 2. 2. 2. 2. 2. 2. 2. 2. 2.]
 [2. 2. 2. 2. 2. 2. 2. 2. 2. 2.]
 [2. 2. 2. 2. 2. 2. 2. 2. 2. 2.]
 [2. 2. 2. 2. 2. 2. 2. 2. 2. 2.]
 [2. 2. 2. 2. 2. 2. 2. 2. 2. 2.]
 [2. 2. 2. 2. 2. 2. 2. 2. 2. 2.]]
Rh: [[ 1.05453886 16.36082205  5.22714296 10.38353444  2.71273957  1.47708122
  18.1130126   1.18224483  2.48872717  7.98689488  2.13805403]
 [ 2.97684097  2.87717446  5.67811528  6.33646932  1.24660472  2.11811085
   9.80599431  2.21755898  3.08267634  1.89660006 14.62635681]
 [ 7.26392682  1.03349055 11.89331209  3.56610538  6.27844974  1.80083924
   8.21192639  3.25182651  2.53880085  8.43430169 11.32738483]
 [10.85956939 13.75976276  5.03834262  4.60821541  9.82316662  4.48023962
  12.07216903  2.02709536  1.6604196   1.30531806  6.44316246]
 [ 2.20910135 15.40565272  7.1250098   2.16303945  9.59328472 13.15070108
   6.03427069  7.20046264  5.29486152 17.7820398   1.34435279]
 [ 1.60612487 18.96280468 13.08003918  2.90553851 10.43385513  1.33623633
   8.44166309  2.19701769 13.87038559  2.14672778  4.91267865]
 [ 9.42804698  1.26337525 14.76657262  1.02079745 15.20304794  1.13262253
   4.32640844  1.41552426  3.04523277  2.27810834  5.8146655 ]
 [ 5.39336409 13.78886685  1.33193739 10.2420724   5.322463    1.27702272
   8.08251143  3.13330257  7.9847506   4.31327924  1.65975434]
 [ 1.22837667  1.55873344  4.26685763  6.3293805   1.82832684  1.91086517
   1.35617141  3.03720486 10.26964408  2.57174254 16.28102466]
 [11.85023903  2.76773889  2.67099828  1.65714463  6.5391237   2.35500625
   2.68023334  1.55474118  2.3103421   3.5274958   2.28097397]]
Rv: [[ 1.96528612  8.70759955  1.4459831   7.6600092  16.18835378  7.5603016
   1.41622184  1.51254262  1.10172785  2.7038963 ]
 [ 1.44437616  2.16152612  6.08822787  2.2195833   1.43749623  1.41098808
   1.84335312  2.65773872 10.52867309  1.18401444]
 [ 1.20994778  2.06093323  8.55962234  1.93107209 15.38172239 17.84385585
   4.78652008  7.88191762  4.85710468  1.38492991]
 [10.10248457  1.02427466  4.02560665  2.3506473   8.46051264 11.74898458
   1.17075301  5.60205172  6.78381913 16.41140558]
 [ 8.0010344   2.11947113  1.83922967  8.60379576  3.9022099  14.91594826
   3.14044755  1.6682993   7.17469148  3.48343116]
 [11.3422353   2.05595781  8.62417964  7.94996246 14.85253762 16.50232585
   2.71792525 14.73197058  3.76996489  1.21308624]
 [ 4.35452674  5.36647789 18.66155471  1.31880469  1.74086752  5.12913816
   1.30938597  1.48213773  1.47181131  7.11609646]
 [ 3.32925694  8.02102213 17.49107038 11.87061517  8.34374858  3.42151816
   1.78382566  4.08669604  1.6037118  13.38578127]
 [12.50007047  3.51905857 12.41272544  5.08967661  3.67128594  3.04383376
   2.32106085  1.06481037 15.29012435  7.04334527]]