-------Running parameters--------
T = 0.001
temperature_gradient = 0.0
gap = 0
M = 10
N = 10
VR = 0.0
Vmin = 0.0
Vmax = 1.1
vStep = 0.001
vSym = True
repeats = 20
fileName = array_10_10_disorder_c_std_1_r_std_5_run_4
dist = exp
fullOutput = True
use_graph = False
current_map = True
plot_current_map = False
plot_binary_current_map = False
frame_norm = False
dbg = False
resume = False
sc = False
leaping = False
constQ = False
modifyR = False
double_time = False
double_loop = False
output_folder = bgu_2d_finite_temperature_different_disorders
params_path = 
VG_avg = 0.0
VG_std = 0.0
C_avg = 2.0
C_std = 1.0
CG_avg = 10.0
CG_std = 0.0
R_avg = 10.0
R_std = 5.0
custom_rh = ""
custom_rv = ""
custom_ch = ""
custom_cv = ""
RG_avg = 500.0
RG_std = 0.0
n0_avg = 0.0
n0_std = 0.0
Q0_avg = 0.0
Q0_std = 0.0
----Array Parameters-----
Rows: 10
Columns: 10
VG: [[0.]
 [0.]
 [0.]
 [0.]
 [0.]
 [0.]
 [0.]
 [0.]
 [0.]
 [0.]
 [0.]
 [0.]
 [0.]
 [0.]
 [0.]
 [0.]
 [0.]
 [0.]
 [0.]
 [0.]
 [0.]
 [0.]
 [0.]
 [0.]
 [0.]
 [0.]
 [0.]
 [0.]
 [0.]
 [0.]
 [0.]
 [0.]
 [0.]
 [0.]
 [0.]
 [0.]
 [0.]
 [0.]
 [0.]
 [0.]
 [0.]
 [0.]
 [0.]
 [0.]
 [0.]
 [0.]
 [0.]
 [0.]
 [0.]
 [0.]
 [0.]
 [0.]
 [0.]
 [0.]
 [0.]
 [0.]
 [0.]
 [0.]
 [0.]
 [0.]
 [0.]
 [0.]
 [0.]
 [0.]
 [0.]
 [0.]
 [0.]
 [0.]
 [0.]
 [0.]
 [0.]
 [0.]
 [0.]
 [0.]
 [0.]
 [0.]
 [0.]
 [0.]
 [0.]
 [0.]
 [0.]
 [0.]
 [0.]
 [0.]
 [0.]
 [0.]
 [0.]
 [0.]
 [0.]
 [0.]
 [0.]
 [0.]
 [0.]
 [0.]
 [0.]
 [0.]
 [0.]
 [0.]
 [0.]
 [0.]]
CG: [[10.]
 [10.]
 [10.]
 [10.]
 [10.]
 [10.]
 [10.]
 [10.]
 [10.]
 [10.]
 [10.]
 [10.]
 [10.]
 [10.]
 [10.]
 [10.]
 [10.]
 [10.]
 [10.]
 [10.]
 [10.]
 [10.]
 [10.]
 [10.]
 [10.]
 [10.]
 [10.]
 [10.]
 [10.]
 [10.]
 [10.]
 [10.]
 [10.]
 [10.]
 [10.]
 [10.]
 [10.]
 [10.]
 [10.]
 [10.]
 [10.]
 [10.]
 [10.]
 [10.]
 [10.]
 [10.]
 [10.]
 [10.]
 [10.]
 [10.]
 [10.]
 [10.]
 [10.]
 [10.]
 [10.]
 [10.]
 [10.]
 [10.]
 [10.]
 [10.]
 [10.]
 [10.]
 [10.]
 [10.]
 [10.]
 [10.]
 [10.]
 [10.]
 [10.]
 [10.]
 [10.]
 [10.]
 [10.]
 [10.]
 [10.]
 [10.]
 [10.]
 [10.]
 [10.]
 [10.]
 [10.]
 [10.]
 [10.]
 [10.]
 [10.]
 [10.]
 [10.]
 [10.]
 [10.]
 [10.]
 [10.]
 [10.]
 [10.]
 [10.]
 [10.]
 [10.]
 [10.]
 [10.]
 [10.]
 [10.]]
RG: [[500.]
 [500.]
 [500.]
 [500.]
 [500.]
 [500.]
 [500.]
 [500.]
 [500.]
 [500.]
 [500.]
 [500.]
 [500.]
 [500.]
 [500.]
 [500.]
 [500.]
 [500.]
 [500.]
 [500.]
 [500.]
 [500.]
 [500.]
 [500.]
 [500.]
 [500.]
 [500.]
 [500.]
 [500.]
 [500.]
 [500.]
 [500.]
 [500.]
 [500.]
 [500.]
 [500.]
 [500.]
 [500.]
 [500.]
 [500.]
 [500.]
 [500.]
 [500.]
 [500.]
 [500.]
 [500.]
 [500.]
 [500.]
 [500.]
 [500.]
 [500.]
 [500.]
 [500.]
 [500.]
 [500.]
 [500.]
 [500.]
 [500.]
 [500.]
 [500.]
 [500.]
 [500.]
 [500.]
 [500.]
 [500.]
 [500.]
 [500.]
 [500.]
 [500.]
 [500.]
 [500.]
 [500.]
 [500.]
 [500.]
 [500.]
 [500.]
 [500.]
 [500.]
 [500.]
 [500.]
 [500.]
 [500.]
 [500.]
 [500.]
 [500.]
 [500.]
 [500.]
 [500.]
 [500.]
 [500.]
 [500.]
 [500.]
 [500.]
 [500.]
 [500.]
 [500.]
 [500.]
 [500.]
 [500.]
 [500.]]
Ch: [[1.48222281 1.2394239  2.57069415 1.17528545 1.0300882  2.55814576
  1.8462804  1.35433673 2.04957555 1.33455582 1.87567022]
 [1.07383733 1.95509798 1.56787591 1.26287049 2.84226612 1.03261756
  1.68591159 1.99078975 1.51320873 1.81913557 1.61809432]
 [1.56718709 1.47407939 2.24174343 2.64423794 1.14755952 2.67282902
  1.95656665 1.16357849 1.39777351 2.41792356 2.34299063]
 [1.42213461 2.23706123 2.03977889 1.14241937 1.62229383 1.73401657
  1.14280909 2.26540541 1.13416818 2.81451819 1.49022238]
 [2.08119486 1.06386516 1.80633947 2.79391758 2.17882027 1.56539707
  2.51187558 2.73811998 2.07156637 1.31804972 1.13564246]
 [1.39866215 1.93323588 1.77378158 2.07411643 1.60841457 1.73886684
  1.05712799 1.41999889 1.22592082 2.79047869 1.27807325]
 [1.03580257 2.08499061 1.18596404 1.19925117 2.51456193 1.87549903
  1.00615248 1.12080006 1.1160204  1.74407075 1.72573386]
 [2.25351211 1.29724727 1.14309208 1.80015604 1.87129114 2.20022655
  1.75085114 1.3810743  2.23017631 1.10391659 1.59986056]
 [2.39533506 2.10279457 1.22278259 1.13043891 2.35754231 2.05940235
  1.7336768  1.50677508 2.73486158 1.66463696 1.17318213]
 [2.12505535 2.42189931 2.11934445 2.96228403 2.44290075 1.12597207
  1.31468792 2.8488128  2.89247867 1.22003693 1.88311616]]
Cv: [[0.         0.         0.         0.         0.         0.
  0.         0.         0.         0.        ]
 [1.70139638 2.80187832 1.03935925 1.66284183 1.12914237 2.68991454
  2.61802455 1.1078009  1.07003955 1.85263387]
 [1.74825429 2.10339709 2.6604416  1.28509299 1.50930513 2.32205626
  2.96965974 2.10988014 1.0517966  1.81500721]
 [2.40531293 2.41904108 1.66446172 1.30873629 1.64026189 1.18693285
  1.44928007 1.37199532 1.55869682 1.51607239]
 [2.37689665 1.5724124  2.10257957 1.66318055 1.52620564 1.4205848
  1.53057715 1.53457956 1.86487573 1.10015152]
 [2.91913871 2.29131478 2.96242435 2.86917318 2.11383428 2.51831597
  1.11090735 2.38174561 1.51916342 2.73686877]
 [1.17378266 1.34878626 2.76328922 1.89414448 2.09382907 1.75950698
  1.93374545 1.65812451 1.3343823  1.02984156]
 [1.30038001 1.04762357 1.60994153 1.74476419 1.92440528 2.22412491
  1.13847326 2.42454581 1.08996883 2.29389766]
 [1.18389057 1.1937021  1.31561782 2.0652105  1.02184158 1.0988463
  2.7035264  2.32655229 2.22554209 2.94838142]
 [2.65953494 2.31430498 2.67047336 2.49821113 1.22829204 2.74678591
  1.85033505 1.33586487 2.54598919 2.3056589 ]]
Rh: [[11.60508662  9.53159622 14.10648406  7.12574502  7.2170402  12.94984094
   6.95676469  8.70465769 12.99130382 13.89870579  9.25084344]
 [ 8.62069554 10.66852508 11.80852492 11.98121842 13.39103634 10.15075317
  12.10708734  6.14289857 13.38086419 10.27761835  9.84748175]
 [14.75334645 10.45740083 10.44650798  7.18210276  8.31096378 12.67784379
   7.3960325   9.25339116 12.7430184   5.99442581  7.50793777]
 [14.12516127  5.58232612  6.27251228  8.79856419  8.21619108  8.93632533
   9.6131636   5.22490803  9.1784714   5.23313256 11.5193822 ]
 [ 8.80603019 12.68405506  9.77575859  5.09356177 11.42420747 10.05759817
   9.46863238  5.19127989  5.15161356  6.30227978 11.61809275]
 [12.150188    8.40140326 13.16336344 14.46356342 10.62722305 13.84241697
   6.24686264 12.04720294  8.19035519  6.513776    6.32079029]
 [12.92248549  9.20617913  8.83998691 10.72219504  5.73878205 12.95788162
   7.63004951  7.89986942  6.30038142 14.47345076  7.78407334]
 [11.96744119 12.35574987  7.92407039  5.53668051  5.14822558 12.60919153
   7.01720788  9.1624959   7.08581139  9.39968841 12.67729274]
 [14.48846565  6.70314224 10.15873842 14.7884868  13.6824938  14.08578884
  12.39832888  8.8932838   5.61202962  8.00996409  6.73355093]
 [ 8.13928041  5.57185106  7.46964561  7.8758203  14.33150442  6.17872275
  13.62321905 13.78642562  5.42783447  5.26523794 14.30903542]]
Rv: [[14.40945109  7.14040977 11.5256551   5.5656593  11.6371919   7.25859146
  11.38027521  7.79987599  7.32275833 14.09440803]
 [12.07091358  5.85466873 10.66967308 12.03543672 14.88354028  9.06375731
   8.57398164 12.66091083  5.8549832  13.45987951]
 [ 6.62971015  8.95205162 13.67171354  8.51361151 14.6868937   6.95244537
  13.45224115 14.37645295 12.54247361  6.43913668]
 [ 7.75258297  7.2380649  10.32026774  6.35930887  6.2909691  11.71467816
   6.09474316  5.99394985  6.20301737  9.0521905 ]
 [ 5.34329973  6.1206104   5.50255165  6.33910658  8.11702166 10.4306119
   9.96888787  8.83291008 11.10354299 13.10847108]
 [ 5.31827666 11.60880374 11.23225325 13.84379878  6.59883657  9.6045585
  12.05642028  9.4847016   6.69253473  9.71726422]
 [ 5.19888006  9.15136721 14.56370841  7.55073451  9.79198971 13.48539438
   6.78393886  5.79672521 10.79912878  9.17715304]
 [ 6.58571614  7.63575269  7.94973774 11.27757788  5.22500318  6.97832809
  14.79978958  5.59277669 11.72918849  9.12308247]
 [11.56353363 14.15115429  5.94736529  7.4659044   6.39999414  5.6491974
   6.25340528  5.86434398 10.19979735 10.11496168]]