-------Running parameters--------
T = 0.001
temperature_gradient = 0.0
gap = 0
M = 10
N = 10
VR = 0.0
Vmin = 0.0
Vmax = 1.1
vStep = 0.001
vSym = True
repeats = 20
fileName = array_10_10_disorder_c_std_0.1_r_std_9_run_4
dist = exp
fullOutput = True
use_graph = False
current_map = True
plot_current_map = False
plot_binary_current_map = False
frame_norm = False
dbg = False
resume = False
sc = False
leaping = False
constQ = False
modifyR = False
double_time = False
double_loop = False
output_folder = bgu_2d_finite_temperature_different_disorders
params_path = 
VG_avg = 0.0
VG_std = 0.0
C_avg = 2.0
C_std = 0.1
CG_avg = 10.0
CG_std = 0.0
R_avg = 10.0
R_std = 9.0
custom_rh = ""
custom_rv = ""
custom_ch = ""
custom_cv = ""
RG_avg = 500.0
RG_std = 0.0
n0_avg = 0.0
n0_std = 0.0
Q0_avg = 0.0
Q0_std = 0.0
----Array Parameters-----
Rows: 10
Columns: 10
VG: [[0.]
 [0.]
 [0.]
 [0.]
 [0.]
 [0.]
 [0.]
 [0.]
 [0.]
 [0.]
 [0.]
 [0.]
 [0.]
 [0.]
 [0.]
 [0.]
 [0.]
 [0.]
 [0.]
 [0.]
 [0.]
 [0.]
 [0.]
 [0.]
 [0.]
 [0.]
 [0.]
 [0.]
 [0.]
 [0.]
 [0.]
 [0.]
 [0.]
 [0.]
 [0.]
 [0.]
 [0.]
 [0.]
 [0.]
 [0.]
 [0.]
 [0.]
 [0.]
 [0.]
 [0.]
 [0.]
 [0.]
 [0.]
 [0.]
 [0.]
 [0.]
 [0.]
 [0.]
 [0.]
 [0.]
 [0.]
 [0.]
 [0.]
 [0.]
 [0.]
 [0.]
 [0.]
 [0.]
 [0.]
 [0.]
 [0.]
 [0.]
 [0.]
 [0.]
 [0.]
 [0.]
 [0.]
 [0.]
 [0.]
 [0.]
 [0.]
 [0.]
 [0.]
 [0.]
 [0.]
 [0.]
 [0.]
 [0.]
 [0.]
 [0.]
 [0.]
 [0.]
 [0.]
 [0.]
 [0.]
 [0.]
 [0.]
 [0.]
 [0.]
 [0.]
 [0.]
 [0.]
 [0.]
 [0.]
 [0.]]
CG: [[10.]
 [10.]
 [10.]
 [10.]
 [10.]
 [10.]
 [10.]
 [10.]
 [10.]
 [10.]
 [10.]
 [10.]
 [10.]
 [10.]
 [10.]
 [10.]
 [10.]
 [10.]
 [10.]
 [10.]
 [10.]
 [10.]
 [10.]
 [10.]
 [10.]
 [10.]
 [10.]
 [10.]
 [10.]
 [10.]
 [10.]
 [10.]
 [10.]
 [10.]
 [10.]
 [10.]
 [10.]
 [10.]
 [10.]
 [10.]
 [10.]
 [10.]
 [10.]
 [10.]
 [10.]
 [10.]
 [10.]
 [10.]
 [10.]
 [10.]
 [10.]
 [10.]
 [10.]
 [10.]
 [10.]
 [10.]
 [10.]
 [10.]
 [10.]
 [10.]
 [10.]
 [10.]
 [10.]
 [10.]
 [10.]
 [10.]
 [10.]
 [10.]
 [10.]
 [10.]
 [10.]
 [10.]
 [10.]
 [10.]
 [10.]
 [10.]
 [10.]
 [10.]
 [10.]
 [10.]
 [10.]
 [10.]
 [10.]
 [10.]
 [10.]
 [10.]
 [10.]
 [10.]
 [10.]
 [10.]
 [10.]
 [10.]
 [10.]
 [10.]
 [10.]
 [10.]
 [10.]
 [10.]
 [10.]
 [10.]]
RG: [[500.]
 [500.]
 [500.]
 [500.]
 [500.]
 [500.]
 [500.]
 [500.]
 [500.]
 [500.]
 [500.]
 [500.]
 [500.]
 [500.]
 [500.]
 [500.]
 [500.]
 [500.]
 [500.]
 [500.]
 [500.]
 [500.]
 [500.]
 [500.]
 [500.]
 [500.]
 [500.]
 [500.]
 [500.]
 [500.]
 [500.]
 [500.]
 [500.]
 [500.]
 [500.]
 [500.]
 [500.]
 [500.]
 [500.]
 [500.]
 [500.]
 [500.]
 [500.]
 [500.]
 [500.]
 [500.]
 [500.]
 [500.]
 [500.]
 [500.]
 [500.]
 [500.]
 [500.]
 [500.]
 [500.]
 [500.]
 [500.]
 [500.]
 [500.]
 [500.]
 [500.]
 [500.]
 [500.]
 [500.]
 [500.]
 [500.]
 [500.]
 [500.]
 [500.]
 [500.]
 [500.]
 [500.]
 [500.]
 [500.]
 [500.]
 [500.]
 [500.]
 [500.]
 [500.]
 [500.]
 [500.]
 [500.]
 [500.]
 [500.]
 [500.]
 [500.]
 [500.]
 [500.]
 [500.]
 [500.]
 [500.]
 [500.]
 [500.]
 [500.]
 [500.]
 [500.]
 [500.]
 [500.]
 [500.]
 [500.]]
Ch: [[2.00431014 2.00152015 1.97499956 2.08513864 2.03573432 2.00347039
  1.9605635  1.98434797 1.94681949 1.97231285 1.99401006]
 [1.93755259 2.00483195 1.99054643 1.99244934 1.97964881 2.04253375
  2.09727831 1.90569661 2.06663437 1.92772228 1.94608181]
 [1.94380818 1.97838861 1.98544633 1.98722005 1.97850232 1.98843188
  2.04930848 2.00762729 1.90697802 2.09152951 1.99558979]
 [2.03051995 2.00894191 2.08887417 1.96838037 2.06702936 1.9707905
  2.04319265 1.91667749 1.960084   2.02847332 2.02398628]
 [1.96531551 2.03302049 1.95890355 1.92728582 2.00618125 1.90951329
  1.95126438 1.97209117 2.03087566 1.93434226 2.03565448]
 [2.06763475 2.05634067 2.03354517 2.09341844 1.91244041 2.03328239
  1.94718585 1.99655686 2.0092126  1.95075001 2.09916984]
 [2.07285136 1.92572179 2.04809915 1.9552018  2.02442697 1.92288458
  1.97788603 2.00857499 1.9822061  2.02159827 2.05302521]
 [1.92360019 1.95643537 2.01223323 2.05172926 2.07506416 2.0962668
  1.98054303 2.02800798 1.92354823 1.93741663 2.01915403]
 [2.09524428 2.09043551 2.08093611 2.0662248  1.97977329 1.92131395
  2.00160732 1.93226315 2.06357526 1.95333738 1.94165303]
 [1.96294224 1.9043441  1.93442003 2.06608648 1.99744334 1.91230811
  1.93034161 1.96121687 2.08696611 2.01455475 2.03965535]]
Cv: [[0.         0.         0.         0.         0.         0.
  0.         0.         0.         0.        ]
 [1.90084073 1.90641685 2.04581931 2.08839534 1.97372723 2.04104361
  1.99714646 2.08900255 2.02598838 2.05309678]
 [2.04657288 1.94379878 1.97403176 1.97782755 2.02003621 2.05895072
  2.05693465 1.90136252 2.0788849  2.03953573]
 [1.95126007 2.03655012 1.93221756 1.91281879 1.9638061  2.01764254
  1.97633944 1.90353567 1.92798047 1.99461651]
 [1.93618029 1.95704223 1.91437541 2.03856141 1.92604354 1.9463549
  2.00120278 1.97218957 2.08238515 1.99374841]
 [2.0034989  2.01224148 2.01125938 2.08192272 2.01564862 1.92491082
  1.96545808 2.06155353 1.90504466 2.09093374]
 [1.98095144 1.98317839 2.01656992 1.95481623 1.90469662 2.09812255
  1.92333615 1.9263978  1.94191559 2.07312137]
 [2.01415238 1.92025413 1.96810189 2.07087156 2.01929488 1.92282375
  1.92566587 1.90885061 1.94172378 2.00974009]
 [1.92104171 2.00954551 2.02561383 2.04425616 2.08610991 1.9414203
  1.91190224 2.00961717 2.04167792 1.97587303]
 [1.9281633  2.03463313 2.02292923 2.09482043 2.0248177  2.09826556
  1.92971882 2.02574983 2.01617571 1.9186069 ]]
Rh: [[ 5.05650621  1.43572391  1.7561439   3.27136016  1.81667659  1.31483087
  16.40231245  3.63162256  9.90109499  2.44493976  1.06806201]
 [ 2.82620545  3.42994821  1.29638105  8.69970649  6.46001856  3.46533519
  15.96968426  2.50698673  8.84134716 14.86093655 12.85715362]
 [ 6.51128749  2.83580802  1.61388301  2.94419345  1.90614226  3.76178675
   2.00772209  3.76683662  2.35520628  3.84938109 15.81733926]
 [ 2.23260499  1.50724704  4.56549875  7.7590308   1.06177777  8.70953536
  18.41118892 12.00770664  2.1512097   1.20072573  6.79474826]
 [ 5.0499349   3.25744868  2.49478429  3.18924525  6.83902707 16.16361589
   3.35660125  1.69850228  4.53570378  1.2686077   2.23435701]
 [13.25500548  3.09099081 17.81970329  2.36978864  2.06721576  8.01367298
   1.17965425  3.21081526 11.64111196  1.72200564  1.77647291]
 [11.15997069 10.14837169  9.93615962 11.78991417  3.35189909  1.16499033
  14.73550336  8.5093594   1.79064944 12.08328054  1.14675868]
 [18.77089261  2.95086012  7.65157817  1.96639478  5.24150195  5.38002636
   2.83231559  4.11264202  1.72500355  1.25233858 16.22679947]
 [ 8.53275951 15.75692309  9.62120787  1.86398838  3.72007296  6.61346264
   1.03101705  4.219115    2.71388777 14.96213425  1.59396652]
 [17.93871928  5.96367212  1.3561746  11.2946586   9.39401132  1.21481097
   7.37183349  3.32464823 12.88420094 10.3657751   1.65389384]]
Rv: [[ 4.52581095  2.99148747  1.24568509  8.33569999  3.38807767  1.77327669
   3.44515489  1.21584449  2.86160953  6.06982535]
 [10.57717819  4.90962815  5.79050938  7.88321098 18.66163871  1.95093988
   2.07755551  1.34852495  2.41951853  1.05097666]
 [ 5.95089379  2.86629911  1.22647276  4.12777748  4.56347368 12.11308298
   9.60601309  7.00190776 10.63509346  2.81175451]
 [15.30733116 17.64604421  1.044816    2.8839872   5.25777525 13.01798829
  11.03329753 12.05335531 11.41119509  1.84525578]
 [11.69680487  5.25390105 15.39052874  1.35210651  8.53109798  3.50048382
   1.81392057  1.8524958   8.98338687  1.05644341]
 [ 1.76271661 18.70778875 18.82297275 16.09991943  1.08508661  1.9526281
   1.05384479  1.30600163  1.55150548  1.55572433]
 [ 3.41700641  4.99012153  5.16915818 11.1803531   7.91568536  8.50357939
   5.72188256  1.17816151  2.13720825  7.60941504]
 [14.50508487  1.79743893  1.39951639 16.75639058  1.25272594 18.0130956
   3.99053173  1.57330049 10.19791025  3.68398931]
 [ 6.34584047  2.93798568  3.82002374  8.87662561  8.00131487 14.54937882
  10.5110046  18.9305282  10.64304191  2.19256759]]