-------Running parameters--------
T = 0.001
temperature_gradient = 0.0
gap = 0
M = 10
N = 10
VR = 0.0
Vmin = 0.0
Vmax = 1.1
vStep = 0.001
vSym = True
repeats = 20
fileName = array_10_10_disorder_c_std_0.1_r_std_9_run_3
dist = exp
fullOutput = True
use_graph = False
current_map = True
plot_current_map = False
plot_binary_current_map = False
frame_norm = False
dbg = False
resume = False
sc = False
leaping = False
constQ = False
modifyR = False
double_time = False
double_loop = False
output_folder = bgu_2d_finite_temperature_different_disorders
params_path = 
VG_avg = 0.0
VG_std = 0.0
C_avg = 2.0
C_std = 0.1
CG_avg = 10.0
CG_std = 0.0
R_avg = 10.0
R_std = 9.0
custom_rh = ""
custom_rv = ""
custom_ch = ""
custom_cv = ""
RG_avg = 500.0
RG_std = 0.0
n0_avg = 0.0
n0_std = 0.0
Q0_avg = 0.0
Q0_std = 0.0
----Array Parameters-----
Rows: 10
Columns: 10
VG: [[0.]
 [0.]
 [0.]
 [0.]
 [0.]
 [0.]
 [0.]
 [0.]
 [0.]
 [0.]
 [0.]
 [0.]
 [0.]
 [0.]
 [0.]
 [0.]
 [0.]
 [0.]
 [0.]
 [0.]
 [0.]
 [0.]
 [0.]
 [0.]
 [0.]
 [0.]
 [0.]
 [0.]
 [0.]
 [0.]
 [0.]
 [0.]
 [0.]
 [0.]
 [0.]
 [0.]
 [0.]
 [0.]
 [0.]
 [0.]
 [0.]
 [0.]
 [0.]
 [0.]
 [0.]
 [0.]
 [0.]
 [0.]
 [0.]
 [0.]
 [0.]
 [0.]
 [0.]
 [0.]
 [0.]
 [0.]
 [0.]
 [0.]
 [0.]
 [0.]
 [0.]
 [0.]
 [0.]
 [0.]
 [0.]
 [0.]
 [0.]
 [0.]
 [0.]
 [0.]
 [0.]
 [0.]
 [0.]
 [0.]
 [0.]
 [0.]
 [0.]
 [0.]
 [0.]
 [0.]
 [0.]
 [0.]
 [0.]
 [0.]
 [0.]
 [0.]
 [0.]
 [0.]
 [0.]
 [0.]
 [0.]
 [0.]
 [0.]
 [0.]
 [0.]
 [0.]
 [0.]
 [0.]
 [0.]
 [0.]]
CG: [[10.]
 [10.]
 [10.]
 [10.]
 [10.]
 [10.]
 [10.]
 [10.]
 [10.]
 [10.]
 [10.]
 [10.]
 [10.]
 [10.]
 [10.]
 [10.]
 [10.]
 [10.]
 [10.]
 [10.]
 [10.]
 [10.]
 [10.]
 [10.]
 [10.]
 [10.]
 [10.]
 [10.]
 [10.]
 [10.]
 [10.]
 [10.]
 [10.]
 [10.]
 [10.]
 [10.]
 [10.]
 [10.]
 [10.]
 [10.]
 [10.]
 [10.]
 [10.]
 [10.]
 [10.]
 [10.]
 [10.]
 [10.]
 [10.]
 [10.]
 [10.]
 [10.]
 [10.]
 [10.]
 [10.]
 [10.]
 [10.]
 [10.]
 [10.]
 [10.]
 [10.]
 [10.]
 [10.]
 [10.]
 [10.]
 [10.]
 [10.]
 [10.]
 [10.]
 [10.]
 [10.]
 [10.]
 [10.]
 [10.]
 [10.]
 [10.]
 [10.]
 [10.]
 [10.]
 [10.]
 [10.]
 [10.]
 [10.]
 [10.]
 [10.]
 [10.]
 [10.]
 [10.]
 [10.]
 [10.]
 [10.]
 [10.]
 [10.]
 [10.]
 [10.]
 [10.]
 [10.]
 [10.]
 [10.]
 [10.]]
RG: [[500.]
 [500.]
 [500.]
 [500.]
 [500.]
 [500.]
 [500.]
 [500.]
 [500.]
 [500.]
 [500.]
 [500.]
 [500.]
 [500.]
 [500.]
 [500.]
 [500.]
 [500.]
 [500.]
 [500.]
 [500.]
 [500.]
 [500.]
 [500.]
 [500.]
 [500.]
 [500.]
 [500.]
 [500.]
 [500.]
 [500.]
 [500.]
 [500.]
 [500.]
 [500.]
 [500.]
 [500.]
 [500.]
 [500.]
 [500.]
 [500.]
 [500.]
 [500.]
 [500.]
 [500.]
 [500.]
 [500.]
 [500.]
 [500.]
 [500.]
 [500.]
 [500.]
 [500.]
 [500.]
 [500.]
 [500.]
 [500.]
 [500.]
 [500.]
 [500.]
 [500.]
 [500.]
 [500.]
 [500.]
 [500.]
 [500.]
 [500.]
 [500.]
 [500.]
 [500.]
 [500.]
 [500.]
 [500.]
 [500.]
 [500.]
 [500.]
 [500.]
 [500.]
 [500.]
 [500.]
 [500.]
 [500.]
 [500.]
 [500.]
 [500.]
 [500.]
 [500.]
 [500.]
 [500.]
 [500.]
 [500.]
 [500.]
 [500.]
 [500.]
 [500.]
 [500.]
 [500.]
 [500.]
 [500.]
 [500.]]
Ch: [[1.91322283 1.91363165 1.94847509 2.08348685 1.96244634 2.02649465
  2.02912293 1.90977868 1.90668487 1.96170854 2.01754602]
 [1.98265434 2.09798041 1.97191376 1.91014407 1.95263355 1.99424712
  2.03284421 1.97208658 1.90036304 1.99752214 1.98414211]
 [2.05010582 2.01934783 1.93417172 1.90215637 1.99003312 1.95547695
  1.91940467 2.05826124 2.0191095  2.00304171 1.91346793]
 [2.03384099 2.02348572 2.05216346 2.09659591 1.96176096 2.08534676
  2.03028287 1.90434073 1.92508347 1.99849089 2.00264897]
 [1.98885896 1.97851012 1.90672313 2.07279888 2.08000764 1.94181957
  2.08129461 1.92371538 1.98528507 1.90734886 2.03560569]
 [1.99173561 1.92003886 1.97559633 2.07572858 2.01959649 1.9297495
  2.0389685  2.05359815 2.00098822 2.0104885  1.90982675]
 [2.00749994 1.94667013 2.08747769 1.97464521 2.05682888 1.98377714
  2.0360953  1.96573263 1.90647686 2.01214041 2.00980513]
 [2.0823076  2.08909911 2.0781237  1.90006781 1.98222346 2.08472124
  2.09545256 1.91677427 2.02305402 2.02503233 2.03978846]
 [1.93938289 1.94162609 2.07920604 1.96965336 1.90579561 2.07708002
  2.04880838 2.01899687 1.9182171  1.90976965 1.90086805]
 [2.03120254 1.9358921  2.09501493 1.96349586 1.92996196 2.07755164
  1.9934016  2.03825999 1.92696416 2.00740777 2.06017207]]
Cv: [[0.         0.         0.         0.         0.         0.
  0.         0.         0.         0.        ]
 [2.00056494 1.95365406 2.07019584 2.09472811 2.09598047 2.06879944
  2.09155565 1.92857382 2.06031755 1.9411293 ]
 [2.01760823 1.92578014 2.08492112 1.92567793 2.01312153 1.97420948
  1.90780075 1.97935704 1.99646414 1.93491773]
 [1.96274688 2.03308822 2.04720751 1.91504148 2.02625977 2.0568101
  2.02782897 2.05700921 2.03102059 1.98625649]
 [2.05918481 1.95899082 1.90536415 2.09639294 2.04681384 1.92912171
  2.08469975 2.07949238 2.03194228 1.96200062]
 [2.00288619 2.07419459 2.00219344 1.98756992 1.998644   1.92899883
  1.97427752 2.09116173 2.03011551 2.05461559]
 [2.02409011 1.93593987 1.94881067 1.97756255 2.00542253 1.9008169
  1.94441213 2.0860111  2.03328336 2.08993683]
 [2.06756025 1.98365061 2.05200362 1.92104256 1.94358872 2.01683136
  2.07243902 2.0797313  1.99034229 1.93306902]
 [2.00126323 1.93146387 1.94331736 1.90376997 1.92353976 2.06622084
  1.9916183  2.04087273 2.01168532 2.00882001]
 [1.9597958  1.98359932 1.95618729 1.9685956  1.91171552 2.05332825
  1.96034617 2.03107105 1.96340325 2.0951815 ]]
Rh: [[ 2.45422464 10.58372538 10.00612168  3.95139785 16.82875365  5.42822303
   2.49911781  1.92308659  1.06578167 14.80385496 16.61285865]
 [ 6.80347127  1.03940367  1.33910667 17.80266359  4.51796527  4.60157981
   2.92504388  2.31136886 12.13408309  7.95238893  1.45421973]
 [ 2.06824878 14.59376574  5.39813733  3.34995979  5.03158678 10.43683561
   1.68238394  6.11657448 13.55846034 11.20476566  2.08792816]
 [ 7.39606888  7.00124058 14.00645594  1.54350403  6.52264717  1.04340093
   4.93077999 13.87662158  2.44993313  4.49264511  1.12356184]
 [ 5.01740424 10.4997298   4.01262748 18.73042397  8.25487283 11.67365937
   4.06750445  5.76996721  1.51570619  2.3565988   7.46211344]
 [ 2.41603374  1.58204206 10.93472148  3.31904353 18.47597831 12.62497494
   9.81449757  6.98507035  2.02076663 14.11235446  1.74402556]
 [ 5.11716927  1.34852634  1.08460321  1.17097226  6.48799061  1.32496869
   1.32900016  4.52320226  1.43003921  2.5829269   2.14325882]
 [ 1.19826293  7.67129933  7.86195764  1.68531481  1.2731515   1.58816553
  14.52516117  2.97288834  3.17966576 16.60761817  5.60665106]
 [ 8.74685085 13.20460603  4.71585853  5.90249407  2.57079738  3.32401986
   6.62713722  8.88814027 16.88157389  2.99375952 13.95986498]
 [ 9.29107539 13.47349721  3.76295884  6.01740295  5.18544045 18.07573624
   2.80891144 10.9607731   1.22176607  2.64580232  8.929257  ]]
Rv: [[ 1.44683198  2.75706097  2.46523849  1.59141347  7.17649264 10.66067688
  11.14698744  1.28190308  8.76756302  4.64779388]
 [12.35700645  1.49225346  2.72748574 15.2332277  18.31557248  2.64901215
   7.70362301  1.2492038   7.235973    9.67634522]
 [ 3.62633917  3.97603565  3.46612983 15.3185406   2.20187601  1.31810767
   4.28462647  6.12537936  7.74946693  1.08250275]
 [ 3.72542899  3.54730305  2.29676562 17.76651596  1.7085927   2.68748704
   2.74661483  2.79332754 10.56457218  1.19137375]
 [ 1.90774041  2.22081946 10.40813387  2.25237446  3.88334913 16.77011561
   3.38801971 18.5035508   4.08037893  5.75880214]
 [ 6.83154442  9.66549076 12.81358821  1.6915443   3.0341288   1.33089991
   3.59380944  6.43752796  5.42688345  9.88307056]
 [14.55940756  1.3881102   1.60739998  2.14730712  3.42036776  5.65075789
   4.46221559  5.11051407 16.25305282  3.22016327]
 [ 5.17567995 18.59437554  4.58289434 16.61500898  5.0593433  16.72989407
   9.43838382  4.58254958 17.53996464 11.37983045]
 [ 8.98373705  3.89045549  9.55656668  3.91499151 16.35060116  3.3107278
   9.68137502  5.25709691 16.69356173  5.68750935]]