-------Running parameters--------
T = 0.001
temperature_gradient = 0.0
gap = 0
M = 10
N = 10
VR = 0.0
Vmin = 0.0
Vmax = 1.1
vStep = 0.001
vSym = True
repeats = 20
fileName = array_10_10_disorder_c_std_1_r_std_9_run_4
dist = exp
fullOutput = True
use_graph = False
current_map = True
plot_current_map = False
plot_binary_current_map = False
frame_norm = False
dbg = False
resume = False
sc = False
leaping = False
constQ = False
modifyR = False
double_time = False
double_loop = False
output_folder = bgu_2d_finite_temperature_different_disorders
params_path = 
VG_avg = 0.0
VG_std = 0.0
C_avg = 2.0
C_std = 1.0
CG_avg = 10.0
CG_std = 0.0
R_avg = 10.0
R_std = 9.0
custom_rh = ""
custom_rv = ""
custom_ch = ""
custom_cv = ""
RG_avg = 500.0
RG_std = 0.0
n0_avg = 0.0
n0_std = 0.0
Q0_avg = 0.0
Q0_std = 0.0
----Array Parameters-----
Rows: 10
Columns: 10
VG: [[0.]
 [0.]
 [0.]
 [0.]
 [0.]
 [0.]
 [0.]
 [0.]
 [0.]
 [0.]
 [0.]
 [0.]
 [0.]
 [0.]
 [0.]
 [0.]
 [0.]
 [0.]
 [0.]
 [0.]
 [0.]
 [0.]
 [0.]
 [0.]
 [0.]
 [0.]
 [0.]
 [0.]
 [0.]
 [0.]
 [0.]
 [0.]
 [0.]
 [0.]
 [0.]
 [0.]
 [0.]
 [0.]
 [0.]
 [0.]
 [0.]
 [0.]
 [0.]
 [0.]
 [0.]
 [0.]
 [0.]
 [0.]
 [0.]
 [0.]
 [0.]
 [0.]
 [0.]
 [0.]
 [0.]
 [0.]
 [0.]
 [0.]
 [0.]
 [0.]
 [0.]
 [0.]
 [0.]
 [0.]
 [0.]
 [0.]
 [0.]
 [0.]
 [0.]
 [0.]
 [0.]
 [0.]
 [0.]
 [0.]
 [0.]
 [0.]
 [0.]
 [0.]
 [0.]
 [0.]
 [0.]
 [0.]
 [0.]
 [0.]
 [0.]
 [0.]
 [0.]
 [0.]
 [0.]
 [0.]
 [0.]
 [0.]
 [0.]
 [0.]
 [0.]
 [0.]
 [0.]
 [0.]
 [0.]
 [0.]]
CG: [[10.]
 [10.]
 [10.]
 [10.]
 [10.]
 [10.]
 [10.]
 [10.]
 [10.]
 [10.]
 [10.]
 [10.]
 [10.]
 [10.]
 [10.]
 [10.]
 [10.]
 [10.]
 [10.]
 [10.]
 [10.]
 [10.]
 [10.]
 [10.]
 [10.]
 [10.]
 [10.]
 [10.]
 [10.]
 [10.]
 [10.]
 [10.]
 [10.]
 [10.]
 [10.]
 [10.]
 [10.]
 [10.]
 [10.]
 [10.]
 [10.]
 [10.]
 [10.]
 [10.]
 [10.]
 [10.]
 [10.]
 [10.]
 [10.]
 [10.]
 [10.]
 [10.]
 [10.]
 [10.]
 [10.]
 [10.]
 [10.]
 [10.]
 [10.]
 [10.]
 [10.]
 [10.]
 [10.]
 [10.]
 [10.]
 [10.]
 [10.]
 [10.]
 [10.]
 [10.]
 [10.]
 [10.]
 [10.]
 [10.]
 [10.]
 [10.]
 [10.]
 [10.]
 [10.]
 [10.]
 [10.]
 [10.]
 [10.]
 [10.]
 [10.]
 [10.]
 [10.]
 [10.]
 [10.]
 [10.]
 [10.]
 [10.]
 [10.]
 [10.]
 [10.]
 [10.]
 [10.]
 [10.]
 [10.]
 [10.]]
RG: [[500.]
 [500.]
 [500.]
 [500.]
 [500.]
 [500.]
 [500.]
 [500.]
 [500.]
 [500.]
 [500.]
 [500.]
 [500.]
 [500.]
 [500.]
 [500.]
 [500.]
 [500.]
 [500.]
 [500.]
 [500.]
 [500.]
 [500.]
 [500.]
 [500.]
 [500.]
 [500.]
 [500.]
 [500.]
 [500.]
 [500.]
 [500.]
 [500.]
 [500.]
 [500.]
 [500.]
 [500.]
 [500.]
 [500.]
 [500.]
 [500.]
 [500.]
 [500.]
 [500.]
 [500.]
 [500.]
 [500.]
 [500.]
 [500.]
 [500.]
 [500.]
 [500.]
 [500.]
 [500.]
 [500.]
 [500.]
 [500.]
 [500.]
 [500.]
 [500.]
 [500.]
 [500.]
 [500.]
 [500.]
 [500.]
 [500.]
 [500.]
 [500.]
 [500.]
 [500.]
 [500.]
 [500.]
 [500.]
 [500.]
 [500.]
 [500.]
 [500.]
 [500.]
 [500.]
 [500.]
 [500.]
 [500.]
 [500.]
 [500.]
 [500.]
 [500.]
 [500.]
 [500.]
 [500.]
 [500.]
 [500.]
 [500.]
 [500.]
 [500.]
 [500.]
 [500.]
 [500.]
 [500.]
 [500.]
 [500.]]
Ch: [[1.68575336 1.4053174  2.29642302 2.16438266 1.94850167 2.03165646
  1.29641756 2.94731439 1.54061269 2.71646753 1.63847049]
 [1.35448101 1.46839629 2.99989706 2.45579243 2.35594734 2.08558688
  1.53006786 1.34896364 1.05695009 2.00186146 1.22609984]
 [2.63335464 1.02202915 2.80934364 1.06491474 2.83795051 2.8765291
  1.57427185 1.56128351 1.62475882 2.08290016 1.20807018]
 [1.38474386 2.58014699 1.17595429 1.65807952 2.13047684 2.69465512
  1.53912465 2.00768409 2.54281446 1.626068   1.42251349]
 [2.59004782 1.18101802 2.39330244 1.40208953 1.26039089 2.01459174
  1.77684758 2.73424166 2.01465185 2.99623902 1.12791633]
 [2.45038249 1.35097839 2.90522458 1.33622423 2.17987015 1.31869124
  1.54504985 1.5116247  1.06775724 1.62030919 2.20717747]
 [2.49272036 1.08098781 2.46772025 2.87646367 1.53190551 1.27006215
  1.34328628 2.68700968 1.57719532 1.50481053 1.36377317]
 [2.82583885 1.4099832  1.95217695 1.20493541 2.26068724 1.28502064
  2.4568566  2.2775052  1.7588524  1.63524371 1.21158977]
 [1.19836032 1.53958916 1.71212438 1.56916822 1.55612756 2.47936975
  1.44346918 1.02817052 2.38212077 1.20111423 2.28595941]
 [1.07398581 1.87976875 1.92828523 1.99042418 1.59478385 1.00796081
  1.93844501 2.20429759 1.74293019 1.20550679 2.65925956]]
Cv: [[0.         0.         0.         0.         0.         0.
  0.         0.         0.         0.        ]
 [1.15641128 1.81168333 2.53585133 2.7402888  1.49218519 1.57045691
  2.52707014 1.31002491 1.19811714 1.20309872]
 [1.05714906 1.44709278 1.40010472 2.54832315 1.10882769 1.22541882
  1.85111225 1.44522009 2.98092227 1.63697864]
 [1.10141191 1.5598085  2.92295334 2.2898301  1.09434574 1.00990667
  2.51182805 1.54245748 1.22400134 2.5782397 ]
 [1.83975185 2.42641108 1.23980947 2.19390016 1.10283666 1.76338384
  1.25534491 1.82261621 1.86275556 2.35850223]
 [1.40374344 1.23139626 1.52909293 2.43488291 1.05232208 2.15354351
  2.9158527  1.59318068 2.53379108 1.79607643]
 [1.65352473 1.43364893 1.52831243 1.9619522  2.43647769 1.51816524
  2.01501604 2.43566023 1.22497115 1.00906556]
 [2.67342542 1.37191064 1.43956544 1.38144501 2.73811366 1.31800999
  1.02683857 2.97867157 1.65859198 1.57699686]
 [1.60236868 1.26503769 2.50941373 1.88470605 1.19525821 2.13435354
  1.43190374 1.04402348 1.36229001 1.06114721]
 [1.39623925 1.06688496 2.23340702 1.29241298 1.22200609 1.4898145
  2.45522586 2.51763498 2.00551281 1.56833008]]
Rh: [[16.78935073  1.60951749  1.69175106 18.6621245  10.68105822  5.70550316
   3.58716635  7.84644682 18.754686   11.72061158  3.04219716]
 [ 8.43796807 10.28396223  4.09222283 14.74970681 10.02362718  2.44809449
   1.00556466  3.33256423  4.39581099 16.7347927  10.37929958]
 [12.23641769  1.64975646 17.68922312  3.20933938  9.12033306 16.31799637
  16.24830383  7.51988344  1.54396101  1.25769545  8.62880168]
 [18.63898316  2.2220124   7.16602202  6.96574072 17.22704048  5.16642769
  18.80652905  2.67075092  1.38554462  1.16187503  1.31621992]
 [12.92729973  2.37018794 11.69670033  3.20997519 10.81063391  2.55321692
  15.70856232  3.98948184  1.22544419  6.06019658 10.66215534]
 [ 1.97806076  1.87994024 10.79510178  6.04537217  1.90071944  3.0654992
   3.3136013   2.23554948 10.62669785  3.97851326 11.05660988]
 [ 3.49994674  1.94132993 15.7793596   2.33402749  8.69531698  1.0352748
   1.77838484  3.47672116  4.21502469  2.25975224  4.35399424]
 [14.04172421  6.04787871  5.05502399 14.34403927  1.32293373 17.63629848
  13.81182282  9.50778     4.58313261  3.62258655  1.89680107]
 [ 9.79177009  2.17536256  5.45293455 18.0192468   1.41659939 13.35018368
   6.3924142   1.85404893  2.47826989  7.90365262  4.19357537]
 [ 3.14676748  1.97224798  1.35524969  5.62542309  7.02417733  6.68031126
   9.73179035 13.8070907  11.28561528  1.60823937 11.32772817]]
Rv: [[ 6.67342892  1.11340852 10.59290961 12.16376273  1.12759693 17.01185254
  12.20370571  4.16069224 11.51551107  1.2689083 ]
 [11.06906164  6.552481    7.24504541 12.4027621   2.81944543  7.37853193
  15.22340332  7.99152294  4.55239448  8.61836136]
 [ 1.1965865   1.54451334  2.53136614  4.6337906   5.82489949 18.94838042
  14.91458205 15.32775622 18.0615497   5.64497988]
 [ 1.79915867 10.33032923  3.13662777  1.60210622 17.52906386  9.12903985
   4.02833908  5.89941764  1.65913479 18.88686191]
 [ 1.83465882  1.28928965  4.77463091  2.68221439 14.27561914 16.78933319
   1.10230868  5.1853691   1.26210229  3.64050471]
 [ 9.07550316  3.2953312  17.940987    8.05380942  7.74534979  1.61225727
   1.03268815  2.29289101  2.56333998  4.84395519]
 [17.17162208  2.60322683 12.57219083  9.00437783  1.05816604  3.70499246
   4.98210226  3.29988913  6.98223279  3.76098882]
 [ 3.86534515  4.29880158  3.75227025  3.80891728  9.28226067 14.61636517
   4.84857692  4.34409416  4.21303413  1.46843945]
 [13.96731839  3.77496837  7.72295719  3.49141994  3.39955036  5.65860442
   3.55825238  2.60499351  8.57404211  7.98261826]]