-------Running parameters--------
T = 0.001
temperature_gradient = 0.0
gap = 0
M = 10
N = 10
VR = 0.0
Vmin = 0.0
Vmax = 1.1
vStep = 0.001
vSym = True
repeats = 20
fileName = array_10_10_disorder_c_std_0_r_std_1_run_5
dist = exp
fullOutput = True
use_graph = False
current_map = True
plot_current_map = False
plot_binary_current_map = False
frame_norm = False
dbg = False
resume = False
sc = False
leaping = False
constQ = False
modifyR = False
double_time = False
double_loop = False
output_folder = bgu_2d_finite_temperature_different_disorders
params_path = 
VG_avg = 0.0
VG_std = 0.0
C_avg = 2.0
C_std = 0.0
CG_avg = 10.0
CG_std = 0.0
R_avg = 10.0
R_std = 1.0
custom_rh = ""
custom_rv = ""
custom_ch = ""
custom_cv = ""
RG_avg = 500.0
RG_std = 0.0
n0_avg = 0.0
n0_std = 0.0
Q0_avg = 0.0
Q0_std = 0.0
----Array Parameters-----
Rows: 10
Columns: 10
VG: [[0.]
 [0.]
 [0.]
 [0.]
 [0.]
 [0.]
 [0.]
 [0.]
 [0.]
 [0.]
 [0.]
 [0.]
 [0.]
 [0.]
 [0.]
 [0.]
 [0.]
 [0.]
 [0.]
 [0.]
 [0.]
 [0.]
 [0.]
 [0.]
 [0.]
 [0.]
 [0.]
 [0.]
 [0.]
 [0.]
 [0.]
 [0.]
 [0.]
 [0.]
 [0.]
 [0.]
 [0.]
 [0.]
 [0.]
 [0.]
 [0.]
 [0.]
 [0.]
 [0.]
 [0.]
 [0.]
 [0.]
 [0.]
 [0.]
 [0.]
 [0.]
 [0.]
 [0.]
 [0.]
 [0.]
 [0.]
 [0.]
 [0.]
 [0.]
 [0.]
 [0.]
 [0.]
 [0.]
 [0.]
 [0.]
 [0.]
 [0.]
 [0.]
 [0.]
 [0.]
 [0.]
 [0.]
 [0.]
 [0.]
 [0.]
 [0.]
 [0.]
 [0.]
 [0.]
 [0.]
 [0.]
 [0.]
 [0.]
 [0.]
 [0.]
 [0.]
 [0.]
 [0.]
 [0.]
 [0.]
 [0.]
 [0.]
 [0.]
 [0.]
 [0.]
 [0.]
 [0.]
 [0.]
 [0.]
 [0.]]
CG: [[10.]
 [10.]
 [10.]
 [10.]
 [10.]
 [10.]
 [10.]
 [10.]
 [10.]
 [10.]
 [10.]
 [10.]
 [10.]
 [10.]
 [10.]
 [10.]
 [10.]
 [10.]
 [10.]
 [10.]
 [10.]
 [10.]
 [10.]
 [10.]
 [10.]
 [10.]
 [10.]
 [10.]
 [10.]
 [10.]
 [10.]
 [10.]
 [10.]
 [10.]
 [10.]
 [10.]
 [10.]
 [10.]
 [10.]
 [10.]
 [10.]
 [10.]
 [10.]
 [10.]
 [10.]
 [10.]
 [10.]
 [10.]
 [10.]
 [10.]
 [10.]
 [10.]
 [10.]
 [10.]
 [10.]
 [10.]
 [10.]
 [10.]
 [10.]
 [10.]
 [10.]
 [10.]
 [10.]
 [10.]
 [10.]
 [10.]
 [10.]
 [10.]
 [10.]
 [10.]
 [10.]
 [10.]
 [10.]
 [10.]
 [10.]
 [10.]
 [10.]
 [10.]
 [10.]
 [10.]
 [10.]
 [10.]
 [10.]
 [10.]
 [10.]
 [10.]
 [10.]
 [10.]
 [10.]
 [10.]
 [10.]
 [10.]
 [10.]
 [10.]
 [10.]
 [10.]
 [10.]
 [10.]
 [10.]
 [10.]]
RG: [[500.]
 [500.]
 [500.]
 [500.]
 [500.]
 [500.]
 [500.]
 [500.]
 [500.]
 [500.]
 [500.]
 [500.]
 [500.]
 [500.]
 [500.]
 [500.]
 [500.]
 [500.]
 [500.]
 [500.]
 [500.]
 [500.]
 [500.]
 [500.]
 [500.]
 [500.]
 [500.]
 [500.]
 [500.]
 [500.]
 [500.]
 [500.]
 [500.]
 [500.]
 [500.]
 [500.]
 [500.]
 [500.]
 [500.]
 [500.]
 [500.]
 [500.]
 [500.]
 [500.]
 [500.]
 [500.]
 [500.]
 [500.]
 [500.]
 [500.]
 [500.]
 [500.]
 [500.]
 [500.]
 [500.]
 [500.]
 [500.]
 [500.]
 [500.]
 [500.]
 [500.]
 [500.]
 [500.]
 [500.]
 [500.]
 [500.]
 [500.]
 [500.]
 [500.]
 [500.]
 [500.]
 [500.]
 [500.]
 [500.]
 [500.]
 [500.]
 [500.]
 [500.]
 [500.]
 [500.]
 [500.]
 [500.]
 [500.]
 [500.]
 [500.]
 [500.]
 [500.]
 [500.]
 [500.]
 [500.]
 [500.]
 [500.]
 [500.]
 [500.]
 [500.]
 [500.]
 [500.]
 [500.]
 [500.]
 [500.]]
Ch: [[2. 2. 2. 2. 2. 2. 2. 2. 2. 2. 2.]
 [2. 2. 2. 2. 2. 2. 2. 2. 2. 2. 2.]
 [2. 2. 2. 2. 2. 2. 2. 2. 2. 2. 2.]
 [2. 2. 2. 2. 2. 2. 2. 2. 2. 2. 2.]
 [2. 2. 2. 2. 2. 2. 2. 2. 2. 2. 2.]
 [2. 2. 2. 2. 2. 2. 2. 2. 2. 2. 2.]
 [2. 2. 2. 2. 2. 2. 2. 2. 2. 2. 2.]
 [2. 2. 2. 2. 2. 2. 2. 2. 2. 2. 2.]
 [2. 2. 2. 2. 2. 2. 2. 2. 2. 2. 2.]
 [2. 2. 2. 2. 2. 2. 2. 2. 2. 2. 2.]]
Cv: [[0. 0. 0. 0. 0. 0. 0. 0. 0. 0.]
 [2. 2. 2. 2. 2. 2. 2. 2. 2. 2.]
 [2. 2. 2. 2. 2. 2. 2. 2. 2. 2.]
 [2. 2. 2. 2. 2. 2. 2. 2. 2. 2.]
 [2. 2. 2. 2. 2. 2. 2. 2. 2. 2.]
 [2. 2. 2. 2. 2. 2. 2. 2. 2. 2.]
 [2. 2. 2. 2. 2. 2. 2. 2. 2. 2.]
 [2. 2. 2. 2. 2. 2. 2. 2. 2. 2.]
 [2. 2. 2. 2. 2. 2. 2. 2. 2. 2.]
 [2. 2. 2. 2. 2. 2. 2. 2. 2. 2.]]
Rh: [[10.86336664  9.74844252 10.9527716   9.44444609  9.85668848  9.46328665
  10.06708002 10.30681555  9.95950903  9.93550441  9.86267149]
 [10.65524709  9.01016084  9.51030939  9.22779731  9.17436687 10.24013517
   9.21411588 10.99066138 10.12915759  9.03456033 10.43250909]
 [10.75628367  9.82857587 10.8380997   9.66585505 10.15099864 10.11836883
   9.83860665 10.957128    9.07908915 10.65602913  9.62361373]
 [ 9.39032526  9.47151574 10.32541913  9.63098344  9.2640085   9.99954545
  10.85420934  9.76886675  9.03669991  9.6947751  10.64132501]
 [ 9.81119057  9.40059648  9.01194114 10.10589429  9.59117555  9.35403391
   9.63085194 10.45029834 10.60559694  9.65452787  9.16122413]
 [ 9.45023425  9.33978917  9.41380252  9.63166832 10.8727958   9.73015108
  10.72417965  9.79625556  9.40566343 10.35854652  9.78618128]
 [10.1565463  10.67915492 10.06115132  9.13415013  9.30300182  9.40608638
  10.71863371 10.84241927 10.69933361  9.82510034 10.31825311]
 [10.97524784  9.61651893 10.74282272  9.87691975 10.12191534  9.12990135
   9.24549074  9.31620911  9.9811906  10.52141465  9.67598222]
 [ 9.51739368  9.54399415  9.41729695 10.93540156 10.60338598  9.11170077
   9.33225878 10.47976371 10.35993505 10.12401203 10.48335458]
 [ 9.91785693 10.36785857 10.98981313 10.79785868 10.49498865  9.38910063
   9.65492075 10.2718351   9.22744264  9.11650148  9.46395517]]
Rv: [[ 9.6217409   9.61370003  9.38219384  9.8755156  10.4176827  10.21830965
   9.73293162 10.17200804 10.82619378  9.97272976]
 [10.81811763 10.08530767  9.22282315  9.18373173  9.38365161 10.19026807
   9.49404263  9.46821115  9.83780606  9.01390523]
 [ 9.03343479  9.18864832  9.84709998  9.73930704 10.24657352 10.07545243
  10.17058968 10.98414856  9.41713767  9.21164617]
 [10.79209697 10.88814342 10.90540298 10.96731625  9.82779793  9.495886
  10.99099183  9.46747397  9.14344429  9.03748723]
 [ 9.99189584  9.72078841  9.23887826  9.27436289  9.38048523 10.21125259
   9.0796573  10.35037808  9.90263527 10.32707098]
 [10.62614009 10.43169531 10.36660622  9.10826973  9.53616525  9.4863471
   9.69228224 10.07745894 10.71791576 10.10968287]
 [10.04149819 10.7664096   9.50714543  9.00491626  9.56919264  9.78832468
   9.45402762 10.0201388   9.1851928   9.58253093]
 [ 9.3761479  10.05791651 10.78013704  9.21785615  9.64085896  9.31065153
   9.5511946  10.84496895 10.1936396   9.99375958]
 [10.00880778 10.45927657 10.83488697  9.04163121  9.75101266 10.79320492
   9.22992497 10.40447627 10.68381768 10.5226101 ]]