-------Running parameters--------
T = 0.001
temperature_gradient = 0.0
gap = 0
M = 10
N = 10
VR = 0.0
Vmin = 0.0
Vmax = 1.1
vStep = 0.001
vSym = True
repeats = 20
fileName = array_10_10_disorder_c_std_0_r_std_9_run_3
dist = exp
fullOutput = True
use_graph = False
current_map = True
plot_current_map = False
plot_binary_current_map = False
frame_norm = False
dbg = False
resume = False
sc = False
leaping = False
constQ = False
modifyR = False
double_time = False
double_loop = False
output_folder = bgu_2d_finite_temperature_different_disorders
params_path = 
VG_avg = 0.0
VG_std = 0.0
C_avg = 2.0
C_std = 0.0
CG_avg = 10.0
CG_std = 0.0
R_avg = 10.0
R_std = 9.0
custom_rh = ""
custom_rv = ""
custom_ch = ""
custom_cv = ""
RG_avg = 500.0
RG_std = 0.0
n0_avg = 0.0
n0_std = 0.0
Q0_avg = 0.0
Q0_std = 0.0
----Array Parameters-----
Rows: 10
Columns: 10
VG: [[0.]
 [0.]
 [0.]
 [0.]
 [0.]
 [0.]
 [0.]
 [0.]
 [0.]
 [0.]
 [0.]
 [0.]
 [0.]
 [0.]
 [0.]
 [0.]
 [0.]
 [0.]
 [0.]
 [0.]
 [0.]
 [0.]
 [0.]
 [0.]
 [0.]
 [0.]
 [0.]
 [0.]
 [0.]
 [0.]
 [0.]
 [0.]
 [0.]
 [0.]
 [0.]
 [0.]
 [0.]
 [0.]
 [0.]
 [0.]
 [0.]
 [0.]
 [0.]
 [0.]
 [0.]
 [0.]
 [0.]
 [0.]
 [0.]
 [0.]
 [0.]
 [0.]
 [0.]
 [0.]
 [0.]
 [0.]
 [0.]
 [0.]
 [0.]
 [0.]
 [0.]
 [0.]
 [0.]
 [0.]
 [0.]
 [0.]
 [0.]
 [0.]
 [0.]
 [0.]
 [0.]
 [0.]
 [0.]
 [0.]
 [0.]
 [0.]
 [0.]
 [0.]
 [0.]
 [0.]
 [0.]
 [0.]
 [0.]
 [0.]
 [0.]
 [0.]
 [0.]
 [0.]
 [0.]
 [0.]
 [0.]
 [0.]
 [0.]
 [0.]
 [0.]
 [0.]
 [0.]
 [0.]
 [0.]
 [0.]]
CG: [[10.]
 [10.]
 [10.]
 [10.]
 [10.]
 [10.]
 [10.]
 [10.]
 [10.]
 [10.]
 [10.]
 [10.]
 [10.]
 [10.]
 [10.]
 [10.]
 [10.]
 [10.]
 [10.]
 [10.]
 [10.]
 [10.]
 [10.]
 [10.]
 [10.]
 [10.]
 [10.]
 [10.]
 [10.]
 [10.]
 [10.]
 [10.]
 [10.]
 [10.]
 [10.]
 [10.]
 [10.]
 [10.]
 [10.]
 [10.]
 [10.]
 [10.]
 [10.]
 [10.]
 [10.]
 [10.]
 [10.]
 [10.]
 [10.]
 [10.]
 [10.]
 [10.]
 [10.]
 [10.]
 [10.]
 [10.]
 [10.]
 [10.]
 [10.]
 [10.]
 [10.]
 [10.]
 [10.]
 [10.]
 [10.]
 [10.]
 [10.]
 [10.]
 [10.]
 [10.]
 [10.]
 [10.]
 [10.]
 [10.]
 [10.]
 [10.]
 [10.]
 [10.]
 [10.]
 [10.]
 [10.]
 [10.]
 [10.]
 [10.]
 [10.]
 [10.]
 [10.]
 [10.]
 [10.]
 [10.]
 [10.]
 [10.]
 [10.]
 [10.]
 [10.]
 [10.]
 [10.]
 [10.]
 [10.]
 [10.]]
RG: [[500.]
 [500.]
 [500.]
 [500.]
 [500.]
 [500.]
 [500.]
 [500.]
 [500.]
 [500.]
 [500.]
 [500.]
 [500.]
 [500.]
 [500.]
 [500.]
 [500.]
 [500.]
 [500.]
 [500.]
 [500.]
 [500.]
 [500.]
 [500.]
 [500.]
 [500.]
 [500.]
 [500.]
 [500.]
 [500.]
 [500.]
 [500.]
 [500.]
 [500.]
 [500.]
 [500.]
 [500.]
 [500.]
 [500.]
 [500.]
 [500.]
 [500.]
 [500.]
 [500.]
 [500.]
 [500.]
 [500.]
 [500.]
 [500.]
 [500.]
 [500.]
 [500.]
 [500.]
 [500.]
 [500.]
 [500.]
 [500.]
 [500.]
 [500.]
 [500.]
 [500.]
 [500.]
 [500.]
 [500.]
 [500.]
 [500.]
 [500.]
 [500.]
 [500.]
 [500.]
 [500.]
 [500.]
 [500.]
 [500.]
 [500.]
 [500.]
 [500.]
 [500.]
 [500.]
 [500.]
 [500.]
 [500.]
 [500.]
 [500.]
 [500.]
 [500.]
 [500.]
 [500.]
 [500.]
 [500.]
 [500.]
 [500.]
 [500.]
 [500.]
 [500.]
 [500.]
 [500.]
 [500.]
 [500.]
 [500.]]
Ch: [[2. 2. 2. 2. 2. 2. 2. 2. 2. 2. 2.]
 [2. 2. 2. 2. 2. 2. 2. 2. 2. 2. 2.]
 [2. 2. 2. 2. 2. 2. 2. 2. 2. 2. 2.]
 [2. 2. 2. 2. 2. 2. 2. 2. 2. 2. 2.]
 [2. 2. 2. 2. 2. 2. 2. 2. 2. 2. 2.]
 [2. 2. 2. 2. 2. 2. 2. 2. 2. 2. 2.]
 [2. 2. 2. 2. 2. 2. 2. 2. 2. 2. 2.]
 [2. 2. 2. 2. 2. 2. 2. 2. 2. 2. 2.]
 [2. 2. 2. 2. 2. 2. 2. 2. 2. 2. 2.]
 [2. 2. 2. 2. 2. 2. 2. 2. 2. 2. 2.]]
Cv: [[0. 0. 0. 0. 0. 0. 0. 0. 0. 0.]
 [2. 2. 2. 2. 2. 2. 2. 2. 2. 2.]
 [2. 2. 2. 2. 2. 2. 2. 2. 2. 2.]
 [2. 2. 2. 2. 2. 2. 2. 2. 2. 2.]
 [2. 2. 2. 2. 2. 2. 2. 2. 2. 2.]
 [2. 2. 2. 2. 2. 2. 2. 2. 2. 2.]
 [2. 2. 2. 2. 2. 2. 2. 2. 2. 2.]
 [2. 2. 2. 2. 2. 2. 2. 2. 2. 2.]
 [2. 2. 2. 2. 2. 2. 2. 2. 2. 2.]
 [2. 2. 2. 2. 2. 2. 2. 2. 2. 2.]]
Rh: [[ 6.9801762   3.27409939  5.48372982  2.51927576 11.06664626  3.30054024
  16.91102374  1.2874456   5.75104011 12.07937959 13.53932044]
 [ 1.943218   18.91467681  1.47396634  1.93726277  2.4769915   1.13166955
   4.28986777  1.96403428  1.42871084  1.10839163  6.05709546]
 [ 2.3005275   1.45655112 14.62698056  3.43444764  7.13042505  4.99779659
   1.1477416   8.27372764  2.7566216  13.54663664  2.96858991]
 [ 6.73463798 17.43869318  1.37420837 12.98640624  1.0994788   3.43448529
  14.02489357  3.67531873  2.64906726 11.03438225 12.51653994]
 [ 3.12776688  1.37591833  4.39236605  4.50314737  4.71377222 11.09569366
   7.71487488  4.71628034  1.78605892  2.90584819  1.24145318]
 [ 9.22506591  1.40805727  1.25307165  2.80985472  1.39011209  4.49618074
   1.59010311  2.01954762 14.32816926  5.3827923   2.32604303]
 [17.60765699 10.46125598 13.06008733  1.23458094 14.35384548  1.83436977
   1.38507254  9.28368751  7.16622838  3.74549696  8.6750557 ]
 [ 2.63216743  1.38173096  8.49993372  6.75644944  1.63615777  2.14240935
   2.98306635  1.89198439 12.98155683  2.06415046 13.96827563]
 [ 4.21181876 18.10030125 13.61194103  9.00691799  3.49089779  5.66697207
   3.3345002   2.80202225  3.45582869  2.09989023 12.37047872]
 [ 2.67016006  8.22727941  2.99959282  3.64907545 14.54525151  6.63904164
   1.73874367  7.68993186  4.4345481   1.04240173  7.62551521]]
Rv: [[ 3.72563196  2.31035823 10.32515531  2.78408545  4.52832523  5.09481826
   6.09439887  4.87685593  7.48692317  9.58625307]
 [ 1.58285915  1.9848304  10.76286001 12.7065205   6.36157949  3.0290621
   1.60070358 11.40148123  1.54675477  1.11513451]
 [ 5.01463892 12.62146645  2.63753712 16.15185107  3.50462611  3.39053391
   5.47305353  5.65687249  2.91290251  1.36523249]
 [ 2.77830023  5.46045831  9.27748054  9.41584319  1.4266292  10.41109007
  16.78415942  2.6788925   6.96821843  1.12047323]
 [ 1.76574026  7.80069493  6.23566715  3.49930924  2.25320478  9.08325764
  18.22835846  1.50454042  2.04073004  3.83352444]
 [ 3.66596667  6.36948957 10.47661181  1.66271235  4.94227141  4.10109708
  16.14635969  6.15606839  1.79902769  2.94978032]
 [12.99851238  2.64962885  1.27835934  1.83166135  2.26154551  1.44559653
   9.8401217  14.97853446 15.00049036  1.22546287]
 [ 6.32564449 16.74424323  1.76593945 11.26027335 17.97856188  4.23175406
   1.10994017  1.17547793  3.46386193  1.94012663]
 [18.6327789  11.26003108  4.14343619  4.61552369  1.57667969  3.26393167
   4.47697419  3.51109711  1.42271689  8.87821046]]