-------Running parameters--------
T = 0.001
temperature_gradient = 0.0
gap = 0
M = 10
N = 10
VR = 0.0
Vmin = 0.0
Vmax = 1.1
vStep = 0.001
vSym = True
repeats = 20
fileName = array_10_10_disorder_c_std_1_r_std_1_run_1
dist = exp
fullOutput = True
use_graph = False
current_map = True
plot_current_map = False
plot_binary_current_map = False
frame_norm = False
dbg = False
resume = False
sc = False
leaping = False
constQ = False
modifyR = False
double_time = False
double_loop = False
output_folder = bgu_2d_finite_temperature_different_disorders
params_path = 
VG_avg = 0.0
VG_std = 0.0
C_avg = 2.0
C_std = 1.0
CG_avg = 10.0
CG_std = 0.0
R_avg = 10.0
R_std = 1.0
custom_rh = ""
custom_rv = ""
custom_ch = ""
custom_cv = ""
RG_avg = 500.0
RG_std = 0.0
n0_avg = 0.0
n0_std = 0.0
Q0_avg = 0.0
Q0_std = 0.0
----Array Parameters-----
Rows: 10
Columns: 10
VG: [[0.]
 [0.]
 [0.]
 [0.]
 [0.]
 [0.]
 [0.]
 [0.]
 [0.]
 [0.]
 [0.]
 [0.]
 [0.]
 [0.]
 [0.]
 [0.]
 [0.]
 [0.]
 [0.]
 [0.]
 [0.]
 [0.]
 [0.]
 [0.]
 [0.]
 [0.]
 [0.]
 [0.]
 [0.]
 [0.]
 [0.]
 [0.]
 [0.]
 [0.]
 [0.]
 [0.]
 [0.]
 [0.]
 [0.]
 [0.]
 [0.]
 [0.]
 [0.]
 [0.]
 [0.]
 [0.]
 [0.]
 [0.]
 [0.]
 [0.]
 [0.]
 [0.]
 [0.]
 [0.]
 [0.]
 [0.]
 [0.]
 [0.]
 [0.]
 [0.]
 [0.]
 [0.]
 [0.]
 [0.]
 [0.]
 [0.]
 [0.]
 [0.]
 [0.]
 [0.]
 [0.]
 [0.]
 [0.]
 [0.]
 [0.]
 [0.]
 [0.]
 [0.]
 [0.]
 [0.]
 [0.]
 [0.]
 [0.]
 [0.]
 [0.]
 [0.]
 [0.]
 [0.]
 [0.]
 [0.]
 [0.]
 [0.]
 [0.]
 [0.]
 [0.]
 [0.]
 [0.]
 [0.]
 [0.]
 [0.]]
CG: [[10.]
 [10.]
 [10.]
 [10.]
 [10.]
 [10.]
 [10.]
 [10.]
 [10.]
 [10.]
 [10.]
 [10.]
 [10.]
 [10.]
 [10.]
 [10.]
 [10.]
 [10.]
 [10.]
 [10.]
 [10.]
 [10.]
 [10.]
 [10.]
 [10.]
 [10.]
 [10.]
 [10.]
 [10.]
 [10.]
 [10.]
 [10.]
 [10.]
 [10.]
 [10.]
 [10.]
 [10.]
 [10.]
 [10.]
 [10.]
 [10.]
 [10.]
 [10.]
 [10.]
 [10.]
 [10.]
 [10.]
 [10.]
 [10.]
 [10.]
 [10.]
 [10.]
 [10.]
 [10.]
 [10.]
 [10.]
 [10.]
 [10.]
 [10.]
 [10.]
 [10.]
 [10.]
 [10.]
 [10.]
 [10.]
 [10.]
 [10.]
 [10.]
 [10.]
 [10.]
 [10.]
 [10.]
 [10.]
 [10.]
 [10.]
 [10.]
 [10.]
 [10.]
 [10.]
 [10.]
 [10.]
 [10.]
 [10.]
 [10.]
 [10.]
 [10.]
 [10.]
 [10.]
 [10.]
 [10.]
 [10.]
 [10.]
 [10.]
 [10.]
 [10.]
 [10.]
 [10.]
 [10.]
 [10.]
 [10.]]
RG: [[500.]
 [500.]
 [500.]
 [500.]
 [500.]
 [500.]
 [500.]
 [500.]
 [500.]
 [500.]
 [500.]
 [500.]
 [500.]
 [500.]
 [500.]
 [500.]
 [500.]
 [500.]
 [500.]
 [500.]
 [500.]
 [500.]
 [500.]
 [500.]
 [500.]
 [500.]
 [500.]
 [500.]
 [500.]
 [500.]
 [500.]
 [500.]
 [500.]
 [500.]
 [500.]
 [500.]
 [500.]
 [500.]
 [500.]
 [500.]
 [500.]
 [500.]
 [500.]
 [500.]
 [500.]
 [500.]
 [500.]
 [500.]
 [500.]
 [500.]
 [500.]
 [500.]
 [500.]
 [500.]
 [500.]
 [500.]
 [500.]
 [500.]
 [500.]
 [500.]
 [500.]
 [500.]
 [500.]
 [500.]
 [500.]
 [500.]
 [500.]
 [500.]
 [500.]
 [500.]
 [500.]
 [500.]
 [500.]
 [500.]
 [500.]
 [500.]
 [500.]
 [500.]
 [500.]
 [500.]
 [500.]
 [500.]
 [500.]
 [500.]
 [500.]
 [500.]
 [500.]
 [500.]
 [500.]
 [500.]
 [500.]
 [500.]
 [500.]
 [500.]
 [500.]
 [500.]
 [500.]
 [500.]
 [500.]
 [500.]]
Ch: [[1.235535   2.64264185 1.66731399 2.15224765 1.4394813  2.76194674
  1.47465846 2.60329225 1.25353943 2.37562899 1.67213696]
 [1.05093183 2.51156341 1.48134743 2.49180909 2.84912914 1.04607531
  1.18708277 1.84348697 1.21015496 2.51128792 1.48174497]
 [2.51753839 1.82474887 2.97687607 1.12143121 1.41228758 1.22262968
  1.98013196 1.5988921  1.11265146 2.45791549 2.59396257]
 [1.12577444 1.04151773 1.27967495 1.7778901  1.01381641 1.99262148
  2.37277312 1.20871893 2.46598501 1.81441292 1.2084493 ]
 [1.87204952 1.34896866 2.31719104 2.28567714 1.45950158 2.05609631
  2.64409636 2.87701166 2.08507083 1.03120476 1.42095136]
 [1.88511456 1.76369718 2.65888527 2.60914098 1.70724109 1.92358559
  2.2908132  1.52376832 1.34371219 1.24195365 1.86852215]
 [1.11474    1.28426169 1.64193737 2.21151654 1.79792802 1.13270764
  1.08857777 1.91010382 2.06266145 1.597166   1.32526409]
 [1.97225211 2.03480858 2.41499911 2.68641522 1.34334956 1.03620423
  1.43898541 2.70976597 2.08352392 1.91983486 1.61965591]
 [1.02141815 1.5482957  2.68647571 1.02631736 1.22239807 1.96739053
  1.94429351 2.75325638 1.30242572 2.5854376  1.26398082]
 [1.05565152 2.74413752 1.19783097 1.15000598 2.32669669 1.82481758
  1.65436557 1.43149772 1.75051528 1.05855676 1.28806938]]
Cv: [[0.         0.         0.         0.         0.         0.
  0.         0.         0.         0.        ]
 [1.89936353 2.93710291 1.10974473 1.38518711 2.42111327 1.64105393
  1.39492334 1.16919429 1.98423059 1.09134342]
 [2.10848626 1.54423466 1.99336881 1.81535545 2.27253787 1.76161447
  2.65219788 1.49036882 2.29775728 1.99735688]
 [2.90604772 1.44585145 1.00480162 2.40962377 1.04475364 2.59837264
  2.08971036 1.74717443 1.46570817 1.14422113]
 [1.80637841 1.00465149 2.10114797 2.54500233 2.78943598 1.89785038
  1.81250168 1.01581796 2.99782657 2.56909858]
 [1.4198557  1.47680684 2.46288628 2.54260324 1.01485418 2.45228888
  1.62284368 1.08007906 2.2977005  2.30716436]
 [1.04393155 2.202863   2.8239505  1.75736762 1.04332919 1.3260365
  1.20818237 1.17289061 1.33539358 2.60924105]
 [2.74492308 1.77499189 1.0808409  2.41189225 1.15635928 1.19736774
  2.68643973 2.5828382  2.21524232 1.25647649]
 [2.65474503 1.47303195 1.03763267 1.17572678 2.02175396 2.82712004
  2.28171454 2.30635927 1.478279   1.75792517]
 [1.32822243 1.24847744 2.11595399 1.21798925 1.73158681 2.49807304
  1.03265012 2.72884081 1.00313889 1.34282709]]
Rh: [[ 9.63150027 10.05562812  9.71115696 10.21515076  9.29793355  9.20315522
  10.86195931 10.67982647 10.94562027 10.65646599 10.77346657]
 [10.00023698 10.52811321  9.27483317 10.2930902   9.51869046  9.43790249
   9.7101462   9.81503828 10.69079419 10.2705801  10.91121705]
 [ 9.33555973  9.72398885  9.07559673  9.53196065  9.93732499  9.28104644
   9.64525386 10.56520655 10.61107741 10.87177321  9.8367732 ]
 [10.63987827  9.67228535  9.78759072 10.91784304 10.39459051  9.53799532
  10.1023909   9.85918255 10.62337111 10.36484295  9.32831296]
 [10.41420902  9.06162275 10.23949521  9.0417383   9.18536905 10.00850093
  10.64937152  9.51005654  9.07864892 10.77747553  9.4521672 ]
 [ 9.7814921  10.00233747  9.91230039 10.2324293   9.26303909 10.91942242
  10.89198966  9.05169103  9.01323356 10.17325745  9.9427126 ]
 [10.86562748  9.60979607 10.68702427  9.8667208   9.01491987 10.68566851
   9.48740603 10.55946849  9.48784151  9.02228968 10.01225557]
 [10.79922883  9.83055327 10.64239616  9.72849199  9.2068744   9.46378346
   9.01219965  9.51753079  9.29305937  9.25675875 10.63115068]
 [10.51188155 10.26776875  9.28072976  9.27825045  9.00200561 10.62428248
   9.60370926  9.39368415 10.83473566 10.66943722  9.23221338]
 [ 9.88671526 10.11920551 10.11633865  9.64958152  9.22058116 10.45418388
  10.30313465  9.74470623 10.15296753  9.54051415  9.64930478]]
Rv: [[ 9.4060314   9.13031683  9.92208928  9.84618272 10.31617778  9.33314802
  10.43311322 10.69024282  9.86530835 10.27716056]
 [ 9.17722227 10.77387813  9.52375462  9.05962551 10.80925958  9.85283039
  10.0277483   9.7481246  10.97321534 10.69468899]
 [ 9.04224746 10.59472752 10.90527555  9.24110379  9.47856018  9.02266228
   9.5592446  10.60819728  9.78252852  9.00594713]
 [ 9.0750539  10.37436889  9.02701181 10.6633415  10.2936845  10.77553707
  10.64074154 10.23551222 10.62666248 10.48940647]
 [ 9.97412066  9.72900254 10.64402079 10.12169583 10.56368069 10.8212577
   9.73657577  9.95274317 10.63038126 10.28036865]
 [ 9.41597396 10.64595749  9.77640084  9.14825681 10.48801889 10.95204872
   9.38528446 10.25545989  9.49562267 10.27679519]
 [ 9.13456761 10.0616582   9.4911355   9.27428243  9.53697408 10.25674244
  10.98197608  9.13124705  9.11791986  9.20757447]
 [ 9.01923962  9.71567153  9.4650786  10.74519611 10.99098001  9.47290331
  10.45661844  9.06615058  9.41081902 10.17748989]
 [ 9.11152527 10.51097865 10.72720168  9.63742337  9.80916646 10.80693157
  10.81607607 10.8926228   9.3059782   9.86910223]]