-------Running parameters--------
T = 0.001
temperature_gradient = 0.0
gap = 0
M = 10
N = 10
VR = 0.0
Vmin = 0.0
Vmax = 1.1
vStep = 0.001
vSym = True
repeats = 20
fileName = array_10_10_disorder_c_std_1_r_std_5_run_2
dist = exp
fullOutput = True
use_graph = False
current_map = True
plot_current_map = False
plot_binary_current_map = False
frame_norm = False
dbg = False
resume = False
sc = False
leaping = False
constQ = False
modifyR = False
double_time = False
double_loop = False
output_folder = bgu_2d_finite_temperature_different_disorders
params_path = 
VG_avg = 0.0
VG_std = 0.0
C_avg = 2.0
C_std = 1.0
CG_avg = 10.0
CG_std = 0.0
R_avg = 10.0
R_std = 5.0
custom_rh = ""
custom_rv = ""
custom_ch = ""
custom_cv = ""
RG_avg = 500.0
RG_std = 0.0
n0_avg = 0.0
n0_std = 0.0
Q0_avg = 0.0
Q0_std = 0.0
----Array Parameters-----
Rows: 10
Columns: 10
VG: [[0.]
 [0.]
 [0.]
 [0.]
 [0.]
 [0.]
 [0.]
 [0.]
 [0.]
 [0.]
 [0.]
 [0.]
 [0.]
 [0.]
 [0.]
 [0.]
 [0.]
 [0.]
 [0.]
 [0.]
 [0.]
 [0.]
 [0.]
 [0.]
 [0.]
 [0.]
 [0.]
 [0.]
 [0.]
 [0.]
 [0.]
 [0.]
 [0.]
 [0.]
 [0.]
 [0.]
 [0.]
 [0.]
 [0.]
 [0.]
 [0.]
 [0.]
 [0.]
 [0.]
 [0.]
 [0.]
 [0.]
 [0.]
 [0.]
 [0.]
 [0.]
 [0.]
 [0.]
 [0.]
 [0.]
 [0.]
 [0.]
 [0.]
 [0.]
 [0.]
 [0.]
 [0.]
 [0.]
 [0.]
 [0.]
 [0.]
 [0.]
 [0.]
 [0.]
 [0.]
 [0.]
 [0.]
 [0.]
 [0.]
 [0.]
 [0.]
 [0.]
 [0.]
 [0.]
 [0.]
 [0.]
 [0.]
 [0.]
 [0.]
 [0.]
 [0.]
 [0.]
 [0.]
 [0.]
 [0.]
 [0.]
 [0.]
 [0.]
 [0.]
 [0.]
 [0.]
 [0.]
 [0.]
 [0.]
 [0.]]
CG: [[10.]
 [10.]
 [10.]
 [10.]
 [10.]
 [10.]
 [10.]
 [10.]
 [10.]
 [10.]
 [10.]
 [10.]
 [10.]
 [10.]
 [10.]
 [10.]
 [10.]
 [10.]
 [10.]
 [10.]
 [10.]
 [10.]
 [10.]
 [10.]
 [10.]
 [10.]
 [10.]
 [10.]
 [10.]
 [10.]
 [10.]
 [10.]
 [10.]
 [10.]
 [10.]
 [10.]
 [10.]
 [10.]
 [10.]
 [10.]
 [10.]
 [10.]
 [10.]
 [10.]
 [10.]
 [10.]
 [10.]
 [10.]
 [10.]
 [10.]
 [10.]
 [10.]
 [10.]
 [10.]
 [10.]
 [10.]
 [10.]
 [10.]
 [10.]
 [10.]
 [10.]
 [10.]
 [10.]
 [10.]
 [10.]
 [10.]
 [10.]
 [10.]
 [10.]
 [10.]
 [10.]
 [10.]
 [10.]
 [10.]
 [10.]
 [10.]
 [10.]
 [10.]
 [10.]
 [10.]
 [10.]
 [10.]
 [10.]
 [10.]
 [10.]
 [10.]
 [10.]
 [10.]
 [10.]
 [10.]
 [10.]
 [10.]
 [10.]
 [10.]
 [10.]
 [10.]
 [10.]
 [10.]
 [10.]
 [10.]]
RG: [[500.]
 [500.]
 [500.]
 [500.]
 [500.]
 [500.]
 [500.]
 [500.]
 [500.]
 [500.]
 [500.]
 [500.]
 [500.]
 [500.]
 [500.]
 [500.]
 [500.]
 [500.]
 [500.]
 [500.]
 [500.]
 [500.]
 [500.]
 [500.]
 [500.]
 [500.]
 [500.]
 [500.]
 [500.]
 [500.]
 [500.]
 [500.]
 [500.]
 [500.]
 [500.]
 [500.]
 [500.]
 [500.]
 [500.]
 [500.]
 [500.]
 [500.]
 [500.]
 [500.]
 [500.]
 [500.]
 [500.]
 [500.]
 [500.]
 [500.]
 [500.]
 [500.]
 [500.]
 [500.]
 [500.]
 [500.]
 [500.]
 [500.]
 [500.]
 [500.]
 [500.]
 [500.]
 [500.]
 [500.]
 [500.]
 [500.]
 [500.]
 [500.]
 [500.]
 [500.]
 [500.]
 [500.]
 [500.]
 [500.]
 [500.]
 [500.]
 [500.]
 [500.]
 [500.]
 [500.]
 [500.]
 [500.]
 [500.]
 [500.]
 [500.]
 [500.]
 [500.]
 [500.]
 [500.]
 [500.]
 [500.]
 [500.]
 [500.]
 [500.]
 [500.]
 [500.]
 [500.]
 [500.]
 [500.]
 [500.]]
Ch: [[1.2309487  1.65618576 1.8203901  2.96934793 2.12663633 1.50091584
  1.61630638 2.24398857 1.28868245 1.71137809 2.6391832 ]
 [2.85681587 1.72115625 2.0882697  2.34242719 2.78349688 2.73903392
  1.50370514 2.17254753 1.65542139 1.72332636 2.29424805]
 [1.33599843 1.70898308 2.15058714 1.30104159 1.38264615 2.34051962
  2.31974179 1.68378425 2.39622938 2.43859582 1.66077902]
 [2.17519238 1.27746768 2.8039721  2.00003973 1.05182779 1.59482211
  1.77863841 1.9408056  2.91873244 1.28405087 1.00117878]
 [1.920476   1.20080427 1.88805366 1.44307468 1.1545353  1.84256362
  1.04593743 1.41172682 1.37457877 1.64606337 2.97381111]
 [1.53161908 2.30746953 1.04392513 1.10116829 2.48770298 1.43043949
  2.07572331 1.24765938 2.12375055 2.58351835 2.91270721]
 [1.30212907 1.81427677 1.86268343 1.49555122 1.02632492 1.47491353
  1.01117885 1.37494485 2.08065615 2.09723037 1.25329678]
 [2.3132647  2.37174681 1.24769063 1.82556283 1.81440391 2.32840623
  2.34111199 1.20016106 1.17455613 1.61350272 1.65009329]
 [2.62018939 1.87975275 1.02862108 1.37502606 1.17357945 1.50641047
  1.6892468  1.35993286 1.55568452 1.45613939 2.90760783]
 [1.70849353 1.30495186 1.94022683 2.40998525 1.62370853 2.08563489
  1.14504542 1.84703923 1.57550627 2.72260362 1.31691992]]
Cv: [[0.         0.         0.         0.         0.         0.
  0.         0.         0.         0.        ]
 [1.76240541 1.3118806  2.66190213 2.36723959 2.51072875 1.72662936
  1.41904573 2.541352   1.96268353 1.36450608]
 [1.48762175 1.45914022 2.06583727 1.09946764 2.75796596 1.1949256
  1.36600445 2.87253754 1.63144277 2.41414341]
 [1.17893721 2.68970612 2.01525998 2.45659194 2.05561065 1.90434775
  1.70492653 1.99065631 1.25257576 2.64189743]
 [2.03485625 1.86843703 1.24367525 1.84686089 1.31244596 2.86268167
  2.30838445 1.26422538 1.3530163  1.38295355]
 [2.25840276 1.30813348 1.54648116 1.88191021 1.59477498 2.13280797
  1.02825787 2.71570423 1.26546869 2.06992448]
 [1.45494917 2.27911753 1.35681023 2.02535714 2.1974131  2.50232013
  1.48567212 1.16124557 2.15841997 2.06650432]
 [1.25574846 1.62677172 2.51996657 1.31566425 1.88379624 2.16476744
  2.07690031 1.72645712 1.05400872 1.40374922]
 [2.95778665 1.04372434 2.39275104 1.07676934 1.16229417 2.62214112
  1.25102235 2.54215848 2.4590064  2.21959986]
 [2.02777491 1.355837   1.90958175 1.18680188 1.30006959 1.32564936
  1.35691416 1.49154106 1.02237259 1.28217321]]
Rh: [[11.07757789  6.8970181   6.80529945  7.97121638  9.09718894 12.40527365
  13.54671053  5.67066361  5.17604029 11.05329628  7.41673954]
 [ 9.06486021 12.16751669  7.54654271 10.67989817  9.4028642   8.88261708
   5.70447663  6.82400752  6.56197528  9.35327005  9.60404882]
 [ 7.15838359 10.82533832 13.49751325 12.81994966  8.05515436 11.26537617
  14.95829239  8.25387215  5.79005455  8.97572797  5.87560901]
 [14.69538252  6.16815129 11.79124207  9.58432209 14.15551292  5.19527321
   8.00481687  9.17608062  6.0641      6.55730996 11.13082448]
 [ 7.41192282  8.13515079 11.41110876  7.46609262  5.62655292  6.98747039
  12.94861016  8.90109731 14.82585285  6.43123356  8.36144951]
 [11.29004361  5.50950265  5.97828764 10.12744018  6.48774063  5.04682832
   8.35519769  7.35658692  8.68427546  6.47562926  7.73249258]
 [ 6.79829849  8.44845658  6.988478   10.62880139  5.54142698  5.09861249
   9.47060677  5.62083595 10.36908032 10.81959016  7.47538195]
 [10.54403111  6.02003076  6.62535655  8.41238004  7.63507703 10.10030569
   8.78783236 12.12862047  8.27800613  5.28354546  7.52246401]
 [11.16301491  7.14200178 12.70589138 14.97134002  6.53912085  6.69355994
   6.37372488  6.75748302  8.25251387  9.90461307  7.54696601]
 [11.65101198 10.93260395 10.86909457  7.40955136  8.86952887 12.47508515
  10.30495346  8.15211521  7.40813079  9.54912333 12.47055529]]
Rv: [[ 6.2162083  12.18062921 14.13812314  8.39971038  8.64133894  9.91712025
   8.37395768 11.84322592  8.25935283  7.17234345]
 [ 9.00176399 12.85443273  7.83450576  7.62941301 10.53538354  9.23200968
   6.22939293 10.36268576 13.55143657  7.9548588 ]
 [ 6.98758576 14.67914514  9.72809793  7.03677231 10.34962951  5.48350591
   8.42783736 11.33828599  5.08346805  7.99040018]
 [ 5.91625325  8.45315827  9.60632365  6.82845519  9.08722665  6.08676464
   5.3865468   5.6275806   6.55921421  5.09373185]
 [12.65018006  6.60101455 11.21594315  5.74739126 11.8846681   6.56050772
  14.92312486  7.25707761 12.72208305  9.16685575]
 [ 6.16977673  7.54433046  5.95526618  9.92473159 14.6060666   7.64660154
  12.2219839   7.42338203  9.56516092  6.47488659]
 [ 5.44414902  6.16721761 13.65376648  8.20543159  6.19318326  6.15341418
   8.46886659  5.33378984 10.42163872 10.61498707]
 [12.33900873 10.54149065  8.44976835 12.91333497 10.93835036 14.59734956
   7.70415881  7.97902356  6.60770728  8.79359052]
 [ 6.31636506  7.08740515  5.66469319  8.51145673  8.24387776  9.27142178
   9.24037339  8.08773214  7.9925501  10.83421687]]