-------Running parameters--------
T = 0.001
temperature_gradient = 0.0
gap = 0
M = 10
N = 10
VR = 0.0
Vmin = 0.0
Vmax = 1.1
vStep = 0.001
vSym = True
repeats = 20
fileName = array_10_10_disorder_c_std_0.5_r_std_5_run_2
dist = exp
fullOutput = True
use_graph = False
current_map = True
plot_current_map = False
plot_binary_current_map = False
frame_norm = False
dbg = False
resume = False
sc = False
leaping = False
constQ = False
modifyR = False
double_time = False
double_loop = False
output_folder = bgu_2d_finite_temperature_different_disorders
params_path = 
VG_avg = 0.0
VG_std = 0.0
C_avg = 2.0
C_std = 0.5
CG_avg = 10.0
CG_std = 0.0
R_avg = 10.0
R_std = 5.0
custom_rh = ""
custom_rv = ""
custom_ch = ""
custom_cv = ""
RG_avg = 500.0
RG_std = 0.0
n0_avg = 0.0
n0_std = 0.0
Q0_avg = 0.0
Q0_std = 0.0
----Array Parameters-----
Rows: 10
Columns: 10
VG: [[0.]
 [0.]
 [0.]
 [0.]
 [0.]
 [0.]
 [0.]
 [0.]
 [0.]
 [0.]
 [0.]
 [0.]
 [0.]
 [0.]
 [0.]
 [0.]
 [0.]
 [0.]
 [0.]
 [0.]
 [0.]
 [0.]
 [0.]
 [0.]
 [0.]
 [0.]
 [0.]
 [0.]
 [0.]
 [0.]
 [0.]
 [0.]
 [0.]
 [0.]
 [0.]
 [0.]
 [0.]
 [0.]
 [0.]
 [0.]
 [0.]
 [0.]
 [0.]
 [0.]
 [0.]
 [0.]
 [0.]
 [0.]
 [0.]
 [0.]
 [0.]
 [0.]
 [0.]
 [0.]
 [0.]
 [0.]
 [0.]
 [0.]
 [0.]
 [0.]
 [0.]
 [0.]
 [0.]
 [0.]
 [0.]
 [0.]
 [0.]
 [0.]
 [0.]
 [0.]
 [0.]
 [0.]
 [0.]
 [0.]
 [0.]
 [0.]
 [0.]
 [0.]
 [0.]
 [0.]
 [0.]
 [0.]
 [0.]
 [0.]
 [0.]
 [0.]
 [0.]
 [0.]
 [0.]
 [0.]
 [0.]
 [0.]
 [0.]
 [0.]
 [0.]
 [0.]
 [0.]
 [0.]
 [0.]
 [0.]]
CG: [[10.]
 [10.]
 [10.]
 [10.]
 [10.]
 [10.]
 [10.]
 [10.]
 [10.]
 [10.]
 [10.]
 [10.]
 [10.]
 [10.]
 [10.]
 [10.]
 [10.]
 [10.]
 [10.]
 [10.]
 [10.]
 [10.]
 [10.]
 [10.]
 [10.]
 [10.]
 [10.]
 [10.]
 [10.]
 [10.]
 [10.]
 [10.]
 [10.]
 [10.]
 [10.]
 [10.]
 [10.]
 [10.]
 [10.]
 [10.]
 [10.]
 [10.]
 [10.]
 [10.]
 [10.]
 [10.]
 [10.]
 [10.]
 [10.]
 [10.]
 [10.]
 [10.]
 [10.]
 [10.]
 [10.]
 [10.]
 [10.]
 [10.]
 [10.]
 [10.]
 [10.]
 [10.]
 [10.]
 [10.]
 [10.]
 [10.]
 [10.]
 [10.]
 [10.]
 [10.]
 [10.]
 [10.]
 [10.]
 [10.]
 [10.]
 [10.]
 [10.]
 [10.]
 [10.]
 [10.]
 [10.]
 [10.]
 [10.]
 [10.]
 [10.]
 [10.]
 [10.]
 [10.]
 [10.]
 [10.]
 [10.]
 [10.]
 [10.]
 [10.]
 [10.]
 [10.]
 [10.]
 [10.]
 [10.]
 [10.]]
RG: [[500.]
 [500.]
 [500.]
 [500.]
 [500.]
 [500.]
 [500.]
 [500.]
 [500.]
 [500.]
 [500.]
 [500.]
 [500.]
 [500.]
 [500.]
 [500.]
 [500.]
 [500.]
 [500.]
 [500.]
 [500.]
 [500.]
 [500.]
 [500.]
 [500.]
 [500.]
 [500.]
 [500.]
 [500.]
 [500.]
 [500.]
 [500.]
 [500.]
 [500.]
 [500.]
 [500.]
 [500.]
 [500.]
 [500.]
 [500.]
 [500.]
 [500.]
 [500.]
 [500.]
 [500.]
 [500.]
 [500.]
 [500.]
 [500.]
 [500.]
 [500.]
 [500.]
 [500.]
 [500.]
 [500.]
 [500.]
 [500.]
 [500.]
 [500.]
 [500.]
 [500.]
 [500.]
 [500.]
 [500.]
 [500.]
 [500.]
 [500.]
 [500.]
 [500.]
 [500.]
 [500.]
 [500.]
 [500.]
 [500.]
 [500.]
 [500.]
 [500.]
 [500.]
 [500.]
 [500.]
 [500.]
 [500.]
 [500.]
 [500.]
 [500.]
 [500.]
 [500.]
 [500.]
 [500.]
 [500.]
 [500.]
 [500.]
 [500.]
 [500.]
 [500.]
 [500.]
 [500.]
 [500.]
 [500.]
 [500.]]
Ch: [[2.45748631 1.6929942  1.9670061  2.11456804 1.56201107 2.29210491
  1.78230777 2.40330633 1.62910962 1.8490255  2.18303727]
 [1.77894965 2.01600834 2.02057017 1.72827838 2.33528638 2.29181862
  2.23456335 2.48299382 1.51904591 1.54733677 2.02273948]
 [2.22664481 2.22955199 1.61710334 2.01082705 2.27046376 2.22069497
  2.22552154 1.75512188 2.04439828 2.00800771 1.91891055]
 [1.82702245 1.69704703 1.81979634 1.51862695 1.92314295 1.92033634
  1.70314976 1.89236941 1.89651397 1.86121996 1.70545498]
 [1.52892508 2.21091323 1.52746441 2.33338462 2.14323726 2.46606829
  2.14614943 2.42882869 2.46752765 2.44476277 1.7464802 ]
 [2.11732876 2.3333604  2.26667249 1.84939132 2.32054236 1.75803749
  2.07381584 2.03327378 2.39490223 1.6347527  2.0747379 ]
 [2.19243056 1.54343728 1.64199618 1.78158788 1.97277943 1.52115212
  1.76596504 2.32939546 2.14946529 2.4900486  2.30423739]
 [1.77679312 1.84205213 2.12120448 1.86314951 1.59727219 2.12666141
  1.6588812  2.32757689 1.66198356 1.68669038 1.7697274 ]
 [1.98294017 1.92513707 2.19789685 2.30159804 1.77565212 1.54164056
  1.8228794  1.92020837 2.00847746 1.96678844 1.69956159]
 [1.57764973 1.69413665 2.308042   1.50702996 2.48586    1.90982689
  1.92888743 1.83407044 1.75786886 1.83490076 1.77026337]]
Cv: [[0.         0.         0.         0.         0.         0.
  0.         0.         0.         0.        ]
 [2.01091216 1.51718531 2.1689381  1.76903096 1.52601596 1.5682059
  2.29187015 2.27743017 2.33645785 1.88356347]
 [1.9216346  2.36504765 2.47648446 2.28455337 2.48600605 2.39987182
  1.53866391 1.57350779 2.10326171 2.19867012]
 [1.72584206 1.50759426 1.73425323 1.8832835  1.53255888 1.70532208
  2.16398028 1.70571802 2.06289692 2.25699752]
 [1.85178832 1.94398778 1.6677351  2.41773882 2.04146197 2.47273299
  2.4947454  1.55222309 1.55580254 1.78580983]
 [1.66297454 2.24925778 1.60921714 2.00743894 1.79798047 1.7321313
  1.97288099 1.9099909  2.48790971 1.51250629]
 [1.56768332 2.01173861 1.68966865 1.54268548 2.44038689 2.00023071
  1.76724585 2.4897537  1.50524737 2.35104016]
 [2.35009245 2.0977359  2.26624339 2.04279311 1.55935862 2.22245903
  2.23074443 2.07833251 1.9124281  2.00750226]
 [2.10360678 2.48206976 1.70601634 1.76731929 2.21984675 2.3305774
  1.657441   1.89864719 1.83018282 2.17080406]
 [2.2523248  2.29093904 1.71403258 1.91584219 1.81031584 2.16504437
  2.23265611 2.2948389  1.6597982  2.10106151]]
Rh: [[14.00936145  8.33518823 14.3978802   5.11041973  6.78323529  9.8807175
   6.06498489  6.2041156   5.27795259  8.84716101  5.11646413]
 [14.26863487  8.5569111  11.22037155 12.31818527 11.74551401 10.54949489
   5.89452074  6.81886219  6.90344463 10.69747052 13.61355249]
 [12.36885212  9.03500098  9.74281732  7.57365306  7.04719702  7.01281816
   5.35479795  5.52876194 12.4122944   6.01289663  5.01598451]
 [ 6.16340691  6.75993841  6.21408281 14.99738262  5.64700035  6.22531202
  10.73327736  9.17103091  8.23423323 13.71842422 11.57268184]
 [ 7.28517992  5.2304917   5.25921091  8.67633357 11.17246521  5.68784627
  12.65883632  5.76962393  8.04125858  5.77359606  5.10994689]
 [12.70639383  8.37237848  5.43838857  9.78621484  9.63782141 13.34740371
  11.91450912 13.30138583 14.82124062  9.31308804  7.19010058]
 [ 5.2875867  13.79189499 13.11811612 10.07359608  6.49836472  5.33776207
  14.67088383 10.21529412  9.59470145 14.81014472  6.14271261]
 [ 5.55981324  5.32617313 13.25243205  8.6370118   5.42197869 10.48458635
   5.66210687  6.6872385   5.32028741 10.31815135  7.4936989 ]
 [ 5.12764529 13.82475956  5.96160598  5.27978508  5.85856058 14.77962354
   5.84906319  6.68832071  5.459033   11.68373191  5.47841318]
 [ 9.6683497   8.95987883  5.38807398 10.97958118 10.27817085 12.52128555
   8.98127628  8.38374867  6.09414696  9.46775303 10.80686732]]
Rv: [[ 8.96773195 13.7592276   9.55150351 14.79915861  5.61272235 13.66520899
   5.07259655  7.12822504  6.47628004 11.28000472]
 [ 7.68037396  9.67589796  6.95717602  5.17218035  7.58820147  8.39447282
   5.42603531 12.84324739  8.9674245  13.15937772]
 [ 5.63767469 11.78390084  6.92578672  5.63003034  5.16133993 12.28038271
  12.43953566  6.70833436  9.47646321  6.20253588]
 [ 7.76058965  8.20810586  5.94311117  9.36820452 14.16276899 12.82017338
   6.4410694   6.44561036 12.19332172  7.91408134]
 [ 9.05131607  7.08579176  9.94306078 13.87446025 12.80700787  8.98498304
  10.00360333  6.17803876  8.32189365  9.21717742]
 [ 5.45078653  7.15285049 10.25096314  9.4618662  12.20000131 12.42618163
  11.23789036 10.36029881  6.5610231  10.03264381]
 [ 9.23188266  6.80671497  7.87385623  5.15004226 12.86159995 14.81838564
  11.12248457  6.81817469 11.76604531  6.00316949]
 [13.29773463 14.84193313 13.38638804  9.87234759  5.56890244  6.59263454
  12.80775032  6.86225277  5.4145056   8.88080493]
 [ 6.18882597  5.40290137  5.57843967 14.90443378  6.50966704  9.57574712
   7.69076049 11.96659629 10.09491133 12.78379539]]