-------Running parameters--------
T = 0.001
temperature_gradient = 0.0
gap = 0
M = 10
N = 10
VR = 0.0
Vmin = 0.0
Vmax = 1.1
vStep = 0.001
vSym = True
repeats = 20
fileName = array_10_10_disorder_c_std_1_r_std_5_run_3
dist = exp
fullOutput = True
use_graph = False
current_map = True
plot_current_map = False
plot_binary_current_map = False
frame_norm = False
dbg = False
resume = False
sc = False
leaping = False
constQ = False
modifyR = False
double_time = False
double_loop = False
output_folder = bgu_2d_finite_temperature_different_disorders
params_path = 
VG_avg = 0.0
VG_std = 0.0
C_avg = 2.0
C_std = 1.0
CG_avg = 10.0
CG_std = 0.0
R_avg = 10.0
R_std = 5.0
custom_rh = ""
custom_rv = ""
custom_ch = ""
custom_cv = ""
RG_avg = 500.0
RG_std = 0.0
n0_avg = 0.0
n0_std = 0.0
Q0_avg = 0.0
Q0_std = 0.0
----Array Parameters-----
Rows: 10
Columns: 10
VG: [[0.]
 [0.]
 [0.]
 [0.]
 [0.]
 [0.]
 [0.]
 [0.]
 [0.]
 [0.]
 [0.]
 [0.]
 [0.]
 [0.]
 [0.]
 [0.]
 [0.]
 [0.]
 [0.]
 [0.]
 [0.]
 [0.]
 [0.]
 [0.]
 [0.]
 [0.]
 [0.]
 [0.]
 [0.]
 [0.]
 [0.]
 [0.]
 [0.]
 [0.]
 [0.]
 [0.]
 [0.]
 [0.]
 [0.]
 [0.]
 [0.]
 [0.]
 [0.]
 [0.]
 [0.]
 [0.]
 [0.]
 [0.]
 [0.]
 [0.]
 [0.]
 [0.]
 [0.]
 [0.]
 [0.]
 [0.]
 [0.]
 [0.]
 [0.]
 [0.]
 [0.]
 [0.]
 [0.]
 [0.]
 [0.]
 [0.]
 [0.]
 [0.]
 [0.]
 [0.]
 [0.]
 [0.]
 [0.]
 [0.]
 [0.]
 [0.]
 [0.]
 [0.]
 [0.]
 [0.]
 [0.]
 [0.]
 [0.]
 [0.]
 [0.]
 [0.]
 [0.]
 [0.]
 [0.]
 [0.]
 [0.]
 [0.]
 [0.]
 [0.]
 [0.]
 [0.]
 [0.]
 [0.]
 [0.]
 [0.]]
CG: [[10.]
 [10.]
 [10.]
 [10.]
 [10.]
 [10.]
 [10.]
 [10.]
 [10.]
 [10.]
 [10.]
 [10.]
 [10.]
 [10.]
 [10.]
 [10.]
 [10.]
 [10.]
 [10.]
 [10.]
 [10.]
 [10.]
 [10.]
 [10.]
 [10.]
 [10.]
 [10.]
 [10.]
 [10.]
 [10.]
 [10.]
 [10.]
 [10.]
 [10.]
 [10.]
 [10.]
 [10.]
 [10.]
 [10.]
 [10.]
 [10.]
 [10.]
 [10.]
 [10.]
 [10.]
 [10.]
 [10.]
 [10.]
 [10.]
 [10.]
 [10.]
 [10.]
 [10.]
 [10.]
 [10.]
 [10.]
 [10.]
 [10.]
 [10.]
 [10.]
 [10.]
 [10.]
 [10.]
 [10.]
 [10.]
 [10.]
 [10.]
 [10.]
 [10.]
 [10.]
 [10.]
 [10.]
 [10.]
 [10.]
 [10.]
 [10.]
 [10.]
 [10.]
 [10.]
 [10.]
 [10.]
 [10.]
 [10.]
 [10.]
 [10.]
 [10.]
 [10.]
 [10.]
 [10.]
 [10.]
 [10.]
 [10.]
 [10.]
 [10.]
 [10.]
 [10.]
 [10.]
 [10.]
 [10.]
 [10.]]
RG: [[500.]
 [500.]
 [500.]
 [500.]
 [500.]
 [500.]
 [500.]
 [500.]
 [500.]
 [500.]
 [500.]
 [500.]
 [500.]
 [500.]
 [500.]
 [500.]
 [500.]
 [500.]
 [500.]
 [500.]
 [500.]
 [500.]
 [500.]
 [500.]
 [500.]
 [500.]
 [500.]
 [500.]
 [500.]
 [500.]
 [500.]
 [500.]
 [500.]
 [500.]
 [500.]
 [500.]
 [500.]
 [500.]
 [500.]
 [500.]
 [500.]
 [500.]
 [500.]
 [500.]
 [500.]
 [500.]
 [500.]
 [500.]
 [500.]
 [500.]
 [500.]
 [500.]
 [500.]
 [500.]
 [500.]
 [500.]
 [500.]
 [500.]
 [500.]
 [500.]
 [500.]
 [500.]
 [500.]
 [500.]
 [500.]
 [500.]
 [500.]
 [500.]
 [500.]
 [500.]
 [500.]
 [500.]
 [500.]
 [500.]
 [500.]
 [500.]
 [500.]
 [500.]
 [500.]
 [500.]
 [500.]
 [500.]
 [500.]
 [500.]
 [500.]
 [500.]
 [500.]
 [500.]
 [500.]
 [500.]
 [500.]
 [500.]
 [500.]
 [500.]
 [500.]
 [500.]
 [500.]
 [500.]
 [500.]
 [500.]]
Ch: [[1.64312807 2.19642244 1.3551101  1.09688756 2.96103313 1.14477185
  1.03049059 1.72226935 2.02943595 1.23728555 1.53102216]
 [1.26722434 1.68051575 2.62298952 1.30980542 1.19331972 1.05068344
  1.82454617 2.50370367 1.31926685 2.61881201 1.26894395]
 [2.96427454 1.30547196 2.49066221 1.42619235 2.00771447 1.02890393
  1.90123142 2.69117475 1.01409993 2.6098998  2.48262053]
 [1.59728591 1.20238773 1.21296146 2.55963212 1.59579135 1.17061528
  2.56693461 1.87146402 1.55752699 1.70006767 1.03472262]
 [2.69953367 2.88370993 1.49974651 1.84815544 1.78815444 1.18790017
  1.63064845 1.37941328 1.11435746 1.36637068 1.01003356]
 [1.49585512 2.73824891 2.32952867 2.45715839 1.85135997 2.51125033
  2.02533786 1.7161288  1.0156288  1.04896743 2.16556838]
 [2.76081442 1.06585594 1.53644401 2.97502295 1.09874433 1.53421334
  2.5740194  1.00566699 2.51730535 2.81307785 2.73256494]
 [2.93851161 1.10669003 2.62005512 1.71049238 1.70990989 1.81997895
  2.52401161 1.81938328 1.60753052 2.29704603 1.19517041]
 [1.86288175 1.15972336 1.64983789 2.88593305 1.01281752 1.54692149
  1.20844248 1.0917225  1.36685648 1.52493822 1.31909532]
 [1.65277793 1.19856918 2.01783271 2.73644417 1.43484837 2.12677027
  1.41484562 2.17534595 1.17208459 1.11520993 2.82966536]]
Cv: [[0.         0.         0.         0.         0.         0.
  0.         0.         0.         0.        ]
 [2.20696268 1.32258259 1.43792282 2.48052829 1.79612309 1.95302719
  1.31273808 1.06827309 1.55855952 2.32378428]
 [1.85549405 1.7946037  1.0239063  1.66140201 1.8747361  2.60862495
  2.03687797 1.16270946 1.12622807 2.91511864]
 [1.11976343 1.26792497 2.58821002 2.61431762 1.50052689 2.37930581
  2.44841804 1.58827385 1.24988843 1.77172464]
 [1.49713262 1.12685649 1.25094468 1.00649909 1.04125448 2.19875818
  1.57429936 1.08733833 1.82715342 2.04835254]
 [1.86943997 1.20635506 1.5668734  1.0504116  2.30752311 2.65437276
  1.60230528 2.69739464 1.29035444 1.38329414]
 [1.13273889 2.48907059 2.95179698 2.11338409 1.73099602 1.47560963
  2.00349864 1.77640566 1.40261171 2.56253206]
 [1.36963274 1.83073587 2.38410469 1.36996501 1.52922905 1.29187346
  1.61581172 1.44444742 2.14338384 2.53892761]
 [2.58493647 1.54016138 1.39862183 1.44915341 2.6463052  1.05346624
  1.85902207 1.56598509 1.25355808 2.84755636]
 [1.69430587 2.27848191 1.61668129 2.22049632 1.70110697 1.39141447
  2.85495045 1.66520533 2.50562687 2.96216221]]
Rh: [[14.92883835 14.01697007 10.00875608 12.69771481 11.5462673  10.69850916
   5.76968235  7.72592277  8.66904036  5.27462427  5.81397519]
 [ 9.79134918 11.61043001  7.64479261 12.12639766  8.7802661   9.56465704
   7.5570874   6.01559458  6.10326661 11.52420911  7.31608535]
 [14.52724947  7.36708669  7.7336311   5.1926315  10.88558633  6.81902203
   7.28558554 11.33599647  9.67899059  5.55480796 12.90797138]
 [ 8.18678815  7.42938791 13.25653527 13.33810922  9.20880171 14.79245159
   5.50527093  5.42149096  5.54548501  6.97397387 10.85849789]
 [ 7.40393578  6.40528661  9.39222758 13.62210581  6.68894387 10.11366553
   5.12249164  7.20589211  6.34689882 14.36796148 11.56473464]
 [ 7.15515033  5.13091387 13.29770925 11.49293551  8.26407886 11.32043796
  10.83108394 14.10162267 14.68542788  8.95591383  8.86230007]
 [ 6.08742103 11.60580164 10.80389185  5.3741265  14.5324782  12.64689384
   5.92312532  7.92066455  5.36746153  5.34535624  6.47702582]
 [ 7.04863774  9.85413934 10.34451502  6.947271    7.05786024 13.1122858
   5.31731373  8.29021914  5.90757594  6.81539184  8.41219032]
 [ 9.58549101  8.86157646 12.82479875 11.97380156  5.37619577 12.57646499
   8.07176641  5.46416809 12.29589402  5.56393458 11.600429  ]
 [10.63805952 14.57452816 10.89752634  6.35444594 14.31899044  5.54423556
   8.65825528  6.08079136 10.16630948  6.87226301 10.13068197]]
Rv: [[12.41984833 10.92686423  5.89021238 11.57142106  7.62954868  8.38663787
  14.71686537  7.45438385  8.25833203 13.40680398]
 [ 7.13382026  7.53631271  5.05944378 12.18240804  5.24070105 12.95843399
   8.45131275 12.65800253 14.3187782   5.66415721]
 [11.96842033  9.39281694  7.46640418 10.96347416 12.19907051  7.2472498
   9.76148606  6.33369732  5.90102977  9.52183619]
 [ 6.24192756  6.52770449  6.14817718 12.71061126  7.04692709  8.16470578
   7.52392399  6.91574223 10.44041037  5.63498667]
 [ 8.251102   12.01590601  9.02779695  5.49044149 10.34292092  7.27073477
   7.6670533   5.35414953 12.91238857 12.42543827]
 [14.08289377 13.57782599  5.0431357   8.25476898  8.20003938  5.99066038
   6.2208786   6.33825207 11.27060271  9.76344735]
 [ 9.75487027  9.51172     9.6382168   8.02177344 11.46434483  8.63938466
  11.70464606  6.52757042  6.73403127 12.17392315]
 [14.49557922  6.9089738   6.69843496  6.3152033   8.16628928  6.2464593
   9.00338957  7.04124563 11.53990465  9.16427964]
 [ 7.73837565  7.20158459 11.73292676  7.18651099  9.89780781  5.38314805
   6.09302924  5.6371536   9.62176388  6.56091646]]