-------Running parameters--------
T = 0.001
temperature_gradient = 0.0
gap = 0
M = 10
N = 10
VR = 0.0
Vmin = 0.0
Vmax = 1.1
vStep = 0.001
vSym = True
repeats = 20
fileName = array_10_10_disorder_c_std_0.5_r_std_9_run_2
dist = exp
fullOutput = True
use_graph = False
current_map = True
plot_current_map = False
plot_binary_current_map = False
frame_norm = False
dbg = False
resume = False
sc = False
leaping = False
constQ = False
modifyR = False
double_time = False
double_loop = False
output_folder = bgu_2d_finite_temperature_different_disorders
params_path = 
VG_avg = 0.0
VG_std = 0.0
C_avg = 2.0
C_std = 0.5
CG_avg = 10.0
CG_std = 0.0
R_avg = 10.0
R_std = 9.0
custom_rh = ""
custom_rv = ""
custom_ch = ""
custom_cv = ""
RG_avg = 500.0
RG_std = 0.0
n0_avg = 0.0
n0_std = 0.0
Q0_avg = 0.0
Q0_std = 0.0
----Array Parameters-----
Rows: 10
Columns: 10
VG: [[0.]
 [0.]
 [0.]
 [0.]
 [0.]
 [0.]
 [0.]
 [0.]
 [0.]
 [0.]
 [0.]
 [0.]
 [0.]
 [0.]
 [0.]
 [0.]
 [0.]
 [0.]
 [0.]
 [0.]
 [0.]
 [0.]
 [0.]
 [0.]
 [0.]
 [0.]
 [0.]
 [0.]
 [0.]
 [0.]
 [0.]
 [0.]
 [0.]
 [0.]
 [0.]
 [0.]
 [0.]
 [0.]
 [0.]
 [0.]
 [0.]
 [0.]
 [0.]
 [0.]
 [0.]
 [0.]
 [0.]
 [0.]
 [0.]
 [0.]
 [0.]
 [0.]
 [0.]
 [0.]
 [0.]
 [0.]
 [0.]
 [0.]
 [0.]
 [0.]
 [0.]
 [0.]
 [0.]
 [0.]
 [0.]
 [0.]
 [0.]
 [0.]
 [0.]
 [0.]
 [0.]
 [0.]
 [0.]
 [0.]
 [0.]
 [0.]
 [0.]
 [0.]
 [0.]
 [0.]
 [0.]
 [0.]
 [0.]
 [0.]
 [0.]
 [0.]
 [0.]
 [0.]
 [0.]
 [0.]
 [0.]
 [0.]
 [0.]
 [0.]
 [0.]
 [0.]
 [0.]
 [0.]
 [0.]
 [0.]]
CG: [[10.]
 [10.]
 [10.]
 [10.]
 [10.]
 [10.]
 [10.]
 [10.]
 [10.]
 [10.]
 [10.]
 [10.]
 [10.]
 [10.]
 [10.]
 [10.]
 [10.]
 [10.]
 [10.]
 [10.]
 [10.]
 [10.]
 [10.]
 [10.]
 [10.]
 [10.]
 [10.]
 [10.]
 [10.]
 [10.]
 [10.]
 [10.]
 [10.]
 [10.]
 [10.]
 [10.]
 [10.]
 [10.]
 [10.]
 [10.]
 [10.]
 [10.]
 [10.]
 [10.]
 [10.]
 [10.]
 [10.]
 [10.]
 [10.]
 [10.]
 [10.]
 [10.]
 [10.]
 [10.]
 [10.]
 [10.]
 [10.]
 [10.]
 [10.]
 [10.]
 [10.]
 [10.]
 [10.]
 [10.]
 [10.]
 [10.]
 [10.]
 [10.]
 [10.]
 [10.]
 [10.]
 [10.]
 [10.]
 [10.]
 [10.]
 [10.]
 [10.]
 [10.]
 [10.]
 [10.]
 [10.]
 [10.]
 [10.]
 [10.]
 [10.]
 [10.]
 [10.]
 [10.]
 [10.]
 [10.]
 [10.]
 [10.]
 [10.]
 [10.]
 [10.]
 [10.]
 [10.]
 [10.]
 [10.]
 [10.]]
RG: [[500.]
 [500.]
 [500.]
 [500.]
 [500.]
 [500.]
 [500.]
 [500.]
 [500.]
 [500.]
 [500.]
 [500.]
 [500.]
 [500.]
 [500.]
 [500.]
 [500.]
 [500.]
 [500.]
 [500.]
 [500.]
 [500.]
 [500.]
 [500.]
 [500.]
 [500.]
 [500.]
 [500.]
 [500.]
 [500.]
 [500.]
 [500.]
 [500.]
 [500.]
 [500.]
 [500.]
 [500.]
 [500.]
 [500.]
 [500.]
 [500.]
 [500.]
 [500.]
 [500.]
 [500.]
 [500.]
 [500.]
 [500.]
 [500.]
 [500.]
 [500.]
 [500.]
 [500.]
 [500.]
 [500.]
 [500.]
 [500.]
 [500.]
 [500.]
 [500.]
 [500.]
 [500.]
 [500.]
 [500.]
 [500.]
 [500.]
 [500.]
 [500.]
 [500.]
 [500.]
 [500.]
 [500.]
 [500.]
 [500.]
 [500.]
 [500.]
 [500.]
 [500.]
 [500.]
 [500.]
 [500.]
 [500.]
 [500.]
 [500.]
 [500.]
 [500.]
 [500.]
 [500.]
 [500.]
 [500.]
 [500.]
 [500.]
 [500.]
 [500.]
 [500.]
 [500.]
 [500.]
 [500.]
 [500.]
 [500.]]
Ch: [[2.08844361 2.01345615 2.28938513 2.10195877 2.15446317 1.61309049
  2.36026328 2.38029605 1.85613513 2.29342545 1.52160572]
 [2.01463089 2.33621328 1.59892713 2.44922367 1.88532032 2.31093697
  1.72307567 1.93664993 2.40093051 1.7438938  2.38870542]
 [2.02293554 2.06663687 1.94722197 2.25823669 2.02534777 1.53999101
  1.71336779 2.32238725 2.21208566 1.96626994 1.94810296]
 [1.52843616 1.54108744 2.22416583 1.96230619 2.26969472 1.54285652
  1.76696596 2.25180645 1.64231883 2.47068422 1.90417569]
 [2.29495088 2.1897706  2.05615628 2.05710873 1.73802109 2.25527281
  1.51837843 1.70643058 2.44112438 2.14887681 1.64575638]
 [2.10579982 1.92167839 2.41967125 2.3797297  1.78683408 1.68049851
  2.39913189 1.85608478 1.55334559 2.14502083 1.86351875]
 [2.13663206 1.94733148 1.9703452  2.12067478 1.68682909 1.66661232
  1.59309826 2.45168739 2.41584368 1.64203873 1.83600527]
 [1.94202695 1.92849566 2.09137356 1.52409435 2.37956715 2.00276159
  1.92998313 2.17457406 2.483978   2.49290536 1.81796167]
 [1.62319446 2.17633854 1.94374941 1.72714968 1.50226507 2.26834394
  2.34818474 1.8873347  1.75513488 1.58576794 1.65752875]
 [1.62392151 2.21250443 1.57773114 2.00809298 1.86702831 1.83469944
  1.78260814 1.87570903 1.59913065 1.98601353 1.72679213]]
Cv: [[0.         0.         0.         0.         0.         0.
  0.         0.         0.         0.        ]
 [1.60138776 1.5753431  1.59729429 2.06819575 1.64219427 2.18503324
  1.56847727 1.55490987 2.18413273 2.43909552]
 [2.22572304 2.3543632  1.61078329 2.23993986 1.5082375  2.43104441
  1.5924533  1.65009885 1.99900098 2.39457861]
 [1.63381185 1.65014345 2.04288643 2.47538697 1.54872725 2.2471023
  2.49258815 1.79458729 1.79631389 2.36428317]
 [2.22811393 1.67897868 1.86923191 2.15509993 2.23178319 2.13432797
  1.58577936 2.19089879 1.84991204 1.58573998]
 [1.79709012 1.78440531 1.55807337 1.9183133  2.2659245  2.13290366
  1.63261129 1.51182211 1.98623302 1.90280781]
 [2.0054691  2.01690511 2.34660942 1.51981427 1.78802272 1.99015155
  1.71645063 2.16781314 2.15005379 2.49418143]
 [2.39448831 2.00304906 2.03878693 1.55743755 2.44819774 1.59051952
  2.0597238  1.73154701 1.6577672  1.73774484]
 [1.73859883 1.67944557 1.80876892 1.75100353 2.41257893 2.03046093
  2.00846564 2.14058911 2.37245982 1.66893293]
 [2.03973882 1.85247625 1.77301809 2.48428544 2.31675373 2.41986904
  2.07015138 1.8269093  1.50687656 1.70514781]]
Rh: [[ 1.98263863  2.8641726   3.22243498  1.51824071  1.15964654  1.62308923
   8.18497054  2.5370756   2.03570078  9.43206879 10.38045656]
 [ 5.30532087  4.11085853  8.88139589  3.0771727   1.00351188  3.72024018
  14.42045318  5.78453983  9.84479957  9.16025261  3.20122299]
 [ 5.13534186 12.98498629 10.77994031  5.61592376 13.71415855 10.46752123
   5.1410376  14.13713699 17.21253221  1.67524656  1.91780584]
 [12.81368446  2.28051979  4.85512201 18.09895891  1.32903567  1.0118391
   1.62560682  8.10153799  2.52462747 10.20320038 12.22035705]
 [ 1.01014218  5.40411714  1.08685913 16.5215911   3.01355964  1.68530206
   1.81699628  3.54897209  4.41531049  8.0533619   3.67892619]
 [11.02198774  4.08704916 10.68078773  1.15508946  2.30545443  5.78999016
   8.23062837 16.06401232 17.4261908   5.31012692  2.15049176]
 [ 1.32417692 10.53476542  6.34039034  6.30451898  4.65431606  1.33090997
  15.35686513 12.08143457  1.14221082  3.87723859  4.21616644]
 [ 4.53843723  5.60662148  9.97378106  2.54617892  1.32401101  1.01073036
   3.70793826 13.33987652  3.17801049 12.91431705  3.20127671]
 [ 4.90221487  3.0097073  12.23501439  3.93860629  3.7290937   1.05884427
   1.33346797  3.46564173  2.17015819  1.99127301  7.89496114]
 [12.20680474  6.49951667  1.30369648  4.27572846  3.72491515  1.96036126
   2.65358032  1.04650326  1.49978365  4.77537482 11.88873657]]
Rv: [[12.91414564  5.3786322   2.15021524  1.18219938  2.70078363  9.75305584
   5.49784146 12.52208812  1.92945061 18.94818204]
 [ 2.63193891 12.89152184 10.76338298  1.32615872  1.01142982  3.58552068
   7.5494053   1.13221747  1.19753521  4.11890106]
 [ 3.31931279  4.12300957  2.03465158 18.43256048  1.16900966  6.7911083
  13.01837577 14.81555359  1.47036385  4.46098151]
 [ 7.66105795  2.46520111  3.55017436  6.89922117  1.47899292  4.11508574
   1.85370638  1.22569791  3.44056356  3.31609839]
 [ 8.2211118   3.14520766  5.06827278  1.22648589 14.0870417   2.87344211
   3.52098194  5.8279128   1.70475015  2.20213707]
 [ 1.56635082  5.78282472 18.13449537  2.47350319 13.52721342  1.64823613
   6.18227173  2.00713563  1.25626076  3.32967746]
 [ 1.60259792 11.16551846 17.06645756 17.08314229 10.1592251   1.30551815
   3.5785658   1.58670539  7.61288139  8.31603196]
 [ 2.96659627  9.96366419  3.38413698  1.38146078 13.82293471 11.67671542
  17.93034379  4.43843687  2.59402753  2.45295775]
 [ 1.32516514  1.9690734   6.19477046  3.45909473  7.2330832   2.5474316
   3.39735964 14.39739233  2.35183209  6.82900668]]