-------Running parameters--------
T = 0.001
temperature_gradient = 0.0
gap = 0
M = 10
N = 10
VR = 0.0
Vmin = 0.0
Vmax = 1.1
vStep = 0.001
vSym = True
repeats = 20
fileName = array_10_10_disorder_c_std_0_r_std_5_run_3
dist = exp
fullOutput = True
use_graph = False
current_map = True
plot_current_map = False
plot_binary_current_map = False
frame_norm = False
dbg = False
resume = False
sc = False
leaping = False
constQ = False
modifyR = False
double_time = False
double_loop = False
output_folder = bgu_2d_finite_temperature_different_disorders
params_path = 
VG_avg = 0.0
VG_std = 0.0
C_avg = 2.0
C_std = 0.0
CG_avg = 10.0
CG_std = 0.0
R_avg = 10.0
R_std = 5.0
custom_rh = ""
custom_rv = ""
custom_ch = ""
custom_cv = ""
RG_avg = 500.0
RG_std = 0.0
n0_avg = 0.0
n0_std = 0.0
Q0_avg = 0.0
Q0_std = 0.0
----Array Parameters-----
Rows: 10
Columns: 10
VG: [[0.]
 [0.]
 [0.]
 [0.]
 [0.]
 [0.]
 [0.]
 [0.]
 [0.]
 [0.]
 [0.]
 [0.]
 [0.]
 [0.]
 [0.]
 [0.]
 [0.]
 [0.]
 [0.]
 [0.]
 [0.]
 [0.]
 [0.]
 [0.]
 [0.]
 [0.]
 [0.]
 [0.]
 [0.]
 [0.]
 [0.]
 [0.]
 [0.]
 [0.]
 [0.]
 [0.]
 [0.]
 [0.]
 [0.]
 [0.]
 [0.]
 [0.]
 [0.]
 [0.]
 [0.]
 [0.]
 [0.]
 [0.]
 [0.]
 [0.]
 [0.]
 [0.]
 [0.]
 [0.]
 [0.]
 [0.]
 [0.]
 [0.]
 [0.]
 [0.]
 [0.]
 [0.]
 [0.]
 [0.]
 [0.]
 [0.]
 [0.]
 [0.]
 [0.]
 [0.]
 [0.]
 [0.]
 [0.]
 [0.]
 [0.]
 [0.]
 [0.]
 [0.]
 [0.]
 [0.]
 [0.]
 [0.]
 [0.]
 [0.]
 [0.]
 [0.]
 [0.]
 [0.]
 [0.]
 [0.]
 [0.]
 [0.]
 [0.]
 [0.]
 [0.]
 [0.]
 [0.]
 [0.]
 [0.]
 [0.]]
CG: [[10.]
 [10.]
 [10.]
 [10.]
 [10.]
 [10.]
 [10.]
 [10.]
 [10.]
 [10.]
 [10.]
 [10.]
 [10.]
 [10.]
 [10.]
 [10.]
 [10.]
 [10.]
 [10.]
 [10.]
 [10.]
 [10.]
 [10.]
 [10.]
 [10.]
 [10.]
 [10.]
 [10.]
 [10.]
 [10.]
 [10.]
 [10.]
 [10.]
 [10.]
 [10.]
 [10.]
 [10.]
 [10.]
 [10.]
 [10.]
 [10.]
 [10.]
 [10.]
 [10.]
 [10.]
 [10.]
 [10.]
 [10.]
 [10.]
 [10.]
 [10.]
 [10.]
 [10.]
 [10.]
 [10.]
 [10.]
 [10.]
 [10.]
 [10.]
 [10.]
 [10.]
 [10.]
 [10.]
 [10.]
 [10.]
 [10.]
 [10.]
 [10.]
 [10.]
 [10.]
 [10.]
 [10.]
 [10.]
 [10.]
 [10.]
 [10.]
 [10.]
 [10.]
 [10.]
 [10.]
 [10.]
 [10.]
 [10.]
 [10.]
 [10.]
 [10.]
 [10.]
 [10.]
 [10.]
 [10.]
 [10.]
 [10.]
 [10.]
 [10.]
 [10.]
 [10.]
 [10.]
 [10.]
 [10.]
 [10.]]
RG: [[500.]
 [500.]
 [500.]
 [500.]
 [500.]
 [500.]
 [500.]
 [500.]
 [500.]
 [500.]
 [500.]
 [500.]
 [500.]
 [500.]
 [500.]
 [500.]
 [500.]
 [500.]
 [500.]
 [500.]
 [500.]
 [500.]
 [500.]
 [500.]
 [500.]
 [500.]
 [500.]
 [500.]
 [500.]
 [500.]
 [500.]
 [500.]
 [500.]
 [500.]
 [500.]
 [500.]
 [500.]
 [500.]
 [500.]
 [500.]
 [500.]
 [500.]
 [500.]
 [500.]
 [500.]
 [500.]
 [500.]
 [500.]
 [500.]
 [500.]
 [500.]
 [500.]
 [500.]
 [500.]
 [500.]
 [500.]
 [500.]
 [500.]
 [500.]
 [500.]
 [500.]
 [500.]
 [500.]
 [500.]
 [500.]
 [500.]
 [500.]
 [500.]
 [500.]
 [500.]
 [500.]
 [500.]
 [500.]
 [500.]
 [500.]
 [500.]
 [500.]
 [500.]
 [500.]
 [500.]
 [500.]
 [500.]
 [500.]
 [500.]
 [500.]
 [500.]
 [500.]
 [500.]
 [500.]
 [500.]
 [500.]
 [500.]
 [500.]
 [500.]
 [500.]
 [500.]
 [500.]
 [500.]
 [500.]
 [500.]]
Ch: [[2. 2. 2. 2. 2. 2. 2. 2. 2. 2. 2.]
 [2. 2. 2. 2. 2. 2. 2. 2. 2. 2. 2.]
 [2. 2. 2. 2. 2. 2. 2. 2. 2. 2. 2.]
 [2. 2. 2. 2. 2. 2. 2. 2. 2. 2. 2.]
 [2. 2. 2. 2. 2. 2. 2. 2. 2. 2. 2.]
 [2. 2. 2. 2. 2. 2. 2. 2. 2. 2. 2.]
 [2. 2. 2. 2. 2. 2. 2. 2. 2. 2. 2.]
 [2. 2. 2. 2. 2. 2. 2. 2. 2. 2. 2.]
 [2. 2. 2. 2. 2. 2. 2. 2. 2. 2. 2.]
 [2. 2. 2. 2. 2. 2. 2. 2. 2. 2. 2.]]
Cv: [[0. 0. 0. 0. 0. 0. 0. 0. 0. 0.]
 [2. 2. 2. 2. 2. 2. 2. 2. 2. 2.]
 [2. 2. 2. 2. 2. 2. 2. 2. 2. 2.]
 [2. 2. 2. 2. 2. 2. 2. 2. 2. 2.]
 [2. 2. 2. 2. 2. 2. 2. 2. 2. 2.]
 [2. 2. 2. 2. 2. 2. 2. 2. 2. 2.]
 [2. 2. 2. 2. 2. 2. 2. 2. 2. 2.]
 [2. 2. 2. 2. 2. 2. 2. 2. 2. 2.]
 [2. 2. 2. 2. 2. 2. 2. 2. 2. 2.]
 [2. 2. 2. 2. 2. 2. 2. 2. 2. 2.]]
Rh: [[10.72902459 10.92935328  8.30681437 14.33892737 12.00618518  5.41260054
  14.21075058  5.86596608  6.65644965  5.93170311  5.22332644]
 [11.84765563  5.79146416 13.85375394 11.12547335  7.53443187 10.99606544
   9.17291767  5.29917954 14.8623731   5.10917632  6.82565106]
 [ 5.23231511 11.8913224   6.87597348 13.01506106  6.49503261 12.86282794
   5.44149572 12.7112285   6.18288004 13.7649404   8.30299163]
 [ 5.36336283  8.28099063  8.80083892  7.245887   11.64156039 13.81052463
   9.71955462 12.45417107 10.26001555  7.55357952 12.16561856]
 [ 7.43709346 12.54874232 10.66694397  8.64388974  7.72730176  8.5318882
  13.18787124 12.2240676   6.10399426  9.59750197 12.0524227 ]
 [12.30652924  7.23075337  5.53641115  9.64835565 10.69467925  9.66235111
   5.14786734  8.53097301  7.07649448  5.77922604 14.52669098]
 [ 7.02433944 13.20658111  5.9394832   7.27316443  5.16821272  5.71337915
   8.11309448  5.84340209  6.75680341  6.2073047   9.41667404]
 [ 5.64824112 13.61565171  5.52200641  6.30560154 12.58018654 14.67178693
   9.91612156  6.12056527  6.7320887  14.37690589 13.04516555]
 [ 6.83402031 14.95733767  7.00726639  5.50431623  8.79429451  6.16542782
   6.38019443  8.66444818  6.1217743  12.93178907  6.11391485]
 [ 7.0479592   9.57936391  8.90762796  7.48832324  7.1584792   6.15179185
   9.33920366  9.55582432  5.42128189  6.9657013  11.76606302]]
Rv: [[ 7.36280836  9.66705794  7.00943601  5.93466203  5.58227528  5.62251282
   7.90051137  6.94306606  9.14192849  7.78984914]
 [ 6.10386934 13.08785539  6.11162109 13.81002706  6.29535025  7.0775689
  13.2978068   5.81778241  5.48326494  5.23184454]
 [10.79501848  8.94386182  9.38836725 12.32080741  7.33146048  6.23770302
   7.77165401 11.96948559  7.51924279  7.26362378]
 [14.88695148 12.9411058   9.54822478  7.74522368  6.57005079  6.09372877
   5.77728267 12.365821    7.60498972  8.59587148]
 [12.69961809 13.18595443 11.93950237 12.32152234  9.44914472  6.80450079
   5.69128762 10.13199391  7.18285286  8.35151786]
 [12.42387597  8.15290476  6.53834091  5.25026952  8.85705617  7.13769759
   8.15761779  6.58743205  7.71899003  5.04445306]
 [ 7.75386036  5.21245055  7.12130494 14.59261027  5.98710551 14.8062734
  14.40532706 14.65331371  5.1552668  13.34898102]
 [10.09661841  5.89034164  7.05301281 12.56592109  7.34662031  5.42335439
  12.14272513 10.37758853  5.29487787  7.6529864 ]
 [12.9603392   6.13810064  5.97838646  7.30863675  5.41732936  5.84590621
  14.36632365  6.60215957  6.13085758  8.87903784]]