-------Running parameters--------
T = 0.001
temperature_gradient = 0.0
gap = 0
M = 10
N = 10
VR = 0.0
Vmin = 0.0
Vmax = 1.1
vStep = 0.001
vSym = True
repeats = 20
fileName = array_10_10_disorder_c_std_0.5_r_std_5_run_3
dist = exp
fullOutput = True
use_graph = False
current_map = True
plot_current_map = False
plot_binary_current_map = False
frame_norm = False
dbg = False
resume = False
sc = False
leaping = False
constQ = False
modifyR = False
double_time = False
double_loop = False
output_folder = bgu_2d_finite_temperature_different_disorders
params_path = 
VG_avg = 0.0
VG_std = 0.0
C_avg = 2.0
C_std = 0.5
CG_avg = 10.0
CG_std = 0.0
R_avg = 10.0
R_std = 5.0
custom_rh = ""
custom_rv = ""
custom_ch = ""
custom_cv = ""
RG_avg = 500.0
RG_std = 0.0
n0_avg = 0.0
n0_std = 0.0
Q0_avg = 0.0
Q0_std = 0.0
----Array Parameters-----
Rows: 10
Columns: 10
VG: [[0.]
 [0.]
 [0.]
 [0.]
 [0.]
 [0.]
 [0.]
 [0.]
 [0.]
 [0.]
 [0.]
 [0.]
 [0.]
 [0.]
 [0.]
 [0.]
 [0.]
 [0.]
 [0.]
 [0.]
 [0.]
 [0.]
 [0.]
 [0.]
 [0.]
 [0.]
 [0.]
 [0.]
 [0.]
 [0.]
 [0.]
 [0.]
 [0.]
 [0.]
 [0.]
 [0.]
 [0.]
 [0.]
 [0.]
 [0.]
 [0.]
 [0.]
 [0.]
 [0.]
 [0.]
 [0.]
 [0.]
 [0.]
 [0.]
 [0.]
 [0.]
 [0.]
 [0.]
 [0.]
 [0.]
 [0.]
 [0.]
 [0.]
 [0.]
 [0.]
 [0.]
 [0.]
 [0.]
 [0.]
 [0.]
 [0.]
 [0.]
 [0.]
 [0.]
 [0.]
 [0.]
 [0.]
 [0.]
 [0.]
 [0.]
 [0.]
 [0.]
 [0.]
 [0.]
 [0.]
 [0.]
 [0.]
 [0.]
 [0.]
 [0.]
 [0.]
 [0.]
 [0.]
 [0.]
 [0.]
 [0.]
 [0.]
 [0.]
 [0.]
 [0.]
 [0.]
 [0.]
 [0.]
 [0.]
 [0.]]
CG: [[10.]
 [10.]
 [10.]
 [10.]
 [10.]
 [10.]
 [10.]
 [10.]
 [10.]
 [10.]
 [10.]
 [10.]
 [10.]
 [10.]
 [10.]
 [10.]
 [10.]
 [10.]
 [10.]
 [10.]
 [10.]
 [10.]
 [10.]
 [10.]
 [10.]
 [10.]
 [10.]
 [10.]
 [10.]
 [10.]
 [10.]
 [10.]
 [10.]
 [10.]
 [10.]
 [10.]
 [10.]
 [10.]
 [10.]
 [10.]
 [10.]
 [10.]
 [10.]
 [10.]
 [10.]
 [10.]
 [10.]
 [10.]
 [10.]
 [10.]
 [10.]
 [10.]
 [10.]
 [10.]
 [10.]
 [10.]
 [10.]
 [10.]
 [10.]
 [10.]
 [10.]
 [10.]
 [10.]
 [10.]
 [10.]
 [10.]
 [10.]
 [10.]
 [10.]
 [10.]
 [10.]
 [10.]
 [10.]
 [10.]
 [10.]
 [10.]
 [10.]
 [10.]
 [10.]
 [10.]
 [10.]
 [10.]
 [10.]
 [10.]
 [10.]
 [10.]
 [10.]
 [10.]
 [10.]
 [10.]
 [10.]
 [10.]
 [10.]
 [10.]
 [10.]
 [10.]
 [10.]
 [10.]
 [10.]
 [10.]]
RG: [[500.]
 [500.]
 [500.]
 [500.]
 [500.]
 [500.]
 [500.]
 [500.]
 [500.]
 [500.]
 [500.]
 [500.]
 [500.]
 [500.]
 [500.]
 [500.]
 [500.]
 [500.]
 [500.]
 [500.]
 [500.]
 [500.]
 [500.]
 [500.]
 [500.]
 [500.]
 [500.]
 [500.]
 [500.]
 [500.]
 [500.]
 [500.]
 [500.]
 [500.]
 [500.]
 [500.]
 [500.]
 [500.]
 [500.]
 [500.]
 [500.]
 [500.]
 [500.]
 [500.]
 [500.]
 [500.]
 [500.]
 [500.]
 [500.]
 [500.]
 [500.]
 [500.]
 [500.]
 [500.]
 [500.]
 [500.]
 [500.]
 [500.]
 [500.]
 [500.]
 [500.]
 [500.]
 [500.]
 [500.]
 [500.]
 [500.]
 [500.]
 [500.]
 [500.]
 [500.]
 [500.]
 [500.]
 [500.]
 [500.]
 [500.]
 [500.]
 [500.]
 [500.]
 [500.]
 [500.]
 [500.]
 [500.]
 [500.]
 [500.]
 [500.]
 [500.]
 [500.]
 [500.]
 [500.]
 [500.]
 [500.]
 [500.]
 [500.]
 [500.]
 [500.]
 [500.]
 [500.]
 [500.]
 [500.]
 [500.]]
Ch: [[1.86374141 1.7943122  1.91549747 1.70362232 2.21868005 2.15240896
  1.97545317 2.36385987 2.0799722  1.98007273 1.51223934]
 [1.88428167 2.23237495 2.17211794 2.30819459 1.60269882 1.75499182
  2.40643808 1.97891941 2.29707246 2.43431624 2.07354882]
 [2.19032663 1.72458679 2.25969108 1.72865113 1.60278679 1.64426915
  1.78022573 1.85953531 1.91453513 1.56296899 1.7576911 ]
 [2.15631471 1.82784879 1.93902613 1.93819577 1.83863685 1.74672704
  2.16866297 2.11966918 1.6887112  1.74399821 1.64096772]
 [1.93300575 1.95105387 2.02490687 1.6082926  2.37073679 1.68912599
  2.23012984 1.62488776 1.81734914 1.9885975  1.77215735]
 [2.02547432 1.50951957 2.39324803 2.44482169 2.17167006 2.29601689
  2.14865885 2.01562544 1.77023601 1.59062323 1.79467575]
 [1.99740664 2.44663244 1.53538253 1.59053227 1.7738224  1.55668687
  2.07284522 1.50730695 1.69612751 1.90593501 1.62607008]
 [2.08472398 2.49391437 1.91016837 2.27077637 2.07805681 2.04031422
  1.61876221 1.87914786 1.69421384 1.80870775 1.98361021]
 [2.17233988 1.70656748 1.57046402 2.05739683 1.86361608 2.02806356
  2.38501938 2.02126344 1.93913968 1.54972161 1.80537799]
 [1.90356149 1.73431078 2.32652243 2.12995156 1.55863897 1.70037101
  1.61443163 2.26265212 1.70902707 2.22351583 1.58044099]]
Cv: [[0.         0.         0.         0.         0.         0.
  0.         0.         0.         0.        ]
 [2.2695521  2.43814917 1.69623056 1.63304406 1.80883659 1.86168338
  2.03202756 2.48731828 2.16492518 2.3373023 ]
 [1.57876634 2.10421305 1.78196222 1.58447337 1.91834317 1.50975273
  1.65459018 1.91418168 1.55811447 1.5668033 ]
 [1.51524216 2.39511132 2.21010082 1.79310922 2.13942982 2.45327717
  1.50245705 2.43078536 1.95334845 2.25098288]
 [1.92578604 1.66239133 2.37103645 2.35108862 1.71505746 1.93351429
  1.50757872 2.25264335 2.41944505 2.43211379]
 [1.55118664 1.94165342 1.92990277 1.59835482 2.19448086 1.6476406
  1.73980921 2.03737735 1.58192012 1.52994445]
 [1.68306075 1.64305012 2.32728633 1.66532382 1.92989586 1.51748466
  1.68733983 1.65020615 1.82073271 2.17669408]
 [1.8997344  2.14003411 1.93434736 2.003818   1.54777498 2.11824521
  2.38843395 1.64682723 2.31942423 1.98643165]
 [1.90348736 1.57190402 2.05411632 1.85612106 2.08307652 2.2792064
  2.48596146 1.83268612 2.23027882 2.43250856]
 [1.65741251 1.77062493 1.62312829 2.02608397 1.58995908 2.05011553
  1.75277945 2.36827261 1.78218889 1.62762925]]
Rh: [[12.99977143  6.24478882 12.02179362 13.07428455  5.25876541  9.80980846
  10.05055814  8.20404702  6.94628042 12.75549498  6.88527873]
 [ 5.77970973 11.38442338 11.08712136  7.61213204 10.08159169 11.16919582
   7.5974248   6.03428758 13.01835462  5.04911571 11.1606796 ]
 [ 7.59220795 10.52434106 14.65412238  7.92395178 11.05113729 12.54865899
   7.18977985 14.05203563  8.66555035  8.20050946 11.7508769 ]
 [ 5.1861011   8.11967956 11.72772277 12.68267037 11.92969376  8.82858677
  10.54516465 13.40717786  7.89323291  5.70826288  7.29224002]
 [11.16878771 12.0216841  13.17093912  7.38887018  9.12482813  8.76920613
  12.4407668  10.18032547 12.24271961 12.37649786 13.21475493]
 [ 5.9408216   6.11149966 10.65507831  7.4243177   7.17084068 11.16822021
   8.23799869  6.4770131   5.33791786  5.12897286 13.05056232]
 [ 7.63971062  6.98783247 14.52685372  8.20250427 11.72302667  5.26478296
   9.1361582   6.71334778  5.09008724 10.53018252  9.89949327]
 [ 8.77141229  8.69266128 11.41637879  5.81667262 11.9164723  12.37120172
   6.18357567 10.93900054  9.30080103 12.24820187 10.87461289]
 [ 7.52511753 14.53574783 11.49412383 11.95848474 11.60397569  5.78757774
   9.32019665  6.69151649  5.82052742  6.79888193  9.85147133]
 [ 5.18590976 11.36284577  5.75784252 12.41549328 13.85743449  5.43482016
   6.68174828  6.11278847  8.90191909  5.83615591 12.56224479]]
Rv: [[ 5.32087343  5.85561423  5.44171251  7.18932923  6.95206039  6.35018794
   8.33755078  9.19421659 14.09461019 11.05303601]
 [14.04356215  8.41928369  7.54883116 10.09699597 11.34659124  7.66792871
   9.73654908  5.18407534  5.23297589 13.87621464]
 [10.87858602  5.91009115 10.72103985 12.25228645  6.49912054  5.14118693
  12.49921641  7.97443647  9.11626281 14.91009415]
 [14.44643877 13.42082622 12.42284195 13.38120307 10.29149539 14.55241775
  12.83032713  7.23607923  7.5809858  13.05617307]
 [ 9.99573269 12.82002431  6.86231003  7.43993557 11.57515113 14.86706427
   9.26675667  5.69406893  7.7167684   5.70805539]
 [ 5.14762395  5.79207004  9.45349919  5.14983095  8.77202328  7.49765795
  12.78235344 14.02194346 12.82598595  6.1173839 ]
 [ 7.64163747 13.00066576  6.12488251 11.6572914   5.47268393 14.42128137
   7.83723556 10.4551434   6.6930949  11.2573858 ]
 [ 8.39099345  7.55188582 13.27057824  5.78427757  9.45927598  9.97509069
   8.34069227 11.66776392  5.8870698   9.46343936]
 [ 7.37059142 14.65687588  7.18004819 13.32563263  8.81219595  5.2273551
  10.72559367 10.52316472  9.27072621  5.78390115]]