-------Running parameters--------
T = 0.001
temperature_gradient = 0.0
gap = 0
M = 10
N = 10
VR = 0.0
Vmin = 0.0
Vmax = 1.1
vStep = 0.001
vSym = True
repeats = 20
fileName = array_10_10_disorder_c_std_0.1_r_std_5_run_4
dist = exp
fullOutput = True
use_graph = False
current_map = True
plot_current_map = False
plot_binary_current_map = False
frame_norm = False
dbg = False
resume = False
sc = False
leaping = False
constQ = False
modifyR = False
double_time = False
double_loop = False
output_folder = bgu_2d_finite_temperature_different_disorders
params_path = 
VG_avg = 0.0
VG_std = 0.0
C_avg = 2.0
C_std = 0.1
CG_avg = 10.0
CG_std = 0.0
R_avg = 10.0
R_std = 5.0
custom_rh = ""
custom_rv = ""
custom_ch = ""
custom_cv = ""
RG_avg = 500.0
RG_std = 0.0
n0_avg = 0.0
n0_std = 0.0
Q0_avg = 0.0
Q0_std = 0.0
----Array Parameters-----
Rows: 10
Columns: 10
VG: [[0.]
 [0.]
 [0.]
 [0.]
 [0.]
 [0.]
 [0.]
 [0.]
 [0.]
 [0.]
 [0.]
 [0.]
 [0.]
 [0.]
 [0.]
 [0.]
 [0.]
 [0.]
 [0.]
 [0.]
 [0.]
 [0.]
 [0.]
 [0.]
 [0.]
 [0.]
 [0.]
 [0.]
 [0.]
 [0.]
 [0.]
 [0.]
 [0.]
 [0.]
 [0.]
 [0.]
 [0.]
 [0.]
 [0.]
 [0.]
 [0.]
 [0.]
 [0.]
 [0.]
 [0.]
 [0.]
 [0.]
 [0.]
 [0.]
 [0.]
 [0.]
 [0.]
 [0.]
 [0.]
 [0.]
 [0.]
 [0.]
 [0.]
 [0.]
 [0.]
 [0.]
 [0.]
 [0.]
 [0.]
 [0.]
 [0.]
 [0.]
 [0.]
 [0.]
 [0.]
 [0.]
 [0.]
 [0.]
 [0.]
 [0.]
 [0.]
 [0.]
 [0.]
 [0.]
 [0.]
 [0.]
 [0.]
 [0.]
 [0.]
 [0.]
 [0.]
 [0.]
 [0.]
 [0.]
 [0.]
 [0.]
 [0.]
 [0.]
 [0.]
 [0.]
 [0.]
 [0.]
 [0.]
 [0.]
 [0.]]
CG: [[10.]
 [10.]
 [10.]
 [10.]
 [10.]
 [10.]
 [10.]
 [10.]
 [10.]
 [10.]
 [10.]
 [10.]
 [10.]
 [10.]
 [10.]
 [10.]
 [10.]
 [10.]
 [10.]
 [10.]
 [10.]
 [10.]
 [10.]
 [10.]
 [10.]
 [10.]
 [10.]
 [10.]
 [10.]
 [10.]
 [10.]
 [10.]
 [10.]
 [10.]
 [10.]
 [10.]
 [10.]
 [10.]
 [10.]
 [10.]
 [10.]
 [10.]
 [10.]
 [10.]
 [10.]
 [10.]
 [10.]
 [10.]
 [10.]
 [10.]
 [10.]
 [10.]
 [10.]
 [10.]
 [10.]
 [10.]
 [10.]
 [10.]
 [10.]
 [10.]
 [10.]
 [10.]
 [10.]
 [10.]
 [10.]
 [10.]
 [10.]
 [10.]
 [10.]
 [10.]
 [10.]
 [10.]
 [10.]
 [10.]
 [10.]
 [10.]
 [10.]
 [10.]
 [10.]
 [10.]
 [10.]
 [10.]
 [10.]
 [10.]
 [10.]
 [10.]
 [10.]
 [10.]
 [10.]
 [10.]
 [10.]
 [10.]
 [10.]
 [10.]
 [10.]
 [10.]
 [10.]
 [10.]
 [10.]
 [10.]]
RG: [[500.]
 [500.]
 [500.]
 [500.]
 [500.]
 [500.]
 [500.]
 [500.]
 [500.]
 [500.]
 [500.]
 [500.]
 [500.]
 [500.]
 [500.]
 [500.]
 [500.]
 [500.]
 [500.]
 [500.]
 [500.]
 [500.]
 [500.]
 [500.]
 [500.]
 [500.]
 [500.]
 [500.]
 [500.]
 [500.]
 [500.]
 [500.]
 [500.]
 [500.]
 [500.]
 [500.]
 [500.]
 [500.]
 [500.]
 [500.]
 [500.]
 [500.]
 [500.]
 [500.]
 [500.]
 [500.]
 [500.]
 [500.]
 [500.]
 [500.]
 [500.]
 [500.]
 [500.]
 [500.]
 [500.]
 [500.]
 [500.]
 [500.]
 [500.]
 [500.]
 [500.]
 [500.]
 [500.]
 [500.]
 [500.]
 [500.]
 [500.]
 [500.]
 [500.]
 [500.]
 [500.]
 [500.]
 [500.]
 [500.]
 [500.]
 [500.]
 [500.]
 [500.]
 [500.]
 [500.]
 [500.]
 [500.]
 [500.]
 [500.]
 [500.]
 [500.]
 [500.]
 [500.]
 [500.]
 [500.]
 [500.]
 [500.]
 [500.]
 [500.]
 [500.]
 [500.]
 [500.]
 [500.]
 [500.]
 [500.]]
Ch: [[2.03798007 2.0864423  2.00759434 2.01598946 2.05686405 1.96555513
  2.06863665 2.06078438 1.94591423 1.91238518 2.01001551]
 [2.0636789  1.94995405 2.05883486 1.90327009 1.93476166 1.916216
  1.90074616 1.90841522 2.06730013 2.05542944 2.06336387]
 [1.91246139 2.09224323 2.07112066 1.95316074 1.93968425 1.98757152
  1.98380591 1.94586081 1.9101944  1.97222278 1.99981311]
 [1.986302   1.95086079 2.07339534 2.0313774  2.00812093 1.91300308
  1.93131728 1.91781111 2.09893124 1.93269025 1.91764704]
 [2.03139485 2.00168697 1.98399073 1.91714819 1.9351644  1.9603844
  2.04393606 1.94381679 2.02634863 1.95846729 2.03605265]
 [1.97687972 2.0628387  1.95420539 2.06096735 2.07818561 2.0631657
  2.04800224 2.02637977 2.01103686 1.9784275  1.92374485]
 [2.04260561 1.91470749 1.92598338 1.91999384 2.02908939 2.02998314
  1.9334423  2.08600165 2.05479664 1.96626603 1.91008592]
 [2.0150844  2.04368453 1.97967482 1.96962588 2.07490512 2.05181535
  2.08890884 2.03909348 1.91794472 2.07900646 1.9241688 ]
 [1.90193104 1.94076951 2.09859602 2.03230832 1.96788384 2.01291961
  2.08548663 1.91488638 2.04617109 2.05415229 2.02028191]
 [2.07400019 2.03615616 1.96121249 1.94065646 1.94389072 1.98779193
  2.0105251  2.08588623 1.94463996 1.93918761 1.92347745]]
Cv: [[0.         0.         0.         0.         0.         0.
  0.         0.         0.         0.        ]
 [1.96045501 2.09620161 2.00931693 2.09858708 1.98337388 2.00592713
  2.09605191 1.99339329 1.94609371 2.07594729]
 [1.99408448 2.04635449 1.99379212 1.99722327 1.96855914 2.08569783
  1.94030972 1.99498078 1.95771698 1.91315363]
 [2.01530724 2.07488401 1.9434163  1.95808463 2.00072422 1.95339858
  1.93123103 1.9627063  1.91919181 1.9378563 ]
 [1.90687113 2.02373792 2.00304138 1.95174239 1.92880908 2.08500842
  2.06853842 1.94960059 2.01014836 2.08831848]
 [2.01709937 2.04382845 2.08734522 2.0872226  2.02397025 1.96581282
  1.92427985 1.97077708 1.93677256 2.05061198]
 [2.02702236 2.09147942 2.05902233 2.06627639 2.05955576 2.07439879
  1.95388172 1.96624165 2.04704444 2.02120367]
 [2.05965425 1.98136484 1.99491139 1.97313768 2.02406401 2.01374557
  1.99695973 1.9345458  2.00396622 1.9616177 ]
 [2.02011608 2.06128193 2.09566498 1.92638981 1.99713423 2.012023
  2.05534659 2.08278685 2.03785246 2.00447458]
 [2.0711549  2.02233758 2.0281742  2.09826947 1.92289193 2.03845795
  1.96962472 1.94391586 2.05106155 2.09966749]]
Rh: [[ 7.26616714  6.2148572   5.41549672 12.070058   10.68269999 13.94516417
   5.56321083 11.20148229 12.35334705 14.38967783  6.53672006]
 [ 6.56133587  5.83432019  6.20271751  8.42515631 14.93302673 12.37067708
   6.84083803 10.11607495 10.39182069  8.81240042  7.70466646]
 [ 8.80994406  5.97646173 12.37631104  6.8385035   5.12922815 10.47347155
   7.23634474 11.37442241  9.69401914  6.62615808  9.67767662]
 [12.87254526  9.86820835  5.81629327  7.70637926  9.38371935  5.11824515
   9.7840333   5.77666977  7.14102308  7.0868074   6.62091887]
 [14.16478073  5.41014869  5.68944313  5.50954287  6.37327452 10.5910445
   9.21622475 12.41986232  6.87824589  9.03318271  8.69528594]
 [11.31543989  5.5912371   9.99868562  5.91231554 14.64311695 10.31762857
   5.56592843  5.4533385   8.97650194 10.23170421  7.97183451]
 [ 8.97484683  9.49765358  7.9389869  10.29528674 14.89434387 11.68274876
   5.53887958 11.44353654 12.63629625  6.2737695   6.37081548]
 [14.32584016 13.85724853 10.52415726 13.0347334   6.45654486 12.928302
   7.64340611  7.34356945 14.94460152  5.11182117  5.40066427]
 [14.40115817 14.10683006 12.73697513  8.50902376 12.77204721 13.87821955
   5.12773195  5.91300785  6.73776756  5.23001164  8.93625349]
 [ 6.07427782  6.92200761  7.3388005  10.07327203  7.21361632 10.21322019
  10.86669601  5.67530143 12.13738551  6.04025128  7.08206696]]
Rv: [[ 5.45297104  7.71598383  8.1219875  14.81583992 14.51885634 13.54410375
   7.94063694  7.70850015  5.34307467 13.82884845]
 [12.71654204  8.5517927   6.0836535   6.31108853  7.70898453  8.56297312
  10.87717287 10.77703948  9.76087723 10.15777177]
 [ 7.51211173  5.25292666 12.19057102  7.21922292  6.31036963  6.22587467
  11.22297528  8.46846665  5.0654739   6.54552528]
 [10.2827582   5.21000557  8.42420331 12.77384668  5.03967442  5.20510823
   9.46237932  9.92367231 14.06860901  7.14945298]
 [ 5.85518246 12.09155069 12.45216853  7.37412065  7.33141548  9.22505765
   9.01401867 14.31064345  5.59201894  5.70803793]
 [10.97893401  6.93090078  7.22169809 13.37532674  7.50241072  6.01278172
   9.34216726 13.92185492  7.83484327  6.73640101]
 [10.29074784  5.23816019 13.20909492 14.21661776  6.46449581  5.74880682
  10.41820974 12.13116754  7.82222294 11.19070686]
 [ 5.42993092 10.58759232  7.06287197  5.81437643  8.40855792  5.63891164
   5.14590368  5.26761533  7.15471277 13.19559423]
 [ 8.87237909  6.73827114  7.36356648 11.88769511  9.12656193 13.88863197
  13.18657442  6.37266197  6.25632762 10.76792335]]