-------Running parameters--------
T = 0.001
temperature_gradient = 0.0
gap = 0
M = 10
N = 10
VR = 0.0
Vmin = 0.0
Vmax = 1.1
vStep = 0.001
vSym = True
repeats = 20
fileName = array_10_10_disorder_c_std_0.1_r_std_1_run_1
dist = exp
fullOutput = True
use_graph = False
current_map = True
plot_current_map = False
plot_binary_current_map = False
frame_norm = False
dbg = False
resume = False
sc = False
leaping = False
constQ = False
modifyR = False
double_time = False
double_loop = False
output_folder = bgu_2d_finite_temperature_different_disorders
params_path = 
VG_avg = 0.0
VG_std = 0.0
C_avg = 2.0
C_std = 0.1
CG_avg = 10.0
CG_std = 0.0
R_avg = 10.0
R_std = 1.0
custom_rh = ""
custom_rv = ""
custom_ch = ""
custom_cv = ""
RG_avg = 500.0
RG_std = 0.0
n0_avg = 0.0
n0_std = 0.0
Q0_avg = 0.0
Q0_std = 0.0
----Array Parameters-----
Rows: 10
Columns: 10
VG: [[0.]
 [0.]
 [0.]
 [0.]
 [0.]
 [0.]
 [0.]
 [0.]
 [0.]
 [0.]
 [0.]
 [0.]
 [0.]
 [0.]
 [0.]
 [0.]
 [0.]
 [0.]
 [0.]
 [0.]
 [0.]
 [0.]
 [0.]
 [0.]
 [0.]
 [0.]
 [0.]
 [0.]
 [0.]
 [0.]
 [0.]
 [0.]
 [0.]
 [0.]
 [0.]
 [0.]
 [0.]
 [0.]
 [0.]
 [0.]
 [0.]
 [0.]
 [0.]
 [0.]
 [0.]
 [0.]
 [0.]
 [0.]
 [0.]
 [0.]
 [0.]
 [0.]
 [0.]
 [0.]
 [0.]
 [0.]
 [0.]
 [0.]
 [0.]
 [0.]
 [0.]
 [0.]
 [0.]
 [0.]
 [0.]
 [0.]
 [0.]
 [0.]
 [0.]
 [0.]
 [0.]
 [0.]
 [0.]
 [0.]
 [0.]
 [0.]
 [0.]
 [0.]
 [0.]
 [0.]
 [0.]
 [0.]
 [0.]
 [0.]
 [0.]
 [0.]
 [0.]
 [0.]
 [0.]
 [0.]
 [0.]
 [0.]
 [0.]
 [0.]
 [0.]
 [0.]
 [0.]
 [0.]
 [0.]
 [0.]]
CG: [[10.]
 [10.]
 [10.]
 [10.]
 [10.]
 [10.]
 [10.]
 [10.]
 [10.]
 [10.]
 [10.]
 [10.]
 [10.]
 [10.]
 [10.]
 [10.]
 [10.]
 [10.]
 [10.]
 [10.]
 [10.]
 [10.]
 [10.]
 [10.]
 [10.]
 [10.]
 [10.]
 [10.]
 [10.]
 [10.]
 [10.]
 [10.]
 [10.]
 [10.]
 [10.]
 [10.]
 [10.]
 [10.]
 [10.]
 [10.]
 [10.]
 [10.]
 [10.]
 [10.]
 [10.]
 [10.]
 [10.]
 [10.]
 [10.]
 [10.]
 [10.]
 [10.]
 [10.]
 [10.]
 [10.]
 [10.]
 [10.]
 [10.]
 [10.]
 [10.]
 [10.]
 [10.]
 [10.]
 [10.]
 [10.]
 [10.]
 [10.]
 [10.]
 [10.]
 [10.]
 [10.]
 [10.]
 [10.]
 [10.]
 [10.]
 [10.]
 [10.]
 [10.]
 [10.]
 [10.]
 [10.]
 [10.]
 [10.]
 [10.]
 [10.]
 [10.]
 [10.]
 [10.]
 [10.]
 [10.]
 [10.]
 [10.]
 [10.]
 [10.]
 [10.]
 [10.]
 [10.]
 [10.]
 [10.]
 [10.]]
RG: [[500.]
 [500.]
 [500.]
 [500.]
 [500.]
 [500.]
 [500.]
 [500.]
 [500.]
 [500.]
 [500.]
 [500.]
 [500.]
 [500.]
 [500.]
 [500.]
 [500.]
 [500.]
 [500.]
 [500.]
 [500.]
 [500.]
 [500.]
 [500.]
 [500.]
 [500.]
 [500.]
 [500.]
 [500.]
 [500.]
 [500.]
 [500.]
 [500.]
 [500.]
 [500.]
 [500.]
 [500.]
 [500.]
 [500.]
 [500.]
 [500.]
 [500.]
 [500.]
 [500.]
 [500.]
 [500.]
 [500.]
 [500.]
 [500.]
 [500.]
 [500.]
 [500.]
 [500.]
 [500.]
 [500.]
 [500.]
 [500.]
 [500.]
 [500.]
 [500.]
 [500.]
 [500.]
 [500.]
 [500.]
 [500.]
 [500.]
 [500.]
 [500.]
 [500.]
 [500.]
 [500.]
 [500.]
 [500.]
 [500.]
 [500.]
 [500.]
 [500.]
 [500.]
 [500.]
 [500.]
 [500.]
 [500.]
 [500.]
 [500.]
 [500.]
 [500.]
 [500.]
 [500.]
 [500.]
 [500.]
 [500.]
 [500.]
 [500.]
 [500.]
 [500.]
 [500.]
 [500.]
 [500.]
 [500.]
 [500.]]
Ch: [[1.96326578 2.05774209 2.06882049 2.05966071 2.09102021 1.98816279
  2.02621043 1.94635974 2.01882744 2.0106261  1.99175443]
 [2.08972942 1.9589024  1.91467874 2.06691939 2.0564023  1.95246045
  1.95725047 1.93816759 2.08477146 1.9307108  2.08461863]
 [1.98773246 2.01339312 1.9450729  1.9089397  1.96859726 1.92787578
  1.9148604  1.9288575  2.02213453 2.04339182 1.91716187]
 [1.98586063 1.90721879 2.01207239 1.96288463 1.92849278 2.05269179
  2.02450596 1.96154709 2.09482586 1.92373823 2.06310311]
 [2.08975379 1.9681863  1.938618   2.09982594 1.93816418 1.9712349
  2.00117227 1.92049254 1.9915668  1.98419548 1.96347831]
 [2.02628711 1.92127993 1.96900042 1.92701707 2.07837526 1.93856661
  1.90637584 1.92206851 1.95041432 1.90994884 1.91469287]
 [1.93713117 1.90867489 1.94761995 2.02718054 1.92995429 1.95169029
  1.97839036 2.08406216 1.93361815 1.98882338 1.95336619]
 [2.08678609 2.01081046 1.90390272 2.01564929 2.03727877 2.0137569
  1.90438733 2.00003608 2.03271753 1.96989849 1.98262938]
 [1.99782839 2.09136116 1.97600407 1.93614977 1.99554979 1.98118721
  2.00360088 2.08677641 1.92253497 2.05318012 2.00850644]
 [1.91438288 1.9643582  1.94342753 1.91074873 1.99475859 1.93973257
  2.05233018 1.92051816 1.92292877 2.05168122 2.0369077 ]]
Cv: [[0.         0.         0.         0.         0.         0.
  0.         0.         0.         0.        ]
 [2.02330609 2.05898724 1.93781344 2.04771546 1.95126858 2.02468254
  2.06021118 2.01294245 1.91081129 2.05979905]
 [2.03051526 1.95104165 2.02539584 2.07296604 1.98271297 2.04426299
  1.98873773 1.91260205 1.99345195 1.93592256]
 [1.94886998 1.97393858 2.01501742 2.06314036 2.07356746 1.90889453
  2.08922249 2.08691581 1.94429642 2.05391596]
 [2.02095654 1.99177636 2.09000764 2.03335895 2.0815092  2.03758945
  2.07164926 1.90832024 1.98510124 2.0924141 ]
 [1.90447332 2.09291689 1.98948793 1.98028815 2.01235867 2.0719219
  1.9038535  2.04651842 2.06127016 1.9795426 ]
 [2.03683887 1.96763002 1.91262421 2.06032542 2.08173061 1.9159828
  1.90045505 2.0351008  1.98128277 1.90926741]
 [2.00653848 1.93024619 1.98561599 2.03013482 2.05314501 2.06823952
  2.08307945 2.02625497 2.07998641 2.08617762]
 [1.90233354 1.96665245 2.04729197 1.92922537 2.00700359 1.98088709
  1.90904197 2.03484238 2.00977647 1.90629528]
 [2.02403078 1.93119772 2.02985574 1.91000917 2.06416166 2.04741692
  1.97673783 2.07658508 1.97829917 2.03157394]]
Rh: [[ 9.89860129 10.69401636  9.16790643  9.15886281 10.4598634   9.9157658
   9.05958605 10.73513099  9.15058463  9.36105297  9.3931414 ]
 [ 9.74704362 10.72259678  9.4778022  10.13728495  9.75975352  9.80769081
   9.83938701 10.07743691 10.19099419 10.66000828 10.09525557]
 [ 9.36955505  9.24606029 10.2136078  10.64802107 10.02489466 10.98265938
   9.77146455  9.16536872 10.73917517  9.24881586 10.27633624]
 [ 9.17816882  9.35753903  9.03576375  9.04772132  9.10530511  9.11931952
  10.70459523  9.69754268 10.31998477 10.94566203 10.50893304]
 [10.59993661 10.18336119  9.95339278 10.03928347 10.7023714  10.74127861
  10.68354333  9.68030151 10.48265948  9.06039153  9.05073188]
 [ 9.92078178  9.78971202 10.53426768  9.06671413  9.74952659  9.16037756
   9.87241531 10.28136655 10.78209592 10.52220958 10.4915125 ]
 [10.81883987 10.12017161 10.08784688  9.92341429  9.33777905  9.55551351
  10.34558849  9.9855296  10.83308864  9.40847215  9.62634149]
 [ 9.92034079  9.49890261  9.76614846  9.47094575  9.81297292  9.04449308
  10.45959249  9.09722395  9.69668135  9.68405143 10.1447812 ]
 [ 9.44082564 10.04037003 10.45447679  9.64150377 10.93428954  9.21157678
  10.1260825  10.57383842  9.72697955  9.4489482   9.86827312]
 [10.35311534  9.2247405   9.49693432  9.41090275  9.11557916  9.91055622
   9.43157671  9.94588563  9.14696708  9.14574607 10.909234  ]]
Rv: [[10.15863754 10.80384494  9.18748584  9.54751944  9.73338672  9.95270582
   9.64939315  9.81146105  9.82600986  9.72021284]
 [10.42473969 10.35045187  9.18706065  9.95592649  9.95272959 10.91405939
  10.45279013  9.74969037 10.44477062 10.66308928]
 [ 9.59978304 10.6995182   9.81834219  9.89288112  9.4779534   9.06389948
  10.89380363  9.89200121 10.33917266  9.17862429]
 [ 9.05024597 10.01847567  9.82477116  9.38543159 10.20354687 10.15969505
  10.68672903  9.268989    9.95975166  9.53908749]
 [10.10857667 10.61100194  9.09980377  9.23961443 10.55138627  9.22632887
   9.40085676  9.94278939  9.8260978   9.2519195 ]
 [ 9.35768756  9.56145069 10.05909788 10.87710368 10.19461038  9.31791374
  10.84390251 10.81955341 10.66143781  9.6472842 ]
 [10.781568    9.2496013   9.40187574 10.03330827  9.05591467  9.29881045
   9.44074796 10.92795633  9.71101465 10.70704406]
 [ 9.77920559  9.41027384  9.88482548 10.2295182  10.16925176 10.89305899
  10.47716787 10.34415104 10.72733188  9.12215562]
 [ 9.96901434  9.57962995 10.64835513  9.998864   10.87763481  9.56696845
   9.38540878 10.68075323  9.76022238  9.49673873]]