-------Running parameters--------
T = 0.001
temperature_gradient = 0.0
gap = 0
M = 10
N = 10
VR = 0.0
Vmin = 0.0
Vmax = 1.1
vStep = 0.001
vSym = True
repeats = 20
fileName = array_10_10_disorder_c_std_0_r_std_9_run_2
dist = exp
fullOutput = True
use_graph = False
current_map = True
plot_current_map = False
plot_binary_current_map = False
frame_norm = False
dbg = False
resume = False
sc = False
leaping = False
constQ = False
modifyR = False
double_time = False
double_loop = False
output_folder = bgu_2d_finite_temperature_different_disorders
params_path = 
VG_avg = 0.0
VG_std = 0.0
C_avg = 2.0
C_std = 0.0
CG_avg = 10.0
CG_std = 0.0
R_avg = 10.0
R_std = 9.0
custom_rh = ""
custom_rv = ""
custom_ch = ""
custom_cv = ""
RG_avg = 500.0
RG_std = 0.0
n0_avg = 0.0
n0_std = 0.0
Q0_avg = 0.0
Q0_std = 0.0
----Array Parameters-----
Rows: 10
Columns: 10
VG: [[0.]
 [0.]
 [0.]
 [0.]
 [0.]
 [0.]
 [0.]
 [0.]
 [0.]
 [0.]
 [0.]
 [0.]
 [0.]
 [0.]
 [0.]
 [0.]
 [0.]
 [0.]
 [0.]
 [0.]
 [0.]
 [0.]
 [0.]
 [0.]
 [0.]
 [0.]
 [0.]
 [0.]
 [0.]
 [0.]
 [0.]
 [0.]
 [0.]
 [0.]
 [0.]
 [0.]
 [0.]
 [0.]
 [0.]
 [0.]
 [0.]
 [0.]
 [0.]
 [0.]
 [0.]
 [0.]
 [0.]
 [0.]
 [0.]
 [0.]
 [0.]
 [0.]
 [0.]
 [0.]
 [0.]
 [0.]
 [0.]
 [0.]
 [0.]
 [0.]
 [0.]
 [0.]
 [0.]
 [0.]
 [0.]
 [0.]
 [0.]
 [0.]
 [0.]
 [0.]
 [0.]
 [0.]
 [0.]
 [0.]
 [0.]
 [0.]
 [0.]
 [0.]
 [0.]
 [0.]
 [0.]
 [0.]
 [0.]
 [0.]
 [0.]
 [0.]
 [0.]
 [0.]
 [0.]
 [0.]
 [0.]
 [0.]
 [0.]
 [0.]
 [0.]
 [0.]
 [0.]
 [0.]
 [0.]
 [0.]]
CG: [[10.]
 [10.]
 [10.]
 [10.]
 [10.]
 [10.]
 [10.]
 [10.]
 [10.]
 [10.]
 [10.]
 [10.]
 [10.]
 [10.]
 [10.]
 [10.]
 [10.]
 [10.]
 [10.]
 [10.]
 [10.]
 [10.]
 [10.]
 [10.]
 [10.]
 [10.]
 [10.]
 [10.]
 [10.]
 [10.]
 [10.]
 [10.]
 [10.]
 [10.]
 [10.]
 [10.]
 [10.]
 [10.]
 [10.]
 [10.]
 [10.]
 [10.]
 [10.]
 [10.]
 [10.]
 [10.]
 [10.]
 [10.]
 [10.]
 [10.]
 [10.]
 [10.]
 [10.]
 [10.]
 [10.]
 [10.]
 [10.]
 [10.]
 [10.]
 [10.]
 [10.]
 [10.]
 [10.]
 [10.]
 [10.]
 [10.]
 [10.]
 [10.]
 [10.]
 [10.]
 [10.]
 [10.]
 [10.]
 [10.]
 [10.]
 [10.]
 [10.]
 [10.]
 [10.]
 [10.]
 [10.]
 [10.]
 [10.]
 [10.]
 [10.]
 [10.]
 [10.]
 [10.]
 [10.]
 [10.]
 [10.]
 [10.]
 [10.]
 [10.]
 [10.]
 [10.]
 [10.]
 [10.]
 [10.]
 [10.]]
RG: [[500.]
 [500.]
 [500.]
 [500.]
 [500.]
 [500.]
 [500.]
 [500.]
 [500.]
 [500.]
 [500.]
 [500.]
 [500.]
 [500.]
 [500.]
 [500.]
 [500.]
 [500.]
 [500.]
 [500.]
 [500.]
 [500.]
 [500.]
 [500.]
 [500.]
 [500.]
 [500.]
 [500.]
 [500.]
 [500.]
 [500.]
 [500.]
 [500.]
 [500.]
 [500.]
 [500.]
 [500.]
 [500.]
 [500.]
 [500.]
 [500.]
 [500.]
 [500.]
 [500.]
 [500.]
 [500.]
 [500.]
 [500.]
 [500.]
 [500.]
 [500.]
 [500.]
 [500.]
 [500.]
 [500.]
 [500.]
 [500.]
 [500.]
 [500.]
 [500.]
 [500.]
 [500.]
 [500.]
 [500.]
 [500.]
 [500.]
 [500.]
 [500.]
 [500.]
 [500.]
 [500.]
 [500.]
 [500.]
 [500.]
 [500.]
 [500.]
 [500.]
 [500.]
 [500.]
 [500.]
 [500.]
 [500.]
 [500.]
 [500.]
 [500.]
 [500.]
 [500.]
 [500.]
 [500.]
 [500.]
 [500.]
 [500.]
 [500.]
 [500.]
 [500.]
 [500.]
 [500.]
 [500.]
 [500.]
 [500.]]
Ch: [[2. 2. 2. 2. 2. 2. 2. 2. 2. 2. 2.]
 [2. 2. 2. 2. 2. 2. 2. 2. 2. 2. 2.]
 [2. 2. 2. 2. 2. 2. 2. 2. 2. 2. 2.]
 [2. 2. 2. 2. 2. 2. 2. 2. 2. 2. 2.]
 [2. 2. 2. 2. 2. 2. 2. 2. 2. 2. 2.]
 [2. 2. 2. 2. 2. 2. 2. 2. 2. 2. 2.]
 [2. 2. 2. 2. 2. 2. 2. 2. 2. 2. 2.]
 [2. 2. 2. 2. 2. 2. 2. 2. 2. 2. 2.]
 [2. 2. 2. 2. 2. 2. 2. 2. 2. 2. 2.]
 [2. 2. 2. 2. 2. 2. 2. 2. 2. 2. 2.]]
Cv: [[0. 0. 0. 0. 0. 0. 0. 0. 0. 0.]
 [2. 2. 2. 2. 2. 2. 2. 2. 2. 2.]
 [2. 2. 2. 2. 2. 2. 2. 2. 2. 2.]
 [2. 2. 2. 2. 2. 2. 2. 2. 2. 2.]
 [2. 2. 2. 2. 2. 2. 2. 2. 2. 2.]
 [2. 2. 2. 2. 2. 2. 2. 2. 2. 2.]
 [2. 2. 2. 2. 2. 2. 2. 2. 2. 2.]
 [2. 2. 2. 2. 2. 2. 2. 2. 2. 2.]
 [2. 2. 2. 2. 2. 2. 2. 2. 2. 2.]
 [2. 2. 2. 2. 2. 2. 2. 2. 2. 2.]]
Rh: [[10.48441112  7.49634389 18.96068358 11.43762568  3.52666229  5.89623148
  12.60762732  2.64285264  1.40734137 16.00616689  1.84063206]
 [ 1.69665208 16.94344593 14.92887706  1.04227187  2.41513716  9.52502259
   9.63712606  1.09465067 15.6101959   5.74317383  2.52612297]
 [ 1.53447504  1.77293333 14.51053478  4.98418498  2.28697265 13.89827534
  10.27016152  1.06128487 10.03099205  3.85514627  2.13948867]
 [14.1708547  10.49408202  1.4563988   2.94610658  8.8938334   9.01183476
   9.1006877  17.89663259 18.49980311  2.97483091  3.88504343]
 [ 2.82804492  5.04228581  2.83536424  3.3415355   3.30799384  1.34779159
   1.04159654 10.00083178  6.12142754  2.98037955  8.51319195]
 [ 2.02041765  1.26133708 16.32139459  9.16863097 16.26483571 17.01702918
  18.16006191  1.04630918 18.86302405  1.17317732  3.27379557]
 [ 4.8701997   3.33979823  2.93296879  3.13520362 11.0375056   1.66702249
   8.08013261  8.10800445  3.25383511  2.0296683   1.01768597]
 [ 1.01586928  7.12759388  9.91177144  2.86055494  2.43134651  5.55142143
   3.32992467  5.09500404  8.40041886  6.37703645  1.68639456]
 [ 6.48551521  1.38403496  2.91560538  1.52927659  1.58143121  3.71025794
   1.95661514  8.0605843   2.16836469  2.92373225  1.33768525]
 [ 5.22325007  7.92118571 12.10201549  4.23891466  8.09731577  1.61882767
   1.01103446  1.94764674  5.92209113  4.57339356  2.05495488]]
Rv: [[ 2.62256055  5.52946613  4.75017633  1.47131967  4.40675843  3.40030579
  17.76113079  1.80623955  3.63831188 16.94622073]
 [ 1.7233688   6.83344405  2.88098496  1.06561792 18.04625356  6.21405069
   8.71026448  2.14115679  9.10229252  3.07472435]
 [ 2.79786875  1.52660618 12.75139581  6.5172932  14.13866131 18.48029049
   1.78215401  4.48962348  2.11012411  2.09241211]
 [ 2.26692706  5.46581844  1.69241701  1.10956177  6.18814406 13.47623901
   1.32490575 10.68348984  5.14050331  2.86275317]
 [ 3.53933597  2.37580663 12.36183829  2.22286398  3.40347795 17.15152445
   8.50075013  1.58777694  2.7014144  11.85076311]
 [17.63681066  8.84559336  3.53518278  2.67180065  1.38454208 12.63491387
   1.00565229 18.57111367  9.93829728 13.30523909]
 [ 1.48620687  3.08644118  5.06586074  4.62972858  8.44790991  6.43256298
  18.8960799   1.27602581  1.64798667  2.16785641]
 [ 2.42552383  7.56753455  1.71073864  6.31748443 14.93753531  1.60744795
  10.33914537 13.77432428  5.01954128  1.12916764]
 [ 8.38501572 15.18895236 10.80355226  6.64721791  2.3868505  11.9061998
  12.85719538  2.387405    6.86145561  6.09226532]]