-------Running parameters--------
T = 0.001
temperature_gradient = 0.0
gap = 0
M = 10
N = 10
VR = 0.0
Vmin = 0.0
Vmax = 1.1
vStep = 0.001
vSym = True
repeats = 20
fileName = array_10_10_disorder_c_std_0_r_std_5_run_2
dist = exp
fullOutput = True
use_graph = False
current_map = True
plot_current_map = False
plot_binary_current_map = False
frame_norm = False
dbg = False
resume = False
sc = False
leaping = False
constQ = False
modifyR = False
double_time = False
double_loop = False
output_folder = bgu_2d_finite_temperature_different_disorders
params_path = 
VG_avg = 0.0
VG_std = 0.0
C_avg = 2.0
C_std = 0.0
CG_avg = 10.0
CG_std = 0.0
R_avg = 10.0
R_std = 5.0
custom_rh = ""
custom_rv = ""
custom_ch = ""
custom_cv = ""
RG_avg = 500.0
RG_std = 0.0
n0_avg = 0.0
n0_std = 0.0
Q0_avg = 0.0
Q0_std = 0.0
----Array Parameters-----
Rows: 10
Columns: 10
VG: [[0.]
 [0.]
 [0.]
 [0.]
 [0.]
 [0.]
 [0.]
 [0.]
 [0.]
 [0.]
 [0.]
 [0.]
 [0.]
 [0.]
 [0.]
 [0.]
 [0.]
 [0.]
 [0.]
 [0.]
 [0.]
 [0.]
 [0.]
 [0.]
 [0.]
 [0.]
 [0.]
 [0.]
 [0.]
 [0.]
 [0.]
 [0.]
 [0.]
 [0.]
 [0.]
 [0.]
 [0.]
 [0.]
 [0.]
 [0.]
 [0.]
 [0.]
 [0.]
 [0.]
 [0.]
 [0.]
 [0.]
 [0.]
 [0.]
 [0.]
 [0.]
 [0.]
 [0.]
 [0.]
 [0.]
 [0.]
 [0.]
 [0.]
 [0.]
 [0.]
 [0.]
 [0.]
 [0.]
 [0.]
 [0.]
 [0.]
 [0.]
 [0.]
 [0.]
 [0.]
 [0.]
 [0.]
 [0.]
 [0.]
 [0.]
 [0.]
 [0.]
 [0.]
 [0.]
 [0.]
 [0.]
 [0.]
 [0.]
 [0.]
 [0.]
 [0.]
 [0.]
 [0.]
 [0.]
 [0.]
 [0.]
 [0.]
 [0.]
 [0.]
 [0.]
 [0.]
 [0.]
 [0.]
 [0.]
 [0.]]
CG: [[10.]
 [10.]
 [10.]
 [10.]
 [10.]
 [10.]
 [10.]
 [10.]
 [10.]
 [10.]
 [10.]
 [10.]
 [10.]
 [10.]
 [10.]
 [10.]
 [10.]
 [10.]
 [10.]
 [10.]
 [10.]
 [10.]
 [10.]
 [10.]
 [10.]
 [10.]
 [10.]
 [10.]
 [10.]
 [10.]
 [10.]
 [10.]
 [10.]
 [10.]
 [10.]
 [10.]
 [10.]
 [10.]
 [10.]
 [10.]
 [10.]
 [10.]
 [10.]
 [10.]
 [10.]
 [10.]
 [10.]
 [10.]
 [10.]
 [10.]
 [10.]
 [10.]
 [10.]
 [10.]
 [10.]
 [10.]
 [10.]
 [10.]
 [10.]
 [10.]
 [10.]
 [10.]
 [10.]
 [10.]
 [10.]
 [10.]
 [10.]
 [10.]
 [10.]
 [10.]
 [10.]
 [10.]
 [10.]
 [10.]
 [10.]
 [10.]
 [10.]
 [10.]
 [10.]
 [10.]
 [10.]
 [10.]
 [10.]
 [10.]
 [10.]
 [10.]
 [10.]
 [10.]
 [10.]
 [10.]
 [10.]
 [10.]
 [10.]
 [10.]
 [10.]
 [10.]
 [10.]
 [10.]
 [10.]
 [10.]]
RG: [[500.]
 [500.]
 [500.]
 [500.]
 [500.]
 [500.]
 [500.]
 [500.]
 [500.]
 [500.]
 [500.]
 [500.]
 [500.]
 [500.]
 [500.]
 [500.]
 [500.]
 [500.]
 [500.]
 [500.]
 [500.]
 [500.]
 [500.]
 [500.]
 [500.]
 [500.]
 [500.]
 [500.]
 [500.]
 [500.]
 [500.]
 [500.]
 [500.]
 [500.]
 [500.]
 [500.]
 [500.]
 [500.]
 [500.]
 [500.]
 [500.]
 [500.]
 [500.]
 [500.]
 [500.]
 [500.]
 [500.]
 [500.]
 [500.]
 [500.]
 [500.]
 [500.]
 [500.]
 [500.]
 [500.]
 [500.]
 [500.]
 [500.]
 [500.]
 [500.]
 [500.]
 [500.]
 [500.]
 [500.]
 [500.]
 [500.]
 [500.]
 [500.]
 [500.]
 [500.]
 [500.]
 [500.]
 [500.]
 [500.]
 [500.]
 [500.]
 [500.]
 [500.]
 [500.]
 [500.]
 [500.]
 [500.]
 [500.]
 [500.]
 [500.]
 [500.]
 [500.]
 [500.]
 [500.]
 [500.]
 [500.]
 [500.]
 [500.]
 [500.]
 [500.]
 [500.]
 [500.]
 [500.]
 [500.]
 [500.]]
Ch: [[2. 2. 2. 2. 2. 2. 2. 2. 2. 2. 2.]
 [2. 2. 2. 2. 2. 2. 2. 2. 2. 2. 2.]
 [2. 2. 2. 2. 2. 2. 2. 2. 2. 2. 2.]
 [2. 2. 2. 2. 2. 2. 2. 2. 2. 2. 2.]
 [2. 2. 2. 2. 2. 2. 2. 2. 2. 2. 2.]
 [2. 2. 2. 2. 2. 2. 2. 2. 2. 2. 2.]
 [2. 2. 2. 2. 2. 2. 2. 2. 2. 2. 2.]
 [2. 2. 2. 2. 2. 2. 2. 2. 2. 2. 2.]
 [2. 2. 2. 2. 2. 2. 2. 2. 2. 2. 2.]
 [2. 2. 2. 2. 2. 2. 2. 2. 2. 2. 2.]]
Cv: [[0. 0. 0. 0. 0. 0. 0. 0. 0. 0.]
 [2. 2. 2. 2. 2. 2. 2. 2. 2. 2.]
 [2. 2. 2. 2. 2. 2. 2. 2. 2. 2.]
 [2. 2. 2. 2. 2. 2. 2. 2. 2. 2.]
 [2. 2. 2. 2. 2. 2. 2. 2. 2. 2.]
 [2. 2. 2. 2. 2. 2. 2. 2. 2. 2.]
 [2. 2. 2. 2. 2. 2. 2. 2. 2. 2.]
 [2. 2. 2. 2. 2. 2. 2. 2. 2. 2.]
 [2. 2. 2. 2. 2. 2. 2. 2. 2. 2.]
 [2. 2. 2. 2. 2. 2. 2. 2. 2. 2.]]
Rh: [[11.70336172  8.24063688  7.30129041  8.89354293  7.41649088 13.45424066
   6.28558494  5.31784989 11.53273097 14.70997881  8.58153812]
 [13.74712568  8.04529891  5.36913754 13.85703094  6.68510202 13.11459865
   5.03392653  5.07245668  9.31513993  6.32053773 14.13898956]
 [ 5.02849165  5.5240629   8.61563363 10.74504666  5.35560444 10.88910925
   5.26444201 11.5848478   5.14549943 12.996867    5.19555519]
 [ 7.53172589 13.11884147  9.24689668  5.94998163  5.1984443   5.86598436
   5.48157539 13.02722065  6.26592022 12.33728578  8.79929183]
 [ 7.72486384  5.12097799  9.35307866  8.53029463  8.56200196  5.78653915
   8.35483411  8.39474489 12.68283485  7.51700091  5.59053927]
 [ 5.19577529  7.22977692 10.97245506  9.3310938   5.0346693  11.85366685
  10.48006316 10.77784584 14.98770693 12.30156526  7.00170702]
 [11.86227395  6.82080893  5.64442712 11.01876872 12.61374846  5.04306246
   6.09615315  7.21069723 13.95136778  6.44063499  7.12911789]
 [ 7.19031496  9.66787375  5.10600969  9.96109142  6.30098333  6.12315449
   5.10631856  7.78206585  6.28868055  5.25901366  6.56896554]
 [11.11303245 12.48411361  8.38800868  9.40472065  8.7436051  10.04485108
  13.3248054   6.23812259  5.95219679  9.02382549 10.59167432]
 [ 9.60565384  6.62705697 14.55256635  5.94599304 12.29472515  7.63525762
  13.0560991   9.02728634  7.64296441 11.66737464  7.42196195]]
Rv: [[13.63364386  9.11057987  8.39311541 10.18220165  5.11572759  5.57204651
  11.80716283  9.84480516  7.53689595 10.27042693]
 [ 7.66096113 13.64877505  7.10449215  8.54780665 12.13428539  6.37641946
   9.75293449  8.40744347 13.28474299  5.18413359]
 [14.22418298  7.12769115 13.61645698  7.45845896 11.33604123  9.26754974
  10.83472968  9.88358902  8.49739243  7.61531336]
 [ 7.12327725  5.04514351  7.89427515  9.90109682  5.37498255  6.42954567
   9.49224516 11.31211704  9.2863219   5.46902694]
 [ 5.97049259  6.55687123  7.95810553  9.97747178 10.72640361  5.28275625
   5.08953723  6.77721649  7.28738859 12.71241613]
 [ 7.49853868  7.39476405 11.613       7.82442308  5.31007808  8.94493919
  13.34651118  8.89986065 10.02432597  5.12550069]
 [ 6.47507743  9.6466613   5.16099519 13.11199936  5.36305645 11.40990832
  11.5224036   6.02244301  5.7968304   5.75121133]
 [ 5.1225484   9.47080051 13.67254643  5.88734469  5.95215872 10.40299922
  11.44010541 11.08797288  5.30101909 14.47878684]
 [14.52431521 14.2624579   7.9925077  12.69687842  7.09165542 10.69074717
   6.47049446  7.28022869  7.48638839  5.28986936]]