-------Running parameters--------
T = 0.001
temperature_gradient = 0.0
gap = 0
M = 10
N = 10
VR = 0.0
Vmin = 0.0
Vmax = 1.1
vStep = 0.001
vSym = True
repeats = 20
fileName = array_10_10_disorder_c_std_0.5_r_std_5_run_4
dist = exp
fullOutput = True
use_graph = False
current_map = True
plot_current_map = False
plot_binary_current_map = False
frame_norm = False
dbg = False
resume = False
sc = False
leaping = False
constQ = False
modifyR = False
double_time = False
double_loop = False
output_folder = bgu_2d_finite_temperature_different_disorders
params_path = 
VG_avg = 0.0
VG_std = 0.0
C_avg = 2.0
C_std = 0.5
CG_avg = 10.0
CG_std = 0.0
R_avg = 10.0
R_std = 5.0
custom_rh = ""
custom_rv = ""
custom_ch = ""
custom_cv = ""
RG_avg = 500.0
RG_std = 0.0
n0_avg = 0.0
n0_std = 0.0
Q0_avg = 0.0
Q0_std = 0.0
----Array Parameters-----
Rows: 10
Columns: 10
VG: [[0.]
 [0.]
 [0.]
 [0.]
 [0.]
 [0.]
 [0.]
 [0.]
 [0.]
 [0.]
 [0.]
 [0.]
 [0.]
 [0.]
 [0.]
 [0.]
 [0.]
 [0.]
 [0.]
 [0.]
 [0.]
 [0.]
 [0.]
 [0.]
 [0.]
 [0.]
 [0.]
 [0.]
 [0.]
 [0.]
 [0.]
 [0.]
 [0.]
 [0.]
 [0.]
 [0.]
 [0.]
 [0.]
 [0.]
 [0.]
 [0.]
 [0.]
 [0.]
 [0.]
 [0.]
 [0.]
 [0.]
 [0.]
 [0.]
 [0.]
 [0.]
 [0.]
 [0.]
 [0.]
 [0.]
 [0.]
 [0.]
 [0.]
 [0.]
 [0.]
 [0.]
 [0.]
 [0.]
 [0.]
 [0.]
 [0.]
 [0.]
 [0.]
 [0.]
 [0.]
 [0.]
 [0.]
 [0.]
 [0.]
 [0.]
 [0.]
 [0.]
 [0.]
 [0.]
 [0.]
 [0.]
 [0.]
 [0.]
 [0.]
 [0.]
 [0.]
 [0.]
 [0.]
 [0.]
 [0.]
 [0.]
 [0.]
 [0.]
 [0.]
 [0.]
 [0.]
 [0.]
 [0.]
 [0.]
 [0.]]
CG: [[10.]
 [10.]
 [10.]
 [10.]
 [10.]
 [10.]
 [10.]
 [10.]
 [10.]
 [10.]
 [10.]
 [10.]
 [10.]
 [10.]
 [10.]
 [10.]
 [10.]
 [10.]
 [10.]
 [10.]
 [10.]
 [10.]
 [10.]
 [10.]
 [10.]
 [10.]
 [10.]
 [10.]
 [10.]
 [10.]
 [10.]
 [10.]
 [10.]
 [10.]
 [10.]
 [10.]
 [10.]
 [10.]
 [10.]
 [10.]
 [10.]
 [10.]
 [10.]
 [10.]
 [10.]
 [10.]
 [10.]
 [10.]
 [10.]
 [10.]
 [10.]
 [10.]
 [10.]
 [10.]
 [10.]
 [10.]
 [10.]
 [10.]
 [10.]
 [10.]
 [10.]
 [10.]
 [10.]
 [10.]
 [10.]
 [10.]
 [10.]
 [10.]
 [10.]
 [10.]
 [10.]
 [10.]
 [10.]
 [10.]
 [10.]
 [10.]
 [10.]
 [10.]
 [10.]
 [10.]
 [10.]
 [10.]
 [10.]
 [10.]
 [10.]
 [10.]
 [10.]
 [10.]
 [10.]
 [10.]
 [10.]
 [10.]
 [10.]
 [10.]
 [10.]
 [10.]
 [10.]
 [10.]
 [10.]
 [10.]]
RG: [[500.]
 [500.]
 [500.]
 [500.]
 [500.]
 [500.]
 [500.]
 [500.]
 [500.]
 [500.]
 [500.]
 [500.]
 [500.]
 [500.]
 [500.]
 [500.]
 [500.]
 [500.]
 [500.]
 [500.]
 [500.]
 [500.]
 [500.]
 [500.]
 [500.]
 [500.]
 [500.]
 [500.]
 [500.]
 [500.]
 [500.]
 [500.]
 [500.]
 [500.]
 [500.]
 [500.]
 [500.]
 [500.]
 [500.]
 [500.]
 [500.]
 [500.]
 [500.]
 [500.]
 [500.]
 [500.]
 [500.]
 [500.]
 [500.]
 [500.]
 [500.]
 [500.]
 [500.]
 [500.]
 [500.]
 [500.]
 [500.]
 [500.]
 [500.]
 [500.]
 [500.]
 [500.]
 [500.]
 [500.]
 [500.]
 [500.]
 [500.]
 [500.]
 [500.]
 [500.]
 [500.]
 [500.]
 [500.]
 [500.]
 [500.]
 [500.]
 [500.]
 [500.]
 [500.]
 [500.]
 [500.]
 [500.]
 [500.]
 [500.]
 [500.]
 [500.]
 [500.]
 [500.]
 [500.]
 [500.]
 [500.]
 [500.]
 [500.]
 [500.]
 [500.]
 [500.]
 [500.]
 [500.]
 [500.]
 [500.]]
Ch: [[1.51487714 1.76634322 2.35484234 1.81498279 1.9881418  2.24391992
  2.44770288 1.96689352 2.31138215 2.24457954 1.69264218]
 [2.42039184 1.89280775 2.48614326 2.12412787 2.41581259 2.22984502
  1.99653475 1.72782523 2.24003634 2.07962882 2.09132394]
 [2.43166338 2.46422862 1.7884932  2.23278898 1.97170857 2.3839526
  1.94446152 1.50345446 1.90298776 1.94610867 2.10721643]
 [1.65276664 1.73712048 1.92014794 2.15746082 2.13720698 1.57137679
  1.9832979  1.55734141 1.89103509 2.42663819 1.61820508]
 [1.74789639 1.55702035 2.42939745 1.56485405 2.20409229 2.07576406
  1.69126139 2.31301611 1.80199176 2.34516287 1.79454261]
 [1.52804902 2.16393103 1.50585346 1.62146375 1.57419558 1.87176757
  2.47862161 1.77111107 2.16094265 1.89105051 2.15729817]
 [2.30747317 1.64313555 1.80200966 2.20279317 1.73831734 2.03593027
  2.23155682 2.23828241 1.79712057 1.86992045 1.54318264]
 [1.96146557 2.24641725 1.60529878 1.95215733 1.62007314 1.58787314
  2.04509709 2.49207555 1.85677516 1.60721226 1.78623496]
 [1.77959024 1.52939689 2.24327149 1.99551221 1.80421622 1.97154787
  1.91655528 1.84927282 2.18157481 1.64800078 1.60628002]
 [2.24919754 1.50066239 1.90987956 2.42777339 1.72159095 1.84541406
  2.22286201 1.81985671 1.62584027 2.30772773 2.29674267]]
Cv: [[0.         0.         0.         0.         0.         0.
  0.         0.         0.         0.        ]
 [2.2433691  1.72851509 2.39973564 1.73315159 2.42840728 1.66114121
  1.8294272  2.13159277 1.5715737  2.43794393]
 [2.26423667 1.93884824 1.52480873 2.15162361 2.3601284  2.18024092
  1.74006312 2.28707911 2.05148632 2.36035835]
 [2.24429058 1.74029673 2.16242714 1.6218755  1.67178379 1.52414418
  2.1897163  2.19659497 2.16960068 1.80400747]
 [2.48824959 2.4802806  2.4846546  2.09952772 2.36818053 1.68439433
  2.10436114 1.84749944 1.95930772 2.23192627]
 [1.7354752  1.75622864 2.22438122 2.14262995 1.51089227 2.09098491
  1.56039828 2.17407719 1.86862159 1.73135841]
 [1.62502143 2.0232236  1.73010095 2.19481926 1.95812977 2.27471011
  2.38409917 1.95050621 1.59884468 2.387678  ]
 [2.0136486  1.59533247 2.38736878 2.07283434 1.88409316 2.30291278
  2.43504436 1.55399976 2.26887465 2.0701855 ]
 [2.21707293 1.73785981 1.69905968 1.94793178 1.56696845 1.90257546
  1.57699504 2.06077215 2.06373342 1.5332459 ]
 [1.76718393 1.75573065 1.66712164 1.98709492 1.60447309 1.75587592
  1.93667577 2.08889748 1.97131843 2.47722845]]
Rh: [[ 8.58892163  5.67157834 14.15001527  9.09382101  5.59777136  7.49990482
   5.07353707  8.01516347  6.83680729  8.16694767  7.68116363]
 [13.96125745 13.45674853  6.15368352 10.88636526  6.338826    9.43326007
   6.15075961 10.64640006  6.07334013  5.05016941  6.52670464]
 [ 5.99176175  7.2576817   9.41340644 11.60909631  5.42214267 10.14920192
   7.40411747 11.70173025  5.71877471  9.18602614 14.58168261]
 [ 5.45958755  5.27240489 14.91837878 13.88781692  6.1908694  10.42735512
   8.45946006  6.06226885  6.27966471  6.54047359 14.72384764]
 [10.0811052   5.50551145 13.48893258  8.2905768  10.18518407  5.95366948
   7.03335403 11.29992845  6.35012687 12.45057817  8.87202961]
 [ 6.39463978 13.22299674  6.28443016  6.05748251  6.98582913 13.76893772
  10.60732385  6.18378694  6.75063465  7.53838957  9.29785772]
 [ 6.81668463  5.47411832 11.03865168  7.00033282  6.35907756  5.07341484
   7.9551625  10.81829407  8.28628738 12.45177222  8.13327162]
 [ 8.10867669 10.66570639  7.05799058  5.57847745 14.47469806  7.63385368
  14.19091161 13.00061917  6.2314925  14.471043    8.33404078]
 [ 6.41251486 12.19469888  6.38285831 11.44246662 10.28372952  9.33604172
   7.13386554  9.67668782  7.39455353  9.26001134 12.53874195]
 [ 5.76979801  7.1541323   6.25985023  9.86634698  6.40562909 11.97554506
   5.07294336  6.70694836 12.6505512  10.97597341  9.37307204]]
Rv: [[ 9.91980157  7.72106923 14.42984457 14.22062427 12.50870523 14.63362545
  13.75120726 10.41934963 14.13042968  6.16836964]
 [ 6.74045478  8.10892377 14.74870175 11.28547538 10.44570468  7.3886641
   8.17386947 11.63168049 13.403663    9.19536019]
 [ 6.0913462  13.9250391   5.55662196  6.12065065  8.33669719  9.02884675
   5.50280927  6.05286018  5.22571653  8.29224638]
 [ 7.18777725  9.03640588 12.89940498  5.82824401  6.61066806  6.85480341
   6.69863328  9.23348998  5.52771567 11.24581037]
 [ 9.7839342   6.85179337  5.23971622  5.08678211  6.86287081 13.6920361
  10.27676704  8.52686934  6.9129391   6.59814809]
 [ 9.49572708  7.61535467 13.24091043 10.7731879   6.8956937  10.61568924
   5.58818493 11.25717131  6.998875   12.47921879]
 [11.97007842  7.78630078  9.75885818  6.21751034 10.15573798 13.29480746
   7.289378    5.49380537  8.74522152  6.68079031]
 [ 5.08564838  7.75682741  6.10635745 10.25341032 11.25716295  5.62841815
   6.9400307   8.57262548  9.73957974 13.29370315]
 [10.84412972  5.55507261 13.44473148 12.62468903  5.43016785 14.32653324
   7.97226016  5.9656398   8.04180134  5.4423715 ]]