-------Running parameters--------
T = 0.001
temperature_gradient = 0.0
gap = 0
M = 10
N = 10
VR = 0.0
Vmin = 0.0
Vmax = 1.1
vStep = 0.001
vSym = True
repeats = 20
fileName = array_10_10_disorder_c_std_1_r_std_9_run_2
dist = exp
fullOutput = True
use_graph = False
current_map = True
plot_current_map = False
plot_binary_current_map = False
frame_norm = False
dbg = False
resume = False
sc = False
leaping = False
constQ = False
modifyR = False
double_time = False
double_loop = False
output_folder = bgu_2d_finite_temperature_different_disorders
params_path = 
VG_avg = 0.0
VG_std = 0.0
C_avg = 2.0
C_std = 1.0
CG_avg = 10.0
CG_std = 0.0
R_avg = 10.0
R_std = 9.0
custom_rh = ""
custom_rv = ""
custom_ch = ""
custom_cv = ""
RG_avg = 500.0
RG_std = 0.0
n0_avg = 0.0
n0_std = 0.0
Q0_avg = 0.0
Q0_std = 0.0
----Array Parameters-----
Rows: 10
Columns: 10
VG: [[0.]
 [0.]
 [0.]
 [0.]
 [0.]
 [0.]
 [0.]
 [0.]
 [0.]
 [0.]
 [0.]
 [0.]
 [0.]
 [0.]
 [0.]
 [0.]
 [0.]
 [0.]
 [0.]
 [0.]
 [0.]
 [0.]
 [0.]
 [0.]
 [0.]
 [0.]
 [0.]
 [0.]
 [0.]
 [0.]
 [0.]
 [0.]
 [0.]
 [0.]
 [0.]
 [0.]
 [0.]
 [0.]
 [0.]
 [0.]
 [0.]
 [0.]
 [0.]
 [0.]
 [0.]
 [0.]
 [0.]
 [0.]
 [0.]
 [0.]
 [0.]
 [0.]
 [0.]
 [0.]
 [0.]
 [0.]
 [0.]
 [0.]
 [0.]
 [0.]
 [0.]
 [0.]
 [0.]
 [0.]
 [0.]
 [0.]
 [0.]
 [0.]
 [0.]
 [0.]
 [0.]
 [0.]
 [0.]
 [0.]
 [0.]
 [0.]
 [0.]
 [0.]
 [0.]
 [0.]
 [0.]
 [0.]
 [0.]
 [0.]
 [0.]
 [0.]
 [0.]
 [0.]
 [0.]
 [0.]
 [0.]
 [0.]
 [0.]
 [0.]
 [0.]
 [0.]
 [0.]
 [0.]
 [0.]
 [0.]]
CG: [[10.]
 [10.]
 [10.]
 [10.]
 [10.]
 [10.]
 [10.]
 [10.]
 [10.]
 [10.]
 [10.]
 [10.]
 [10.]
 [10.]
 [10.]
 [10.]
 [10.]
 [10.]
 [10.]
 [10.]
 [10.]
 [10.]
 [10.]
 [10.]
 [10.]
 [10.]
 [10.]
 [10.]
 [10.]
 [10.]
 [10.]
 [10.]
 [10.]
 [10.]
 [10.]
 [10.]
 [10.]
 [10.]
 [10.]
 [10.]
 [10.]
 [10.]
 [10.]
 [10.]
 [10.]
 [10.]
 [10.]
 [10.]
 [10.]
 [10.]
 [10.]
 [10.]
 [10.]
 [10.]
 [10.]
 [10.]
 [10.]
 [10.]
 [10.]
 [10.]
 [10.]
 [10.]
 [10.]
 [10.]
 [10.]
 [10.]
 [10.]
 [10.]
 [10.]
 [10.]
 [10.]
 [10.]
 [10.]
 [10.]
 [10.]
 [10.]
 [10.]
 [10.]
 [10.]
 [10.]
 [10.]
 [10.]
 [10.]
 [10.]
 [10.]
 [10.]
 [10.]
 [10.]
 [10.]
 [10.]
 [10.]
 [10.]
 [10.]
 [10.]
 [10.]
 [10.]
 [10.]
 [10.]
 [10.]
 [10.]]
RG: [[500.]
 [500.]
 [500.]
 [500.]
 [500.]
 [500.]
 [500.]
 [500.]
 [500.]
 [500.]
 [500.]
 [500.]
 [500.]
 [500.]
 [500.]
 [500.]
 [500.]
 [500.]
 [500.]
 [500.]
 [500.]
 [500.]
 [500.]
 [500.]
 [500.]
 [500.]
 [500.]
 [500.]
 [500.]
 [500.]
 [500.]
 [500.]
 [500.]
 [500.]
 [500.]
 [500.]
 [500.]
 [500.]
 [500.]
 [500.]
 [500.]
 [500.]
 [500.]
 [500.]
 [500.]
 [500.]
 [500.]
 [500.]
 [500.]
 [500.]
 [500.]
 [500.]
 [500.]
 [500.]
 [500.]
 [500.]
 [500.]
 [500.]
 [500.]
 [500.]
 [500.]
 [500.]
 [500.]
 [500.]
 [500.]
 [500.]
 [500.]
 [500.]
 [500.]
 [500.]
 [500.]
 [500.]
 [500.]
 [500.]
 [500.]
 [500.]
 [500.]
 [500.]
 [500.]
 [500.]
 [500.]
 [500.]
 [500.]
 [500.]
 [500.]
 [500.]
 [500.]
 [500.]
 [500.]
 [500.]
 [500.]
 [500.]
 [500.]
 [500.]
 [500.]
 [500.]
 [500.]
 [500.]
 [500.]
 [500.]]
Ch: [[2.22477744 2.14798947 2.81934976 1.30441833 1.20748821 1.03399423
  2.86195137 1.04353903 2.52434389 1.28704685 1.09083686]
 [1.22563235 2.095797   1.42807927 2.42168366 1.88846254 1.42764343
  1.79042974 2.75041131 2.25604947 2.70857042 1.59104799]
 [1.55840328 1.51068884 1.36631589 1.21464781 1.34710198 1.11157924
  1.33530082 2.51847544 1.69292959 1.19888701 2.83393859]
 [1.27727372 2.26560793 2.0994157  1.4376942  2.52507785 2.69241585
  2.46898569 1.34014105 2.9649247  2.06767869 2.42935045]
 [1.62147105 1.18831262 1.70664711 2.19050332 1.89737976 2.54078139
  1.02179324 1.49783589 1.22870611 1.37969923 2.29279481]
 [1.46547838 1.26137528 2.48325175 2.39118009 1.79251997 1.25784247
  1.07238023 2.60469166 1.59704429 2.63713302 1.68859384]
 [1.31346902 2.57048864 1.58912353 1.07412316 1.22361512 2.0377082
  1.33844892 1.36669669 1.98360223 1.1193286  1.00508295]
 [2.53713774 1.48263248 2.53822992 1.38166636 1.03874658 1.99273632
  2.16763453 1.14097975 2.18009239 1.01132408 1.12602562]
 [1.70241588 2.60220147 1.47371121 1.38595767 1.22595563 1.49060276
  1.94565081 1.00225535 2.11746303 1.36463826 1.64648735]
 [1.20961366 1.2488438  2.65610312 2.85564247 2.03936573 1.85192634
  1.93847215 2.54584881 2.42082311 2.78515043 2.38690458]]
Cv: [[0.         0.         0.         0.         0.         0.
  0.         0.         0.         0.        ]
 [1.26864354 1.00033272 1.82581249 1.80948085 2.39869931 2.15294016
  1.52034621 1.53169476 2.1169059  1.3116462 ]
 [2.78571696 1.31710701 1.24648085 2.47911423 1.2633599  1.55727843
  1.06323971 2.39420187 1.20484706 1.03000357]
 [1.28980951 1.01516846 1.86230443 2.83339465 1.60367584 1.26186939
  1.76544937 1.11181661 2.64209946 1.01635429]
 [2.51654145 2.82850265 1.12264125 1.8243214  1.17153775 1.73092016
  1.11265117 1.10457881 2.18135556 1.99549723]
 [2.84792924 1.12041215 1.76232409 2.55197668 1.04169256 2.82592836
  1.93922586 2.18631714 1.73022743 2.26150695]
 [1.4933517  2.57447293 1.41319315 2.4157912  1.0163459  2.1636535
  1.77360822 1.45118626 1.95658789 1.61603245]
 [2.08453642 2.52785917 2.6721034  1.55131024 1.03415749 1.02387288
  1.15355064 1.37888032 1.8086251  1.81461901]
 [1.58222142 1.60383143 1.79213857 2.53686435 2.22045018 2.63530149
  2.99194967 2.3903064  1.12650505 2.54430148]
 [2.24265083 2.54699378 1.96701567 1.48390978 2.37021016 1.21852112
  1.79771731 1.96854974 2.15263106 1.85497636]]
Rh: [[ 3.2390412   4.95219123  1.49725754 13.39912594  2.19451527  1.67746403
   9.42413037  1.45176235  8.98949797  9.94695896  3.75737568]
 [ 5.29973186 10.42229483  1.71622628 10.92095488 13.55916237  6.73514154
   7.08691369  2.87817642  9.32675306  4.02283085  1.75253162]
 [ 8.12453115  4.24481552 14.36365531  1.97880266 16.71527315  2.19880432
   2.1100856   5.57195954 18.08232673  2.99583094  3.36879104]
 [ 2.35539411 11.58976138  1.73079213  3.69702471 13.69768837  2.88778236
  12.12742361  9.95053051  6.89374952  4.62810241 14.45125022]
 [ 3.79258408  1.76557657  1.59205512  2.46829028  6.39599614  6.34726095
   8.62761894 12.29835524  7.92007765 12.6782721   1.91391507]
 [ 2.20202888  3.1118116  11.36064686 15.47502344  2.47410122  2.18231841
   1.54429713 10.68493547  5.03177532  5.27431144  4.71822416]
 [ 1.08816787  2.25089202  3.57161972  1.47441109  2.6797143  15.68860394
   4.33963336  2.9119992  15.67873756 12.67858364 12.32752783]
 [16.24965998  7.07278191  5.56905771  7.80995561 10.05935114 11.54980834
   6.90275296 17.71809222 11.09872545  5.88096371  3.47029984]
 [ 4.07904072  4.64061755  1.21368036  8.54392155 11.52683632  4.85620824
  12.15912421  1.02163894 12.58002458  8.85592081 17.82834936]
 [ 1.07865961 15.6538296   3.56411482  4.63638695  3.63232158  6.38144371
   7.56398456  1.71584737 16.2765427   4.45861201  7.4758817 ]]
Rv: [[ 3.4266102   1.1738481   9.82682256  3.3684002   1.61748277 17.50070611
  14.4789624  11.4181889  15.43856428  1.39701214]
 [ 1.6797372  10.58548914  2.1894826   2.83791249  1.04911088  1.91634365
   3.54835568  4.76595944 14.30238568  7.44489996]
 [ 9.16529973  3.21466814  6.30748271  1.93144815  2.22941714  1.54203308
   1.7689527  10.97184423  6.16217688  2.19996456]
 [ 1.5327989   4.94874366  2.40373678  2.00885813  1.11586679 12.33057566
   1.60018449  5.89489834  4.29166836  2.93493846]
 [11.01657184  1.6081714   3.82900193  3.70291612  6.69251753  1.68994223
  12.79104036  1.87056284  7.47739983  1.39508008]
 [ 5.76723802 14.75790034  3.41031088  3.27001527 10.29736877  8.62191306
   4.59869647 11.95343592  2.09823947  8.18600695]
 [12.62035745  7.69615836  4.91345908  3.46864483  9.6620841  10.00023251
   5.18887865  8.05714743  3.78058463  5.03195364]
 [ 6.16499525  3.0752062   1.93704073 12.17939459  1.44501032  5.58223581
   2.43652908 12.18820898  3.63370025  3.65772547]
 [ 5.13195674  4.00100171  1.87290416  1.47492705  7.7625084   5.22652236
   6.63981126  1.44877146  1.23499098  4.54127863]]