-------Running parameters--------
T = 0.001
temperature_gradient = 0.0
gap = 0
M = 10
N = 10
VR = 0.0
Vmin = 0.0
Vmax = 1.1
vStep = 0.001
vSym = True
repeats = 20
fileName = array_10_10_disorder_c_std_1_r_std_9_run_3
dist = exp
fullOutput = True
use_graph = False
current_map = True
plot_current_map = False
plot_binary_current_map = False
frame_norm = False
dbg = False
resume = False
sc = False
leaping = False
constQ = False
modifyR = False
double_time = False
double_loop = False
output_folder = bgu_2d_finite_temperature_different_disorders
params_path = 
VG_avg = 0.0
VG_std = 0.0
C_avg = 2.0
C_std = 1.0
CG_avg = 10.0
CG_std = 0.0
R_avg = 10.0
R_std = 9.0
custom_rh = ""
custom_rv = ""
custom_ch = ""
custom_cv = ""
RG_avg = 500.0
RG_std = 0.0
n0_avg = 0.0
n0_std = 0.0
Q0_avg = 0.0
Q0_std = 0.0
----Array Parameters-----
Rows: 10
Columns: 10
VG: [[0.]
 [0.]
 [0.]
 [0.]
 [0.]
 [0.]
 [0.]
 [0.]
 [0.]
 [0.]
 [0.]
 [0.]
 [0.]
 [0.]
 [0.]
 [0.]
 [0.]
 [0.]
 [0.]
 [0.]
 [0.]
 [0.]
 [0.]
 [0.]
 [0.]
 [0.]
 [0.]
 [0.]
 [0.]
 [0.]
 [0.]
 [0.]
 [0.]
 [0.]
 [0.]
 [0.]
 [0.]
 [0.]
 [0.]
 [0.]
 [0.]
 [0.]
 [0.]
 [0.]
 [0.]
 [0.]
 [0.]
 [0.]
 [0.]
 [0.]
 [0.]
 [0.]
 [0.]
 [0.]
 [0.]
 [0.]
 [0.]
 [0.]
 [0.]
 [0.]
 [0.]
 [0.]
 [0.]
 [0.]
 [0.]
 [0.]
 [0.]
 [0.]
 [0.]
 [0.]
 [0.]
 [0.]
 [0.]
 [0.]
 [0.]
 [0.]
 [0.]
 [0.]
 [0.]
 [0.]
 [0.]
 [0.]
 [0.]
 [0.]
 [0.]
 [0.]
 [0.]
 [0.]
 [0.]
 [0.]
 [0.]
 [0.]
 [0.]
 [0.]
 [0.]
 [0.]
 [0.]
 [0.]
 [0.]
 [0.]]
CG: [[10.]
 [10.]
 [10.]
 [10.]
 [10.]
 [10.]
 [10.]
 [10.]
 [10.]
 [10.]
 [10.]
 [10.]
 [10.]
 [10.]
 [10.]
 [10.]
 [10.]
 [10.]
 [10.]
 [10.]
 [10.]
 [10.]
 [10.]
 [10.]
 [10.]
 [10.]
 [10.]
 [10.]
 [10.]
 [10.]
 [10.]
 [10.]
 [10.]
 [10.]
 [10.]
 [10.]
 [10.]
 [10.]
 [10.]
 [10.]
 [10.]
 [10.]
 [10.]
 [10.]
 [10.]
 [10.]
 [10.]
 [10.]
 [10.]
 [10.]
 [10.]
 [10.]
 [10.]
 [10.]
 [10.]
 [10.]
 [10.]
 [10.]
 [10.]
 [10.]
 [10.]
 [10.]
 [10.]
 [10.]
 [10.]
 [10.]
 [10.]
 [10.]
 [10.]
 [10.]
 [10.]
 [10.]
 [10.]
 [10.]
 [10.]
 [10.]
 [10.]
 [10.]
 [10.]
 [10.]
 [10.]
 [10.]
 [10.]
 [10.]
 [10.]
 [10.]
 [10.]
 [10.]
 [10.]
 [10.]
 [10.]
 [10.]
 [10.]
 [10.]
 [10.]
 [10.]
 [10.]
 [10.]
 [10.]
 [10.]]
RG: [[500.]
 [500.]
 [500.]
 [500.]
 [500.]
 [500.]
 [500.]
 [500.]
 [500.]
 [500.]
 [500.]
 [500.]
 [500.]
 [500.]
 [500.]
 [500.]
 [500.]
 [500.]
 [500.]
 [500.]
 [500.]
 [500.]
 [500.]
 [500.]
 [500.]
 [500.]
 [500.]
 [500.]
 [500.]
 [500.]
 [500.]
 [500.]
 [500.]
 [500.]
 [500.]
 [500.]
 [500.]
 [500.]
 [500.]
 [500.]
 [500.]
 [500.]
 [500.]
 [500.]
 [500.]
 [500.]
 [500.]
 [500.]
 [500.]
 [500.]
 [500.]
 [500.]
 [500.]
 [500.]
 [500.]
 [500.]
 [500.]
 [500.]
 [500.]
 [500.]
 [500.]
 [500.]
 [500.]
 [500.]
 [500.]
 [500.]
 [500.]
 [500.]
 [500.]
 [500.]
 [500.]
 [500.]
 [500.]
 [500.]
 [500.]
 [500.]
 [500.]
 [500.]
 [500.]
 [500.]
 [500.]
 [500.]
 [500.]
 [500.]
 [500.]
 [500.]
 [500.]
 [500.]
 [500.]
 [500.]
 [500.]
 [500.]
 [500.]
 [500.]
 [500.]
 [500.]
 [500.]
 [500.]
 [500.]
 [500.]]
Ch: [[1.28953692 1.72431031 2.40957167 1.57380371 2.30364216 1.90445047
  1.74126732 1.54229251 1.68509947 2.45242161 1.78089842]
 [1.7377564  1.56915237 1.00768214 2.17630247 1.03261916 1.49497739
  1.27615818 1.12422218 1.42906008 1.02025657 1.26548935]
 [2.05974763 2.70001859 1.81175004 1.05059375 1.18997405 1.50408861
  2.51123818 2.18317438 2.0502375  1.39403763 1.45033001]
 [2.82604359 1.84782849 1.92295868 1.11353481 2.4374366  1.70032623
  1.55974931 1.57530058 1.07884762 1.20980885 1.71808253]
 [2.07128214 1.35889851 2.57913436 2.81285371 1.38721922 1.12066881
  1.40304387 1.28463427 1.1910145  2.2343681  1.58968283]
 [1.80617607 1.00605521 2.46935118 1.25541439 2.13342532 1.59666905
  1.22719804 2.45236134 1.77015491 1.54573584 1.31973544]
 [1.95227305 2.90721041 1.09593375 1.54512282 2.18629758 2.7688332
  1.75996134 1.09045267 1.71277748 2.4560228  1.1924743 ]
 [2.26715691 1.03602307 2.36354717 2.51201367 1.14440843 1.38143677
  2.40198561 1.77277407 1.75194059 2.25146607 1.62388047]
 [1.26330475 2.17970573 1.08109895 1.52304162 2.6798787  2.91882532
  1.57585093 1.02274904 2.87227954 2.10150764 1.10484442]
 [2.3172233  2.66049961 2.75863715 2.63271831 2.78761064 2.92498995
  2.66283008 2.93802593 1.01544563 1.03335757 2.04813255]]
Cv: [[0.         0.         0.         0.         0.         0.
  0.         0.         0.         0.        ]
 [2.36005964 2.11016288 2.75709906 1.61102962 2.33211751 1.29602164
  1.62039075 2.3051765  1.78308251 2.18766451]
 [2.40149323 1.40204249 1.67404355 1.92145235 2.49052295 2.79408538
  1.7584023  2.0670017  1.21369801 1.09488422]
 [1.17704369 1.29122524 2.48179177 2.31699116 1.60871203 2.48769965
  1.32775107 2.84673546 2.28330919 1.13645019]
 [2.2626805  1.85316168 2.91359208 1.12398535 2.86540101 2.13504701
  2.71045261 1.62184053 1.37504697 1.96846646]
 [1.39379931 2.04338297 2.01995    1.29846137 1.40428099 2.42953976
  1.38649303 1.08485406 1.3271336  1.06941432]
 [2.40360231 2.07454882 1.30216451 2.68835198 1.78929137 1.18211556
  1.74004555 2.35910535 1.40802505 2.01749769]
 [1.26934956 1.46650474 1.23480546 1.01300865 1.05412115 1.64837338
  2.1897375  2.01588363 1.66236004 2.84233634]
 [1.02082329 1.22964268 2.4115777  1.77264429 1.89648157 2.59653808
  2.04558134 1.36255371 1.86145145 2.26900935]
 [1.6963158  1.76846671 1.3625834  1.78304699 2.25818846 2.0935556
  1.85091927 1.32006318 1.64073305 1.40958696]]
Rh: [[ 1.13992928 12.47911772  8.38950663  8.67692871  2.5803426   1.59408229
   1.67128946  4.44373593  3.73915322  2.68155872 16.71215642]
 [ 8.39268631  8.10860132  4.1122104   6.88915969  8.33475655  1.74076529
   1.22843898 12.92020772  1.98799687 18.44479667 18.1793189 ]
 [ 5.42039595 14.85042318  2.79451516  8.76029208 10.40537932  3.76569455
   2.03598549  2.79470918 11.72199844  1.4638388  10.6353185 ]
 [16.07890576  4.17124671  4.24260403  1.95111564  5.12055704  3.52895235
   2.00065791  3.71722906 10.03125977  1.52518329  1.11146465]
 [14.97868187  6.13421606  9.56471973  7.05607993  6.4841459   5.05844481
   3.33769454  4.04659802  5.81866568  2.09939877  4.12159218]
 [ 2.08645674 18.25882397  1.78976951  7.16420388  5.02648437  1.38854357
  11.59287529  2.0303499  11.90855811  6.32640479  3.52320075]
 [ 3.12332611  4.30327281 17.28677149  1.39859374  2.36232016  5.89793207
  16.14477863  2.25005667  1.25746374  1.28931908  1.12222517]
 [ 4.12826954  5.12101607  8.9158004  11.72386437  4.41933453  8.77933075
  10.61923114  6.06634301  8.94846543 13.72628193  1.55671129]
 [ 2.75160876 13.52817397  1.43277844  7.12902385  3.85058734  1.13737672
   3.9457463   6.13879508 15.29241955 12.27832619  1.67534759]
 [ 1.18109535 14.29987564  3.92637607 16.37419226  1.33741471 15.05193583
   7.95170294  5.01242691  5.78066452  1.04956653  5.63153394]]
Rv: [[ 8.12051378 13.98582332  3.55410509  9.54747664  3.07579291  3.32143426
  16.14417058  2.66053426  2.58402742  3.70045314]
 [ 3.7854094   7.9505989   7.68765662  1.59002333  3.36220833  8.913972
   4.46935847  1.26103726  3.90435259  2.26712046]
 [17.24262136  1.80731869  7.9853721   6.30180574  2.46309153 12.57247329
   2.43351478  4.58824178  2.59047088  3.16933662]
 [15.26248228  1.00080747 12.27948189 13.58118793 15.51540272  1.0190363
  16.97933258  5.66811869  7.19872164  2.21468702]
 [10.63469084 16.31566822  4.09295794  1.60448751  7.81512497  1.04680805
  11.43221971  1.07260695  2.71491682  7.44304265]
 [ 1.31582057  7.60815913  4.94822494  6.04316775 11.35346732  1.21934294
  14.70363295  1.78773156  7.82269958  2.55086647]
 [ 1.57353396  1.25510852  1.06431804 17.57906858  1.9844871   1.85524842
   3.99110423 14.88586084  1.77439006 11.11367571]
 [ 1.4280758  11.06911335  2.63535346  2.57927496 12.63756331  7.3682262
   6.52427083  2.73389654  5.82627195  2.04167129]
 [ 4.76551834  2.23757242 11.75175885 10.93761219 11.35921099  6.96724541
   2.96358963  1.55995915 17.27913272  2.58691671]]