-------Running parameters--------
T = 0.001
temperature_gradient = 0.0
gap = 0
M = 10
N = 10
VR = 0.0
Vmin = 0.0
Vmax = 1.1
vStep = 0.001
vSym = True
repeats = 20
fileName = array_10_10_disorder_c_std_0.5_r_std_9_run_4
dist = exp
fullOutput = True
use_graph = False
current_map = True
plot_current_map = False
plot_binary_current_map = False
frame_norm = False
dbg = False
resume = False
sc = False
leaping = False
constQ = False
modifyR = False
double_time = False
double_loop = False
output_folder = bgu_2d_finite_temperature_different_disorders
params_path = 
VG_avg = 0.0
VG_std = 0.0
C_avg = 2.0
C_std = 0.5
CG_avg = 10.0
CG_std = 0.0
R_avg = 10.0
R_std = 9.0
custom_rh = ""
custom_rv = ""
custom_ch = ""
custom_cv = ""
RG_avg = 500.0
RG_std = 0.0
n0_avg = 0.0
n0_std = 0.0
Q0_avg = 0.0
Q0_std = 0.0
----Array Parameters-----
Rows: 10
Columns: 10
VG: [[0.]
 [0.]
 [0.]
 [0.]
 [0.]
 [0.]
 [0.]
 [0.]
 [0.]
 [0.]
 [0.]
 [0.]
 [0.]
 [0.]
 [0.]
 [0.]
 [0.]
 [0.]
 [0.]
 [0.]
 [0.]
 [0.]
 [0.]
 [0.]
 [0.]
 [0.]
 [0.]
 [0.]
 [0.]
 [0.]
 [0.]
 [0.]
 [0.]
 [0.]
 [0.]
 [0.]
 [0.]
 [0.]
 [0.]
 [0.]
 [0.]
 [0.]
 [0.]
 [0.]
 [0.]
 [0.]
 [0.]
 [0.]
 [0.]
 [0.]
 [0.]
 [0.]
 [0.]
 [0.]
 [0.]
 [0.]
 [0.]
 [0.]
 [0.]
 [0.]
 [0.]
 [0.]
 [0.]
 [0.]
 [0.]
 [0.]
 [0.]
 [0.]
 [0.]
 [0.]
 [0.]
 [0.]
 [0.]
 [0.]
 [0.]
 [0.]
 [0.]
 [0.]
 [0.]
 [0.]
 [0.]
 [0.]
 [0.]
 [0.]
 [0.]
 [0.]
 [0.]
 [0.]
 [0.]
 [0.]
 [0.]
 [0.]
 [0.]
 [0.]
 [0.]
 [0.]
 [0.]
 [0.]
 [0.]
 [0.]]
CG: [[10.]
 [10.]
 [10.]
 [10.]
 [10.]
 [10.]
 [10.]
 [10.]
 [10.]
 [10.]
 [10.]
 [10.]
 [10.]
 [10.]
 [10.]
 [10.]
 [10.]
 [10.]
 [10.]
 [10.]
 [10.]
 [10.]
 [10.]
 [10.]
 [10.]
 [10.]
 [10.]
 [10.]
 [10.]
 [10.]
 [10.]
 [10.]
 [10.]
 [10.]
 [10.]
 [10.]
 [10.]
 [10.]
 [10.]
 [10.]
 [10.]
 [10.]
 [10.]
 [10.]
 [10.]
 [10.]
 [10.]
 [10.]
 [10.]
 [10.]
 [10.]
 [10.]
 [10.]
 [10.]
 [10.]
 [10.]
 [10.]
 [10.]
 [10.]
 [10.]
 [10.]
 [10.]
 [10.]
 [10.]
 [10.]
 [10.]
 [10.]
 [10.]
 [10.]
 [10.]
 [10.]
 [10.]
 [10.]
 [10.]
 [10.]
 [10.]
 [10.]
 [10.]
 [10.]
 [10.]
 [10.]
 [10.]
 [10.]
 [10.]
 [10.]
 [10.]
 [10.]
 [10.]
 [10.]
 [10.]
 [10.]
 [10.]
 [10.]
 [10.]
 [10.]
 [10.]
 [10.]
 [10.]
 [10.]
 [10.]]
RG: [[500.]
 [500.]
 [500.]
 [500.]
 [500.]
 [500.]
 [500.]
 [500.]
 [500.]
 [500.]
 [500.]
 [500.]
 [500.]
 [500.]
 [500.]
 [500.]
 [500.]
 [500.]
 [500.]
 [500.]
 [500.]
 [500.]
 [500.]
 [500.]
 [500.]
 [500.]
 [500.]
 [500.]
 [500.]
 [500.]
 [500.]
 [500.]
 [500.]
 [500.]
 [500.]
 [500.]
 [500.]
 [500.]
 [500.]
 [500.]
 [500.]
 [500.]
 [500.]
 [500.]
 [500.]
 [500.]
 [500.]
 [500.]
 [500.]
 [500.]
 [500.]
 [500.]
 [500.]
 [500.]
 [500.]
 [500.]
 [500.]
 [500.]
 [500.]
 [500.]
 [500.]
 [500.]
 [500.]
 [500.]
 [500.]
 [500.]
 [500.]
 [500.]
 [500.]
 [500.]
 [500.]
 [500.]
 [500.]
 [500.]
 [500.]
 [500.]
 [500.]
 [500.]
 [500.]
 [500.]
 [500.]
 [500.]
 [500.]
 [500.]
 [500.]
 [500.]
 [500.]
 [500.]
 [500.]
 [500.]
 [500.]
 [500.]
 [500.]
 [500.]
 [500.]
 [500.]
 [500.]
 [500.]
 [500.]
 [500.]]
Ch: [[2.43271955 1.99991011 2.37857682 1.5256522  2.1328599  2.35701718
  1.67144562 2.20835924 1.62389619 1.52384087 1.5501807 ]
 [1.75840896 1.71540472 1.73594005 1.84638636 1.62699867 2.27026572
  1.77439885 1.53427324 1.58824413 2.45903559 2.01351074]
 [1.76671641 1.70265623 2.0280161  1.63027607 2.0214671  1.98984365
  1.50123304 1.67752777 1.58191214 1.82682652 1.59490302]
 [2.32017656 2.26167704 1.90488817 2.36083485 1.69227751 1.81625625
  2.49075662 1.6421039  1.63957908 2.49123964 1.58318707]
 [1.99610622 1.67370193 1.62688601 1.70351952 1.64460064 1.75714225
  2.18019998 2.30054688 2.47743603 2.14623782 1.67312255]
 [1.80787933 1.81966373 1.79151344 2.38905517 2.42101817 1.51751596
  2.28144431 1.65980323 1.67718623 2.25662694 2.35802711]
 [1.98111592 2.28774383 2.229362   2.16889524 1.81528246 2.43198365
  1.5610519  1.63941914 1.74704943 2.26814946 2.27072751]
 [1.72818099 2.28353169 1.83588134 1.54125053 2.12139875 2.33371276
  1.53893058 1.81205023 2.36434169 2.25562808 2.01392993]
 [2.39002359 1.83237653 1.61162459 1.58839331 1.66639327 1.77420296
  1.84399574 1.62127062 1.53136901 1.58857628 1.67892928]
 [2.05949774 2.36294251 1.68466319 2.23765693 1.90437206 2.41944471
  2.09127647 1.71214187 2.23421095 2.30099394 2.13386865]]
Cv: [[0.         0.         0.         0.         0.         0.
  0.         0.         0.         0.        ]
 [1.65948863 2.23149068 1.88606509 1.80596562 1.92654311 2.03911438
  2.44225526 1.9092581  1.85276563 2.01221002]
 [2.47078061 2.2397432  1.53810506 1.52300167 1.51236981 1.96516283
  1.87862397 2.05916777 2.15252518 2.14365597]
 [1.80068684 1.53317163 2.14202114 2.26648527 1.52309964 1.56287093
  2.16449072 1.77095301 1.91455439 2.18351595]
 [2.06829279 2.13130836 2.31155204 1.55001898 2.02118537 1.87573208
  1.74398391 2.29807834 2.06451917 1.8154207 ]
 [1.72890552 2.17987654 2.13455584 1.5613044  2.10887279 2.49151293
  1.83627557 2.13452516 1.74255236 2.4490986 ]
 [2.19649577 1.64487771 2.49255517 2.35930492 1.91351094 2.06336221
  1.92646785 2.043147   1.57608176 1.54592534]
 [1.50036765 2.14930012 2.32861946 2.48071374 1.96070536 1.94555032
  2.37198264 2.16742416 1.58697235 2.26013993]
 [1.79355152 2.48420768 1.53807714 1.9695027  2.39986986 1.53249471
  2.43766209 1.52326035 1.8691219  1.6484431 ]
 [1.99931859 1.93037978 1.71888082 1.63121312 1.54957839 2.33483276
  1.83079789 1.92892975 1.85806352 1.57434924]]
Rh: [[ 8.95510569  1.88846053 14.93484777  6.82332656 10.43469333  7.95625938
   1.55841585  2.96450832  6.37577129  1.9516098   2.62534638]
 [ 2.74163087  6.57903244  2.65411544  2.29335165  2.49439484  4.97539102
   7.61308137  1.9480627   3.87367828  1.17857085  2.04603399]
 [ 5.15318468  1.69135526 15.26358824  3.79639804  7.58874303  2.28663501
   8.50825208  4.16973764 12.1621909   3.73937863  6.61085544]
 [ 1.00991497  6.2133272   1.10328408  4.73295998  3.34700647  8.99369918
   1.86631602  4.33100535  4.93120586  1.42705299  1.38865924]
 [ 1.23143676  1.55208839  1.41569577 12.96917077  3.33302183 11.43967963
  11.54991818  4.78104139 16.07836464  3.17868965 13.53334304]
 [18.0417808  15.45002328  2.15534461  1.01847472  2.31375912  1.38314812
   4.25240721  5.3059464  14.79412607  3.04677939  1.60702601]
 [ 3.61733219  3.39784409  2.31567853  3.28975136 15.74036322  3.84566187
  12.15299067 13.91107565  3.64747822  7.04042829  1.73760014]
 [15.78853291  1.5812301   3.24827188  4.02708633  5.5652113   1.24677636
  11.69942401  2.77490797  4.09698254 12.96829667  1.71479195]
 [ 2.8237845   9.8142724   1.13440948  5.68041526  2.39993641  6.23043533
   9.06535459  1.45365023  4.58403236  8.10988043  9.27326026]
 [12.87504507  5.35909655 13.50965924  7.04390876  1.51285353  2.82191895
   2.63691438  7.44482298  1.53259964  7.62621018  2.69644672]]
Rv: [[ 3.28132314  5.65330154  7.1973129   2.14624322  3.61186906  1.90822218
  14.84007752  1.65537662  5.52798253  1.93868807]
 [ 1.30699662  1.43689564  1.90468743  2.83597102  4.95113587 14.02315814
   1.60176547  3.77455076 18.63935044 18.4428089 ]
 [ 3.69302125  7.75912566  3.57832698  3.15122275  8.70246486  2.92206337
   3.76218928  3.69480097  1.33349601  1.41469733]
 [ 7.3068391   1.16418331  2.02984746 16.46961643  2.96786289  2.38061923
   1.91560645  1.11080813  9.88425834  1.27847256]
 [12.94003478  3.76629121  7.38072968  5.3655285   3.26860085 13.98270936
   4.26659256  2.04946133  1.01915038 18.49339548]
 [15.27477515 11.28076156 13.07818852  5.877516    4.22701077  1.59154382
  10.2235636   2.61461654  8.41559669  1.17614316]
 [13.75525729  1.66322986  4.30662123  6.76034187  7.58271675  5.53037465
  16.75481859  9.66447814  4.1367742  10.80871604]
 [ 2.56625622 12.9655971   1.3515532   1.20000412  3.85129669  1.3150682
   2.05576714  4.41730529  6.13532275  5.8873669 ]
 [16.83529888 10.75879482 10.62742983 10.04121978  4.39395872  1.85154064
   4.46224285  2.18480811  7.02109087  2.01507675]]