-------Running parameters--------
T = 0.001
temperature_gradient = 0.0
gap = 0
M = 10
N = 10
VR = 0.0
Vmin = 0.0
Vmax = 1.1
vStep = 0.001
vSym = True
repeats = 20
fileName = array_10_10_disorder_c_std_0_r_std_1_run_1
dist = exp
fullOutput = True
use_graph = False
current_map = True
plot_current_map = False
plot_binary_current_map = False
frame_norm = False
dbg = False
resume = False
sc = False
leaping = False
constQ = False
modifyR = False
double_time = False
double_loop = False
output_folder = bgu_2d_finite_temperature_different_disorders
params_path = 
VG_avg = 0.0
VG_std = 0.0
C_avg = 2.0
C_std = 0.0
CG_avg = 10.0
CG_std = 0.0
R_avg = 10.0
R_std = 1.0
custom_rh = ""
custom_rv = ""
custom_ch = ""
custom_cv = ""
RG_avg = 500.0
RG_std = 0.0
n0_avg = 0.0
n0_std = 0.0
Q0_avg = 0.0
Q0_std = 0.0
----Array Parameters-----
Rows: 10
Columns: 10
VG: [[0.]
 [0.]
 [0.]
 [0.]
 [0.]
 [0.]
 [0.]
 [0.]
 [0.]
 [0.]
 [0.]
 [0.]
 [0.]
 [0.]
 [0.]
 [0.]
 [0.]
 [0.]
 [0.]
 [0.]
 [0.]
 [0.]
 [0.]
 [0.]
 [0.]
 [0.]
 [0.]
 [0.]
 [0.]
 [0.]
 [0.]
 [0.]
 [0.]
 [0.]
 [0.]
 [0.]
 [0.]
 [0.]
 [0.]
 [0.]
 [0.]
 [0.]
 [0.]
 [0.]
 [0.]
 [0.]
 [0.]
 [0.]
 [0.]
 [0.]
 [0.]
 [0.]
 [0.]
 [0.]
 [0.]
 [0.]
 [0.]
 [0.]
 [0.]
 [0.]
 [0.]
 [0.]
 [0.]
 [0.]
 [0.]
 [0.]
 [0.]
 [0.]
 [0.]
 [0.]
 [0.]
 [0.]
 [0.]
 [0.]
 [0.]
 [0.]
 [0.]
 [0.]
 [0.]
 [0.]
 [0.]
 [0.]
 [0.]
 [0.]
 [0.]
 [0.]
 [0.]
 [0.]
 [0.]
 [0.]
 [0.]
 [0.]
 [0.]
 [0.]
 [0.]
 [0.]
 [0.]
 [0.]
 [0.]
 [0.]]
CG: [[10.]
 [10.]
 [10.]
 [10.]
 [10.]
 [10.]
 [10.]
 [10.]
 [10.]
 [10.]
 [10.]
 [10.]
 [10.]
 [10.]
 [10.]
 [10.]
 [10.]
 [10.]
 [10.]
 [10.]
 [10.]
 [10.]
 [10.]
 [10.]
 [10.]
 [10.]
 [10.]
 [10.]
 [10.]
 [10.]
 [10.]
 [10.]
 [10.]
 [10.]
 [10.]
 [10.]
 [10.]
 [10.]
 [10.]
 [10.]
 [10.]
 [10.]
 [10.]
 [10.]
 [10.]
 [10.]
 [10.]
 [10.]
 [10.]
 [10.]
 [10.]
 [10.]
 [10.]
 [10.]
 [10.]
 [10.]
 [10.]
 [10.]
 [10.]
 [10.]
 [10.]
 [10.]
 [10.]
 [10.]
 [10.]
 [10.]
 [10.]
 [10.]
 [10.]
 [10.]
 [10.]
 [10.]
 [10.]
 [10.]
 [10.]
 [10.]
 [10.]
 [10.]
 [10.]
 [10.]
 [10.]
 [10.]
 [10.]
 [10.]
 [10.]
 [10.]
 [10.]
 [10.]
 [10.]
 [10.]
 [10.]
 [10.]
 [10.]
 [10.]
 [10.]
 [10.]
 [10.]
 [10.]
 [10.]
 [10.]]
RG: [[500.]
 [500.]
 [500.]
 [500.]
 [500.]
 [500.]
 [500.]
 [500.]
 [500.]
 [500.]
 [500.]
 [500.]
 [500.]
 [500.]
 [500.]
 [500.]
 [500.]
 [500.]
 [500.]
 [500.]
 [500.]
 [500.]
 [500.]
 [500.]
 [500.]
 [500.]
 [500.]
 [500.]
 [500.]
 [500.]
 [500.]
 [500.]
 [500.]
 [500.]
 [500.]
 [500.]
 [500.]
 [500.]
 [500.]
 [500.]
 [500.]
 [500.]
 [500.]
 [500.]
 [500.]
 [500.]
 [500.]
 [500.]
 [500.]
 [500.]
 [500.]
 [500.]
 [500.]
 [500.]
 [500.]
 [500.]
 [500.]
 [500.]
 [500.]
 [500.]
 [500.]
 [500.]
 [500.]
 [500.]
 [500.]
 [500.]
 [500.]
 [500.]
 [500.]
 [500.]
 [500.]
 [500.]
 [500.]
 [500.]
 [500.]
 [500.]
 [500.]
 [500.]
 [500.]
 [500.]
 [500.]
 [500.]
 [500.]
 [500.]
 [500.]
 [500.]
 [500.]
 [500.]
 [500.]
 [500.]
 [500.]
 [500.]
 [500.]
 [500.]
 [500.]
 [500.]
 [500.]
 [500.]
 [500.]
 [500.]]
Ch: [[2. 2. 2. 2. 2. 2. 2. 2. 2. 2. 2.]
 [2. 2. 2. 2. 2. 2. 2. 2. 2. 2. 2.]
 [2. 2. 2. 2. 2. 2. 2. 2. 2. 2. 2.]
 [2. 2. 2. 2. 2. 2. 2. 2. 2. 2. 2.]
 [2. 2. 2. 2. 2. 2. 2. 2. 2. 2. 2.]
 [2. 2. 2. 2. 2. 2. 2. 2. 2. 2. 2.]
 [2. 2. 2. 2. 2. 2. 2. 2. 2. 2. 2.]
 [2. 2. 2. 2. 2. 2. 2. 2. 2. 2. 2.]
 [2. 2. 2. 2. 2. 2. 2. 2. 2. 2. 2.]
 [2. 2. 2. 2. 2. 2. 2. 2. 2. 2. 2.]]
Cv: [[0. 0. 0. 0. 0. 0. 0. 0. 0. 0.]
 [2. 2. 2. 2. 2. 2. 2. 2. 2. 2.]
 [2. 2. 2. 2. 2. 2. 2. 2. 2. 2.]
 [2. 2. 2. 2. 2. 2. 2. 2. 2. 2.]
 [2. 2. 2. 2. 2. 2. 2. 2. 2. 2.]
 [2. 2. 2. 2. 2. 2. 2. 2. 2. 2.]
 [2. 2. 2. 2. 2. 2. 2. 2. 2. 2.]
 [2. 2. 2. 2. 2. 2. 2. 2. 2. 2.]
 [2. 2. 2. 2. 2. 2. 2. 2. 2. 2.]
 [2. 2. 2. 2. 2. 2. 2. 2. 2. 2.]]
Rh: [[ 9.50944979 10.33707244  9.69834643  9.97650505 10.99860799  9.30281685
   9.77988629  9.11498127  9.0196638   9.84910329  9.35740904]
 [ 9.04034116 10.32943024 10.96679923 10.22097842 10.41012804  9.69094927
  10.38650794 10.03593136  9.87915779  9.03199402 10.25887791]
 [ 9.23969084  9.57545677  9.40901319 10.3568967   9.83742503 10.74114237
  10.71258455 10.7498687   9.4103277  10.34639744  9.22588414]
 [ 9.57450429 10.15947532  9.8484607  10.36229771 10.85303977  9.10167434
  10.19527243 10.8647137  10.33632334 10.32130341 10.91577881]
 [ 9.5342891   9.67836021 10.32968011 10.92269785  9.05435495 10.17848819
  10.34542115 10.52819317  9.38586708  9.72136216 10.09773895]
 [ 9.89383647 10.3307668  10.77944851 10.4351581  10.81977487 10.28110577
   9.66034615  9.62979293  9.0776692  10.3990414   9.80381785]
 [ 9.98840187  9.57815548  9.95154963  9.28664159  9.42942896 10.33002438
   9.33323719 10.20533954 10.1425609   9.20731956 10.17680236]
 [ 9.10522682 10.7115327  10.04964413  9.78293572  9.53512719  9.17790657
   9.13827596  9.06095414  9.66820438 10.74704894 10.0723968 ]
 [10.88281611  9.7433873  10.82033157  9.67859125  9.05696465  9.8974156
  10.95005116 10.18114659  9.48220908  9.3344554   9.86111998]
 [10.83786343  9.90432439 10.65272646  9.56848708 10.78662826  9.7475972
   9.29671229  9.78847752  9.61049687  9.03909536  9.08042878]]
Rv: [[10.09562478  9.07739029  9.21354456  9.86229004  9.86123354  9.69643864
   9.05696178 10.97942141  9.25988282 10.41277449]
 [10.93279487  9.34644151  9.67754729  9.30512886  9.1733449  10.46240938
   9.3978567  10.44869176 10.44633033 10.64582812]
 [ 9.14316371  9.64877849 10.30235449 10.417192    9.03591562 10.69170232
   9.00493013 10.29726576 10.97204106 10.71042761]
 [10.12612894  9.46628284  9.5619125  10.26647309  9.81096037 10.85566996
   9.48839405  9.27797888  9.75957448 10.10634806]
 [ 9.98565682 10.07399179 10.83417094  9.78117798  9.955797   10.8221885
  10.49044226  9.38218661 10.5291072  10.95885136]
 [10.2040783   9.82094094  9.00283038  9.95238993  9.49916279 10.876824
   9.36645695 10.13927818 10.07654872  9.15422651]
 [ 9.08314167  9.34446944  9.08704793  9.04295831  9.2070678  10.66492784
  10.26298484 10.74244885 10.68162585 10.89180029]
 [ 9.75881438 10.33979498 10.01652976  9.69234566  9.89478679 10.21251981
   9.16243059  9.85405191 10.68280614  9.91668531]
 [ 9.55683314 10.15980691 10.17302161 10.96136047 10.08772568  9.32489866
   9.98658626  9.00097387 10.83524533  9.79471412]]