-------Running parameters--------
T = 0.001
temperature_gradient = 0.0
gap = 0
M = 10
N = 10
VR = 0.0
Vmin = 0.0
Vmax = 1.1
vStep = 0.001
vSym = True
repeats = 20
fileName = array_10_10_disorder_c_std_0_r_std_9_run_5
dist = exp
fullOutput = True
use_graph = False
current_map = True
plot_current_map = False
plot_binary_current_map = False
frame_norm = False
dbg = False
resume = False
sc = False
leaping = False
constQ = False
modifyR = False
double_time = False
double_loop = False
output_folder = bgu_2d_finite_temperature_different_disorders
params_path = 
VG_avg = 0.0
VG_std = 0.0
C_avg = 2.0
C_std = 0.0
CG_avg = 10.0
CG_std = 0.0
R_avg = 10.0
R_std = 9.0
custom_rh = ""
custom_rv = ""
custom_ch = ""
custom_cv = ""
RG_avg = 500.0
RG_std = 0.0
n0_avg = 0.0
n0_std = 0.0
Q0_avg = 0.0
Q0_std = 0.0
----Array Parameters-----
Rows: 10
Columns: 10
VG: [[0.]
 [0.]
 [0.]
 [0.]
 [0.]
 [0.]
 [0.]
 [0.]
 [0.]
 [0.]
 [0.]
 [0.]
 [0.]
 [0.]
 [0.]
 [0.]
 [0.]
 [0.]
 [0.]
 [0.]
 [0.]
 [0.]
 [0.]
 [0.]
 [0.]
 [0.]
 [0.]
 [0.]
 [0.]
 [0.]
 [0.]
 [0.]
 [0.]
 [0.]
 [0.]
 [0.]
 [0.]
 [0.]
 [0.]
 [0.]
 [0.]
 [0.]
 [0.]
 [0.]
 [0.]
 [0.]
 [0.]
 [0.]
 [0.]
 [0.]
 [0.]
 [0.]
 [0.]
 [0.]
 [0.]
 [0.]
 [0.]
 [0.]
 [0.]
 [0.]
 [0.]
 [0.]
 [0.]
 [0.]
 [0.]
 [0.]
 [0.]
 [0.]
 [0.]
 [0.]
 [0.]
 [0.]
 [0.]
 [0.]
 [0.]
 [0.]
 [0.]
 [0.]
 [0.]
 [0.]
 [0.]
 [0.]
 [0.]
 [0.]
 [0.]
 [0.]
 [0.]
 [0.]
 [0.]
 [0.]
 [0.]
 [0.]
 [0.]
 [0.]
 [0.]
 [0.]
 [0.]
 [0.]
 [0.]
 [0.]]
CG: [[10.]
 [10.]
 [10.]
 [10.]
 [10.]
 [10.]
 [10.]
 [10.]
 [10.]
 [10.]
 [10.]
 [10.]
 [10.]
 [10.]
 [10.]
 [10.]
 [10.]
 [10.]
 [10.]
 [10.]
 [10.]
 [10.]
 [10.]
 [10.]
 [10.]
 [10.]
 [10.]
 [10.]
 [10.]
 [10.]
 [10.]
 [10.]
 [10.]
 [10.]
 [10.]
 [10.]
 [10.]
 [10.]
 [10.]
 [10.]
 [10.]
 [10.]
 [10.]
 [10.]
 [10.]
 [10.]
 [10.]
 [10.]
 [10.]
 [10.]
 [10.]
 [10.]
 [10.]
 [10.]
 [10.]
 [10.]
 [10.]
 [10.]
 [10.]
 [10.]
 [10.]
 [10.]
 [10.]
 [10.]
 [10.]
 [10.]
 [10.]
 [10.]
 [10.]
 [10.]
 [10.]
 [10.]
 [10.]
 [10.]
 [10.]
 [10.]
 [10.]
 [10.]
 [10.]
 [10.]
 [10.]
 [10.]
 [10.]
 [10.]
 [10.]
 [10.]
 [10.]
 [10.]
 [10.]
 [10.]
 [10.]
 [10.]
 [10.]
 [10.]
 [10.]
 [10.]
 [10.]
 [10.]
 [10.]
 [10.]]
RG: [[500.]
 [500.]
 [500.]
 [500.]
 [500.]
 [500.]
 [500.]
 [500.]
 [500.]
 [500.]
 [500.]
 [500.]
 [500.]
 [500.]
 [500.]
 [500.]
 [500.]
 [500.]
 [500.]
 [500.]
 [500.]
 [500.]
 [500.]
 [500.]
 [500.]
 [500.]
 [500.]
 [500.]
 [500.]
 [500.]
 [500.]
 [500.]
 [500.]
 [500.]
 [500.]
 [500.]
 [500.]
 [500.]
 [500.]
 [500.]
 [500.]
 [500.]
 [500.]
 [500.]
 [500.]
 [500.]
 [500.]
 [500.]
 [500.]
 [500.]
 [500.]
 [500.]
 [500.]
 [500.]
 [500.]
 [500.]
 [500.]
 [500.]
 [500.]
 [500.]
 [500.]
 [500.]
 [500.]
 [500.]
 [500.]
 [500.]
 [500.]
 [500.]
 [500.]
 [500.]
 [500.]
 [500.]
 [500.]
 [500.]
 [500.]
 [500.]
 [500.]
 [500.]
 [500.]
 [500.]
 [500.]
 [500.]
 [500.]
 [500.]
 [500.]
 [500.]
 [500.]
 [500.]
 [500.]
 [500.]
 [500.]
 [500.]
 [500.]
 [500.]
 [500.]
 [500.]
 [500.]
 [500.]
 [500.]
 [500.]]
Ch: [[2. 2. 2. 2. 2. 2. 2. 2. 2. 2. 2.]
 [2. 2. 2. 2. 2. 2. 2. 2. 2. 2. 2.]
 [2. 2. 2. 2. 2. 2. 2. 2. 2. 2. 2.]
 [2. 2. 2. 2. 2. 2. 2. 2. 2. 2. 2.]
 [2. 2. 2. 2. 2. 2. 2. 2. 2. 2. 2.]
 [2. 2. 2. 2. 2. 2. 2. 2. 2. 2. 2.]
 [2. 2. 2. 2. 2. 2. 2. 2. 2. 2. 2.]
 [2. 2. 2. 2. 2. 2. 2. 2. 2. 2. 2.]
 [2. 2. 2. 2. 2. 2. 2. 2. 2. 2. 2.]
 [2. 2. 2. 2. 2. 2. 2. 2. 2. 2. 2.]]
Cv: [[0. 0. 0. 0. 0. 0. 0. 0. 0. 0.]
 [2. 2. 2. 2. 2. 2. 2. 2. 2. 2.]
 [2. 2. 2. 2. 2. 2. 2. 2. 2. 2.]
 [2. 2. 2. 2. 2. 2. 2. 2. 2. 2.]
 [2. 2. 2. 2. 2. 2. 2. 2. 2. 2.]
 [2. 2. 2. 2. 2. 2. 2. 2. 2. 2.]
 [2. 2. 2. 2. 2. 2. 2. 2. 2. 2.]
 [2. 2. 2. 2. 2. 2. 2. 2. 2. 2.]
 [2. 2. 2. 2. 2. 2. 2. 2. 2. 2.]
 [2. 2. 2. 2. 2. 2. 2. 2. 2. 2.]]
Rh: [[ 1.30445542  1.85827587  1.2493434  17.95216555 10.1920115   4.4784852
  18.49982391  3.03426942 13.5254491  15.9085711   1.17935522]
 [ 3.19457149  2.11887708  1.35046807 12.17256365 11.02189581  8.66367029
   1.00326312  3.24356043  1.65132951  3.41098383 13.79621668]
 [13.69596228  1.89254657  1.47746879  7.91644749  1.77262297  2.7565677
  10.5794129   6.49640335  4.17915729  7.67676889  9.32901373]
 [ 1.29965537  1.13793503  6.19657112  2.36356013  8.46365719  1.74000604
   1.46883749  3.44401805 16.87885987 14.41080863  5.2486563 ]
 [ 1.11625613 15.77731216 15.2307888   5.28150475  5.1018238   9.21381987
   8.74220109  4.15324502 12.95440557 11.31319337  1.66462414]
 [ 1.07222061  1.03595814  3.14819147  6.22977754  4.61548121  2.70480399
   4.54367007  4.35071354  1.01483898  3.03021512  1.5137    ]
 [ 1.95866091 10.36275575  1.2536241   2.42134621  7.61989313  5.28385285
   1.97727097 12.30306851 18.34256877  4.66150067  8.26844567]
 [ 4.99637709  4.18835532  5.45937382 12.03092558  8.89945753  4.1722605
   1.22042908 12.9441731   8.45095413  2.21472333  6.38664   ]
 [ 1.36102933  8.72569229  5.47683513  2.53434937  3.72414972  6.27970298
   9.66465259  3.42963444  5.55170402  2.51283762  4.37071783]
 [ 3.78258131  6.18695631 11.59581556  4.66574837  6.52629913  1.04339291
   3.26990502  2.99486655 11.37579265  1.38702081 14.73777761]]
Rv: [[ 2.31257871  1.46296773 11.13801414  2.64894579  1.7330565   6.2796247
  14.14281004 17.41185341  1.05670671  4.39748635]
 [17.74954748  1.81984801  1.69343575  3.51473041  1.75409228  2.97898065
   1.80187354  1.82387993  7.78746535  8.70406911]
 [ 4.06356962  1.98555941 13.80153803  2.84299406  1.97633829  5.992808
   2.60987394  1.48665475  8.59720051 12.99380983]
 [ 2.69695285  2.10710511  2.04256963 10.86199879 16.86179021 16.25475993
  17.8125113   3.06528802  8.26220111  2.6669576 ]
 [ 2.73695902  8.91166299  4.4889092   9.05336416  9.25543174 18.89595313
   1.78040855  9.75598955 11.56286723  6.61666928]
 [18.13734242  1.95496407  2.63243335 14.71500868  1.5539861  15.3096252
   1.58257498 12.54527393  3.65398228  1.07973886]
 [ 1.87960649 14.02933176 12.33511292  5.32234095  6.56615004 11.4726362
  15.6223218   3.33968253  2.48354567  1.14441499]
 [ 1.38391646  1.92141533  5.78413477  1.8096063  13.18071992 14.4733891
   3.68224367  6.88518253  5.45639824 17.03465262]
 [16.67271937  3.85131693 18.60481009  5.41134656  4.74711163  6.08863546
   3.74694928  1.02823189  1.09441812 11.94836167]]