-------Running parameters--------
T = 0.001
temperature_gradient = 0.0
gap = 0
M = 10
N = 10
VR = 0.0
Vmin = 0.0
Vmax = 1.1
vStep = 0.001
vSym = True
repeats = 20
fileName = array_10_10_disorder_c_std_0.1_r_std_1_run_5
dist = exp
fullOutput = True
use_graph = False
current_map = True
plot_current_map = False
plot_binary_current_map = False
frame_norm = False
dbg = False
resume = False
sc = False
leaping = False
constQ = False
modifyR = False
double_time = False
double_loop = False
output_folder = bgu_2d_finite_temperature_different_disorders
params_path = 
VG_avg = 0.0
VG_std = 0.0
C_avg = 2.0
C_std = 0.1
CG_avg = 10.0
CG_std = 0.0
R_avg = 10.0
R_std = 1.0
custom_rh = ""
custom_rv = ""
custom_ch = ""
custom_cv = ""
RG_avg = 500.0
RG_std = 0.0
n0_avg = 0.0
n0_std = 0.0
Q0_avg = 0.0
Q0_std = 0.0
----Array Parameters-----
Rows: 10
Columns: 10
VG: [[0.]
 [0.]
 [0.]
 [0.]
 [0.]
 [0.]
 [0.]
 [0.]
 [0.]
 [0.]
 [0.]
 [0.]
 [0.]
 [0.]
 [0.]
 [0.]
 [0.]
 [0.]
 [0.]
 [0.]
 [0.]
 [0.]
 [0.]
 [0.]
 [0.]
 [0.]
 [0.]
 [0.]
 [0.]
 [0.]
 [0.]
 [0.]
 [0.]
 [0.]
 [0.]
 [0.]
 [0.]
 [0.]
 [0.]
 [0.]
 [0.]
 [0.]
 [0.]
 [0.]
 [0.]
 [0.]
 [0.]
 [0.]
 [0.]
 [0.]
 [0.]
 [0.]
 [0.]
 [0.]
 [0.]
 [0.]
 [0.]
 [0.]
 [0.]
 [0.]
 [0.]
 [0.]
 [0.]
 [0.]
 [0.]
 [0.]
 [0.]
 [0.]
 [0.]
 [0.]
 [0.]
 [0.]
 [0.]
 [0.]
 [0.]
 [0.]
 [0.]
 [0.]
 [0.]
 [0.]
 [0.]
 [0.]
 [0.]
 [0.]
 [0.]
 [0.]
 [0.]
 [0.]
 [0.]
 [0.]
 [0.]
 [0.]
 [0.]
 [0.]
 [0.]
 [0.]
 [0.]
 [0.]
 [0.]
 [0.]]
CG: [[10.]
 [10.]
 [10.]
 [10.]
 [10.]
 [10.]
 [10.]
 [10.]
 [10.]
 [10.]
 [10.]
 [10.]
 [10.]
 [10.]
 [10.]
 [10.]
 [10.]
 [10.]
 [10.]
 [10.]
 [10.]
 [10.]
 [10.]
 [10.]
 [10.]
 [10.]
 [10.]
 [10.]
 [10.]
 [10.]
 [10.]
 [10.]
 [10.]
 [10.]
 [10.]
 [10.]
 [10.]
 [10.]
 [10.]
 [10.]
 [10.]
 [10.]
 [10.]
 [10.]
 [10.]
 [10.]
 [10.]
 [10.]
 [10.]
 [10.]
 [10.]
 [10.]
 [10.]
 [10.]
 [10.]
 [10.]
 [10.]
 [10.]
 [10.]
 [10.]
 [10.]
 [10.]
 [10.]
 [10.]
 [10.]
 [10.]
 [10.]
 [10.]
 [10.]
 [10.]
 [10.]
 [10.]
 [10.]
 [10.]
 [10.]
 [10.]
 [10.]
 [10.]
 [10.]
 [10.]
 [10.]
 [10.]
 [10.]
 [10.]
 [10.]
 [10.]
 [10.]
 [10.]
 [10.]
 [10.]
 [10.]
 [10.]
 [10.]
 [10.]
 [10.]
 [10.]
 [10.]
 [10.]
 [10.]
 [10.]]
RG: [[500.]
 [500.]
 [500.]
 [500.]
 [500.]
 [500.]
 [500.]
 [500.]
 [500.]
 [500.]
 [500.]
 [500.]
 [500.]
 [500.]
 [500.]
 [500.]
 [500.]
 [500.]
 [500.]
 [500.]
 [500.]
 [500.]
 [500.]
 [500.]
 [500.]
 [500.]
 [500.]
 [500.]
 [500.]
 [500.]
 [500.]
 [500.]
 [500.]
 [500.]
 [500.]
 [500.]
 [500.]
 [500.]
 [500.]
 [500.]
 [500.]
 [500.]
 [500.]
 [500.]
 [500.]
 [500.]
 [500.]
 [500.]
 [500.]
 [500.]
 [500.]
 [500.]
 [500.]
 [500.]
 [500.]
 [500.]
 [500.]
 [500.]
 [500.]
 [500.]
 [500.]
 [500.]
 [500.]
 [500.]
 [500.]
 [500.]
 [500.]
 [500.]
 [500.]
 [500.]
 [500.]
 [500.]
 [500.]
 [500.]
 [500.]
 [500.]
 [500.]
 [500.]
 [500.]
 [500.]
 [500.]
 [500.]
 [500.]
 [500.]
 [500.]
 [500.]
 [500.]
 [500.]
 [500.]
 [500.]
 [500.]
 [500.]
 [500.]
 [500.]
 [500.]
 [500.]
 [500.]
 [500.]
 [500.]
 [500.]]
Ch: [[1.91850061 1.90656755 1.91859763 2.08020524 2.01930877 2.07103865
  2.05295869 2.07591741 1.99089565 2.09628755 2.09871713]
 [1.97138804 2.00835642 1.98380836 2.02214303 1.9913028  1.92223844
  1.92650588 1.93379912 2.06030385 2.05973074 1.99727197]
 [1.92811902 2.03893578 2.05469528 1.92654004 1.91705997 1.98850016
  2.07423601 2.0137882  2.03220187 2.00350783 2.05910585]
 [2.05061003 1.9861755  2.07366114 2.00536156 2.04966824 2.01015514
  1.97618364 1.95044793 1.97655183 1.92169459 2.06198277]
 [2.08569196 2.0800612  1.95508926 2.07338711 2.07512918 2.04666546
  2.04974368 2.07254014 1.94047758 1.91283059 2.00300075]
 [1.90990686 2.0544833  2.03401655 2.07268218 1.91408062 2.02436379
  1.93362619 1.94102871 2.06872779 2.00909068 1.96814245]
 [1.93442267 1.99814405 2.00002302 1.97216018 2.08755716 2.00189541
  1.90984063 2.09183443 1.93444433 2.08713274 1.96949772]
 [1.94831439 1.95118817 2.05318116 2.07478128 2.03921175 2.05313215
  2.04147671 1.91851296 1.98093604 2.09906189 1.92369916]
 [2.08066788 1.99874323 1.97264955 2.07463824 1.92757367 2.06458362
  2.0574544  2.08521792 2.03109497 1.91256382 1.92070174]
 [2.08442068 2.08143446 1.98859573 1.92978016 2.09013676 2.04441749
  1.90774337 1.98474158 2.084722   2.07880363 2.0036492 ]]
Cv: [[0.         0.         0.         0.         0.         0.
  0.         0.         0.         0.        ]
 [1.90613871 1.90283548 2.09569727 2.0029387  1.9530658  1.90320021
  1.9666204  2.08720497 2.05922162 1.94436686]
 [1.98436905 1.95463014 2.08805084 1.9178518  1.93131552 1.926409
  2.05876607 2.04371357 2.05759757 2.06317811]
 [1.97842757 1.92593562 1.93805771 2.09144163 2.09578882 2.08891294
  1.94512431 1.99851053 1.99058086 1.94527132]
 [1.90940795 1.99620808 2.01983171 2.01338973 1.99022088 1.93521022
  2.03038138 2.0487955  2.05637579 2.00297965]
 [1.91663428 2.09675959 1.91216993 1.95060956 2.09497483 1.94544023
  2.02856522 1.95339645 2.04479381 2.01118379]
 [2.02198022 1.99822806 1.93925496 2.05492058 1.90355642 1.90570617
  1.91809037 2.03736021 1.93204037 1.95707936]
 [1.96683339 1.90915764 1.92354482 2.01368446 1.90812193 1.97601424
  1.9615625  1.99137346 2.09028325 2.02533415]
 [2.02885546 2.00188464 1.93597023 2.01869862 2.09771391 1.90829001
  1.96391009 2.03490351 1.93144051 2.07551941]
 [2.02583761 2.00097123 1.92891462 2.08177342 1.94327823 2.0421764
  1.92829578 1.9707997  1.93649649 1.96281662]]
Rh: [[ 9.49498711 10.91181165  9.71959164  9.21415446  9.57752465 10.03949418
   9.48936646  9.55790554  9.25351317 10.95532453  9.24604458]
 [10.1096844   9.836481    9.38371203 10.14203056 10.09875018  9.52420399
  10.91342621 10.84285359  9.67325495  9.00800278  9.0550053 ]
 [ 9.20177624 10.25092073  9.09022337 10.08496088  9.20729917  9.48467844
  10.44372762 10.55416437 10.37895357  9.50479522 10.88279352]
 [10.76740319  9.1063501   9.81935556  9.42076941 10.09285283  9.28457435
   9.52607353  9.79780363 10.5135491   9.99556144  9.08491204]
 [10.0101889   9.11844508  9.3783166   9.37247757  9.53617418 10.26060198
  10.3697155   9.76158818  9.52189333 10.80629661 10.40567036]
 [10.14212442  9.55847716  9.07866471  9.64740654  9.89178577 10.82252523
   9.70759504 10.61613802 10.77258399  9.56957049  9.67255378]
 [ 9.22573042  9.98211691  9.30953023  9.52204926  9.13063574 10.71642393
  10.06925181 10.13516746  9.78889887 10.44200911  9.95991864]
 [ 9.06442823  9.15178256 10.61892707  9.27666789  9.54141051 10.08582107
  10.94115954  9.02010442  9.41266561  9.56164487  9.03526402]
 [10.94171729 10.61198781  9.88997742  9.8192491   9.38754326  9.51739462
   9.02547889  9.28765259  9.29238875 10.0523362   9.98235209]
 [ 9.66102463 10.58989302  9.97471202  9.88830705  9.95522488 10.10158852
  10.45462669 10.38958723 10.31543642 10.74063543  9.62830957]]
Rv: [[ 9.24456371 10.38051389  9.46135082  9.93834284  9.65168394 10.31448053
  10.29034159 10.84229406  9.18192454  9.026544  ]
 [ 9.23384863  9.71261838  9.30659332 10.87486091  9.18897662  9.25172785
   9.64532397  9.47657731  9.37116424 10.84037341]
 [ 9.63554176  9.73617627  9.05788237  9.80457408  9.97905317 10.64837821
  10.39288253  9.7748584   9.161834    9.33440093]
 [10.59241598 10.99480306 10.43531167  9.98156915 10.84543312  9.85583827
   9.92660827 10.57620189 10.19948211 10.9044106 ]
 [ 9.78667894  9.0684947  10.63932001 10.76875173  9.86737645  9.38814474
  10.63097876 10.45261904  9.9169346  10.90168964]
 [10.97177971 10.64062944  9.32412461 10.62159894  9.97730495 10.87219441
   9.24571497  9.56589568 10.46587419  9.25091465]
 [ 9.48388763 10.5819154   9.53259162 10.32559167 10.2205245  10.14350886
  10.9993273  10.00367015 10.51209654 10.90578304]
 [ 9.03297418  9.67573522 10.2874712  10.97219255  9.4039846  10.9097493
  10.81400431  9.71391664  9.35390363  9.02849079]
 [10.33541866  9.86762417 10.28048018 10.85307765 10.12323272 10.13621036
   9.15741479  9.38587219  9.13104273 10.59571322]]