-------Running parameters--------
T = 0.001
temperature_gradient = 0.0
gap = 0
M = 10
N = 10
VR = 0.0
Vmin = 0.0
Vmax = 1.1
vStep = 0.001
vSym = True
repeats = 20
fileName = array_10_10_disorder_c_std_0.5_r_std_1_run_4
dist = exp
fullOutput = True
use_graph = False
current_map = True
plot_current_map = False
plot_binary_current_map = False
frame_norm = False
dbg = False
resume = False
sc = False
leaping = False
constQ = False
modifyR = False
double_time = False
double_loop = False
output_folder = bgu_2d_finite_temperature_different_disorders
params_path = 
VG_avg = 0.0
VG_std = 0.0
C_avg = 2.0
C_std = 0.5
CG_avg = 10.0
CG_std = 0.0
R_avg = 10.0
R_std = 1.0
custom_rh = ""
custom_rv = ""
custom_ch = ""
custom_cv = ""
RG_avg = 500.0
RG_std = 0.0
n0_avg = 0.0
n0_std = 0.0
Q0_avg = 0.0
Q0_std = 0.0
----Array Parameters-----
Rows: 10
Columns: 10
VG: [[0.]
 [0.]
 [0.]
 [0.]
 [0.]
 [0.]
 [0.]
 [0.]
 [0.]
 [0.]
 [0.]
 [0.]
 [0.]
 [0.]
 [0.]
 [0.]
 [0.]
 [0.]
 [0.]
 [0.]
 [0.]
 [0.]
 [0.]
 [0.]
 [0.]
 [0.]
 [0.]
 [0.]
 [0.]
 [0.]
 [0.]
 [0.]
 [0.]
 [0.]
 [0.]
 [0.]
 [0.]
 [0.]
 [0.]
 [0.]
 [0.]
 [0.]
 [0.]
 [0.]
 [0.]
 [0.]
 [0.]
 [0.]
 [0.]
 [0.]
 [0.]
 [0.]
 [0.]
 [0.]
 [0.]
 [0.]
 [0.]
 [0.]
 [0.]
 [0.]
 [0.]
 [0.]
 [0.]
 [0.]
 [0.]
 [0.]
 [0.]
 [0.]
 [0.]
 [0.]
 [0.]
 [0.]
 [0.]
 [0.]
 [0.]
 [0.]
 [0.]
 [0.]
 [0.]
 [0.]
 [0.]
 [0.]
 [0.]
 [0.]
 [0.]
 [0.]
 [0.]
 [0.]
 [0.]
 [0.]
 [0.]
 [0.]
 [0.]
 [0.]
 [0.]
 [0.]
 [0.]
 [0.]
 [0.]
 [0.]]
CG: [[10.]
 [10.]
 [10.]
 [10.]
 [10.]
 [10.]
 [10.]
 [10.]
 [10.]
 [10.]
 [10.]
 [10.]
 [10.]
 [10.]
 [10.]
 [10.]
 [10.]
 [10.]
 [10.]
 [10.]
 [10.]
 [10.]
 [10.]
 [10.]
 [10.]
 [10.]
 [10.]
 [10.]
 [10.]
 [10.]
 [10.]
 [10.]
 [10.]
 [10.]
 [10.]
 [10.]
 [10.]
 [10.]
 [10.]
 [10.]
 [10.]
 [10.]
 [10.]
 [10.]
 [10.]
 [10.]
 [10.]
 [10.]
 [10.]
 [10.]
 [10.]
 [10.]
 [10.]
 [10.]
 [10.]
 [10.]
 [10.]
 [10.]
 [10.]
 [10.]
 [10.]
 [10.]
 [10.]
 [10.]
 [10.]
 [10.]
 [10.]
 [10.]
 [10.]
 [10.]
 [10.]
 [10.]
 [10.]
 [10.]
 [10.]
 [10.]
 [10.]
 [10.]
 [10.]
 [10.]
 [10.]
 [10.]
 [10.]
 [10.]
 [10.]
 [10.]
 [10.]
 [10.]
 [10.]
 [10.]
 [10.]
 [10.]
 [10.]
 [10.]
 [10.]
 [10.]
 [10.]
 [10.]
 [10.]
 [10.]]
RG: [[500.]
 [500.]
 [500.]
 [500.]
 [500.]
 [500.]
 [500.]
 [500.]
 [500.]
 [500.]
 [500.]
 [500.]
 [500.]
 [500.]
 [500.]
 [500.]
 [500.]
 [500.]
 [500.]
 [500.]
 [500.]
 [500.]
 [500.]
 [500.]
 [500.]
 [500.]
 [500.]
 [500.]
 [500.]
 [500.]
 [500.]
 [500.]
 [500.]
 [500.]
 [500.]
 [500.]
 [500.]
 [500.]
 [500.]
 [500.]
 [500.]
 [500.]
 [500.]
 [500.]
 [500.]
 [500.]
 [500.]
 [500.]
 [500.]
 [500.]
 [500.]
 [500.]
 [500.]
 [500.]
 [500.]
 [500.]
 [500.]
 [500.]
 [500.]
 [500.]
 [500.]
 [500.]
 [500.]
 [500.]
 [500.]
 [500.]
 [500.]
 [500.]
 [500.]
 [500.]
 [500.]
 [500.]
 [500.]
 [500.]
 [500.]
 [500.]
 [500.]
 [500.]
 [500.]
 [500.]
 [500.]
 [500.]
 [500.]
 [500.]
 [500.]
 [500.]
 [500.]
 [500.]
 [500.]
 [500.]
 [500.]
 [500.]
 [500.]
 [500.]
 [500.]
 [500.]
 [500.]
 [500.]
 [500.]
 [500.]]
Ch: [[1.8974505  2.07982165 2.13882622 1.97686087 2.1685225  1.86734147
  1.8828583  1.59341359 2.46506347 1.98392386 1.83963706]
 [1.61669709 1.59557081 2.47152003 1.99057563 1.56957802 1.55171903
  1.5310393  2.03138623 1.8952023  2.48610516 1.56079453]
 [1.55653547 1.67507426 1.54317554 1.78355344 1.89223785 2.05399178
  1.54672255 2.37498735 1.87615603 2.27126816 2.04538656]
 [1.76285188 1.80769796 2.19031855 2.37665337 1.71850312 2.24906112
  2.15967461 1.52454593 1.74049297 1.87438162 2.37720827]
 [1.63699871 1.61427903 2.4461776  1.9233067  2.21070344 2.14590525
  1.74292492 1.58552375 2.11308779 2.05076927 1.61413456]
 [1.50673858 1.54667069 1.56124216 1.97390833 1.63882632 2.36422108
  1.6742957  1.87444547 1.54999967 1.58605641 1.50875364]
 [2.33920874 1.56523719 2.11203255 1.56089672 2.00922136 2.45601999
  2.17763503 1.87439303 2.38701195 2.24391844 1.97052478]
 [1.73629108 1.84288914 1.59770924 1.7181081  2.05055311 2.05587958
  2.31835275 1.94715012 1.79882852 1.84696316 1.69545801]
 [1.6768944  1.92206171 1.88024301 1.63339923 2.11864852 1.55212318
  1.75280935 1.57792577 1.76146187 2.20509599 1.64197195]
 [2.49450885 1.55990075 1.65484741 2.44595342 2.13985505 1.84213965
  2.43542008 1.70647008 2.49735089 1.9695559  1.63604152]]
Cv: [[0.         0.         0.         0.         0.         0.
  0.         0.         0.         0.        ]
 [2.47624091 2.22839799 1.89322924 2.01608141 2.15361719 1.60952466
  2.29415635 2.45830535 1.56225559 1.86261461]
 [2.4196796  2.24521864 1.69194383 1.76083126 2.22802989 2.41155185
  2.00124687 1.59580825 2.29582295 2.37175415]
 [1.98097674 2.34546638 1.5528384  1.91100517 1.64153001 1.70157955
  1.82903772 1.87734929 1.58905601 1.66610968]
 [1.84357644 1.66404714 1.69762312 2.19549666 1.95402676 1.73940064
  1.65533482 1.57023353 2.20634686 1.91556353]
 [2.24959389 1.69653114 2.05876763 2.44666379 2.4650469  2.44301849
  1.68523602 1.72558408 1.52740995 2.26510836]
 [1.8445008  1.5350335  2.41534681 1.56144629 2.03988559 2.03169519
  2.00069512 1.75844578 2.40163586 2.02884773]
 [2.2113106  2.23794263 1.54045529 2.27965535 1.50231221 2.00934826
  1.57412017 1.78288082 1.71029492 2.45507948]
 [2.22164978 1.54674721 2.06326824 2.14729269 2.21528712 2.11277267
  2.10606879 2.00655127 2.18612912 1.9035369 ]
 [1.90863631 1.54869727 1.79771289 1.72437042 1.98550535 1.661904
  1.82464125 1.63613847 1.8919027  1.71325675]]
Rh: [[ 9.99428643  9.02275009  9.99299526  9.99024476  9.36531389  9.39727694
   9.28382972 10.74930008  9.29356847 10.06389395 10.41858335]
 [10.16783615  9.24036522  9.35739187 10.78566448 10.02584632 10.20559075
  10.36778591  9.10650875 10.89480827 10.49895916  9.13087774]
 [ 9.58847018  9.66621059 10.59738371 10.78448385  9.35352238  9.88714998
   9.66593398 10.90931726  9.72791375  9.89143289  9.53409981]
 [ 9.40997872 10.12515145 10.2797212   9.59789306 10.77302097 10.03718024
   9.41181904 10.4049625   9.50894406 10.83638731  9.54981006]
 [10.50387375  9.05587686  9.45894347 10.19719956  9.67946312  9.63038502
   9.23739119  9.22809741  9.44322321 10.98344959 10.68086697]
 [10.00616844  9.08615804  9.31596073  9.30795468  9.62137444  9.88276427
  10.17040486 10.76957221  9.71733781 10.95914718 10.80655544]
 [ 9.16101426  9.4424885  10.3430578  10.77503462  9.83483382 10.06220535
   9.58824046  9.45964575 10.5118551   9.14152805 10.62015354]
 [ 9.6811655  10.04002324 10.288499   10.47646154 10.86805187 10.06556075
   9.35842628 10.91325951  9.67794289 10.31040359  9.2335832 ]
 [10.76981741 10.03687871  9.71049531 10.36233652  9.10915579  9.4290823
  10.81744108 10.83919511 10.29947899 10.12253308  9.26441244]
 [ 9.36314706  9.48022458 10.28513867  9.42972707  9.40009611 10.31574737
   9.54799869  9.19105798 10.22388879 10.63492133 10.15105407]]
Rv: [[10.92727404 10.75281219  9.98121512  9.24540563  9.33098731 10.53245741
  10.05606166  9.99993653  9.3838405  10.48041252]
 [10.56418833 10.6454375   9.55370972  9.64518712  9.77995668  9.38893236
  10.8315973  10.68352349 10.23706444  9.56764124]
 [10.44615826 10.35095264  9.05707571  9.89989437 10.16584659  9.98252373
   9.0915707   9.0306675  10.61744672  9.34287498]
 [10.39082658 10.42546075 10.29778841  9.28094561  9.47731468 10.59692522
  10.1686855   9.83737549 10.60630257  9.68239777]
 [ 9.60422425 10.64997045  9.10886115  9.548315    9.18921852 10.33455975
   9.77176162  9.61750546  9.82275058 10.23943355]
 [ 9.10025318  9.77110573 10.56343393 10.10962093 10.24800027  9.2133761
   9.7726671   9.27734229  9.0403164  10.34716954]
 [ 9.73698668 10.61715856 10.35832453 10.18022694 10.27308508  9.42532369
  10.72861801 10.32055381 10.8194946  10.62345098]
 [ 9.50212887  9.3993938  10.95087096  9.48935551 10.51771047 10.27818312
  10.471369   10.74427703 10.05354686  9.63675953]
 [ 9.91037397 10.59380551  9.90625957 10.3596217  10.27366486 10.82045324
   9.37246108  9.78904481  9.21195902  9.36012291]]