-------Running parameters--------
T = 0.001
temperature_gradient = 0.0
gap = 0
M = 10
N = 10
VR = 0.0
Vmin = 0.0
Vmax = 1.1
vStep = 0.001
vSym = True
repeats = 20
fileName = array_10_10_disorder_c_std_0.5_r_std_5_run_5
dist = exp
fullOutput = True
use_graph = False
current_map = True
plot_current_map = False
plot_binary_current_map = False
frame_norm = False
dbg = False
resume = False
sc = False
leaping = False
constQ = False
modifyR = False
double_time = False
double_loop = False
output_folder = bgu_2d_finite_temperature_different_disorders
params_path = 
VG_avg = 0.0
VG_std = 0.0
C_avg = 2.0
C_std = 0.5
CG_avg = 10.0
CG_std = 0.0
R_avg = 10.0
R_std = 5.0
custom_rh = ""
custom_rv = ""
custom_ch = ""
custom_cv = ""
RG_avg = 500.0
RG_std = 0.0
n0_avg = 0.0
n0_std = 0.0
Q0_avg = 0.0
Q0_std = 0.0
----Array Parameters-----
Rows: 10
Columns: 10
VG: [[0.]
 [0.]
 [0.]
 [0.]
 [0.]
 [0.]
 [0.]
 [0.]
 [0.]
 [0.]
 [0.]
 [0.]
 [0.]
 [0.]
 [0.]
 [0.]
 [0.]
 [0.]
 [0.]
 [0.]
 [0.]
 [0.]
 [0.]
 [0.]
 [0.]
 [0.]
 [0.]
 [0.]
 [0.]
 [0.]
 [0.]
 [0.]
 [0.]
 [0.]
 [0.]
 [0.]
 [0.]
 [0.]
 [0.]
 [0.]
 [0.]
 [0.]
 [0.]
 [0.]
 [0.]
 [0.]
 [0.]
 [0.]
 [0.]
 [0.]
 [0.]
 [0.]
 [0.]
 [0.]
 [0.]
 [0.]
 [0.]
 [0.]
 [0.]
 [0.]
 [0.]
 [0.]
 [0.]
 [0.]
 [0.]
 [0.]
 [0.]
 [0.]
 [0.]
 [0.]
 [0.]
 [0.]
 [0.]
 [0.]
 [0.]
 [0.]
 [0.]
 [0.]
 [0.]
 [0.]
 [0.]
 [0.]
 [0.]
 [0.]
 [0.]
 [0.]
 [0.]
 [0.]
 [0.]
 [0.]
 [0.]
 [0.]
 [0.]
 [0.]
 [0.]
 [0.]
 [0.]
 [0.]
 [0.]
 [0.]]
CG: [[10.]
 [10.]
 [10.]
 [10.]
 [10.]
 [10.]
 [10.]
 [10.]
 [10.]
 [10.]
 [10.]
 [10.]
 [10.]
 [10.]
 [10.]
 [10.]
 [10.]
 [10.]
 [10.]
 [10.]
 [10.]
 [10.]
 [10.]
 [10.]
 [10.]
 [10.]
 [10.]
 [10.]
 [10.]
 [10.]
 [10.]
 [10.]
 [10.]
 [10.]
 [10.]
 [10.]
 [10.]
 [10.]
 [10.]
 [10.]
 [10.]
 [10.]
 [10.]
 [10.]
 [10.]
 [10.]
 [10.]
 [10.]
 [10.]
 [10.]
 [10.]
 [10.]
 [10.]
 [10.]
 [10.]
 [10.]
 [10.]
 [10.]
 [10.]
 [10.]
 [10.]
 [10.]
 [10.]
 [10.]
 [10.]
 [10.]
 [10.]
 [10.]
 [10.]
 [10.]
 [10.]
 [10.]
 [10.]
 [10.]
 [10.]
 [10.]
 [10.]
 [10.]
 [10.]
 [10.]
 [10.]
 [10.]
 [10.]
 [10.]
 [10.]
 [10.]
 [10.]
 [10.]
 [10.]
 [10.]
 [10.]
 [10.]
 [10.]
 [10.]
 [10.]
 [10.]
 [10.]
 [10.]
 [10.]
 [10.]]
RG: [[500.]
 [500.]
 [500.]
 [500.]
 [500.]
 [500.]
 [500.]
 [500.]
 [500.]
 [500.]
 [500.]
 [500.]
 [500.]
 [500.]
 [500.]
 [500.]
 [500.]
 [500.]
 [500.]
 [500.]
 [500.]
 [500.]
 [500.]
 [500.]
 [500.]
 [500.]
 [500.]
 [500.]
 [500.]
 [500.]
 [500.]
 [500.]
 [500.]
 [500.]
 [500.]
 [500.]
 [500.]
 [500.]
 [500.]
 [500.]
 [500.]
 [500.]
 [500.]
 [500.]
 [500.]
 [500.]
 [500.]
 [500.]
 [500.]
 [500.]
 [500.]
 [500.]
 [500.]
 [500.]
 [500.]
 [500.]
 [500.]
 [500.]
 [500.]
 [500.]
 [500.]
 [500.]
 [500.]
 [500.]
 [500.]
 [500.]
 [500.]
 [500.]
 [500.]
 [500.]
 [500.]
 [500.]
 [500.]
 [500.]
 [500.]
 [500.]
 [500.]
 [500.]
 [500.]
 [500.]
 [500.]
 [500.]
 [500.]
 [500.]
 [500.]
 [500.]
 [500.]
 [500.]
 [500.]
 [500.]
 [500.]
 [500.]
 [500.]
 [500.]
 [500.]
 [500.]
 [500.]
 [500.]
 [500.]
 [500.]]
Ch: [[1.77255681 1.96860292 1.55080449 2.0122741  1.68951285 1.64082278
  2.2482325  2.26797729 1.53495175 1.60815424 1.60981328]
 [1.90246396 2.3923672  2.38661858 1.8166034  1.67974905 2.04768207
  2.32932248 1.92177216 1.73629973 1.56988931 2.0693562 ]
 [2.25730445 1.65542452 2.43994832 1.7739402  1.66977746 2.02803169
  2.48726798 2.03269244 1.77724987 2.18545244 1.52623303]
 [1.93371822 2.10950533 2.49680039 2.35353137 2.00139752 2.22696543
  1.78808509 1.99967611 1.61667047 1.62853219 2.09732348]
 [1.88332544 2.18516909 2.45367857 1.94633387 2.2341198  1.54659674
  2.35373295 1.52122141 1.53501995 2.07229406 2.19639893]
 [2.48894155 2.38510624 2.47175471 2.22074003 2.22160226 2.28895617
  1.92740191 2.03941698 2.23338115 2.11742725 2.08255072]
 [1.77299109 2.27263451 1.76022003 2.06285647 1.64316542 2.34248678
  2.40008114 2.08921707 1.50925618 2.28487775 1.65177908]
 [1.57830856 2.23956285 1.93081879 2.37309992 2.48710895 1.55746858
  2.34932568 1.78933066 1.84649493 1.51911904 1.73865952]
 [2.43851139 2.23881884 1.67231039 2.47027962 1.69229107 1.53568992
  1.86815029 2.2141229  1.61482759 1.98298199 1.81642728]
 [2.13064386 1.99334017 1.57600141 1.52337984 2.38513864 1.94350081
  2.45547317 2.05762485 1.94413957 1.52691273 1.83041797]]
Cv: [[0.         0.         0.         0.         0.         0.
  0.         0.         0.         0.        ]
 [1.74983186 2.1278479  2.35517272 2.24530797 1.81344939 1.80967905
  1.54393597 2.31644542 2.33072669 2.43816129]
 [2.12577787 1.58388048 2.48574443 1.6335381  2.16108282 2.01190155
  2.32563578 1.64840746 2.15943178 1.86509082]
 [2.44137559 1.7692757  2.02158839 1.76359318 1.96000965 1.69553329
  1.91527585 2.15808909 1.52970866 1.63508393]
 [2.43261795 1.62669831 2.35540359 1.77446519 2.37805028 1.52016342
  1.75821891 1.73532456 1.7421408  1.60922133]
 [2.13740487 1.77097108 2.47174457 2.23350168 2.25166037 2.48585115
  1.52865186 1.59891248 2.38152607 1.87363557]
 [1.50082608 1.94531715 2.3910763  2.30055184 2.4942544  1.76494677
  2.11442115 2.27864443 2.3405888  1.94241132]
 [1.92115915 1.79419257 1.62024744 1.6715914  1.70520859 1.5470953
  1.65149811 2.30779909 1.53568455 2.23933368]
 [1.89717797 2.005111   2.3193394  1.82604934 2.14052921 2.22977103
  1.52515698 1.74634351 2.07622352 1.99511653]
 [1.82066677 2.46428639 1.99187784 2.26097295 1.79785773 2.42857525
  2.2586034  1.7834969  1.52553051 1.5866811 ]]
Rh: [[ 7.23780492 12.07057725  7.57699331  9.13506036  9.44915172  7.73786458
  12.54368673 14.19880904  8.99872036  7.80658057 13.99110636]
 [13.02324375 13.58851665  6.07671619 11.59253419 13.65134097 11.63305044
   6.84538998  9.19705596 10.93120879  7.17808906  5.70713342]
 [13.99199442  9.33081623  8.13146645 13.18363261  7.20997851  7.72957049
   6.14645271  8.18296026  7.07280428  5.84417924 10.96382543]
 [ 6.15109153  6.426823   10.49471726 10.08156414 11.08137181 14.94708835
   6.43788737 14.93362159 12.87114776 14.9652498   7.21377439]
 [11.40102214  6.2936119   5.0703505   5.02013981 11.73801876  8.49539778
  14.75231135  5.1057732   8.81021658 12.77714222  9.4419742 ]
 [ 5.3093763   7.97981854  8.27154998 14.33183066 13.64520379  5.7256623
  13.31350865  5.41459027 12.30612056 10.10992995 14.89418391]
 [ 8.10884815  5.75722795 12.98417087 14.57594532  8.53070466  7.42773453
   8.83420206  5.41581194  7.87136032 14.5653869   6.98582403]
 [11.23824343  7.66214522  9.33593281 11.25331859  9.72239773  8.05546792
   5.15796417  5.76419862 11.23899669  6.93233184  8.98877724]
 [ 6.56305374  9.04985444 10.79746707 14.64548323  5.08844501  6.87576069
   5.08412083  6.54639396 14.20707696 10.64048311 13.77276328]
 [12.68748012  9.4121401  14.27353981 13.37459194  9.97431485  6.26804639
  13.76191033 14.65174561  6.75004003 10.14427415  5.51524435]]
Rv: [[ 6.10900349  9.51725198 12.24867455 13.78783028  7.58360011 11.66647609
  10.99352411 11.25362234 14.27156937  6.79667704]
 [ 5.48982429 10.53978346 10.51449981  6.47791393  6.98741702 12.81836747
   8.25257769  7.51743747 12.20574714 12.02301299]
 [14.99084912  5.811538    7.81273941  6.59689969  6.7405752  14.08711832
   6.9566265   5.76295406  7.71735234  7.74236997]
 [ 6.0547631   5.67162198  8.38188106  6.93512465 13.02879923  8.49655225
   8.7677612  10.17712604  5.34467544  6.93476469]
 [11.84846791  7.67539338  9.90900998  5.3188786   5.79225911 11.52371797
   8.11369364 13.78169225  6.4750534   6.48940765]
 [ 5.05647545  6.34174074  9.1088092   7.73115379 12.26117192  9.09648865
   7.30720576  8.55172607  9.71049739  7.33613831]
 [ 7.80095537 14.48267384  5.55269193  9.48764831  8.26553203 14.6470108
  13.70886677 10.08897515 12.37608742  9.75248909]
 [ 6.8688008  10.62102156  6.25764536  5.26951985 14.89687844  6.37992663
  12.59433863  9.96810189 10.8940834   8.12549639]
 [11.00149246  5.62027349  8.33482467  6.60382667  9.7403895  13.61317253
   8.99750966 10.24940076  5.98385572  9.15044412]]