-------Running parameters--------
T = 0.001
temperature_gradient = 0.0
gap = 0
M = 10
N = 10
VR = 0.0
Vmin = 0.0
Vmax = 1.1
vStep = 0.001
vSym = True
repeats = 20
fileName = array_10_10_disorder_c_std_1_r_std_5_run_5
dist = exp
fullOutput = True
use_graph = False
current_map = True
plot_current_map = False
plot_binary_current_map = False
frame_norm = False
dbg = False
resume = False
sc = False
leaping = False
constQ = False
modifyR = False
double_time = False
double_loop = False
output_folder = bgu_2d_finite_temperature_different_disorders
params_path = 
VG_avg = 0.0
VG_std = 0.0
C_avg = 2.0
C_std = 1.0
CG_avg = 10.0
CG_std = 0.0
R_avg = 10.0
R_std = 5.0
custom_rh = ""
custom_rv = ""
custom_ch = ""
custom_cv = ""
RG_avg = 500.0
RG_std = 0.0
n0_avg = 0.0
n0_std = 0.0
Q0_avg = 0.0
Q0_std = 0.0
----Array Parameters-----
Rows: 10
Columns: 10
VG: [[0.]
 [0.]
 [0.]
 [0.]
 [0.]
 [0.]
 [0.]
 [0.]
 [0.]
 [0.]
 [0.]
 [0.]
 [0.]
 [0.]
 [0.]
 [0.]
 [0.]
 [0.]
 [0.]
 [0.]
 [0.]
 [0.]
 [0.]
 [0.]
 [0.]
 [0.]
 [0.]
 [0.]
 [0.]
 [0.]
 [0.]
 [0.]
 [0.]
 [0.]
 [0.]
 [0.]
 [0.]
 [0.]
 [0.]
 [0.]
 [0.]
 [0.]
 [0.]
 [0.]
 [0.]
 [0.]
 [0.]
 [0.]
 [0.]
 [0.]
 [0.]
 [0.]
 [0.]
 [0.]
 [0.]
 [0.]
 [0.]
 [0.]
 [0.]
 [0.]
 [0.]
 [0.]
 [0.]
 [0.]
 [0.]
 [0.]
 [0.]
 [0.]
 [0.]
 [0.]
 [0.]
 [0.]
 [0.]
 [0.]
 [0.]
 [0.]
 [0.]
 [0.]
 [0.]
 [0.]
 [0.]
 [0.]
 [0.]
 [0.]
 [0.]
 [0.]
 [0.]
 [0.]
 [0.]
 [0.]
 [0.]
 [0.]
 [0.]
 [0.]
 [0.]
 [0.]
 [0.]
 [0.]
 [0.]
 [0.]]
CG: [[10.]
 [10.]
 [10.]
 [10.]
 [10.]
 [10.]
 [10.]
 [10.]
 [10.]
 [10.]
 [10.]
 [10.]
 [10.]
 [10.]
 [10.]
 [10.]
 [10.]
 [10.]
 [10.]
 [10.]
 [10.]
 [10.]
 [10.]
 [10.]
 [10.]
 [10.]
 [10.]
 [10.]
 [10.]
 [10.]
 [10.]
 [10.]
 [10.]
 [10.]
 [10.]
 [10.]
 [10.]
 [10.]
 [10.]
 [10.]
 [10.]
 [10.]
 [10.]
 [10.]
 [10.]
 [10.]
 [10.]
 [10.]
 [10.]
 [10.]
 [10.]
 [10.]
 [10.]
 [10.]
 [10.]
 [10.]
 [10.]
 [10.]
 [10.]
 [10.]
 [10.]
 [10.]
 [10.]
 [10.]
 [10.]
 [10.]
 [10.]
 [10.]
 [10.]
 [10.]
 [10.]
 [10.]
 [10.]
 [10.]
 [10.]
 [10.]
 [10.]
 [10.]
 [10.]
 [10.]
 [10.]
 [10.]
 [10.]
 [10.]
 [10.]
 [10.]
 [10.]
 [10.]
 [10.]
 [10.]
 [10.]
 [10.]
 [10.]
 [10.]
 [10.]
 [10.]
 [10.]
 [10.]
 [10.]
 [10.]]
RG: [[500.]
 [500.]
 [500.]
 [500.]
 [500.]
 [500.]
 [500.]
 [500.]
 [500.]
 [500.]
 [500.]
 [500.]
 [500.]
 [500.]
 [500.]
 [500.]
 [500.]
 [500.]
 [500.]
 [500.]
 [500.]
 [500.]
 [500.]
 [500.]
 [500.]
 [500.]
 [500.]
 [500.]
 [500.]
 [500.]
 [500.]
 [500.]
 [500.]
 [500.]
 [500.]
 [500.]
 [500.]
 [500.]
 [500.]
 [500.]
 [500.]
 [500.]
 [500.]
 [500.]
 [500.]
 [500.]
 [500.]
 [500.]
 [500.]
 [500.]
 [500.]
 [500.]
 [500.]
 [500.]
 [500.]
 [500.]
 [500.]
 [500.]
 [500.]
 [500.]
 [500.]
 [500.]
 [500.]
 [500.]
 [500.]
 [500.]
 [500.]
 [500.]
 [500.]
 [500.]
 [500.]
 [500.]
 [500.]
 [500.]
 [500.]
 [500.]
 [500.]
 [500.]
 [500.]
 [500.]
 [500.]
 [500.]
 [500.]
 [500.]
 [500.]
 [500.]
 [500.]
 [500.]
 [500.]
 [500.]
 [500.]
 [500.]
 [500.]
 [500.]
 [500.]
 [500.]
 [500.]
 [500.]
 [500.]
 [500.]]
Ch: [[1.10775171 1.31778662 2.9268063  1.23921138 2.91750342 2.19384567
  2.24516254 2.98178689 2.68477074 2.38590507 1.55904481]
 [1.83560762 1.83008424 1.61990146 2.14941434 2.02138616 2.69073743
  2.27790595 1.39543    2.17935563 1.39914237 1.83623478]
 [1.7957244  1.00845049 1.26859126 2.10943359 1.20558568 2.25341238
  2.00314506 1.81204855 1.80737627 2.32668975 1.44936591]
 [2.25744965 2.78667958 1.91032722 1.27931189 1.30391334 2.56745978
  1.3288898  2.35854463 2.92314776 1.11783295 1.52823748]
 [1.84413205 2.06457901 2.90065368 1.57852596 1.41173847 1.45056175
  1.33981209 2.73736473 2.30945202 1.34462238 1.57117997]
 [2.12485705 2.34237399 1.17597234 1.26321879 1.63248767 2.23755471
  1.59176247 1.79108726 2.65004887 2.43706109 2.14207029]
 [1.44628143 2.39009433 1.38553044 1.85471741 2.64392595 1.72881871
  2.85872404 1.0573874  1.32228313 1.28780509 1.66106495]
 [2.74399181 2.05087944 1.53148844 2.56527674 2.37691555 1.13267682
  1.13070255 1.33625736 1.43516079 2.82323634 1.82372485]
 [2.01532732 1.93514725 2.75783107 1.86433758 2.4809093  1.85387874
  1.08451657 2.86292376 1.03126547 2.03277452 2.81847799]
 [1.10359443 2.65999345 2.99426579 1.90899544 2.45600124 1.14193031
  2.09636454 1.21654692 1.19955844 2.94124915 1.52511349]]
Cv: [[0.         0.         0.         0.         0.         0.
  0.         0.         0.         0.        ]
 [2.07117431 1.01832156 1.13606924 1.8453012  1.01036642 1.1405943
  1.51091856 1.69436136 1.11748107 1.49079093]
 [1.07413309 2.48843184 1.19064548 2.11037494 1.42749826 1.46782089
  2.74871452 1.02535928 2.87097797 1.84049204]
 [1.08867743 2.13490357 1.73279607 2.71436246 1.66959241 1.48507169
  1.45654146 1.89928495 1.97904061 1.52728744]
 [1.08365484 1.52053142 1.92096203 1.06266376 1.71231937 2.68930147
  2.21071127 1.64356019 1.47515904 1.16079675]
 [2.31349854 1.32346681 1.84745655 2.71347785 1.65288008 2.81636355
  1.68035536 1.46810294 1.28752533 1.88629501]
 [1.80043558 1.41420883 1.48446596 1.96555114 1.52710409 1.34288245
  2.29925829 1.50316972 1.59731381 2.1858513 ]
 [1.96574577 1.99748301 1.97403601 1.56582411 1.75342591 2.62452563
  2.00427522 1.76807024 2.05109314 2.32216935]
 [1.01607561 1.50323102 1.19961171 1.39756032 1.57978979 2.59675791
  1.35655629 2.68299018 1.33400923 2.87946147]
 [1.19551462 1.98414919 2.62710791 1.8468376  1.76915214 1.13661713
  2.86318095 1.84601698 1.19385642 1.75175524]]
Rh: [[ 7.98557614 12.21165262 11.1022368   7.86317815  5.18017345 13.39648557
   8.70954235  5.37884305  6.34363719  9.42782157 13.29046791]
 [10.36511216  9.12299535  9.85257401  6.49149528  7.67044735  8.18273101
  10.52938048  5.4851337   5.37487023 11.15061657  6.2046947 ]
 [ 7.24106358  5.61110502 13.91161713  9.12261873 12.08361408  7.35589585
  14.73009795  7.52480094  7.95667656  7.16278308  6.02508843]
 [ 6.03140264  8.14539209  7.23411164  7.44519282  5.31865665 14.35065912
   7.26794002 10.72723434  6.76199748 14.65346191 10.8519837 ]
 [ 7.61932978  6.89563502  5.70756703  8.04470833  6.1699195  12.43616516
   6.53095094  9.41096112  7.89825157 12.87453793 11.87196125]
 [ 6.54751137  6.69217604  7.58914001 10.51355148  7.3897021  13.15597486
   6.31316296 11.67859985  6.16725645  5.14786362  9.65458736]
 [11.57941075 12.29049037  6.94440683  8.31094409 13.06891924  8.2008465
   6.90075713 10.40577815  8.24960113  8.06113125 12.4020156 ]
 [ 9.55852362  5.62322268  8.04536805  5.60537753 13.0499616   5.78783991
  12.37244678  5.0912793   9.87808326  5.28598317  7.22717925]
 [ 6.04034353  6.66439252  9.39784687 14.34635817  9.49184635  6.37926436
   5.48546502 10.60409457  6.94672673  7.46032938 11.92237331]
 [11.84766528  6.32720915 10.71001388 10.90690287  5.5378852  10.09402069
   8.92662672  9.76376083 10.4724713  13.06399506 12.57821064]]
Rv: [[ 6.80512577 14.53835074  5.18082784  8.97437426  8.9269695   5.48243732
  11.91842638  5.15551381  6.24862645  9.47639754]
 [ 8.83290914  6.61383937  7.31944243  5.10919295 14.30278414  5.4439395
   9.56629548 10.86854416  8.67102089 14.91654841]
 [12.05152916  5.35713324 11.79331698  8.78199154 11.11674802  6.06581726
   7.90292899  5.02266266  9.99154675  9.11196161]
 [ 9.40243954  7.1927493   7.85878422 12.72724773 14.25140617  6.42834646
   8.07682169 10.2681387  14.19529655 11.13516585]
 [ 7.0527557   9.66755404  6.91657019  5.55242262 10.77618692  6.28728104
  10.13665349  6.60263024  5.27899421 12.68866704]
 [13.90030862  5.19003805  6.35603154  7.96211373 14.59260271  9.11770441
   5.90326349  7.52090058  5.95935118 12.96460825]
 [ 7.67775018 10.36333451 12.32917972  5.57786428  9.33774297  6.46318215
   8.95915885  5.15596923  6.33727108  7.79373993]
 [ 8.40226588  9.54185187 12.16776141 13.94140179  6.67792124  5.61257353
   6.05993341 11.93899326 12.65081446  5.19329117]
 [10.12820285 12.76563593 12.47573181 12.57922032  9.22230586  5.96634372
  14.89716402  6.72971717  5.72281644  5.07778801]]