-------Running parameters--------
T = 0.001
temperature_gradient = 0.0
gap = 0
M = 10
N = 10
VR = 0.0
Vmin = 0.0
Vmax = 1.1
vStep = 0.001
vSym = True
repeats = 20
fileName = array_10_10_disorder_c_std_1_r_std_9_run_5
dist = exp
fullOutput = True
use_graph = False
current_map = True
plot_current_map = False
plot_binary_current_map = False
frame_norm = False
dbg = False
resume = False
sc = False
leaping = False
constQ = False
modifyR = False
double_time = False
double_loop = False
output_folder = bgu_2d_finite_temperature_different_disorders
params_path = 
VG_avg = 0.0
VG_std = 0.0
C_avg = 2.0
C_std = 1.0
CG_avg = 10.0
CG_std = 0.0
R_avg = 10.0
R_std = 9.0
custom_rh = ""
custom_rv = ""
custom_ch = ""
custom_cv = ""
RG_avg = 500.0
RG_std = 0.0
n0_avg = 0.0
n0_std = 0.0
Q0_avg = 0.0
Q0_std = 0.0
----Array Parameters-----
Rows: 10
Columns: 10
VG: [[0.]
 [0.]
 [0.]
 [0.]
 [0.]
 [0.]
 [0.]
 [0.]
 [0.]
 [0.]
 [0.]
 [0.]
 [0.]
 [0.]
 [0.]
 [0.]
 [0.]
 [0.]
 [0.]
 [0.]
 [0.]
 [0.]
 [0.]
 [0.]
 [0.]
 [0.]
 [0.]
 [0.]
 [0.]
 [0.]
 [0.]
 [0.]
 [0.]
 [0.]
 [0.]
 [0.]
 [0.]
 [0.]
 [0.]
 [0.]
 [0.]
 [0.]
 [0.]
 [0.]
 [0.]
 [0.]
 [0.]
 [0.]
 [0.]
 [0.]
 [0.]
 [0.]
 [0.]
 [0.]
 [0.]
 [0.]
 [0.]
 [0.]
 [0.]
 [0.]
 [0.]
 [0.]
 [0.]
 [0.]
 [0.]
 [0.]
 [0.]
 [0.]
 [0.]
 [0.]
 [0.]
 [0.]
 [0.]
 [0.]
 [0.]
 [0.]
 [0.]
 [0.]
 [0.]
 [0.]
 [0.]
 [0.]
 [0.]
 [0.]
 [0.]
 [0.]
 [0.]
 [0.]
 [0.]
 [0.]
 [0.]
 [0.]
 [0.]
 [0.]
 [0.]
 [0.]
 [0.]
 [0.]
 [0.]
 [0.]]
CG: [[10.]
 [10.]
 [10.]
 [10.]
 [10.]
 [10.]
 [10.]
 [10.]
 [10.]
 [10.]
 [10.]
 [10.]
 [10.]
 [10.]
 [10.]
 [10.]
 [10.]
 [10.]
 [10.]
 [10.]
 [10.]
 [10.]
 [10.]
 [10.]
 [10.]
 [10.]
 [10.]
 [10.]
 [10.]
 [10.]
 [10.]
 [10.]
 [10.]
 [10.]
 [10.]
 [10.]
 [10.]
 [10.]
 [10.]
 [10.]
 [10.]
 [10.]
 [10.]
 [10.]
 [10.]
 [10.]
 [10.]
 [10.]
 [10.]
 [10.]
 [10.]
 [10.]
 [10.]
 [10.]
 [10.]
 [10.]
 [10.]
 [10.]
 [10.]
 [10.]
 [10.]
 [10.]
 [10.]
 [10.]
 [10.]
 [10.]
 [10.]
 [10.]
 [10.]
 [10.]
 [10.]
 [10.]
 [10.]
 [10.]
 [10.]
 [10.]
 [10.]
 [10.]
 [10.]
 [10.]
 [10.]
 [10.]
 [10.]
 [10.]
 [10.]
 [10.]
 [10.]
 [10.]
 [10.]
 [10.]
 [10.]
 [10.]
 [10.]
 [10.]
 [10.]
 [10.]
 [10.]
 [10.]
 [10.]
 [10.]]
RG: [[500.]
 [500.]
 [500.]
 [500.]
 [500.]
 [500.]
 [500.]
 [500.]
 [500.]
 [500.]
 [500.]
 [500.]
 [500.]
 [500.]
 [500.]
 [500.]
 [500.]
 [500.]
 [500.]
 [500.]
 [500.]
 [500.]
 [500.]
 [500.]
 [500.]
 [500.]
 [500.]
 [500.]
 [500.]
 [500.]
 [500.]
 [500.]
 [500.]
 [500.]
 [500.]
 [500.]
 [500.]
 [500.]
 [500.]
 [500.]
 [500.]
 [500.]
 [500.]
 [500.]
 [500.]
 [500.]
 [500.]
 [500.]
 [500.]
 [500.]
 [500.]
 [500.]
 [500.]
 [500.]
 [500.]
 [500.]
 [500.]
 [500.]
 [500.]
 [500.]
 [500.]
 [500.]
 [500.]
 [500.]
 [500.]
 [500.]
 [500.]
 [500.]
 [500.]
 [500.]
 [500.]
 [500.]
 [500.]
 [500.]
 [500.]
 [500.]
 [500.]
 [500.]
 [500.]
 [500.]
 [500.]
 [500.]
 [500.]
 [500.]
 [500.]
 [500.]
 [500.]
 [500.]
 [500.]
 [500.]
 [500.]
 [500.]
 [500.]
 [500.]
 [500.]
 [500.]
 [500.]
 [500.]
 [500.]
 [500.]]
Ch: [[1.57516214 2.80364943 1.01549237 1.0025222  1.97563213 1.4328216
  1.14190595 1.1310388  1.28513456 2.71531661 2.23613879]
 [1.17781354 1.09623946 1.38595437 2.84781304 1.11814605 1.03253699
  1.57975576 2.31753845 2.06127347 2.49595108 1.66494112]
 [2.61371776 1.74123144 1.05239194 1.76356721 2.14564741 1.87169117
  1.06751995 1.21757533 1.58374274 1.24551219 2.34583388]
 [1.15281892 2.32706643 2.83784825 1.3590192  2.26370098 1.37549905
  2.28723192 2.39355535 1.73478466 1.26920495 2.02753924]
 [2.70631709 1.64346332 2.97153337 1.26185778 1.07634745 2.03651521
  1.08419219 1.17546209 1.88102089 1.99543189 1.86924807]
 [1.54480792 1.43333632 1.20724143 1.05442251 1.18949448 1.42945304
  1.72718762 2.79337456 2.43173606 1.87993508 1.53640849]
 [2.28890191 1.1177209  1.54168611 1.05530814 1.42982587 1.43464169
  1.8967153  2.15562177 1.82400525 2.88611655 1.1038339 ]
 [2.18367671 1.03502387 1.40046339 1.34469037 1.22913585 1.02009596
  1.08826517 1.35766896 1.90617316 1.7235765  2.55893044]
 [2.02521874 2.16768696 1.02425979 1.67874343 2.69877504 1.66476349
  2.58459978 1.24416466 1.9221328  1.13292461 2.2850978 ]
 [2.18227379 1.01246491 2.3343652  1.66290845 1.35021311 1.60508468
  1.53406398 1.42368228 1.65065617 1.78934875 2.5014489 ]]
Cv: [[0.         0.         0.         0.         0.         0.
  0.         0.         0.         0.        ]
 [2.66005636 2.83536131 2.91885739 1.94437605 1.05125765 1.26208775
  1.76260899 2.12392034 1.34888258 1.60053221]
 [1.00443529 2.9121992  1.86807314 2.84112242 1.41926714 1.66153413
  2.40298976 2.31513036 2.97129507 2.20886398]
 [2.14240487 1.29712737 2.74293341 2.43164001 2.00997338 1.91760599
  1.32357356 1.68192597 1.3341     2.02994504]
 [2.62577141 1.20466659 2.78597309 1.15260062 2.68847278 2.10899001
  2.14290505 1.42703652 1.55544883 1.01034107]
 [1.40755921 1.155577   2.15355347 1.13668213 1.06065305 1.39296847
  1.03565258 1.23041351 1.1625296  1.03769969]
 [1.41809285 2.51086923 1.05152033 1.31524585 2.06667523 1.03919984
  1.18053371 1.6032859  1.95994902 1.4893398 ]
 [1.38044225 1.65471075 1.21870743 1.89456415 2.93654164 1.48890836
  1.8061987  1.01396902 1.34963053 2.431349  ]
 [1.25604251 2.17723336 1.55308235 1.09976474 2.89649393 1.10458136
  1.16096194 1.63378768 2.9558485  1.2375268 ]
 [1.35543918 1.56564197 1.27065426 2.08597059 2.65666625 1.06329675
  1.86077982 2.12249747 2.80850713 1.00103721]]
Rh: [[17.12483989  5.74851317  1.27772891 11.49359974  6.63597386 12.31238157
   1.89702638  4.30206318  1.27370867  4.82305519  3.74071283]
 [10.27600107  8.89550358  1.52096469  4.27326392 17.98016363  2.60715246
   8.93466464 14.31403093  1.41875488  1.69578    12.91902342]
 [ 1.58483786  5.54121116  2.84170559  8.21136148  1.10160396  2.08958997
   4.5516709   4.32515961  1.45174129  8.13100293  3.29183646]
 [ 2.06937393  1.53162254  9.56980226 10.31601414 10.60392286 13.66114209
   3.73995919  7.17190814  5.85881043  3.22347347  2.08787959]
 [ 1.58319144  1.57721237  3.59333284  1.1820731   2.08246155 14.20203743
   1.48154975  6.3515804   2.30130382  1.96260475  1.5515073 ]
 [12.42466104  9.39867046  1.58125511 13.69163164  1.36724926 10.83566603
  12.34101139 10.02117457 15.83362736  1.52656403  4.9407341 ]
 [ 1.80543836  4.75158991  4.73705025 14.65558664  8.88002666 11.91518366
   6.48640004  3.20850163  8.67714385 10.56620294  9.04807154]
 [ 5.37685754  1.46701758  1.20598079  7.71438651  1.44704647  1.95727145
   1.07701914  3.44130841  2.59862755 15.64665789  2.01727912]
 [ 5.65887704 14.99283786  1.9716099   1.12188588  7.51646648 14.90989932
   6.28298276 14.21095119  3.08589471 14.17037094  1.09199614]
 [13.15823196  8.8038079   2.19212669 16.61071144 18.16653592  1.96221931
   3.46846728  3.43493446  5.86233141  1.47157589  2.23386842]]
Rv: [[ 3.90004911 14.70977425  1.40997983  2.48883409  3.37746439  3.25717849
   5.79397383  1.09148319  7.94471278 13.56472433]
 [ 8.25345198  5.10987147  2.48227824  1.37664465  9.00393492  1.48073535
   4.02001879 14.53283095  2.95020242  1.71145665]
 [ 1.07140483  5.29171713  6.02946231  1.0633269  10.13848045  8.36980669
  13.70728028  2.26361588  5.53096357  2.47285417]
 [ 1.34207894  5.66776547  9.31783414 13.08922046  1.74055049  4.06195533
   1.4819898   1.3489068  17.9890789   9.06238183]
 [ 2.32710246 10.4630322  16.96812022  1.2884493   7.45124121  3.2725433
   1.01269955  5.8549642  10.31357321 16.20531785]
 [ 9.69179578  7.1878438  14.57932965  1.76745287  1.74587457  7.83324027
   5.90797691  2.94938302  2.3337827   6.42289943]
 [ 1.28859623  8.69479725  6.8026159   2.36607309 17.43143552  2.54648575
   4.69141397  7.18902581  2.9148042  10.05355472]
 [15.70639569  1.60266267  2.18574104  6.16676949  2.82620617  9.35694274
   3.60333906  1.2788225   1.41576265  2.21626282]
 [ 2.28952232  2.01701028 10.58254646  2.54302955 13.13924236 18.3085382
   2.59333455 12.369349   16.63033008  4.70123064]]