-------Running parameters--------
T = 0.001
temperature_gradient = 0.0
gap = 0
M = 10
N = 10
VR = 0.0
Vmin = 0.0
Vmax = 1.1
vStep = 0.001
vSym = True
repeats = 20
fileName = array_10_10_disorder_c_std_0_r_std_5_run_1
dist = exp
fullOutput = True
use_graph = False
current_map = True
plot_current_map = False
plot_binary_current_map = False
frame_norm = False
dbg = False
resume = False
sc = False
leaping = False
constQ = False
modifyR = False
double_time = False
double_loop = False
output_folder = bgu_2d_finite_temperature_different_disorders
params_path = 
VG_avg = 0.0
VG_std = 0.0
C_avg = 2.0
C_std = 0.0
CG_avg = 10.0
CG_std = 0.0
R_avg = 10.0
R_std = 5.0
custom_rh = ""
custom_rv = ""
custom_ch = ""
custom_cv = ""
RG_avg = 500.0
RG_std = 0.0
n0_avg = 0.0
n0_std = 0.0
Q0_avg = 0.0
Q0_std = 0.0
----Array Parameters-----
Rows: 10
Columns: 10
VG: [[0.]
 [0.]
 [0.]
 [0.]
 [0.]
 [0.]
 [0.]
 [0.]
 [0.]
 [0.]
 [0.]
 [0.]
 [0.]
 [0.]
 [0.]
 [0.]
 [0.]
 [0.]
 [0.]
 [0.]
 [0.]
 [0.]
 [0.]
 [0.]
 [0.]
 [0.]
 [0.]
 [0.]
 [0.]
 [0.]
 [0.]
 [0.]
 [0.]
 [0.]
 [0.]
 [0.]
 [0.]
 [0.]
 [0.]
 [0.]
 [0.]
 [0.]
 [0.]
 [0.]
 [0.]
 [0.]
 [0.]
 [0.]
 [0.]
 [0.]
 [0.]
 [0.]
 [0.]
 [0.]
 [0.]
 [0.]
 [0.]
 [0.]
 [0.]
 [0.]
 [0.]
 [0.]
 [0.]
 [0.]
 [0.]
 [0.]
 [0.]
 [0.]
 [0.]
 [0.]
 [0.]
 [0.]
 [0.]
 [0.]
 [0.]
 [0.]
 [0.]
 [0.]
 [0.]
 [0.]
 [0.]
 [0.]
 [0.]
 [0.]
 [0.]
 [0.]
 [0.]
 [0.]
 [0.]
 [0.]
 [0.]
 [0.]
 [0.]
 [0.]
 [0.]
 [0.]
 [0.]
 [0.]
 [0.]
 [0.]]
CG: [[10.]
 [10.]
 [10.]
 [10.]
 [10.]
 [10.]
 [10.]
 [10.]
 [10.]
 [10.]
 [10.]
 [10.]
 [10.]
 [10.]
 [10.]
 [10.]
 [10.]
 [10.]
 [10.]
 [10.]
 [10.]
 [10.]
 [10.]
 [10.]
 [10.]
 [10.]
 [10.]
 [10.]
 [10.]
 [10.]
 [10.]
 [10.]
 [10.]
 [10.]
 [10.]
 [10.]
 [10.]
 [10.]
 [10.]
 [10.]
 [10.]
 [10.]
 [10.]
 [10.]
 [10.]
 [10.]
 [10.]
 [10.]
 [10.]
 [10.]
 [10.]
 [10.]
 [10.]
 [10.]
 [10.]
 [10.]
 [10.]
 [10.]
 [10.]
 [10.]
 [10.]
 [10.]
 [10.]
 [10.]
 [10.]
 [10.]
 [10.]
 [10.]
 [10.]
 [10.]
 [10.]
 [10.]
 [10.]
 [10.]
 [10.]
 [10.]
 [10.]
 [10.]
 [10.]
 [10.]
 [10.]
 [10.]
 [10.]
 [10.]
 [10.]
 [10.]
 [10.]
 [10.]
 [10.]
 [10.]
 [10.]
 [10.]
 [10.]
 [10.]
 [10.]
 [10.]
 [10.]
 [10.]
 [10.]
 [10.]]
RG: [[500.]
 [500.]
 [500.]
 [500.]
 [500.]
 [500.]
 [500.]
 [500.]
 [500.]
 [500.]
 [500.]
 [500.]
 [500.]
 [500.]
 [500.]
 [500.]
 [500.]
 [500.]
 [500.]
 [500.]
 [500.]
 [500.]
 [500.]
 [500.]
 [500.]
 [500.]
 [500.]
 [500.]
 [500.]
 [500.]
 [500.]
 [500.]
 [500.]
 [500.]
 [500.]
 [500.]
 [500.]
 [500.]
 [500.]
 [500.]
 [500.]
 [500.]
 [500.]
 [500.]
 [500.]
 [500.]
 [500.]
 [500.]
 [500.]
 [500.]
 [500.]
 [500.]
 [500.]
 [500.]
 [500.]
 [500.]
 [500.]
 [500.]
 [500.]
 [500.]
 [500.]
 [500.]
 [500.]
 [500.]
 [500.]
 [500.]
 [500.]
 [500.]
 [500.]
 [500.]
 [500.]
 [500.]
 [500.]
 [500.]
 [500.]
 [500.]
 [500.]
 [500.]
 [500.]
 [500.]
 [500.]
 [500.]
 [500.]
 [500.]
 [500.]
 [500.]
 [500.]
 [500.]
 [500.]
 [500.]
 [500.]
 [500.]
 [500.]
 [500.]
 [500.]
 [500.]
 [500.]
 [500.]
 [500.]
 [500.]]
Ch: [[2. 2. 2. 2. 2. 2. 2. 2. 2. 2. 2.]
 [2. 2. 2. 2. 2. 2. 2. 2. 2. 2. 2.]
 [2. 2. 2. 2. 2. 2. 2. 2. 2. 2. 2.]
 [2. 2. 2. 2. 2. 2. 2. 2. 2. 2. 2.]
 [2. 2. 2. 2. 2. 2. 2. 2. 2. 2. 2.]
 [2. 2. 2. 2. 2. 2. 2. 2. 2. 2. 2.]
 [2. 2. 2. 2. 2. 2. 2. 2. 2. 2. 2.]
 [2. 2. 2. 2. 2. 2. 2. 2. 2. 2. 2.]
 [2. 2. 2. 2. 2. 2. 2. 2. 2. 2. 2.]
 [2. 2. 2. 2. 2. 2. 2. 2. 2. 2. 2.]]
Cv: [[0. 0. 0. 0. 0. 0. 0. 0. 0. 0.]
 [2. 2. 2. 2. 2. 2. 2. 2. 2. 2.]
 [2. 2. 2. 2. 2. 2. 2. 2. 2. 2.]
 [2. 2. 2. 2. 2. 2. 2. 2. 2. 2.]
 [2. 2. 2. 2. 2. 2. 2. 2. 2. 2.]
 [2. 2. 2. 2. 2. 2. 2. 2. 2. 2.]
 [2. 2. 2. 2. 2. 2. 2. 2. 2. 2.]
 [2. 2. 2. 2. 2. 2. 2. 2. 2. 2.]
 [2. 2. 2. 2. 2. 2. 2. 2. 2. 2.]
 [2. 2. 2. 2. 2. 2. 2. 2. 2. 2.]]
Rh: [[ 9.9133643   5.12689433 12.50813843 10.04031419  9.76961056 11.18398116
   9.19377317 12.85572769  9.82476997  5.47809443  9.04382061]
 [13.76728497  5.87607295  7.11054099 10.81954119  5.21670675  5.92539547
   5.48067102  5.24340989 10.71867808  5.15657436  8.58267598]
 [10.85878518  7.62037604  9.59763643 10.1303405  14.20733469  5.68912682
  14.58207631  6.90838725  6.33114731 10.89494043  5.73041761]
 [ 5.39376269 11.32566225 11.65276198  5.23546539  8.68628649  6.48610052
   6.49101716  8.06813587 12.01426536 10.14527512  5.40637913]
 [ 8.11412911  6.13569839 11.66960426  7.57783817  6.05190074 11.22127552
  14.15908343  9.71373172  7.52031542  7.14231886 11.76100384]
 [ 5.48863452  5.41801635  7.3732207  10.2321175   5.04402322  7.06333935
  10.38015617  6.1906292  10.76762423 10.00690301  6.00988149]
 [14.18278875  6.50773676  9.1245689  12.84473893  7.66925392  6.50556826
   5.56669201  6.59902023  9.08387746  7.15882795  9.32592025]
 [ 8.39274037 13.37798323  6.13939812  7.92981572  6.47428728  7.19278735
  10.02791632  7.94169751  5.45710582 12.550784    8.69755075]
 [ 6.10637472 13.87175368 11.12641136  5.56196206  9.47750777 13.65725307
  10.68538512  5.97218705  5.49992615  5.74444887  9.17391806]
 [13.5439274   9.22601024  8.72103591  5.03269602 11.8768134  10.43444909
   5.78878167 13.40345406 12.49100024  8.71406781 13.14833789]]
Rv: [[13.43725949  8.31398775  6.54875287  9.50762007 10.44958766 13.78966693
   6.73221153  6.35534326 10.49337347 14.98269059]
 [11.59030419 13.79677569 12.867811    6.40109809  6.76704619  9.2307838
  14.23334663  7.86889388 12.46114161  8.03810785]
 [ 9.41514995  7.97040947  8.40625059  9.81415688 12.01529071 14.51441335
  10.82592847 11.77492754 10.74910637  6.45633701]
 [ 9.00483531  8.24339147  8.41816197  9.76646926  6.03840371  7.94986451
   5.7509947   8.0545551   6.02414826  5.97739548]
 [ 9.68026843  5.97629597  5.53344183 10.92067063  7.89652078  5.17011436
   8.61215286 12.22891746  8.35363443 14.84082922]
 [ 5.82942466  8.43398328  6.771498    8.1043173   5.0783609  11.56901289
   5.58625792 13.92749999  8.21295775  7.51686702]
 [12.75166747  5.55341468 13.25251194  8.21207087 11.72273237  7.6215913
   6.30038697  5.01986278  8.2966872   6.25796604]
 [14.03930791 13.90923801  6.03167104  7.74824052  5.29629793  6.17050692
   6.08888203 13.67760325  6.65021223 11.54378919]
 [ 6.20393734  5.83014676  6.85074449  6.18276824 10.35589909 13.29052524
  12.33812004 11.94104415  9.94968118 13.9181415 ]]