-------Running parameters--------
T = 0.001
temperature_gradient = 0.0
gap = 0
M = 10
N = 10
VR = 0.0
Vmin = 0.0
Vmax = 1.1
vStep = 0.001
vSym = True
repeats = 20
fileName = array_10_10_disorder_c_std_1_r_std_1_run_5
dist = exp
fullOutput = True
use_graph = False
current_map = True
plot_current_map = False
plot_binary_current_map = False
frame_norm = False
dbg = False
resume = False
sc = False
leaping = False
constQ = False
modifyR = False
double_time = False
double_loop = False
output_folder = bgu_2d_finite_temperature_different_disorders
params_path = 
VG_avg = 0.0
VG_std = 0.0
C_avg = 2.0
C_std = 1.0
CG_avg = 10.0
CG_std = 0.0
R_avg = 10.0
R_std = 1.0
custom_rh = ""
custom_rv = ""
custom_ch = ""
custom_cv = ""
RG_avg = 500.0
RG_std = 0.0
n0_avg = 0.0
n0_std = 0.0
Q0_avg = 0.0
Q0_std = 0.0
----Array Parameters-----
Rows: 10
Columns: 10
VG: [[0.]
 [0.]
 [0.]
 [0.]
 [0.]
 [0.]
 [0.]
 [0.]
 [0.]
 [0.]
 [0.]
 [0.]
 [0.]
 [0.]
 [0.]
 [0.]
 [0.]
 [0.]
 [0.]
 [0.]
 [0.]
 [0.]
 [0.]
 [0.]
 [0.]
 [0.]
 [0.]
 [0.]
 [0.]
 [0.]
 [0.]
 [0.]
 [0.]
 [0.]
 [0.]
 [0.]
 [0.]
 [0.]
 [0.]
 [0.]
 [0.]
 [0.]
 [0.]
 [0.]
 [0.]
 [0.]
 [0.]
 [0.]
 [0.]
 [0.]
 [0.]
 [0.]
 [0.]
 [0.]
 [0.]
 [0.]
 [0.]
 [0.]
 [0.]
 [0.]
 [0.]
 [0.]
 [0.]
 [0.]
 [0.]
 [0.]
 [0.]
 [0.]
 [0.]
 [0.]
 [0.]
 [0.]
 [0.]
 [0.]
 [0.]
 [0.]
 [0.]
 [0.]
 [0.]
 [0.]
 [0.]
 [0.]
 [0.]
 [0.]
 [0.]
 [0.]
 [0.]
 [0.]
 [0.]
 [0.]
 [0.]
 [0.]
 [0.]
 [0.]
 [0.]
 [0.]
 [0.]
 [0.]
 [0.]
 [0.]]
CG: [[10.]
 [10.]
 [10.]
 [10.]
 [10.]
 [10.]
 [10.]
 [10.]
 [10.]
 [10.]
 [10.]
 [10.]
 [10.]
 [10.]
 [10.]
 [10.]
 [10.]
 [10.]
 [10.]
 [10.]
 [10.]
 [10.]
 [10.]
 [10.]
 [10.]
 [10.]
 [10.]
 [10.]
 [10.]
 [10.]
 [10.]
 [10.]
 [10.]
 [10.]
 [10.]
 [10.]
 [10.]
 [10.]
 [10.]
 [10.]
 [10.]
 [10.]
 [10.]
 [10.]
 [10.]
 [10.]
 [10.]
 [10.]
 [10.]
 [10.]
 [10.]
 [10.]
 [10.]
 [10.]
 [10.]
 [10.]
 [10.]
 [10.]
 [10.]
 [10.]
 [10.]
 [10.]
 [10.]
 [10.]
 [10.]
 [10.]
 [10.]
 [10.]
 [10.]
 [10.]
 [10.]
 [10.]
 [10.]
 [10.]
 [10.]
 [10.]
 [10.]
 [10.]
 [10.]
 [10.]
 [10.]
 [10.]
 [10.]
 [10.]
 [10.]
 [10.]
 [10.]
 [10.]
 [10.]
 [10.]
 [10.]
 [10.]
 [10.]
 [10.]
 [10.]
 [10.]
 [10.]
 [10.]
 [10.]
 [10.]]
RG: [[500.]
 [500.]
 [500.]
 [500.]
 [500.]
 [500.]
 [500.]
 [500.]
 [500.]
 [500.]
 [500.]
 [500.]
 [500.]
 [500.]
 [500.]
 [500.]
 [500.]
 [500.]
 [500.]
 [500.]
 [500.]
 [500.]
 [500.]
 [500.]
 [500.]
 [500.]
 [500.]
 [500.]
 [500.]
 [500.]
 [500.]
 [500.]
 [500.]
 [500.]
 [500.]
 [500.]
 [500.]
 [500.]
 [500.]
 [500.]
 [500.]
 [500.]
 [500.]
 [500.]
 [500.]
 [500.]
 [500.]
 [500.]
 [500.]
 [500.]
 [500.]
 [500.]
 [500.]
 [500.]
 [500.]
 [500.]
 [500.]
 [500.]
 [500.]
 [500.]
 [500.]
 [500.]
 [500.]
 [500.]
 [500.]
 [500.]
 [500.]
 [500.]
 [500.]
 [500.]
 [500.]
 [500.]
 [500.]
 [500.]
 [500.]
 [500.]
 [500.]
 [500.]
 [500.]
 [500.]
 [500.]
 [500.]
 [500.]
 [500.]
 [500.]
 [500.]
 [500.]
 [500.]
 [500.]
 [500.]
 [500.]
 [500.]
 [500.]
 [500.]
 [500.]
 [500.]
 [500.]
 [500.]
 [500.]
 [500.]]
Ch: [[2.7150035  1.41348949 2.22594521 1.71336075 1.37273965 2.35238907
  2.4774625  1.57265673 2.51443671 1.57039697 2.23408501]
 [1.2022351  1.36347685 1.92104819 2.46024759 1.93663467 1.27402754
  1.4254554  1.63680822 1.8590234  2.26992043 1.73461395]
 [2.23277375 2.53248368 1.99222505 2.53733479 1.29894566 2.15459648
  1.4831201  1.60687708 2.49274217 1.17577364 1.45830821]
 [1.35492838 1.54187365 1.91980874 2.12019297 1.19411266 1.66900377
  1.26342426 2.27486989 1.34960567 2.70031825 1.38946315]
 [2.77173586 1.4929578  1.25670837 1.34652025 2.2516749  1.83262082
  2.43929667 2.07045055 2.38473707 2.35701471 1.7637229 ]
 [1.72574577 1.23645867 1.84078598 2.0739723  1.89372315 2.7080686
  2.85476395 1.96653045 1.74292442 2.24700259 1.08617489]
 [1.50377375 1.43113053 1.22011611 1.43960902 1.65720144 1.71843041
  2.63048334 2.28824942 2.43040421 2.23484686 1.86628742]
 [2.88734298 1.28917119 1.96473532 2.41221795 2.52546282 2.79180806
  2.23213313 2.40969454 1.43519611 1.54201929 1.18758579]
 [1.5917443  2.02622964 1.37587636 1.54771695 1.11881402 1.31396661
  1.38339755 1.39362353 2.92437796 2.63122901 1.28955161]
 [1.93126598 2.295213   1.50762492 2.40628478 1.60033036 1.19319996
  2.52180287 1.16610423 2.20721327 2.3582778  2.47469338]]
Cv: [[0.         0.         0.         0.         0.         0.
  0.         0.         0.         0.        ]
 [1.73848128 1.02551721 2.79462309 1.74915394 2.16481145 1.87299507
  1.85726645 1.11145107 1.3069613  1.23387687]
 [2.20989717 2.63331102 1.78715008 1.48827537 2.51290869 2.18440067
  1.20282763 1.49286588 2.77680668 2.51486947]
 [1.80302875 2.16733914 2.5543912  2.60078264 2.104044   1.73165541
  1.03499532 1.52683049 1.66974415 1.99219136]
 [2.1635724  1.754137   2.00099244 1.67555586 2.57429026 2.03175402
  1.04194502 1.97972877 1.91687275 2.43896461]
 [1.99819211 2.40179155 1.10759008 1.74274835 1.83407671 1.49546492
  1.01997406 1.99345476 1.58782817 1.60306921]
 [2.33490836 1.45241559 1.52489803 1.2297186  1.74731472 2.23514961
  2.83816214 1.3523451  1.09672552 1.76020111]
 [1.02909014 2.11194449 1.88721189 2.53827151 2.50800709 2.1649308
  2.13592766 1.03132261 1.37400442 2.06320915]
 [1.33964778 2.92629783 2.3394906  1.676249   2.53608368 1.18779535
  1.12049755 1.36548337 1.96677563 1.17891693]
 [1.09610225 1.58405105 1.32249334 1.76951933 2.29455359 1.01652078
  2.3661794  1.48125285 2.42617468 2.73285305]]
Rh: [[ 9.79711417  9.64188685  9.43512308  9.79036543  9.838887   10.60927539
   9.02730675 10.45427256 10.09243932 10.00494782  9.18490733]
 [ 9.9477842  10.54627264  9.9595163   9.70855217  9.10129757  9.35158598
   9.43388474  9.76432624  9.72720721  9.40255932  9.20801507]
 [10.97064938  9.72368238  9.89254498 10.53168365 10.2511376  10.5601686
  10.83642533  9.60024526 10.69328264  9.26695082  9.55949053]
 [10.33069052  9.67073093 10.59580436  9.11110274  9.72844168  9.23482249
   9.58504392  9.13876354 10.23762588  9.68870711 10.79359236]
 [10.21426239  9.00134485 10.49825424  9.91291016 10.92564512 10.15362828
  10.76503165  9.91764951  9.74825888 10.03023061 10.17162318]
 [10.92347883 10.66266528 10.73489059 10.74601744  9.07448761  9.23071126
  10.95931744 10.45826231 10.78289132  9.3837847   9.01953924]
 [10.49994784 10.72753008 10.55723776  9.9004718  10.4058834   9.6145493
   9.99823349  9.9300167   9.00623447 10.32339688  9.30685747]
 [10.74076566 10.71048793  9.22454129  9.10553228  9.65756136  9.26227794
  10.59301296  9.61793275 10.2295939  10.89091264 10.48897695]
 [ 9.17688659  9.63022625  9.87947855  9.86645888  9.79017044  9.03005741
   9.23194344 10.65694532  9.40793135 10.95244595 10.09121764]
 [10.15029337  9.58701306 10.98039446 10.2594236   9.07689331 10.73449513
   9.85384931  9.70112647 10.7272358   9.47659191  9.69317621]]
Rv: [[10.81739017 10.46155928 10.52087633  9.19022116  9.80571255 10.49122187
  10.08369478 10.44306969  9.34688012 10.85972675]
 [10.95365545 10.46317383 10.69817876 10.63679858 10.75817076  9.00921882
  10.19595707  9.36693436  9.31445105 10.39635298]
 [ 9.71015658  9.4573634  10.11325161  9.27659153  9.03939279 10.77398969
  10.4050081  10.72344152  9.60041054 10.08905871]
 [10.76983991 10.165837    9.92250599 10.2963565   9.07077079  9.5258868
   9.66907621  9.51990751  9.07789233 10.76471041]
 [ 9.83262575 10.34856038  9.21589737 10.15113358  9.50080714 10.77488212
  10.91063071 10.43981757  9.70744649  9.11655217]
 [ 9.94785941 10.91650023  9.84496586  9.33004072  9.46003665 10.09574319
  10.93189501  9.0907286   9.7050034  10.72092866]
 [ 9.93036916  9.41823162  9.44142605  9.29503375  9.22443077 10.06160504
  10.60313121 10.23338106  9.03242867 10.14880064]
 [10.15866084  9.2950534  10.04993954  9.620482    9.0000901  10.88513061
   9.23082123 10.69156772 10.50842789 10.42679933]
 [10.37838747  9.55572998 10.11697473  9.94981866  9.90802805 10.80602845
   9.11739208 10.26772698 10.89567164  9.50726083]]