-------Running parameters--------
T = 0.001
temperature_gradient = 0.0
gap = 0
M = 10
N = 10
VR = 0.0
Vmin = 0.0
Vmax = 1.1
vStep = 0.001
vSym = True
repeats = 20
fileName = array_10_10_disorder_c_std_0.5_r_std_1_run_2
dist = exp
fullOutput = True
use_graph = False
current_map = True
plot_current_map = False
plot_binary_current_map = False
frame_norm = False
dbg = False
resume = False
sc = False
leaping = False
constQ = False
modifyR = False
double_time = False
double_loop = False
output_folder = bgu_2d_finite_temperature_different_disorders
params_path = 
VG_avg = 0.0
VG_std = 0.0
C_avg = 2.0
C_std = 0.5
CG_avg = 10.0
CG_std = 0.0
R_avg = 10.0
R_std = 1.0
custom_rh = ""
custom_rv = ""
custom_ch = ""
custom_cv = ""
RG_avg = 500.0
RG_std = 0.0
n0_avg = 0.0
n0_std = 0.0
Q0_avg = 0.0
Q0_std = 0.0
----Array Parameters-----
Rows: 10
Columns: 10
VG: [[0.]
 [0.]
 [0.]
 [0.]
 [0.]
 [0.]
 [0.]
 [0.]
 [0.]
 [0.]
 [0.]
 [0.]
 [0.]
 [0.]
 [0.]
 [0.]
 [0.]
 [0.]
 [0.]
 [0.]
 [0.]
 [0.]
 [0.]
 [0.]
 [0.]
 [0.]
 [0.]
 [0.]
 [0.]
 [0.]
 [0.]
 [0.]
 [0.]
 [0.]
 [0.]
 [0.]
 [0.]
 [0.]
 [0.]
 [0.]
 [0.]
 [0.]
 [0.]
 [0.]
 [0.]
 [0.]
 [0.]
 [0.]
 [0.]
 [0.]
 [0.]
 [0.]
 [0.]
 [0.]
 [0.]
 [0.]
 [0.]
 [0.]
 [0.]
 [0.]
 [0.]
 [0.]
 [0.]
 [0.]
 [0.]
 [0.]
 [0.]
 [0.]
 [0.]
 [0.]
 [0.]
 [0.]
 [0.]
 [0.]
 [0.]
 [0.]
 [0.]
 [0.]
 [0.]
 [0.]
 [0.]
 [0.]
 [0.]
 [0.]
 [0.]
 [0.]
 [0.]
 [0.]
 [0.]
 [0.]
 [0.]
 [0.]
 [0.]
 [0.]
 [0.]
 [0.]
 [0.]
 [0.]
 [0.]
 [0.]]
CG: [[10.]
 [10.]
 [10.]
 [10.]
 [10.]
 [10.]
 [10.]
 [10.]
 [10.]
 [10.]
 [10.]
 [10.]
 [10.]
 [10.]
 [10.]
 [10.]
 [10.]
 [10.]
 [10.]
 [10.]
 [10.]
 [10.]
 [10.]
 [10.]
 [10.]
 [10.]
 [10.]
 [10.]
 [10.]
 [10.]
 [10.]
 [10.]
 [10.]
 [10.]
 [10.]
 [10.]
 [10.]
 [10.]
 [10.]
 [10.]
 [10.]
 [10.]
 [10.]
 [10.]
 [10.]
 [10.]
 [10.]
 [10.]
 [10.]
 [10.]
 [10.]
 [10.]
 [10.]
 [10.]
 [10.]
 [10.]
 [10.]
 [10.]
 [10.]
 [10.]
 [10.]
 [10.]
 [10.]
 [10.]
 [10.]
 [10.]
 [10.]
 [10.]
 [10.]
 [10.]
 [10.]
 [10.]
 [10.]
 [10.]
 [10.]
 [10.]
 [10.]
 [10.]
 [10.]
 [10.]
 [10.]
 [10.]
 [10.]
 [10.]
 [10.]
 [10.]
 [10.]
 [10.]
 [10.]
 [10.]
 [10.]
 [10.]
 [10.]
 [10.]
 [10.]
 [10.]
 [10.]
 [10.]
 [10.]
 [10.]]
RG: [[500.]
 [500.]
 [500.]
 [500.]
 [500.]
 [500.]
 [500.]
 [500.]
 [500.]
 [500.]
 [500.]
 [500.]
 [500.]
 [500.]
 [500.]
 [500.]
 [500.]
 [500.]
 [500.]
 [500.]
 [500.]
 [500.]
 [500.]
 [500.]
 [500.]
 [500.]
 [500.]
 [500.]
 [500.]
 [500.]
 [500.]
 [500.]
 [500.]
 [500.]
 [500.]
 [500.]
 [500.]
 [500.]
 [500.]
 [500.]
 [500.]
 [500.]
 [500.]
 [500.]
 [500.]
 [500.]
 [500.]
 [500.]
 [500.]
 [500.]
 [500.]
 [500.]
 [500.]
 [500.]
 [500.]
 [500.]
 [500.]
 [500.]
 [500.]
 [500.]
 [500.]
 [500.]
 [500.]
 [500.]
 [500.]
 [500.]
 [500.]
 [500.]
 [500.]
 [500.]
 [500.]
 [500.]
 [500.]
 [500.]
 [500.]
 [500.]
 [500.]
 [500.]
 [500.]
 [500.]
 [500.]
 [500.]
 [500.]
 [500.]
 [500.]
 [500.]
 [500.]
 [500.]
 [500.]
 [500.]
 [500.]
 [500.]
 [500.]
 [500.]
 [500.]
 [500.]
 [500.]
 [500.]
 [500.]
 [500.]]
Ch: [[1.58893894 1.95209725 2.42440102 1.69380511 1.84064005 2.02496091
  2.43555771 1.74506488 2.16810517 2.03944918 2.01490223]
 [1.569663   2.30080759 2.16169575 1.57898612 2.35187551 2.32046156
  2.07969483 2.08553856 1.782878   1.58133158 1.84307188]
 [1.50616806 2.42414789 2.39339051 1.72700327 2.16258178 1.9431799
  1.55091451 2.48636463 1.8244981  2.0168534  2.45114599]
 [1.75329106 1.58955229 1.58638709 1.5366712  1.81462707 1.71645821
  1.94302826 1.87975583 1.59357105 1.75143267 2.45280698]
 [2.06922125 2.15524574 1.88461918 2.35395452 2.0370173  2.26174255
  2.11524651 1.65794833 1.837737   1.72060913 1.71853303]
 [2.04219765 2.06627926 2.01207958 1.78978555 2.38916587 1.87180764
  2.15280211 1.56963896 1.79745605 1.74642232 1.98349215]
 [2.07547773 1.70670165 1.96252638 1.95837068 1.70367247 1.95794827
  2.34518715 1.53496266 1.76176402 1.70101716 1.53638529]
 [2.03230331 2.21931591 1.58667628 2.30932447 2.48321534 1.50985618
  1.51819397 1.80900852 2.01347719 1.55086144 2.17271253]
 [2.16275924 1.82171398 1.77455852 2.23307737 1.73633371 1.895514
  2.37274884 1.85290676 2.19473105 1.96496599 1.75667711]
 [1.76803478 2.18692961 2.41314979 2.4006099  1.90010996 2.01208431
  1.8763836  2.00172673 1.92280908 1.54846747 1.8008589 ]]
Cv: [[0.         0.         0.         0.         0.         0.
  0.         0.         0.         0.        ]
 [2.36086899 1.83995773 1.51268447 1.7121107  1.5067296  1.88869083
  1.95855612 2.48702415 1.82037206 2.08697612]
 [1.94603324 2.14806268 1.6061378  1.50485609 2.29932309 1.60586237
  1.60525035 2.20229296 1.92418781 1.9527727 ]
 [1.60499668 2.03773797 1.93823402 1.92709147 1.81689271 1.70391858
  2.06416302 1.71944767 1.91029391 2.30123036]
 [1.84299225 1.52627261 2.0969628  1.8060134  1.59763221 2.15826951
  2.37127794 1.77068703 2.11084608 1.77332588]
 [1.59690667 2.15042791 1.79870387 2.3739663  2.09411359 1.60615811
  1.77166591 1.69325065 1.51105584 2.15172778]
 [2.11148253 1.91925403 2.46080953 1.52787753 2.37067837 1.69841473
  2.17164643 2.1142449  1.83073663 2.22949552]
 [1.94532448 2.00381107 1.90381798 2.29635662 1.65557012 2.0614147
  2.47178472 2.17967935 2.42056371 1.8417229 ]
 [2.4136986  1.54659861 1.7316437  1.95757838 1.77581938 2.3918575
  1.71126665 2.00649579 1.77664352 2.12483808]
 [2.18179589 1.64645811 1.53419468 1.50012342 1.95388374 2.24837527
  1.51330304 1.5039738  2.11685573 2.02063433]]
Rh: [[ 9.72783875  9.20094898  9.92245296  9.92670484 10.16293969  9.32074193
   9.45822561  9.20843414  9.58374717  9.31558987 10.261139  ]
 [10.01016087  9.03600834  9.43156759 10.78872778  9.36178305 10.96762495
  10.16169749  9.0937639  10.61529617 10.58695346 10.73538428]
 [ 9.20873302 10.28301731  9.45351004  9.97398789 10.72321159 10.18619854
   9.83518911  9.44252797  9.54800811  9.42751227  9.37892078]
 [ 9.05166237  9.11602909 10.47680696  9.80511086 10.11436554  9.38568458
   9.07295621 10.11496892  9.3447572   9.63901349  9.57327089]
 [10.87677992 10.29444738 10.52552119  9.75685091  9.99633278 10.64591895
   9.95544025  9.7569872  10.89970609 10.62990824 10.30106135]
 [10.25991225  9.76540763  9.95288491  9.81787381 10.33486891  9.1360296
  10.36500459  9.96005986  9.67919378  9.17128557 10.07579258]
 [10.35493085 10.02713413  9.72895408  9.65724386  9.06423006  9.16138435
  10.95323949 10.4322727  10.3606464  10.39110358  9.45165349]
 [10.31870109  9.88818227 10.41811514  9.08564504 10.24678981 10.04431419
   9.27559285  9.47939657  9.98505857 10.37260986 10.16025516]
 [10.51303478 10.48391691 10.52216548  9.23987646 10.12063235  9.09981612
  10.82455087  9.29506599  9.70237225  9.70712133 10.10271029]
 [ 9.69759335 10.95907477  9.55236966 10.85100008  9.47272026  9.25247791
   9.1414141   9.54538538 10.32204697  9.03128662  9.10744788]]
Rv: [[10.19061622 10.08379346 10.31207785  9.77007655  9.5140692  10.00123114
   9.21820485  9.09562225  9.8036384  10.47450403]
 [ 9.81898275  9.13387749 10.39593482 10.79123565  9.23628794  9.85625362
  10.26045403 10.73545414 10.20972248 10.21902003]
 [10.36916156  9.78874701  9.57861673 10.60457217  9.02458978 10.1188388
  10.87198494  9.7847006  10.47890782  9.71229558]
 [ 9.59285028  9.97511498  9.98169736 10.32639283  9.05421007  9.49590834
   9.11897039  9.6116781  10.07010502  9.79387267]
 [10.05163171  9.82770816 10.59013939  9.13474761 10.50694481  9.11844844
  10.61902385  9.08372549 10.49710387  9.49015574]
 [ 9.30294287  9.78047748 10.65567364  9.40832339 10.48229051 10.80031402
   9.26578391  9.8171036  10.91110972  9.36643638]
 [10.4270553  10.17652836  9.46625413  9.27582146  9.58331035  9.49058434
  10.55727785 10.67527065 10.70269154  9.55674881]
 [ 9.71679801 10.7018704  10.43393663  9.30048818 10.72516233 10.27556741
  10.86829994 10.04164213  9.32199886 10.66502476]
 [ 9.4586098   9.51194387 10.04581869 10.91065426  9.10960316 10.61182953
   9.77990235  9.9976611  10.01154158  9.53914684]]