-------Running parameters--------
T = 0.001
temperature_gradient = 0.0
gap = 0
M = 10
N = 10
VR = 0.0
Vmin = 0.0
Vmax = 1.1
vStep = 0.001
vSym = True
repeats = 20
fileName = array_10_10_disorder_c_std_1_r_std_1_run_2
dist = exp
fullOutput = True
use_graph = False
current_map = True
plot_current_map = False
plot_binary_current_map = False
frame_norm = False
dbg = False
resume = False
sc = False
leaping = False
constQ = False
modifyR = False
double_time = False
double_loop = False
output_folder = bgu_2d_finite_temperature_different_disorders
params_path = 
VG_avg = 0.0
VG_std = 0.0
C_avg = 2.0
C_std = 1.0
CG_avg = 10.0
CG_std = 0.0
R_avg = 10.0
R_std = 1.0
custom_rh = ""
custom_rv = ""
custom_ch = ""
custom_cv = ""
RG_avg = 500.0
RG_std = 0.0
n0_avg = 0.0
n0_std = 0.0
Q0_avg = 0.0
Q0_std = 0.0
----Array Parameters-----
Rows: 10
Columns: 10
VG: [[0.]
 [0.]
 [0.]
 [0.]
 [0.]
 [0.]
 [0.]
 [0.]
 [0.]
 [0.]
 [0.]
 [0.]
 [0.]
 [0.]
 [0.]
 [0.]
 [0.]
 [0.]
 [0.]
 [0.]
 [0.]
 [0.]
 [0.]
 [0.]
 [0.]
 [0.]
 [0.]
 [0.]
 [0.]
 [0.]
 [0.]
 [0.]
 [0.]
 [0.]
 [0.]
 [0.]
 [0.]
 [0.]
 [0.]
 [0.]
 [0.]
 [0.]
 [0.]
 [0.]
 [0.]
 [0.]
 [0.]
 [0.]
 [0.]
 [0.]
 [0.]
 [0.]
 [0.]
 [0.]
 [0.]
 [0.]
 [0.]
 [0.]
 [0.]
 [0.]
 [0.]
 [0.]
 [0.]
 [0.]
 [0.]
 [0.]
 [0.]
 [0.]
 [0.]
 [0.]
 [0.]
 [0.]
 [0.]
 [0.]
 [0.]
 [0.]
 [0.]
 [0.]
 [0.]
 [0.]
 [0.]
 [0.]
 [0.]
 [0.]
 [0.]
 [0.]
 [0.]
 [0.]
 [0.]
 [0.]
 [0.]
 [0.]
 [0.]
 [0.]
 [0.]
 [0.]
 [0.]
 [0.]
 [0.]
 [0.]]
CG: [[10.]
 [10.]
 [10.]
 [10.]
 [10.]
 [10.]
 [10.]
 [10.]
 [10.]
 [10.]
 [10.]
 [10.]
 [10.]
 [10.]
 [10.]
 [10.]
 [10.]
 [10.]
 [10.]
 [10.]
 [10.]
 [10.]
 [10.]
 [10.]
 [10.]
 [10.]
 [10.]
 [10.]
 [10.]
 [10.]
 [10.]
 [10.]
 [10.]
 [10.]
 [10.]
 [10.]
 [10.]
 [10.]
 [10.]
 [10.]
 [10.]
 [10.]
 [10.]
 [10.]
 [10.]
 [10.]
 [10.]
 [10.]
 [10.]
 [10.]
 [10.]
 [10.]
 [10.]
 [10.]
 [10.]
 [10.]
 [10.]
 [10.]
 [10.]
 [10.]
 [10.]
 [10.]
 [10.]
 [10.]
 [10.]
 [10.]
 [10.]
 [10.]
 [10.]
 [10.]
 [10.]
 [10.]
 [10.]
 [10.]
 [10.]
 [10.]
 [10.]
 [10.]
 [10.]
 [10.]
 [10.]
 [10.]
 [10.]
 [10.]
 [10.]
 [10.]
 [10.]
 [10.]
 [10.]
 [10.]
 [10.]
 [10.]
 [10.]
 [10.]
 [10.]
 [10.]
 [10.]
 [10.]
 [10.]
 [10.]]
RG: [[500.]
 [500.]
 [500.]
 [500.]
 [500.]
 [500.]
 [500.]
 [500.]
 [500.]
 [500.]
 [500.]
 [500.]
 [500.]
 [500.]
 [500.]
 [500.]
 [500.]
 [500.]
 [500.]
 [500.]
 [500.]
 [500.]
 [500.]
 [500.]
 [500.]
 [500.]
 [500.]
 [500.]
 [500.]
 [500.]
 [500.]
 [500.]
 [500.]
 [500.]
 [500.]
 [500.]
 [500.]
 [500.]
 [500.]
 [500.]
 [500.]
 [500.]
 [500.]
 [500.]
 [500.]
 [500.]
 [500.]
 [500.]
 [500.]
 [500.]
 [500.]
 [500.]
 [500.]
 [500.]
 [500.]
 [500.]
 [500.]
 [500.]
 [500.]
 [500.]
 [500.]
 [500.]
 [500.]
 [500.]
 [500.]
 [500.]
 [500.]
 [500.]
 [500.]
 [500.]
 [500.]
 [500.]
 [500.]
 [500.]
 [500.]
 [500.]
 [500.]
 [500.]
 [500.]
 [500.]
 [500.]
 [500.]
 [500.]
 [500.]
 [500.]
 [500.]
 [500.]
 [500.]
 [500.]
 [500.]
 [500.]
 [500.]
 [500.]
 [500.]
 [500.]
 [500.]
 [500.]
 [500.]
 [500.]
 [500.]]
Ch: [[1.00451709 1.7082096  2.21747642 1.57774396 1.66856551 1.47740402
  1.76733044 2.3481235  1.53823617 1.02579847 1.6980663 ]
 [1.36665592 1.40113813 1.3041153  1.13426544 1.18012672 1.49439177
  2.14639426 2.61334279 1.14815876 1.37496324 2.92532117]
 [2.50970248 1.22971469 2.40770297 1.82531067 1.09669194 1.8501061
  1.14002276 1.47241701 1.68918132 1.16240035 1.69225393]
 [1.45592337 1.71948577 1.88800449 1.28309568 2.25473218 2.84107777
  1.2613629  1.38981647 1.17520172 1.40259071 1.65273095]
 [1.83694203 1.83798302 2.48143011 1.79005445 2.79379556 2.03215926
  2.4739775  2.48996153 1.79831364 1.8306789  1.47191803]
 [2.4657525  1.47393932 1.56168094 1.47114088 1.98880837 2.9848654
  1.12397575 2.51928537 2.48446107 1.08755381 1.4569223 ]
 [1.43642286 1.45217666 2.40148895 1.00083861 2.60626313 1.46752289
  1.78341383 1.00872328 2.86997248 2.68517187 2.35470051]
 [2.43887225 1.1120439  1.3949575  1.19755142 1.81555937 2.95406621
  1.64504368 2.2499777  1.22830461 1.63459731 1.16307566]
 [1.62377474 1.36272667 1.08580527 2.39037737 1.27559617 1.77776193
  1.65043468 1.8118426  2.68465897 2.15711431 1.47504031]
 [1.06382571 2.19782766 2.71323289 1.14409981 1.38835658 2.41195874
  1.42706327 1.05312358 1.65467548 2.98595144 1.80008443]]
Cv: [[0.         0.         0.         0.         0.         0.
  0.         0.         0.         0.        ]
 [1.4858126  1.84107805 2.44213698 2.12777284 1.40560214 1.21729048
  2.16536252 2.35167456 2.21792227 1.46492271]
 [1.06483318 1.72474446 1.19280386 1.95477425 2.2039979  1.38232413
  2.25777096 1.26529748 1.89908491 2.55341699]
 [1.61435292 2.82072492 1.34430624 1.90491011 2.83784748 1.15497604
  1.54203289 1.11470858 2.42849394 2.86828272]
 [1.25115903 2.230915   1.50994046 1.01130437 1.88232928 1.33122012
  1.93523181 1.91623888 2.08380443 1.70004031]
 [2.64186934 1.05213268 1.60808038 1.15789915 1.06052432 1.02496468
  1.89612542 1.78651836 1.44443786 1.48176815]
 [1.23024327 2.59397768 1.02419257 1.40720604 1.11348025 2.36968642
  1.60644905 1.91390537 1.86956086 2.1675127 ]
 [1.27511403 1.52377691 2.69133857 1.56696448 2.10491976 1.65662481
  2.46948618 1.02777019 1.64575042 2.88425659]
 [1.78142485 1.69919111 1.29818888 1.4102069  2.49062734 1.3489922
  1.04180923 2.1452528  1.06894587 1.90268049]
 [2.55860379 1.37617192 2.03228754 2.83818986 1.63669424 2.9699412
  1.89304188 2.83760083 2.54569518 1.58433445]]
Rh: [[ 9.1441358  10.90331185  9.32974873 10.33415701 10.06480694  9.09652646
  10.31259334 10.14188817 10.59580779  9.65766167  9.88532365]
 [ 9.43623939  9.50125181 10.36917762  9.10246579 10.83199889  9.9226114
   9.34432629  9.90918555 10.65219831 10.52299708  9.10455338]
 [10.15755126  9.38510735  9.02072136  9.54547181 10.7956698  10.67501135
  10.62122587 10.07400477 10.62544352 10.96533034 10.52606   ]
 [ 9.46452066 10.99521555 10.71361262  9.76340609  9.40907911  9.05056327
   9.20283884 10.2171529  10.05572448 10.46577119  9.18135045]
 [ 9.41136897  9.14308331  9.98120993  9.78165794  9.2962532  10.45257283
  10.5149386  10.51452533  9.58878208  9.12517896  9.67932368]
 [10.68422455 10.62055873 10.65334305  9.66104138 10.38362986  9.85587325
  10.53285383  9.14045306 10.41778952  9.31425242  9.45797792]
 [10.7218934   9.97810068 10.340872    9.65334529  9.31376321  9.69793164
   9.47151295  9.16226934  9.04495259  9.87613385  9.73113899]
 [10.50820906 10.08656549 10.75154067  9.20223091  9.76959855 10.99009846
   9.67684584  9.74335632 10.25705642 10.41474118  9.54898171]
 [ 9.68735477  9.41311857 10.67372218  9.28024731  9.15105098  9.89295931
  10.40527647 10.79496068  9.65520826 10.64840407 10.06838609]
 [10.03862654 10.97330751 10.33141192  9.85612823 10.06101593  9.60522466
   9.61936008  9.15969284 10.10448562  9.01698412  9.53384707]]
Rv: [[ 9.70928169  9.75216179  9.40932714  9.94039186  9.6295778   9.19889009
   9.22589489 10.09377616  9.31280175  9.95500737]
 [10.83950234 10.45035914 10.8887571   9.69700699  9.91792269 10.71799153
  10.19310935  9.37825098 10.58741977 10.24828281]
 [10.27518307 10.94513051  9.17612253  9.04450506 10.24738674  9.80312063
   9.99465678  9.71108444 10.40611667 10.80873415]
 [ 9.48966925  9.59193591  9.76777668  9.82801349  9.01498366 10.51974069
   9.15616698  9.21452361 10.55841975 10.04162093]
 [ 9.05854684  9.1892289  10.73807587  9.06015854  9.40351859 10.64828935
  10.09105178  9.04187951 10.14584888  9.40930789]
 [10.56474918 10.60783091  9.44419983 10.6655546   9.48680344 10.38232065
   9.80962118  9.90555385 10.16428186  9.99480346]
 [ 9.52842784  9.06041468 10.45350163 10.34214044  9.54650155  9.00337117
  10.59736334 10.83770826  9.94232228  9.28411435]
 [10.62351806  9.53069745 10.06711517 10.59231972 10.8074592   9.78296678
  10.96755933 10.45379963  9.53896609  9.75602257]
 [ 9.34476898 10.06638608  9.45172673  9.84366319 10.7680089  10.18009894
   9.22062277  9.57186064 10.26258248 10.90016364]]