-------Running parameters--------
T = 0.0
gap = 0
M = 10
N = 10
VR = 0.0
Vmin = 0.0
Vmax = 4.0
vStep = 0.01
vSym = False
repeats = 20
fileName = array_10_10_c_r_disorder_run_3
dist = exp
fullOutput = True
use_graph = False
current_map = True
plot_current_map = False
plot_binary_current_map = False
dbg = False
resume = False
sc = False
leaping = False
constQ = False
modifyR = False
output_folder = 2d_array_bgu_big_c_disorder
params_path = 
VG_avg = 0.0
VG_std = 0.0
C_avg = 10.0
C_std = 9.5
CG_avg = 10.0
CG_std = 0.0
R_avg = 10.0
R_std = 9.0
custom_rh = ""
custom_rv = ""
custom_ch = ""
custom_cv = ""
RG_avg = 500.0
RG_std = 0.0
n0_avg = 0.0
n0_std = 0.0
Q0_avg = 0.0
Q0_std = 0.0
----Array Parameters-----
Rows: 10
Columns: 10
VG: [[0.]
 [0.]
 [0.]
 [0.]
 [0.]
 [0.]
 [0.]
 [0.]
 [0.]
 [0.]
 [0.]
 [0.]
 [0.]
 [0.]
 [0.]
 [0.]
 [0.]
 [0.]
 [0.]
 [0.]
 [0.]
 [0.]
 [0.]
 [0.]
 [0.]
 [0.]
 [0.]
 [0.]
 [0.]
 [0.]
 [0.]
 [0.]
 [0.]
 [0.]
 [0.]
 [0.]
 [0.]
 [0.]
 [0.]
 [0.]
 [0.]
 [0.]
 [0.]
 [0.]
 [0.]
 [0.]
 [0.]
 [0.]
 [0.]
 [0.]
 [0.]
 [0.]
 [0.]
 [0.]
 [0.]
 [0.]
 [0.]
 [0.]
 [0.]
 [0.]
 [0.]
 [0.]
 [0.]
 [0.]
 [0.]
 [0.]
 [0.]
 [0.]
 [0.]
 [0.]
 [0.]
 [0.]
 [0.]
 [0.]
 [0.]
 [0.]
 [0.]
 [0.]
 [0.]
 [0.]
 [0.]
 [0.]
 [0.]
 [0.]
 [0.]
 [0.]
 [0.]
 [0.]
 [0.]
 [0.]
 [0.]
 [0.]
 [0.]
 [0.]
 [0.]
 [0.]
 [0.]
 [0.]
 [0.]
 [0.]]
CG: [[10.]
 [10.]
 [10.]
 [10.]
 [10.]
 [10.]
 [10.]
 [10.]
 [10.]
 [10.]
 [10.]
 [10.]
 [10.]
 [10.]
 [10.]
 [10.]
 [10.]
 [10.]
 [10.]
 [10.]
 [10.]
 [10.]
 [10.]
 [10.]
 [10.]
 [10.]
 [10.]
 [10.]
 [10.]
 [10.]
 [10.]
 [10.]
 [10.]
 [10.]
 [10.]
 [10.]
 [10.]
 [10.]
 [10.]
 [10.]
 [10.]
 [10.]
 [10.]
 [10.]
 [10.]
 [10.]
 [10.]
 [10.]
 [10.]
 [10.]
 [10.]
 [10.]
 [10.]
 [10.]
 [10.]
 [10.]
 [10.]
 [10.]
 [10.]
 [10.]
 [10.]
 [10.]
 [10.]
 [10.]
 [10.]
 [10.]
 [10.]
 [10.]
 [10.]
 [10.]
 [10.]
 [10.]
 [10.]
 [10.]
 [10.]
 [10.]
 [10.]
 [10.]
 [10.]
 [10.]
 [10.]
 [10.]
 [10.]
 [10.]
 [10.]
 [10.]
 [10.]
 [10.]
 [10.]
 [10.]
 [10.]
 [10.]
 [10.]
 [10.]
 [10.]
 [10.]
 [10.]
 [10.]
 [10.]
 [10.]]
RG: [[500.]
 [500.]
 [500.]
 [500.]
 [500.]
 [500.]
 [500.]
 [500.]
 [500.]
 [500.]
 [500.]
 [500.]
 [500.]
 [500.]
 [500.]
 [500.]
 [500.]
 [500.]
 [500.]
 [500.]
 [500.]
 [500.]
 [500.]
 [500.]
 [500.]
 [500.]
 [500.]
 [500.]
 [500.]
 [500.]
 [500.]
 [500.]
 [500.]
 [500.]
 [500.]
 [500.]
 [500.]
 [500.]
 [500.]
 [500.]
 [500.]
 [500.]
 [500.]
 [500.]
 [500.]
 [500.]
 [500.]
 [500.]
 [500.]
 [500.]
 [500.]
 [500.]
 [500.]
 [500.]
 [500.]
 [500.]
 [500.]
 [500.]
 [500.]
 [500.]
 [500.]
 [500.]
 [500.]
 [500.]
 [500.]
 [500.]
 [500.]
 [500.]
 [500.]
 [500.]
 [500.]
 [500.]
 [500.]
 [500.]
 [500.]
 [500.]
 [500.]
 [500.]
 [500.]
 [500.]
 [500.]
 [500.]
 [500.]
 [500.]
 [500.]
 [500.]
 [500.]
 [500.]
 [500.]
 [500.]
 [500.]
 [500.]
 [500.]
 [500.]
 [500.]
 [500.]
 [500.]
 [500.]
 [500.]
 [500.]]
Ch: [[ 2.8134324   0.79888075  0.76849768  6.15275991  4.16508391  3.76280677
   2.31772199 12.79133667 11.68279159 10.12568446  8.05274424]
 [ 8.50753296  1.08469388  4.62020859  2.07329737 14.09086024  3.97574183
   1.0909712   2.61301544  0.59226773 16.15941081  1.37581451]
 [ 0.92958897  4.41814037  3.43985442 16.10685268  4.15758989  0.63665995
   1.36700634  3.88956247  4.69021176  4.02046928  0.6319098 ]
 [ 7.13558112  4.91086896  0.51731146  0.76527328  4.48485725  0.62985872
   6.88167556  0.65358941  1.81547115  2.15861016  1.17897066]
 [10.58768774 10.16452725  4.52817874  0.92334071  7.34080065  2.78536385
   0.52977213  8.82172787  4.86583157  0.79071168  2.27001718]
 [ 5.49222665  2.97580635 13.9450623   4.01984745  3.19689904  0.86378001
   7.0461504   3.36186686  3.7308644   1.51340684  0.99881261]
 [ 1.32547786 13.56818895  1.18311865  1.29992042  0.77346747  0.99440795
   6.90786808  0.78622176 16.37011262  8.44434814  0.56527367]
 [ 1.44142711  1.14980051  1.72796691 13.57528665  0.63359963  7.2183211
   6.19174259  2.6050925   1.51528214 19.46696222  0.58950252]
 [ 1.21429216  9.34962632  0.7794654   3.84703877  0.8983322   2.4607396
   2.10903991  1.40214841  7.39881065  2.59661023  5.92221869]
 [ 0.94718762  0.5370201   1.07847088  0.6199169   9.25228957  6.07805377
   0.86766176  1.54007819  2.5121276  12.81663946  7.23229392]]
Cv: [[ 0.          0.          0.          0.          0.          0.
   0.          0.          0.          0.        ]
 [ 9.69470408  0.57273543 19.18951159  1.82965479  6.35649235  6.18275109
   2.70555176 12.23370119  0.8405185   1.43918432]
 [ 0.77340912  1.09552779  4.68081842  8.61734438  1.26608318  2.40170119
  14.7286182   2.55943543  2.45476041  7.33948628]
 [18.62952645  1.21929454  0.80459315  3.46450463  0.56736083 10.33492047
   3.49681824  2.27545429  4.62791194  1.34468328]
 [ 0.67302051  3.15326434  6.14832231  6.25338015 13.11977142  6.4705399
   4.96802611 15.30296704  5.63741974  1.01875191]
 [ 1.22536546  1.14906977  1.41225979 11.90254673  1.57376589  1.23188005
   0.53847854  0.55022239 17.52927585  1.04254694]
 [ 4.45362977 11.1911319  13.75259667  2.33421385  3.6022699   1.05873468
   0.61533936  6.62651148  2.04725212  1.97845381]
 [ 3.06805956  8.36999802  7.78282947  2.69922586  5.64780693  7.35975163
   0.94813879  4.4291792   1.58420658  0.53117806]
 [ 0.77076245  6.24922801  0.60211669 10.65417629 10.62363025  1.31231418
   4.85797029  0.68637129  2.92038279  2.9185865 ]
 [ 1.8035566   6.90281618  1.21811273 14.84628613  0.97179268  5.3360183
   0.62736554  1.09454586  8.28535621  2.52055838]]
Rh: [[ 7.24120836  8.77726743  1.80861775 18.98514581  2.06415361  8.73329923
   1.33041398 12.9401767   1.47201774  8.18329351 12.94288504]
 [ 7.0752525   2.41045401  4.53981708  7.33352782  3.01031201  1.17300524
   5.90543373  6.91914064 10.41832184  5.76563112 12.4913585 ]
 [ 2.85935424  1.35091101 16.37920673 18.53171293 15.83461164  6.84707769
   3.10024707 12.39016631 11.31724325  9.74419541  1.00712166]
 [ 7.69356686  4.12191413  2.8228996   7.26772443  1.75632408  9.95613682
   1.04748439 18.70463537  1.38036676  1.10300303  2.47500339]
 [10.19233703  3.93790078  2.01851418  1.20909241 15.85463516  9.52239627
  11.80580574  7.31941657  8.150082    1.24886825  2.33380326]
 [ 2.67685572  4.69254057  6.63254781 14.99954674  2.92303108 14.21166609
   2.70487539  4.52189167  3.77660024  5.49966609 16.00219366]
 [13.80621985  1.57044283  5.65152551 14.40832421  6.18976437  5.39478546
   2.68765964  1.10318773  3.03950225  7.25691961 17.7637054 ]
 [10.57305776  1.02757426  5.01434567  5.71226772  5.08118106 10.1653636
   1.36082019  7.31283166  5.01770933  4.61247177  2.33664649]
 [ 2.44503495  8.15780001  1.1368433  12.46789247  7.08766328 14.95505695
  17.25096061 17.93111234  5.53259324 10.47125511  1.84613364]
 [ 5.31459384  7.59667725 13.25798862  3.33637754  4.0002006  15.99103755
   2.67191605  4.92197793 11.0752129   2.2199498   1.16416366]]
Rv: [[ 4.47807262  6.09984392  4.88745793  5.14155428  4.93354881  4.59987636
  11.49859605  7.71058445 14.75604268  3.09266033]
 [12.28903474 11.79992227 14.46581162  6.76690455  3.18545571  2.95141197
   3.95733486  1.44907413  3.21592889  6.51271126]
 [ 2.57182305  5.1023919   1.18243773  1.40001337  4.73055486  1.55058773
  11.22531773  3.32051587  4.28028731  9.18394475]
 [ 1.69544863  6.68261602  4.45921766  3.2027085   8.50261838  1.49792159
  18.14182847  1.20428204  8.83125872  1.23680302]
 [ 1.08656815  2.3737521   2.36600297  4.02621102 10.66035793 10.99732009
   4.51224106 11.48183883  1.91574921  1.81192608]
 [ 1.24065365  4.52972407 16.04749349  5.79747702 14.68996871  5.51122299
   5.65807547  1.76410288  1.76526284  1.87382109]
 [ 9.89710629 14.48640803  7.69247094  1.49146484  4.23274367  8.92188025
  12.11540319 11.51798793 12.42509754  3.62973288]
 [ 6.03234723  5.19493868 14.85585259  1.75865584  4.79334912  1.71913441
   2.62210133  1.85342235  7.132297   10.22751135]
 [10.85164954  3.05470734  9.86362302 18.2083658   6.6732884  18.99840552
  13.4300764   1.87172291 10.09773776 17.58518673]]