-------Running parameters--------
T = 0.0
gap = 0
M = 10
N = 10
VR = 0.0
Vmin = 0.0
Vmax = 4.0
vStep = 0.01
vSym = False
repeats = 20
fileName = array_10_10_c_r_disorder_run_1
dist = exp
fullOutput = True
use_graph = False
current_map = True
plot_current_map = False
plot_binary_current_map = False
dbg = False
resume = False
sc = False
leaping = False
constQ = False
modifyR = False
output_folder = 2d_array_bgu_big_c_disorder
params_path = 
VG_avg = 0.0
VG_std = 0.0
C_avg = 10.0
C_std = 9.5
CG_avg = 10.0
CG_std = 0.0
R_avg = 10.0
R_std = 9.0
custom_rh = ""
custom_rv = ""
custom_ch = ""
custom_cv = ""
RG_avg = 500.0
RG_std = 0.0
n0_avg = 0.0
n0_std = 0.0
Q0_avg = 0.0
Q0_std = 0.0
----Array Parameters-----
Rows: 10
Columns: 10
VG: [[0.]
 [0.]
 [0.]
 [0.]
 [0.]
 [0.]
 [0.]
 [0.]
 [0.]
 [0.]
 [0.]
 [0.]
 [0.]
 [0.]
 [0.]
 [0.]
 [0.]
 [0.]
 [0.]
 [0.]
 [0.]
 [0.]
 [0.]
 [0.]
 [0.]
 [0.]
 [0.]
 [0.]
 [0.]
 [0.]
 [0.]
 [0.]
 [0.]
 [0.]
 [0.]
 [0.]
 [0.]
 [0.]
 [0.]
 [0.]
 [0.]
 [0.]
 [0.]
 [0.]
 [0.]
 [0.]
 [0.]
 [0.]
 [0.]
 [0.]
 [0.]
 [0.]
 [0.]
 [0.]
 [0.]
 [0.]
 [0.]
 [0.]
 [0.]
 [0.]
 [0.]
 [0.]
 [0.]
 [0.]
 [0.]
 [0.]
 [0.]
 [0.]
 [0.]
 [0.]
 [0.]
 [0.]
 [0.]
 [0.]
 [0.]
 [0.]
 [0.]
 [0.]
 [0.]
 [0.]
 [0.]
 [0.]
 [0.]
 [0.]
 [0.]
 [0.]
 [0.]
 [0.]
 [0.]
 [0.]
 [0.]
 [0.]
 [0.]
 [0.]
 [0.]
 [0.]
 [0.]
 [0.]
 [0.]
 [0.]]
CG: [[10.]
 [10.]
 [10.]
 [10.]
 [10.]
 [10.]
 [10.]
 [10.]
 [10.]
 [10.]
 [10.]
 [10.]
 [10.]
 [10.]
 [10.]
 [10.]
 [10.]
 [10.]
 [10.]
 [10.]
 [10.]
 [10.]
 [10.]
 [10.]
 [10.]
 [10.]
 [10.]
 [10.]
 [10.]
 [10.]
 [10.]
 [10.]
 [10.]
 [10.]
 [10.]
 [10.]
 [10.]
 [10.]
 [10.]
 [10.]
 [10.]
 [10.]
 [10.]
 [10.]
 [10.]
 [10.]
 [10.]
 [10.]
 [10.]
 [10.]
 [10.]
 [10.]
 [10.]
 [10.]
 [10.]
 [10.]
 [10.]
 [10.]
 [10.]
 [10.]
 [10.]
 [10.]
 [10.]
 [10.]
 [10.]
 [10.]
 [10.]
 [10.]
 [10.]
 [10.]
 [10.]
 [10.]
 [10.]
 [10.]
 [10.]
 [10.]
 [10.]
 [10.]
 [10.]
 [10.]
 [10.]
 [10.]
 [10.]
 [10.]
 [10.]
 [10.]
 [10.]
 [10.]
 [10.]
 [10.]
 [10.]
 [10.]
 [10.]
 [10.]
 [10.]
 [10.]
 [10.]
 [10.]
 [10.]
 [10.]]
RG: [[500.]
 [500.]
 [500.]
 [500.]
 [500.]
 [500.]
 [500.]
 [500.]
 [500.]
 [500.]
 [500.]
 [500.]
 [500.]
 [500.]
 [500.]
 [500.]
 [500.]
 [500.]
 [500.]
 [500.]
 [500.]
 [500.]
 [500.]
 [500.]
 [500.]
 [500.]
 [500.]
 [500.]
 [500.]
 [500.]
 [500.]
 [500.]
 [500.]
 [500.]
 [500.]
 [500.]
 [500.]
 [500.]
 [500.]
 [500.]
 [500.]
 [500.]
 [500.]
 [500.]
 [500.]
 [500.]
 [500.]
 [500.]
 [500.]
 [500.]
 [500.]
 [500.]
 [500.]
 [500.]
 [500.]
 [500.]
 [500.]
 [500.]
 [500.]
 [500.]
 [500.]
 [500.]
 [500.]
 [500.]
 [500.]
 [500.]
 [500.]
 [500.]
 [500.]
 [500.]
 [500.]
 [500.]
 [500.]
 [500.]
 [500.]
 [500.]
 [500.]
 [500.]
 [500.]
 [500.]
 [500.]
 [500.]
 [500.]
 [500.]
 [500.]
 [500.]
 [500.]
 [500.]
 [500.]
 [500.]
 [500.]
 [500.]
 [500.]
 [500.]
 [500.]
 [500.]
 [500.]
 [500.]
 [500.]
 [500.]]
Ch: [[ 8.1593694   5.61155807 13.83841388  3.07120563  0.95805685  0.88408781
   7.12710096  4.09403372  8.10412857  4.91709271  3.74474734]
 [ 0.90617804  0.58361329  3.92653423  3.81604028 13.75931828 17.7921873
  11.58891008  1.96386008 19.3696509   7.43116866  0.831674  ]
 [ 1.62169889  0.91287798  1.6765645   1.9096762   2.29186961  3.04566875
   6.77116887  2.22537641  1.82231066  0.85279202  1.49423517]
 [ 3.38953794  4.45073593  1.66750004  0.57683349  1.46237238 15.26680312
  11.90334923  0.66755549  1.22888251 16.55370012 15.019856  ]
 [ 8.68310819 16.17554753  1.24008881  0.87688353  7.9621124   1.220613
  10.01590795 15.44224503  1.3114428   2.89752846  2.60482412]
 [ 3.29523923  4.05860368  1.55323761  1.17459144  3.30267034 14.36870287
   2.36406416  3.35382429  0.82672464  3.391209    1.90646402]
 [ 1.58313573  6.8917201  17.60060901 14.82415787  5.16839708  2.86139743
   1.63253977  1.82088285 12.18714628 18.410325    2.5649078 ]
 [ 0.69590394  1.83008893 13.75939898  7.58602385  6.37837313  5.3241222
   2.10320411  0.73302402  5.10765841  9.21094113  2.13991349]
 [16.38163695  3.8768794   5.820006   14.05450613  5.38092551  0.83414404
  10.22932404  8.36241286  1.71034004  4.52007008  0.60616205]
 [ 2.98218191  1.61139028  2.02764368  1.10908651 11.45812548 18.30758664
   4.33788199  1.24157392  1.38019572  0.60395661  1.60925924]]
Cv: [[ 0.          0.          0.          0.          0.          0.
   0.          0.          0.          0.        ]
 [ 3.38687355 17.05186329  9.08775851  8.76819429  4.43279854  0.96103673
  15.1060054   2.81135322  0.51729667  7.18641404]
 [ 7.37950521  0.66154659  6.00583028  1.69290449 15.81020737  3.37495369
   2.94997439  5.01593959 18.04527645  0.97525194]
 [12.2594581   2.97263894  2.29999998  1.00435543  4.11353868  1.73147507
   4.1844969  12.35285047 16.48616443  1.7648284 ]
 [ 2.1986624   3.96778965  1.63162617  5.19071317  0.77479367 16.6246298
   8.37749261  2.5049931   5.22122777  1.66008061]
 [ 1.36406396  1.21670567 14.67129464  1.02609416 10.65919439  2.62021425
   3.45073724  2.82311472  3.94995383  0.92939521]
 [ 3.6650347   0.6224588   4.01698128 17.41611219  0.80051592  2.37125616
   0.51349924  4.19527096 18.40251077 16.03944686]
 [ 0.97877731 13.09013591  2.00824993  1.99532121  1.60402909  0.51327543
   8.18234534  2.70835001 16.9321896   1.47828415]
 [ 0.68939582  6.19038618  1.8705834   0.86563341  0.71660672  1.60929343
   7.19118065  4.2154273   3.49386188 15.61152444]
 [ 0.52769258  4.28612334  1.08153221  1.44535891 14.81675414  8.1210776
  12.04635115 11.24809761  0.58255684  5.51820059]]
Rh: [[16.64705889 11.43953258  2.76044819  2.19037996  1.15622415 16.8024008
   4.82658894  7.14853504  1.5423251   9.34606542  2.64708541]
 [10.265136    2.37683779  5.18366726  1.31574612  2.61785404 17.09392265
   1.17786058  3.82845552  1.59938627  4.27897108  1.69021269]
 [12.65319916  9.86732143  3.96917921  3.87788398  2.43135259  1.74501694
  14.52848447  4.40868606  1.530425    1.42385238  8.42073109]
 [ 2.01735999  6.16819319 13.28795501  8.09866633  1.62039516 12.00908792
   9.27754552  1.10820429 10.85165265 13.52563221 11.3820484 ]
 [ 2.07664069  2.79561372  2.43634325  6.24310357  7.52224971  3.87300686
   4.54098943  1.61042736  2.40487528  4.93698956  1.06292511]
 [ 6.75113424  1.87942429  7.92331078  2.58811721  5.08258318  3.86989107
  14.13324435  1.29012521  3.39131907  4.05576648  6.70261026]
 [12.38154201  1.021323    3.05148425  3.80802592  4.20213127  6.57467669
   1.68187043  1.27888095  1.2141509   1.7386102   9.71854889]
 [ 1.54367558  4.02459166  7.5442758   6.24520381 12.49565447 12.68063711
   6.32589641 10.75650406  1.77278342  4.09295399  5.0638354 ]
 [ 3.4934363   3.26991589 16.1981166   9.3419398   8.38057566 15.50255954
   1.7942092   3.85076335  1.70708166  2.32484482  2.50018707]
 [ 5.47247941  3.11039103  6.18087245  6.43910206 12.38685117  2.8226935
   8.48580257  4.10586785  2.76815684 14.85313118  2.1005456 ]]
Rv: [[ 1.26519223 17.38331552 10.90947043  8.35440324  1.60564334 12.90130179
   4.44927489 15.28533577  1.55172706  1.72160704]
 [ 1.23918994  5.52837653  7.45807292  2.80046362  1.25103081  1.50998105
   6.49630475  7.19092327  9.15457953  3.12083179]
 [ 3.91555693  3.60764631  3.72977545  3.53304967  2.57258393  3.29508276
   5.81630609  3.92828676 17.57329098 13.44945857]
 [12.18909956  1.52076448  1.16460395  1.22484777  9.32982759  3.15831755
   4.23515697  3.39278433 15.94246786 18.18129509]
 [ 1.67245288  5.73749797 11.16531335  4.74086162  1.02763461  6.83159858
  13.21598557  6.7893639   7.76090244  2.07860303]
 [ 6.66600082 12.55188822 12.70652931 13.79208163  6.70168652 12.25300557
   1.57894962  1.29509507  5.43228753 11.3056399 ]
 [ 1.86094873  1.44997133  9.73010616  1.54004969  8.08301464  2.40044428
   3.0995724   2.86843567  1.30060959 18.65561952]
 [11.02500154 18.08683722  1.91807646 18.73727408  3.41608065 11.95709748
   3.56230795  1.84623121  4.48498441 10.36882471]
 [ 3.89342069  1.27508014  6.35038877  2.05056863 13.57611472  2.01345093
   3.63217215  1.59785744  1.64140631  3.05771348]]