-------Running parameters--------
T = 0.0
gap = 0
M = 10
N = 10
VR = 0.0
Vmin = 0.0
Vmax = 4.0
vStep = 0.01
vSym = False
repeats = 20
fileName = array_10_10_c_r_disorder_run_4
dist = exp
fullOutput = True
use_graph = False
current_map = True
plot_current_map = False
plot_binary_current_map = False
dbg = False
resume = False
sc = False
leaping = False
constQ = False
modifyR = False
output_folder = 2d_array_bgu_big_c_disorder
params_path = 
VG_avg = 0.0
VG_std = 0.0
C_avg = 10.0
C_std = 0.0
CG_avg = 10.0
CG_std = 9.5
R_avg = 10.0
R_std = 0.0
custom_rh = ""
custom_rv = ""
custom_ch = ""
custom_cv = ""
RG_avg = 500.0
RG_std = 9.0
n0_avg = 0.0
n0_std = 0.0
Q0_avg = 0.0
Q0_std = 0.0
----Array Parameters-----
Rows: 10
Columns: 10
VG: [[0.]
 [0.]
 [0.]
 [0.]
 [0.]
 [0.]
 [0.]
 [0.]
 [0.]
 [0.]
 [0.]
 [0.]
 [0.]
 [0.]
 [0.]
 [0.]
 [0.]
 [0.]
 [0.]
 [0.]
 [0.]
 [0.]
 [0.]
 [0.]
 [0.]
 [0.]
 [0.]
 [0.]
 [0.]
 [0.]
 [0.]
 [0.]
 [0.]
 [0.]
 [0.]
 [0.]
 [0.]
 [0.]
 [0.]
 [0.]
 [0.]
 [0.]
 [0.]
 [0.]
 [0.]
 [0.]
 [0.]
 [0.]
 [0.]
 [0.]
 [0.]
 [0.]
 [0.]
 [0.]
 [0.]
 [0.]
 [0.]
 [0.]
 [0.]
 [0.]
 [0.]
 [0.]
 [0.]
 [0.]
 [0.]
 [0.]
 [0.]
 [0.]
 [0.]
 [0.]
 [0.]
 [0.]
 [0.]
 [0.]
 [0.]
 [0.]
 [0.]
 [0.]
 [0.]
 [0.]
 [0.]
 [0.]
 [0.]
 [0.]
 [0.]
 [0.]
 [0.]
 [0.]
 [0.]
 [0.]
 [0.]
 [0.]
 [0.]
 [0.]
 [0.]
 [0.]
 [0.]
 [0.]
 [0.]
 [0.]]
CG: [[ 0.80764891]
 [13.46517618]
 [ 0.67544913]
 [18.71542739]
 [ 9.55672586]
 [11.90345966]
 [ 0.63222401]
 [ 3.41327905]
 [ 1.43097238]
 [ 1.14176979]
 [ 1.08759079]
 [ 1.68135711]
 [ 2.12799819]
 [ 0.60174069]
 [ 1.30141053]
 [ 2.13201055]
 [16.38114002]
 [ 8.94091001]
 [ 1.18344909]
 [ 0.88279599]
 [ 2.02960149]
 [12.51813318]
 [17.49340866]
 [ 7.17485022]
 [13.14862978]
 [ 8.98291066]
 [ 1.81668838]
 [ 0.51902928]
 [ 0.52849171]
 [12.28850761]
 [ 1.69719384]
 [ 1.37660677]
 [ 5.51157313]
 [14.01228212]
 [ 0.79509773]
 [ 3.51550716]
 [ 8.16926552]
 [ 2.54698732]
 [ 2.88169807]
 [ 4.54231339]
 [13.11164046]
 [ 2.54168952]
 [ 0.81752552]
 [ 4.18161945]
 [ 1.60023965]
 [ 2.77977267]
 [18.06382502]
 [ 1.8178419 ]
 [ 3.80816373]
 [12.83107005]
 [13.3909826 ]
 [ 0.92125597]
 [ 4.09135775]
 [ 0.80925705]
 [ 2.81574001]
 [14.36940724]
 [14.46534684]
 [18.84294948]
 [ 5.16719495]
 [ 0.64455019]
 [ 2.09939939]
 [10.68363986]
 [10.06394818]
 [ 2.0771361 ]
 [ 4.16311093]
 [ 7.36343649]
 [ 8.45717176]
 [ 0.80034033]
 [ 1.36818809]
 [ 3.70145706]
 [ 5.29455091]
 [ 3.68125591]
 [ 2.45294372]
 [ 0.55887028]
 [ 1.56683725]
 [ 2.24997261]
 [10.0986986 ]
 [ 1.88605084]
 [ 1.27489447]
 [ 1.03622956]
 [ 1.15753595]
 [ 0.89016525]
 [ 1.19222898]
 [ 7.35746569]
 [ 0.67676901]
 [11.13569961]
 [12.22572437]
 [ 6.92518527]
 [ 5.45800349]
 [ 0.76007215]
 [15.18614181]
 [ 1.26765258]
 [13.15192642]
 [ 1.7849435 ]
 [ 1.06091488]
 [ 1.51431441]
 [ 1.79261673]
 [ 3.5798932 ]
 [13.36955001]
 [11.92775788]]
RG: [[506.47229932]
 [498.38520184]
 [499.99902251]
 [494.22183107]
 [506.74218617]
 [497.73158238]
 [500.91665142]
 [508.52679473]
 [494.03545936]
 [499.71341413]
 [492.25522194]
 [491.78173834]
 [494.75493315]
 [494.95881905]
 [492.28133394]
 [492.76269677]
 [504.57970858]
 [498.74379779]
 [495.67115625]
 [491.474885  ]
 [505.50466708]
 [505.11643674]
 [499.60073827]
 [508.9473034 ]
 [493.93290206]
 [504.49293845]
 [502.56890055]
 [495.86631397]
 [502.78585195]
 [507.81134903]
 [497.12621046]
 [506.12725309]
 [507.58817044]
 [503.42332542]
 [491.98949817]
 [495.61513315]
 [499.40607792]
 [498.43273027]
 [500.22875989]
 [494.06441689]
 [508.7434515 ]
 [504.99190306]
 [496.56037425]
 [497.17262738]
 [504.00977643]
 [500.79714269]
 [496.87224021]
 [505.73190628]
 [496.97086741]
 [499.44210974]
 [502.17615914]
 [493.78309369]
 [502.15167603]
 [502.84093608]
 [499.74402435]
 [492.79500145]
 [493.57674495]
 [491.57368171]
 [492.05786269]
 [502.69849368]
 [492.53892862]
 [502.86900861]
 [504.22694639]
 [501.55740423]
 [498.35203302]
 [503.71338771]
 [493.89848766]
 [501.67528306]
 [494.98725544]
 [495.63782968]
 [496.43184178]
 [508.49193332]
 [499.53812244]
 [503.91551702]
 [494.76623852]
 [503.35825354]
 [494.54167337]
 [498.57685686]
 [492.0035269 ]
 [507.43458399]
 [496.44484789]
 [496.82116754]
 [494.10152119]
 [499.65392353]
 [502.80135916]
 [500.5229792 ]
 [507.36707058]
 [505.78925405]
 [500.81522922]
 [507.02891273]
 [505.76621283]
 [502.51589671]
 [497.13914586]
 [505.71426825]
 [506.20531787]
 [504.31896748]
 [497.5164375 ]
 [503.60224507]
 [495.31192437]
 [495.38232665]]
Ch: [[10. 10. 10. 10. 10. 10. 10. 10. 10. 10. 10.]
 [10. 10. 10. 10. 10. 10. 10. 10. 10. 10. 10.]
 [10. 10. 10. 10. 10. 10. 10. 10. 10. 10. 10.]
 [10. 10. 10. 10. 10. 10. 10. 10. 10. 10. 10.]
 [10. 10. 10. 10. 10. 10. 10. 10. 10. 10. 10.]
 [10. 10. 10. 10. 10. 10. 10. 10. 10. 10. 10.]
 [10. 10. 10. 10. 10. 10. 10. 10. 10. 10. 10.]
 [10. 10. 10. 10. 10. 10. 10. 10. 10. 10. 10.]
 [10. 10. 10. 10. 10. 10. 10. 10. 10. 10. 10.]
 [10. 10. 10. 10. 10. 10. 10. 10. 10. 10. 10.]]
Cv: [[ 0.  0.  0.  0.  0.  0.  0.  0.  0.  0.]
 [10. 10. 10. 10. 10. 10. 10. 10. 10. 10.]
 [10. 10. 10. 10. 10. 10. 10. 10. 10. 10.]
 [10. 10. 10. 10. 10. 10. 10. 10. 10. 10.]
 [10. 10. 10. 10. 10. 10. 10. 10. 10. 10.]
 [10. 10. 10. 10. 10. 10. 10. 10. 10. 10.]
 [10. 10. 10. 10. 10. 10. 10. 10. 10. 10.]
 [10. 10. 10. 10. 10. 10. 10. 10. 10. 10.]
 [10. 10. 10. 10. 10. 10. 10. 10. 10. 10.]
 [10. 10. 10. 10. 10. 10. 10. 10. 10. 10.]]
Rh: [[10. 10. 10. 10. 10. 10. 10. 10. 10. 10. 10.]
 [10. 10. 10. 10. 10. 10. 10. 10. 10. 10. 10.]
 [10. 10. 10. 10. 10. 10. 10. 10. 10. 10. 10.]
 [10. 10. 10. 10. 10. 10. 10. 10. 10. 10. 10.]
 [10. 10. 10. 10. 10. 10. 10. 10. 10. 10. 10.]
 [10. 10. 10. 10. 10. 10. 10. 10. 10. 10. 10.]
 [10. 10. 10. 10. 10. 10. 10. 10. 10. 10. 10.]
 [10. 10. 10. 10. 10. 10. 10. 10. 10. 10. 10.]
 [10. 10. 10. 10. 10. 10. 10. 10. 10. 10. 10.]
 [10. 10. 10. 10. 10. 10. 10. 10. 10. 10. 10.]]
Rv: [[10. 10. 10. 10. 10. 10. 10. 10. 10. 10.]
 [10. 10. 10. 10. 10. 10. 10. 10. 10. 10.]
 [10. 10. 10. 10. 10. 10. 10. 10. 10. 10.]
 [10. 10. 10. 10. 10. 10. 10. 10. 10. 10.]
 [10. 10. 10. 10. 10. 10. 10. 10. 10. 10.]
 [10. 10. 10. 10. 10. 10. 10. 10. 10. 10.]
 [10. 10. 10. 10. 10. 10. 10. 10. 10. 10.]
 [10. 10. 10. 10. 10. 10. 10. 10. 10. 10.]
 [10. 10. 10. 10. 10. 10. 10. 10. 10. 10.]]