-------Running parameters--------
T = 0.0
gap = 0
M = 10
N = 10
VR = 0.0
Vmin = 0.0
Vmax = 4.0
vStep = 0.01
vSym = False
repeats = 20
fileName = array_10_10_c_r_disorder_run_5
dist = exp
fullOutput = True
use_graph = False
current_map = True
plot_current_map = False
plot_binary_current_map = False
dbg = False
resume = False
sc = False
leaping = False
constQ = False
modifyR = False
output_folder = 2d_array_bgu_big_c_disorder
params_path = 
VG_avg = 0.0
VG_std = 0.0
C_avg = 10.0
C_std = 0.0
CG_avg = 10.0
CG_std = 9.5
R_avg = 10.0
R_std = 0.0
custom_rh = ""
custom_rv = ""
custom_ch = ""
custom_cv = ""
RG_avg = 500.0
RG_std = 9.0
n0_avg = 0.0
n0_std = 0.0
Q0_avg = 0.0
Q0_std = 0.0
----Array Parameters-----
Rows: 10
Columns: 10
VG: [[0.]
 [0.]
 [0.]
 [0.]
 [0.]
 [0.]
 [0.]
 [0.]
 [0.]
 [0.]
 [0.]
 [0.]
 [0.]
 [0.]
 [0.]
 [0.]
 [0.]
 [0.]
 [0.]
 [0.]
 [0.]
 [0.]
 [0.]
 [0.]
 [0.]
 [0.]
 [0.]
 [0.]
 [0.]
 [0.]
 [0.]
 [0.]
 [0.]
 [0.]
 [0.]
 [0.]
 [0.]
 [0.]
 [0.]
 [0.]
 [0.]
 [0.]
 [0.]
 [0.]
 [0.]
 [0.]
 [0.]
 [0.]
 [0.]
 [0.]
 [0.]
 [0.]
 [0.]
 [0.]
 [0.]
 [0.]
 [0.]
 [0.]
 [0.]
 [0.]
 [0.]
 [0.]
 [0.]
 [0.]
 [0.]
 [0.]
 [0.]
 [0.]
 [0.]
 [0.]
 [0.]
 [0.]
 [0.]
 [0.]
 [0.]
 [0.]
 [0.]
 [0.]
 [0.]
 [0.]
 [0.]
 [0.]
 [0.]
 [0.]
 [0.]
 [0.]
 [0.]
 [0.]
 [0.]
 [0.]
 [0.]
 [0.]
 [0.]
 [0.]
 [0.]
 [0.]
 [0.]
 [0.]
 [0.]
 [0.]]
CG: [[ 0.73470377]
 [17.06235107]
 [19.22085295]
 [ 7.93214903]
 [11.75678841]
 [ 1.96739095]
 [ 1.3154541 ]
 [ 8.23623547]
 [ 5.82718836]
 [ 0.87213846]
 [ 7.74711744]
 [ 9.91904466]
 [ 4.79266767]
 [15.53823073]
 [16.94498068]
 [ 1.55619906]
 [ 1.57645583]
 [ 1.09037675]
 [ 8.84762154]
 [ 5.74304637]
 [ 3.9117704 ]
 [ 5.94410366]
 [ 2.43646952]
 [11.66976414]
 [14.50371495]
 [ 1.24863908]
 [ 6.48154935]
 [ 9.76121031]
 [ 8.01237842]
 [ 9.42479723]
 [ 8.77228531]
 [ 8.86042022]
 [ 0.53263476]
 [16.65455752]
 [ 2.23108747]
 [ 4.17139293]
 [ 1.74051485]
 [ 0.61243387]
 [10.7634538 ]
 [ 7.51855816]
 [ 2.84298876]
 [ 0.70015128]
 [ 1.82973124]
 [ 5.41903111]
 [ 6.33178742]
 [19.09941462]
 [ 0.92795309]
 [ 4.17856591]
 [ 5.96917854]
 [ 4.01085533]
 [ 1.12166761]
 [15.61623293]
 [ 0.96080432]
 [12.14413075]
 [ 7.01933532]
 [ 4.87145763]
 [ 6.82290864]
 [ 1.24897409]
 [ 5.95800625]
 [ 0.93088439]
 [ 4.27666453]
 [ 3.37505878]
 [ 3.80466075]
 [ 1.55334362]
 [ 7.18545358]
 [12.07321361]
 [11.8721097 ]
 [17.93883195]
 [ 1.94637789]
 [ 1.69289237]
 [ 3.51775676]
 [15.23718323]
 [ 6.61342569]
 [ 3.93484567]
 [ 1.39257895]
 [ 2.30510468]
 [ 5.53468591]
 [ 2.11492228]
 [ 1.93868063]
 [ 1.23605878]
 [ 1.40014321]
 [12.91568409]
 [ 7.90117666]
 [18.12264531]
 [ 0.90308249]
 [ 2.51353962]
 [ 3.1660605 ]
 [16.66414523]
 [ 8.68994535]
 [ 2.12106842]
 [ 1.93182772]
 [ 2.3522247 ]
 [12.54074227]
 [ 9.92959464]
 [ 1.04713029]
 [ 3.08386823]
 [ 0.78211194]
 [10.77573246]
 [ 2.21350175]
 [ 3.15230407]]
RG: [[493.26012101]
 [497.76488083]
 [507.95191385]
 [497.74517644]
 [496.77367295]
 [496.88391789]
 [496.46695308]
 [505.06293446]
 [496.54787977]
 [506.22622158]
 [508.25340543]
 [501.40058535]
 [496.46589425]
 [500.46360619]
 [496.65100942]
 [498.77640002]
 [508.31216985]
 [493.48200604]
 [491.18314336]
 [501.69315683]
 [491.944592  ]
 [506.60832734]
 [492.64414856]
 [493.16151073]
 [502.14412878]
 [495.44815774]
 [494.81890758]
 [501.66075139]
 [498.42321889]
 [503.84963739]
 [499.79911856]
 [500.01935525]
 [505.61020216]
 [502.31505888]
 [506.51161971]
 [491.42793663]
 [492.89081846]
 [503.8174295 ]
 [501.77925656]
 [494.63953163]
 [506.63397514]
 [499.11363478]
 [492.26407742]
 [501.68879779]
 [499.86336869]
 [491.33480184]
 [493.68773289]
 [508.02745668]
 [493.38456728]
 [493.72770349]
 [501.54307395]
 [496.29595012]
 [505.39017148]
 [501.46942508]
 [501.61469921]
 [501.52305082]
 [492.82259114]
 [501.19489769]
 [494.90855072]
 [499.86666027]
 [501.36507458]
 [498.01059666]
 [493.37666283]
 [491.63905986]
 [493.78431767]
 [494.5587145 ]
 [497.05387778]
 [494.96481416]
 [497.84773464]
 [494.3123253 ]
 [491.18191971]
 [494.27545522]
 [492.97588287]
 [503.24492494]
 [497.28838968]
 [496.48251878]
 [499.11563513]
 [508.53053461]
 [508.68243371]
 [502.4601864 ]
 [503.40101626]
 [496.85185935]
 [492.40435315]
 [493.09455123]
 [493.22903977]
 [505.2103804 ]
 [495.57602954]
 [495.17756842]
 [499.36512298]
 [496.05378013]
 [495.96379195]
 [503.10013889]
 [505.5478933 ]
 [507.0028919 ]
 [502.8034446 ]
 [492.8102678 ]
 [493.65746197]
 [506.3419931 ]
 [504.98306651]
 [504.85256554]]
Ch: [[10. 10. 10. 10. 10. 10. 10. 10. 10. 10. 10.]
 [10. 10. 10. 10. 10. 10. 10. 10. 10. 10. 10.]
 [10. 10. 10. 10. 10. 10. 10. 10. 10. 10. 10.]
 [10. 10. 10. 10. 10. 10. 10. 10. 10. 10. 10.]
 [10. 10. 10. 10. 10. 10. 10. 10. 10. 10. 10.]
 [10. 10. 10. 10. 10. 10. 10. 10. 10. 10. 10.]
 [10. 10. 10. 10. 10. 10. 10. 10. 10. 10. 10.]
 [10. 10. 10. 10. 10. 10. 10. 10. 10. 10. 10.]
 [10. 10. 10. 10. 10. 10. 10. 10. 10. 10. 10.]
 [10. 10. 10. 10. 10. 10. 10. 10. 10. 10. 10.]]
Cv: [[ 0.  0.  0.  0.  0.  0.  0.  0.  0.  0.]
 [10. 10. 10. 10. 10. 10. 10. 10. 10. 10.]
 [10. 10. 10. 10. 10. 10. 10. 10. 10. 10.]
 [10. 10. 10. 10. 10. 10. 10. 10. 10. 10.]
 [10. 10. 10. 10. 10. 10. 10. 10. 10. 10.]
 [10. 10. 10. 10. 10. 10. 10. 10. 10. 10.]
 [10. 10. 10. 10. 10. 10. 10. 10. 10. 10.]
 [10. 10. 10. 10. 10. 10. 10. 10. 10. 10.]
 [10. 10. 10. 10. 10. 10. 10. 10. 10. 10.]
 [10. 10. 10. 10. 10. 10. 10. 10. 10. 10.]]
Rh: [[10. 10. 10. 10. 10. 10. 10. 10. 10. 10. 10.]
 [10. 10. 10. 10. 10. 10. 10. 10. 10. 10. 10.]
 [10. 10. 10. 10. 10. 10. 10. 10. 10. 10. 10.]
 [10. 10. 10. 10. 10. 10. 10. 10. 10. 10. 10.]
 [10. 10. 10. 10. 10. 10. 10. 10. 10. 10. 10.]
 [10. 10. 10. 10. 10. 10. 10. 10. 10. 10. 10.]
 [10. 10. 10. 10. 10. 10. 10. 10. 10. 10. 10.]
 [10. 10. 10. 10. 10. 10. 10. 10. 10. 10. 10.]
 [10. 10. 10. 10. 10. 10. 10. 10. 10. 10. 10.]
 [10. 10. 10. 10. 10. 10. 10. 10. 10. 10. 10.]]
Rv: [[10. 10. 10. 10. 10. 10. 10. 10. 10. 10.]
 [10. 10. 10. 10. 10. 10. 10. 10. 10. 10.]
 [10. 10. 10. 10. 10. 10. 10. 10. 10. 10.]
 [10. 10. 10. 10. 10. 10. 10. 10. 10. 10.]
 [10. 10. 10. 10. 10. 10. 10. 10. 10. 10.]
 [10. 10. 10. 10. 10. 10. 10. 10. 10. 10.]
 [10. 10. 10. 10. 10. 10. 10. 10. 10. 10.]
 [10. 10. 10. 10. 10. 10. 10. 10. 10. 10.]
 [10. 10. 10. 10. 10. 10. 10. 10. 10. 10.]]