-------Running parameters--------
T = 0.001
temperature_gradient = 0.0
gap = 0.0
M = 10
N = 10
VR = 0.0
Vmin = 0.0
Vmax = 1.1
vStep = 0.001
vSym = True
repeats = 50
fileName = array_10_10_disorder_c_std_0.1_r_std_9.5_run_1
dist = exp
fullOutput = True
use_graph = False
current_map = True
plot_current_map = False
plot_binary_current_map = False
frame_norm = False
dbg = False
resume = False
sc = False
leaping = False
constQ = False
modifyR = False
double_time = False
double_loop = False
output_folder = bgu_2d_finite_temperature_different_disorders_statistics
params_path = 
VG_avg = 0.0
VG_std = 0.0
C_avg = 2.0
C_std = 0.1
CG_avg = 10.0
CG_std = 0.0
R_avg = 10.0
R_std = 9.5
custom_rh = ""
custom_rv = ""
custom_ch = ""
custom_cv = ""
RG_avg = 500.0
RG_std = 0.0
n0_avg = 0.0
n0_std = 0.0
Q0_avg = 0.0
Q0_std = 0.0
----Array Parameters-----
Rows: 10
Columns: 10
VG: [[0.]
 [0.]
 [0.]
 [0.]
 [0.]
 [0.]
 [0.]
 [0.]
 [0.]
 [0.]
 [0.]
 [0.]
 [0.]
 [0.]
 [0.]
 [0.]
 [0.]
 [0.]
 [0.]
 [0.]
 [0.]
 [0.]
 [0.]
 [0.]
 [0.]
 [0.]
 [0.]
 [0.]
 [0.]
 [0.]
 [0.]
 [0.]
 [0.]
 [0.]
 [0.]
 [0.]
 [0.]
 [0.]
 [0.]
 [0.]
 [0.]
 [0.]
 [0.]
 [0.]
 [0.]
 [0.]
 [0.]
 [0.]
 [0.]
 [0.]
 [0.]
 [0.]
 [0.]
 [0.]
 [0.]
 [0.]
 [0.]
 [0.]
 [0.]
 [0.]
 [0.]
 [0.]
 [0.]
 [0.]
 [0.]
 [0.]
 [0.]
 [0.]
 [0.]
 [0.]
 [0.]
 [0.]
 [0.]
 [0.]
 [0.]
 [0.]
 [0.]
 [0.]
 [0.]
 [0.]
 [0.]
 [0.]
 [0.]
 [0.]
 [0.]
 [0.]
 [0.]
 [0.]
 [0.]
 [0.]
 [0.]
 [0.]
 [0.]
 [0.]
 [0.]
 [0.]
 [0.]
 [0.]
 [0.]
 [0.]]
CG: [[10.]
 [10.]
 [10.]
 [10.]
 [10.]
 [10.]
 [10.]
 [10.]
 [10.]
 [10.]
 [10.]
 [10.]
 [10.]
 [10.]
 [10.]
 [10.]
 [10.]
 [10.]
 [10.]
 [10.]
 [10.]
 [10.]
 [10.]
 [10.]
 [10.]
 [10.]
 [10.]
 [10.]
 [10.]
 [10.]
 [10.]
 [10.]
 [10.]
 [10.]
 [10.]
 [10.]
 [10.]
 [10.]
 [10.]
 [10.]
 [10.]
 [10.]
 [10.]
 [10.]
 [10.]
 [10.]
 [10.]
 [10.]
 [10.]
 [10.]
 [10.]
 [10.]
 [10.]
 [10.]
 [10.]
 [10.]
 [10.]
 [10.]
 [10.]
 [10.]
 [10.]
 [10.]
 [10.]
 [10.]
 [10.]
 [10.]
 [10.]
 [10.]
 [10.]
 [10.]
 [10.]
 [10.]
 [10.]
 [10.]
 [10.]
 [10.]
 [10.]
 [10.]
 [10.]
 [10.]
 [10.]
 [10.]
 [10.]
 [10.]
 [10.]
 [10.]
 [10.]
 [10.]
 [10.]
 [10.]
 [10.]
 [10.]
 [10.]
 [10.]
 [10.]
 [10.]
 [10.]
 [10.]
 [10.]
 [10.]]
RG: [[500.]
 [500.]
 [500.]
 [500.]
 [500.]
 [500.]
 [500.]
 [500.]
 [500.]
 [500.]
 [500.]
 [500.]
 [500.]
 [500.]
 [500.]
 [500.]
 [500.]
 [500.]
 [500.]
 [500.]
 [500.]
 [500.]
 [500.]
 [500.]
 [500.]
 [500.]
 [500.]
 [500.]
 [500.]
 [500.]
 [500.]
 [500.]
 [500.]
 [500.]
 [500.]
 [500.]
 [500.]
 [500.]
 [500.]
 [500.]
 [500.]
 [500.]
 [500.]
 [500.]
 [500.]
 [500.]
 [500.]
 [500.]
 [500.]
 [500.]
 [500.]
 [500.]
 [500.]
 [500.]
 [500.]
 [500.]
 [500.]
 [500.]
 [500.]
 [500.]
 [500.]
 [500.]
 [500.]
 [500.]
 [500.]
 [500.]
 [500.]
 [500.]
 [500.]
 [500.]
 [500.]
 [500.]
 [500.]
 [500.]
 [500.]
 [500.]
 [500.]
 [500.]
 [500.]
 [500.]
 [500.]
 [500.]
 [500.]
 [500.]
 [500.]
 [500.]
 [500.]
 [500.]
 [500.]
 [500.]
 [500.]
 [500.]
 [500.]
 [500.]
 [500.]
 [500.]
 [500.]
 [500.]
 [500.]
 [500.]]
Ch: [[1.97555686 2.01348999 2.07850819 2.04620699 2.07288947 2.0643764
  2.08397332 2.05407541 2.03221691 2.07206787 2.0048835 ]
 [1.96442836 1.93188993 1.94614363 2.03557375 1.93794539 1.93889137
  1.97093554 1.94918633 2.03349293 2.01347579 2.00404704]
 [1.94790042 2.09004801 2.00801341 1.91260057 2.03632729 1.94820749
  2.06372739 2.0693169  1.94163899 2.09390132 2.03162733]
 [2.02918494 1.93658889 2.04170966 2.07540308 1.94175568 1.93003405
  2.04694261 1.97417479 1.91067404 1.93081415 1.92132055]
 [2.09923331 1.96198843 1.97582997 2.06228958 1.90861318 1.93765708
  1.94025672 2.04909686 1.95569517 2.07813721 2.03049992]
 [1.94370513 1.9805137  2.04656387 2.06240645 1.98791904 2.02855546
  1.90562338 1.93682253 1.90614849 1.98233868 2.09405242]
 [1.92477914 2.04095264 1.98246256 1.91429781 2.06259624 2.06175107
  2.00416456 2.02828217 1.95840485 1.98738757 2.09665139]
 [1.92628417 2.00678227 2.05820807 2.0208871  2.02934302 2.04551826
  2.02476964 2.08495693 2.01063486 2.03029185 2.06180491]
 [2.0996717  1.97330507 1.92206055 1.96390514 2.01449364 2.03251031
  1.91070027 1.98113407 2.06752025 2.00322329 2.00772619]
 [2.00601834 1.9138361  2.04699441 2.00771316 1.93810047 2.01843646
  1.90269992 1.98248473 2.08267196 1.98634918 1.93939595]]
Cv: [[0.         0.         0.         0.         0.         0.
  0.         0.         0.         0.        ]
 [1.9133124  2.03105002 2.02420548 1.96628887 2.03476271 2.00477741
  1.92461116 1.97120035 2.09431314 1.96029101]
 [1.99973753 2.02758844 2.05624168 2.04536231 2.04530496 2.00001159
  1.94345759 2.09401155 2.00810672 1.97580532]
 [2.05527653 2.0699793  1.92215697 1.9967204  2.0128033  2.08703977
  1.98120183 1.94951955 2.05082974 1.92138227]
 [1.9849224  2.08429698 1.97221207 1.98214251 1.90655146 2.03288421
  1.96441626 1.92266731 2.0108956  2.06778757]
 [2.02083338 1.92458124 2.03574933 2.01296237 1.95102278 2.09185658
  1.90834573 1.94020715 2.07861635 1.98704679]
 [2.07106567 2.0622864  1.91129576 2.00792837 2.05306179 2.0675517
  1.98859021 1.91116479 1.91074782 1.95641688]
 [2.01435689 1.91867852 2.08885166 2.0963146  2.04365839 1.9204571
  1.92239724 1.90193337 2.05630638 2.02055519]
 [2.09549241 2.06737353 1.93366264 1.97134586 2.03484801 2.0410472
  1.95636266 2.07717933 2.03307184 2.09618221]
 [2.08807919 1.9827964  1.90558191 2.02319955 2.00025566 2.01732643
  1.96730518 1.93327912 1.9340389  2.0720934 ]]
Rh: [[15.05320171  0.87370288  0.84778081  2.06073517  4.97608593  1.13188491
  10.52854907 10.91794778  2.91090617  9.9812998   0.57646509]
 [12.97765454  0.83420224  2.68113182  0.6624229   5.30391687  1.96637835
   0.83779483  4.59545799  1.59256995  7.22615339  5.04597372]
 [ 3.21832093  2.00161817  0.63270862 11.02814845  5.9364605   4.34922837
   1.10687647  1.41106965  2.82911854  9.59139841 17.61575227]
 [ 7.62386654  0.92030948  2.87977808  1.0505729  10.09330516  0.61308713
   4.0527796  11.81712848  7.98215149  1.74095894  7.46736416]
 [ 1.50324614  4.80330516  0.50250801  1.92352157 12.15174013  6.02840237
  18.03740446 12.35112868  1.53625785  0.57657691  6.88327417]
 [ 1.22515273  0.89952953  1.69318323  0.93113899  4.94553438  0.59224727
   0.85362619  6.40839153  1.7844062   2.5823827   4.62363252]
 [ 5.88490175  6.87414483  2.88929536  3.91952546  0.80445023  1.12408221
   0.65817806  1.63918194  6.4331353  13.59735123  2.10803554]
 [16.64023591  4.17744645  2.72059333  9.07586054  1.35177968 12.86048156
   0.88283785  2.78066968  6.54525189  0.68220349  3.05182384]
 [ 5.05378354  5.081772    9.23910943  5.12562781  3.54863813  0.56361627
   6.33472644  2.02839185  4.39375886  1.1527782   0.68603859]
 [ 4.73330581  3.17175004  2.2326589   0.73806819  0.73587573 11.30987319
   2.81088002  8.6039975   4.73594244  6.35218422  3.59209119]]
Rv: [[ 5.68978384  0.5125258   2.26485473  2.49689643  1.24300063  1.69437722
   0.55138864  1.09882141 13.42965135  4.71624568]
 [ 4.97435938  0.89954209  0.58232056  1.12125797  7.92940279 14.26948688
  11.49243681  0.76101359  2.68252626  4.99619054]
 [ 3.24537378 10.88154981  6.25836015  0.91529643  8.02279367  6.75343231
   7.38982816 12.79044253  4.38139498  4.55446255]
 [13.42675498  1.2645413   2.60158383  3.20551375 11.08746608  1.05672459
   3.34061881  6.41109037  3.95664185  1.22778483]
 [ 9.16549173  0.74766055  0.50057318  0.62308722  1.22660594  0.51939583
   2.84131195  2.66891263 12.71700965  1.75427599]
 [ 0.51250931  0.86303056  8.19766612  1.86029007  5.24713203  7.0936679
   8.13735498  4.99116153  3.2291457   1.27789526]
 [ 1.12511926  0.7441423   5.26827517  5.84835068  2.89647087  0.54368504
   2.5969884   0.65761075 12.10707533  0.53622979]
 [10.15832412  6.86973707  2.23890663  3.92056865  1.08369355  3.62303946
   1.37363956  6.05985914  0.8608729   3.92684437]
 [ 2.71879817  0.6142064   9.98909189  2.4458913   4.95014111  1.21883754
   4.6981761   2.77600753 19.06265367 14.10785303]]