-------Running parameters--------
T = 0.001
temperature_gradient = 0.0
gap = 0.0
M = 10
N = 10
VR = 0.0
Vmin = 0.0
Vmax = 1.1
vStep = 0.001
vSym = True
repeats = 50
fileName = array_10_10_disorder_c_std_0.1_r_std_12_run_3
dist = exp
fullOutput = True
use_graph = False
current_map = True
plot_current_map = False
plot_binary_current_map = False
frame_norm = False
dbg = False
resume = False
sc = False
leaping = False
constQ = False
modifyR = False
double_time = False
double_loop = False
output_folder = bgu_2d_finite_temperature_different_disorders_statistics
params_path = 
VG_avg = 0.0
VG_std = 0.0
C_avg = 2.0
C_std = 0.1
CG_avg = 10.0
CG_std = 0.0
R_avg = 20.0
R_std = 12.0
custom_rh = ""
custom_rv = ""
custom_ch = ""
custom_cv = ""
RG_avg = 500.0
RG_std = 0.0
n0_avg = 0.0
n0_std = 0.0
Q0_avg = 0.0
Q0_std = 0.0
----Array Parameters-----
Rows: 10
Columns: 10
VG: [[0.]
 [0.]
 [0.]
 [0.]
 [0.]
 [0.]
 [0.]
 [0.]
 [0.]
 [0.]
 [0.]
 [0.]
 [0.]
 [0.]
 [0.]
 [0.]
 [0.]
 [0.]
 [0.]
 [0.]
 [0.]
 [0.]
 [0.]
 [0.]
 [0.]
 [0.]
 [0.]
 [0.]
 [0.]
 [0.]
 [0.]
 [0.]
 [0.]
 [0.]
 [0.]
 [0.]
 [0.]
 [0.]
 [0.]
 [0.]
 [0.]
 [0.]
 [0.]
 [0.]
 [0.]
 [0.]
 [0.]
 [0.]
 [0.]
 [0.]
 [0.]
 [0.]
 [0.]
 [0.]
 [0.]
 [0.]
 [0.]
 [0.]
 [0.]
 [0.]
 [0.]
 [0.]
 [0.]
 [0.]
 [0.]
 [0.]
 [0.]
 [0.]
 [0.]
 [0.]
 [0.]
 [0.]
 [0.]
 [0.]
 [0.]
 [0.]
 [0.]
 [0.]
 [0.]
 [0.]
 [0.]
 [0.]
 [0.]
 [0.]
 [0.]
 [0.]
 [0.]
 [0.]
 [0.]
 [0.]
 [0.]
 [0.]
 [0.]
 [0.]
 [0.]
 [0.]
 [0.]
 [0.]
 [0.]
 [0.]]
CG: [[10.]
 [10.]
 [10.]
 [10.]
 [10.]
 [10.]
 [10.]
 [10.]
 [10.]
 [10.]
 [10.]
 [10.]
 [10.]
 [10.]
 [10.]
 [10.]
 [10.]
 [10.]
 [10.]
 [10.]
 [10.]
 [10.]
 [10.]
 [10.]
 [10.]
 [10.]
 [10.]
 [10.]
 [10.]
 [10.]
 [10.]
 [10.]
 [10.]
 [10.]
 [10.]
 [10.]
 [10.]
 [10.]
 [10.]
 [10.]
 [10.]
 [10.]
 [10.]
 [10.]
 [10.]
 [10.]
 [10.]
 [10.]
 [10.]
 [10.]
 [10.]
 [10.]
 [10.]
 [10.]
 [10.]
 [10.]
 [10.]
 [10.]
 [10.]
 [10.]
 [10.]
 [10.]
 [10.]
 [10.]
 [10.]
 [10.]
 [10.]
 [10.]
 [10.]
 [10.]
 [10.]
 [10.]
 [10.]
 [10.]
 [10.]
 [10.]
 [10.]
 [10.]
 [10.]
 [10.]
 [10.]
 [10.]
 [10.]
 [10.]
 [10.]
 [10.]
 [10.]
 [10.]
 [10.]
 [10.]
 [10.]
 [10.]
 [10.]
 [10.]
 [10.]
 [10.]
 [10.]
 [10.]
 [10.]
 [10.]]
RG: [[500.]
 [500.]
 [500.]
 [500.]
 [500.]
 [500.]
 [500.]
 [500.]
 [500.]
 [500.]
 [500.]
 [500.]
 [500.]
 [500.]
 [500.]
 [500.]
 [500.]
 [500.]
 [500.]
 [500.]
 [500.]
 [500.]
 [500.]
 [500.]
 [500.]
 [500.]
 [500.]
 [500.]
 [500.]
 [500.]
 [500.]
 [500.]
 [500.]
 [500.]
 [500.]
 [500.]
 [500.]
 [500.]
 [500.]
 [500.]
 [500.]
 [500.]
 [500.]
 [500.]
 [500.]
 [500.]
 [500.]
 [500.]
 [500.]
 [500.]
 [500.]
 [500.]
 [500.]
 [500.]
 [500.]
 [500.]
 [500.]
 [500.]
 [500.]
 [500.]
 [500.]
 [500.]
 [500.]
 [500.]
 [500.]
 [500.]
 [500.]
 [500.]
 [500.]
 [500.]
 [500.]
 [500.]
 [500.]
 [500.]
 [500.]
 [500.]
 [500.]
 [500.]
 [500.]
 [500.]
 [500.]
 [500.]
 [500.]
 [500.]
 [500.]
 [500.]
 [500.]
 [500.]
 [500.]
 [500.]
 [500.]
 [500.]
 [500.]
 [500.]
 [500.]
 [500.]
 [500.]
 [500.]
 [500.]
 [500.]]
Ch: [[2.0064663  2.0916343  1.95302454 1.91734098 2.05140166 2.07177706
  2.04041293 1.98810521 1.95240065 1.906232   1.92784111]
 [2.06312904 1.93728871 1.99410797 1.91790782 1.97645937 1.90001348
  1.9667799  1.97280798 1.93548512 2.02912123 2.07943905]
 [2.05607416 2.00369079 1.9546211  2.08763884 1.94445644 1.93687793
  1.97461572 1.91232644 1.90375341 1.91862422 1.94798763]
 [2.09387886 1.9192435  1.90582899 2.04112548 2.0805533  2.07125643
  1.97558129 1.9405852  2.09204521 1.90450377 2.06607564]
 [2.02602645 2.06443706 1.93671138 2.00542814 1.93606641 2.01359447
  2.05435976 1.91179231 2.01658868 2.0401226  1.96002367]
 [2.06491874 1.95129194 1.92576639 1.97487331 2.03328258 1.95548271
  1.96166599 2.01631941 2.0310135  1.93587308 1.98320166]
 [1.98708453 2.01656267 1.97255894 1.99400895 1.90357767 1.97015113
  1.9251737  1.95674254 2.00427572 1.96128744 1.97980239]
 [1.91346209 2.01229053 2.08106296 1.99891563 1.91072884 2.06800648
  2.0511309  1.90888517 2.08691098 2.00163615 1.97153368]
 [1.90347514 2.07338757 1.99380949 2.08832574 2.07125832 2.09417042
  2.03326917 1.98597383 2.04457474 2.08985923 2.06161307]
 [2.07204445 1.99944449 1.93105433 2.09630282 2.05750342 2.05939664
  2.09218155 1.95509053 1.9634195  1.93570337 2.03843318]]
Cv: [[0.         0.         0.         0.         0.         0.
  0.         0.         0.         0.        ]
 [2.05181619 2.09654196 2.07053681 2.05393459 1.92776031 1.96175946
  1.91497755 1.93439695 2.0990559  2.00605863]
 [1.92737864 2.08042166 1.93063247 2.00471983 1.99981437 1.92481431
  1.98763739 1.91102283 1.9458587  1.99724428]
 [2.00699686 2.0336746  2.03984681 1.92359214 2.09224317 2.09706896
  2.07024747 2.03057104 1.94905062 2.01819896]
 [1.94455238 2.06022334 2.04159155 1.90783634 1.95308219 2.07961063
  2.07733352 2.09951092 2.03804263 1.98205651]
 [1.99559502 2.01155409 2.08185527 1.91512574 2.08734503 1.99327182
  1.95616519 2.09609774 1.91660447 2.08499619]
 [1.99091475 1.94309925 2.01614227 2.07170799 2.0042315  2.06474267
  1.973797   2.06987431 1.97744609 1.92823415]
 [2.05030152 2.0130569  2.00476935 2.02250534 1.92846188 2.05828787
  2.09857715 1.99627752 2.03009466 2.01666437]
 [2.05362702 1.946024   1.9750701  1.97309077 2.02925792 1.91687767
  1.98176246 1.95045643 1.93815093 1.98468889]
 [2.08529803 1.93185566 2.05188438 2.0872603  1.95062012 1.95810193
  1.93721162 2.01651367 1.99230834 1.91709674]]
Rh: [[24.26347456 16.85110649 24.84630692 12.36221865 21.06306107 27.70628668
  22.71000384 22.48428261 21.95802672 21.4932782   9.16673787]
 [16.99320198 10.6363661  12.00793612 20.44339948 13.85032778 16.4227622
  27.46058554 19.85567793 17.14517857  9.31665915 23.18427476]
 [18.86153264 14.14239198 31.85374733 13.71476505 27.04738045 30.98872017
  24.51676671 31.00255007 12.58684924  8.45523345  8.82527019]
 [15.09102676 14.23771752 28.08285749 21.70403319 31.28120194 18.04699383
  22.90742246 24.84437163 24.75075812 24.50973807 26.43266049]
 [ 8.77422702 31.42901922 13.40951321  8.24871922 17.80856904 14.62594705
  11.8316034  15.17784778 10.52851231 29.06231424 17.70930552]
 [27.49133473 20.41346486 20.6144212  21.61107829 14.39043967 25.04558388
  20.69730759 16.86505791 21.06064485 13.86568952 16.1888595 ]
 [13.92066224 14.70876118 13.66625439 24.29935553 24.52289173 17.974506
  24.1653358  10.51840968 21.1182877  10.80128833 24.36064999]
 [ 9.79981632 30.64458466 10.72925227 25.80850174 18.88197923 11.70517166
  10.85504558 26.98036779 14.41902612 19.63993888 17.78873516]
 [ 9.9413704  27.07050996 30.17315415 17.21561387  9.09252476 10.77779186
   9.43794164  8.97949496 14.22065755 20.58655937  8.69672959]
 [ 9.44208128 20.29846302 23.76183411 10.72842391 12.0828751  26.15128595
  13.7112858  25.70705131 20.29844072 13.4056285  12.23372434]]
Rv: [[26.23407101 24.96978227 27.42691617 16.29979178 26.42119592 29.75381168
   8.23893796 15.79049294 20.83126433 29.81658189]
 [12.8899717  10.72324088 15.53061852 29.58389106  8.46096082 15.35204193
  24.1067225   9.9135819  17.74382948 17.73643106]
 [11.19186275 15.96992705 19.47747293  9.25476533  9.17411168 13.20987099
  24.73625145 16.42063385 17.50506705 26.90276437]
 [21.6087542  17.6580184  27.12379166 28.79820065 31.45995263 16.1418656
  25.42424286 19.21975349  8.77139237 13.73593054]
 [10.26643021  8.23236012 16.93026746 16.77739025 26.92159239 21.26983646
  18.31528588 10.45003519 14.14701662 21.79529754]
 [ 9.7583925  25.45569491 11.75891564  9.13688642 16.26864535 12.64800747
  11.72084619  8.85377982 15.14192003  8.24242604]
 [ 8.38859946 28.52212806 27.19382922 20.34181103 17.18525074  9.11344443
  11.19914242 19.73157005 23.78328015 14.22863351]
 [15.12530068 16.49342502 19.74035572 15.45605943 14.3635772  10.83131196
  21.48977554 13.55030293 13.63666955 31.08189962]
 [ 8.05566271 21.13857731 10.52455103 13.57438102 18.91542174 22.68283453
  14.41894415 21.3843758  28.07110979 12.4520679 ]]