-------Running parameters--------
T = 0.001
temperature_gradient = 0.0
gap = 0.0
M = 10
N = 10
VR = 0.0
Vmin = 0.0
Vmax = 1.1
vStep = 0.001
vSym = True
repeats = 50
fileName = array_10_10_disorder_c_std_0.1_r_std_6_run_4
dist = exp
fullOutput = True
use_graph = False
current_map = True
plot_current_map = False
plot_binary_current_map = False
frame_norm = False
dbg = False
resume = False
sc = False
leaping = False
constQ = False
modifyR = False
double_time = False
double_loop = False
output_folder = bgu_2d_finite_temperature_different_disorders_statistics
params_path = 
VG_avg = 0.0
VG_std = 0.0
C_avg = 2.0
C_std = 0.1
CG_avg = 10.0
CG_std = 0.0
R_avg = 10.0
R_std = 6.0
custom_rh = ""
custom_rv = ""
custom_ch = ""
custom_cv = ""
RG_avg = 500.0
RG_std = 0.0
n0_avg = 0.0
n0_std = 0.0
Q0_avg = 0.0
Q0_std = 0.0
----Array Parameters-----
Rows: 10
Columns: 10
VG: [[0.]
 [0.]
 [0.]
 [0.]
 [0.]
 [0.]
 [0.]
 [0.]
 [0.]
 [0.]
 [0.]
 [0.]
 [0.]
 [0.]
 [0.]
 [0.]
 [0.]
 [0.]
 [0.]
 [0.]
 [0.]
 [0.]
 [0.]
 [0.]
 [0.]
 [0.]
 [0.]
 [0.]
 [0.]
 [0.]
 [0.]
 [0.]
 [0.]
 [0.]
 [0.]
 [0.]
 [0.]
 [0.]
 [0.]
 [0.]
 [0.]
 [0.]
 [0.]
 [0.]
 [0.]
 [0.]
 [0.]
 [0.]
 [0.]
 [0.]
 [0.]
 [0.]
 [0.]
 [0.]
 [0.]
 [0.]
 [0.]
 [0.]
 [0.]
 [0.]
 [0.]
 [0.]
 [0.]
 [0.]
 [0.]
 [0.]
 [0.]
 [0.]
 [0.]
 [0.]
 [0.]
 [0.]
 [0.]
 [0.]
 [0.]
 [0.]
 [0.]
 [0.]
 [0.]
 [0.]
 [0.]
 [0.]
 [0.]
 [0.]
 [0.]
 [0.]
 [0.]
 [0.]
 [0.]
 [0.]
 [0.]
 [0.]
 [0.]
 [0.]
 [0.]
 [0.]
 [0.]
 [0.]
 [0.]
 [0.]]
CG: [[10.]
 [10.]
 [10.]
 [10.]
 [10.]
 [10.]
 [10.]
 [10.]
 [10.]
 [10.]
 [10.]
 [10.]
 [10.]
 [10.]
 [10.]
 [10.]
 [10.]
 [10.]
 [10.]
 [10.]
 [10.]
 [10.]
 [10.]
 [10.]
 [10.]
 [10.]
 [10.]
 [10.]
 [10.]
 [10.]
 [10.]
 [10.]
 [10.]
 [10.]
 [10.]
 [10.]
 [10.]
 [10.]
 [10.]
 [10.]
 [10.]
 [10.]
 [10.]
 [10.]
 [10.]
 [10.]
 [10.]
 [10.]
 [10.]
 [10.]
 [10.]
 [10.]
 [10.]
 [10.]
 [10.]
 [10.]
 [10.]
 [10.]
 [10.]
 [10.]
 [10.]
 [10.]
 [10.]
 [10.]
 [10.]
 [10.]
 [10.]
 [10.]
 [10.]
 [10.]
 [10.]
 [10.]
 [10.]
 [10.]
 [10.]
 [10.]
 [10.]
 [10.]
 [10.]
 [10.]
 [10.]
 [10.]
 [10.]
 [10.]
 [10.]
 [10.]
 [10.]
 [10.]
 [10.]
 [10.]
 [10.]
 [10.]
 [10.]
 [10.]
 [10.]
 [10.]
 [10.]
 [10.]
 [10.]
 [10.]]
RG: [[500.]
 [500.]
 [500.]
 [500.]
 [500.]
 [500.]
 [500.]
 [500.]
 [500.]
 [500.]
 [500.]
 [500.]
 [500.]
 [500.]
 [500.]
 [500.]
 [500.]
 [500.]
 [500.]
 [500.]
 [500.]
 [500.]
 [500.]
 [500.]
 [500.]
 [500.]
 [500.]
 [500.]
 [500.]
 [500.]
 [500.]
 [500.]
 [500.]
 [500.]
 [500.]
 [500.]
 [500.]
 [500.]
 [500.]
 [500.]
 [500.]
 [500.]
 [500.]
 [500.]
 [500.]
 [500.]
 [500.]
 [500.]
 [500.]
 [500.]
 [500.]
 [500.]
 [500.]
 [500.]
 [500.]
 [500.]
 [500.]
 [500.]
 [500.]
 [500.]
 [500.]
 [500.]
 [500.]
 [500.]
 [500.]
 [500.]
 [500.]
 [500.]
 [500.]
 [500.]
 [500.]
 [500.]
 [500.]
 [500.]
 [500.]
 [500.]
 [500.]
 [500.]
 [500.]
 [500.]
 [500.]
 [500.]
 [500.]
 [500.]
 [500.]
 [500.]
 [500.]
 [500.]
 [500.]
 [500.]
 [500.]
 [500.]
 [500.]
 [500.]
 [500.]
 [500.]
 [500.]
 [500.]
 [500.]
 [500.]]
Ch: [[2.03686161 1.99393934 1.99526479 2.08162468 1.98047631 1.95476688
  2.05489235 2.07300882 1.99796581 1.93699073 1.9299635 ]
 [1.96840121 2.03848316 2.08360156 1.90767957 1.93790774 1.9406636
  2.04715098 1.98053657 1.91538462 2.04022365 2.02879591]
 [1.93661963 2.09405803 1.9236881  2.02296494 1.900063   1.91985123
  2.00267116 1.91078419 2.04600825 2.09103945 2.06904114]
 [1.99828032 2.04510462 1.91850039 1.91458441 1.97824691 2.01252691
  1.92332763 2.0457088  2.09284308 1.96725103 2.01606456]
 [2.00191409 1.91280292 2.01536645 1.98611373 1.92446922 2.09439624
  2.02387969 1.94113687 2.07004247 2.06268939 2.07291744]
 [2.08032209 1.99796308 1.91622533 1.96073485 1.95357995 2.05404932
  1.92072049 1.95834928 2.06902476 2.02133252 1.9091832 ]
 [1.96901319 2.03815397 2.09721574 2.04838374 1.97161004 2.0830884
  2.00868842 1.9459215  2.08863949 1.96753852 1.97013096]
 [1.93939892 2.05741691 2.00448355 2.04864018 1.96306435 1.96244624
  2.04476975 2.02698818 2.01931104 2.05000016 1.99259127]
 [1.94249247 1.90065982 1.93971327 2.04398005 1.94072871 2.0190702
  2.04240147 2.05461393 2.0006681  1.98155217 2.02492822]
 [2.03838721 1.97149139 1.91026314 2.08826283 2.05722672 1.98966921
  1.94075616 2.07073921 2.09149053 1.95167276 2.01649984]]
Cv: [[0.         0.         0.         0.         0.         0.
  0.         0.         0.         0.        ]
 [1.95247396 1.9226614  2.0436856  2.08637104 2.0286345  1.90491419
  1.99334063 2.08816624 2.04609437 2.01664172]
 [1.93597534 1.93312518 2.09371507 1.91741376 2.04033838 2.08529929
  2.01097615 2.0802205  1.92083307 2.05426257]
 [2.03320044 2.05515487 1.96028249 1.90800092 2.01810795 1.90194279
  1.97916576 1.96901959 2.07339758 1.96587627]
 [2.03864967 1.955276   2.00694214 1.95987126 2.08242002 1.9711138
  2.05598047 2.07736689 1.97750369 1.91987572]
 [2.09525564 2.04682105 1.95905812 1.94632086 2.04641687 1.90492425
  2.02918249 1.94059978 1.99122529 2.07897242]
 [1.98956845 1.99260126 2.08562226 1.98294285 2.01211659 1.90427373
  1.99082091 1.95119077 2.08868757 2.093963  ]
 [1.92852504 1.97974552 2.0293925  1.97909686 2.01422124 1.96688275
  2.016876   2.03362705 2.07884523 2.00828344]
 [2.01143022 2.00359372 1.98995236 2.06436247 1.9102106  2.01988719
  2.06711548 2.07183753 2.09468111 1.94326345]
 [1.91804467 2.01274065 2.07365216 2.00443186 1.9520766  1.91604683
  1.98051975 1.97017324 1.90164887 2.0722561 ]]
Rh: [[14.61756512  9.23829881 12.91003394  8.58131106  5.90121659  4.0641654
   5.19334183  6.28459836 11.36019041  7.98244251 10.7746334 ]
 [ 4.95421354  5.31352851  8.31453617  5.41520416  5.39383288  5.6703193
   8.62101919  7.09802537  5.21686836 10.3694318   7.55875655]
 [ 6.74915971  4.44084541  5.7936063   6.09249437  9.71151324 10.5703002
  13.86783647  5.33522645  5.27633776 10.13101556 13.27632749]
 [11.36495129 10.04359075  7.07632771  4.57589973  6.19596437 11.60264504
   8.03637203  6.0234028  12.66386934 14.50977384  7.3209237 ]
 [ 4.1123622  12.5503626   4.42970093  5.09582751  8.28568438  6.72741062
   9.46752697  4.01755992  5.7871754   8.69751733  7.19168206]
 [ 7.197854    9.99438238  7.09565598 15.40380173  7.41094622 11.94920114
   8.80037762  5.00564928  4.11571395 11.31001852 12.14233466]
 [ 5.99927813 11.81487902 14.5343135  12.90045295 10.4398945   7.88554764
   6.01604868  4.92346072  5.9783055   7.02002723  7.36059141]
 [ 7.55825588 11.13581502  4.24753511  6.57255278  5.97763066  4.59660427
   7.1559571   7.48174132 14.17248586  4.7392419  12.05113059]
 [11.26068912  7.48366168 11.00825124  6.19290808  6.64783426 15.10015363
   5.4382376   4.68401881  6.94007038 11.4341595  12.42133611]
 [ 7.63476472 10.65063937  5.60712604 14.50819192  6.20519216  7.78730829
   4.51575177  5.47783491  7.55689353 11.66947017 15.14306466]]
Rv: [[ 8.07420298 11.65319807  6.82454447 15.19333986 12.02789896 11.09239789
   7.32745426 14.94231318  7.11822603  6.50633571]
 [ 7.35305009 15.77087637  5.027817   14.64626934  9.54931409 10.43719448
  13.17424732  4.17591782  5.31201932 11.85429458]
 [ 5.23979807  8.8333518   6.42667181 13.23564638  8.14098925 11.25315223
   5.09219093  6.99385558  4.76323641  8.15223133]
 [ 4.08038892  6.54304729  9.83790629  5.62141963  7.44018752  8.62625501
   5.00481666 15.96778388  4.8226338  12.3156638 ]
 [11.49502605 13.72811225 14.17747355  4.46996451  5.37826005 14.55182464
  10.35525659  6.61532717 12.9000215   9.11015435]
 [12.59467361  6.55865412 11.37392277  6.54859918  7.60990362 14.88208502
  12.99535054 10.554084    5.80261478  5.63471763]
 [15.42686331  8.40485909 11.15558105 15.23526262  6.30910582  4.16395298
   9.93628262  6.42330766  4.96872184  6.61533108]
 [ 9.63212098  4.13143684  7.73278384  6.96080967  8.14086526 13.40152204
   7.57333202 13.53934928 12.49391211  9.82748264]
 [ 5.90208805 14.93889533  4.18258478  7.82214388  5.17447099  9.9072911
   7.64467105  7.78867579  8.47093487  9.15355172]]