-------Running parameters--------
T = 0.001
temperature_gradient = 0.0
gap = 0.0
M = 10
N = 10
VR = 0.0
Vmin = 0.0
Vmax = 1.1
vStep = 0.001
vSym = True
repeats = 50
fileName = array_10_10_disorder_c_std_0.1_r_std_5.5_run_5
dist = exp
fullOutput = True
use_graph = False
current_map = True
plot_current_map = False
plot_binary_current_map = False
frame_norm = False
dbg = False
resume = False
sc = False
leaping = False
constQ = False
modifyR = False
double_time = False
double_loop = False
output_folder = bgu_2d_finite_temperature_different_disorders_statistics
params_path = 
VG_avg = 0.0
VG_std = 0.0
C_avg = 2.0
C_std = 0.1
CG_avg = 10.0
CG_std = 0.0
R_avg = 10.0
R_std = 5.5
custom_rh = ""
custom_rv = ""
custom_ch = ""
custom_cv = ""
RG_avg = 500.0
RG_std = 0.0
n0_avg = 0.0
n0_std = 0.0
Q0_avg = 0.0
Q0_std = 0.0
----Array Parameters-----
Rows: 10
Columns: 10
VG: [[0.]
 [0.]
 [0.]
 [0.]
 [0.]
 [0.]
 [0.]
 [0.]
 [0.]
 [0.]
 [0.]
 [0.]
 [0.]
 [0.]
 [0.]
 [0.]
 [0.]
 [0.]
 [0.]
 [0.]
 [0.]
 [0.]
 [0.]
 [0.]
 [0.]
 [0.]
 [0.]
 [0.]
 [0.]
 [0.]
 [0.]
 [0.]
 [0.]
 [0.]
 [0.]
 [0.]
 [0.]
 [0.]
 [0.]
 [0.]
 [0.]
 [0.]
 [0.]
 [0.]
 [0.]
 [0.]
 [0.]
 [0.]
 [0.]
 [0.]
 [0.]
 [0.]
 [0.]
 [0.]
 [0.]
 [0.]
 [0.]
 [0.]
 [0.]
 [0.]
 [0.]
 [0.]
 [0.]
 [0.]
 [0.]
 [0.]
 [0.]
 [0.]
 [0.]
 [0.]
 [0.]
 [0.]
 [0.]
 [0.]
 [0.]
 [0.]
 [0.]
 [0.]
 [0.]
 [0.]
 [0.]
 [0.]
 [0.]
 [0.]
 [0.]
 [0.]
 [0.]
 [0.]
 [0.]
 [0.]
 [0.]
 [0.]
 [0.]
 [0.]
 [0.]
 [0.]
 [0.]
 [0.]
 [0.]
 [0.]]
CG: [[10.]
 [10.]
 [10.]
 [10.]
 [10.]
 [10.]
 [10.]
 [10.]
 [10.]
 [10.]
 [10.]
 [10.]
 [10.]
 [10.]
 [10.]
 [10.]
 [10.]
 [10.]
 [10.]
 [10.]
 [10.]
 [10.]
 [10.]
 [10.]
 [10.]
 [10.]
 [10.]
 [10.]
 [10.]
 [10.]
 [10.]
 [10.]
 [10.]
 [10.]
 [10.]
 [10.]
 [10.]
 [10.]
 [10.]
 [10.]
 [10.]
 [10.]
 [10.]
 [10.]
 [10.]
 [10.]
 [10.]
 [10.]
 [10.]
 [10.]
 [10.]
 [10.]
 [10.]
 [10.]
 [10.]
 [10.]
 [10.]
 [10.]
 [10.]
 [10.]
 [10.]
 [10.]
 [10.]
 [10.]
 [10.]
 [10.]
 [10.]
 [10.]
 [10.]
 [10.]
 [10.]
 [10.]
 [10.]
 [10.]
 [10.]
 [10.]
 [10.]
 [10.]
 [10.]
 [10.]
 [10.]
 [10.]
 [10.]
 [10.]
 [10.]
 [10.]
 [10.]
 [10.]
 [10.]
 [10.]
 [10.]
 [10.]
 [10.]
 [10.]
 [10.]
 [10.]
 [10.]
 [10.]
 [10.]
 [10.]]
RG: [[500.]
 [500.]
 [500.]
 [500.]
 [500.]
 [500.]
 [500.]
 [500.]
 [500.]
 [500.]
 [500.]
 [500.]
 [500.]
 [500.]
 [500.]
 [500.]
 [500.]
 [500.]
 [500.]
 [500.]
 [500.]
 [500.]
 [500.]
 [500.]
 [500.]
 [500.]
 [500.]
 [500.]
 [500.]
 [500.]
 [500.]
 [500.]
 [500.]
 [500.]
 [500.]
 [500.]
 [500.]
 [500.]
 [500.]
 [500.]
 [500.]
 [500.]
 [500.]
 [500.]
 [500.]
 [500.]
 [500.]
 [500.]
 [500.]
 [500.]
 [500.]
 [500.]
 [500.]
 [500.]
 [500.]
 [500.]
 [500.]
 [500.]
 [500.]
 [500.]
 [500.]
 [500.]
 [500.]
 [500.]
 [500.]
 [500.]
 [500.]
 [500.]
 [500.]
 [500.]
 [500.]
 [500.]
 [500.]
 [500.]
 [500.]
 [500.]
 [500.]
 [500.]
 [500.]
 [500.]
 [500.]
 [500.]
 [500.]
 [500.]
 [500.]
 [500.]
 [500.]
 [500.]
 [500.]
 [500.]
 [500.]
 [500.]
 [500.]
 [500.]
 [500.]
 [500.]
 [500.]
 [500.]
 [500.]
 [500.]]
Ch: [[1.95604524 1.95559947 1.9260177  2.0536022  1.97896317 2.01969404
  1.99069099 1.97887345 2.09052807 2.07331875 2.05523745]
 [1.93267421 1.93072941 2.02322998 2.06119434 1.93679852 1.98221379
  2.04358017 1.96759363 1.97125696 2.06264084 1.93571051]
 [1.93422911 2.03851579 1.93812995 1.95869119 2.05279048 1.90164906
  1.90338039 2.00478196 2.0806039  2.08591828 2.09409556]
 [2.03382978 2.07306961 1.95064549 1.90141241 2.09002375 2.03883174
  1.9075172  1.93449706 1.99875696 1.92766458 2.03239846]
 [2.03516745 1.91578907 1.93171498 2.02435635 2.09234741 2.03804176
  2.09011329 2.08944331 2.08114302 2.0232389  1.98869705]
 [1.98397084 2.06986221 2.09214175 1.99187783 1.9714466  2.06160756
  1.98160515 1.97982875 2.08183193 1.94858452 2.01814153]
 [2.050113   1.90700052 2.00325594 2.09213426 1.99036163 1.99314715
  2.04900426 1.97008595 1.91111817 1.93174472 2.04040102]
 [1.97666904 2.02592953 2.08449356 1.94664794 2.01384783 1.90319771
  2.06075481 2.04568988 2.03991062 1.96972577 2.09556358]
 [2.00426117 2.00787589 2.03342637 1.95279657 2.03616144 2.00204731
  2.08840796 2.01438889 1.92065912 1.90581235 1.90800741]
 [2.08140614 1.98015739 2.02317993 1.96036123 2.09656107 1.9598625
  2.05117189 1.91827939 2.0893405  2.04280728 2.06592358]]
Cv: [[0.         0.         0.         0.         0.         0.
  0.         0.         0.         0.        ]
 [2.0809203  1.97737833 2.00281597 1.91653157 2.05670161 1.98218817
  2.035243   2.04252914 1.97480143 2.00652383]
 [2.02561864 1.99599781 1.91060734 1.99028727 2.01317616 2.02241342
  1.94727518 2.09154449 1.94976173 1.93260832]
 [1.91459483 2.09351271 2.02107492 2.04204639 1.92350914 2.03193592
  1.9710244  1.90001326 2.0854012  1.90240459]
 [1.96176794 2.06940149 1.97534111 1.95073427 1.91539539 1.97795978
  1.94355726 2.03484927 1.92631759 2.09313598]
 [1.93858885 1.91364227 2.08783265 1.9583269  1.9639791  2.01588624
  1.97426952 1.92464012 2.08618561 2.06489857]
 [2.00557673 1.94177962 1.95265588 2.0783541  2.03588994 1.95499438
  1.99889794 2.03541743 1.94181375 1.95615496]
 [2.00406001 1.97030004 1.92523934 1.93001256 2.00612002 1.96684669
  2.02171109 1.9245912  2.07319754 1.99024166]
 [1.90507152 2.04002293 1.91019971 2.0939583  2.00210706 1.9317733
  1.93095033 1.90685952 2.08026591 2.07355437]
 [1.9559384  1.90271497 1.95269912 1.90553478 1.94530431 1.94901478
  1.96394065 1.93071816 1.96093678 1.97691205]]
Rh: [[13.16701652 10.33615224  6.28217163  7.83805656  7.3671664   8.39131199
   7.23351721 11.04973576  4.91736428  5.74619534 10.47368828]
 [ 8.79359931  8.87002829  6.25583761 15.00751185 11.54656334 11.41667162
   5.25182598  4.78901647  5.75801559  9.33876551 10.78987133]
 [11.98155185 15.38441396 15.02091577  8.48473385  9.93968714  6.25218234
   8.716082    7.83978627 10.80884853  4.91550678  7.69635851]
 [11.24073851 10.87757758  8.23244832  8.48783406  7.97954624  9.67707376
  13.07541902  5.69390077  5.39431472  5.14132874 12.6677917 ]
 [ 7.56590646 14.4444934   6.10874448  6.5771246   5.24218258 10.64843613
   7.89747048 13.96397203 12.62765158  6.59001501  6.29430913]
 [ 6.6140855   9.50252282 13.12603961  6.823262   13.79713313  5.03150344
   5.7627239  12.10629331  9.50630904 13.59501884  8.16056066]
 [ 5.7066454   8.88964082  5.51225939 12.91845655 10.93623971  6.56713705
   8.25120864  6.27829192 12.61554216 10.76810366  5.09823723]
 [ 5.05648181  6.63867851 13.06190915  7.68435144  9.16057363  4.91999771
  12.8617077   6.06272201 11.03586171 12.03640971 14.60486772]
 [ 9.18694561  7.55524181  7.70505926  6.49014466  8.99657815  4.94542971
   7.80583967  5.02731183  9.02361123  9.38972448  8.67741436]
 [ 7.57257811  8.71045683 12.01563859  6.94991018  8.26917347 14.68825801
   7.0210944  10.43078759  5.2669163   7.20385067  5.57659931]]
Rv: [[ 5.37436178  6.80992248 10.69205233 11.68580036  6.93188487 11.06049495
   8.45253464 10.54254553  4.94335577 14.29040691]
 [ 8.95635507 13.4520394  10.57193913  6.85426099  7.41654957 10.6087835
   5.08634734 11.13054544  8.49984544 12.04524189]
 [ 5.10623934  7.64165001 10.2492166  10.8358826   6.60240459  7.47643455
   5.35054122  6.06681236 13.25597877  4.91889074]
 [ 6.90308165 14.44793744  4.87942329  5.27907959 14.61774693  7.60182287
   7.14394526 10.17760183 14.29116743  9.11222161]
 [13.23487442 10.88828219  4.60373226  7.14485404 15.33191202 13.72084586
   5.32760111  8.38358016  8.48245264  5.68834796]
 [ 7.46713143  4.88107471 13.38995967  6.6634726  12.26509549  4.59640876
  12.84688687 10.36160627  5.78834771  9.85233668]
 [ 8.58808156 12.14204496 13.34234944 11.57294598  4.71215608 10.05530285
  12.8949117  13.60778697  5.07762059  9.16706462]
 [ 5.51724316  8.41065304  7.27709967  8.50739641  4.96261243  6.78522849
  12.48017962  6.51545087  8.16312319 10.89720403]
 [14.57739324  8.75847244  9.07021056  9.06256404  5.24506603  5.4878031
   5.14635694  5.31817387  5.50939782  6.11482272]]