-------Running parameters--------
T = 0.001
temperature_gradient = 0.0
gap = 0.0
M = 10
N = 10
VR = 0.0
Vmin = 0.0
Vmax = 1.1
vStep = 0.001
vSym = True
repeats = 50
fileName = array_10_10_disorder_c_std_0.1_r_std_12_run_5
dist = exp
fullOutput = True
use_graph = False
current_map = True
plot_current_map = False
plot_binary_current_map = False
frame_norm = False
dbg = False
resume = False
sc = False
leaping = False
constQ = False
modifyR = False
double_time = False
double_loop = False
output_folder = bgu_2d_finite_temperature_different_disorders_statistics
params_path = 
VG_avg = 0.0
VG_std = 0.0
C_avg = 2.0
C_std = 0.1
CG_avg = 10.0
CG_std = 0.0
R_avg = 20.0
R_std = 12.0
custom_rh = ""
custom_rv = ""
custom_ch = ""
custom_cv = ""
RG_avg = 500.0
RG_std = 0.0
n0_avg = 0.0
n0_std = 0.0
Q0_avg = 0.0
Q0_std = 0.0
----Array Parameters-----
Rows: 10
Columns: 10
VG: [[0.]
 [0.]
 [0.]
 [0.]
 [0.]
 [0.]
 [0.]
 [0.]
 [0.]
 [0.]
 [0.]
 [0.]
 [0.]
 [0.]
 [0.]
 [0.]
 [0.]
 [0.]
 [0.]
 [0.]
 [0.]
 [0.]
 [0.]
 [0.]
 [0.]
 [0.]
 [0.]
 [0.]
 [0.]
 [0.]
 [0.]
 [0.]
 [0.]
 [0.]
 [0.]
 [0.]
 [0.]
 [0.]
 [0.]
 [0.]
 [0.]
 [0.]
 [0.]
 [0.]
 [0.]
 [0.]
 [0.]
 [0.]
 [0.]
 [0.]
 [0.]
 [0.]
 [0.]
 [0.]
 [0.]
 [0.]
 [0.]
 [0.]
 [0.]
 [0.]
 [0.]
 [0.]
 [0.]
 [0.]
 [0.]
 [0.]
 [0.]
 [0.]
 [0.]
 [0.]
 [0.]
 [0.]
 [0.]
 [0.]
 [0.]
 [0.]
 [0.]
 [0.]
 [0.]
 [0.]
 [0.]
 [0.]
 [0.]
 [0.]
 [0.]
 [0.]
 [0.]
 [0.]
 [0.]
 [0.]
 [0.]
 [0.]
 [0.]
 [0.]
 [0.]
 [0.]
 [0.]
 [0.]
 [0.]
 [0.]]
CG: [[10.]
 [10.]
 [10.]
 [10.]
 [10.]
 [10.]
 [10.]
 [10.]
 [10.]
 [10.]
 [10.]
 [10.]
 [10.]
 [10.]
 [10.]
 [10.]
 [10.]
 [10.]
 [10.]
 [10.]
 [10.]
 [10.]
 [10.]
 [10.]
 [10.]
 [10.]
 [10.]
 [10.]
 [10.]
 [10.]
 [10.]
 [10.]
 [10.]
 [10.]
 [10.]
 [10.]
 [10.]
 [10.]
 [10.]
 [10.]
 [10.]
 [10.]
 [10.]
 [10.]
 [10.]
 [10.]
 [10.]
 [10.]
 [10.]
 [10.]
 [10.]
 [10.]
 [10.]
 [10.]
 [10.]
 [10.]
 [10.]
 [10.]
 [10.]
 [10.]
 [10.]
 [10.]
 [10.]
 [10.]
 [10.]
 [10.]
 [10.]
 [10.]
 [10.]
 [10.]
 [10.]
 [10.]
 [10.]
 [10.]
 [10.]
 [10.]
 [10.]
 [10.]
 [10.]
 [10.]
 [10.]
 [10.]
 [10.]
 [10.]
 [10.]
 [10.]
 [10.]
 [10.]
 [10.]
 [10.]
 [10.]
 [10.]
 [10.]
 [10.]
 [10.]
 [10.]
 [10.]
 [10.]
 [10.]
 [10.]]
RG: [[500.]
 [500.]
 [500.]
 [500.]
 [500.]
 [500.]
 [500.]
 [500.]
 [500.]
 [500.]
 [500.]
 [500.]
 [500.]
 [500.]
 [500.]
 [500.]
 [500.]
 [500.]
 [500.]
 [500.]
 [500.]
 [500.]
 [500.]
 [500.]
 [500.]
 [500.]
 [500.]
 [500.]
 [500.]
 [500.]
 [500.]
 [500.]
 [500.]
 [500.]
 [500.]
 [500.]
 [500.]
 [500.]
 [500.]
 [500.]
 [500.]
 [500.]
 [500.]
 [500.]
 [500.]
 [500.]
 [500.]
 [500.]
 [500.]
 [500.]
 [500.]
 [500.]
 [500.]
 [500.]
 [500.]
 [500.]
 [500.]
 [500.]
 [500.]
 [500.]
 [500.]
 [500.]
 [500.]
 [500.]
 [500.]
 [500.]
 [500.]
 [500.]
 [500.]
 [500.]
 [500.]
 [500.]
 [500.]
 [500.]
 [500.]
 [500.]
 [500.]
 [500.]
 [500.]
 [500.]
 [500.]
 [500.]
 [500.]
 [500.]
 [500.]
 [500.]
 [500.]
 [500.]
 [500.]
 [500.]
 [500.]
 [500.]
 [500.]
 [500.]
 [500.]
 [500.]
 [500.]
 [500.]
 [500.]
 [500.]]
Ch: [[1.95791767 2.00020526 1.93989983 1.96294825 2.02381566 2.02659416
  1.99613913 1.96599545 2.00568126 1.91073145 2.06839763]
 [2.05152002 2.06502917 1.93612946 2.05089891 2.08661733 1.98361728
  1.91183775 2.0624251  1.93171191 1.96672974 1.97504932]
 [1.90944359 2.06085586 2.07737862 2.09656259 2.0083857  1.96481119
  2.07133152 1.9372189  2.04497276 2.01480841 2.05848616]
 [1.96030418 2.04306811 2.06920964 2.09708516 1.98642793 1.94736769
  1.91812923 1.91212301 1.95343224 1.90890824 2.01665505]
 [2.01416322 2.05992637 1.97882528 2.01881238 2.04296507 2.08787033
  1.93824726 1.92740255 2.02325    1.96013073 2.09532742]
 [1.98284729 1.94198061 1.95081156 2.00528436 1.98055536 2.01550738
  2.03086022 1.94205478 1.91063751 2.00854656 2.01387992]
 [2.03119129 2.0064049  2.00059355 2.04247473 1.96881597 2.04166053
  1.94790087 2.09351534 1.91277632 2.00192695 1.94189969]
 [1.95540997 1.93614929 2.0830818  2.01375279 1.98905077 2.07163026
  1.94430163 1.95565545 2.0343036  1.92687844 2.02975822]
 [1.97595398 1.94062652 2.03143998 2.0123284  2.00430945 2.02614273
  2.08853437 2.01508416 1.99261648 1.91403673 1.93850081]
 [1.90189694 2.0679781  1.97439193 2.01967537 2.04733353 2.01578084
  2.07933432 1.96106702 2.06092784 2.04608234 1.94013211]]
Cv: [[0.         0.         0.         0.         0.         0.
  0.         0.         0.         0.        ]
 [2.02350695 1.91118854 2.01055118 2.02303575 1.96165114 2.0828452
  2.01267105 1.99400362 1.95344247 2.01457457]
 [1.95898282 1.96225855 2.06697448 2.03775206 2.00414193 1.97949225
  1.90519858 2.04331357 2.00198251 2.01461642]
 [1.96970545 2.05593208 1.9852492  2.00114987 2.04066994 2.06918741
  1.95258379 2.01385881 2.00915696 2.08726211]
 [1.91054303 1.97138584 2.00030612 1.96835798 1.96194736 2.01610514
  2.00710842 1.94600915 1.9533299  1.99129429]
 [1.92704825 2.03272055 2.01651061 2.08700089 2.01646611 2.06730893
  1.98464821 2.07075575 2.00983274 2.02563175]
 [2.00827936 1.91554927 2.04671357 1.9631811  2.08924935 2.04454106
  2.02888202 1.98216294 1.93707493 1.91431874]
 [2.0902486  2.00219826 2.02403459 1.96355249 2.06785773 2.01073603
  2.07819981 2.00656926 1.90886302 1.93418384]
 [1.93557569 1.91215952 1.91876925 2.07340505 2.0489547  2.02992591
  1.90869086 1.93660728 2.0526431  1.96658778]
 [2.09380578 2.01863617 1.97923986 1.98276517 2.04704597 1.9963351
  2.09711252 1.99349014 1.91252901 1.92683578]]
Rh: [[24.58272092 18.15911608 13.04579413 12.27891241 12.15016916 12.28611945
  20.92606733 20.40324208 22.19464395 12.32716391 19.0158912 ]
 [30.59510831  8.22943881 18.85869626 13.22135587 12.50513918 14.52799156
  16.39083807 11.02465416 10.90440419 26.70754558 19.57806833]
 [14.82689336 18.27362958 12.54195891 19.7578319  13.72851625 16.28889134
  11.64345795 14.25335078 12.2184207  12.04831712 14.72456485]
 [23.39667817 25.15666018  8.47086213 17.75754013 18.03647479 24.51945589
   8.76050648 18.90487138 31.75405899 18.15692249 11.02091514]
 [21.07092256 21.61055106 12.69544312  9.51434808 11.61203469 19.32246052
  16.47331947 28.48829335 23.84062555 14.5582142  11.2961482 ]
 [ 9.89097798 10.44905103 28.8709073  11.66139295 16.94951543 20.23310456
  29.54329543  9.56214638 28.42302591 17.45916183 20.11299342]
 [ 9.66403799 19.73737763 12.23185718 11.92557808 30.89287111 20.59675394
  19.88858786 20.17154754 14.81157349 22.52243714 19.93591774]
 [17.80155976 18.42998431 23.07950205 21.52936819 10.75999587 21.61331046
  10.94936849 20.5534557  29.2118899  11.66797734 14.22037012]
 [ 8.54627728  8.59630187 29.99788452 15.84125079 15.19922794 14.2004574
  22.72859296 10.50234199 10.33813573 12.37346213 10.8275927 ]
 [16.29397953 31.66481871  9.41487965 14.80401546 17.37857715 21.86969348
  29.11536715  9.75842621 23.95680594  8.46072182  8.25001019]]
Rv: [[12.15499477 15.10587923 11.03846762 14.90476708 29.6645706  25.79713138
  14.17124319 13.99249672 11.35102346 17.45545738]
 [12.88058919  8.69902632 19.87478145  8.8128727   8.68191438 23.06404548
  22.85074359 16.71562134 29.13723049 14.46135632]
 [ 9.50414687 23.08661508 24.49693949 12.51701016 26.59517537 28.61020283
  20.10332422 11.43117028 10.89468192 13.83211182]
 [12.32152947 17.05465853 20.29977319 19.85169589  9.08160142 14.13539497
   9.22255799 12.34532974 17.19947876 26.88287893]
 [21.50397035 15.37312859 30.73851635 16.25371915 23.38107092 13.79988754
  14.55874877 26.60652233 17.12435665 20.41897004]
 [16.89259558 16.90128309 20.24074496  9.78608678 22.19677359 10.99947745
  19.71179194 12.96771299 21.96548352 26.54562486]
 [27.6627743  14.93769349 13.72367099 12.66787336 18.8023234  12.13015402
  16.31856701  8.43441902 12.63971309 12.51204123]
 [17.96478502 19.22458711 19.74804774 13.82613142  8.1032558  11.95585792
  27.04928776 20.32885193 20.69575589 30.80140681]
 [25.87234723 15.49947988 30.34950682  8.8587657  20.23425172 23.41118325
  18.05794243 12.89885341 14.90720564 12.18565678]]