-------Running parameters--------
T = 0.001
temperature_gradient = 0.0
gap = 0.0
M = 10
N = 10
VR = 0.0
Vmin = 0.0
Vmax = 1.1
vStep = 0.001
vSym = True
repeats = 50
fileName = array_10_10_disorder_c_std_0.1_r_std_6.5_run_9
dist = exp
fullOutput = True
use_graph = False
current_map = True
plot_current_map = False
plot_binary_current_map = False
frame_norm = False
dbg = False
resume = False
sc = False
leaping = False
constQ = False
modifyR = False
double_time = False
double_loop = False
output_folder = bgu_2d_finite_temperature_different_disorders_statistics
params_path = 
VG_avg = 0.0
VG_std = 0.0
C_avg = 2.0
C_std = 0.1
CG_avg = 10.0
CG_std = 0.0
R_avg = 10.0
R_std = 6.5
custom_rh = ""
custom_rv = ""
custom_ch = ""
custom_cv = ""
RG_avg = 500.0
RG_std = 0.0
n0_avg = 0.0
n0_std = 0.0
Q0_avg = 0.0
Q0_std = 0.0
----Array Parameters-----
Rows: 10
Columns: 10
VG: [[0.]
 [0.]
 [0.]
 [0.]
 [0.]
 [0.]
 [0.]
 [0.]
 [0.]
 [0.]
 [0.]
 [0.]
 [0.]
 [0.]
 [0.]
 [0.]
 [0.]
 [0.]
 [0.]
 [0.]
 [0.]
 [0.]
 [0.]
 [0.]
 [0.]
 [0.]
 [0.]
 [0.]
 [0.]
 [0.]
 [0.]
 [0.]
 [0.]
 [0.]
 [0.]
 [0.]
 [0.]
 [0.]
 [0.]
 [0.]
 [0.]
 [0.]
 [0.]
 [0.]
 [0.]
 [0.]
 [0.]
 [0.]
 [0.]
 [0.]
 [0.]
 [0.]
 [0.]
 [0.]
 [0.]
 [0.]
 [0.]
 [0.]
 [0.]
 [0.]
 [0.]
 [0.]
 [0.]
 [0.]
 [0.]
 [0.]
 [0.]
 [0.]
 [0.]
 [0.]
 [0.]
 [0.]
 [0.]
 [0.]
 [0.]
 [0.]
 [0.]
 [0.]
 [0.]
 [0.]
 [0.]
 [0.]
 [0.]
 [0.]
 [0.]
 [0.]
 [0.]
 [0.]
 [0.]
 [0.]
 [0.]
 [0.]
 [0.]
 [0.]
 [0.]
 [0.]
 [0.]
 [0.]
 [0.]
 [0.]]
CG: [[10.]
 [10.]
 [10.]
 [10.]
 [10.]
 [10.]
 [10.]
 [10.]
 [10.]
 [10.]
 [10.]
 [10.]
 [10.]
 [10.]
 [10.]
 [10.]
 [10.]
 [10.]
 [10.]
 [10.]
 [10.]
 [10.]
 [10.]
 [10.]
 [10.]
 [10.]
 [10.]
 [10.]
 [10.]
 [10.]
 [10.]
 [10.]
 [10.]
 [10.]
 [10.]
 [10.]
 [10.]
 [10.]
 [10.]
 [10.]
 [10.]
 [10.]
 [10.]
 [10.]
 [10.]
 [10.]
 [10.]
 [10.]
 [10.]
 [10.]
 [10.]
 [10.]
 [10.]
 [10.]
 [10.]
 [10.]
 [10.]
 [10.]
 [10.]
 [10.]
 [10.]
 [10.]
 [10.]
 [10.]
 [10.]
 [10.]
 [10.]
 [10.]
 [10.]
 [10.]
 [10.]
 [10.]
 [10.]
 [10.]
 [10.]
 [10.]
 [10.]
 [10.]
 [10.]
 [10.]
 [10.]
 [10.]
 [10.]
 [10.]
 [10.]
 [10.]
 [10.]
 [10.]
 [10.]
 [10.]
 [10.]
 [10.]
 [10.]
 [10.]
 [10.]
 [10.]
 [10.]
 [10.]
 [10.]
 [10.]]
RG: [[500.]
 [500.]
 [500.]
 [500.]
 [500.]
 [500.]
 [500.]
 [500.]
 [500.]
 [500.]
 [500.]
 [500.]
 [500.]
 [500.]
 [500.]
 [500.]
 [500.]
 [500.]
 [500.]
 [500.]
 [500.]
 [500.]
 [500.]
 [500.]
 [500.]
 [500.]
 [500.]
 [500.]
 [500.]
 [500.]
 [500.]
 [500.]
 [500.]
 [500.]
 [500.]
 [500.]
 [500.]
 [500.]
 [500.]
 [500.]
 [500.]
 [500.]
 [500.]
 [500.]
 [500.]
 [500.]
 [500.]
 [500.]
 [500.]
 [500.]
 [500.]
 [500.]
 [500.]
 [500.]
 [500.]
 [500.]
 [500.]
 [500.]
 [500.]
 [500.]
 [500.]
 [500.]
 [500.]
 [500.]
 [500.]
 [500.]
 [500.]
 [500.]
 [500.]
 [500.]
 [500.]
 [500.]
 [500.]
 [500.]
 [500.]
 [500.]
 [500.]
 [500.]
 [500.]
 [500.]
 [500.]
 [500.]
 [500.]
 [500.]
 [500.]
 [500.]
 [500.]
 [500.]
 [500.]
 [500.]
 [500.]
 [500.]
 [500.]
 [500.]
 [500.]
 [500.]
 [500.]
 [500.]
 [500.]
 [500.]]
Ch: [[2.06709627 2.06020849 1.91042222 2.06250987 2.03442067 2.00549635
  1.91361726 1.92233273 1.97841964 1.92944585 1.98578609]
 [2.09151163 2.0678885  1.93657607 2.0896219  1.93661758 1.9916614
  1.93041761 1.96440745 2.02623726 2.07558322 2.02137132]
 [2.0793123  1.98161373 2.03203203 1.94051779 2.01940669 2.06762139
  2.03580051 1.98065905 1.93914201 1.95116073 2.03446885]
 [2.01176022 1.99312853 2.06234118 2.06910989 2.04257524 1.92808725
  2.08045342 2.04616794 1.97162792 2.09345743 1.9750905 ]
 [1.9497413  2.01122284 2.03166059 1.97744724 2.08184112 2.03898551
  2.06911597 2.09585225 2.02475597 2.01939251 1.91047338]
 [1.9067236  1.91329518 1.94709871 2.01137434 1.99269029 1.97993589
  2.00065908 1.96326891 1.95761451 1.94253744 2.08349175]
 [1.95668271 1.91313118 2.00593754 2.00392749 1.92793048 2.0427604
  2.03063605 1.98181524 2.09514845 1.97375317 2.00452549]
 [2.05498191 1.94729186 1.97250694 2.07408168 1.92823801 2.07847525
  1.97107862 2.01597565 2.01038206 1.93116193 2.07461314]
 [2.08092958 2.01370304 2.09997667 2.05757283 2.00892542 1.96291116
  1.99724365 2.01888998 2.04484922 2.06932759 2.02561131]
 [2.01740212 1.96990325 2.01106144 1.90500657 2.09736488 1.93645777
  2.06511024 2.0773943  1.99545545 1.97538659 1.93176079]]
Cv: [[0.         0.         0.         0.         0.         0.
  0.         0.         0.         0.        ]
 [2.05598482 2.04452462 2.03033927 1.96019033 1.90915722 1.98119853
  2.02175681 1.90939871 1.97313001 2.03194992]
 [1.91798348 2.04672297 1.99061436 2.02896416 2.09478557 1.9091685
  1.97973417 1.94272037 1.98332927 1.98558377]
 [1.90788369 2.01773071 2.09486225 1.95191686 2.02697084 1.9487083
  1.96242448 1.95564226 2.06577034 2.03680878]
 [1.93068987 2.09268648 2.0326085  1.94675857 2.09709616 2.01015516
  1.95152413 2.02463448 2.06710631 2.01964472]
 [2.06227019 1.91022451 1.96630604 1.95381589 2.05154209 1.91603427
  1.92323899 2.00696258 2.02796916 1.97134578]
 [1.97266048 2.08438948 2.05599487 2.08794661 1.99853482 1.97372099
  1.97518579 2.00850434 1.90914208 1.97558963]
 [1.93259793 2.07959272 2.09382318 1.94781594 1.9820519  1.98169426
  1.96534453 2.09149405 2.05048258 2.01815136]
 [2.02270055 2.08055678 1.98150177 1.97491583 2.01554707 1.91240369
  2.08809944 1.96781655 2.05105679 1.98701067]
 [2.0442263  1.94502248 2.0567238  1.90056911 2.03163773 2.02356736
  1.95933795 2.02776387 2.04874942 1.98306876]]
Rh: [[ 6.88589998  4.16445367  3.95443901  3.82108286 15.42584038 16.2737182
   8.84852395  6.89866053  6.11184191  4.8062904   5.23838025]
 [ 7.55224349 16.33107682 12.7113508   7.85767655 14.4919262   9.63756965
   3.73685967 13.26467794  5.19531278  8.20182557  3.89767666]
 [11.81192393  3.90004103  3.65668362 12.55122162  6.48183281  7.00083783
   8.81758409  8.12443039  8.60822686  5.87508127  7.32000459]
 [11.69684616  4.20855069 16.09793288  5.38137419  5.53971147  3.66245742
   3.69303017  9.57901064  6.08335206  3.63245191 11.72332235]
 [ 7.50218082  4.67559688  3.81818279  3.78788337  4.53063439  4.14996968
  10.5475474   7.80242717  4.38028348  9.03488468  9.53185968]
 [12.91849096  4.71196655  7.45375864 10.558371   16.16283178  5.44030439
   4.30181619 12.27167112  3.68676862  7.93769545  5.26769549]
 [10.53037979 12.64491226  4.99419168  9.22969194 11.79058842  6.74435451
   5.02999815  4.05704527 11.35495116 11.5762693   4.10014855]
 [11.93494033 13.13396771  4.41965534  3.63439825  8.14814437  4.51231393
   3.65424941  4.73621503 15.49080056  5.23719495  9.71895734]
 [ 7.98402686 11.25083544  4.08331712  3.54298107 12.77410416 13.64549615
   6.29070436  4.14622858 14.14277687 11.39015067  5.34823831]
 [10.03605661  5.38839639 11.40956459 10.62852298  4.69447848  7.30679922
   4.0426262   5.85945281  4.2023673   9.04054843  6.87617247]]
Rv: [[ 8.06080772  9.84957238  3.90845204  9.53967728 10.11219555 15.10536433
   7.80099398  4.38748581  4.06863905  4.45292449]
 [ 5.8879219   8.20716314  8.78164186  4.42800891 14.75510773  4.87131344
   5.66269116  3.97769325  6.08317231  7.90636051]
 [ 6.40389515  6.09924049 10.87094924  9.44280369  4.88347625  5.38471454
   6.31545794  4.47679971  4.27533827 15.702611  ]
 [10.95686045 10.39491804  3.92512139  5.68993633  5.182811    8.61115264
   3.61454484  7.0973164   6.36021481 15.96474014]
 [11.18776453  6.15904004  8.01973091 11.65611293 11.95471627 15.42670269
  15.67063359 11.65288093 12.27729318  6.47076862]
 [ 4.4770947  10.31429927 14.70219821  3.61607525  9.95782918 12.4012593
  15.91786025  4.91589666  5.43919213  4.09084936]
 [15.35257552 10.321494    6.17431776 14.29156382 14.39641109  9.63852239
  12.60757698  5.42362628  4.06702667  8.8940144 ]
 [ 3.60486988 14.48208394  4.76485817  6.58990053 13.9844901  13.28274367
  16.37104241  8.16404183  7.37729471  5.19784907]
 [ 5.3658502   6.22388035  4.58785624  5.16824172  6.55912779 10.09247612
   6.25216769  4.4136696  12.43148533  6.98013426]]