-------Running parameters--------
T = 0.001
temperature_gradient = 0.0
gap = 0.0
M = 10
N = 10
VR = 0.0
Vmin = 0.0
Vmax = 1.1
vStep = 0.001
vSym = True
repeats = 50
fileName = array_10_10_disorder_c_std_0.1_r_std_6.5_run_3
dist = exp
fullOutput = True
use_graph = False
current_map = True
plot_current_map = False
plot_binary_current_map = False
frame_norm = False
dbg = False
resume = False
sc = False
leaping = False
constQ = False
modifyR = False
double_time = False
double_loop = False
output_folder = bgu_2d_finite_temperature_different_disorders_statistics
params_path = 
VG_avg = 0.0
VG_std = 0.0
C_avg = 2.0
C_std = 0.1
CG_avg = 10.0
CG_std = 0.0
R_avg = 10.0
R_std = 6.5
custom_rh = ""
custom_rv = ""
custom_ch = ""
custom_cv = ""
RG_avg = 500.0
RG_std = 0.0
n0_avg = 0.0
n0_std = 0.0
Q0_avg = 0.0
Q0_std = 0.0
----Array Parameters-----
Rows: 10
Columns: 10
VG: [[0.]
 [0.]
 [0.]
 [0.]
 [0.]
 [0.]
 [0.]
 [0.]
 [0.]
 [0.]
 [0.]
 [0.]
 [0.]
 [0.]
 [0.]
 [0.]
 [0.]
 [0.]
 [0.]
 [0.]
 [0.]
 [0.]
 [0.]
 [0.]
 [0.]
 [0.]
 [0.]
 [0.]
 [0.]
 [0.]
 [0.]
 [0.]
 [0.]
 [0.]
 [0.]
 [0.]
 [0.]
 [0.]
 [0.]
 [0.]
 [0.]
 [0.]
 [0.]
 [0.]
 [0.]
 [0.]
 [0.]
 [0.]
 [0.]
 [0.]
 [0.]
 [0.]
 [0.]
 [0.]
 [0.]
 [0.]
 [0.]
 [0.]
 [0.]
 [0.]
 [0.]
 [0.]
 [0.]
 [0.]
 [0.]
 [0.]
 [0.]
 [0.]
 [0.]
 [0.]
 [0.]
 [0.]
 [0.]
 [0.]
 [0.]
 [0.]
 [0.]
 [0.]
 [0.]
 [0.]
 [0.]
 [0.]
 [0.]
 [0.]
 [0.]
 [0.]
 [0.]
 [0.]
 [0.]
 [0.]
 [0.]
 [0.]
 [0.]
 [0.]
 [0.]
 [0.]
 [0.]
 [0.]
 [0.]
 [0.]]
CG: [[10.]
 [10.]
 [10.]
 [10.]
 [10.]
 [10.]
 [10.]
 [10.]
 [10.]
 [10.]
 [10.]
 [10.]
 [10.]
 [10.]
 [10.]
 [10.]
 [10.]
 [10.]
 [10.]
 [10.]
 [10.]
 [10.]
 [10.]
 [10.]
 [10.]
 [10.]
 [10.]
 [10.]
 [10.]
 [10.]
 [10.]
 [10.]
 [10.]
 [10.]
 [10.]
 [10.]
 [10.]
 [10.]
 [10.]
 [10.]
 [10.]
 [10.]
 [10.]
 [10.]
 [10.]
 [10.]
 [10.]
 [10.]
 [10.]
 [10.]
 [10.]
 [10.]
 [10.]
 [10.]
 [10.]
 [10.]
 [10.]
 [10.]
 [10.]
 [10.]
 [10.]
 [10.]
 [10.]
 [10.]
 [10.]
 [10.]
 [10.]
 [10.]
 [10.]
 [10.]
 [10.]
 [10.]
 [10.]
 [10.]
 [10.]
 [10.]
 [10.]
 [10.]
 [10.]
 [10.]
 [10.]
 [10.]
 [10.]
 [10.]
 [10.]
 [10.]
 [10.]
 [10.]
 [10.]
 [10.]
 [10.]
 [10.]
 [10.]
 [10.]
 [10.]
 [10.]
 [10.]
 [10.]
 [10.]
 [10.]]
RG: [[500.]
 [500.]
 [500.]
 [500.]
 [500.]
 [500.]
 [500.]
 [500.]
 [500.]
 [500.]
 [500.]
 [500.]
 [500.]
 [500.]
 [500.]
 [500.]
 [500.]
 [500.]
 [500.]
 [500.]
 [500.]
 [500.]
 [500.]
 [500.]
 [500.]
 [500.]
 [500.]
 [500.]
 [500.]
 [500.]
 [500.]
 [500.]
 [500.]
 [500.]
 [500.]
 [500.]
 [500.]
 [500.]
 [500.]
 [500.]
 [500.]
 [500.]
 [500.]
 [500.]
 [500.]
 [500.]
 [500.]
 [500.]
 [500.]
 [500.]
 [500.]
 [500.]
 [500.]
 [500.]
 [500.]
 [500.]
 [500.]
 [500.]
 [500.]
 [500.]
 [500.]
 [500.]
 [500.]
 [500.]
 [500.]
 [500.]
 [500.]
 [500.]
 [500.]
 [500.]
 [500.]
 [500.]
 [500.]
 [500.]
 [500.]
 [500.]
 [500.]
 [500.]
 [500.]
 [500.]
 [500.]
 [500.]
 [500.]
 [500.]
 [500.]
 [500.]
 [500.]
 [500.]
 [500.]
 [500.]
 [500.]
 [500.]
 [500.]
 [500.]
 [500.]
 [500.]
 [500.]
 [500.]
 [500.]
 [500.]]
Ch: [[2.04094636 1.96749469 1.9770969  2.00420647 1.91399883 2.05222938
  2.0328356  1.9744883  2.07984653 1.91860793 1.94238051]
 [1.97457795 2.06384156 2.07737417 1.98358364 2.02356527 2.08004808
  2.09310193 2.04848096 2.06600848 1.98257502 1.92502712]
 [2.09385725 2.0626079  1.93491416 1.97482479 2.09642971 1.97431141
  2.05545622 1.96314891 1.98015423 1.95496567 2.03675473]
 [2.04855196 1.91546137 1.91381193 2.01561126 2.03993283 1.97622355
  1.9015702  1.97326131 2.09519345 2.02544399 1.91038808]
 [2.0272958  1.96830427 2.09802566 1.95326524 1.93455824 1.95658255
  1.92198737 2.01242077 2.00940917 1.95466049 1.9574162 ]
 [1.93571353 2.07903445 2.09733309 2.04475703 2.01550723 1.93148756
  1.98531118 1.97877042 2.08467177 2.04659929 1.97810377]
 [2.00887749 1.91818545 2.08901998 1.9711173  2.097488   2.00139569
  1.9958426  2.03500967 2.02955801 1.96146493 1.90448365]
 [2.01643705 1.94510993 2.06673156 1.91214733 2.09606243 1.92386786
  1.94077916 1.92531936 2.04634319 1.97795237 2.06342361]
 [2.05754516 2.06674462 2.04330389 2.07964867 2.07981428 2.09295203
  2.06624245 2.08024135 1.94605017 2.05236397 2.0138569 ]
 [2.05487813 1.91615197 2.0107716  1.9280066  1.90214324 1.96404948
  2.0579628  2.05004152 1.92706034 1.95148215 2.08643353]]
Cv: [[0.         0.         0.         0.         0.         0.
  0.         0.         0.         0.        ]
 [1.98488415 1.92902146 1.9489429  2.08620829 2.02651952 1.93602519
  1.90077443 2.04761518 1.9786349  1.93220092]
 [2.00380801 1.94325704 1.92702234 1.99578256 1.90227209 2.09831667
  2.06043891 1.90743703 1.90617711 1.91604023]
 [2.02103395 1.95168367 2.06212693 2.05377941 2.08963116 2.03113192
  1.94810925 1.92162342 2.07074135 1.9037753 ]
 [2.04954532 2.04086544 2.04109893 1.92776217 1.98812505 1.900112
  2.00199927 2.08610213 1.92947908 2.00252226]
 [2.02031124 2.09913459 2.00420445 2.08656048 1.98012746 1.90613256
  1.93728002 1.96351446 2.05608523 2.05536062]
 [2.09542893 1.99794834 1.99766385 2.07207131 2.0685038  1.90098258
  2.08199576 1.92672361 2.050795   2.03952406]
 [2.03448727 1.98057205 1.92400113 2.01841774 2.02010579 1.98659348
  1.9326408  1.97889336 2.04279055 1.97317864]
 [1.93659188 2.04943179 2.06477443 1.98155001 2.03567573 2.01175057
  1.90383332 1.91285762 2.02594087 1.90784146]
 [1.99924622 2.04624839 1.94428145 1.98639476 1.94307077 1.9950025
  2.01326239 2.09711716 1.91973436 1.92034857]]
Rh: [[ 5.58432075  5.67022563  5.44544125 12.38830119  5.52920806 11.69186525
   4.37201501  6.64807238  4.51647529  4.6665435  10.4449239 ]
 [ 5.49783856 14.53958039  8.99690057  3.6008767   8.12855197 11.51822564
   7.78587687  3.60073595 14.96102721  4.67889771 10.09412675]
 [12.74948543 16.03558027  9.46607541 12.88275382 13.36366481 12.1996177
   8.64066896  6.15376027  4.83889058  3.80959052  3.81691806]
 [ 3.7862058   5.91586383 11.44900041  5.6126638   3.86924556  5.02942424
  10.60019999  7.82404208 13.48375727  4.45831764 11.12446139]
 [10.48573605 12.06949538  3.57278388  3.71917644  5.73924249 13.79288036
   6.80302611  4.90058995  5.94039158  5.67222292 15.71745683]
 [ 4.48414278  5.45980714  7.84142558 12.64819453  4.96861971  3.61579293
  13.11704215  9.60530552 11.71663729 11.57779121  4.35973729]
 [11.7282032   5.68431022 14.79525761  4.55765053  5.5132034   9.70560721
  12.65125926  7.42420271  8.66054999  8.80103472  8.64899649]
 [ 7.05183423  4.47044492 11.08017449  5.74953372  8.91748246 11.0506291
  14.8522199   6.95806064 14.89880286  8.65936469  7.15782533]
 [ 8.52981827 10.07986937  6.70128026 10.37353762 10.81419546  7.82920712
  10.09285471  9.73307318  7.16374848  3.9788458  12.71761471]
 [ 9.33798072  7.19435171  6.92958618 15.4873322   9.6724099   5.3563428
   3.50024126  6.92543498  4.38924615 13.2951701   4.76754936]]
Rv: [[13.64041691  8.03526374  4.34540796  3.86125756 12.33570401  5.35541169
   5.41075924  3.90430501  7.98198274  5.22351455]
 [ 9.31811032  8.59285969 12.63654078 11.39807322  8.27129519  4.54236551
   8.75754299  5.29109745  9.30846871  9.97072373]
 [ 5.66366166 14.02774258  7.95382067  7.32273919  4.20262058 16.15898281
  16.44016032  5.53798089 13.28327793  4.78329885]
 [ 8.63046111  5.04025455  3.77582419 12.15106683  3.8975807   5.42155045
  11.24386402  9.36179152 12.11917867  4.82378759]
 [12.17265684  4.35827252  8.22755978 15.00116395  8.48230039  4.67886484
  15.0893599   5.74900178  5.85772317  5.29848206]
 [14.54127014  4.21266195  8.23560886  5.1695737  10.51845645  4.10290242
   3.63795159  5.55813943  6.59001611  5.00408217]
 [ 8.73336651 10.20883425 13.29437609  8.913568   13.78926348 13.48469797
   8.98259119  3.71494325  4.71378743  6.66753008]
 [ 5.31548483 10.69260946 13.94922868  7.70406898  3.6929644   6.73139823
   9.95071343 10.52322834 16.19970122  6.95636761]
 [ 7.61783648  6.66216161  7.51063367  5.86510942  3.79904586  3.68094884
   4.67288818  4.87343799  4.14326795  9.97909831]]