-------Running parameters--------
T = 0.001
temperature_gradient = 0.0
gap = 0.0
M = 10
N = 10
VR = 0.0
Vmin = 0.0
Vmax = 1.1
vStep = 0.001
vSym = True
repeats = 50
fileName = array_10_10_disorder_c_std_0.1_r_std_8_run_6
dist = exp
fullOutput = True
use_graph = False
current_map = True
plot_current_map = False
plot_binary_current_map = False
frame_norm = False
dbg = False
resume = False
sc = False
leaping = False
constQ = False
modifyR = False
double_time = False
double_loop = False
output_folder = bgu_2d_finite_temperature_different_disorders_statistics
params_path = 
VG_avg = 0.0
VG_std = 0.0
C_avg = 2.0
C_std = 0.1
CG_avg = 10.0
CG_std = 0.0
R_avg = 10.0
R_std = 8.0
custom_rh = ""
custom_rv = ""
custom_ch = ""
custom_cv = ""
RG_avg = 500.0
RG_std = 0.0
n0_avg = 0.0
n0_std = 0.0
Q0_avg = 0.0
Q0_std = 0.0
----Array Parameters-----
Rows: 10
Columns: 10
VG: [[0.]
 [0.]
 [0.]
 [0.]
 [0.]
 [0.]
 [0.]
 [0.]
 [0.]
 [0.]
 [0.]
 [0.]
 [0.]
 [0.]
 [0.]
 [0.]
 [0.]
 [0.]
 [0.]
 [0.]
 [0.]
 [0.]
 [0.]
 [0.]
 [0.]
 [0.]
 [0.]
 [0.]
 [0.]
 [0.]
 [0.]
 [0.]
 [0.]
 [0.]
 [0.]
 [0.]
 [0.]
 [0.]
 [0.]
 [0.]
 [0.]
 [0.]
 [0.]
 [0.]
 [0.]
 [0.]
 [0.]
 [0.]
 [0.]
 [0.]
 [0.]
 [0.]
 [0.]
 [0.]
 [0.]
 [0.]
 [0.]
 [0.]
 [0.]
 [0.]
 [0.]
 [0.]
 [0.]
 [0.]
 [0.]
 [0.]
 [0.]
 [0.]
 [0.]
 [0.]
 [0.]
 [0.]
 [0.]
 [0.]
 [0.]
 [0.]
 [0.]
 [0.]
 [0.]
 [0.]
 [0.]
 [0.]
 [0.]
 [0.]
 [0.]
 [0.]
 [0.]
 [0.]
 [0.]
 [0.]
 [0.]
 [0.]
 [0.]
 [0.]
 [0.]
 [0.]
 [0.]
 [0.]
 [0.]
 [0.]]
CG: [[10.]
 [10.]
 [10.]
 [10.]
 [10.]
 [10.]
 [10.]
 [10.]
 [10.]
 [10.]
 [10.]
 [10.]
 [10.]
 [10.]
 [10.]
 [10.]
 [10.]
 [10.]
 [10.]
 [10.]
 [10.]
 [10.]
 [10.]
 [10.]
 [10.]
 [10.]
 [10.]
 [10.]
 [10.]
 [10.]
 [10.]
 [10.]
 [10.]
 [10.]
 [10.]
 [10.]
 [10.]
 [10.]
 [10.]
 [10.]
 [10.]
 [10.]
 [10.]
 [10.]
 [10.]
 [10.]
 [10.]
 [10.]
 [10.]
 [10.]
 [10.]
 [10.]
 [10.]
 [10.]
 [10.]
 [10.]
 [10.]
 [10.]
 [10.]
 [10.]
 [10.]
 [10.]
 [10.]
 [10.]
 [10.]
 [10.]
 [10.]
 [10.]
 [10.]
 [10.]
 [10.]
 [10.]
 [10.]
 [10.]
 [10.]
 [10.]
 [10.]
 [10.]
 [10.]
 [10.]
 [10.]
 [10.]
 [10.]
 [10.]
 [10.]
 [10.]
 [10.]
 [10.]
 [10.]
 [10.]
 [10.]
 [10.]
 [10.]
 [10.]
 [10.]
 [10.]
 [10.]
 [10.]
 [10.]
 [10.]]
RG: [[500.]
 [500.]
 [500.]
 [500.]
 [500.]
 [500.]
 [500.]
 [500.]
 [500.]
 [500.]
 [500.]
 [500.]
 [500.]
 [500.]
 [500.]
 [500.]
 [500.]
 [500.]
 [500.]
 [500.]
 [500.]
 [500.]
 [500.]
 [500.]
 [500.]
 [500.]
 [500.]
 [500.]
 [500.]
 [500.]
 [500.]
 [500.]
 [500.]
 [500.]
 [500.]
 [500.]
 [500.]
 [500.]
 [500.]
 [500.]
 [500.]
 [500.]
 [500.]
 [500.]
 [500.]
 [500.]
 [500.]
 [500.]
 [500.]
 [500.]
 [500.]
 [500.]
 [500.]
 [500.]
 [500.]
 [500.]
 [500.]
 [500.]
 [500.]
 [500.]
 [500.]
 [500.]
 [500.]
 [500.]
 [500.]
 [500.]
 [500.]
 [500.]
 [500.]
 [500.]
 [500.]
 [500.]
 [500.]
 [500.]
 [500.]
 [500.]
 [500.]
 [500.]
 [500.]
 [500.]
 [500.]
 [500.]
 [500.]
 [500.]
 [500.]
 [500.]
 [500.]
 [500.]
 [500.]
 [500.]
 [500.]
 [500.]
 [500.]
 [500.]
 [500.]
 [500.]
 [500.]
 [500.]
 [500.]
 [500.]]
Ch: [[1.99052396 1.95652845 1.98179638 1.97798696 2.09244463 1.99722372
  2.06692663 1.94830915 1.96779244 2.04725371 1.93425984]
 [2.08157157 2.09290139 2.03969724 2.09348853 2.04267206 2.08941468
  1.98492017 1.95643842 2.08930017 2.0592889  2.00154034]
 [1.9776505  1.97232775 2.03764489 1.95266    2.06064092 2.01139989
  2.03175717 2.08752008 1.90862342 1.92977704 1.97469264]
 [2.06039435 2.07035386 1.93775847 2.02368462 1.90651954 2.01015125
  1.99138624 2.05064782 2.03435999 2.08942172 2.05952689]
 [2.06591866 2.09988701 1.91730296 1.93989402 2.06256638 1.94734605
  2.03676717 2.07299199 2.00934714 2.05065496 1.93204945]
 [2.03422267 1.93220426 2.07986979 1.97555389 1.92158935 1.94616659
  2.05698741 1.99979119 1.99155743 1.94629267 2.07544648]
 [2.05520198 1.97300234 2.01043243 2.07190136 2.05624149 1.94944472
  2.01902841 1.93616889 1.90798305 1.94338159 1.95746257]
 [1.9078998  1.99097392 2.00057982 1.95521237 1.9461857  1.90337617
  1.9569999  2.00360127 2.06712482 2.04234253 1.96986087]
 [1.98081767 1.95284653 2.02972065 2.00054675 1.92126569 2.03521213
  1.98934698 1.99389147 2.01179114 1.99311169 1.97790291]
 [2.06603201 2.06839422 2.04499657 2.07072916 2.09721637 1.91893956
  2.01267688 2.05040442 2.06172473 1.93992429 1.9305892 ]]
Cv: [[0.         0.         0.         0.         0.         0.
  0.         0.         0.         0.        ]
 [1.91066489 2.02390254 1.95771501 2.072899   2.01419598 2.07756157
  1.94019829 1.98117209 1.96537151 1.9602712 ]
 [2.01832959 2.00396438 2.03611544 2.00401267 2.05280918 2.06126835
  1.9238476  2.00478457 1.91586351 1.95796138]
 [1.98197665 2.01178985 1.98849737 1.95810179 2.05386615 2.0929521
  1.91591731 2.05793009 2.06046774 2.0466219 ]
 [2.09993123 1.96537548 1.96840015 2.03204679 2.02906225 1.95566698
  1.98210877 1.9327596  2.08305018 1.9294128 ]
 [1.98592816 2.01173958 1.9273991  2.09499956 2.00310953 2.00743965
  2.04169145 1.92379343 2.03735024 1.94446921]
 [2.01356857 1.91403841 2.00771038 1.97076929 1.9018428  2.02374179
  2.03119371 1.95590906 1.93483461 2.09329949]
 [2.08859629 2.04992732 1.98131989 2.07197615 2.03690052 2.06015162
  2.08017702 1.96558079 2.00548821 1.92833252]
 [2.07168413 2.05596931 1.92184181 1.92250964 2.08345121 1.99223372
  2.04113228 1.93051733 2.00797746 2.06465089]
 [2.04077828 2.00922154 2.041929   1.99190049 1.95607749 1.94033593
  1.90040837 2.08685964 1.90399162 2.09909862]]
Rh: [[16.20878493  8.48643205 13.82625494  5.14107364 13.73569932  4.56464235
   2.06072873  4.00146765  7.90452989 12.22154313 17.89668974]
 [ 5.16348474  9.95131002  3.89695592 12.04709534  3.72235043  2.34315442
   8.64111137 14.7491333   4.22243512 17.42367282  9.49181094]
 [12.75053748  3.05834901  4.55288682  2.35223846  8.35507987  8.48944856
   8.85928516  3.65920198  5.54568493  6.16419257  2.63280326]
 [ 4.06384679  2.89420042  2.74326171  5.43616018  3.66895737  6.76144462
   3.12004979  9.5003132   2.63899279 13.00145599  2.37283477]
 [ 3.22446592  8.33398119  6.15521409  3.99171007  7.49282582 12.77446852
   3.09025542  5.53065885  3.70668317  5.62364501  4.82226933]
 [ 6.07904002  5.02551621 16.71984852 12.27095511  4.05952114  3.93065034
   4.75233617  7.55019273  4.84872451  3.39128948  2.10366298]
 [ 6.58289159  6.04135283  6.19280103  5.9685667   5.55104003  7.61652079
   2.63681928  3.04217499  2.66688281  5.15497065  4.04570651]
 [ 4.39068902  5.82917472  4.63106961  4.55730799  4.04978917  2.84513913
   2.51167905  4.32067547  2.97357994 13.88249542 11.43179254]
 [16.87162948  6.11570778  3.37557917  4.94750901 14.5709169   2.99329952
   7.36609869  6.38427978  6.32348789  3.2328463   4.57783375]
 [14.46102669 10.48378687  4.31944185  2.11279231 14.50962877  9.02732179
  11.80976956  7.95719563  2.17853856  7.23062937  2.12708829]]
Rv: [[11.54802349 17.60416851  5.70997009  3.25506696  5.81797246  7.4967027
   6.49441078  2.53280063  6.82541053  5.76247627]
 [ 3.72960948  3.27066599 12.50080467  2.52409585  8.31293612 14.79321989
   2.82196641  6.46221293  3.0262335   2.72212829]
 [17.31856485  2.42729009  2.44086057  9.24120274  8.52107282  3.48056156
   6.33221859  2.1827928   2.73847662  6.60186255]
 [ 7.34798179  9.51164161 13.35969932  4.5072386   9.29706105 10.52491568
   2.78828934  6.83554599  6.41319121  7.92568795]
 [ 3.2398784   2.99356415  5.88220146  7.27326716  5.54645021  2.72503344
   5.67955737  9.29369336  7.16607733  4.64497536]
 [17.00325513  5.63105326 16.8483449   3.19062526  6.544537    3.55839882
  12.02968158  4.22388177  2.14927844  6.82309733]
 [11.27377141  2.62834986 13.84312011  4.31643883 11.00292464  2.86102923
   2.86479355  2.70800822  8.74792875  5.94260711]
 [ 7.87016003  4.69704314 14.50853434 10.62412086  8.50409137 11.27855168
   2.36783241 16.05738205  2.54839222  7.22740126]
 [ 4.23833429 14.33476856  9.52226707  9.43967264  2.43219879  7.68420847
   4.34288211  8.41571357  3.41090358  9.59661126]]