-------Running parameters--------
T = 0.001
temperature_gradient = 0.0
gap = 0.0
M = 10
N = 10
VR = 0.0
Vmin = 0.0
Vmax = 1.1
vStep = 0.001
vSym = True
repeats = 50
fileName = array_10_10_disorder_c_std_0.1_r_std_13_run_8
dist = exp
fullOutput = True
use_graph = False
current_map = True
plot_current_map = False
plot_binary_current_map = False
frame_norm = False
dbg = False
resume = False
sc = False
leaping = False
constQ = False
modifyR = False
double_time = False
double_loop = False
output_folder = bgu_2d_finite_temperature_different_disorders_statistics
params_path = 
VG_avg = 0.0
VG_std = 0.0
C_avg = 2.0
C_std = 0.1
CG_avg = 10.0
CG_std = 0.0
R_avg = 20.0
R_std = 13.0
custom_rh = ""
custom_rv = ""
custom_ch = ""
custom_cv = ""
RG_avg = 500.0
RG_std = 0.0
n0_avg = 0.0
n0_std = 0.0
Q0_avg = 0.0
Q0_std = 0.0
----Array Parameters-----
Rows: 10
Columns: 10
VG: [[0.]
 [0.]
 [0.]
 [0.]
 [0.]
 [0.]
 [0.]
 [0.]
 [0.]
 [0.]
 [0.]
 [0.]
 [0.]
 [0.]
 [0.]
 [0.]
 [0.]
 [0.]
 [0.]
 [0.]
 [0.]
 [0.]
 [0.]
 [0.]
 [0.]
 [0.]
 [0.]
 [0.]
 [0.]
 [0.]
 [0.]
 [0.]
 [0.]
 [0.]
 [0.]
 [0.]
 [0.]
 [0.]
 [0.]
 [0.]
 [0.]
 [0.]
 [0.]
 [0.]
 [0.]
 [0.]
 [0.]
 [0.]
 [0.]
 [0.]
 [0.]
 [0.]
 [0.]
 [0.]
 [0.]
 [0.]
 [0.]
 [0.]
 [0.]
 [0.]
 [0.]
 [0.]
 [0.]
 [0.]
 [0.]
 [0.]
 [0.]
 [0.]
 [0.]
 [0.]
 [0.]
 [0.]
 [0.]
 [0.]
 [0.]
 [0.]
 [0.]
 [0.]
 [0.]
 [0.]
 [0.]
 [0.]
 [0.]
 [0.]
 [0.]
 [0.]
 [0.]
 [0.]
 [0.]
 [0.]
 [0.]
 [0.]
 [0.]
 [0.]
 [0.]
 [0.]
 [0.]
 [0.]
 [0.]
 [0.]]
CG: [[10.]
 [10.]
 [10.]
 [10.]
 [10.]
 [10.]
 [10.]
 [10.]
 [10.]
 [10.]
 [10.]
 [10.]
 [10.]
 [10.]
 [10.]
 [10.]
 [10.]
 [10.]
 [10.]
 [10.]
 [10.]
 [10.]
 [10.]
 [10.]
 [10.]
 [10.]
 [10.]
 [10.]
 [10.]
 [10.]
 [10.]
 [10.]
 [10.]
 [10.]
 [10.]
 [10.]
 [10.]
 [10.]
 [10.]
 [10.]
 [10.]
 [10.]
 [10.]
 [10.]
 [10.]
 [10.]
 [10.]
 [10.]
 [10.]
 [10.]
 [10.]
 [10.]
 [10.]
 [10.]
 [10.]
 [10.]
 [10.]
 [10.]
 [10.]
 [10.]
 [10.]
 [10.]
 [10.]
 [10.]
 [10.]
 [10.]
 [10.]
 [10.]
 [10.]
 [10.]
 [10.]
 [10.]
 [10.]
 [10.]
 [10.]
 [10.]
 [10.]
 [10.]
 [10.]
 [10.]
 [10.]
 [10.]
 [10.]
 [10.]
 [10.]
 [10.]
 [10.]
 [10.]
 [10.]
 [10.]
 [10.]
 [10.]
 [10.]
 [10.]
 [10.]
 [10.]
 [10.]
 [10.]
 [10.]
 [10.]]
RG: [[500.]
 [500.]
 [500.]
 [500.]
 [500.]
 [500.]
 [500.]
 [500.]
 [500.]
 [500.]
 [500.]
 [500.]
 [500.]
 [500.]
 [500.]
 [500.]
 [500.]
 [500.]
 [500.]
 [500.]
 [500.]
 [500.]
 [500.]
 [500.]
 [500.]
 [500.]
 [500.]
 [500.]
 [500.]
 [500.]
 [500.]
 [500.]
 [500.]
 [500.]
 [500.]
 [500.]
 [500.]
 [500.]
 [500.]
 [500.]
 [500.]
 [500.]
 [500.]
 [500.]
 [500.]
 [500.]
 [500.]
 [500.]
 [500.]
 [500.]
 [500.]
 [500.]
 [500.]
 [500.]
 [500.]
 [500.]
 [500.]
 [500.]
 [500.]
 [500.]
 [500.]
 [500.]
 [500.]
 [500.]
 [500.]
 [500.]
 [500.]
 [500.]
 [500.]
 [500.]
 [500.]
 [500.]
 [500.]
 [500.]
 [500.]
 [500.]
 [500.]
 [500.]
 [500.]
 [500.]
 [500.]
 [500.]
 [500.]
 [500.]
 [500.]
 [500.]
 [500.]
 [500.]
 [500.]
 [500.]
 [500.]
 [500.]
 [500.]
 [500.]
 [500.]
 [500.]
 [500.]
 [500.]
 [500.]
 [500.]]
Ch: [[1.9557763  2.00705542 2.03569066 1.91625573 2.04534546 1.93062692
  1.99801872 1.98108159 1.95345923 1.94612884 1.95434876]
 [1.98995804 1.96133818 2.05379792 2.07360423 1.97252819 2.0583604
  2.01373479 2.02447558 2.02875175 1.975769   1.91852166]
 [1.91880408 1.95422469 1.97885106 2.06093287 2.07939012 1.95536257
  1.91884907 2.05443118 2.01626729 1.93878821 2.09938031]
 [2.09273576 1.92772717 2.06936391 1.92640276 2.07786331 1.90986767
  1.95986117 1.97089545 1.9607408  2.03012618 1.96069673]
 [1.97982325 1.90333827 1.97039505 1.92390332 2.04189563 1.94884267
  2.03416766 1.92839443 2.06366009 2.04086717 2.00558557]
 [2.06913822 2.0615109  2.03607246 1.92309879 2.00799973 1.93570421
  2.03775478 2.07470437 2.06448151 1.93343051 1.90733445]
 [2.00538274 2.01961813 2.00328817 1.94204124 1.96004645 2.00789848
  1.91941412 2.05440875 2.09148945 2.04688546 1.91147054]
 [1.93607393 2.07873433 2.02402995 1.96658891 1.92996502 1.97965994
  2.03189218 2.09907376 2.0271911  2.07471821 2.06068724]
 [2.0802773  2.09470133 1.91497322 2.04301673 1.90136753 1.9218665
  1.99925055 1.96551963 2.02573181 1.9898193  1.92870788]
 [1.99711095 1.93563917 2.03182667 1.95077779 1.98045316 2.07388578
  2.05341611 1.98682614 2.01531824 1.98933527 2.04464607]]
Cv: [[0.         0.         0.         0.         0.         0.
  0.         0.         0.         0.        ]
 [1.99665461 2.0288017  2.03454646 1.92770326 1.91787845 1.94658495
  2.0428517  2.02861132 1.97744201 1.93395244]
 [1.93782082 1.99674184 2.06764617 1.99973375 2.06320926 2.05668614
  2.08673175 2.08948457 2.07495794 2.02131174]
 [2.02534668 1.93238143 1.93665073 1.95524279 1.95307673 1.90864903
  2.02586311 1.91430002 1.91494333 2.00953323]
 [1.92625141 1.98124181 1.9747343  2.05338925 1.98196527 1.97159974
  2.01983288 2.06248483 1.91076728 2.05626056]
 [2.0751828  2.07988587 1.96123966 1.91260055 1.97435115 2.05594089
  1.94874126 1.94532964 1.91930471 2.07295373]
 [1.92617859 2.05388953 2.0718014  1.99166719 2.09485862 2.00777913
  2.00808007 1.98561347 2.00096944 2.09139205]
 [2.0755288  2.08627396 2.09363621 2.05582936 1.92467563 1.91412204
  1.99767002 2.07840833 2.09027443 2.09723481]
 [1.94659475 2.01061321 1.9023656  1.96658271 2.04157407 1.92264715
  2.00976297 1.9234284  1.97991229 2.03987649]
 [1.96626887 2.04133827 1.99661051 1.92134756 1.90132133 1.97289634
  1.90240905 2.06904402 2.07534002 1.95669219]]
Rh: [[19.3709738  20.0034178  14.4764104  22.19625206 19.66249226  8.51751681
  15.2344388  24.85911143 28.80032786 28.75829383 10.05054601]
 [29.3025128  26.50828494 26.45518123  8.83773352  7.54919539 22.61418872
  16.15345831 11.17582579 19.81946368 16.27743414 29.30782985]
 [19.81344813 17.39530965 11.99375997 16.67005536 20.92802898 27.07475619
  16.88136974 19.33140689 15.93872318 19.07739341 18.47163167]
 [29.49608064 11.57975937  7.76377283 12.69964666 11.18071213 13.04368449
  10.15611125 18.26124432 29.15909977 20.19995493 13.86320262]
 [11.1566228   9.17772671 30.63266896 12.15123973 15.29101773 29.37714968
  19.81682294 14.43761288  9.11303129 32.87305651  7.30308678]
 [10.00285709 10.73436993 23.88182929 13.41593027 28.21028455 25.96793158
   7.05365687 22.13528527 29.44306643 11.56388279 14.64674989]
 [14.45716877 13.57876098  8.09748614 11.67984772 15.1324468  11.86547928
  14.67313881 16.66301199  8.37484929 15.52153305 16.41647943]
 [10.11921027 21.57104537 31.64196563 17.12727123 30.32845455 32.8945685
  10.70034594 10.51211504  7.89842357 22.18561491 13.45269537]
 [12.4074913  28.59645502  7.15523339 31.10950908  7.46074933 14.16400654
  16.46177514 24.76137284  9.71993281  7.02939474  7.58906145]
 [10.53141255  9.15947334 22.75431735  7.71711862 17.44816311  8.92701508
  29.64078199 17.32820881 25.24925059 27.71363588 21.38442542]]
Rv: [[ 7.24859884  8.43680814 15.72408502  7.59985906 22.95343434 15.6607217
  12.51151977 29.74212658  7.84637638  9.07218   ]
 [26.06716663 25.57711138  7.75579133 23.57921982 30.53339086 19.4795709
  23.99352875 15.28464892 10.71695063 19.88928278]
 [23.30139461  7.09242994 14.10222824  8.78958103 15.75157895  7.52216262
  13.1563581  29.22719737  7.38636834 11.18825965]
 [22.48865025 13.60798542  8.53013982  7.00090235 27.86868073 13.15122585
  32.92854034 22.90904143 17.46286783  8.14263653]
 [21.87465422 14.6406431  17.96141821  8.79956114  8.25447198  8.99984316
  20.98197019 22.80139125 11.78161431  8.3721729 ]
 [ 9.30908711 15.14409985 10.75175179  9.01314532 24.54074082 27.54496687
  32.47486548 13.89169301 31.06519347 12.85353597]
 [14.86479339 16.69525899 25.30550263 11.69223991 26.3974553  19.23772635
  26.80169375 10.14881155 13.87236535  7.00770697]
 [12.97145767  8.5697529  14.99783983 10.87619844 10.11706764  8.20214688
  26.77362065  9.31226723 25.44956681 13.54617122]
 [16.16518747 18.57899553 16.00841026 23.50529634 17.44063071 13.3785416
  11.93879449  8.02216619 14.49132685 20.75638959]]