-------Running parameters--------
T = 0.001
temperature_gradient = 0.0
gap = 0.0
M = 10
N = 10
VR = 0.0
Vmin = 0.0
Vmax = 1.1
vStep = 0.001
vSym = True
repeats = 50
fileName = array_10_10_disorder_c_std_0.1_r_std_14_run_2
dist = exp
fullOutput = True
use_graph = False
current_map = True
plot_current_map = False
plot_binary_current_map = False
frame_norm = False
dbg = False
resume = False
sc = False
leaping = False
constQ = False
modifyR = False
double_time = False
double_loop = False
output_folder = bgu_2d_finite_temperature_different_disorders_statistics
params_path = 
VG_avg = 0.0
VG_std = 0.0
C_avg = 2.0
C_std = 0.1
CG_avg = 10.0
CG_std = 0.0
R_avg = 20.0
R_std = 14.0
custom_rh = ""
custom_rv = ""
custom_ch = ""
custom_cv = ""
RG_avg = 500.0
RG_std = 0.0
n0_avg = 0.0
n0_std = 0.0
Q0_avg = 0.0
Q0_std = 0.0
----Array Parameters-----
Rows: 10
Columns: 10
VG: [[0.]
 [0.]
 [0.]
 [0.]
 [0.]
 [0.]
 [0.]
 [0.]
 [0.]
 [0.]
 [0.]
 [0.]
 [0.]
 [0.]
 [0.]
 [0.]
 [0.]
 [0.]
 [0.]
 [0.]
 [0.]
 [0.]
 [0.]
 [0.]
 [0.]
 [0.]
 [0.]
 [0.]
 [0.]
 [0.]
 [0.]
 [0.]
 [0.]
 [0.]
 [0.]
 [0.]
 [0.]
 [0.]
 [0.]
 [0.]
 [0.]
 [0.]
 [0.]
 [0.]
 [0.]
 [0.]
 [0.]
 [0.]
 [0.]
 [0.]
 [0.]
 [0.]
 [0.]
 [0.]
 [0.]
 [0.]
 [0.]
 [0.]
 [0.]
 [0.]
 [0.]
 [0.]
 [0.]
 [0.]
 [0.]
 [0.]
 [0.]
 [0.]
 [0.]
 [0.]
 [0.]
 [0.]
 [0.]
 [0.]
 [0.]
 [0.]
 [0.]
 [0.]
 [0.]
 [0.]
 [0.]
 [0.]
 [0.]
 [0.]
 [0.]
 [0.]
 [0.]
 [0.]
 [0.]
 [0.]
 [0.]
 [0.]
 [0.]
 [0.]
 [0.]
 [0.]
 [0.]
 [0.]
 [0.]
 [0.]]
CG: [[10.]
 [10.]
 [10.]
 [10.]
 [10.]
 [10.]
 [10.]
 [10.]
 [10.]
 [10.]
 [10.]
 [10.]
 [10.]
 [10.]
 [10.]
 [10.]
 [10.]
 [10.]
 [10.]
 [10.]
 [10.]
 [10.]
 [10.]
 [10.]
 [10.]
 [10.]
 [10.]
 [10.]
 [10.]
 [10.]
 [10.]
 [10.]
 [10.]
 [10.]
 [10.]
 [10.]
 [10.]
 [10.]
 [10.]
 [10.]
 [10.]
 [10.]
 [10.]
 [10.]
 [10.]
 [10.]
 [10.]
 [10.]
 [10.]
 [10.]
 [10.]
 [10.]
 [10.]
 [10.]
 [10.]
 [10.]
 [10.]
 [10.]
 [10.]
 [10.]
 [10.]
 [10.]
 [10.]
 [10.]
 [10.]
 [10.]
 [10.]
 [10.]
 [10.]
 [10.]
 [10.]
 [10.]
 [10.]
 [10.]
 [10.]
 [10.]
 [10.]
 [10.]
 [10.]
 [10.]
 [10.]
 [10.]
 [10.]
 [10.]
 [10.]
 [10.]
 [10.]
 [10.]
 [10.]
 [10.]
 [10.]
 [10.]
 [10.]
 [10.]
 [10.]
 [10.]
 [10.]
 [10.]
 [10.]
 [10.]]
RG: [[500.]
 [500.]
 [500.]
 [500.]
 [500.]
 [500.]
 [500.]
 [500.]
 [500.]
 [500.]
 [500.]
 [500.]
 [500.]
 [500.]
 [500.]
 [500.]
 [500.]
 [500.]
 [500.]
 [500.]
 [500.]
 [500.]
 [500.]
 [500.]
 [500.]
 [500.]
 [500.]
 [500.]
 [500.]
 [500.]
 [500.]
 [500.]
 [500.]
 [500.]
 [500.]
 [500.]
 [500.]
 [500.]
 [500.]
 [500.]
 [500.]
 [500.]
 [500.]
 [500.]
 [500.]
 [500.]
 [500.]
 [500.]
 [500.]
 [500.]
 [500.]
 [500.]
 [500.]
 [500.]
 [500.]
 [500.]
 [500.]
 [500.]
 [500.]
 [500.]
 [500.]
 [500.]
 [500.]
 [500.]
 [500.]
 [500.]
 [500.]
 [500.]
 [500.]
 [500.]
 [500.]
 [500.]
 [500.]
 [500.]
 [500.]
 [500.]
 [500.]
 [500.]
 [500.]
 [500.]
 [500.]
 [500.]
 [500.]
 [500.]
 [500.]
 [500.]
 [500.]
 [500.]
 [500.]
 [500.]
 [500.]
 [500.]
 [500.]
 [500.]
 [500.]
 [500.]
 [500.]
 [500.]
 [500.]
 [500.]]
Ch: [[1.97680606 1.90225611 2.07433267 1.96426654 1.96480585 1.9431946
  1.91440853 2.012834   2.06680175 2.01002669 2.07892903]
 [2.08101101 2.05587858 2.01195612 2.05550794 2.00818169 1.94228827
  1.90896913 2.05750166 1.93931611 1.96833598 1.98644547]
 [1.99202968 2.03015926 2.08234899 2.00799009 2.00688875 1.90818342
  1.99077507 1.98545632 1.99417918 2.08386661 1.91747255]
 [2.03999344 2.07626273 2.06151581 1.97994041 1.96311643 2.01658502
  1.9816186  2.08943594 2.04436203 2.08207896 1.90305046]
 [2.08967014 1.95694326 2.03280377 2.04256017 2.06614528 1.94688054
  2.05159983 2.00901373 1.92782907 1.9712912  1.90842357]
 [2.04587636 2.07401047 1.93914613 1.94695226 2.04642749 1.97044096
  2.03865994 2.00653923 2.07091745 1.90515749 2.07679968]
 [1.94294571 2.00926733 1.99501353 2.08012719 2.07093628 1.94051324
  1.99817963 1.91963177 1.98914136 2.03710866 1.98130737]
 [2.03640832 2.0748826  1.99403732 2.09149649 1.93795267 2.01117783
  1.91071817 1.92421713 2.01936009 2.02991435 2.02127521]
 [2.04938216 2.00330005 2.07652505 2.01071576 1.9973145  1.94071881
  2.00774672 2.08975824 1.96832409 2.02364506 1.99125754]
 [2.09858898 1.93049893 1.91847107 2.04548285 1.94658439 2.0965149
  1.98606493 2.09041524 2.08963414 1.90247114 1.90514869]]
Cv: [[0.         0.         0.         0.         0.         0.
  0.         0.         0.         0.        ]
 [2.08879786 1.94692561 2.00706495 1.96178805 2.0457178  1.98912938
  2.09894185 1.90313484 2.07910612 1.90517806]
 [1.97524168 1.91650811 1.90261811 2.00669823 2.09751805 1.96365606
  2.02488298 1.99557026 1.94430472 2.09671335]
 [1.92019487 2.08025866 1.9065128  1.90968173 1.95202141 2.07078378
  2.06738812 2.04486378 1.94467255 1.94700109]
 [2.03265284 1.95587811 1.95031356 1.94660223 1.95903973 1.92593376
  2.01581408 2.09102794 2.08352205 1.91560058]
 [2.08020893 1.99549299 2.02058106 1.94494615 2.00801007 2.0175579
  2.04927324 2.09843553 2.09644978 1.94671765]
 [1.97235261 2.05239197 2.02726647 1.98138342 2.01411305 2.02363046
  2.07776226 1.9032453  2.06086033 2.05218385]
 [2.06354773 2.05794563 2.06687152 1.92644363 2.08021803 2.08790968
  1.95010041 1.90406009 2.05389338 1.98707754]
 [1.99598449 1.98213735 1.9282412  1.91570237 1.92829497 1.98031717
  2.06952676 2.0320348  2.04387467 1.93025767]
 [1.98664217 1.91057287 2.0890442  2.07670504 2.02475188 2.07545208
  2.08097851 1.93754525 1.92222349 1.95103368]]
Rh: [[ 6.06144752 12.01695887  6.20791741 11.78661513 33.16348704 13.25297892
  11.52892016  8.61279593 20.08267621 11.56284812 21.83402131]
 [ 6.11379338 18.95318838 21.31414214 14.75770241 28.41970302 30.9602235
   7.4810368  15.14301636 19.52926191  6.62885012 23.52531717]
 [ 6.5021191   9.93682415 10.71003383  6.03985499  8.48577788 22.31136333
   9.0591906  20.90176027 28.68440785 13.66866113  6.94230337]
 [21.01571759 22.69600958 26.87508457  9.52474979 15.60155419 23.46417377
  12.5411255  28.71399363  7.38927437  6.7754736  13.24900309]
 [31.38642917 13.88577768 16.22529883 13.03442128 15.35889375 22.35086541
  22.85968837 20.7224079  10.9474499  14.81303761 29.58178727]
 [23.82936114 20.91364831 27.11737523 20.59402421  7.67448477 30.99078878
  10.39684226  8.89162569 22.45758282  8.88310992 14.28115471]
 [ 7.83863209 10.87251689 23.47142755 12.59019469  7.24518492 14.6137197
  17.53238637 23.0873812   8.12824929 19.89837167  7.09068022]
 [14.62165498  8.85323046  7.38772264 11.7941939  17.2938796  30.71722202
  12.84941478 15.06301442  6.02966039  6.73878057 21.4910839 ]
 [31.69491327 28.23963072 16.2213287  29.25707614 30.42196728  7.40388912
  12.2097678  20.79553092 18.34793954 17.42793436  7.62479012]
 [ 6.9229595  15.46657365  9.29297434 30.18549023 18.43093656  8.69344835
  16.59675793 10.06752572 19.43459903 25.39715248 32.03169835]]
Rv: [[ 9.91087706  7.93914861  8.5697769  15.71514879  9.20728602 25.23692158
  22.11316286 21.3034966  14.7105022   6.52816498]
 [ 7.30838652  9.11912719 21.11496451 15.87927634 16.32888646 28.1868039
  15.91816284  6.93638685 33.62490953 21.78017241]
 [ 9.98746563 20.89681597 14.0528849   6.57920998 12.74428434 23.46749406
  10.43097107 32.91015041 11.13033378 31.52152245]
 [15.21962155 32.48509685  9.70511192 18.29455662  7.3930382   7.18204724
  21.68861327  6.07074867 21.49360336 17.90649627]
 [26.9228696   9.01984793  8.60533458 14.36245681  6.94759173 22.28660241
  23.31775014 28.40570321 16.02933151 30.03046292]
 [ 7.47534829  8.10027204 11.8125731   7.46374354  6.07210076  6.72232614
  27.98314102 20.90117777 23.53921967 15.24994865]
 [14.00249271 10.57404735 14.47025704 14.54084801 29.54117286 11.82262349
  23.83424558  6.19055229  6.63055214  9.5748072 ]
 [12.27537549  8.98428344 32.81441434 10.92601869 33.87090023 12.31207774
  30.28964041 15.98225066 20.05700674 15.75286227]
 [ 6.23095879 10.17996851 21.17529207  8.50812022 12.91987359 14.28597702
   7.88768981  8.23031126  7.01625092 16.7915371 ]]