-------Running parameters--------
T = 0.001
temperature_gradient = 0.0
gap = 0.0
M = 10
N = 10
VR = 0.0
Vmin = 0.0
Vmax = 1.1
vStep = 0.001
vSym = True
repeats = 50
fileName = array_10_10_disorder_c_std_0.1_r_std_14_run_1
dist = exp
fullOutput = True
use_graph = False
current_map = True
plot_current_map = False
plot_binary_current_map = False
frame_norm = False
dbg = False
resume = False
sc = False
leaping = False
constQ = False
modifyR = False
double_time = False
double_loop = False
output_folder = bgu_2d_finite_temperature_different_disorders_statistics
params_path = 
VG_avg = 0.0
VG_std = 0.0
C_avg = 2.0
C_std = 0.1
CG_avg = 10.0
CG_std = 0.0
R_avg = 20.0
R_std = 14.0
custom_rh = ""
custom_rv = ""
custom_ch = ""
custom_cv = ""
RG_avg = 500.0
RG_std = 0.0
n0_avg = 0.0
n0_std = 0.0
Q0_avg = 0.0
Q0_std = 0.0
----Array Parameters-----
Rows: 10
Columns: 10
VG: [[0.]
 [0.]
 [0.]
 [0.]
 [0.]
 [0.]
 [0.]
 [0.]
 [0.]
 [0.]
 [0.]
 [0.]
 [0.]
 [0.]
 [0.]
 [0.]
 [0.]
 [0.]
 [0.]
 [0.]
 [0.]
 [0.]
 [0.]
 [0.]
 [0.]
 [0.]
 [0.]
 [0.]
 [0.]
 [0.]
 [0.]
 [0.]
 [0.]
 [0.]
 [0.]
 [0.]
 [0.]
 [0.]
 [0.]
 [0.]
 [0.]
 [0.]
 [0.]
 [0.]
 [0.]
 [0.]
 [0.]
 [0.]
 [0.]
 [0.]
 [0.]
 [0.]
 [0.]
 [0.]
 [0.]
 [0.]
 [0.]
 [0.]
 [0.]
 [0.]
 [0.]
 [0.]
 [0.]
 [0.]
 [0.]
 [0.]
 [0.]
 [0.]
 [0.]
 [0.]
 [0.]
 [0.]
 [0.]
 [0.]
 [0.]
 [0.]
 [0.]
 [0.]
 [0.]
 [0.]
 [0.]
 [0.]
 [0.]
 [0.]
 [0.]
 [0.]
 [0.]
 [0.]
 [0.]
 [0.]
 [0.]
 [0.]
 [0.]
 [0.]
 [0.]
 [0.]
 [0.]
 [0.]
 [0.]
 [0.]]
CG: [[10.]
 [10.]
 [10.]
 [10.]
 [10.]
 [10.]
 [10.]
 [10.]
 [10.]
 [10.]
 [10.]
 [10.]
 [10.]
 [10.]
 [10.]
 [10.]
 [10.]
 [10.]
 [10.]
 [10.]
 [10.]
 [10.]
 [10.]
 [10.]
 [10.]
 [10.]
 [10.]
 [10.]
 [10.]
 [10.]
 [10.]
 [10.]
 [10.]
 [10.]
 [10.]
 [10.]
 [10.]
 [10.]
 [10.]
 [10.]
 [10.]
 [10.]
 [10.]
 [10.]
 [10.]
 [10.]
 [10.]
 [10.]
 [10.]
 [10.]
 [10.]
 [10.]
 [10.]
 [10.]
 [10.]
 [10.]
 [10.]
 [10.]
 [10.]
 [10.]
 [10.]
 [10.]
 [10.]
 [10.]
 [10.]
 [10.]
 [10.]
 [10.]
 [10.]
 [10.]
 [10.]
 [10.]
 [10.]
 [10.]
 [10.]
 [10.]
 [10.]
 [10.]
 [10.]
 [10.]
 [10.]
 [10.]
 [10.]
 [10.]
 [10.]
 [10.]
 [10.]
 [10.]
 [10.]
 [10.]
 [10.]
 [10.]
 [10.]
 [10.]
 [10.]
 [10.]
 [10.]
 [10.]
 [10.]
 [10.]]
RG: [[500.]
 [500.]
 [500.]
 [500.]
 [500.]
 [500.]
 [500.]
 [500.]
 [500.]
 [500.]
 [500.]
 [500.]
 [500.]
 [500.]
 [500.]
 [500.]
 [500.]
 [500.]
 [500.]
 [500.]
 [500.]
 [500.]
 [500.]
 [500.]
 [500.]
 [500.]
 [500.]
 [500.]
 [500.]
 [500.]
 [500.]
 [500.]
 [500.]
 [500.]
 [500.]
 [500.]
 [500.]
 [500.]
 [500.]
 [500.]
 [500.]
 [500.]
 [500.]
 [500.]
 [500.]
 [500.]
 [500.]
 [500.]
 [500.]
 [500.]
 [500.]
 [500.]
 [500.]
 [500.]
 [500.]
 [500.]
 [500.]
 [500.]
 [500.]
 [500.]
 [500.]
 [500.]
 [500.]
 [500.]
 [500.]
 [500.]
 [500.]
 [500.]
 [500.]
 [500.]
 [500.]
 [500.]
 [500.]
 [500.]
 [500.]
 [500.]
 [500.]
 [500.]
 [500.]
 [500.]
 [500.]
 [500.]
 [500.]
 [500.]
 [500.]
 [500.]
 [500.]
 [500.]
 [500.]
 [500.]
 [500.]
 [500.]
 [500.]
 [500.]
 [500.]
 [500.]
 [500.]
 [500.]
 [500.]
 [500.]]
Ch: [[2.02794828 1.98119346 2.09235757 2.02119881 2.08312447 1.92912833
  2.0879794  2.02728675 1.9286712  1.98212476 2.01523854]
 [2.04016167 1.94143706 1.90356253 2.04281967 1.91420972 2.05815733
  2.06858217 1.93685834 1.97522319 2.07224967 1.90614343]
 [2.04451753 2.07768856 1.99734603 2.05272549 1.96989187 1.98996199
  1.94938765 2.09370466 1.99730418 1.92549124 2.04457163]
 [1.95561154 1.9195826  2.09999762 1.99139834 1.99714356 1.91592862
  1.99594263 2.0087435  2.02668605 2.07685251 2.07970242]
 [2.06100658 2.00867581 2.00614985 2.05842122 1.98320265 2.00738276
  1.93391847 2.00681071 2.0278349  2.01460366 2.02354492]
 [2.08393254 2.00072884 1.92513216 1.90540539 2.09367548 1.98589117
  2.05300035 1.98745732 2.03410894 2.00481313 2.05485393]
 [2.09268109 1.90204826 2.01724252 2.05654164 2.07688564 2.08350355
  2.09690921 2.03853154 2.06487257 1.9375571  1.93282848]
 [2.06507534 2.09561139 1.9805408  1.92835851 2.04034252 2.0124853
  2.00831075 1.91261339 1.98623983 2.01373877 1.96499814]
 [1.90848598 1.96638158 2.06392447 2.09691874 2.09790226 2.07754527
  2.02345629 2.00216292 1.9215342  2.04887124 1.90411098]
 [2.05593266 2.04983052 2.06563692 1.98431402 1.97302561 2.04208747
  1.93629    1.96656832 1.96381978 1.95548875 2.03215141]]
Cv: [[0.         0.         0.         0.         0.         0.
  0.         0.         0.         0.        ]
 [1.9647847  1.99282848 1.93531718 1.9695623  2.08851473 1.99452928
  2.03975167 1.94845427 2.07210363 1.97555733]
 [1.93279592 2.00408182 2.0340688  1.92197244 1.93152928 2.098571
  1.99155319 1.96592682 1.94656438 1.93674753]
 [2.00275296 1.94861079 2.05366845 1.94440295 1.94805829 2.06710186
  2.02575875 1.98661763 2.08407188 2.01504553]
 [2.03816165 2.05283534 1.90675563 2.09508285 2.03709573 1.96092847
  1.97540531 2.08876252 1.9176224  1.9858645 ]
 [2.04862439 2.07905241 1.98181779 2.08464357 2.08385456 2.08790041
  1.90484571 1.95314171 1.97786724 2.05831942]
 [2.09115525 1.98392722 2.04551639 1.92617975 2.05950855 2.03131276
  1.9179236  1.92998559 2.07360408 2.09304009]
 [1.99923928 1.92983997 1.92098423 2.0892237  2.04552957 1.96446539
  2.01115337 1.95608842 1.93589403 2.03288155]
 [1.9929911  2.06565835 2.09290128 1.93609075 2.0993933  1.95736915
  2.09468804 1.99041128 1.94851441 2.00479769]
 [1.95587172 1.99884853 1.91962206 1.98250448 1.93715393 1.91747617
  1.97298229 1.98735018 2.01268415 2.01533774]]
Rh: [[ 7.35690762  6.84147718 14.3448763  21.61109513 16.2152809   8.34465823
  11.41573543  8.36658871  9.45531622 15.62493646 12.64592603]
 [11.38573175 25.60873868 22.90026662 10.15387498 20.99564377  8.78788174
   6.50154278 11.75083067 23.49927333 11.67726496 13.2087678 ]
 [ 6.28429194 16.76251906  7.35688747 12.52549291 22.36770914  7.68436554
  19.20435747 26.6381108  13.63338625 12.47139481 27.11582129]
 [33.46767112  9.52160914  9.62972714  6.119715    9.99118968 28.92794754
   6.23304503  7.07641406 21.23607068  6.74199437 11.14243689]
 [26.70036389 32.44599796 10.58299652  6.5735827  25.99304889 25.34834206
  25.04023074 10.13029309 19.29667184 26.34365298 21.46760702]
 [22.09244127 19.12991596  6.02547719 19.39852958 13.50535653  7.45807194
   7.46734999  7.35263526 10.29488099  9.9785432   6.87554645]
 [17.06613393  9.56786733 11.71919578 24.21389646 15.8973934   8.84705198
   6.19257075 29.88438866 19.61086159 30.46063461 13.48970355]
 [13.3929927   7.62143654  6.40153147 27.8428695  26.69109645 12.55008289
  18.87097235 21.56260746  8.28791012  6.60007265 27.3129883 ]
 [19.15328491 12.09966822 21.41633588 33.98009606  6.58958203 33.90519641
   8.62446962 28.44206882 19.79008308 32.53072596 31.12276971]
 [ 6.50804097  9.83810559  8.18487263 11.90457589 30.04514223 29.52508939
  17.43509626 25.2273598  17.30135608 20.03929001  9.2842561 ]]
Rv: [[33.48294483 15.71170647  6.39267513  9.78816327 18.12303305 31.76327464
  16.14551921 13.389893    9.68792743 17.96478491]
 [ 6.16232498  9.65979781 11.93937897  9.1181732  15.77316972 17.26535202
  24.06588071 29.92576471  6.27714855 21.71578465]
 [11.57012835 32.62714803  8.91972087 12.76832167 13.25994858 13.44871327
   6.3889592   7.27148925  7.12687326 15.01113729]
 [13.54844594  8.25383643 15.76553729 28.64077243  8.99583212 19.16984188
  13.10808237  8.95526823 15.93861417 15.95603722]
 [32.87716281 21.03460429  6.08871849 32.51261289 11.52094655  9.55217
   6.33100888 14.62005976  8.20904897 13.76674744]
 [ 7.14146684  6.04970776 11.75595573  6.88762897 14.78012916 15.47782578
   9.7015051   7.77486249  8.78586225 19.93181717]
 [ 6.2967213  15.49040527 30.17332406 31.2672435  29.28284443 11.63432001
   8.19765992 16.08830837 14.47217465  7.98298833]
 [10.13438425 13.69444679  6.68074673  6.47277755 17.2235106   7.3875858
  15.03406386 19.76083572 30.90757399  9.13203757]
 [29.56628468 10.11712313 20.12818639 13.76020216 22.35225245 17.01806544
  13.34227746 28.12101231 14.59558104  7.64856966]]