-------Running parameters--------
T = 0.001
temperature_gradient = 0.0
gap = 0.0
M = 10
N = 10
VR = 0.0
Vmin = 0.0
Vmax = 1.1
vStep = 0.001
vSym = True
repeats = 50
fileName = array_10_10_disorder_c_std_0.1_r_std_5_run_3
dist = exp
fullOutput = True
use_graph = False
current_map = True
plot_current_map = False
plot_binary_current_map = False
frame_norm = False
dbg = False
resume = False
sc = False
leaping = False
constQ = False
modifyR = False
double_time = False
double_loop = False
output_folder = bgu_2d_finite_temperature_different_disorders_statistics
params_path = 
VG_avg = 0.0
VG_std = 0.0
C_avg = 2.0
C_std = 0.1
CG_avg = 10.0
CG_std = 0.0
R_avg = 10.0
R_std = 5.0
custom_rh = ""
custom_rv = ""
custom_ch = ""
custom_cv = ""
RG_avg = 500.0
RG_std = 0.0
n0_avg = 0.0
n0_std = 0.0
Q0_avg = 0.0
Q0_std = 0.0
----Array Parameters-----
Rows: 10
Columns: 10
VG: [[0.]
 [0.]
 [0.]
 [0.]
 [0.]
 [0.]
 [0.]
 [0.]
 [0.]
 [0.]
 [0.]
 [0.]
 [0.]
 [0.]
 [0.]
 [0.]
 [0.]
 [0.]
 [0.]
 [0.]
 [0.]
 [0.]
 [0.]
 [0.]
 [0.]
 [0.]
 [0.]
 [0.]
 [0.]
 [0.]
 [0.]
 [0.]
 [0.]
 [0.]
 [0.]
 [0.]
 [0.]
 [0.]
 [0.]
 [0.]
 [0.]
 [0.]
 [0.]
 [0.]
 [0.]
 [0.]
 [0.]
 [0.]
 [0.]
 [0.]
 [0.]
 [0.]
 [0.]
 [0.]
 [0.]
 [0.]
 [0.]
 [0.]
 [0.]
 [0.]
 [0.]
 [0.]
 [0.]
 [0.]
 [0.]
 [0.]
 [0.]
 [0.]
 [0.]
 [0.]
 [0.]
 [0.]
 [0.]
 [0.]
 [0.]
 [0.]
 [0.]
 [0.]
 [0.]
 [0.]
 [0.]
 [0.]
 [0.]
 [0.]
 [0.]
 [0.]
 [0.]
 [0.]
 [0.]
 [0.]
 [0.]
 [0.]
 [0.]
 [0.]
 [0.]
 [0.]
 [0.]
 [0.]
 [0.]
 [0.]]
CG: [[10.]
 [10.]
 [10.]
 [10.]
 [10.]
 [10.]
 [10.]
 [10.]
 [10.]
 [10.]
 [10.]
 [10.]
 [10.]
 [10.]
 [10.]
 [10.]
 [10.]
 [10.]
 [10.]
 [10.]
 [10.]
 [10.]
 [10.]
 [10.]
 [10.]
 [10.]
 [10.]
 [10.]
 [10.]
 [10.]
 [10.]
 [10.]
 [10.]
 [10.]
 [10.]
 [10.]
 [10.]
 [10.]
 [10.]
 [10.]
 [10.]
 [10.]
 [10.]
 [10.]
 [10.]
 [10.]
 [10.]
 [10.]
 [10.]
 [10.]
 [10.]
 [10.]
 [10.]
 [10.]
 [10.]
 [10.]
 [10.]
 [10.]
 [10.]
 [10.]
 [10.]
 [10.]
 [10.]
 [10.]
 [10.]
 [10.]
 [10.]
 [10.]
 [10.]
 [10.]
 [10.]
 [10.]
 [10.]
 [10.]
 [10.]
 [10.]
 [10.]
 [10.]
 [10.]
 [10.]
 [10.]
 [10.]
 [10.]
 [10.]
 [10.]
 [10.]
 [10.]
 [10.]
 [10.]
 [10.]
 [10.]
 [10.]
 [10.]
 [10.]
 [10.]
 [10.]
 [10.]
 [10.]
 [10.]
 [10.]]
RG: [[500.]
 [500.]
 [500.]
 [500.]
 [500.]
 [500.]
 [500.]
 [500.]
 [500.]
 [500.]
 [500.]
 [500.]
 [500.]
 [500.]
 [500.]
 [500.]
 [500.]
 [500.]
 [500.]
 [500.]
 [500.]
 [500.]
 [500.]
 [500.]
 [500.]
 [500.]
 [500.]
 [500.]
 [500.]
 [500.]
 [500.]
 [500.]
 [500.]
 [500.]
 [500.]
 [500.]
 [500.]
 [500.]
 [500.]
 [500.]
 [500.]
 [500.]
 [500.]
 [500.]
 [500.]
 [500.]
 [500.]
 [500.]
 [500.]
 [500.]
 [500.]
 [500.]
 [500.]
 [500.]
 [500.]
 [500.]
 [500.]
 [500.]
 [500.]
 [500.]
 [500.]
 [500.]
 [500.]
 [500.]
 [500.]
 [500.]
 [500.]
 [500.]
 [500.]
 [500.]
 [500.]
 [500.]
 [500.]
 [500.]
 [500.]
 [500.]
 [500.]
 [500.]
 [500.]
 [500.]
 [500.]
 [500.]
 [500.]
 [500.]
 [500.]
 [500.]
 [500.]
 [500.]
 [500.]
 [500.]
 [500.]
 [500.]
 [500.]
 [500.]
 [500.]
 [500.]
 [500.]
 [500.]
 [500.]
 [500.]]
Ch: [[2.0590737  2.01773914 1.90115371 2.06166469 1.93045065 1.95065417
  2.02286447 2.00459341 1.97716003 1.92086306 2.09234871]
 [2.03973986 1.92687697 1.94734522 2.0571748  2.06448377 2.03127102
  1.99962483 1.99741221 1.98967191 1.92516611 1.90589875]
 [2.09412843 1.93024986 2.07346555 1.96376449 2.0675025  2.03225748
  2.02107559 1.91966642 2.0938862  2.08855071 2.05203083]
 [1.9096424  2.01283174 2.08538132 2.0813514  1.90701024 1.92893519
  2.02307766 2.08318549 1.9038345  1.93756482 2.06894362]
 [2.00778691 2.08748017 2.09263762 1.99156598 2.0481856  1.98343036
  2.02640282 1.95889919 1.96860891 2.09655329 2.04880307]
 [1.96259976 2.00079391 2.04759816 2.06073804 2.09722341 1.97490635
  1.95179997 2.01153339 2.01676657 1.94025314 2.07091761]
 [2.05486228 2.06861739 2.05911793 2.03399376 2.01412503 1.9870794
  1.98290348 1.98139344 2.09681546 2.08994706 2.06272773]
 [1.91428461 1.97500542 2.08328637 2.04144002 2.01760621 1.93429336
  2.07024053 2.02056315 2.05787586 2.06364596 1.90145382]
 [1.99148806 2.04396262 1.9813733  2.04589153 2.03342859 1.99898516
  2.03138492 2.09901481 1.98328582 1.97424844 1.92738531]
 [1.94188779 2.06969398 2.07842692 1.9503786  1.92200293 2.08231449
  2.03625884 1.92741344 1.98919458 1.96959468 1.92760746]]
Cv: [[0.         0.         0.         0.         0.         0.
  0.         0.         0.         0.        ]
 [1.97680039 1.92412987 1.99130426 2.0914146  2.06382996 1.99675049
  1.96835232 2.01737016 1.99957191 2.05535254]
 [1.96942449 2.03475254 1.95022626 2.08925333 2.0532944  1.95426303
  1.94267418 2.07582322 1.99868899 1.94114972]
 [1.915833   1.98466875 2.07142575 1.9457402  1.97186398 1.97586909
  2.02548321 2.00087423 2.02447773 1.96236286]
 [1.93182204 2.01057112 2.02005074 1.91748414 2.00502209 2.07892491
  1.99777274 2.06168946 2.08528651 1.98195449]
 [1.97294672 1.94826271 2.076244   1.97453675 1.95245398 2.03011959
  1.91057263 2.0055343  1.96334692 2.09543315]
 [1.99855812 1.92959315 1.96943625 2.0674042  2.04613556 2.0852233
  1.9500026  1.94334547 2.08795935 1.93722975]
 [2.0093361  2.01179638 2.05273846 1.95230768 1.9769446  2.03019363
  1.93439423 1.9162675  1.9280395  1.95526006]
 [2.01277959 1.90861573 2.08659145 1.97634045 1.99354154 2.06882236
  2.035452   2.00872369 1.95846873 2.00932092]
 [2.05515416 1.99546281 2.04240829 2.04757431 2.00839688 2.08612426
  1.91387192 2.03540401 1.97261581 2.09115009]]
Rh: [[13.05541262  7.20414952  6.81128661 14.54213948  5.69787244 11.83608881
   6.67559082 10.17509006 10.80470549  6.8797841  11.53653125]
 [ 7.48447404  5.01810243 13.46916432  5.34690881  9.36475695 11.57538984
  12.72357782 10.3916223   9.91533298  8.59227109 13.55833711]
 [ 7.68852826 11.405301   10.40671541 10.56928592  6.49207758  8.49809643
   6.80097388  5.23804533  8.22050808  9.51717222 10.79707858]
 [ 7.30747416  9.17649116 12.54726987 10.32869501  6.70366818 13.36252852
   8.45309936 11.1328163  14.72760008  8.01109982 11.42791598]
 [10.82380063  5.02448996  5.5677481   6.15285848 14.09402817 10.06289527
   5.29298617  8.7818098   6.16983027  9.93977789  7.92260588]
 [14.26287559  7.59711426  7.84568124 10.26514122 11.74621916  5.12599829
   6.49344384 12.88398237 12.11557794  5.84968223  9.6490664 ]
 [ 5.46146058 10.4034799  12.09857554  6.85495664 11.11973279 13.10504178
   7.50795178 11.70103103  5.71882286  7.33013635  5.48703618]
 [ 5.18829022  9.06199936  9.12223597 10.58486646  9.1282066   5.10263694
  10.15877645  5.42216681 14.65241241 11.76950812 12.95474504]
 [ 8.81116098  5.31833704  7.04810793  7.19496691  6.80702525  9.35721872
   8.48861714  8.95170383  7.33812908  5.38938816  9.38582017]
 [ 7.02767553  9.96122598 12.72602085  5.7732391   7.06961006  5.21065247
  12.41654857  7.65269493  6.62887005 14.39677893 11.30197165]]
Rv: [[13.26510302  9.39966921 14.93885725 11.70226923  8.70379524 12.55756509
   6.00476157  8.32182578  6.88957654 10.14360827]
 [ 8.43673554  6.83191915  5.9411796   6.19491132  9.86743065  5.63950198
  13.00724445  6.19582273 13.09864452  9.69721616]
 [ 5.65193108 14.67936161  7.41618873  5.45419674  6.7743879  12.05549435
   7.24833527  6.96471212  6.79757495  5.44859568]
 [ 7.45795732  5.12133261 11.70782999 12.72259752 10.32807221 11.87587454
   6.55498496 10.65626331  8.84707915 13.83335718]
 [ 6.79159266  8.22069756  8.99601214  6.1396799   6.18614923 10.30812561
  12.91603002  5.70576283  5.77639815 12.94033303]
 [ 8.51887042  6.33985569  8.16872054  9.64215825  5.99736493  9.7444234
  12.71242908  6.15838133 14.81412021 14.82998315]
 [11.07991327  5.02343613 13.15251367  5.09894493 13.73493673 10.69648443
   7.74088632 10.85995992 12.00541598 11.51629776]
 [11.56022618  8.7735596   9.60887649  9.60974444  6.64475057  7.41720718
   6.36956298 13.39840894  5.99230528  9.1862779 ]
 [10.62581789  6.57346322 13.72102584  5.54142181 13.1296026   8.21501817
   5.4427138  11.54212658 14.20669729  5.5918135 ]]