-------Running parameters--------
T = 0.001
temperature_gradient = 0.0
gap = 0.0
M = 10
N = 10
VR = 0.0
Vmin = 0.0
Vmax = 1.1
vStep = 0.001
vSym = True
repeats = 50
fileName = array_10_10_disorder_c_std_0.1_r_std_9_run_6
dist = exp
fullOutput = True
use_graph = False
current_map = True
plot_current_map = False
plot_binary_current_map = False
frame_norm = False
dbg = False
resume = False
sc = False
leaping = False
constQ = False
modifyR = False
double_time = False
double_loop = False
output_folder = bgu_2d_finite_temperature_different_disorders_statistics
params_path = 
VG_avg = 0.0
VG_std = 0.0
C_avg = 2.0
C_std = 0.1
CG_avg = 10.0
CG_std = 0.0
R_avg = 10.0
R_std = 9.0
custom_rh = ""
custom_rv = ""
custom_ch = ""
custom_cv = ""
RG_avg = 500.0
RG_std = 0.0
n0_avg = 0.0
n0_std = 0.0
Q0_avg = 0.0
Q0_std = 0.0
----Array Parameters-----
Rows: 10
Columns: 10
VG: [[0.]
 [0.]
 [0.]
 [0.]
 [0.]
 [0.]
 [0.]
 [0.]
 [0.]
 [0.]
 [0.]
 [0.]
 [0.]
 [0.]
 [0.]
 [0.]
 [0.]
 [0.]
 [0.]
 [0.]
 [0.]
 [0.]
 [0.]
 [0.]
 [0.]
 [0.]
 [0.]
 [0.]
 [0.]
 [0.]
 [0.]
 [0.]
 [0.]
 [0.]
 [0.]
 [0.]
 [0.]
 [0.]
 [0.]
 [0.]
 [0.]
 [0.]
 [0.]
 [0.]
 [0.]
 [0.]
 [0.]
 [0.]
 [0.]
 [0.]
 [0.]
 [0.]
 [0.]
 [0.]
 [0.]
 [0.]
 [0.]
 [0.]
 [0.]
 [0.]
 [0.]
 [0.]
 [0.]
 [0.]
 [0.]
 [0.]
 [0.]
 [0.]
 [0.]
 [0.]
 [0.]
 [0.]
 [0.]
 [0.]
 [0.]
 [0.]
 [0.]
 [0.]
 [0.]
 [0.]
 [0.]
 [0.]
 [0.]
 [0.]
 [0.]
 [0.]
 [0.]
 [0.]
 [0.]
 [0.]
 [0.]
 [0.]
 [0.]
 [0.]
 [0.]
 [0.]
 [0.]
 [0.]
 [0.]
 [0.]]
CG: [[10.]
 [10.]
 [10.]
 [10.]
 [10.]
 [10.]
 [10.]
 [10.]
 [10.]
 [10.]
 [10.]
 [10.]
 [10.]
 [10.]
 [10.]
 [10.]
 [10.]
 [10.]
 [10.]
 [10.]
 [10.]
 [10.]
 [10.]
 [10.]
 [10.]
 [10.]
 [10.]
 [10.]
 [10.]
 [10.]
 [10.]
 [10.]
 [10.]
 [10.]
 [10.]
 [10.]
 [10.]
 [10.]
 [10.]
 [10.]
 [10.]
 [10.]
 [10.]
 [10.]
 [10.]
 [10.]
 [10.]
 [10.]
 [10.]
 [10.]
 [10.]
 [10.]
 [10.]
 [10.]
 [10.]
 [10.]
 [10.]
 [10.]
 [10.]
 [10.]
 [10.]
 [10.]
 [10.]
 [10.]
 [10.]
 [10.]
 [10.]
 [10.]
 [10.]
 [10.]
 [10.]
 [10.]
 [10.]
 [10.]
 [10.]
 [10.]
 [10.]
 [10.]
 [10.]
 [10.]
 [10.]
 [10.]
 [10.]
 [10.]
 [10.]
 [10.]
 [10.]
 [10.]
 [10.]
 [10.]
 [10.]
 [10.]
 [10.]
 [10.]
 [10.]
 [10.]
 [10.]
 [10.]
 [10.]
 [10.]]
RG: [[500.]
 [500.]
 [500.]
 [500.]
 [500.]
 [500.]
 [500.]
 [500.]
 [500.]
 [500.]
 [500.]
 [500.]
 [500.]
 [500.]
 [500.]
 [500.]
 [500.]
 [500.]
 [500.]
 [500.]
 [500.]
 [500.]
 [500.]
 [500.]
 [500.]
 [500.]
 [500.]
 [500.]
 [500.]
 [500.]
 [500.]
 [500.]
 [500.]
 [500.]
 [500.]
 [500.]
 [500.]
 [500.]
 [500.]
 [500.]
 [500.]
 [500.]
 [500.]
 [500.]
 [500.]
 [500.]
 [500.]
 [500.]
 [500.]
 [500.]
 [500.]
 [500.]
 [500.]
 [500.]
 [500.]
 [500.]
 [500.]
 [500.]
 [500.]
 [500.]
 [500.]
 [500.]
 [500.]
 [500.]
 [500.]
 [500.]
 [500.]
 [500.]
 [500.]
 [500.]
 [500.]
 [500.]
 [500.]
 [500.]
 [500.]
 [500.]
 [500.]
 [500.]
 [500.]
 [500.]
 [500.]
 [500.]
 [500.]
 [500.]
 [500.]
 [500.]
 [500.]
 [500.]
 [500.]
 [500.]
 [500.]
 [500.]
 [500.]
 [500.]
 [500.]
 [500.]
 [500.]
 [500.]
 [500.]
 [500.]]
Ch: [[1.91209308 1.91489191 1.93562999 1.98321962 1.91722697 2.06092227
  1.96839268 2.06890398 2.08466806 1.96576626 2.08159368]
 [1.96273669 1.95625269 2.02663903 1.94092067 1.98276693 1.99392425
  2.03745663 1.90775929 2.01938429 1.95852572 1.95549329]
 [1.97495314 2.09558983 1.99143155 2.04666574 1.96555812 1.9144972
  1.92472978 2.02467076 2.01431634 1.94608519 2.07030467]
 [2.09674202 1.96132317 2.00173806 1.99668878 2.00819745 1.92384732
  2.06717884 2.01359998 2.00032356 2.01848247 2.08679113]
 [1.98941107 1.95441269 2.06933157 1.97365273 1.92746737 2.06202821
  2.08614094 2.01433346 2.08561516 2.08079552 2.07769368]
 [2.0476076  1.95464017 2.08253141 2.00590838 2.00977983 1.91292671
  1.94397333 2.03879304 1.98024016 1.92995999 1.91089849]
 [1.90970326 1.95843803 2.02800229 2.04528137 2.0242179  1.97064406
  1.91263391 2.02451019 1.93003948 2.03069456 2.04397092]
 [2.02800754 2.03348161 2.09741155 1.91595442 1.99698946 1.91873563
  1.99692588 1.96103302 1.99547937 2.06613752 2.01040958]
 [1.91606996 1.97060253 2.0640718  2.03865437 1.95799348 2.06158098
  1.95003526 2.0758379  1.91765509 2.06367516 1.93693671]
 [1.90617563 1.94448487 2.01391947 2.03457729 2.05376509 1.98737915
  2.04139597 1.98642339 2.06295141 2.03962901 1.927388  ]]
Cv: [[0.         0.         0.         0.         0.         0.
  0.         0.         0.         0.        ]
 [2.05225519 2.06537727 1.94605577 1.96756244 1.96510353 1.90074958
  1.97306264 2.0607803  1.92595866 1.95394789]
 [1.93764238 1.9440999  2.01365154 2.03190268 1.95759631 2.03647758
  2.00618864 2.09694722 2.06239717 2.06653793]
 [1.98976579 1.99598926 1.95090533 1.97141634 2.04948991 1.96020244
  1.99792886 2.08017267 2.02992615 2.07759543]
 [1.90961918 2.04585623 1.98355504 1.92257231 2.07947238 1.98201352
  2.06774111 1.93211279 2.07394649 2.02945076]
 [2.01647288 2.04564873 1.96995219 1.98896008 2.06830545 2.06246134
  1.97176394 1.92950206 1.99300923 1.9163255 ]
 [2.01178685 1.99738926 1.99910074 1.95152638 1.95334854 2.04246109
  1.98260973 1.93678717 2.07863767 2.02512927]
 [1.9753563  1.96234442 1.97695149 1.90425164 2.06005587 2.02773847
  2.0468325  2.01691808 2.06518795 2.07492913]
 [2.06462986 2.07318044 2.01430401 1.96956551 1.91959908 2.04574988
  2.07856914 1.9879952  2.00684713 1.98296672]
 [1.98722015 2.00825821 1.93781671 1.91841836 1.90632293 2.04366315
  1.96840127 1.93099999 2.04006561 1.98328787]]
Rh: [[ 2.60468024  8.45947672  1.61934789  4.31680575 10.97715788  8.75742296
   1.21739045 11.35789664  1.4081815   3.70795879  2.90770327]
 [ 1.73724489 17.54357313  1.33065821  4.56586281  1.74002302  3.69166927
   9.30595929  1.28836798  1.2861275   2.39650092  2.56386676]
 [ 1.28754655  4.40964492  2.61930431  3.61169398  4.15442192  1.19351629
   9.24447858  4.08084525  2.8446933   1.53212312  2.43516548]
 [ 6.40531139  4.76707196  1.53270197  1.27606319 14.78378842  2.15318774
   8.66442483  9.46905518  2.41701398 15.97590226  1.33928178]
 [ 2.39764087 11.02190453  8.63865515  1.26832589  9.41297828 10.66472149
   3.8218307   4.02883309 10.52398945  2.89766065  1.60204658]
 [ 1.27305831 14.86673321  6.63659288 18.91212635  2.77126     7.94016919
   5.14411435  1.6658251   1.25136534  3.52686688  1.14056552]
 [ 2.36294865  5.48579609  1.67693727  2.51799457  1.6311972   4.0070252
   2.16187453  5.08411848  3.33322504  2.02330777  6.54535018]
 [ 5.53851412  5.98191885  9.17749595  2.25707776  3.05972157  1.23878073
  16.33279761 15.41714506  6.24487228  2.44863145 14.68741139]
 [16.65868127  1.40625246  2.64081322  4.43760885  5.7743444   2.42590407
  14.28429797  5.53821556  1.1838895   2.2749731   3.81538279]
 [10.84039636  1.02734754 10.76021508 17.8308907   4.91545301  9.21354182
   4.66445622  7.1705036  12.18195658 10.4673597  16.29912842]]
Rv: [[ 1.12909429  5.58140847  1.4778556   1.18815086 12.87122207  1.67566138
  10.10820642  4.33068207  9.51132911  1.45073648]
 [ 1.53250609 14.31205926  4.60446068  2.16367935  2.24485541  3.24138437
   1.84047596  4.21927391  1.99966281  3.54985026]
 [ 1.50297742  5.25881794  7.26166543  1.12188051  1.38396591 14.73636775
   8.91618193  3.65540541  2.28632    10.55626632]
 [ 1.84166424  2.84441422  1.45171711 18.06588599  5.22345064  1.68135488
   3.07185666  3.13710333 16.57446528  2.72744868]
 [ 2.59797459 16.48776617  1.24099853  5.17897663  4.8700389   4.75822617
   2.18287504 10.55902117 15.76119366  1.18562254]
 [11.13374213  4.59253854 14.80201184  2.20234522  3.84164288  1.34396125
  14.48901748  6.21637214  5.16898747  3.35486528]
 [ 5.04059042  1.48498238  1.10218359  2.59326579  5.64984985  1.70528801
   3.47209998  6.54361569  4.56232226  1.11906723]
 [ 1.4961765  10.77356087  2.69100627  9.73387609  2.29456172  1.75245159
  16.86796077 15.29318389  4.49613859  9.70766768]
 [ 2.24948346  4.07515573  4.08957977  1.88071802  2.05100915  8.37467481
  10.08768881  7.24573127  9.22002536  1.43892888]]