-------Running parameters--------
T = 0.001
temperature_gradient = 0.0
gap = 0.0
M = 10
N = 10
VR = 0.0
Vmin = 0.0
Vmax = 1.1
vStep = 0.001
vSym = True
repeats = 50
fileName = array_10_10_disorder_c_std_0.1_r_std_8_run_1
dist = exp
fullOutput = True
use_graph = False
current_map = True
plot_current_map = False
plot_binary_current_map = False
frame_norm = False
dbg = False
resume = False
sc = False
leaping = False
constQ = False
modifyR = False
double_time = False
double_loop = False
output_folder = bgu_2d_finite_temperature_different_disorders_statistics
params_path = 
VG_avg = 0.0
VG_std = 0.0
C_avg = 2.0
C_std = 0.1
CG_avg = 10.0
CG_std = 0.0
R_avg = 10.0
R_std = 8.0
custom_rh = ""
custom_rv = ""
custom_ch = ""
custom_cv = ""
RG_avg = 500.0
RG_std = 0.0
n0_avg = 0.0
n0_std = 0.0
Q0_avg = 0.0
Q0_std = 0.0
----Array Parameters-----
Rows: 10
Columns: 10
VG: [[0.]
 [0.]
 [0.]
 [0.]
 [0.]
 [0.]
 [0.]
 [0.]
 [0.]
 [0.]
 [0.]
 [0.]
 [0.]
 [0.]
 [0.]
 [0.]
 [0.]
 [0.]
 [0.]
 [0.]
 [0.]
 [0.]
 [0.]
 [0.]
 [0.]
 [0.]
 [0.]
 [0.]
 [0.]
 [0.]
 [0.]
 [0.]
 [0.]
 [0.]
 [0.]
 [0.]
 [0.]
 [0.]
 [0.]
 [0.]
 [0.]
 [0.]
 [0.]
 [0.]
 [0.]
 [0.]
 [0.]
 [0.]
 [0.]
 [0.]
 [0.]
 [0.]
 [0.]
 [0.]
 [0.]
 [0.]
 [0.]
 [0.]
 [0.]
 [0.]
 [0.]
 [0.]
 [0.]
 [0.]
 [0.]
 [0.]
 [0.]
 [0.]
 [0.]
 [0.]
 [0.]
 [0.]
 [0.]
 [0.]
 [0.]
 [0.]
 [0.]
 [0.]
 [0.]
 [0.]
 [0.]
 [0.]
 [0.]
 [0.]
 [0.]
 [0.]
 [0.]
 [0.]
 [0.]
 [0.]
 [0.]
 [0.]
 [0.]
 [0.]
 [0.]
 [0.]
 [0.]
 [0.]
 [0.]
 [0.]]
CG: [[10.]
 [10.]
 [10.]
 [10.]
 [10.]
 [10.]
 [10.]
 [10.]
 [10.]
 [10.]
 [10.]
 [10.]
 [10.]
 [10.]
 [10.]
 [10.]
 [10.]
 [10.]
 [10.]
 [10.]
 [10.]
 [10.]
 [10.]
 [10.]
 [10.]
 [10.]
 [10.]
 [10.]
 [10.]
 [10.]
 [10.]
 [10.]
 [10.]
 [10.]
 [10.]
 [10.]
 [10.]
 [10.]
 [10.]
 [10.]
 [10.]
 [10.]
 [10.]
 [10.]
 [10.]
 [10.]
 [10.]
 [10.]
 [10.]
 [10.]
 [10.]
 [10.]
 [10.]
 [10.]
 [10.]
 [10.]
 [10.]
 [10.]
 [10.]
 [10.]
 [10.]
 [10.]
 [10.]
 [10.]
 [10.]
 [10.]
 [10.]
 [10.]
 [10.]
 [10.]
 [10.]
 [10.]
 [10.]
 [10.]
 [10.]
 [10.]
 [10.]
 [10.]
 [10.]
 [10.]
 [10.]
 [10.]
 [10.]
 [10.]
 [10.]
 [10.]
 [10.]
 [10.]
 [10.]
 [10.]
 [10.]
 [10.]
 [10.]
 [10.]
 [10.]
 [10.]
 [10.]
 [10.]
 [10.]
 [10.]]
RG: [[500.]
 [500.]
 [500.]
 [500.]
 [500.]
 [500.]
 [500.]
 [500.]
 [500.]
 [500.]
 [500.]
 [500.]
 [500.]
 [500.]
 [500.]
 [500.]
 [500.]
 [500.]
 [500.]
 [500.]
 [500.]
 [500.]
 [500.]
 [500.]
 [500.]
 [500.]
 [500.]
 [500.]
 [500.]
 [500.]
 [500.]
 [500.]
 [500.]
 [500.]
 [500.]
 [500.]
 [500.]
 [500.]
 [500.]
 [500.]
 [500.]
 [500.]
 [500.]
 [500.]
 [500.]
 [500.]
 [500.]
 [500.]
 [500.]
 [500.]
 [500.]
 [500.]
 [500.]
 [500.]
 [500.]
 [500.]
 [500.]
 [500.]
 [500.]
 [500.]
 [500.]
 [500.]
 [500.]
 [500.]
 [500.]
 [500.]
 [500.]
 [500.]
 [500.]
 [500.]
 [500.]
 [500.]
 [500.]
 [500.]
 [500.]
 [500.]
 [500.]
 [500.]
 [500.]
 [500.]
 [500.]
 [500.]
 [500.]
 [500.]
 [500.]
 [500.]
 [500.]
 [500.]
 [500.]
 [500.]
 [500.]
 [500.]
 [500.]
 [500.]
 [500.]
 [500.]
 [500.]
 [500.]
 [500.]
 [500.]]
Ch: [[1.98161774 1.98668534 1.96989139 2.09313118 2.01487544 1.92739309
  2.05036807 2.08442859 2.09845161 2.00585787 2.00731886]
 [2.03266615 2.01952125 1.98764014 2.09905053 2.00665296 1.93151485
  1.93134814 1.99565594 2.07765329 2.02506478 2.0425007 ]
 [1.91647689 2.03416213 2.09249363 2.03297675 2.08071707 1.90025167
  2.08803571 2.05265634 1.94732717 2.07872577 2.09032887]
 [1.96720452 1.91891386 2.01839194 2.05368819 1.96083323 2.00114206
  2.00941717 1.96838703 2.0438251  2.00316866 1.99408527]
 [1.92819873 1.99563343 2.02828997 1.97036587 1.93479519 2.08691215
  1.99795523 1.94878213 2.02597649 2.04305367 2.05977058]
 [1.98390479 2.09547325 1.95995637 1.98761207 2.05363597 1.96420333
  2.05355588 1.97657285 2.0535303  2.08202793 1.95583352]
 [2.01527592 1.99269875 1.94052238 1.98946352 2.09450893 2.01602177
  1.96799694 2.08474212 2.02463422 1.94592407 2.07286263]
 [2.06901317 2.01221535 2.00022349 2.02559712 1.97859553 1.95486207
  1.97595137 2.00657313 2.02568291 1.9354127  2.08726757]
 [1.9575827  2.07668625 2.09667192 2.0132742  1.99244491 2.02197988
  2.05733308 1.9595406  1.94480314 1.96167646 1.98666497]
 [2.03279211 1.95743551 1.94670074 2.0094323  2.01395811 2.04319116
  2.08717495 2.09863209 2.09975717 2.01680965 1.95758155]]
Cv: [[0.         0.         0.         0.         0.         0.
  0.         0.         0.         0.        ]
 [1.92019901 2.02638555 1.98558217 2.00338526 2.06955232 1.95437338
  1.94973629 2.0226983  2.04979859 2.01428667]
 [1.98963764 2.03496255 2.07436838 2.01586846 2.09926705 1.92760021
  2.0687268  1.94089327 1.92268448 1.90720762]
 [2.07805766 2.02483847 1.9178639  2.06370646 1.92549497 1.98854346
  2.0969021  2.09487553 1.94731009 1.92877012]
 [1.99694402 2.05863348 1.91562588 2.02912406 1.96141138 2.06328318
  1.90821178 1.99120046 1.99686017 1.92066502]
 [1.90318592 2.0441232  1.95989935 2.08445025 2.0138825  2.03094159
  2.06967848 2.06715434 1.91542601 1.98732821]
 [1.94223763 2.07863305 1.93500988 1.91774767 2.06487749 1.90185737
  2.03557615 1.90600993 1.94367337 2.03779481]
 [1.98916812 1.94764836 1.97344933 1.98566062 1.97389254 1.97913581
  1.94206104 2.04959002 1.91988395 2.0285451 ]
 [1.97888047 1.92033439 2.04200516 1.94806935 1.92358178 1.91756015
  2.08516861 1.98319816 2.03280947 2.00883249]
 [1.94684485 1.99119444 1.90573005 2.01914815 1.94168003 1.96497642
  1.98417295 1.96342912 2.04714534 2.06768986]]
Rh: [[ 2.05426473  2.80634656 14.13664195  3.51820718  4.84250732  6.08420965
   2.22215253  9.24416272 11.078154   12.31834177  3.30147223]
 [ 4.94437437 14.0993218   4.34887043  6.66173438  3.01595531  7.7317625
   2.27758472  2.6985153  12.41329265  6.58365641  8.42203423]
 [11.671565    4.86531861  8.84284468  3.46742798  2.45786064 16.31393892
   3.2588953   2.15121151  4.91153593  5.41070932  8.74457615]
 [ 5.96038231  2.15318396  9.87421048 10.68830444  2.01577619  3.45537479
  17.75425318  8.3370248  12.0143284   4.68335593 14.86321347]
 [10.55757244  8.99058893  7.95248197  5.63516815  9.55549043 12.50389871
   4.86452819  2.34145181  4.7838852   7.53447533 16.82765793]
 [15.71588099  7.19338181  8.74091159 10.69240156 16.19867213 10.0809921
   3.34251302  7.51111993  5.54908673  9.26555746  3.88674505]
 [ 3.44444402  6.92882282  4.25783687  7.25002461  5.30924085  8.61337489
   2.99472191 16.37799855  4.15404176  7.15395929 10.07510898]
 [12.51536399 16.81479048  4.24140407 10.96918686  7.85025732  6.22128576
   3.5021076   6.620503    2.22447576  9.58255852  7.97392113]
 [ 2.84390393  2.79122729  6.54474444  3.28214151  4.71786617 11.67086012
   4.3022877   3.83217888  3.64163514  3.43045175  8.41858041]
 [ 2.97291902  4.26447484  6.6009355   7.87234342  4.71740875  4.02699527
   3.5940929   7.69107484  5.33990544  5.34283078  3.80853748]]
Rv: [[ 4.18853723  3.97503479 17.38722473  5.99379413 12.00378187  3.22815745
   4.19674366 10.69770904 13.14157141  2.53335353]
 [ 2.69426129  2.93398528 15.54548595  9.29226811  3.57261154 17.08174091
   3.24586146  8.31871435 14.71714723 10.70238766]
 [ 8.10440014  3.81280694  2.62706367  8.7926014   7.46756784  3.00037416
  13.30832236  9.42852182  3.0193672   5.55826205]
 [ 8.23132913  2.12568803  7.54171421  4.74707225 13.1950498  17.17392786
  10.83317568  2.3777859   4.45058861 12.60985698]
 [ 3.59421435  2.59923626  4.42600581  4.45377333  5.63334683  3.57395524
  11.49150524  5.52610247  4.39306393  3.16699825]
 [ 3.13987471 15.26914096  4.60786018  7.36894501  5.19133273 11.25210068
   4.74504384  5.53357524 10.43290353  7.10505073]
 [16.32669329  7.0647965   7.63127802  2.5240115   3.02023109  2.59417739
   2.64209991 12.49545112  8.18731136  4.20148899]
 [ 2.05109877 10.21460674  2.86713564 13.94642276  2.11683993 14.34827464
   3.5631613   8.86939215  5.11270286  5.42466715]
 [ 5.67124239 11.21009878  7.60394533  2.09021014  3.08761031  2.14633508
   4.43542209  3.98878387  2.0098332   2.49810868]]