-------Running parameters--------
T = 0.001
temperature_gradient = 0.0
gap = 0.0
M = 10
N = 10
VR = 0.0
Vmin = 0.0
Vmax = 1.1
vStep = 0.001
vSym = True
repeats = 50
fileName = array_10_10_disorder_c_std_0.1_r_std_5_run_4
dist = exp
fullOutput = True
use_graph = False
current_map = True
plot_current_map = False
plot_binary_current_map = False
frame_norm = False
dbg = False
resume = False
sc = False
leaping = False
constQ = False
modifyR = False
double_time = False
double_loop = False
output_folder = bgu_2d_finite_temperature_different_disorders_statistics
params_path = 
VG_avg = 0.0
VG_std = 0.0
C_avg = 2.0
C_std = 0.1
CG_avg = 10.0
CG_std = 0.0
R_avg = 10.0
R_std = 5.0
custom_rh = ""
custom_rv = ""
custom_ch = ""
custom_cv = ""
RG_avg = 500.0
RG_std = 0.0
n0_avg = 0.0
n0_std = 0.0
Q0_avg = 0.0
Q0_std = 0.0
----Array Parameters-----
Rows: 10
Columns: 10
VG: [[0.]
 [0.]
 [0.]
 [0.]
 [0.]
 [0.]
 [0.]
 [0.]
 [0.]
 [0.]
 [0.]
 [0.]
 [0.]
 [0.]
 [0.]
 [0.]
 [0.]
 [0.]
 [0.]
 [0.]
 [0.]
 [0.]
 [0.]
 [0.]
 [0.]
 [0.]
 [0.]
 [0.]
 [0.]
 [0.]
 [0.]
 [0.]
 [0.]
 [0.]
 [0.]
 [0.]
 [0.]
 [0.]
 [0.]
 [0.]
 [0.]
 [0.]
 [0.]
 [0.]
 [0.]
 [0.]
 [0.]
 [0.]
 [0.]
 [0.]
 [0.]
 [0.]
 [0.]
 [0.]
 [0.]
 [0.]
 [0.]
 [0.]
 [0.]
 [0.]
 [0.]
 [0.]
 [0.]
 [0.]
 [0.]
 [0.]
 [0.]
 [0.]
 [0.]
 [0.]
 [0.]
 [0.]
 [0.]
 [0.]
 [0.]
 [0.]
 [0.]
 [0.]
 [0.]
 [0.]
 [0.]
 [0.]
 [0.]
 [0.]
 [0.]
 [0.]
 [0.]
 [0.]
 [0.]
 [0.]
 [0.]
 [0.]
 [0.]
 [0.]
 [0.]
 [0.]
 [0.]
 [0.]
 [0.]
 [0.]]
CG: [[10.]
 [10.]
 [10.]
 [10.]
 [10.]
 [10.]
 [10.]
 [10.]
 [10.]
 [10.]
 [10.]
 [10.]
 [10.]
 [10.]
 [10.]
 [10.]
 [10.]
 [10.]
 [10.]
 [10.]
 [10.]
 [10.]
 [10.]
 [10.]
 [10.]
 [10.]
 [10.]
 [10.]
 [10.]
 [10.]
 [10.]
 [10.]
 [10.]
 [10.]
 [10.]
 [10.]
 [10.]
 [10.]
 [10.]
 [10.]
 [10.]
 [10.]
 [10.]
 [10.]
 [10.]
 [10.]
 [10.]
 [10.]
 [10.]
 [10.]
 [10.]
 [10.]
 [10.]
 [10.]
 [10.]
 [10.]
 [10.]
 [10.]
 [10.]
 [10.]
 [10.]
 [10.]
 [10.]
 [10.]
 [10.]
 [10.]
 [10.]
 [10.]
 [10.]
 [10.]
 [10.]
 [10.]
 [10.]
 [10.]
 [10.]
 [10.]
 [10.]
 [10.]
 [10.]
 [10.]
 [10.]
 [10.]
 [10.]
 [10.]
 [10.]
 [10.]
 [10.]
 [10.]
 [10.]
 [10.]
 [10.]
 [10.]
 [10.]
 [10.]
 [10.]
 [10.]
 [10.]
 [10.]
 [10.]
 [10.]]
RG: [[500.]
 [500.]
 [500.]
 [500.]
 [500.]
 [500.]
 [500.]
 [500.]
 [500.]
 [500.]
 [500.]
 [500.]
 [500.]
 [500.]
 [500.]
 [500.]
 [500.]
 [500.]
 [500.]
 [500.]
 [500.]
 [500.]
 [500.]
 [500.]
 [500.]
 [500.]
 [500.]
 [500.]
 [500.]
 [500.]
 [500.]
 [500.]
 [500.]
 [500.]
 [500.]
 [500.]
 [500.]
 [500.]
 [500.]
 [500.]
 [500.]
 [500.]
 [500.]
 [500.]
 [500.]
 [500.]
 [500.]
 [500.]
 [500.]
 [500.]
 [500.]
 [500.]
 [500.]
 [500.]
 [500.]
 [500.]
 [500.]
 [500.]
 [500.]
 [500.]
 [500.]
 [500.]
 [500.]
 [500.]
 [500.]
 [500.]
 [500.]
 [500.]
 [500.]
 [500.]
 [500.]
 [500.]
 [500.]
 [500.]
 [500.]
 [500.]
 [500.]
 [500.]
 [500.]
 [500.]
 [500.]
 [500.]
 [500.]
 [500.]
 [500.]
 [500.]
 [500.]
 [500.]
 [500.]
 [500.]
 [500.]
 [500.]
 [500.]
 [500.]
 [500.]
 [500.]
 [500.]
 [500.]
 [500.]
 [500.]]
Ch: [[2.03047316 2.06590615 1.90338728 2.08414488 1.92694258 1.93766722
  2.09963728 1.92811324 2.08836824 2.03730662 2.0273361 ]
 [2.02664428 1.94141871 1.91557077 1.98529731 1.97964556 1.93926679
  1.94825416 2.04216295 2.00442388 1.98553356 1.9094753 ]
 [1.91907695 1.9342155  1.98816563 2.0570863  2.04678601 2.00812271
  1.96072731 1.93649077 1.92692972 2.00632107 1.94565181]
 [1.91318272 2.00641313 1.95054767 2.01011369 2.04984983 1.99980771
  2.08164838 1.98173504 2.05380737 2.04103307 2.04343937]
 [2.0102614  1.98644553 2.09297097 2.02536224 1.95691561 2.09220784
  2.00663947 1.97245039 1.99733377 1.93865514 1.99481753]
 [2.01274813 2.04264012 2.0132369  1.99517353 2.02653949 1.97411559
  2.02621174 1.97492717 1.94533834 1.95584879 2.09231093]
 [2.02295566 2.06867832 2.01476594 1.93010425 1.92591881 1.941039
  1.96484266 1.9269804  1.9913752  1.93559256 1.96101074]
 [1.99841501 1.91599389 1.92833899 1.99693443 2.01783234 2.06619741
  2.03676069 2.03432767 1.99800364 1.96485755 2.07453795]
 [2.07734815 2.08310721 2.00806197 2.07094865 1.95602225 1.95860227
  1.9232384  1.95324749 1.94871371 1.95438827 1.93829172]
 [1.9151203  2.03937647 1.92113815 2.07667536 1.92363752 2.03339584
  1.92564721 1.9980464  2.01459172 1.95523375 2.05882436]]
Cv: [[0.         0.         0.         0.         0.         0.
  0.         0.         0.         0.        ]
 [1.94698878 2.04185114 1.90516449 1.90518294 1.97166535 1.95497882
  1.98261793 1.92062095 2.03933885 2.06409797]
 [1.97907661 1.93518407 1.91228903 1.91871152 1.92718882 1.92341586
  2.09862147 1.99923359 2.07931814 1.96319619]
 [2.0877623  2.05918901 1.93538079 1.94054796 2.02549306 2.07120601
  2.07637137 2.04137992 1.99606168 2.0768535 ]
 [2.09837904 1.93033659 1.91918143 2.04183441 1.93079688 2.01628284
  1.93733937 1.99636896 2.04295766 2.0083931 ]
 [1.99215864 1.98557534 2.07843643 1.97592287 2.05193501 2.07218871
  1.99590217 1.97266951 1.91322445 2.02351701]
 [2.07113465 1.93485946 1.99815526 1.94724485 2.00607908 2.09305981
  1.96935014 1.98467885 2.00019582 1.90879385]
 [1.96616192 1.95288732 2.00558029 1.90761749 1.91328142 1.9949527
  2.07963579 2.09090667 2.07853805 1.9180973 ]
 [1.99924851 1.99165891 1.96889388 2.01219442 2.09060059 1.97317009
  2.03534949 1.9176271  1.97698978 1.9058933 ]
 [2.08119591 2.08334917 1.92583438 1.9495502  2.08177208 1.96863857
  2.06460259 2.01165514 2.06686496 2.07355223]]
Rh: [[10.21832714  6.91564145 10.19688462  5.10329305 13.54864949  9.03931789
   8.73131074 13.69505786 13.88601164  8.48468246  8.08143447]
 [ 9.59174334  8.17469399  8.91039939 12.12103585  8.7881524   6.79410561
  10.154163   14.21234575  6.14628533  5.98693935 14.11251276]
 [ 7.21695734  6.02518445  5.39627257 14.84313712 14.17882577  8.5724407
  11.46585852 12.91948761  6.43366778  7.3071866  11.6042806 ]
 [11.69902754 14.70665243  7.48588901 11.17133449  5.15126175  9.47755955
   5.91498112 12.47057688  5.07404908 14.95321272 13.6796649 ]
 [ 7.33308561  6.45452162 10.61956834  9.67459544  7.78734641 10.40949857
  12.50994374  9.20643258  5.87511271  5.09322785  5.38642998]
 [14.65464869  5.46823298  9.7911171   5.11297252  9.06900468  7.5535633
  12.70685098 11.49486319 10.66192924 12.22212688  9.73032482]
 [ 7.53792013 12.77381246 13.15064201  9.22769566  5.22045257  5.52200061
  12.49725685 10.98403411 13.23432028  8.65378362  5.71187744]
 [ 9.49219573 11.21904374  8.84495201  8.9154876   6.83063576 10.08499906
   6.0970221   8.72281949  5.71911433 11.27506947  5.56867951]
 [11.28913894 13.37926953 12.16030169  9.091454   11.16008152  8.62896959
  13.49921125  8.39691355 13.90491742  5.12669728 12.60863433]
 [ 6.17320763 10.77317665 14.30012752 14.68442097  5.21011515 10.57479948
  10.34128012 12.92916041 14.78029278  7.66308441  6.20096931]]
Rv: [[12.24890217  6.19243724 12.22495652  8.08883358  8.34431332  5.37118034
   6.71551737 12.12115004  8.18878956 11.46791141]
 [ 9.22735054  6.95522154  5.3455897   9.13557835 11.50796416  7.4189988
   9.05545494 11.2712604  11.86635542  7.66025427]
 [10.65639225  5.47200625  6.14297659 12.94022189  8.90852784 10.11492461
   6.42182128 12.58379917  5.75946331  6.07147608]
 [ 7.68554707  5.52012299  5.37769433  6.58300238  6.30074479  6.36129813
   6.00913495  7.97605003 10.25894728  5.05046516]
 [ 7.86397308 11.49591439 10.17125375 11.30916748  8.82445733  6.50485059
   5.66298775 13.01338204  7.28736925  5.40458352]
 [ 8.58189164  5.73599639 11.97501128 12.01189661  6.16045104  5.11651702
   9.87615001  9.31927976 13.60788247  9.18575926]
 [ 9.94108013  9.81067751  8.5966699  13.20570006  7.12724113 10.89607858
   8.24971055  5.20252009 13.92681891 10.39159134]
 [ 6.75707314  5.46066338  9.13158406 10.5099883   5.74181728  6.48921959
   8.90102134  5.04297052  6.75581486  5.17382905]
 [12.83094246  6.50060985 10.56894889  7.20389791  8.11345025  6.53821331
   7.23930488  7.31190351 10.1863125  13.73747548]]