-------Running parameters--------
T = 0.001
temperature_gradient = 0.0
gap = 0.0
M = 10
N = 10
VR = 0.0
Vmin = 0.0
Vmax = 1.1
vStep = 0.001
vSym = True
repeats = 50
fileName = array_10_10_disorder_c_std_0.1_r_std_12_run_1
dist = exp
fullOutput = True
use_graph = False
current_map = True
plot_current_map = False
plot_binary_current_map = False
frame_norm = False
dbg = False
resume = False
sc = False
leaping = False
constQ = False
modifyR = False
double_time = False
double_loop = False
output_folder = bgu_2d_finite_temperature_different_disorders_statistics
params_path = 
VG_avg = 0.0
VG_std = 0.0
C_avg = 2.0
C_std = 0.1
CG_avg = 10.0
CG_std = 0.0
R_avg = 20.0
R_std = 12.0
custom_rh = ""
custom_rv = ""
custom_ch = ""
custom_cv = ""
RG_avg = 500.0
RG_std = 0.0
n0_avg = 0.0
n0_std = 0.0
Q0_avg = 0.0
Q0_std = 0.0
----Array Parameters-----
Rows: 10
Columns: 10
VG: [[0.]
 [0.]
 [0.]
 [0.]
 [0.]
 [0.]
 [0.]
 [0.]
 [0.]
 [0.]
 [0.]
 [0.]
 [0.]
 [0.]
 [0.]
 [0.]
 [0.]
 [0.]
 [0.]
 [0.]
 [0.]
 [0.]
 [0.]
 [0.]
 [0.]
 [0.]
 [0.]
 [0.]
 [0.]
 [0.]
 [0.]
 [0.]
 [0.]
 [0.]
 [0.]
 [0.]
 [0.]
 [0.]
 [0.]
 [0.]
 [0.]
 [0.]
 [0.]
 [0.]
 [0.]
 [0.]
 [0.]
 [0.]
 [0.]
 [0.]
 [0.]
 [0.]
 [0.]
 [0.]
 [0.]
 [0.]
 [0.]
 [0.]
 [0.]
 [0.]
 [0.]
 [0.]
 [0.]
 [0.]
 [0.]
 [0.]
 [0.]
 [0.]
 [0.]
 [0.]
 [0.]
 [0.]
 [0.]
 [0.]
 [0.]
 [0.]
 [0.]
 [0.]
 [0.]
 [0.]
 [0.]
 [0.]
 [0.]
 [0.]
 [0.]
 [0.]
 [0.]
 [0.]
 [0.]
 [0.]
 [0.]
 [0.]
 [0.]
 [0.]
 [0.]
 [0.]
 [0.]
 [0.]
 [0.]
 [0.]]
CG: [[10.]
 [10.]
 [10.]
 [10.]
 [10.]
 [10.]
 [10.]
 [10.]
 [10.]
 [10.]
 [10.]
 [10.]
 [10.]
 [10.]
 [10.]
 [10.]
 [10.]
 [10.]
 [10.]
 [10.]
 [10.]
 [10.]
 [10.]
 [10.]
 [10.]
 [10.]
 [10.]
 [10.]
 [10.]
 [10.]
 [10.]
 [10.]
 [10.]
 [10.]
 [10.]
 [10.]
 [10.]
 [10.]
 [10.]
 [10.]
 [10.]
 [10.]
 [10.]
 [10.]
 [10.]
 [10.]
 [10.]
 [10.]
 [10.]
 [10.]
 [10.]
 [10.]
 [10.]
 [10.]
 [10.]
 [10.]
 [10.]
 [10.]
 [10.]
 [10.]
 [10.]
 [10.]
 [10.]
 [10.]
 [10.]
 [10.]
 [10.]
 [10.]
 [10.]
 [10.]
 [10.]
 [10.]
 [10.]
 [10.]
 [10.]
 [10.]
 [10.]
 [10.]
 [10.]
 [10.]
 [10.]
 [10.]
 [10.]
 [10.]
 [10.]
 [10.]
 [10.]
 [10.]
 [10.]
 [10.]
 [10.]
 [10.]
 [10.]
 [10.]
 [10.]
 [10.]
 [10.]
 [10.]
 [10.]
 [10.]]
RG: [[500.]
 [500.]
 [500.]
 [500.]
 [500.]
 [500.]
 [500.]
 [500.]
 [500.]
 [500.]
 [500.]
 [500.]
 [500.]
 [500.]
 [500.]
 [500.]
 [500.]
 [500.]
 [500.]
 [500.]
 [500.]
 [500.]
 [500.]
 [500.]
 [500.]
 [500.]
 [500.]
 [500.]
 [500.]
 [500.]
 [500.]
 [500.]
 [500.]
 [500.]
 [500.]
 [500.]
 [500.]
 [500.]
 [500.]
 [500.]
 [500.]
 [500.]
 [500.]
 [500.]
 [500.]
 [500.]
 [500.]
 [500.]
 [500.]
 [500.]
 [500.]
 [500.]
 [500.]
 [500.]
 [500.]
 [500.]
 [500.]
 [500.]
 [500.]
 [500.]
 [500.]
 [500.]
 [500.]
 [500.]
 [500.]
 [500.]
 [500.]
 [500.]
 [500.]
 [500.]
 [500.]
 [500.]
 [500.]
 [500.]
 [500.]
 [500.]
 [500.]
 [500.]
 [500.]
 [500.]
 [500.]
 [500.]
 [500.]
 [500.]
 [500.]
 [500.]
 [500.]
 [500.]
 [500.]
 [500.]
 [500.]
 [500.]
 [500.]
 [500.]
 [500.]
 [500.]
 [500.]
 [500.]
 [500.]
 [500.]]
Ch: [[1.90757412 1.99521826 1.96429471 1.92326769 1.91813875 2.06643179
  2.07373661 2.05085778 1.92712108 1.90877834 1.91858351]
 [1.9748509  1.92076733 1.97078577 1.98651123 2.01035506 2.09038066
  2.082232   2.04519527 1.92575051 1.99132712 2.01456846]
 [1.94584782 1.94168779 1.93777773 1.97610151 2.09205047 1.93462417
  2.07431763 2.03087428 1.9323383  1.96314271 1.9593789 ]
 [1.95289014 2.05220458 2.00604234 2.04977369 1.90364515 2.00246079
  2.02418132 1.97076801 1.92349076 2.05086607 1.93483071]
 [1.96629165 1.90423672 1.95576081 2.07704181 2.05631241 1.96691514
  2.07818188 1.95660507 2.09292587 2.03446303 2.09428205]
 [1.92444508 1.99177541 2.01380146 2.05055085 1.97214847 2.09844772
  2.05898984 1.90568923 1.92224148 2.01129251 2.04984259]
 [1.98358308 1.98687086 2.02126978 1.99356488 2.04673044 2.00622897
  1.95262771 1.96378539 1.96170729 2.03989008 2.08719834]
 [2.07818142 1.91713015 2.03746518 1.9776117  2.02924576 2.0291783
  2.06688254 1.96538956 2.09061969 2.02307432 2.09598948]
 [2.07039904 1.98697006 2.06553634 1.95015122 2.02306882 2.08469951
  2.07308867 1.90194388 1.90752925 2.07850608 2.01859438]
 [1.93966061 2.09426387 2.09447064 1.9079663  2.09021744 1.93097238
  1.90090002 1.9527005  1.973682   2.0559525  2.08298635]]
Cv: [[0.         0.         0.         0.         0.         0.
  0.         0.         0.         0.        ]
 [2.04034333 2.03439332 2.01810369 1.95085221 2.09096016 2.05075935
  2.01319379 2.01767661 2.02183365 2.04737865]
 [1.92666377 1.93813182 1.95711254 1.98383478 1.95991612 1.90512422
  2.05804033 1.92050084 1.94906407 1.94145009]
 [1.94808186 2.01186138 1.90201329 1.97885777 2.03517457 1.97393788
  2.03053908 1.96246    2.02820247 2.02158355]
 [2.04475867 2.0150545  1.90792665 2.05753715 1.99940295 2.02691964
  1.95589032 1.92877784 1.93477397 1.92518895]
 [2.07540465 1.94632238 2.0946797  2.033411   1.93590216 1.96942434
  1.90552942 1.90089766 2.07842543 2.07752757]
 [2.08849402 1.95358509 1.92817996 1.99102141 1.90077084 2.08554309
  2.09956871 1.97093491 2.08829431 2.03503827]
 [2.06804189 2.08024818 2.07361556 2.08250287 2.04449388 1.93182797
  2.03870659 2.02900696 1.90999807 2.02787302]
 [2.02050388 1.97031663 1.99363083 1.98835829 2.07150307 1.90644429
  1.98733879 1.93362774 2.00006001 1.93964115]
 [2.08162047 2.07860513 1.95386527 1.97884038 1.98011276 2.05107357
  2.06578945 1.9602938  1.99988973 2.09675633]]
Rh: [[14.11571167 10.96412689 12.1907606  24.98470475 25.15452603 10.8173079
   8.35418312  8.07472721 26.59086762  9.99012708 28.02172068]
 [25.88417606  8.40641649 24.57584434 27.7563868  12.82454031 21.31767523
  17.21588502 10.59893399 18.16226496  9.58792496  8.55697944]
 [11.50229163 21.73877644 22.47745833 23.78262001 12.3679253  24.54048254
  19.93527208  8.87389098 26.40466351 14.38030464 24.7362798 ]
 [13.62934339  9.11254182 27.60399312  9.58357876  8.70970545  8.46191212
  29.35812229 17.60532852  8.45913545 14.85920441 12.55926545]
 [ 8.4670717  11.20077496 13.58713806 11.92755809 19.20348367 11.75690653
  25.97149608 11.83299956  9.99812896 10.51113809 26.57018921]
 [19.38507878 11.45943595 31.78313824 11.55395202 28.44018996  8.16487228
  10.34721681 22.64792774 16.73635626 16.42883344 13.18350981]
 [10.607571   19.96443021 22.31035773 27.59413721 30.91190454 25.71252861
  19.26884192  8.75814391 13.35955023 31.68907553 11.79978125]
 [13.37661729 24.6530498   8.15205149 14.38307837 15.93379937 31.90739531
  15.89209124 16.30527086 26.60121161 15.41481727 22.19221262]
 [10.53836139  8.58320399 11.81028931 27.27359182 19.79566158  8.62729212
  14.52161905  8.66800776 12.68247034 19.95499925 24.80710135]
 [12.81539373 25.59459095 14.63354172 14.71816346 12.09984713 16.0551309
  23.99554268 19.19729751 21.77727224  9.62053334 15.36075411]]
Rv: [[11.0429203  27.53249288 30.9644662  26.84831948 24.23365193 18.97038454
  26.88659122 11.56890265 13.00383547  9.58657049]
 [28.41644901 10.1250838  23.61424793 11.88031671 16.58126308 16.64271905
  30.31809167 10.33524793 13.25002795  9.9314917 ]
 [19.15953643 31.03496127 26.84217879 10.83278089 10.52271105  9.61943661
  15.95178554  9.1913772  25.37163551  8.2204975 ]
 [13.21481903  9.81275854 15.93799584 24.13510199  9.43271575 20.82023562
  30.56138962 25.13568636  8.16670243  9.27608386]
 [28.03799782 12.76066781 10.45826342 29.45662375 28.0552586  13.8946033
  25.32762788  9.1259566   8.67759153 15.76133935]
 [28.14421799  9.00214289 11.66178913 14.6392833  23.59189945 19.63344813
   9.91029666 20.40695336 22.46579259  9.03944158]
 [12.63518298 12.01850741 19.54432168 19.07681536 12.77876714 10.11353756
  10.68328206 13.80229398 12.66405896 10.42670032]
 [23.25368695 16.78871831 11.85011311 12.67190443 25.95945551 21.73014426
  20.22691527  9.4262938  11.17379359 11.33557165]
 [29.73868993 26.32275477 23.36476485 15.45094229 22.84924022  8.80110197
  26.38250584 28.00268642 18.60074538 28.10913914]]