-------Running parameters--------
T = 0.001
temperature_gradient = 0.0
gap = 0.0
M = 10
N = 10
VR = 0.0
Vmin = 0.0
Vmax = 1.1
vStep = 0.001
vSym = True
repeats = 50
fileName = array_10_10_disorder_c_std_0.1_r_std_11_run_5
dist = exp
fullOutput = True
use_graph = False
current_map = True
plot_current_map = False
plot_binary_current_map = False
frame_norm = False
dbg = False
resume = False
sc = False
leaping = False
constQ = False
modifyR = False
double_time = False
double_loop = False
output_folder = bgu_2d_finite_temperature_different_disorders_statistics
params_path = 
VG_avg = 0.0
VG_std = 0.0
C_avg = 2.0
C_std = 0.1
CG_avg = 10.0
CG_std = 0.0
R_avg = 20.0
R_std = 11.0
custom_rh = ""
custom_rv = ""
custom_ch = ""
custom_cv = ""
RG_avg = 500.0
RG_std = 0.0
n0_avg = 0.0
n0_std = 0.0
Q0_avg = 0.0
Q0_std = 0.0
----Array Parameters-----
Rows: 10
Columns: 10
VG: [[0.]
 [0.]
 [0.]
 [0.]
 [0.]
 [0.]
 [0.]
 [0.]
 [0.]
 [0.]
 [0.]
 [0.]
 [0.]
 [0.]
 [0.]
 [0.]
 [0.]
 [0.]
 [0.]
 [0.]
 [0.]
 [0.]
 [0.]
 [0.]
 [0.]
 [0.]
 [0.]
 [0.]
 [0.]
 [0.]
 [0.]
 [0.]
 [0.]
 [0.]
 [0.]
 [0.]
 [0.]
 [0.]
 [0.]
 [0.]
 [0.]
 [0.]
 [0.]
 [0.]
 [0.]
 [0.]
 [0.]
 [0.]
 [0.]
 [0.]
 [0.]
 [0.]
 [0.]
 [0.]
 [0.]
 [0.]
 [0.]
 [0.]
 [0.]
 [0.]
 [0.]
 [0.]
 [0.]
 [0.]
 [0.]
 [0.]
 [0.]
 [0.]
 [0.]
 [0.]
 [0.]
 [0.]
 [0.]
 [0.]
 [0.]
 [0.]
 [0.]
 [0.]
 [0.]
 [0.]
 [0.]
 [0.]
 [0.]
 [0.]
 [0.]
 [0.]
 [0.]
 [0.]
 [0.]
 [0.]
 [0.]
 [0.]
 [0.]
 [0.]
 [0.]
 [0.]
 [0.]
 [0.]
 [0.]
 [0.]]
CG: [[10.]
 [10.]
 [10.]
 [10.]
 [10.]
 [10.]
 [10.]
 [10.]
 [10.]
 [10.]
 [10.]
 [10.]
 [10.]
 [10.]
 [10.]
 [10.]
 [10.]
 [10.]
 [10.]
 [10.]
 [10.]
 [10.]
 [10.]
 [10.]
 [10.]
 [10.]
 [10.]
 [10.]
 [10.]
 [10.]
 [10.]
 [10.]
 [10.]
 [10.]
 [10.]
 [10.]
 [10.]
 [10.]
 [10.]
 [10.]
 [10.]
 [10.]
 [10.]
 [10.]
 [10.]
 [10.]
 [10.]
 [10.]
 [10.]
 [10.]
 [10.]
 [10.]
 [10.]
 [10.]
 [10.]
 [10.]
 [10.]
 [10.]
 [10.]
 [10.]
 [10.]
 [10.]
 [10.]
 [10.]
 [10.]
 [10.]
 [10.]
 [10.]
 [10.]
 [10.]
 [10.]
 [10.]
 [10.]
 [10.]
 [10.]
 [10.]
 [10.]
 [10.]
 [10.]
 [10.]
 [10.]
 [10.]
 [10.]
 [10.]
 [10.]
 [10.]
 [10.]
 [10.]
 [10.]
 [10.]
 [10.]
 [10.]
 [10.]
 [10.]
 [10.]
 [10.]
 [10.]
 [10.]
 [10.]
 [10.]]
RG: [[500.]
 [500.]
 [500.]
 [500.]
 [500.]
 [500.]
 [500.]
 [500.]
 [500.]
 [500.]
 [500.]
 [500.]
 [500.]
 [500.]
 [500.]
 [500.]
 [500.]
 [500.]
 [500.]
 [500.]
 [500.]
 [500.]
 [500.]
 [500.]
 [500.]
 [500.]
 [500.]
 [500.]
 [500.]
 [500.]
 [500.]
 [500.]
 [500.]
 [500.]
 [500.]
 [500.]
 [500.]
 [500.]
 [500.]
 [500.]
 [500.]
 [500.]
 [500.]
 [500.]
 [500.]
 [500.]
 [500.]
 [500.]
 [500.]
 [500.]
 [500.]
 [500.]
 [500.]
 [500.]
 [500.]
 [500.]
 [500.]
 [500.]
 [500.]
 [500.]
 [500.]
 [500.]
 [500.]
 [500.]
 [500.]
 [500.]
 [500.]
 [500.]
 [500.]
 [500.]
 [500.]
 [500.]
 [500.]
 [500.]
 [500.]
 [500.]
 [500.]
 [500.]
 [500.]
 [500.]
 [500.]
 [500.]
 [500.]
 [500.]
 [500.]
 [500.]
 [500.]
 [500.]
 [500.]
 [500.]
 [500.]
 [500.]
 [500.]
 [500.]
 [500.]
 [500.]
 [500.]
 [500.]
 [500.]
 [500.]]
Ch: [[1.96058022 2.06609969 1.98144695 2.08693546 2.0434802  1.99063368
  2.07163824 1.96185682 1.95039377 2.05234132 2.01184706]
 [2.01370019 2.0004638  1.93266887 2.09936628 2.00868798 1.93424087
  2.0241122  2.06660174 1.90382705 1.90684228 1.99444087]
 [2.0737174  2.07245639 2.09706855 1.95349368 1.95886898 2.05020221
  2.09810104 2.05534221 1.9206153  2.08391723 1.92856787]
 [1.98123488 1.96591439 2.03641472 1.90499912 2.01491899 2.02313489
  1.9702955  1.91255031 1.90692691 1.9361976  1.98186843]
 [2.09868772 1.92191274 1.9080225  1.9562488  2.0921188  1.91611057
  1.96770379 2.08985884 1.94788844 2.00835981 2.01718608]
 [1.93332014 1.96641387 1.9694486  1.93503127 1.92130295 1.91640537
  1.93146712 2.01832219 1.94477637 2.02969151 2.00272479]
 [1.9022066  1.90399208 1.98274562 2.09178039 2.09124838 2.08534735
  1.94710881 2.0406056  2.00533296 1.94821274 2.01623434]
 [2.05802341 1.96644041 2.08748927 1.9713471  2.07300441 1.93625231
  1.96143841 1.98463143 1.91324303 2.08411699 1.96485047]
 [2.0708079  1.91514791 2.06449737 2.09511456 1.97424387 2.087916
  2.08445339 1.93019255 2.00751044 1.9546838  1.96901977]
 [2.01387872 1.95339817 1.91519163 2.06642956 1.97108687 2.04420408
  1.96837741 1.9368303  1.97271706 2.09638077 1.99839929]]
Cv: [[0.         0.         0.         0.         0.         0.
  0.         0.         0.         0.        ]
 [2.07895742 1.92334317 1.99397796 2.08706108 2.02232995 2.06144153
  1.99230896 2.00048572 2.06834101 1.96371757]
 [2.08818319 2.02879522 2.05626791 2.01106548 1.95237209 1.9008906
  1.96343991 1.97932607 2.02205338 2.07617183]
 [1.90800531 2.02689721 2.07721534 2.07993955 2.03710929 1.91158922
  1.91248304 2.04970353 1.98987155 2.06557717]
 [2.08180872 2.03589227 1.90358562 1.98847764 2.08088642 2.03053347
  1.97708592 2.04409731 1.95812293 2.09296954]
 [1.95869832 2.00025727 1.98878591 2.05626694 2.03987714 1.92135681
  1.97286784 1.93136189 2.04671303 2.07226928]
 [1.9133248  1.9396137  2.07154851 1.98607263 1.97781796 1.91479147
  1.99601008 1.93186714 2.03424531 2.01531492]
 [1.91289638 2.03379209 1.96533358 1.98405002 2.02778149 2.09157802
  1.92491388 2.00101086 2.02604438 2.00669398]
 [2.01677322 1.95868911 2.09146149 1.98944347 2.06372092 2.00729237
  1.91310387 1.94230664 1.98876233 2.09140253]
 [1.99533275 2.06695498 2.02620118 2.07618717 1.93348534 2.09532272
  2.0726016  1.97593205 1.98088037 2.04884961]]
Rh: [[16.21358877  9.03010656 10.69536254 12.23523882  9.37108903 21.42299683
  15.01401123 14.32809203 19.27259307 16.12578716 17.24974744]
 [13.53313555 26.60825901 22.18081829 12.10636652 18.82655198 13.32818028
   9.75407273 25.82869773 28.05959184 23.97643058 22.40334255]
 [25.36108913 24.5201445  30.80671455 16.97526563 26.57193281 11.17926311
  13.978934   26.17816704 19.43931263 18.49461026 14.82192866]
 [20.96989002 13.90030595  9.31870498 10.67316564 20.92820561 11.10495942
   9.49052057 22.37447088 24.37959738 30.83416266 24.27286563]
 [27.20079217 30.34051479 14.28939553  9.46330226 20.45839003 28.64959333
  12.1792695  22.44802481  9.70679766 23.5190909  17.57263058]
 [23.94208238 11.51365533 11.36133178 20.67676717 19.15404568 19.89606884
  26.74517363 18.62595751 16.89523355 11.3154022  15.63128232]
 [22.51443278 17.37380825 18.22774355 16.6043985  20.06187912 12.72184773
  16.42184097 12.43061704 25.64207555 12.69279582 27.41779219]
 [22.70791998 23.3837403  17.85255407  9.58599647 27.4572398  18.34848465
  18.60652381 18.08739957 16.11053371 17.81070535 11.00109818]
 [27.0556272  23.4291109  17.76873008 30.16767582 12.16789372 15.86435101
  20.37094323 21.15099778 19.20747719 19.69878953 10.29639473]
 [23.77546075 15.25537221  9.09438116 23.47091455 14.58266009  9.23400022
   9.65882703 26.88365728 16.03076865 12.90978491 11.57900075]]
Rv: [[17.88120809 17.60458892 10.62592142 13.65487809 18.38423971 13.49791253
  14.72368835 26.05389676 23.4628426  13.89738884]
 [14.58917655 25.67926602 27.89219029 20.51280157 21.83997583 15.61181156
  14.31674297 25.93495288 18.01091973 18.96900735]
 [10.929436   12.4644526  16.46451644 25.76292316 15.1383394  17.76710129
  13.6293254  11.26286264 29.40413469 27.72639365]
 [26.18929974 19.36501052 10.17959068 13.67185643  9.12969717 29.75149088
  17.28388991 17.70217432 11.04174325 26.77827447]
 [30.36807857 11.60426792  9.80621118 13.44660524  9.46441706 11.33215674
  24.56243066 13.40831051 13.70857093 28.09314567]
 [27.44281337 14.06705622 14.49758577 20.53965723 25.37559494 10.98283996
   9.4684758  21.53057414 10.40275536 10.25772156]
 [10.99289935 12.94501845 20.87540402 27.34269568 14.69496475 11.50563269
  19.53575991 14.87271058 30.05280429  9.0216823 ]
 [12.65835583 21.60575507 30.85012467 29.43338277 10.97352638 12.04243506
   9.88537492 18.65953864 25.22366985 10.18715662]
 [18.42760146 17.95943555 20.10432418 19.18768624  9.66808878  9.43536733
  27.01570458 17.22444022 29.87321032 12.71718669]]