-------Running parameters--------
T = 0.001
temperature_gradient = 0.0
gap = 0.0
M = 10
N = 10
VR = 0.0
Vmin = 0.0
Vmax = 1.1
vStep = 0.001
vSym = True
repeats = 50
fileName = array_10_10_disorder_c_std_0.1_r_std_10_run_2
dist = exp
fullOutput = True
use_graph = False
current_map = True
plot_current_map = False
plot_binary_current_map = False
frame_norm = False
dbg = False
resume = False
sc = False
leaping = False
constQ = False
modifyR = False
double_time = False
double_loop = False
output_folder = bgu_2d_finite_temperature_different_disorders_statistics
params_path = 
VG_avg = 0.0
VG_std = 0.0
C_avg = 2.0
C_std = 0.1
CG_avg = 10.0
CG_std = 0.0
R_avg = 20.0
R_std = 10.0
custom_rh = ""
custom_rv = ""
custom_ch = ""
custom_cv = ""
RG_avg = 500.0
RG_std = 0.0
n0_avg = 0.0
n0_std = 0.0
Q0_avg = 0.0
Q0_std = 0.0
----Array Parameters-----
Rows: 10
Columns: 10
VG: [[0.]
 [0.]
 [0.]
 [0.]
 [0.]
 [0.]
 [0.]
 [0.]
 [0.]
 [0.]
 [0.]
 [0.]
 [0.]
 [0.]
 [0.]
 [0.]
 [0.]
 [0.]
 [0.]
 [0.]
 [0.]
 [0.]
 [0.]
 [0.]
 [0.]
 [0.]
 [0.]
 [0.]
 [0.]
 [0.]
 [0.]
 [0.]
 [0.]
 [0.]
 [0.]
 [0.]
 [0.]
 [0.]
 [0.]
 [0.]
 [0.]
 [0.]
 [0.]
 [0.]
 [0.]
 [0.]
 [0.]
 [0.]
 [0.]
 [0.]
 [0.]
 [0.]
 [0.]
 [0.]
 [0.]
 [0.]
 [0.]
 [0.]
 [0.]
 [0.]
 [0.]
 [0.]
 [0.]
 [0.]
 [0.]
 [0.]
 [0.]
 [0.]
 [0.]
 [0.]
 [0.]
 [0.]
 [0.]
 [0.]
 [0.]
 [0.]
 [0.]
 [0.]
 [0.]
 [0.]
 [0.]
 [0.]
 [0.]
 [0.]
 [0.]
 [0.]
 [0.]
 [0.]
 [0.]
 [0.]
 [0.]
 [0.]
 [0.]
 [0.]
 [0.]
 [0.]
 [0.]
 [0.]
 [0.]
 [0.]]
CG: [[10.]
 [10.]
 [10.]
 [10.]
 [10.]
 [10.]
 [10.]
 [10.]
 [10.]
 [10.]
 [10.]
 [10.]
 [10.]
 [10.]
 [10.]
 [10.]
 [10.]
 [10.]
 [10.]
 [10.]
 [10.]
 [10.]
 [10.]
 [10.]
 [10.]
 [10.]
 [10.]
 [10.]
 [10.]
 [10.]
 [10.]
 [10.]
 [10.]
 [10.]
 [10.]
 [10.]
 [10.]
 [10.]
 [10.]
 [10.]
 [10.]
 [10.]
 [10.]
 [10.]
 [10.]
 [10.]
 [10.]
 [10.]
 [10.]
 [10.]
 [10.]
 [10.]
 [10.]
 [10.]
 [10.]
 [10.]
 [10.]
 [10.]
 [10.]
 [10.]
 [10.]
 [10.]
 [10.]
 [10.]
 [10.]
 [10.]
 [10.]
 [10.]
 [10.]
 [10.]
 [10.]
 [10.]
 [10.]
 [10.]
 [10.]
 [10.]
 [10.]
 [10.]
 [10.]
 [10.]
 [10.]
 [10.]
 [10.]
 [10.]
 [10.]
 [10.]
 [10.]
 [10.]
 [10.]
 [10.]
 [10.]
 [10.]
 [10.]
 [10.]
 [10.]
 [10.]
 [10.]
 [10.]
 [10.]
 [10.]]
RG: [[500.]
 [500.]
 [500.]
 [500.]
 [500.]
 [500.]
 [500.]
 [500.]
 [500.]
 [500.]
 [500.]
 [500.]
 [500.]
 [500.]
 [500.]
 [500.]
 [500.]
 [500.]
 [500.]
 [500.]
 [500.]
 [500.]
 [500.]
 [500.]
 [500.]
 [500.]
 [500.]
 [500.]
 [500.]
 [500.]
 [500.]
 [500.]
 [500.]
 [500.]
 [500.]
 [500.]
 [500.]
 [500.]
 [500.]
 [500.]
 [500.]
 [500.]
 [500.]
 [500.]
 [500.]
 [500.]
 [500.]
 [500.]
 [500.]
 [500.]
 [500.]
 [500.]
 [500.]
 [500.]
 [500.]
 [500.]
 [500.]
 [500.]
 [500.]
 [500.]
 [500.]
 [500.]
 [500.]
 [500.]
 [500.]
 [500.]
 [500.]
 [500.]
 [500.]
 [500.]
 [500.]
 [500.]
 [500.]
 [500.]
 [500.]
 [500.]
 [500.]
 [500.]
 [500.]
 [500.]
 [500.]
 [500.]
 [500.]
 [500.]
 [500.]
 [500.]
 [500.]
 [500.]
 [500.]
 [500.]
 [500.]
 [500.]
 [500.]
 [500.]
 [500.]
 [500.]
 [500.]
 [500.]
 [500.]
 [500.]]
Ch: [[1.94355219 2.07539199 2.00434582 1.95768632 1.91111621 1.96241093
  1.91673983 1.9282095  2.04133193 2.05604746 1.94119898]
 [2.06582321 1.96428843 1.92221734 1.90212047 1.95268082 2.06963766
  2.08516022 1.91429354 2.05683373 2.00507981 1.92284963]
 [2.0262756  1.92638135 1.9204409  2.05415416 1.92681998 1.92575716
  2.0783054  1.95042323 2.03579861 2.00793024 1.97691971]
 [2.03015821 2.05485135 1.90908628 2.07350946 1.9786888  1.98284135
  2.05745554 2.00629842 2.00949782 2.02061593 1.97785321]
 [1.92931127 1.91928753 2.03333362 1.97593243 2.07618802 2.05947206
  1.93476225 2.02824123 2.06443965 1.96337332 2.05504847]
 [2.08911909 2.01567136 1.9602393  2.00425132 1.91214825 2.05265263
  2.04861233 1.90099748 1.99292424 2.05781792 1.98215109]
 [1.90712953 2.00103768 2.05945726 1.97895339 1.92392845 1.91692419
  2.02114622 2.06471816 2.02562648 2.00311524 1.94524491]
 [1.95477357 1.93998473 1.94182185 2.04758841 2.02206448 1.99267674
  1.90010629 1.93665406 1.91494303 2.04614622 2.08007654]
 [1.93426694 1.96207244 2.02092957 2.01064986 1.91559733 1.95516527
  2.0551836  1.96696487 1.98340069 1.90937219 2.04449984]
 [2.01553782 1.93816442 2.09269324 1.93367784 2.04933767 2.05257264
  1.99751178 2.01906922 1.92803791 2.04045867 1.95286919]]
Cv: [[0.         0.         0.         0.         0.         0.
  0.         0.         0.         0.        ]
 [2.00850579 2.04463969 2.03861825 2.09638786 2.08681867 2.00229755
  1.93579262 1.93659668 1.99417056 2.09623514]
 [2.09148103 2.01344368 1.93898015 1.91172597 1.98021452 2.04986807
  1.96433323 1.92147723 1.99168754 1.90693713]
 [1.9561194  1.98439143 2.05739059 1.98729987 2.00141873 1.92413081
  1.95998334 1.95674683 1.98093603 1.91600718]
 [1.97390758 1.94444732 1.98786971 2.06422915 2.06816505 1.98297618
  1.95786843 2.00774616 2.04296359 1.9578754 ]
 [2.03464648 2.03188791 1.90393307 1.99273186 2.07814456 2.07280549
  1.93014426 1.98416002 1.97196673 2.05456834]
 [1.90465208 1.95317168 1.94193999 1.94840869 2.05245067 2.04427602
  2.03765959 2.07647186 2.00703543 1.90834511]
 [2.01339367 1.92392056 2.02942536 2.0389303  1.98061497 1.92576489
  2.09378781 1.92308673 2.0841866  1.9879212 ]
 [1.99186139 1.97108065 2.00069292 2.0053524  2.05199229 1.93460085
  2.08766155 2.00924651 1.98692371 2.05078704]
 [1.95380634 2.0394113  2.05906876 2.08838646 1.99672157 1.95597211
  2.05236388 2.03973003 1.95522991 1.97683602]]
Rh: [[11.25406817 23.4577094  15.4683067  21.01777177 21.47196445 21.42904111
  12.4138604  12.65262771 19.91431727 22.54241217 21.39552325]
 [11.12072204 14.15451542 22.09878921 11.58727043 10.58749205 11.067507
  25.7750271  28.53632957 17.54299942 29.77327892 24.24019413]
 [17.67455879 25.10210883 11.92894047 12.65958511 13.47399036 21.68760174
  10.87189867 26.69898185 16.12018391 15.55877899 13.49072039]
 [17.70630494 17.06940907 12.58965153 10.85619036 11.99243622 29.17387619
  25.90379996 10.94205501 15.08579056 11.03988047 21.66832025]
 [19.2503286  10.61572887 16.37448757 11.8443992  12.33886894 16.15893269
  29.2048221  20.21547598 28.43203977 13.33160312 23.43386762]
 [19.96018424 13.29765616 14.42244542 17.19349662 11.63193576 18.36009344
  10.2615261  14.76789183 21.89132263 19.26202292 11.42224234]
 [12.54208632 16.42624956 21.92511408 23.9554742  29.94023713 16.92200362
  10.35550941 13.25228329 13.64963138 26.41369784 10.57988473]
 [15.51054258 10.49375026 12.09325648 21.39612142 24.27388792 17.54821474
  21.3838942  12.03576207 24.06902773 29.33052832 15.58313297]
 [11.39060424 28.63625776 13.19589728 18.33309581 20.74770254 19.14308871
  26.15562418 15.24369892 13.35858422 12.75534394 14.55733705]
 [14.96745413 17.75890935 17.29291054 24.85186992 19.12244556 18.63991692
  24.3476836  23.00357198 17.39787434 25.69823738 17.73879405]]
Rv: [[12.39904196 27.39148262 21.96584052 24.33427484 14.77791461 21.71182865
  26.08032052 23.76503573 24.95215596 26.19444615]
 [20.52468759 18.91063526 19.89385413 14.15058738 18.18055665 10.45894101
  12.45091104 22.43970228 17.8735165  12.35223943]
 [24.86586143 29.16682549 11.53193809 10.5770302  15.15207776 25.10182059
  12.61521837 12.72200246 10.05027176 21.01584793]
 [13.59630712 11.97487234 10.90283008 25.67926468 22.02740548 25.01165841
  23.75113751 16.390896   13.43011605 16.47887804]
 [16.42021236 15.33487618 24.46436859 28.38149698 14.18076046 11.21656371
  13.81812124 23.82702051 25.43793444 11.86736384]
 [10.58960624 27.35776329 21.16568465 16.63793324 11.23374515 19.64886859
  13.31826496 10.73391106 20.84321818 21.04808825]
 [21.17570859 21.54074333 11.53877392 25.58648231 27.04537534 19.2397989
  12.73159861 13.17251863 12.65458122 12.52764815]
 [27.46882216 13.18104956 10.61369522 14.26707126 12.7026795  13.1971154
  21.71675077 29.19311756 20.68188271 18.1234647 ]
 [15.14238226 26.34317167 25.22545303 12.2035611  14.09472173 11.07153369
  28.79639312 22.21500206 13.72378832 19.58676172]]