-------Running parameters--------
T = 0.001
temperature_gradient = 0.0
gap = 0.0
M = 10
N = 10
VR = 0.0
Vmin = 0.0
Vmax = 1.1
vStep = 0.001
vSym = True
repeats = 50
fileName = array_10_10_disorder_c_std_0.1_r_std_8.5_run_5
dist = exp
fullOutput = True
use_graph = False
current_map = True
plot_current_map = False
plot_binary_current_map = False
frame_norm = False
dbg = False
resume = False
sc = False
leaping = False
constQ = False
modifyR = False
double_time = False
double_loop = False
output_folder = bgu_2d_finite_temperature_different_disorders_statistics
params_path = 
VG_avg = 0.0
VG_std = 0.0
C_avg = 2.0
C_std = 0.1
CG_avg = 10.0
CG_std = 0.0
R_avg = 10.0
R_std = 8.5
custom_rh = ""
custom_rv = ""
custom_ch = ""
custom_cv = ""
RG_avg = 500.0
RG_std = 0.0
n0_avg = 0.0
n0_std = 0.0
Q0_avg = 0.0
Q0_std = 0.0
----Array Parameters-----
Rows: 10
Columns: 10
VG: [[0.]
 [0.]
 [0.]
 [0.]
 [0.]
 [0.]
 [0.]
 [0.]
 [0.]
 [0.]
 [0.]
 [0.]
 [0.]
 [0.]
 [0.]
 [0.]
 [0.]
 [0.]
 [0.]
 [0.]
 [0.]
 [0.]
 [0.]
 [0.]
 [0.]
 [0.]
 [0.]
 [0.]
 [0.]
 [0.]
 [0.]
 [0.]
 [0.]
 [0.]
 [0.]
 [0.]
 [0.]
 [0.]
 [0.]
 [0.]
 [0.]
 [0.]
 [0.]
 [0.]
 [0.]
 [0.]
 [0.]
 [0.]
 [0.]
 [0.]
 [0.]
 [0.]
 [0.]
 [0.]
 [0.]
 [0.]
 [0.]
 [0.]
 [0.]
 [0.]
 [0.]
 [0.]
 [0.]
 [0.]
 [0.]
 [0.]
 [0.]
 [0.]
 [0.]
 [0.]
 [0.]
 [0.]
 [0.]
 [0.]
 [0.]
 [0.]
 [0.]
 [0.]
 [0.]
 [0.]
 [0.]
 [0.]
 [0.]
 [0.]
 [0.]
 [0.]
 [0.]
 [0.]
 [0.]
 [0.]
 [0.]
 [0.]
 [0.]
 [0.]
 [0.]
 [0.]
 [0.]
 [0.]
 [0.]
 [0.]]
CG: [[10.]
 [10.]
 [10.]
 [10.]
 [10.]
 [10.]
 [10.]
 [10.]
 [10.]
 [10.]
 [10.]
 [10.]
 [10.]
 [10.]
 [10.]
 [10.]
 [10.]
 [10.]
 [10.]
 [10.]
 [10.]
 [10.]
 [10.]
 [10.]
 [10.]
 [10.]
 [10.]
 [10.]
 [10.]
 [10.]
 [10.]
 [10.]
 [10.]
 [10.]
 [10.]
 [10.]
 [10.]
 [10.]
 [10.]
 [10.]
 [10.]
 [10.]
 [10.]
 [10.]
 [10.]
 [10.]
 [10.]
 [10.]
 [10.]
 [10.]
 [10.]
 [10.]
 [10.]
 [10.]
 [10.]
 [10.]
 [10.]
 [10.]
 [10.]
 [10.]
 [10.]
 [10.]
 [10.]
 [10.]
 [10.]
 [10.]
 [10.]
 [10.]
 [10.]
 [10.]
 [10.]
 [10.]
 [10.]
 [10.]
 [10.]
 [10.]
 [10.]
 [10.]
 [10.]
 [10.]
 [10.]
 [10.]
 [10.]
 [10.]
 [10.]
 [10.]
 [10.]
 [10.]
 [10.]
 [10.]
 [10.]
 [10.]
 [10.]
 [10.]
 [10.]
 [10.]
 [10.]
 [10.]
 [10.]
 [10.]]
RG: [[500.]
 [500.]
 [500.]
 [500.]
 [500.]
 [500.]
 [500.]
 [500.]
 [500.]
 [500.]
 [500.]
 [500.]
 [500.]
 [500.]
 [500.]
 [500.]
 [500.]
 [500.]
 [500.]
 [500.]
 [500.]
 [500.]
 [500.]
 [500.]
 [500.]
 [500.]
 [500.]
 [500.]
 [500.]
 [500.]
 [500.]
 [500.]
 [500.]
 [500.]
 [500.]
 [500.]
 [500.]
 [500.]
 [500.]
 [500.]
 [500.]
 [500.]
 [500.]
 [500.]
 [500.]
 [500.]
 [500.]
 [500.]
 [500.]
 [500.]
 [500.]
 [500.]
 [500.]
 [500.]
 [500.]
 [500.]
 [500.]
 [500.]
 [500.]
 [500.]
 [500.]
 [500.]
 [500.]
 [500.]
 [500.]
 [500.]
 [500.]
 [500.]
 [500.]
 [500.]
 [500.]
 [500.]
 [500.]
 [500.]
 [500.]
 [500.]
 [500.]
 [500.]
 [500.]
 [500.]
 [500.]
 [500.]
 [500.]
 [500.]
 [500.]
 [500.]
 [500.]
 [500.]
 [500.]
 [500.]
 [500.]
 [500.]
 [500.]
 [500.]
 [500.]
 [500.]
 [500.]
 [500.]
 [500.]
 [500.]]
Ch: [[2.05895897 1.9626724  1.93149912 2.09687266 1.91151528 2.00672847
  1.9919961  1.91845988 2.01374972 1.92053272 2.00263139]
 [1.90129544 1.91382562 1.92995892 1.93171445 2.07988619 1.93083311
  2.00053288 1.95519562 2.03927776 2.04818051 1.90592902]
 [1.93290344 1.90514653 1.99966355 2.04775308 2.00507182 1.96574807
  1.9720761  1.95975788 1.92798072 2.01992066 1.95993456]
 [2.05395444 2.05911985 2.08114912 1.92684401 2.02333591 1.90047676
  1.98664578 2.00536894 2.0703809  1.93182154 1.98246065]
 [2.08788845 1.98552621 1.9639113  2.05881367 1.92869292 1.91200852
  1.92210894 2.00541288 2.06524402 2.04548102 1.93450321]
 [1.90796487 1.98251616 2.02209933 2.05345027 1.91933852 2.08221993
  1.95723059 2.08378152 2.01121782 1.99504762 1.9591624 ]
 [2.05886234 1.97468205 1.95217541 1.98065697 2.00892468 1.99160988
  1.97271818 2.01422049 1.93168642 2.07409848 1.96449679]
 [2.01933288 2.08040712 1.93925179 2.06671549 2.07071989 2.08745571
  1.93410613 2.09538913 1.91836875 2.07260709 1.98040327]
 [1.9728828  1.9749644  1.93570748 1.97239053 1.95670883 2.03667156
  2.0231199  1.97467044 2.05099953 1.94476798 1.93383067]
 [2.06324892 2.03548122 1.98314284 2.09535257 2.08626086 2.00158148
  1.99751129 1.97749535 2.07085944 2.03586019 2.0910547 ]]
Cv: [[0.         0.         0.         0.         0.         0.
  0.         0.         0.         0.        ]
 [2.08411722 1.94892117 2.02633722 2.02389338 2.08642889 2.00170675
  1.95558334 1.97946298 2.05959149 1.90203282]
 [2.04522517 2.00581192 1.91218771 1.98104049 2.02888008 1.9150602
  1.98350555 1.98389592 1.92727515 1.96602215]
 [1.9664889  1.99805214 1.90488717 1.99973397 1.94452518 1.92460256
  2.05160686 2.01051918 2.09160526 2.06457656]
 [2.06719808 1.91538937 1.95259493 2.02442467 1.97766294 1.9555429
  1.9418158  2.05656993 2.01395307 1.96506203]
 [2.02703918 2.07298185 1.982085   2.03859056 2.09051964 2.03430845
  2.0618492  2.02026941 2.09696855 1.98376328]
 [1.95366337 2.05191857 1.91668497 1.9349094  2.01089934 1.97846104
  2.05287303 1.93551192 1.91562448 1.93335809]
 [2.07282568 2.07305839 2.08624314 2.08514575 1.92424321 1.95093242
  1.91339372 1.97271578 1.95353433 1.93577663]
 [2.0619778  1.91737001 2.0888406  1.98729481 2.03046228 1.90482298
  1.99353054 1.92602207 2.05124934 1.96671202]
 [1.91470125 1.93994966 1.95786022 1.95914153 2.00000559 2.07835432
  2.00857603 2.07236819 2.01209374 2.02583241]]
Rh: [[ 3.22586268 13.83174169  6.582912    3.04686044  8.3831512   3.2341926
  12.65032413  1.86386019  3.42777169  5.67891596  3.57893289]
 [ 7.75386354  3.88124794  4.9380625   1.72966466  3.73279088  2.12447582
  13.4106212   4.25510754  2.14737257  2.56645768 12.71758589]
 [ 3.4912368   6.21524363  4.85439555  2.53673457  6.36885715  6.18555874
   2.7796543   5.61980504  4.85329513 13.91602387 14.93249658]
 [ 8.4251066   2.11853757  1.61767438  7.86262857  1.73825543  2.96752944
   2.54481435  2.33858708  9.58809654  2.85580103  4.03462078]
 [ 4.09209991 14.55843937  2.00537448  2.175588   15.44213398 10.06468463
   2.43582496  7.21728724  4.11444393  7.41065153  7.34610647]
 [ 2.51455388  5.6239265   8.32242365  5.35888902  2.57118179  9.23195203
  15.56912695 16.68613582  7.77298253  4.92220079  3.15379172]
 [ 4.76475563  3.22271427 15.05853727  7.2999733   7.29146362  1.89339097
   1.71311264 14.56098785 14.00186247  7.71730088  5.77511519]
 [ 3.24351678 11.50133323 14.24523928  4.43122786  2.151815    6.35568034
   1.58341006  6.21506641  8.28612491  1.87663568  4.88733702]
 [12.4787016   8.95224764  6.46225776  7.55385167  8.15445634  3.78836993
   1.75832466 18.08733336  2.65945443  3.64990155  8.3601318 ]
 [ 2.11972649  7.17527721 12.19871608  2.82555764  6.31016896  2.96072429
   2.38231758  2.86096851 13.47155479 11.83721483  2.82978266]]
Rv: [[ 6.55127757  3.75223422  6.32914028  2.59213479  2.63735073 17.7662601
   7.31790122 15.2474654   1.73882641  7.77131486]
 [ 7.70275939  2.68305793  2.72566104  7.7545683   5.40668501  2.32558861
   3.92730683  2.76451027 13.79117366  2.13966878]
 [ 4.15739694  6.07450338  4.1027168   1.50237765  3.65301934  5.03339294
  15.30898817  5.70083947  6.21072307  1.85911141]
 [ 2.06667275 18.22928051  2.03205023 16.69333175 16.99662913  1.82549517
   8.11212055  4.18732729  3.03174678  3.50049263]
 [16.19145399  1.85795239  4.38128363  4.25769475 14.4352828   1.75004848
   2.81182624  7.47432659  1.753215    2.80415019]
 [ 7.30181014  1.97938     2.21290774  3.52716138  3.09860599  4.74754208
   3.92424429 11.7388352   2.26332407 17.08583654]
 [ 5.54645693 12.31216927  4.83860107  7.95152722 10.90689127 10.47541012
   5.50998776 16.60343953  1.88760383  7.14303512]
 [ 2.85636726 13.93455015  1.75031548 12.60631794  7.17230107  8.89723984
   2.44566174  4.99006962  2.25552586 15.61459667]
 [ 3.24833991  4.44283506  7.796328    3.61978335  1.94663354  3.54210439
  12.36339308  2.98308947  4.97220926  3.50624621]]