-------Running parameters--------
T = 0.001
temperature_gradient = 0.0
gap = 0.0
M = 10
N = 10
VR = 0.0
Vmin = 0.0
Vmax = 1.1
vStep = 0.001
vSym = True
repeats = 50
fileName = array_10_10_disorder_c_std_0.1_r_std_8.5_run_9
dist = exp
fullOutput = True
use_graph = False
current_map = True
plot_current_map = False
plot_binary_current_map = False
frame_norm = False
dbg = False
resume = False
sc = False
leaping = False
constQ = False
modifyR = False
double_time = False
double_loop = False
output_folder = bgu_2d_finite_temperature_different_disorders_statistics
params_path = 
VG_avg = 0.0
VG_std = 0.0
C_avg = 2.0
C_std = 0.1
CG_avg = 10.0
CG_std = 0.0
R_avg = 10.0
R_std = 8.5
custom_rh = ""
custom_rv = ""
custom_ch = ""
custom_cv = ""
RG_avg = 500.0
RG_std = 0.0
n0_avg = 0.0
n0_std = 0.0
Q0_avg = 0.0
Q0_std = 0.0
----Array Parameters-----
Rows: 10
Columns: 10
VG: [[0.]
 [0.]
 [0.]
 [0.]
 [0.]
 [0.]
 [0.]
 [0.]
 [0.]
 [0.]
 [0.]
 [0.]
 [0.]
 [0.]
 [0.]
 [0.]
 [0.]
 [0.]
 [0.]
 [0.]
 [0.]
 [0.]
 [0.]
 [0.]
 [0.]
 [0.]
 [0.]
 [0.]
 [0.]
 [0.]
 [0.]
 [0.]
 [0.]
 [0.]
 [0.]
 [0.]
 [0.]
 [0.]
 [0.]
 [0.]
 [0.]
 [0.]
 [0.]
 [0.]
 [0.]
 [0.]
 [0.]
 [0.]
 [0.]
 [0.]
 [0.]
 [0.]
 [0.]
 [0.]
 [0.]
 [0.]
 [0.]
 [0.]
 [0.]
 [0.]
 [0.]
 [0.]
 [0.]
 [0.]
 [0.]
 [0.]
 [0.]
 [0.]
 [0.]
 [0.]
 [0.]
 [0.]
 [0.]
 [0.]
 [0.]
 [0.]
 [0.]
 [0.]
 [0.]
 [0.]
 [0.]
 [0.]
 [0.]
 [0.]
 [0.]
 [0.]
 [0.]
 [0.]
 [0.]
 [0.]
 [0.]
 [0.]
 [0.]
 [0.]
 [0.]
 [0.]
 [0.]
 [0.]
 [0.]
 [0.]]
CG: [[10.]
 [10.]
 [10.]
 [10.]
 [10.]
 [10.]
 [10.]
 [10.]
 [10.]
 [10.]
 [10.]
 [10.]
 [10.]
 [10.]
 [10.]
 [10.]
 [10.]
 [10.]
 [10.]
 [10.]
 [10.]
 [10.]
 [10.]
 [10.]
 [10.]
 [10.]
 [10.]
 [10.]
 [10.]
 [10.]
 [10.]
 [10.]
 [10.]
 [10.]
 [10.]
 [10.]
 [10.]
 [10.]
 [10.]
 [10.]
 [10.]
 [10.]
 [10.]
 [10.]
 [10.]
 [10.]
 [10.]
 [10.]
 [10.]
 [10.]
 [10.]
 [10.]
 [10.]
 [10.]
 [10.]
 [10.]
 [10.]
 [10.]
 [10.]
 [10.]
 [10.]
 [10.]
 [10.]
 [10.]
 [10.]
 [10.]
 [10.]
 [10.]
 [10.]
 [10.]
 [10.]
 [10.]
 [10.]
 [10.]
 [10.]
 [10.]
 [10.]
 [10.]
 [10.]
 [10.]
 [10.]
 [10.]
 [10.]
 [10.]
 [10.]
 [10.]
 [10.]
 [10.]
 [10.]
 [10.]
 [10.]
 [10.]
 [10.]
 [10.]
 [10.]
 [10.]
 [10.]
 [10.]
 [10.]
 [10.]]
RG: [[500.]
 [500.]
 [500.]
 [500.]
 [500.]
 [500.]
 [500.]
 [500.]
 [500.]
 [500.]
 [500.]
 [500.]
 [500.]
 [500.]
 [500.]
 [500.]
 [500.]
 [500.]
 [500.]
 [500.]
 [500.]
 [500.]
 [500.]
 [500.]
 [500.]
 [500.]
 [500.]
 [500.]
 [500.]
 [500.]
 [500.]
 [500.]
 [500.]
 [500.]
 [500.]
 [500.]
 [500.]
 [500.]
 [500.]
 [500.]
 [500.]
 [500.]
 [500.]
 [500.]
 [500.]
 [500.]
 [500.]
 [500.]
 [500.]
 [500.]
 [500.]
 [500.]
 [500.]
 [500.]
 [500.]
 [500.]
 [500.]
 [500.]
 [500.]
 [500.]
 [500.]
 [500.]
 [500.]
 [500.]
 [500.]
 [500.]
 [500.]
 [500.]
 [500.]
 [500.]
 [500.]
 [500.]
 [500.]
 [500.]
 [500.]
 [500.]
 [500.]
 [500.]
 [500.]
 [500.]
 [500.]
 [500.]
 [500.]
 [500.]
 [500.]
 [500.]
 [500.]
 [500.]
 [500.]
 [500.]
 [500.]
 [500.]
 [500.]
 [500.]
 [500.]
 [500.]
 [500.]
 [500.]
 [500.]
 [500.]]
Ch: [[2.01435461 1.99700226 1.98828541 2.04402057 2.05593975 1.98662034
  2.09828929 1.91704303 2.03523518 2.08855926 2.0175202 ]
 [1.96065662 1.91623992 1.94210855 2.01776206 2.04152827 2.0143188
  2.07646754 1.90310083 2.02818152 2.07632541 1.99238412]
 [1.99281092 1.95785069 2.08642949 1.91359161 1.95886879 2.00306047
  2.01097387 1.99921596 1.92379748 1.93841224 1.90124347]
 [2.00701125 2.04462538 2.01777907 2.00140302 1.97641124 2.08597015
  1.909087   1.99220726 2.04539763 1.9790937  2.07159359]
 [1.94048981 1.92444039 1.96516499 2.02949997 2.02629957 1.90565996
  1.92900105 2.07048493 2.03947142 2.09329172 1.92539656]
 [2.01959414 2.00453299 2.08778765 1.90890394 1.93238992 1.92579782
  2.09484538 1.94869208 2.04493305 1.9272796  1.9743372 ]
 [1.99099792 2.02647504 1.93134844 2.01452295 2.01528871 2.02451437
  1.96907216 2.08412061 2.09597388 1.92268579 2.02348396]
 [1.95094844 1.93590876 2.00413295 1.92218746 2.00419546 2.00123787
  2.03812091 1.90855437 1.93578937 1.9297923  2.03724908]
 [1.97361249 1.98673217 2.05185566 1.95335246 2.03013204 1.90615595
  2.07119701 2.02713127 2.04604692 1.93474214 2.05905081]
 [2.04892159 2.09582414 1.97363319 1.94011162 1.97623913 2.05255388
  2.02881434 1.93540358 1.90036572 1.91583002 1.961221  ]]
Cv: [[0.         0.         0.         0.         0.         0.
  0.         0.         0.         0.        ]
 [1.98386026 2.01593108 1.95344437 1.98201128 2.04017908 2.01827328
  1.98047955 1.91700743 2.07835557 1.92489202]
 [2.07782613 1.95445512 1.98070046 2.00695934 1.93012045 1.92689403
  2.04475651 2.03369234 1.95981804 2.09564718]
 [1.95705598 2.0865131  2.05366821 1.94531852 1.90859628 1.9946074
  2.03948517 2.0770339  2.02417755 1.97032232]
 [2.05333069 1.98549561 2.0464961  2.03244006 1.9586099  2.02743284
  2.04200059 1.90456654 1.90745706 1.90768656]
 [1.92662578 1.97080453 2.01790634 1.99079419 2.08732773 2.06852222
  1.96381979 1.96071656 2.00999789 2.05730797]
 [2.02462018 1.907645   2.07875462 1.97698411 2.0135222  2.00431862
  2.01853524 1.96171968 1.92825366 2.07393245]
 [2.01489784 2.02202392 2.08870333 2.07549654 2.09369206 2.03488504
  2.00854015 1.99917432 2.02413312 2.01381322]
 [2.09218543 1.92554603 2.09643605 1.94650477 1.95211589 1.98837553
  2.00683552 1.94684408 2.07813053 1.9077139 ]
 [2.06964932 2.01450474 2.02620548 1.9072096  1.94099587 2.0750287
  1.9602256  2.09881993 1.94245629 1.95235925]]
Rh: [[ 2.2334074  15.98714658 15.99860477  1.72530084  5.89683377  2.29082703
   1.72802717  5.78695646 15.73686195  4.50616435 17.68308894]
 [ 2.99261758 14.47773078  2.65858986 11.11722349  1.85353857  1.91465156
   4.63397318 15.15078913  2.9274362   1.94588237 17.11043059]
 [ 6.03085534  2.32845335  1.50753523  7.62533373  2.21269036  2.5056666
   5.3127457   8.90020781  9.36536999  4.75640867  5.39467571]
 [ 4.58279287  6.25391804 10.88469188  2.16364785 10.1939664  14.29498388
   5.0135981   2.91892789  1.78923301  3.60214588  5.67203391]
 [13.78731384  6.82730524 10.88868799 15.42814489  6.85325518  7.18105678
  15.60600367  1.81872639  5.78756365 12.21716707  7.03335564]
 [ 1.80917252  2.48778324  2.14220618  4.04946933  2.61747184  5.06991851
   3.16140629 14.76568988  7.35404718  1.57718977  9.66846379]
 [10.51180413  8.24690588  4.12597894  1.80178654  4.2900025   5.49986234
  13.93214844  7.00877335  6.13267191  1.71600919 14.64533467]
 [14.21483163  1.96596658  3.58425052  6.9004255   4.37261815  4.46411252
   2.51319713  6.61403844  3.32675092  3.20021     6.50053987]
 [13.71168974  4.23070364  9.63336469  1.65785883  2.35623693  9.16603532
   4.91613355  6.72352509 10.20910362  7.39671142  1.99115903]
 [ 6.63293659  2.57699322 13.49322104  6.76406179  3.87897883 11.73577211
  14.5231511  13.82519606 14.54309894  4.80565168  8.67461415]]
Rv: [[12.67172888 13.83533848  3.40082462  7.76502955 13.80259188  2.01939776
   2.44683639  5.12508413 12.12686103  7.80533184]
 [ 9.20864661  1.94531539 16.67475611  1.88588488  9.54554421 12.14333775
   9.85986791 16.84231173  9.71213323  8.9965287 ]
 [ 3.31304298 15.25174849  3.50342591  6.33749719  4.39512634  8.77842502
   2.6205101   1.96190326  7.11965614  5.74088213]
 [ 4.64458722  1.90686224  3.88342065  3.70853739 16.3028207  11.59869675
   2.64523667  6.53037189 11.65719574 13.36398281]
 [ 9.08076369 17.59038904 14.66938021  2.86325176  1.71959727 13.24727602
   2.30714332  9.93724522  6.47341906  6.1747633 ]
 [ 1.70300139  4.88844905  2.73673833  2.08815881  2.28930575  4.36045857
   7.58981359 16.02328382  3.04881325 12.06343096]
 [ 4.26387144  1.9921209   7.92897034 16.86561283  5.17465828  3.94347962
   3.44609698  5.81891825 13.26345575 11.43250896]
 [ 5.33275518 11.51213694 15.98507788 15.64429279 15.05703259  5.88614444
   5.46826907  3.13749256  4.06128811  7.42439232]
 [ 2.67523409 13.06556525  1.90853636  1.51460892  2.60975832  4.82085652
   3.72815042  4.60304176 15.55185483  7.70881629]]