-------Running parameters--------
T = 0.001
temperature_gradient = 0.0
gap = 0.0
M = 10
N = 10
VR = 0.0
Vmin = 0.0
Vmax = 1.1
vStep = 0.001
vSym = True
repeats = 50
fileName = array_10_10_disorder_c_std_0.1_r_std_11_run_9
dist = exp
fullOutput = True
use_graph = False
current_map = True
plot_current_map = False
plot_binary_current_map = False
frame_norm = False
dbg = False
resume = False
sc = False
leaping = False
constQ = False
modifyR = False
double_time = False
double_loop = False
output_folder = bgu_2d_finite_temperature_different_disorders_statistics
params_path = 
VG_avg = 0.0
VG_std = 0.0
C_avg = 2.0
C_std = 0.1
CG_avg = 10.0
CG_std = 0.0
R_avg = 20.0
R_std = 11.0
custom_rh = ""
custom_rv = ""
custom_ch = ""
custom_cv = ""
RG_avg = 500.0
RG_std = 0.0
n0_avg = 0.0
n0_std = 0.0
Q0_avg = 0.0
Q0_std = 0.0
----Array Parameters-----
Rows: 10
Columns: 10
VG: [[0.]
 [0.]
 [0.]
 [0.]
 [0.]
 [0.]
 [0.]
 [0.]
 [0.]
 [0.]
 [0.]
 [0.]
 [0.]
 [0.]
 [0.]
 [0.]
 [0.]
 [0.]
 [0.]
 [0.]
 [0.]
 [0.]
 [0.]
 [0.]
 [0.]
 [0.]
 [0.]
 [0.]
 [0.]
 [0.]
 [0.]
 [0.]
 [0.]
 [0.]
 [0.]
 [0.]
 [0.]
 [0.]
 [0.]
 [0.]
 [0.]
 [0.]
 [0.]
 [0.]
 [0.]
 [0.]
 [0.]
 [0.]
 [0.]
 [0.]
 [0.]
 [0.]
 [0.]
 [0.]
 [0.]
 [0.]
 [0.]
 [0.]
 [0.]
 [0.]
 [0.]
 [0.]
 [0.]
 [0.]
 [0.]
 [0.]
 [0.]
 [0.]
 [0.]
 [0.]
 [0.]
 [0.]
 [0.]
 [0.]
 [0.]
 [0.]
 [0.]
 [0.]
 [0.]
 [0.]
 [0.]
 [0.]
 [0.]
 [0.]
 [0.]
 [0.]
 [0.]
 [0.]
 [0.]
 [0.]
 [0.]
 [0.]
 [0.]
 [0.]
 [0.]
 [0.]
 [0.]
 [0.]
 [0.]
 [0.]]
CG: [[10.]
 [10.]
 [10.]
 [10.]
 [10.]
 [10.]
 [10.]
 [10.]
 [10.]
 [10.]
 [10.]
 [10.]
 [10.]
 [10.]
 [10.]
 [10.]
 [10.]
 [10.]
 [10.]
 [10.]
 [10.]
 [10.]
 [10.]
 [10.]
 [10.]
 [10.]
 [10.]
 [10.]
 [10.]
 [10.]
 [10.]
 [10.]
 [10.]
 [10.]
 [10.]
 [10.]
 [10.]
 [10.]
 [10.]
 [10.]
 [10.]
 [10.]
 [10.]
 [10.]
 [10.]
 [10.]
 [10.]
 [10.]
 [10.]
 [10.]
 [10.]
 [10.]
 [10.]
 [10.]
 [10.]
 [10.]
 [10.]
 [10.]
 [10.]
 [10.]
 [10.]
 [10.]
 [10.]
 [10.]
 [10.]
 [10.]
 [10.]
 [10.]
 [10.]
 [10.]
 [10.]
 [10.]
 [10.]
 [10.]
 [10.]
 [10.]
 [10.]
 [10.]
 [10.]
 [10.]
 [10.]
 [10.]
 [10.]
 [10.]
 [10.]
 [10.]
 [10.]
 [10.]
 [10.]
 [10.]
 [10.]
 [10.]
 [10.]
 [10.]
 [10.]
 [10.]
 [10.]
 [10.]
 [10.]
 [10.]]
RG: [[500.]
 [500.]
 [500.]
 [500.]
 [500.]
 [500.]
 [500.]
 [500.]
 [500.]
 [500.]
 [500.]
 [500.]
 [500.]
 [500.]
 [500.]
 [500.]
 [500.]
 [500.]
 [500.]
 [500.]
 [500.]
 [500.]
 [500.]
 [500.]
 [500.]
 [500.]
 [500.]
 [500.]
 [500.]
 [500.]
 [500.]
 [500.]
 [500.]
 [500.]
 [500.]
 [500.]
 [500.]
 [500.]
 [500.]
 [500.]
 [500.]
 [500.]
 [500.]
 [500.]
 [500.]
 [500.]
 [500.]
 [500.]
 [500.]
 [500.]
 [500.]
 [500.]
 [500.]
 [500.]
 [500.]
 [500.]
 [500.]
 [500.]
 [500.]
 [500.]
 [500.]
 [500.]
 [500.]
 [500.]
 [500.]
 [500.]
 [500.]
 [500.]
 [500.]
 [500.]
 [500.]
 [500.]
 [500.]
 [500.]
 [500.]
 [500.]
 [500.]
 [500.]
 [500.]
 [500.]
 [500.]
 [500.]
 [500.]
 [500.]
 [500.]
 [500.]
 [500.]
 [500.]
 [500.]
 [500.]
 [500.]
 [500.]
 [500.]
 [500.]
 [500.]
 [500.]
 [500.]
 [500.]
 [500.]
 [500.]]
Ch: [[2.05558523 1.96761961 1.97628522 1.92240896 2.02680198 2.08806216
  1.96547798 2.06305057 2.06093199 2.05327754 1.91770515]
 [1.94515566 2.07307963 1.94017244 1.9330312  1.96304719 1.91503461
  2.09525896 2.09785743 1.9035278  1.93892169 1.92570422]
 [2.02522789 1.94980796 2.03753153 1.94952563 1.90127422 2.04739827
  1.94426945 2.02931312 1.90977677 1.99682426 1.93347032]
 [2.07977778 1.96542006 2.0750541  1.90329622 2.01373574 1.91214004
  2.08879089 1.90785193 2.08340413 1.94373375 1.91761091]
 [2.05511158 2.03312655 2.07556166 1.99401402 1.97248069 1.99614331
  1.92932931 1.98030963 2.05031711 2.07375067 1.93095542]
 [1.98116872 1.91315698 1.90035185 1.9406656  1.91255581 1.92617751
  1.90606815 2.02138468 1.94786481 2.08519806 1.97628986]
 [1.92622724 2.05197577 2.04365839 1.97589358 1.90969154 1.91044672
  1.98375036 2.07643035 1.98722007 2.08413885 2.06126766]
 [2.00936548 1.97920006 1.98359893 1.99829651 1.96228728 1.99842143
  1.95589316 1.96895957 1.9515581  1.92637799 1.99667082]
 [1.92612366 1.96846746 1.94377223 1.93651379 1.95997842 2.09212139
  2.03840846 2.03493109 1.95559145 1.9794181  2.05753643]
 [2.03637888 2.08163965 2.03513906 1.97640445 1.96117355 1.92054952
  2.00723673 2.03547265 1.99063567 1.98683148 2.0763997 ]]
Cv: [[0.         0.         0.         0.         0.         0.
  0.         0.         0.         0.        ]
 [2.00436665 2.03111106 1.9991753  2.04088828 2.03830487 2.06984096
  1.9027265  1.92110091 2.03704409 1.9121836 ]
 [1.93040089 1.93177276 1.98404416 1.98482407 2.02710768 1.96771498
  1.96061415 2.05523138 1.94748229 2.04715896]
 [1.90566443 2.09551804 1.97780311 2.01053343 2.00621139 1.93075477
  1.93598675 1.96206409 1.93048383 1.92526289]
 [1.98526047 2.0353017  1.96633563 2.03393253 2.02024701 1.95778219
  1.9717773  1.91412775 2.04585532 1.99372757]
 [1.96990845 1.96963514 1.93718591 1.96174862 1.97743339 1.95456198
  2.07789625 1.92735045 2.0755019  1.9971369 ]
 [2.04566073 1.99765635 1.96879252 2.03731163 2.04811109 2.06032152
  1.9707452  1.98462006 1.93099879 1.92968484]
 [2.08738731 2.07984322 1.91460612 1.94087848 1.93815742 2.05345953
  1.97377361 1.9178097  2.02461596 2.02376911]
 [2.04036451 1.99361754 2.05576679 1.96084783 1.95814541 1.97699978
  2.04443458 2.0031074  2.05964954 2.02828131]
 [1.90476137 2.06196439 2.05124226 2.08519568 1.9430782  2.04922091
  2.04105827 1.93640563 2.03997252 2.03591919]]
Rh: [[14.59961143 12.93767193 29.23263581 19.73010671 26.54294818 20.71141587
  11.46321129 11.13165696 27.49576388  9.05165737 12.58894769]
 [24.09855686 17.93242141 29.28338922 11.8279321  19.22107693 13.74924287
  10.13586174 11.2356506  20.12068433 20.50027901 30.49701046]
 [26.11266693 11.45308491 17.96358206 13.42046785 23.53591555 28.2453561
   9.84840126 26.10633585  9.1800177   9.67304374 14.67577046]
 [26.73001371 19.91934583 19.96641586 28.98692727 24.31130432 16.14438688
  13.35847794 13.18251043 10.68320666 21.19391335 17.98265299]
 [19.46722911 11.02397542 15.7622231  22.28959047 13.46389335 13.56910161
  18.12370037 12.96490697 18.30830536 19.01987025 18.49641537]
 [25.77523745 19.54605925  9.08965467 20.55886561 10.62807675 14.14288327
  10.30905003 20.82104134 16.27444915 14.85931714 27.14108801]
 [11.00133713 20.12093573 18.8011698  15.87574383  9.1994839  26.92672487
  30.29494095 21.55397521 13.56728994 23.66374894 15.8896354 ]
 [16.60997711 14.72764096 24.9724773  13.88131762 11.11118462 28.48974662
  12.36629139 14.97574351 11.72900087 11.16910283 15.12873787]
 [20.28377964 13.38329639 10.4001012  11.48939479 11.57996246 15.29638885
  12.10367044 21.030963   25.38370564  9.47477363 23.06588622]
 [13.48225468 14.70873265 11.89848935 30.50163319 29.53823691 20.82437927
  16.08484457 15.8076144  14.26872231 21.95143231 18.30294936]]
Rv: [[11.02718418 13.34278608 11.49660292 24.10038966 10.92070724 11.0427657
  10.34083291 18.51614649 26.70490414 15.1036823 ]
 [11.28214959 23.31144037 20.5190094  28.96782146 19.5906924  19.5812639
  27.60065899 16.24588684 20.81024255 16.66269694]
 [12.28780783 20.50430601 18.47654276 18.94119284 20.44744098 10.53482212
  10.01357671 22.4145051  23.91573354 12.1207639 ]
 [11.44720745 12.16698163 23.14173905 14.95233161 12.85650834 10.2373871
  13.66263302  9.38327768 29.45503613 18.42476282]
 [13.77016142 11.75672077 23.97722386 19.29679272 12.06712478 17.29690006
  16.66150454 21.81106823 14.85609964 15.28611302]
 [13.599027   22.26206263 13.14870628 28.13655322 20.92711063 29.74093423
  24.24118414 12.22915734 20.19283691 12.91919686]
 [19.81346568 26.8948804  28.11009899  9.6213287   9.16121801 26.35419166
  11.1515872  17.39440893 10.03031643 17.20509687]
 [ 9.82620372 10.47193594 30.96681594 29.78411841 15.7915551  17.10464522
  16.86098873 12.13402468 17.28830444 22.88091478]
 [26.78682376 22.68699947 24.38322599 11.71737917 25.56635611 30.0430108
  17.6312809  15.6648479  23.27503536 18.87315517]]