-------Running parameters--------
T = 0.001
temperature_gradient = 0.0
gap = 0.0
M = 10
N = 10
VR = 0.0
Vmin = 0.0
Vmax = 1.1
vStep = 0.001
vSym = True
repeats = 50
fileName = array_10_10_disorder_c_std_0.1_r_std_6_run_1
dist = exp
fullOutput = True
use_graph = False
current_map = True
plot_current_map = False
plot_binary_current_map = False
frame_norm = False
dbg = False
resume = False
sc = False
leaping = False
constQ = False
modifyR = False
double_time = False
double_loop = False
output_folder = bgu_2d_finite_temperature_different_disorders_statistics
params_path = 
VG_avg = 0.0
VG_std = 0.0
C_avg = 2.0
C_std = 0.1
CG_avg = 10.0
CG_std = 0.0
R_avg = 10.0
R_std = 6.0
custom_rh = ""
custom_rv = ""
custom_ch = ""
custom_cv = ""
RG_avg = 500.0
RG_std = 0.0
n0_avg = 0.0
n0_std = 0.0
Q0_avg = 0.0
Q0_std = 0.0
----Array Parameters-----
Rows: 10
Columns: 10
VG: [[0.]
 [0.]
 [0.]
 [0.]
 [0.]
 [0.]
 [0.]
 [0.]
 [0.]
 [0.]
 [0.]
 [0.]
 [0.]
 [0.]
 [0.]
 [0.]
 [0.]
 [0.]
 [0.]
 [0.]
 [0.]
 [0.]
 [0.]
 [0.]
 [0.]
 [0.]
 [0.]
 [0.]
 [0.]
 [0.]
 [0.]
 [0.]
 [0.]
 [0.]
 [0.]
 [0.]
 [0.]
 [0.]
 [0.]
 [0.]
 [0.]
 [0.]
 [0.]
 [0.]
 [0.]
 [0.]
 [0.]
 [0.]
 [0.]
 [0.]
 [0.]
 [0.]
 [0.]
 [0.]
 [0.]
 [0.]
 [0.]
 [0.]
 [0.]
 [0.]
 [0.]
 [0.]
 [0.]
 [0.]
 [0.]
 [0.]
 [0.]
 [0.]
 [0.]
 [0.]
 [0.]
 [0.]
 [0.]
 [0.]
 [0.]
 [0.]
 [0.]
 [0.]
 [0.]
 [0.]
 [0.]
 [0.]
 [0.]
 [0.]
 [0.]
 [0.]
 [0.]
 [0.]
 [0.]
 [0.]
 [0.]
 [0.]
 [0.]
 [0.]
 [0.]
 [0.]
 [0.]
 [0.]
 [0.]
 [0.]]
CG: [[10.]
 [10.]
 [10.]
 [10.]
 [10.]
 [10.]
 [10.]
 [10.]
 [10.]
 [10.]
 [10.]
 [10.]
 [10.]
 [10.]
 [10.]
 [10.]
 [10.]
 [10.]
 [10.]
 [10.]
 [10.]
 [10.]
 [10.]
 [10.]
 [10.]
 [10.]
 [10.]
 [10.]
 [10.]
 [10.]
 [10.]
 [10.]
 [10.]
 [10.]
 [10.]
 [10.]
 [10.]
 [10.]
 [10.]
 [10.]
 [10.]
 [10.]
 [10.]
 [10.]
 [10.]
 [10.]
 [10.]
 [10.]
 [10.]
 [10.]
 [10.]
 [10.]
 [10.]
 [10.]
 [10.]
 [10.]
 [10.]
 [10.]
 [10.]
 [10.]
 [10.]
 [10.]
 [10.]
 [10.]
 [10.]
 [10.]
 [10.]
 [10.]
 [10.]
 [10.]
 [10.]
 [10.]
 [10.]
 [10.]
 [10.]
 [10.]
 [10.]
 [10.]
 [10.]
 [10.]
 [10.]
 [10.]
 [10.]
 [10.]
 [10.]
 [10.]
 [10.]
 [10.]
 [10.]
 [10.]
 [10.]
 [10.]
 [10.]
 [10.]
 [10.]
 [10.]
 [10.]
 [10.]
 [10.]
 [10.]]
RG: [[500.]
 [500.]
 [500.]
 [500.]
 [500.]
 [500.]
 [500.]
 [500.]
 [500.]
 [500.]
 [500.]
 [500.]
 [500.]
 [500.]
 [500.]
 [500.]
 [500.]
 [500.]
 [500.]
 [500.]
 [500.]
 [500.]
 [500.]
 [500.]
 [500.]
 [500.]
 [500.]
 [500.]
 [500.]
 [500.]
 [500.]
 [500.]
 [500.]
 [500.]
 [500.]
 [500.]
 [500.]
 [500.]
 [500.]
 [500.]
 [500.]
 [500.]
 [500.]
 [500.]
 [500.]
 [500.]
 [500.]
 [500.]
 [500.]
 [500.]
 [500.]
 [500.]
 [500.]
 [500.]
 [500.]
 [500.]
 [500.]
 [500.]
 [500.]
 [500.]
 [500.]
 [500.]
 [500.]
 [500.]
 [500.]
 [500.]
 [500.]
 [500.]
 [500.]
 [500.]
 [500.]
 [500.]
 [500.]
 [500.]
 [500.]
 [500.]
 [500.]
 [500.]
 [500.]
 [500.]
 [500.]
 [500.]
 [500.]
 [500.]
 [500.]
 [500.]
 [500.]
 [500.]
 [500.]
 [500.]
 [500.]
 [500.]
 [500.]
 [500.]
 [500.]
 [500.]
 [500.]
 [500.]
 [500.]
 [500.]]
Ch: [[2.013024   2.00990355 2.03576486 1.90008402 1.9829891  2.05932013
  1.95752189 1.93332695 2.08448967 2.09174916 1.95401115]
 [1.97785466 2.00092355 2.06851912 2.04931468 2.05496356 2.08153212
  2.06234469 1.94390185 1.92645511 1.98858106 2.0240729 ]
 [1.99702377 1.95779194 1.98014617 1.9449608  2.03335151 1.96148542
  1.91966654 1.986635   1.91140137 2.00511149 1.99645579]
 [2.06168585 1.95068394 2.08998207 2.09347902 1.92841152 2.0577035
  1.9960226  1.9728232  1.92772332 2.02081362 1.93831109]
 [2.07580117 1.97396619 1.94578234 2.08108028 2.01711898 2.02255934
  2.0566888  1.96085066 1.98865865 2.04727833 1.93128784]
 [1.97824471 1.90299709 2.00495869 2.02171424 2.0428583  1.95508983
  2.06774131 1.91759609 2.00677182 1.93209924 1.93789642]
 [1.96589006 2.02515858 1.90347895 2.05178515 1.96884578 1.97621066
  1.92885513 1.92208124 1.96668983 1.90747633 1.94542917]
 [2.07089346 2.01234925 2.0312413  2.03837749 2.02545132 2.02557529
  1.91460678 1.97678087 1.91858917 1.98713597 2.00113381]
 [2.07545088 2.09897037 1.93032351 1.92750424 2.0931897  2.02167731
  1.91212008 2.06465024 1.94761902 1.94518386 1.93961339]
 [2.02137181 2.00026084 1.97482108 1.98896438 2.05429432 1.98963786
  2.0138814  2.04058762 2.05062013 1.91913107 1.91847536]]
Cv: [[0.         0.         0.         0.         0.         0.
  0.         0.         0.         0.        ]
 [2.03837401 1.96577168 2.01871373 1.98632744 2.09213327 2.04782097
  2.00734843 2.05549618 1.92200975 1.90017998]
 [1.94649222 1.96794021 1.94270892 1.99561488 1.93107122 2.00600135
  1.90301283 2.02990201 2.0970129  1.90529639]
 [1.95974239 2.04013458 2.08300774 1.96511126 1.93502214 1.92354811
  1.90315299 1.95648784 1.92082597 2.03119055]
 [1.91978093 1.98294951 1.95617464 1.90662072 1.92783776 1.94323397
  2.0554734  2.0164172  2.0740111  1.92533626]
 [1.91177278 1.99463914 1.94037081 2.0465025  2.00303552 1.97774974
  2.03818212 1.9666164  2.05991905 2.03737206]
 [2.09056535 1.99488163 1.9929414  2.03744224 2.03769207 2.0085874
  1.99032614 1.93363584 1.9106118  2.00349089]
 [2.03091754 2.03325409 1.93888568 1.92822344 2.03742798 1.93168131
  1.92770309 2.00005974 2.051587   1.92359929]
 [2.08091601 1.98564834 2.02960134 2.02546007 1.97523349 1.90819495
  1.97536646 2.07691594 2.04457714 1.94814923]
 [2.09053369 2.02666883 1.99798882 1.91069722 2.05418711 2.01649247
  2.0143255  1.97114388 1.9147204  1.92434885]]
Rh: [[ 4.73861733  8.99623923 13.77493365  4.19597111 11.95239427  5.41551536
   5.83831851 12.2791106  10.40162807  4.25697515  4.70822811]
 [ 8.97803866 13.65859178  5.20587569  6.36347175 15.93136897  7.30882746
   6.964913   10.53980863  4.44394797 13.71343192  9.27518319]
 [ 8.09422064  5.41760993  4.99908656 15.52677447  6.96079145  5.64226061
   5.9728752   7.08159848 10.02920536  5.60776164 15.3256288 ]
 [13.86731264 10.13788107  5.85420957  9.57099506 13.22251179  9.19800839
   4.41896916  6.55852102  6.2325788  10.11690888  8.98406709]
 [ 5.86912207  9.78917324 12.87416031  4.17814231  8.48309119  8.7115883
   6.62169256  4.94906839  9.59331164 10.51895788  4.48682875]
 [ 7.73509435  6.20424109  7.56472894  9.47285612 10.89099182 11.12126263
   4.05352339 13.38529415  7.05541001  4.07766608 13.28212863]
 [11.57578416  8.7394786   6.6158672   6.19548464  4.04223851 11.67654475
   7.8467456   7.91623315 14.53844425 15.43604579  7.03790947]
 [ 7.24563718 15.551003    4.37374567 15.82964757  5.81647547 15.12696152
   4.43627502 13.2752705  14.7725573   4.07569825  8.32353481]
 [ 9.26620891  4.14049008  8.35911177  4.19719995  5.14670955  4.11258725
   5.45643066  8.07353096  6.02016097  4.28107471 10.86685854]
 [ 4.64369994  4.7371726  15.82540597  9.33217324  7.96225556  7.92252082
   9.58221941  7.31562365  6.65125198  7.50602789  9.33087906]]
Rv: [[ 4.82736516  5.03613267 14.15291763  4.89740678 12.21172702  5.62316986
   9.6428235   7.25250369  8.80827611 14.92576517]
 [ 5.65680978  4.6898641  13.85189476 15.3905389   9.10347634  6.20133723
  11.03139285  4.21128037  5.34303387  4.51801379]
 [13.37603001  5.64966588 13.16848633  4.25145176 13.37543987  6.59868768
  10.42302859 11.7389156   9.84315221  7.89289554]
 [13.4585693   6.15656441  5.61865892  8.22728948 10.28168153  4.53771587
   7.40948547  9.96567715  5.53144623  8.67081905]
 [12.33893693 11.66627408 14.27322022 12.90383651  9.54553533  8.02270304
   8.05896651  6.77221489  6.2306416   4.57734171]
 [15.63523194  7.99067874  4.62474462  9.37949107 11.22866619  9.04511882
  15.20282385 13.92498256  7.56444462  6.26145784]
 [ 4.04948897 14.93738704  5.36904224  9.05376552  7.67096081  4.73298223
  14.30356614  7.31669304  7.98044615  7.22997528]
 [ 8.0603819   7.35751166 15.35544613  5.00458136  4.00534146  9.46713711
   5.3534973   5.41153949  4.0329044   4.35573743]
 [ 5.08732464  7.29447329  4.49492923 13.89257953  4.14585593 14.54023188
   5.38099479  9.62074297  6.26297178  7.58090304]]