-------Running parameters--------
T = 0.001
temperature_gradient = 0.0
gap = 0.0
M = 10
N = 10
VR = 0.0
Vmin = 0.0
Vmax = 1.1
vStep = 0.001
vSym = True
repeats = 50
fileName = array_10_10_disorder_c_std_0.1_r_std_19_run_9
dist = exp
fullOutput = True
use_graph = False
current_map = True
plot_current_map = False
plot_binary_current_map = False
frame_norm = False
dbg = False
resume = False
sc = False
leaping = False
constQ = False
modifyR = False
double_time = False
double_loop = False
output_folder = bgu_2d_finite_temperature_different_disorders_statistics
params_path = 
VG_avg = 0.0
VG_std = 0.0
C_avg = 2.0
C_std = 0.1
CG_avg = 10.0
CG_std = 0.0
R_avg = 20.0
R_std = 19.0
custom_rh = ""
custom_rv = ""
custom_ch = ""
custom_cv = ""
RG_avg = 500.0
RG_std = 0.0
n0_avg = 0.0
n0_std = 0.0
Q0_avg = 0.0
Q0_std = 0.0
----Array Parameters-----
Rows: 10
Columns: 10
VG: [[0.]
 [0.]
 [0.]
 [0.]
 [0.]
 [0.]
 [0.]
 [0.]
 [0.]
 [0.]
 [0.]
 [0.]
 [0.]
 [0.]
 [0.]
 [0.]
 [0.]
 [0.]
 [0.]
 [0.]
 [0.]
 [0.]
 [0.]
 [0.]
 [0.]
 [0.]
 [0.]
 [0.]
 [0.]
 [0.]
 [0.]
 [0.]
 [0.]
 [0.]
 [0.]
 [0.]
 [0.]
 [0.]
 [0.]
 [0.]
 [0.]
 [0.]
 [0.]
 [0.]
 [0.]
 [0.]
 [0.]
 [0.]
 [0.]
 [0.]
 [0.]
 [0.]
 [0.]
 [0.]
 [0.]
 [0.]
 [0.]
 [0.]
 [0.]
 [0.]
 [0.]
 [0.]
 [0.]
 [0.]
 [0.]
 [0.]
 [0.]
 [0.]
 [0.]
 [0.]
 [0.]
 [0.]
 [0.]
 [0.]
 [0.]
 [0.]
 [0.]
 [0.]
 [0.]
 [0.]
 [0.]
 [0.]
 [0.]
 [0.]
 [0.]
 [0.]
 [0.]
 [0.]
 [0.]
 [0.]
 [0.]
 [0.]
 [0.]
 [0.]
 [0.]
 [0.]
 [0.]
 [0.]
 [0.]
 [0.]]
CG: [[10.]
 [10.]
 [10.]
 [10.]
 [10.]
 [10.]
 [10.]
 [10.]
 [10.]
 [10.]
 [10.]
 [10.]
 [10.]
 [10.]
 [10.]
 [10.]
 [10.]
 [10.]
 [10.]
 [10.]
 [10.]
 [10.]
 [10.]
 [10.]
 [10.]
 [10.]
 [10.]
 [10.]
 [10.]
 [10.]
 [10.]
 [10.]
 [10.]
 [10.]
 [10.]
 [10.]
 [10.]
 [10.]
 [10.]
 [10.]
 [10.]
 [10.]
 [10.]
 [10.]
 [10.]
 [10.]
 [10.]
 [10.]
 [10.]
 [10.]
 [10.]
 [10.]
 [10.]
 [10.]
 [10.]
 [10.]
 [10.]
 [10.]
 [10.]
 [10.]
 [10.]
 [10.]
 [10.]
 [10.]
 [10.]
 [10.]
 [10.]
 [10.]
 [10.]
 [10.]
 [10.]
 [10.]
 [10.]
 [10.]
 [10.]
 [10.]
 [10.]
 [10.]
 [10.]
 [10.]
 [10.]
 [10.]
 [10.]
 [10.]
 [10.]
 [10.]
 [10.]
 [10.]
 [10.]
 [10.]
 [10.]
 [10.]
 [10.]
 [10.]
 [10.]
 [10.]
 [10.]
 [10.]
 [10.]
 [10.]]
RG: [[500.]
 [500.]
 [500.]
 [500.]
 [500.]
 [500.]
 [500.]
 [500.]
 [500.]
 [500.]
 [500.]
 [500.]
 [500.]
 [500.]
 [500.]
 [500.]
 [500.]
 [500.]
 [500.]
 [500.]
 [500.]
 [500.]
 [500.]
 [500.]
 [500.]
 [500.]
 [500.]
 [500.]
 [500.]
 [500.]
 [500.]
 [500.]
 [500.]
 [500.]
 [500.]
 [500.]
 [500.]
 [500.]
 [500.]
 [500.]
 [500.]
 [500.]
 [500.]
 [500.]
 [500.]
 [500.]
 [500.]
 [500.]
 [500.]
 [500.]
 [500.]
 [500.]
 [500.]
 [500.]
 [500.]
 [500.]
 [500.]
 [500.]
 [500.]
 [500.]
 [500.]
 [500.]
 [500.]
 [500.]
 [500.]
 [500.]
 [500.]
 [500.]
 [500.]
 [500.]
 [500.]
 [500.]
 [500.]
 [500.]
 [500.]
 [500.]
 [500.]
 [500.]
 [500.]
 [500.]
 [500.]
 [500.]
 [500.]
 [500.]
 [500.]
 [500.]
 [500.]
 [500.]
 [500.]
 [500.]
 [500.]
 [500.]
 [500.]
 [500.]
 [500.]
 [500.]
 [500.]
 [500.]
 [500.]
 [500.]]
Ch: [[1.97403712 2.06221324 1.94963817 1.99389611 2.02710889 2.0740102
  2.0529752  2.02064484 1.9400724  2.01662524 1.94890959]
 [1.92255433 2.03506765 1.94963093 1.94803813 2.02053596 2.09660144
  1.95149342 1.94439585 2.02553076 2.03416967 1.90393231]
 [1.97350187 1.91255302 2.08439792 2.03230379 1.92880953 1.97418358
  1.98459751 2.06174439 1.99671806 2.03350522 1.97232547]
 [2.04466813 1.9121441  2.00996909 2.05502812 1.91242893 1.91953841
  1.93055341 2.07496373 1.98145407 2.05656468 1.93605042]
 [2.07480149 2.01233187 2.07299978 2.03807524 1.9600713  1.95079652
  2.00744393 1.96944537 1.92034096 2.09485097 1.92190959]
 [2.07782296 1.94161418 2.05713541 2.05373953 1.9403537  2.06224306
  1.91246371 1.90180175 2.02023371 2.09804285 1.90476416]
 [1.96208817 2.09513275 1.94792327 2.08710129 2.00761405 1.98277799
  1.99241497 1.94297989 1.94097119 2.06328499 2.06442422]
 [1.90775468 1.9836769  2.01477628 2.06582008 2.07178277 1.93807015
  1.9641892  1.92661686 1.90178189 1.94787595 2.08133643]
 [2.09385706 2.02556374 2.08569465 1.91960049 2.07567871 1.93656851
  1.90603081 1.9857388  2.0095597  1.90705371 2.03389105]
 [1.91316173 1.9614628  1.93036018 2.01055113 1.96703367 1.95534075
  1.91065391 2.02001036 1.99954931 1.90318569 1.94405248]]
Cv: [[0.         0.         0.         0.         0.         0.
  0.         0.         0.         0.        ]
 [1.96327767 1.98830024 2.00045395 2.05368593 1.94163592 1.94179436
  1.94407228 2.07014672 2.01565474 2.03932795]
 [1.91186783 1.98031378 2.04555557 1.95970924 2.05509593 2.02531017
  1.93424104 2.02365117 2.02902113 1.97278819]
 [2.05350538 2.00827628 2.00305886 1.9738458  2.0951314  2.01339527
  1.98999908 1.98816843 1.99438676 2.03202609]
 [1.91088489 1.95638482 2.00074377 2.01473008 1.9846668  1.91868649
  1.91838541 2.02355932 2.06779777 2.0122106 ]
 [2.01908453 1.91888456 2.07298213 2.00684439 2.05763987 2.07670921
  2.05430478 2.01397473 1.94154833 1.90337599]
 [1.93704915 1.96006    2.06396621 2.08594437 2.0100858  1.92502982
  2.00148646 1.96715022 2.05193045 1.95571906]
 [2.05182888 1.9774483  2.02425253 1.97771573 1.95986613 1.91186625
  2.07288028 1.97709739 2.03817935 1.91269273]
 [2.01249788 1.99188394 2.08523335 2.03708474 2.01381969 2.0951536
  1.90174568 1.91988004 1.92156864 1.90705456]
 [2.06097981 1.98253769 2.05336696 1.91465269 1.95526069 2.01310047
  1.92993613 2.0904364  2.07081124 2.05450432]]
Rh: [[18.6260534   3.39461126 13.78768522  3.43068457 19.24898388  3.20250767
   4.75773281  1.37239544  2.17791678  5.4276992   1.27075858]
 [ 8.52025113  4.29146295 20.1996507   2.43745888  9.54528596  9.80230881
  37.626635   36.01196565 28.57764879 27.61124351  2.17904556]
 [24.81376596 10.60355862  2.08343625  1.62515677  6.82613697 13.88175665
   4.31356867 10.38027486 21.26655756  1.73561822  1.48879869]
 [11.12731256 22.70604805  5.12194299 13.23355554 34.91473545  6.05149585
   2.08301569  4.03563212  5.92829593  4.08224138 29.06572043]
 [13.51581409  4.14944068 15.70243679 14.70855803  1.8450347   2.29020319
   1.49721117 12.50958328 20.06784532 22.32046684  3.35774011]
 [29.85779593  1.12861258 16.72454416 19.53937896  1.42934008  9.96271506
   3.54894683  1.58673569 11.7046177   1.56782158  9.13718699]
 [ 1.23198587  2.52519779  1.37780807  1.73540194 31.1811803   2.42882047
  27.25927587  2.32833949 18.01102714  1.24986548  2.93300375]
 [ 2.49272761  2.57418716  4.04603198 13.34015706  1.46894385 24.11959438
   3.75691498  1.19983924 18.42956074  1.16022954  3.98437815]
 [ 4.11884311  1.49765757  5.16907944  1.69556846  4.23256776 29.16146572
   6.02656901 24.34900923  3.74166683 15.25915677  3.54036269]
 [ 1.10755764  3.33129003  7.91296316 18.33670034 24.2841942   6.0398801
  12.99135643 10.90273755  8.86565111  2.25428362 32.07681702]]
Rv: [[12.9129389  19.59312728 11.59605112 27.25610151  1.75555085  1.29000613
  12.45230182 13.28367753  2.52458119 38.82734123]
 [ 8.84350956  5.28680105  2.65229902  3.57071439  9.91789914  4.80900523
  29.93158303  2.77663782 10.58226029  1.18116572]
 [14.95963622  1.57502939 29.80314164  6.7595845   9.82924745  5.83362018
   3.16922415 33.38061514 14.49794211  1.58888978]
 [29.09657952 35.92814286  1.36118807  1.17672795  7.74909395  4.30346092
  27.91208424  8.30920308  1.2550922  21.06997066]
 [ 1.19563892 24.87421316  5.14026183  1.31518518  1.28602853  4.5974845
  12.31372231 32.63747701 29.90927926  1.00743615]
 [12.98086789  8.94572319  3.63527548 32.34693136  5.21209658  3.329781
   2.33289443  3.15536299 38.02006042  9.4805696 ]
 [ 9.74905152  1.897994    4.46240514 33.70229194 22.23416921  2.34066125
  14.2942576   1.71440984 25.24158472 10.66657657]
 [ 3.38286385  4.55357627  8.91661398 20.6783318   7.85169583 18.65413125
   3.03046959  9.90023195  1.85099964  1.33234489]
 [ 5.62998505 35.6524265  20.86708423 29.04128372  1.57591668  7.94495709
   7.58822583  1.80417332  2.71087985  4.13219037]]