-------Running parameters--------
T = 0.001
temperature_gradient = 0.0
gap = 0.0
M = 10
N = 10
VR = 0.0
Vmin = 0.0
Vmax = 1.1
vStep = 0.001
vSym = True
repeats = 50
fileName = array_10_10_disorder_c_std_0.1_r_std_7.5_run_8
dist = exp
fullOutput = True
use_graph = False
current_map = True
plot_current_map = False
plot_binary_current_map = False
frame_norm = False
dbg = False
resume = False
sc = False
leaping = False
constQ = False
modifyR = False
double_time = False
double_loop = False
output_folder = bgu_2d_finite_temperature_different_disorders_statistics
params_path = 
VG_avg = 0.0
VG_std = 0.0
C_avg = 2.0
C_std = 0.1
CG_avg = 10.0
CG_std = 0.0
R_avg = 10.0
R_std = 7.5
custom_rh = ""
custom_rv = ""
custom_ch = ""
custom_cv = ""
RG_avg = 500.0
RG_std = 0.0
n0_avg = 0.0
n0_std = 0.0
Q0_avg = 0.0
Q0_std = 0.0
----Array Parameters-----
Rows: 10
Columns: 10
VG: [[0.]
 [0.]
 [0.]
 [0.]
 [0.]
 [0.]
 [0.]
 [0.]
 [0.]
 [0.]
 [0.]
 [0.]
 [0.]
 [0.]
 [0.]
 [0.]
 [0.]
 [0.]
 [0.]
 [0.]
 [0.]
 [0.]
 [0.]
 [0.]
 [0.]
 [0.]
 [0.]
 [0.]
 [0.]
 [0.]
 [0.]
 [0.]
 [0.]
 [0.]
 [0.]
 [0.]
 [0.]
 [0.]
 [0.]
 [0.]
 [0.]
 [0.]
 [0.]
 [0.]
 [0.]
 [0.]
 [0.]
 [0.]
 [0.]
 [0.]
 [0.]
 [0.]
 [0.]
 [0.]
 [0.]
 [0.]
 [0.]
 [0.]
 [0.]
 [0.]
 [0.]
 [0.]
 [0.]
 [0.]
 [0.]
 [0.]
 [0.]
 [0.]
 [0.]
 [0.]
 [0.]
 [0.]
 [0.]
 [0.]
 [0.]
 [0.]
 [0.]
 [0.]
 [0.]
 [0.]
 [0.]
 [0.]
 [0.]
 [0.]
 [0.]
 [0.]
 [0.]
 [0.]
 [0.]
 [0.]
 [0.]
 [0.]
 [0.]
 [0.]
 [0.]
 [0.]
 [0.]
 [0.]
 [0.]
 [0.]]
CG: [[10.]
 [10.]
 [10.]
 [10.]
 [10.]
 [10.]
 [10.]
 [10.]
 [10.]
 [10.]
 [10.]
 [10.]
 [10.]
 [10.]
 [10.]
 [10.]
 [10.]
 [10.]
 [10.]
 [10.]
 [10.]
 [10.]
 [10.]
 [10.]
 [10.]
 [10.]
 [10.]
 [10.]
 [10.]
 [10.]
 [10.]
 [10.]
 [10.]
 [10.]
 [10.]
 [10.]
 [10.]
 [10.]
 [10.]
 [10.]
 [10.]
 [10.]
 [10.]
 [10.]
 [10.]
 [10.]
 [10.]
 [10.]
 [10.]
 [10.]
 [10.]
 [10.]
 [10.]
 [10.]
 [10.]
 [10.]
 [10.]
 [10.]
 [10.]
 [10.]
 [10.]
 [10.]
 [10.]
 [10.]
 [10.]
 [10.]
 [10.]
 [10.]
 [10.]
 [10.]
 [10.]
 [10.]
 [10.]
 [10.]
 [10.]
 [10.]
 [10.]
 [10.]
 [10.]
 [10.]
 [10.]
 [10.]
 [10.]
 [10.]
 [10.]
 [10.]
 [10.]
 [10.]
 [10.]
 [10.]
 [10.]
 [10.]
 [10.]
 [10.]
 [10.]
 [10.]
 [10.]
 [10.]
 [10.]
 [10.]]
RG: [[500.]
 [500.]
 [500.]
 [500.]
 [500.]
 [500.]
 [500.]
 [500.]
 [500.]
 [500.]
 [500.]
 [500.]
 [500.]
 [500.]
 [500.]
 [500.]
 [500.]
 [500.]
 [500.]
 [500.]
 [500.]
 [500.]
 [500.]
 [500.]
 [500.]
 [500.]
 [500.]
 [500.]
 [500.]
 [500.]
 [500.]
 [500.]
 [500.]
 [500.]
 [500.]
 [500.]
 [500.]
 [500.]
 [500.]
 [500.]
 [500.]
 [500.]
 [500.]
 [500.]
 [500.]
 [500.]
 [500.]
 [500.]
 [500.]
 [500.]
 [500.]
 [500.]
 [500.]
 [500.]
 [500.]
 [500.]
 [500.]
 [500.]
 [500.]
 [500.]
 [500.]
 [500.]
 [500.]
 [500.]
 [500.]
 [500.]
 [500.]
 [500.]
 [500.]
 [500.]
 [500.]
 [500.]
 [500.]
 [500.]
 [500.]
 [500.]
 [500.]
 [500.]
 [500.]
 [500.]
 [500.]
 [500.]
 [500.]
 [500.]
 [500.]
 [500.]
 [500.]
 [500.]
 [500.]
 [500.]
 [500.]
 [500.]
 [500.]
 [500.]
 [500.]
 [500.]
 [500.]
 [500.]
 [500.]
 [500.]]
Ch: [[2.00223352 2.00166562 1.96218537 2.08201546 1.9370794  1.98717252
  1.94331563 1.9071428  2.05274033 2.00625969 1.91076138]
 [1.9302189  1.96419807 1.90763056 1.92279469 2.02003225 1.94402076
  1.95440579 2.03801475 2.06988169 2.06431028 1.96904424]
 [1.93572753 1.96062416 1.90073777 1.93215328 1.99544245 1.97100445
  1.95974607 1.92014425 1.95636994 2.09263018 1.94771736]
 [1.99711361 2.03409714 1.92567873 1.96824031 2.08863834 2.09858246
  2.00046928 1.9285428  2.02245922 1.90406453 2.00227831]
 [2.04171257 1.91518804 1.98084116 2.00241657 1.90682663 1.9987468
  1.90362551 2.01402804 1.98083099 2.04729936 1.96829712]
 [1.95458246 2.01369408 1.94621058 1.91500801 2.02935013 2.0293625
  2.01410251 1.99653803 2.01923993 2.04443048 2.07630699]
 [2.0835977  1.99661937 1.92436345 2.06921157 2.0185008  2.00720972
  1.92126058 1.98106487 2.01284525 1.9963598  1.95189964]
 [1.97958415 2.02425244 1.91206067 1.92166622 1.94325345 1.96557125
  1.93284355 1.96512468 1.9316432  1.90785602 1.97448898]
 [1.97080081 2.0849012  1.92538608 2.03532348 1.99478416 2.01246547
  1.94080359 1.94118483 1.96907438 2.05409386 2.08320764]
 [1.92318895 2.09305052 2.02958335 1.93959934 1.92210707 2.03060694
  2.02407821 2.08367789 2.0861752  1.96944455 1.91411081]]
Cv: [[0.         0.         0.         0.         0.         0.
  0.         0.         0.         0.        ]
 [1.94416007 2.07274302 2.04570104 2.02425871 1.93801317 1.91258461
  1.94627394 1.93970966 1.93165976 1.97339643]
 [1.93548605 1.98788852 2.03840996 2.00738278 1.96332684 2.05541297
  1.98179109 1.9029914  1.94323144 1.91621483]
 [1.91527141 1.95197551 1.99884596 2.09022847 2.03249577 2.07398474
  2.09438287 1.96525601 2.01261305 2.06194984]
 [1.95499117 1.99633391 2.02897894 2.02569633 1.96099524 1.97449057
  1.98877523 1.97726816 1.92017289 2.00003961]
 [1.92525964 2.05911717 1.9648236  2.02269925 1.96472218 1.96201659
  1.98328505 1.96426971 1.99454515 2.01179602]
 [1.97049988 1.98814196 2.03105837 1.99972642 1.93845354 1.93740219
  2.0045814  1.90083418 1.98325694 1.96162424]
 [2.02140311 1.99660741 2.01023627 1.99746002 2.05681815 1.94513536
  2.01848148 2.04282509 2.0391242  1.95931418]
 [1.96384356 2.06940206 1.95060807 1.90773091 2.00473277 1.96133673
  1.97792196 1.97473009 1.98413226 1.96669726]
 [2.07588926 1.90235135 2.0029885  1.93641873 1.98933427 2.02777236
  2.0463035  2.09028281 2.02186825 1.90688666]]
Rh: [[12.33075284  5.67443088  2.63326998  2.5245534   2.84840527  2.84216207
   2.58591309 15.05448598  3.49360871  3.3924611  16.14464097]
 [ 2.99166129  8.76305189  6.00401968  6.66428705 14.95333404  4.28191036
   4.80645939  7.65940766  2.67682619 17.24943152  3.66256602]
 [10.81822342 11.10070676 11.34245674 11.83277577  4.43847219  3.90633153
   5.12149978  3.17356959  3.93697142  5.60824819  6.5196163 ]
 [ 5.74693065  8.90664185 12.55441217 13.32590999  2.61942725  7.66526618
   3.40062688  5.71057761 15.79142111  6.09375027  4.70507998]
 [ 3.22308604  7.19137564 10.14871344  4.55459217  6.16826857  3.30415346
  15.09498324 10.48638319 16.65203891  9.06766329  3.88542769]
 [ 5.4927229   4.04463797  9.98076816 11.24662012 11.09320951  6.77648303
   3.25877496  2.61159387  3.91662582 14.78718073 14.99147942]
 [ 3.35141724  5.75127072  4.05977276 11.16279564  8.55178751  4.44296715
  15.51628059 10.93989635  7.96648855  4.25447099  2.67696054]
 [ 6.58549259  3.7152267  16.34099977  7.37131795 15.20185022 13.71997863
   4.35056264  6.50337423 15.78544364  6.69289737 14.07545662]
 [11.48067396 12.45986363  2.74294237  4.12752601  2.91419026  9.77647494
   9.70305219  7.44630934  8.0543028   5.80447977  9.05303772]
 [ 6.85755306  8.29537424  2.52223525  7.01313203  4.73648581 11.41114134
   6.70795068  9.48303825  8.12604824 10.59196026 13.70134531]]
Rv: [[16.82563445  8.76906426 17.27764509  5.21723471  4.71108345  5.53336975
  14.12131234  2.56599058  2.70534508 11.31802065]
 [13.76722386  8.72454488  2.94508712  3.19955581  2.57380688  8.6057527
   6.10837864  8.81869164  6.1394096   3.24796393]
 [ 9.81320484  5.12162572  5.15325986  7.17124765  2.95336833 15.07618897
   3.43518917 15.88318446 10.6354175   5.88258126]
 [ 6.23679966 14.65495321 10.13671344 13.1809285   3.73594137  9.96196302
   9.36384526 17.43067781  3.76280816  9.87887769]
 [ 6.57361401  5.39709761  6.79021417  5.10266349  4.61725957  6.65696046
   5.72956318  8.14679732  8.25198351 15.29742201]
 [ 7.97675161  3.43024298  4.35503275 14.55272556  2.79351375  9.77811591
   2.78165822  3.20165902  5.50975707  6.97371288]
 [ 6.02127398  6.05151166 13.90705692  9.10787463 13.21052604 14.13384472
   5.77356207  4.43527942  3.03440275  5.34132563]
 [16.81869317  7.31015913 14.36866351 14.01688603 14.63064743 11.61891184
   9.20514876  4.98058441  2.53569549 16.96786517]
 [ 4.37288118  2.80818211  9.45178561 14.95554403  3.84500078  6.84829022
   6.0310985   2.6932965   3.91719692 14.06490654]]