-------Running parameters--------
T = 0.001
temperature_gradient = 0.0
gap = 0.0
M = 10
N = 10
VR = 0.0
Vmin = 0.0
Vmax = 1.1
vStep = 0.001
vSym = True
repeats = 50
fileName = array_10_10_disorder_c_std_0.1_r_std_5.5_run_3
dist = exp
fullOutput = True
use_graph = False
current_map = True
plot_current_map = False
plot_binary_current_map = False
frame_norm = False
dbg = False
resume = False
sc = False
leaping = False
constQ = False
modifyR = False
double_time = False
double_loop = False
output_folder = bgu_2d_finite_temperature_different_disorders_statistics
params_path = 
VG_avg = 0.0
VG_std = 0.0
C_avg = 2.0
C_std = 0.1
CG_avg = 10.0
CG_std = 0.0
R_avg = 10.0
R_std = 5.5
custom_rh = ""
custom_rv = ""
custom_ch = ""
custom_cv = ""
RG_avg = 500.0
RG_std = 0.0
n0_avg = 0.0
n0_std = 0.0
Q0_avg = 0.0
Q0_std = 0.0
----Array Parameters-----
Rows: 10
Columns: 10
VG: [[0.]
 [0.]
 [0.]
 [0.]
 [0.]
 [0.]
 [0.]
 [0.]
 [0.]
 [0.]
 [0.]
 [0.]
 [0.]
 [0.]
 [0.]
 [0.]
 [0.]
 [0.]
 [0.]
 [0.]
 [0.]
 [0.]
 [0.]
 [0.]
 [0.]
 [0.]
 [0.]
 [0.]
 [0.]
 [0.]
 [0.]
 [0.]
 [0.]
 [0.]
 [0.]
 [0.]
 [0.]
 [0.]
 [0.]
 [0.]
 [0.]
 [0.]
 [0.]
 [0.]
 [0.]
 [0.]
 [0.]
 [0.]
 [0.]
 [0.]
 [0.]
 [0.]
 [0.]
 [0.]
 [0.]
 [0.]
 [0.]
 [0.]
 [0.]
 [0.]
 [0.]
 [0.]
 [0.]
 [0.]
 [0.]
 [0.]
 [0.]
 [0.]
 [0.]
 [0.]
 [0.]
 [0.]
 [0.]
 [0.]
 [0.]
 [0.]
 [0.]
 [0.]
 [0.]
 [0.]
 [0.]
 [0.]
 [0.]
 [0.]
 [0.]
 [0.]
 [0.]
 [0.]
 [0.]
 [0.]
 [0.]
 [0.]
 [0.]
 [0.]
 [0.]
 [0.]
 [0.]
 [0.]
 [0.]
 [0.]]
CG: [[10.]
 [10.]
 [10.]
 [10.]
 [10.]
 [10.]
 [10.]
 [10.]
 [10.]
 [10.]
 [10.]
 [10.]
 [10.]
 [10.]
 [10.]
 [10.]
 [10.]
 [10.]
 [10.]
 [10.]
 [10.]
 [10.]
 [10.]
 [10.]
 [10.]
 [10.]
 [10.]
 [10.]
 [10.]
 [10.]
 [10.]
 [10.]
 [10.]
 [10.]
 [10.]
 [10.]
 [10.]
 [10.]
 [10.]
 [10.]
 [10.]
 [10.]
 [10.]
 [10.]
 [10.]
 [10.]
 [10.]
 [10.]
 [10.]
 [10.]
 [10.]
 [10.]
 [10.]
 [10.]
 [10.]
 [10.]
 [10.]
 [10.]
 [10.]
 [10.]
 [10.]
 [10.]
 [10.]
 [10.]
 [10.]
 [10.]
 [10.]
 [10.]
 [10.]
 [10.]
 [10.]
 [10.]
 [10.]
 [10.]
 [10.]
 [10.]
 [10.]
 [10.]
 [10.]
 [10.]
 [10.]
 [10.]
 [10.]
 [10.]
 [10.]
 [10.]
 [10.]
 [10.]
 [10.]
 [10.]
 [10.]
 [10.]
 [10.]
 [10.]
 [10.]
 [10.]
 [10.]
 [10.]
 [10.]
 [10.]]
RG: [[500.]
 [500.]
 [500.]
 [500.]
 [500.]
 [500.]
 [500.]
 [500.]
 [500.]
 [500.]
 [500.]
 [500.]
 [500.]
 [500.]
 [500.]
 [500.]
 [500.]
 [500.]
 [500.]
 [500.]
 [500.]
 [500.]
 [500.]
 [500.]
 [500.]
 [500.]
 [500.]
 [500.]
 [500.]
 [500.]
 [500.]
 [500.]
 [500.]
 [500.]
 [500.]
 [500.]
 [500.]
 [500.]
 [500.]
 [500.]
 [500.]
 [500.]
 [500.]
 [500.]
 [500.]
 [500.]
 [500.]
 [500.]
 [500.]
 [500.]
 [500.]
 [500.]
 [500.]
 [500.]
 [500.]
 [500.]
 [500.]
 [500.]
 [500.]
 [500.]
 [500.]
 [500.]
 [500.]
 [500.]
 [500.]
 [500.]
 [500.]
 [500.]
 [500.]
 [500.]
 [500.]
 [500.]
 [500.]
 [500.]
 [500.]
 [500.]
 [500.]
 [500.]
 [500.]
 [500.]
 [500.]
 [500.]
 [500.]
 [500.]
 [500.]
 [500.]
 [500.]
 [500.]
 [500.]
 [500.]
 [500.]
 [500.]
 [500.]
 [500.]
 [500.]
 [500.]
 [500.]
 [500.]
 [500.]
 [500.]]
Ch: [[2.06273893 2.07745616 1.97102535 1.99090971 2.08109207 2.08615339
  2.01743329 2.01595169 1.9233837  2.04363613 1.92768858]
 [2.08077702 1.9897788  1.91631191 1.94651528 2.07208727 1.92811706
  2.07419018 2.04251745 2.02260248 1.9273456  2.09859649]
 [1.94204292 2.03442917 1.97246257 1.97063725 2.00616845 2.01237468
  1.96318623 1.95592254 2.02855825 1.91657461 2.04086033]
 [2.02367762 2.03331359 2.041375   2.09885593 2.00416655 1.93587558
  2.05720869 1.9716125  1.92834851 2.08247838 2.05272978]
 [1.94244902 1.97337215 1.97203169 1.96332518 2.05999961 2.08638547
  1.96457742 1.92005227 1.93878879 2.05099339 2.04213199]
 [2.06088185 2.04216959 2.062262   1.90332173 1.98578948 2.07084935
  2.01686812 2.00802267 1.92279184 1.92182132 1.97102264]
 [1.96010834 2.07354033 1.95536579 2.06822482 1.91371735 2.06860692
  2.05529102 2.08171851 2.04502684 1.98900737 2.07759228]
 [2.08137924 1.92225028 1.94133256 1.93391552 1.93993892 2.01801672
  1.96329982 2.02849642 2.02669147 2.08330951 2.00992545]
 [2.04732082 1.93237922 1.97093303 2.00198137 1.92514454 1.9893717
  2.04718083 1.96776092 2.04772752 2.0368513  1.91085729]
 [2.01752489 2.00342269 1.90136278 1.98337493 1.98601961 2.02261435
  2.00582829 2.09495595 1.91198412 2.04618346 2.09545702]]
Cv: [[0.         0.         0.         0.         0.         0.
  0.         0.         0.         0.        ]
 [1.9244848  2.09894778 2.03894593 1.94891046 2.03114416 1.98918497
  2.05130255 2.04848247 1.95244914 1.9136148 ]
 [2.00498136 2.04809858 1.93625264 1.94360156 1.94056867 1.98279114
  2.07106003 1.98953574 1.92057705 1.95198411]
 [2.03109924 2.09684306 2.02070743 2.00172662 2.05288102 2.00545681
  2.07343851 2.05923228 1.91903413 2.09292062]
 [2.05836675 2.04139875 1.97576383 2.04917268 1.97605432 1.99862119
  1.95966565 2.0528309  2.08200978 2.00046593]
 [2.08970258 1.9185603  1.98954753 1.95062683 2.09771966 1.94185026
  2.03590375 1.91623385 2.03092371 2.01376342]
 [1.90288061 2.04723007 2.08492609 2.06976135 2.06205914 1.95586337
  1.95228764 2.03644213 2.04017386 2.06668013]
 [2.01584329 2.06956089 1.91626987 2.09232545 2.04713465 1.90624292
  2.07323767 2.06156551 2.04220949 1.9376803 ]
 [2.01126735 2.07597883 2.06876318 2.00981338 1.97959446 2.04638021
  1.92687888 1.9211804  2.00665699 2.07418981]
 [1.97593186 2.06639538 1.95351361 1.91054067 2.0608363  1.91936945
  1.98897857 2.09097581 2.02434525 2.0765071 ]]
Rh: [[ 5.50040069  5.05278123  5.46959029  7.21909252 10.17699983 11.57190168
   9.36242018  6.62764382  7.59725072 13.31957202  9.77784585]
 [12.97123518  7.21490014  4.63142923  5.31645842  5.93522428 11.05137466
   6.90282906  8.86573108  8.96377028 12.28644133  5.03032768]
 [13.4693204  11.06702964  6.79243912 11.28313115  7.86327874  5.95231528
  10.85413087  5.07871528  4.75669323  4.60651801 11.90511435]
 [ 6.00961748 13.35412509  5.28184922  9.09587667 10.20311982  7.37590358
   5.01968235  5.33954905 11.35392427 10.72033969  9.40681692]
 [ 9.34680124  5.32520759  7.1185085   6.83866525  9.61805633 12.77510036
   5.46157481  4.89893818 10.19561213  5.038147    4.56393427]
 [ 4.62757589 11.04071225  4.52870004  4.93287432 14.80841805  5.33021204
   9.55700601 10.82795893 12.42862762 11.46518148 12.23938456]
 [14.55824695  5.0087941   5.70395338 10.52007769 12.71190197  4.97453205
  10.71877786 10.83385259  9.08115689  5.90036378 10.20056467]
 [13.72612406  5.38366136  5.19936602  6.04862606 12.30521843 11.14228065
  13.9087488   4.62687662  8.45821899 10.27676249 14.04906126]
 [ 5.98713072  5.00857247  4.93685415  7.89246635 12.34486713 12.21622429
   5.46627335  4.93506264 15.1890867   8.79090426  8.76666735]
 [ 5.69422916  9.31670689 11.08757357 13.42861501 13.32857029 14.19112629
   7.56376288  5.65196583  6.3875299  14.54767775 11.59057224]]
Rv: [[ 8.40208731  8.81220054 12.08395688  5.16843797  5.18433726 13.34326445
   9.61391681  7.03175989 12.05839355  9.59559313]
 [ 7.25874221 14.8197438  12.27289376  6.64280114  8.42060444  6.79522191
   5.16136929  9.16789888  8.55587819  6.6254236 ]
 [14.93627962  9.82046192 13.99009562  9.58245218  9.25378939  5.63946459
   5.04845265  8.8169707  12.69832427  5.39821005]
 [10.57960664 14.23440923  5.11415935  6.63783513  6.7135365   9.85417939
   8.68484003  6.70203569  7.22357619  9.26815846]
 [10.07667891  4.56075115 10.68889893 14.16399003  7.13849792  6.98400742
  12.54581272  4.7076409   4.71668622  9.97066067]
 [14.04158647 11.65666211 15.30654018 13.9577877   7.27816759  5.55127553
  12.85858622  8.3556862   6.1626975   6.70121626]
 [ 6.05737736  7.25743551  6.86770255 12.29043393  8.68897141  5.50756972
   8.01839599 10.95114107  4.58620015  8.39394173]
 [ 9.11253257 10.62563786  4.58949567  6.42120216  4.78687261  5.38483141
   4.54534562  7.6132251   5.50071486  8.51426919]
 [11.26979666 10.24620258  7.13200253  5.07642978  7.21675312  5.27088959
  11.10617535 12.5963216   8.01108589 12.38015903]]