-------Running parameters--------
T = 0.001
temperature_gradient = 0.0
gap = 0.0
M = 10
N = 10
VR = 0.0
Vmin = 0.0
Vmax = 1.1
vStep = 0.001
vSym = True
repeats = 50
fileName = array_10_10_disorder_c_std_0.1_r_std_11_run_2
dist = exp
fullOutput = True
use_graph = False
current_map = True
plot_current_map = False
plot_binary_current_map = False
frame_norm = False
dbg = False
resume = False
sc = False
leaping = False
constQ = False
modifyR = False
double_time = False
double_loop = False
output_folder = bgu_2d_finite_temperature_different_disorders_statistics
params_path = 
VG_avg = 0.0
VG_std = 0.0
C_avg = 2.0
C_std = 0.1
CG_avg = 10.0
CG_std = 0.0
R_avg = 20.0
R_std = 11.0
custom_rh = ""
custom_rv = ""
custom_ch = ""
custom_cv = ""
RG_avg = 500.0
RG_std = 0.0
n0_avg = 0.0
n0_std = 0.0
Q0_avg = 0.0
Q0_std = 0.0
----Array Parameters-----
Rows: 10
Columns: 10
VG: [[0.]
 [0.]
 [0.]
 [0.]
 [0.]
 [0.]
 [0.]
 [0.]
 [0.]
 [0.]
 [0.]
 [0.]
 [0.]
 [0.]
 [0.]
 [0.]
 [0.]
 [0.]
 [0.]
 [0.]
 [0.]
 [0.]
 [0.]
 [0.]
 [0.]
 [0.]
 [0.]
 [0.]
 [0.]
 [0.]
 [0.]
 [0.]
 [0.]
 [0.]
 [0.]
 [0.]
 [0.]
 [0.]
 [0.]
 [0.]
 [0.]
 [0.]
 [0.]
 [0.]
 [0.]
 [0.]
 [0.]
 [0.]
 [0.]
 [0.]
 [0.]
 [0.]
 [0.]
 [0.]
 [0.]
 [0.]
 [0.]
 [0.]
 [0.]
 [0.]
 [0.]
 [0.]
 [0.]
 [0.]
 [0.]
 [0.]
 [0.]
 [0.]
 [0.]
 [0.]
 [0.]
 [0.]
 [0.]
 [0.]
 [0.]
 [0.]
 [0.]
 [0.]
 [0.]
 [0.]
 [0.]
 [0.]
 [0.]
 [0.]
 [0.]
 [0.]
 [0.]
 [0.]
 [0.]
 [0.]
 [0.]
 [0.]
 [0.]
 [0.]
 [0.]
 [0.]
 [0.]
 [0.]
 [0.]
 [0.]]
CG: [[10.]
 [10.]
 [10.]
 [10.]
 [10.]
 [10.]
 [10.]
 [10.]
 [10.]
 [10.]
 [10.]
 [10.]
 [10.]
 [10.]
 [10.]
 [10.]
 [10.]
 [10.]
 [10.]
 [10.]
 [10.]
 [10.]
 [10.]
 [10.]
 [10.]
 [10.]
 [10.]
 [10.]
 [10.]
 [10.]
 [10.]
 [10.]
 [10.]
 [10.]
 [10.]
 [10.]
 [10.]
 [10.]
 [10.]
 [10.]
 [10.]
 [10.]
 [10.]
 [10.]
 [10.]
 [10.]
 [10.]
 [10.]
 [10.]
 [10.]
 [10.]
 [10.]
 [10.]
 [10.]
 [10.]
 [10.]
 [10.]
 [10.]
 [10.]
 [10.]
 [10.]
 [10.]
 [10.]
 [10.]
 [10.]
 [10.]
 [10.]
 [10.]
 [10.]
 [10.]
 [10.]
 [10.]
 [10.]
 [10.]
 [10.]
 [10.]
 [10.]
 [10.]
 [10.]
 [10.]
 [10.]
 [10.]
 [10.]
 [10.]
 [10.]
 [10.]
 [10.]
 [10.]
 [10.]
 [10.]
 [10.]
 [10.]
 [10.]
 [10.]
 [10.]
 [10.]
 [10.]
 [10.]
 [10.]
 [10.]]
RG: [[500.]
 [500.]
 [500.]
 [500.]
 [500.]
 [500.]
 [500.]
 [500.]
 [500.]
 [500.]
 [500.]
 [500.]
 [500.]
 [500.]
 [500.]
 [500.]
 [500.]
 [500.]
 [500.]
 [500.]
 [500.]
 [500.]
 [500.]
 [500.]
 [500.]
 [500.]
 [500.]
 [500.]
 [500.]
 [500.]
 [500.]
 [500.]
 [500.]
 [500.]
 [500.]
 [500.]
 [500.]
 [500.]
 [500.]
 [500.]
 [500.]
 [500.]
 [500.]
 [500.]
 [500.]
 [500.]
 [500.]
 [500.]
 [500.]
 [500.]
 [500.]
 [500.]
 [500.]
 [500.]
 [500.]
 [500.]
 [500.]
 [500.]
 [500.]
 [500.]
 [500.]
 [500.]
 [500.]
 [500.]
 [500.]
 [500.]
 [500.]
 [500.]
 [500.]
 [500.]
 [500.]
 [500.]
 [500.]
 [500.]
 [500.]
 [500.]
 [500.]
 [500.]
 [500.]
 [500.]
 [500.]
 [500.]
 [500.]
 [500.]
 [500.]
 [500.]
 [500.]
 [500.]
 [500.]
 [500.]
 [500.]
 [500.]
 [500.]
 [500.]
 [500.]
 [500.]
 [500.]
 [500.]
 [500.]
 [500.]]
Ch: [[2.089437   2.07369018 2.02397628 2.00191312 2.01018749 1.99661938
  1.91531223 1.93744165 1.97425276 1.99603119 2.03754544]
 [2.07297815 2.06633263 1.96695788 1.92405073 2.04713404 2.04174446
  1.95383516 1.97901516 1.95301633 2.00503202 1.99327288]
 [2.08023782 1.99721756 2.06778612 1.90354004 2.02263808 2.07153184
  2.02988613 2.08123441 2.08375951 2.05750995 2.01083429]
 [1.97579792 1.97218883 1.9864305  1.905857   1.91267574 2.03796033
  2.06572041 2.01301288 2.04041065 2.06222553 1.93827793]
 [2.06100192 2.08277558 2.08529188 1.99874024 2.04219864 1.91346805
  1.99308623 1.97782012 2.00160036 1.9855103  2.04427282]
 [1.91762257 2.08541143 1.94694351 2.03711786 2.04616959 2.01329506
  1.96794337 2.03104276 2.01503791 2.04771353 1.96177919]
 [1.96387775 1.92226098 2.03904004 2.08418667 2.07905542 2.0306176
  1.98003728 2.02264487 1.96304374 1.9340973  1.94241133]
 [2.07391272 2.00759339 1.93314634 2.07241425 1.94955332 1.96656224
  2.03891846 1.94546905 1.98926889 2.01169163 2.02286198]
 [2.04018727 1.98784163 1.97643733 1.92962857 2.03459993 2.00917701
  2.05600373 2.07034913 2.03244032 1.97303257 2.02260804]
 [2.01969291 1.96694272 2.078224   2.09136194 2.04406913 1.95569208
  1.90581432 1.97219382 1.99919024 2.04259016 2.0128405 ]]
Cv: [[0.         0.         0.         0.         0.         0.
  0.         0.         0.         0.        ]
 [1.99891323 2.03593485 1.90466103 2.06237813 1.96419311 2.04220311
  1.96687759 2.01168346 1.90377481 2.09437904]
 [2.02392656 2.00983188 2.03183164 1.91828113 2.03824381 2.01352339
  1.98105251 2.08840087 2.02007665 2.02414261]
 [2.01411553 2.02185113 2.00552877 2.04001005 1.98405479 1.98134892
  2.08480648 1.98190176 2.04247813 1.90455359]
 [2.00184503 1.90489936 1.98891697 1.93147561 1.98089604 2.08722723
  1.92000228 2.01618887 1.92894469 1.91317114]
 [1.96610916 1.96173695 1.91120699 2.03278917 2.07005455 2.07804819
  2.00514722 2.04759025 1.97670361 2.07732508]
 [1.95334268 2.01005136 1.96567479 2.04736013 2.04986133 2.02344088
  1.90273718 1.92255327 1.93396173 1.98811622]
 [1.98197109 1.93893898 1.91284149 2.09497249 1.94977662 2.09666352
  1.99415799 1.98645014 1.93998961 2.07724867]
 [1.92179421 1.91295887 2.09300364 1.95563567 1.96414234 2.03896953
  2.0928347  2.06910093 2.07631579 1.99541088]
 [2.01924772 1.93890616 2.01769519 2.09749767 2.09774752 2.02720051
  2.03597447 2.07176652 1.96449126 2.0480232 ]]
Rh: [[25.20449642  9.03617429 25.74769815 16.82113189 19.94607361 29.01301172
  10.83982287 24.17871561 28.0431005  20.60626846 22.30028653]
 [ 9.20242742 24.89589127 12.71821228 12.34341035 12.23046301 25.86963447
  22.66730761 11.40072149 10.30827798 28.63085273 14.02267884]
 [ 9.36530497  9.68963874 16.54020363 18.01058059 15.83905662 13.59190151
   9.70687467 11.04205402 11.24788965 12.80849407  9.84938145]
 [18.31798719 12.5938084  14.61374484  9.25714427 10.04429346 28.76133963
  15.00733548 30.93485495 12.27649238 16.47731142 13.94233768]
 [15.27183961 29.66546869 30.52119944 18.16815105 15.29927258 14.80684046
  25.40195884 20.66575294 18.45053708 10.49991667 30.62778897]
 [19.39729411 13.55360043 11.3206477  29.74690957 14.23356788 16.52739194
  18.17821706 11.3296075  30.91474448 24.55048715 27.65706031]
 [10.65118519 13.2912447  12.8313836  24.03829546 29.7627864  15.19526286
  23.42479335 13.69402158 10.54968005 10.3283551  26.72180321]
 [10.22287169 29.38194527 12.31826026 20.14158142 22.71446994 16.36065681
  18.85307868 22.14519191 18.65112243 23.77080649 28.55399738]
 [28.6642595  11.9559725  13.53567055 12.07305551 20.99270516 11.46440519
  23.62469603 27.27615706  9.83581979 17.388865   26.54764143]
 [23.98986806 30.59831252 26.29748949 16.75907185 13.13523655 21.6890641
  10.31093135 15.17629639 15.65121713 22.53431283 10.94034869]]
Rv: [[28.1179441  14.90893415 19.8629528  26.34300579 13.37947672 28.42330921
  20.10040195 10.31708622  9.61056772 10.51683588]
 [ 9.19596925 11.02596575 16.0757145   9.43540099 15.93390878  9.59891351
  23.84898579 25.25416218 24.97554663 11.51135679]
 [23.30490357 16.21440783 13.28250066  9.43133739 12.11486254 25.80307704
  27.80044881 13.62412972 21.63539627 28.6956512 ]
 [11.31119541 14.10649674  9.52201477 25.6205154  20.51555026 28.09504118
  28.60080964 14.97573391 23.5027049  14.9136793 ]
 [30.75807067 16.14775019 13.57021522 30.87532492 18.1410905   9.09158883
  13.37331809 10.16094158 22.10120752 17.14486498]
 [10.55393838 11.86513617 23.09035558 13.34583277 11.5353041  26.23600571
  14.12060615 21.79668136 16.18647243 28.7429178 ]
 [14.49678374 25.60650575 24.4081669  10.33047669 18.90016768 13.12712044
  30.18390853 17.30671043 19.91441253 15.69433829]
 [20.8533542  19.0171968   9.83916953 11.00661431 20.3813983  30.71876366
  21.46964532 11.60985424 21.00813933 13.6507306 ]
 [11.08835675 13.04721986 17.56452485 23.97742763 13.7558796  13.87854335
  22.91371483 17.59333246  9.62487311 18.20194785]]