-------Running parameters--------
T = 0.001
temperature_gradient = 0.0
gap = 0.0
M = 10
N = 10
VR = 0.0
Vmin = 0.0
Vmax = 1.1
vStep = 0.001
vSym = True
repeats = 50
fileName = array_10_10_disorder_c_std_0.1_r_std_10_run_10
dist = exp
fullOutput = True
use_graph = False
current_map = True
plot_current_map = False
plot_binary_current_map = False
frame_norm = False
dbg = False
resume = False
sc = False
leaping = False
constQ = False
modifyR = False
double_time = False
double_loop = False
output_folder = bgu_2d_finite_temperature_different_disorders_statistics
params_path = 
VG_avg = 0.0
VG_std = 0.0
C_avg = 2.0
C_std = 0.1
CG_avg = 10.0
CG_std = 0.0
R_avg = 20.0
R_std = 10.0
custom_rh = ""
custom_rv = ""
custom_ch = ""
custom_cv = ""
RG_avg = 500.0
RG_std = 0.0
n0_avg = 0.0
n0_std = 0.0
Q0_avg = 0.0
Q0_std = 0.0
----Array Parameters-----
Rows: 10
Columns: 10
VG: [[0.]
 [0.]
 [0.]
 [0.]
 [0.]
 [0.]
 [0.]
 [0.]
 [0.]
 [0.]
 [0.]
 [0.]
 [0.]
 [0.]
 [0.]
 [0.]
 [0.]
 [0.]
 [0.]
 [0.]
 [0.]
 [0.]
 [0.]
 [0.]
 [0.]
 [0.]
 [0.]
 [0.]
 [0.]
 [0.]
 [0.]
 [0.]
 [0.]
 [0.]
 [0.]
 [0.]
 [0.]
 [0.]
 [0.]
 [0.]
 [0.]
 [0.]
 [0.]
 [0.]
 [0.]
 [0.]
 [0.]
 [0.]
 [0.]
 [0.]
 [0.]
 [0.]
 [0.]
 [0.]
 [0.]
 [0.]
 [0.]
 [0.]
 [0.]
 [0.]
 [0.]
 [0.]
 [0.]
 [0.]
 [0.]
 [0.]
 [0.]
 [0.]
 [0.]
 [0.]
 [0.]
 [0.]
 [0.]
 [0.]
 [0.]
 [0.]
 [0.]
 [0.]
 [0.]
 [0.]
 [0.]
 [0.]
 [0.]
 [0.]
 [0.]
 [0.]
 [0.]
 [0.]
 [0.]
 [0.]
 [0.]
 [0.]
 [0.]
 [0.]
 [0.]
 [0.]
 [0.]
 [0.]
 [0.]
 [0.]]
CG: [[10.]
 [10.]
 [10.]
 [10.]
 [10.]
 [10.]
 [10.]
 [10.]
 [10.]
 [10.]
 [10.]
 [10.]
 [10.]
 [10.]
 [10.]
 [10.]
 [10.]
 [10.]
 [10.]
 [10.]
 [10.]
 [10.]
 [10.]
 [10.]
 [10.]
 [10.]
 [10.]
 [10.]
 [10.]
 [10.]
 [10.]
 [10.]
 [10.]
 [10.]
 [10.]
 [10.]
 [10.]
 [10.]
 [10.]
 [10.]
 [10.]
 [10.]
 [10.]
 [10.]
 [10.]
 [10.]
 [10.]
 [10.]
 [10.]
 [10.]
 [10.]
 [10.]
 [10.]
 [10.]
 [10.]
 [10.]
 [10.]
 [10.]
 [10.]
 [10.]
 [10.]
 [10.]
 [10.]
 [10.]
 [10.]
 [10.]
 [10.]
 [10.]
 [10.]
 [10.]
 [10.]
 [10.]
 [10.]
 [10.]
 [10.]
 [10.]
 [10.]
 [10.]
 [10.]
 [10.]
 [10.]
 [10.]
 [10.]
 [10.]
 [10.]
 [10.]
 [10.]
 [10.]
 [10.]
 [10.]
 [10.]
 [10.]
 [10.]
 [10.]
 [10.]
 [10.]
 [10.]
 [10.]
 [10.]
 [10.]]
RG: [[500.]
 [500.]
 [500.]
 [500.]
 [500.]
 [500.]
 [500.]
 [500.]
 [500.]
 [500.]
 [500.]
 [500.]
 [500.]
 [500.]
 [500.]
 [500.]
 [500.]
 [500.]
 [500.]
 [500.]
 [500.]
 [500.]
 [500.]
 [500.]
 [500.]
 [500.]
 [500.]
 [500.]
 [500.]
 [500.]
 [500.]
 [500.]
 [500.]
 [500.]
 [500.]
 [500.]
 [500.]
 [500.]
 [500.]
 [500.]
 [500.]
 [500.]
 [500.]
 [500.]
 [500.]
 [500.]
 [500.]
 [500.]
 [500.]
 [500.]
 [500.]
 [500.]
 [500.]
 [500.]
 [500.]
 [500.]
 [500.]
 [500.]
 [500.]
 [500.]
 [500.]
 [500.]
 [500.]
 [500.]
 [500.]
 [500.]
 [500.]
 [500.]
 [500.]
 [500.]
 [500.]
 [500.]
 [500.]
 [500.]
 [500.]
 [500.]
 [500.]
 [500.]
 [500.]
 [500.]
 [500.]
 [500.]
 [500.]
 [500.]
 [500.]
 [500.]
 [500.]
 [500.]
 [500.]
 [500.]
 [500.]
 [500.]
 [500.]
 [500.]
 [500.]
 [500.]
 [500.]
 [500.]
 [500.]
 [500.]]
Ch: [[1.93220221 1.91323815 1.98404413 2.03965282 2.02727024 2.05595683
  2.01321906 1.92405501 1.96825164 2.02056209 1.99610503]
 [1.94825444 2.06866404 2.00601632 1.9886723  1.90204517 1.95886641
  2.08977395 2.05258163 2.04653442 2.06884563 1.97341116]
 [2.09521005 1.96937715 2.0331061  1.92284442 1.98534136 2.05887878
  2.00507083 2.00410944 2.01375165 2.02007314 2.00130784]
 [2.04261799 2.08641103 1.91918527 2.00161769 1.94387796 1.93364584
  2.07383538 2.0525744  2.0996035  2.04700583 1.9057192 ]
 [1.91790252 1.90666035 1.92994383 2.0851603  1.96293792 1.94516788
  1.98161475 1.91719605 2.02747519 2.01732786 1.94449901]
 [1.94624977 1.93738992 2.09218037 2.00582476 1.91132411 1.98251079
  2.01701985 1.9067376  1.90012989 2.01782695 2.02570678]
 [1.97854939 2.03076406 1.91356019 2.00954832 2.01515674 2.00800255
  1.95759214 1.99734569 2.09956201 1.95291939 2.00549269]
 [2.04801863 1.92517034 1.93242946 1.91241013 2.03092514 1.94861744
  1.91960976 1.99428567 2.0972419  2.0978508  2.04347061]
 [2.09382491 2.07077018 2.01860561 2.01220579 2.06264413 2.02699529
  2.06738476 1.93255297 1.97468075 2.05914863 2.01758606]
 [2.05136841 2.0327238  2.0311601  1.94220945 2.01459817 1.95116719
  1.90382338 1.92727587 2.01202683 1.92915743 1.96656087]]
Cv: [[0.         0.         0.         0.         0.         0.
  0.         0.         0.         0.        ]
 [2.06730791 1.95239207 1.90396766 1.9566657  1.99627908 1.96839777
  2.06944061 2.09509875 1.94812693 1.96366087]
 [1.9189781  1.98255031 1.9576432  1.97691968 2.04366142 1.95224999
  1.91165894 2.07243982 2.02602908 1.94607223]
 [2.03966294 2.04450992 2.01804324 2.03683352 2.00031124 2.08845035
  1.99910656 2.01316809 2.08533456 1.9381986 ]
 [1.96144429 1.91092379 1.99184801 2.058325   1.99214624 2.06482497
  2.04930451 2.02237872 1.91614515 1.98493244]
 [1.96489246 2.09916732 2.0983885  1.98020668 2.00126013 1.9350424
  1.90426431 1.91635111 2.02614328 1.97165989]
 [2.06860475 1.92125072 2.00082323 2.05520968 1.99716273 1.97203333
  1.99850198 1.93838605 2.03463911 2.08591996]
 [1.99128081 2.0521442  2.02920056 2.03302067 1.9425323  2.00090424
  1.93792332 2.07881699 2.02463709 1.96634859]
 [1.93166256 2.02827977 2.01704246 1.92124745 1.91958509 1.96357699
  1.97373888 1.90226885 1.97605647 2.05573499]
 [1.97333728 2.05015637 2.00846713 2.0780862  1.99090299 2.01868406
  1.99169517 2.05622893 2.05685076 2.01195022]]
Rh: [[17.91451576 10.08599721 28.59806703 18.6076194  13.68082837 29.48124434
  19.28794927 11.42730496 13.25717042 11.62156268 15.66025744]
 [10.74122843 10.00651232 16.07797281 12.74487236 22.1523057  17.67744437
  29.06569001 10.78619174 20.03418745 28.01800872 20.44043391]
 [13.67292929 24.67542626 11.51922781 24.52195871 21.13982756 14.34530799
  12.32667399 10.00928852 26.64981028 29.83135683 10.85357926]
 [26.50672778 28.48106915 28.62936193 10.04363321 18.74147257 11.62961081
  20.44515616 11.9283763  10.90431468 29.98583258 14.11590204]
 [14.03264994 12.68572476 18.23669055 15.87600522 24.24477632 15.83464009
  16.93499507 19.50654026 20.74530417 10.62838834 28.78634697]
 [22.26077774 15.38756686 17.1194378  21.0204271  15.99696458 10.32975565
  16.44571934 13.50166827 11.1086298  19.84803771 25.16976691]
 [19.27498156 12.39587117 12.23952281 15.72266677 24.38054911 19.96261269
  11.39434914 27.62286806 11.88727657 27.0518381  12.03931353]
 [11.5646134  17.39816432 22.02795279 17.01800322 16.86486327 15.7329243
  13.7582145  11.0218391  17.56504907 19.79130011 26.08201161]
 [12.761509   28.88357859 16.11069192 10.33633376 29.72608302 14.77241411
  13.05949813 27.88080368 19.12259029 12.56513669 12.61148769]
 [23.05245219 29.94568643 27.74794107 27.63214378 13.15791097 20.01090531
  16.79260146 21.88296848 27.63778356 15.26271841 22.44553876]]
Rv: [[16.59634957 28.19097525 12.53262697 14.77086198 22.66181552 20.70539507
  16.2630108  13.32472561 11.66172129 17.4072821 ]
 [13.85325888 17.10874304 15.7801687  11.87063083 10.08046028 10.08134612
  21.03103531 10.72527072 15.93048056 17.54924815]
 [13.64711471 26.70826175 11.90363606 17.5209182  14.17757199 24.23352853
  24.14455364 19.01069983 13.82751646 15.93787187]
 [12.19772776 26.20154804 26.94024577 28.91498502 23.72146167 10.94949473
  26.10310765 14.2999483  15.74128785 12.49480743]
 [19.61639194 14.92844899 19.92001546 11.45867232 29.35610349 24.68508602
  27.73650786 23.41369951 15.52022592 23.09858322]
 [15.11209109 21.90435083 25.77876119 11.00654619 21.63553343 10.66928938
  13.80282313 12.05942685 20.77136444 16.58494549]
 [20.54325477 11.24783035 19.1243004  24.06013307 25.61227074 25.83209786
  23.89229906 25.23171494 14.31050928 10.01743159]
 [11.33926215 20.92610292 10.26295693 10.8330681  14.89063464 17.07637106
  12.49705823 22.4179968  22.00073837 11.65988919]
 [12.39077955 14.60924574 27.06005744 17.04378898 17.42061074 11.26387257
  12.53360426 15.2792188  24.51062813 14.56315869]]