-------Running parameters--------
T = 0.001
temperature_gradient = 0.0
gap = 0.0
M = 10
N = 10
VR = 0.0
Vmin = 0.0
Vmax = 1.1
vStep = 0.001
vSym = True
repeats = 50
fileName = array_10_10_disorder_c_std_0.1_r_std_13_run_10
dist = exp
fullOutput = True
use_graph = False
current_map = True
plot_current_map = False
plot_binary_current_map = False
frame_norm = False
dbg = False
resume = False
sc = False
leaping = False
constQ = False
modifyR = False
double_time = False
double_loop = False
output_folder = bgu_2d_finite_temperature_different_disorders_statistics
params_path = 
VG_avg = 0.0
VG_std = 0.0
C_avg = 2.0
C_std = 0.1
CG_avg = 10.0
CG_std = 0.0
R_avg = 20.0
R_std = 13.0
custom_rh = ""
custom_rv = ""
custom_ch = ""
custom_cv = ""
RG_avg = 500.0
RG_std = 0.0
n0_avg = 0.0
n0_std = 0.0
Q0_avg = 0.0
Q0_std = 0.0
----Array Parameters-----
Rows: 10
Columns: 10
VG: [[0.]
 [0.]
 [0.]
 [0.]
 [0.]
 [0.]
 [0.]
 [0.]
 [0.]
 [0.]
 [0.]
 [0.]
 [0.]
 [0.]
 [0.]
 [0.]
 [0.]
 [0.]
 [0.]
 [0.]
 [0.]
 [0.]
 [0.]
 [0.]
 [0.]
 [0.]
 [0.]
 [0.]
 [0.]
 [0.]
 [0.]
 [0.]
 [0.]
 [0.]
 [0.]
 [0.]
 [0.]
 [0.]
 [0.]
 [0.]
 [0.]
 [0.]
 [0.]
 [0.]
 [0.]
 [0.]
 [0.]
 [0.]
 [0.]
 [0.]
 [0.]
 [0.]
 [0.]
 [0.]
 [0.]
 [0.]
 [0.]
 [0.]
 [0.]
 [0.]
 [0.]
 [0.]
 [0.]
 [0.]
 [0.]
 [0.]
 [0.]
 [0.]
 [0.]
 [0.]
 [0.]
 [0.]
 [0.]
 [0.]
 [0.]
 [0.]
 [0.]
 [0.]
 [0.]
 [0.]
 [0.]
 [0.]
 [0.]
 [0.]
 [0.]
 [0.]
 [0.]
 [0.]
 [0.]
 [0.]
 [0.]
 [0.]
 [0.]
 [0.]
 [0.]
 [0.]
 [0.]
 [0.]
 [0.]
 [0.]]
CG: [[10.]
 [10.]
 [10.]
 [10.]
 [10.]
 [10.]
 [10.]
 [10.]
 [10.]
 [10.]
 [10.]
 [10.]
 [10.]
 [10.]
 [10.]
 [10.]
 [10.]
 [10.]
 [10.]
 [10.]
 [10.]
 [10.]
 [10.]
 [10.]
 [10.]
 [10.]
 [10.]
 [10.]
 [10.]
 [10.]
 [10.]
 [10.]
 [10.]
 [10.]
 [10.]
 [10.]
 [10.]
 [10.]
 [10.]
 [10.]
 [10.]
 [10.]
 [10.]
 [10.]
 [10.]
 [10.]
 [10.]
 [10.]
 [10.]
 [10.]
 [10.]
 [10.]
 [10.]
 [10.]
 [10.]
 [10.]
 [10.]
 [10.]
 [10.]
 [10.]
 [10.]
 [10.]
 [10.]
 [10.]
 [10.]
 [10.]
 [10.]
 [10.]
 [10.]
 [10.]
 [10.]
 [10.]
 [10.]
 [10.]
 [10.]
 [10.]
 [10.]
 [10.]
 [10.]
 [10.]
 [10.]
 [10.]
 [10.]
 [10.]
 [10.]
 [10.]
 [10.]
 [10.]
 [10.]
 [10.]
 [10.]
 [10.]
 [10.]
 [10.]
 [10.]
 [10.]
 [10.]
 [10.]
 [10.]
 [10.]]
RG: [[500.]
 [500.]
 [500.]
 [500.]
 [500.]
 [500.]
 [500.]
 [500.]
 [500.]
 [500.]
 [500.]
 [500.]
 [500.]
 [500.]
 [500.]
 [500.]
 [500.]
 [500.]
 [500.]
 [500.]
 [500.]
 [500.]
 [500.]
 [500.]
 [500.]
 [500.]
 [500.]
 [500.]
 [500.]
 [500.]
 [500.]
 [500.]
 [500.]
 [500.]
 [500.]
 [500.]
 [500.]
 [500.]
 [500.]
 [500.]
 [500.]
 [500.]
 [500.]
 [500.]
 [500.]
 [500.]
 [500.]
 [500.]
 [500.]
 [500.]
 [500.]
 [500.]
 [500.]
 [500.]
 [500.]
 [500.]
 [500.]
 [500.]
 [500.]
 [500.]
 [500.]
 [500.]
 [500.]
 [500.]
 [500.]
 [500.]
 [500.]
 [500.]
 [500.]
 [500.]
 [500.]
 [500.]
 [500.]
 [500.]
 [500.]
 [500.]
 [500.]
 [500.]
 [500.]
 [500.]
 [500.]
 [500.]
 [500.]
 [500.]
 [500.]
 [500.]
 [500.]
 [500.]
 [500.]
 [500.]
 [500.]
 [500.]
 [500.]
 [500.]
 [500.]
 [500.]
 [500.]
 [500.]
 [500.]
 [500.]]
Ch: [[1.91104636 2.03381609 1.96123589 2.05066851 2.07334719 1.99919071
  2.06961057 2.02059112 2.01933319 2.08263207 1.90223698]
 [2.0285053  1.9549898  1.94355285 2.00229296 1.98162715 1.92849185
  1.98700945 2.04651922 2.01383468 2.05133865 1.95580029]
 [2.0678771  1.91693009 2.02698622 2.02890455 2.06899801 1.99111018
  2.0540361  1.95211739 2.03158577 2.02852083 1.98588155]
 [2.0645891  2.03991304 1.94767547 2.05974963 1.95054335 2.01560574
  1.93787801 1.92240763 2.05068694 1.93795573 1.95396514]
 [2.01422736 1.94281796 2.00255725 2.00704818 1.9835281  1.93961413
  1.99549455 1.97991601 2.05470353 2.07011081 2.0081206 ]
 [2.05816857 1.90892402 2.04134595 1.91606188 1.93707153 1.9276684
  1.95171793 1.90311856 1.9903002  2.03382523 2.03232666]
 [1.98195866 2.05804619 2.09454267 1.90420121 2.00370617 2.09051745
  1.92714979 2.03794883 1.90832825 1.948005   2.07419592]
 [1.98875408 2.07641362 2.03599764 1.93301963 2.09899604 1.99803646
  2.09114976 1.97451378 2.07985363 1.98501391 2.09816795]
 [2.05163019 2.04301296 2.09493062 1.99514087 1.98387442 2.08522353
  2.08371628 1.95443558 2.08603836 1.9730671  1.93002315]
 [1.94751692 2.00306237 1.97828149 2.08679126 2.05061018 1.92821552
  1.99152603 1.93448294 1.99819714 2.01386018 2.02281109]]
Cv: [[0.         0.         0.         0.         0.         0.
  0.         0.         0.         0.        ]
 [1.99706774 1.99064491 1.91780453 2.03479275 1.91349978 1.91954763
  1.92313949 2.00324035 2.09124054 2.04394356]
 [2.01929737 1.99507384 1.95501967 2.05446011 2.04716484 2.01128698
  1.94599795 2.00904854 2.09200285 2.0490198 ]
 [1.93710349 1.97804504 2.08727547 2.01212248 2.00947339 2.08666246
  2.09212913 2.01784104 1.98063659 1.91285638]
 [1.92566814 1.9128841  2.06972813 2.03944055 2.06545834 1.95598864
  1.95225352 2.03484898 1.95694882 2.0025682 ]
 [2.04733185 2.05522577 2.02003302 2.0287262  1.95789341 1.92340127
  1.98845694 2.0225365  2.07613139 2.05829945]
 [1.90093359 2.08284551 1.99455458 2.03492833 1.90827563 2.07454873
  2.02626176 2.07649019 1.91734251 2.08394345]
 [2.036205   2.09894935 1.94981427 1.945675   1.9539498  1.9864571
  1.92927304 1.96818761 2.07336603 1.96664494]
 [1.93116811 2.06968909 1.99349105 1.99355397 1.95632968 2.03234642
  1.90727822 1.98724066 1.96206641 1.91336202]
 [1.94539053 1.93106909 1.94238094 2.06433289 2.04376782 1.92572785
  2.05829119 1.94578428 2.08465292 2.00178316]]
Rh: [[23.8110347   8.49795447  7.0104625   9.62961426 15.75421107 20.93305542
  18.91186114 30.56473768 24.62712292 10.70146895  8.48096782]
 [21.38877241 16.42607636 10.85877071  7.72348822 13.32195275 17.11186463
  26.26018044 16.42424902 25.68193957  9.44819825  9.28370689]
 [20.37179053 22.64721784 31.02792916 12.46490566 12.57535589 21.36814581
  10.98725452 10.39575775 27.09077253 14.24596625 25.41316805]
 [32.51961748 16.51984063 30.05033374 10.04765778 13.30081991 11.97320738
   9.09347194  7.7402146  21.76146826 15.68998254 12.79421203]
 [19.6873541  14.75346372 21.3947733  11.65542096 26.82632424 27.41142584
  16.36767532  9.74410533 28.45608654 32.62838712 17.72303395]
 [27.03731543 24.2301878   8.22022742 29.63970495  7.09562236 30.01856894
  14.3559394  20.69680353  9.84559431 29.00920285 20.35800517]
 [19.66409045 16.09278585 16.97789973 32.8857811  18.25426507 22.29219056
   8.41885882  7.15832871 30.28685242 25.51075992 29.92276571]
 [ 9.66240728 25.27590625 13.54138981 14.82325507 27.83301302 11.95406568
  13.54750012 14.52112994 14.53498411 19.19576885  9.73755592]
 [19.96333004 29.28592894  9.30119317 18.36446641 29.45046024  7.03776858
  18.31799335 18.38572752 12.32862346 25.87370067 24.11451806]
 [ 7.90788299 26.54172641 25.69974342 19.74633515 10.59524518 11.98788222
  11.28111711 13.12404538  8.08371099 18.79763869 15.49112662]]
Rv: [[13.82952958 14.30654241 20.11132934 18.16749194 21.85817918 31.10095587
  22.68313664 11.73728593  9.52632532 14.09139671]
 [21.84827781 18.77587456 16.41845997 11.62901841  7.37332786 11.8649778
  19.22390775 12.10404431 30.44969434 18.55362041]
 [20.18746514  8.53760723 10.07007092  9.26037735  9.74889076  7.01492649
  10.4065883   7.43468674 25.82829922 24.05576338]
 [12.00329204 20.44579199 15.32918353 11.51027366 12.41300287 25.73820542
  16.57326319 17.78813654 23.18414147 17.75179128]
 [11.69270071 24.15581295 18.68577891 26.77239512 12.71716878  7.18330418
   7.12317799 12.01354905 11.83998602 22.38302616]
 [ 7.48273332  7.42419745 11.08960441  7.00239764  7.77256419 12.44922041
   7.40155686 11.40086784 10.33449858 11.38697369]
 [10.46664157 24.18669018 15.0469594  15.8164909  31.65473923  8.75451821
   7.82966535 18.0473261  10.33324874 20.5384801 ]
 [17.17084644  8.75443996 22.81162139 27.4101877  19.54321734 18.25967546
   8.02797968 11.50587277  9.15945255 11.62766342]
 [18.33632691 24.32488146 19.71888236  7.55756486 18.33198455 26.6962288
   8.86954971  7.22566037 11.62661465 30.66685486]]