-------Running parameters--------
T = 0.001
temperature_gradient = 0.0
gap = 0.0
M = 10
N = 10
VR = 0.0
Vmin = 0.0
Vmax = 1.1
vStep = 0.001
vSym = True
repeats = 50
fileName = array_10_10_disorder_c_std_0.1_r_std_9.5_run_9
dist = exp
fullOutput = True
use_graph = False
current_map = True
plot_current_map = False
plot_binary_current_map = False
frame_norm = False
dbg = False
resume = False
sc = False
leaping = False
constQ = False
modifyR = False
double_time = False
double_loop = False
output_folder = bgu_2d_finite_temperature_different_disorders_statistics
params_path = 
VG_avg = 0.0
VG_std = 0.0
C_avg = 2.0
C_std = 0.1
CG_avg = 10.0
CG_std = 0.0
R_avg = 10.0
R_std = 9.5
custom_rh = ""
custom_rv = ""
custom_ch = ""
custom_cv = ""
RG_avg = 500.0
RG_std = 0.0
n0_avg = 0.0
n0_std = 0.0
Q0_avg = 0.0
Q0_std = 0.0
----Array Parameters-----
Rows: 10
Columns: 10
VG: [[0.]
 [0.]
 [0.]
 [0.]
 [0.]
 [0.]
 [0.]
 [0.]
 [0.]
 [0.]
 [0.]
 [0.]
 [0.]
 [0.]
 [0.]
 [0.]
 [0.]
 [0.]
 [0.]
 [0.]
 [0.]
 [0.]
 [0.]
 [0.]
 [0.]
 [0.]
 [0.]
 [0.]
 [0.]
 [0.]
 [0.]
 [0.]
 [0.]
 [0.]
 [0.]
 [0.]
 [0.]
 [0.]
 [0.]
 [0.]
 [0.]
 [0.]
 [0.]
 [0.]
 [0.]
 [0.]
 [0.]
 [0.]
 [0.]
 [0.]
 [0.]
 [0.]
 [0.]
 [0.]
 [0.]
 [0.]
 [0.]
 [0.]
 [0.]
 [0.]
 [0.]
 [0.]
 [0.]
 [0.]
 [0.]
 [0.]
 [0.]
 [0.]
 [0.]
 [0.]
 [0.]
 [0.]
 [0.]
 [0.]
 [0.]
 [0.]
 [0.]
 [0.]
 [0.]
 [0.]
 [0.]
 [0.]
 [0.]
 [0.]
 [0.]
 [0.]
 [0.]
 [0.]
 [0.]
 [0.]
 [0.]
 [0.]
 [0.]
 [0.]
 [0.]
 [0.]
 [0.]
 [0.]
 [0.]
 [0.]]
CG: [[10.]
 [10.]
 [10.]
 [10.]
 [10.]
 [10.]
 [10.]
 [10.]
 [10.]
 [10.]
 [10.]
 [10.]
 [10.]
 [10.]
 [10.]
 [10.]
 [10.]
 [10.]
 [10.]
 [10.]
 [10.]
 [10.]
 [10.]
 [10.]
 [10.]
 [10.]
 [10.]
 [10.]
 [10.]
 [10.]
 [10.]
 [10.]
 [10.]
 [10.]
 [10.]
 [10.]
 [10.]
 [10.]
 [10.]
 [10.]
 [10.]
 [10.]
 [10.]
 [10.]
 [10.]
 [10.]
 [10.]
 [10.]
 [10.]
 [10.]
 [10.]
 [10.]
 [10.]
 [10.]
 [10.]
 [10.]
 [10.]
 [10.]
 [10.]
 [10.]
 [10.]
 [10.]
 [10.]
 [10.]
 [10.]
 [10.]
 [10.]
 [10.]
 [10.]
 [10.]
 [10.]
 [10.]
 [10.]
 [10.]
 [10.]
 [10.]
 [10.]
 [10.]
 [10.]
 [10.]
 [10.]
 [10.]
 [10.]
 [10.]
 [10.]
 [10.]
 [10.]
 [10.]
 [10.]
 [10.]
 [10.]
 [10.]
 [10.]
 [10.]
 [10.]
 [10.]
 [10.]
 [10.]
 [10.]
 [10.]]
RG: [[500.]
 [500.]
 [500.]
 [500.]
 [500.]
 [500.]
 [500.]
 [500.]
 [500.]
 [500.]
 [500.]
 [500.]
 [500.]
 [500.]
 [500.]
 [500.]
 [500.]
 [500.]
 [500.]
 [500.]
 [500.]
 [500.]
 [500.]
 [500.]
 [500.]
 [500.]
 [500.]
 [500.]
 [500.]
 [500.]
 [500.]
 [500.]
 [500.]
 [500.]
 [500.]
 [500.]
 [500.]
 [500.]
 [500.]
 [500.]
 [500.]
 [500.]
 [500.]
 [500.]
 [500.]
 [500.]
 [500.]
 [500.]
 [500.]
 [500.]
 [500.]
 [500.]
 [500.]
 [500.]
 [500.]
 [500.]
 [500.]
 [500.]
 [500.]
 [500.]
 [500.]
 [500.]
 [500.]
 [500.]
 [500.]
 [500.]
 [500.]
 [500.]
 [500.]
 [500.]
 [500.]
 [500.]
 [500.]
 [500.]
 [500.]
 [500.]
 [500.]
 [500.]
 [500.]
 [500.]
 [500.]
 [500.]
 [500.]
 [500.]
 [500.]
 [500.]
 [500.]
 [500.]
 [500.]
 [500.]
 [500.]
 [500.]
 [500.]
 [500.]
 [500.]
 [500.]
 [500.]
 [500.]
 [500.]
 [500.]]
Ch: [[1.96741038 1.90422091 1.9009689  1.91158337 1.94149555 2.06532549
  1.97904205 1.9773672  1.93322498 2.05021527 1.93465151]
 [1.99500926 1.96473393 1.916474   2.0879931  2.02965334 2.08319069
  2.04102783 1.90141188 1.9821475  1.99510078 1.99097179]
 [1.91195685 2.08683017 2.04481907 2.05709531 1.96488738 1.90784363
  2.09127161 2.04513417 2.00763614 1.95199885 2.09049465]
 [1.9854266  1.99069462 2.09265471 1.97933615 2.06694782 2.02329834
  1.91859015 2.02416027 2.08176262 1.9559226  2.06797254]
 [2.01495705 1.91934324 2.09582349 1.90070067 1.93601069 2.05756528
  2.07135368 1.96910655 1.91032017 1.97958405 1.9710642 ]
 [1.98630006 1.95302739 1.96475496 1.94709711 1.91442805 2.03181828
  2.04425104 2.09848875 1.93551769 1.90492099 1.97673147]
 [2.01202084 1.91774784 1.92104891 1.96476536 1.96908279 1.97765134
  2.00586884 2.07400745 1.97522724 1.90286966 2.02966605]
 [1.99552989 2.07735451 2.05454457 2.03874958 2.0397835  1.99805487
  2.06661178 1.96184549 1.94619477 2.09470202 2.01306828]
 [1.96280486 1.94071887 1.9084334  2.07255306 2.00257574 1.92049924
  2.01995454 2.04489463 2.06745612 2.0356676  1.99006719]
 [2.02471688 1.93521419 1.98718651 2.08388842 2.01914221 2.01594423
  1.91719773 1.95459351 2.05322499 1.99739039 1.93761493]]
Cv: [[0.         0.         0.         0.         0.         0.
  0.         0.         0.         0.        ]
 [2.06816015 1.96768029 1.92097077 2.00747987 1.93386238 1.93628563
  2.06720709 1.97617779 1.97689214 2.0466215 ]
 [1.91994049 2.05750987 2.01106145 1.90732423 2.08215909 1.95977324
  2.03560363 1.94634784 2.06653807 1.91168602]
 [2.04605475 2.08880672 2.04436534 2.05193856 1.9366378  1.93069359
  1.90215495 2.09919199 1.95100036 2.08023965]
 [2.00666444 1.92815724 1.96769296 1.96982046 2.04495344 1.91114532
  2.03691968 2.04712339 1.90027176 2.01708093]
 [1.93940199 1.95290639 2.01441282 2.0182312  1.94575804 2.0762023
  1.90380843 1.93860733 1.91858632 2.07214083]
 [2.0321646  1.97362265 2.05463358 2.03354954 1.92097991 2.01675704
  2.02454712 1.97941355 1.98194115 2.01391506]
 [2.02215611 1.99624846 1.9824244  2.08703801 1.91552164 2.03270605
  2.08207402 1.95169102 2.06258346 2.03512375]
 [1.97345821 1.98634351 1.9689077  1.9739049  2.06354402 2.00348347
  1.97385089 2.06584962 2.08787104 1.99678591]
 [1.94491578 1.94427078 2.09401014 1.92393156 2.05355333 2.07302282
  2.02036802 2.09474585 2.06245046 2.02186014]]
Rh: [[13.86372846  6.57117868  5.99163523  0.665202   12.54761449  1.45376651
   1.67642545  1.11247801  0.70213969 11.20797462  2.73303925]
 [ 4.14715667  0.70820433 10.54785264  0.55267512  2.97054695  2.54730229
   9.44241795  0.52622147  2.95489847  1.62984944  7.81295748]
 [ 1.45124006  5.17981408  0.98471453  0.74414477  3.90941644  2.06541339
   0.51877886  8.71312893  6.01600642  9.78993893  3.88239903]
 [ 6.68577773 18.8160725   5.30454126  0.96449588  9.51319176  0.79170143
   0.60213687  0.82374773  1.34985865  1.07765439  0.82781494]
 [ 2.10259121  2.60673765  0.5947182   3.63758972 10.77478262  1.89270894
   0.938691    0.55832161  0.53972013  7.08976656  0.50751481]
 [ 0.86529735  0.98504137  2.11980195  0.55098964  0.7218469   3.64921977
   2.38469037 14.07214132  3.78561269 14.15715321 13.11517015]
 [16.51013196  2.96013903  3.31780467  0.73278008  1.14670277  1.60100556
   4.21583141  5.21619349  0.5159586   0.84316055  1.52767729]
 [10.32740401 16.37008384  1.5547956   1.01795671  0.71005439  4.37567819
   4.99276066  9.75884474  1.14449916 14.82388266  6.19976919]
 [ 1.21324942  7.99628745  2.02345758 18.24367648  1.32420552  2.26838748
  16.21572269  6.11290845  1.26706253  0.59656029  8.56216277]
 [13.51398871  1.48286775  2.95815395 19.40305856  8.88951386  2.12429387
  13.18329884  9.03474397 18.63988688  2.3968228   0.73581054]]
Rv: [[ 3.11937474 15.30520605  4.05503564  0.95823958  0.6943163   0.72998987
   3.78376007  4.3869624   1.93034193  3.87122146]
 [ 1.8349407   2.14070884  1.0178198   7.74549242  1.37002212  4.7008543
   3.57176601  0.59030614  1.23703782  2.05203886]
 [ 8.75626157  4.09989921 18.81101087  1.37373644  1.14188036  0.51014173
  18.19695761  1.10733826  8.62696608  4.82495437]
 [ 1.28020886  2.7239175   0.57764699  1.77734345  1.22438401  0.56985335
  16.14982356  1.66637343  1.65112137  6.23432454]
 [18.03844089  0.87622512  0.65136702  4.65832776  6.98495882  0.94069842
  18.91564336  1.18671543 11.65817362  5.82159278]
 [ 0.90159945  1.67852921  2.30544428  2.20491247  2.78678049  1.39712925
   1.22209209 19.3320465  11.28897377  0.90998677]
 [ 0.89332044 12.10448106  4.51133036  4.75507707  0.72580717  9.71049483
   8.68545082  2.62221124  1.45659292  1.51226657]
 [ 0.68726642  0.87106863  0.81511539  0.55553015  3.98611676 18.43983422
   0.84002561  4.85823949  1.85895108  1.38850963]
 [ 7.98094843  1.04259271  0.95300989 18.96586881  0.59661269 10.92672327
   4.1357501   7.50493722  0.63835794  2.40371415]]