-------Running parameters--------
T = 0.001
temperature_gradient = 0.0
gap = 0.0
M = 10
N = 10
VR = 0.0
Vmin = 0.0
Vmax = 1.1
vStep = 0.001
vSym = True
repeats = 50
fileName = array_10_10_disorder_c_std_0.1_r_std_13_run_2
dist = exp
fullOutput = True
use_graph = False
current_map = True
plot_current_map = False
plot_binary_current_map = False
frame_norm = False
dbg = False
resume = False
sc = False
leaping = False
constQ = False
modifyR = False
double_time = False
double_loop = False
output_folder = bgu_2d_finite_temperature_different_disorders_statistics
params_path = 
VG_avg = 0.0
VG_std = 0.0
C_avg = 2.0
C_std = 0.1
CG_avg = 10.0
CG_std = 0.0
R_avg = 20.0
R_std = 13.0
custom_rh = ""
custom_rv = ""
custom_ch = ""
custom_cv = ""
RG_avg = 500.0
RG_std = 0.0
n0_avg = 0.0
n0_std = 0.0
Q0_avg = 0.0
Q0_std = 0.0
----Array Parameters-----
Rows: 10
Columns: 10
VG: [[0.]
 [0.]
 [0.]
 [0.]
 [0.]
 [0.]
 [0.]
 [0.]
 [0.]
 [0.]
 [0.]
 [0.]
 [0.]
 [0.]
 [0.]
 [0.]
 [0.]
 [0.]
 [0.]
 [0.]
 [0.]
 [0.]
 [0.]
 [0.]
 [0.]
 [0.]
 [0.]
 [0.]
 [0.]
 [0.]
 [0.]
 [0.]
 [0.]
 [0.]
 [0.]
 [0.]
 [0.]
 [0.]
 [0.]
 [0.]
 [0.]
 [0.]
 [0.]
 [0.]
 [0.]
 [0.]
 [0.]
 [0.]
 [0.]
 [0.]
 [0.]
 [0.]
 [0.]
 [0.]
 [0.]
 [0.]
 [0.]
 [0.]
 [0.]
 [0.]
 [0.]
 [0.]
 [0.]
 [0.]
 [0.]
 [0.]
 [0.]
 [0.]
 [0.]
 [0.]
 [0.]
 [0.]
 [0.]
 [0.]
 [0.]
 [0.]
 [0.]
 [0.]
 [0.]
 [0.]
 [0.]
 [0.]
 [0.]
 [0.]
 [0.]
 [0.]
 [0.]
 [0.]
 [0.]
 [0.]
 [0.]
 [0.]
 [0.]
 [0.]
 [0.]
 [0.]
 [0.]
 [0.]
 [0.]
 [0.]]
CG: [[10.]
 [10.]
 [10.]
 [10.]
 [10.]
 [10.]
 [10.]
 [10.]
 [10.]
 [10.]
 [10.]
 [10.]
 [10.]
 [10.]
 [10.]
 [10.]
 [10.]
 [10.]
 [10.]
 [10.]
 [10.]
 [10.]
 [10.]
 [10.]
 [10.]
 [10.]
 [10.]
 [10.]
 [10.]
 [10.]
 [10.]
 [10.]
 [10.]
 [10.]
 [10.]
 [10.]
 [10.]
 [10.]
 [10.]
 [10.]
 [10.]
 [10.]
 [10.]
 [10.]
 [10.]
 [10.]
 [10.]
 [10.]
 [10.]
 [10.]
 [10.]
 [10.]
 [10.]
 [10.]
 [10.]
 [10.]
 [10.]
 [10.]
 [10.]
 [10.]
 [10.]
 [10.]
 [10.]
 [10.]
 [10.]
 [10.]
 [10.]
 [10.]
 [10.]
 [10.]
 [10.]
 [10.]
 [10.]
 [10.]
 [10.]
 [10.]
 [10.]
 [10.]
 [10.]
 [10.]
 [10.]
 [10.]
 [10.]
 [10.]
 [10.]
 [10.]
 [10.]
 [10.]
 [10.]
 [10.]
 [10.]
 [10.]
 [10.]
 [10.]
 [10.]
 [10.]
 [10.]
 [10.]
 [10.]
 [10.]]
RG: [[500.]
 [500.]
 [500.]
 [500.]
 [500.]
 [500.]
 [500.]
 [500.]
 [500.]
 [500.]
 [500.]
 [500.]
 [500.]
 [500.]
 [500.]
 [500.]
 [500.]
 [500.]
 [500.]
 [500.]
 [500.]
 [500.]
 [500.]
 [500.]
 [500.]
 [500.]
 [500.]
 [500.]
 [500.]
 [500.]
 [500.]
 [500.]
 [500.]
 [500.]
 [500.]
 [500.]
 [500.]
 [500.]
 [500.]
 [500.]
 [500.]
 [500.]
 [500.]
 [500.]
 [500.]
 [500.]
 [500.]
 [500.]
 [500.]
 [500.]
 [500.]
 [500.]
 [500.]
 [500.]
 [500.]
 [500.]
 [500.]
 [500.]
 [500.]
 [500.]
 [500.]
 [500.]
 [500.]
 [500.]
 [500.]
 [500.]
 [500.]
 [500.]
 [500.]
 [500.]
 [500.]
 [500.]
 [500.]
 [500.]
 [500.]
 [500.]
 [500.]
 [500.]
 [500.]
 [500.]
 [500.]
 [500.]
 [500.]
 [500.]
 [500.]
 [500.]
 [500.]
 [500.]
 [500.]
 [500.]
 [500.]
 [500.]
 [500.]
 [500.]
 [500.]
 [500.]
 [500.]
 [500.]
 [500.]
 [500.]]
Ch: [[1.99183798 1.94353909 1.94805804 2.09885096 2.034927   2.09564039
  2.05541496 1.97381022 2.00629338 2.0629824  2.01471017]
 [1.99663028 1.90798017 2.08259993 1.95142384 1.94274213 1.92122973
  2.07363345 1.95179269 1.93200401 1.9594438  2.00444631]
 [1.93165993 2.01274145 1.99799036 2.01569554 2.0473322  1.9413356
  1.914846   1.97675631 1.95149003 1.9921925  1.92827516]
 [1.94080433 2.05267523 1.99390589 1.97965224 2.02424371 1.99771683
  1.92143124 1.95796153 1.97281972 1.99658923 2.04729734]
 [2.07287468 2.0822219  2.07388212 2.02265431 1.94061313 1.99471686
  1.92121428 2.07227286 2.0345617  1.93965332 1.99420764]
 [2.08920652 2.03767842 2.09565949 1.96561826 1.92918609 2.01256934
  2.07082097 2.00251026 2.01010712 2.04601007 2.09597777]
 [1.99594612 1.97211656 1.91584279 1.97420924 2.00335896 1.94604515
  1.96364095 1.92375559 1.99664004 1.96598174 2.06578169]
 [2.02728142 1.96298181 2.02440014 2.09924264 2.09427966 2.07312348
  1.98892282 1.99738681 1.9102783  1.90033577 1.93959755]
 [2.01757422 2.09936683 2.03601152 1.93219696 2.09697455 2.01233572
  2.05134322 2.02797447 2.08892299 2.0874907  1.9927346 ]
 [2.02132854 2.04911819 2.06714285 1.96422417 1.95080818 2.08330158
  2.08918483 1.97773381 2.02762429 2.05330954 1.97695693]]
Cv: [[0.         0.         0.         0.         0.         0.
  0.         0.         0.         0.        ]
 [1.93324727 1.95207909 1.95934982 2.06378195 1.98550525 1.9502907
  1.94337571 1.97054405 1.9674767  2.04854041]
 [2.02704738 1.92186521 2.09423542 1.93269543 1.94123348 2.06096601
  2.06619105 2.06124018 1.98098595 1.98607631]
 [1.92038003 1.90255862 2.0366116  1.98094047 1.94459462 1.94134595
  2.01099952 2.04958128 2.01590252 1.90133053]
 [2.09640349 2.0483079  1.90639671 1.91048031 1.99282046 1.91029975
  2.08278052 2.09393764 1.96320578 2.06585773]
 [2.06599573 2.03744583 1.91925884 1.93337247 2.07781508 1.91276157
  2.00204531 2.09471566 2.02034026 2.08631331]
 [1.98495739 1.92810023 2.07259616 2.08121363 1.95116385 1.99374127
  2.00836467 1.99229872 1.90299554 1.9544318 ]
 [1.90874051 1.96721381 2.06715819 2.01516491 1.90417538 1.99344915
  2.077416   1.99115504 1.91257238 1.94643111]
 [2.0130099  2.0182599  1.94134218 2.05604899 1.98896125 2.00110513
  1.90509366 1.96071819 1.92031213 1.9342288 ]
 [2.00959039 2.08231444 1.92999661 2.06515697 2.05901488 1.99080369
  2.04386671 2.05436833 1.94081553 1.98272343]]
Rh: [[10.91848479 28.59404473 29.64805373 23.38844097 27.49349948 10.99604705
  26.25791077 26.47306081 10.58777655 22.7406499  11.25312187]
 [26.32178985 19.78659575 18.81656091 23.45128707 16.66672442 29.95967167
  28.87346167 23.01747473 26.10492005 27.87337078  7.7786455 ]
 [ 7.47690201 25.59904949 10.86617177 25.85795177 10.62070075 10.99214717
  17.94174712 29.6053151  16.19111806 32.72993075  7.7565534 ]
 [27.7747932   8.15018884 17.21113923 15.5771727  13.08306777 24.53608784
  18.96240776 24.61607095 14.73314742 16.62535966 10.75502103]
 [19.76767949 17.55957423  7.00812485 11.58037124  7.11805317 14.95182939
  12.95269983  7.05356583 12.63400853 22.20036012  8.39455435]
 [32.76204973 13.11236417 10.98018969 11.12545511 14.13050101  9.93187296
   7.47218238 18.29120997  8.45242048 29.85355847 10.41748218]
 [ 9.52181678  8.36911886 24.26077624  9.1312956  24.14527254 11.37640865
  20.99197557 15.85220214 10.30261591 22.42634214  8.04317172]
 [21.60075827 11.62249903 23.06109963 23.30821848 20.41983075 15.5677399
  18.75958545  9.16080668 16.60848875 13.63921649  8.28214819]
 [11.0588417  15.27514759 15.52929948 28.64237718 23.85609505  8.26545103
  22.96864033  7.21159206 19.95555043 16.71495878 32.7048655 ]
 [32.23467209 21.2890013  24.57668563 32.30343591 13.53800582 15.80549438
  19.41304789  9.18465796 32.71065693 10.62557811 10.95779638]]
Rv: [[23.93714304 14.30850363 10.09396715 20.5140996   7.00168996 21.78311644
   8.08959396  8.24639285 10.41235579 17.24665526]
 [20.07259321  7.03391542  7.13862129 12.31295066 26.14011086 10.88951309
  16.03481924 23.50034799 18.25644619 27.64795938]
 [18.47194856 12.44118529 16.18556797 26.79349353 14.60947851 11.55074279
  20.25798494  8.69667013  8.75527121 13.86222249]
 [ 8.58894406 27.62516409 18.12418922 24.3143567   8.69735209 12.68217798
  19.09993225 11.41184019 31.57531829  9.35757046]
 [28.8161334  26.07991307 19.89000135 22.35115996 14.8427871   9.37941573
  27.47689095 32.03414466 14.27562179  8.48771402]
 [25.70668173  9.14042666 10.37007312 16.01777516 17.19340159 22.46005496
  20.40974606 30.61069138 17.14968811 20.69517974]
 [27.42167388 12.20803611  8.64065373 25.61431728 16.77804885 10.06773462
  20.1330355   9.52999176 31.40062558 24.25621834]
 [11.29660407 25.9824794  17.66940887  8.31528036 12.47100294 14.25928915
   9.77689468 17.26584036 16.48391515 29.54776457]
 [ 9.47654661 31.07535988 10.95794823  9.56516037 19.01821024 22.91323152
   8.35310986 23.38689482 16.52768292 28.56407223]]