-------Running parameters--------
T = 0.001
temperature_gradient = 0.0
gap = 0.0
M = 10
N = 10
VR = 0.0
Vmin = 0.0
Vmax = 1.1
vStep = 0.001
vSym = True
repeats = 50
fileName = array_10_10_disorder_c_std_0.1_r_std_9.5_run_4
dist = exp
fullOutput = True
use_graph = False
current_map = True
plot_current_map = False
plot_binary_current_map = False
frame_norm = False
dbg = False
resume = False
sc = False
leaping = False
constQ = False
modifyR = False
double_time = False
double_loop = False
output_folder = bgu_2d_finite_temperature_different_disorders_statistics
params_path = 
VG_avg = 0.0
VG_std = 0.0
C_avg = 2.0
C_std = 0.1
CG_avg = 10.0
CG_std = 0.0
R_avg = 10.0
R_std = 9.5
custom_rh = ""
custom_rv = ""
custom_ch = ""
custom_cv = ""
RG_avg = 500.0
RG_std = 0.0
n0_avg = 0.0
n0_std = 0.0
Q0_avg = 0.0
Q0_std = 0.0
----Array Parameters-----
Rows: 10
Columns: 10
VG: [[0.]
 [0.]
 [0.]
 [0.]
 [0.]
 [0.]
 [0.]
 [0.]
 [0.]
 [0.]
 [0.]
 [0.]
 [0.]
 [0.]
 [0.]
 [0.]
 [0.]
 [0.]
 [0.]
 [0.]
 [0.]
 [0.]
 [0.]
 [0.]
 [0.]
 [0.]
 [0.]
 [0.]
 [0.]
 [0.]
 [0.]
 [0.]
 [0.]
 [0.]
 [0.]
 [0.]
 [0.]
 [0.]
 [0.]
 [0.]
 [0.]
 [0.]
 [0.]
 [0.]
 [0.]
 [0.]
 [0.]
 [0.]
 [0.]
 [0.]
 [0.]
 [0.]
 [0.]
 [0.]
 [0.]
 [0.]
 [0.]
 [0.]
 [0.]
 [0.]
 [0.]
 [0.]
 [0.]
 [0.]
 [0.]
 [0.]
 [0.]
 [0.]
 [0.]
 [0.]
 [0.]
 [0.]
 [0.]
 [0.]
 [0.]
 [0.]
 [0.]
 [0.]
 [0.]
 [0.]
 [0.]
 [0.]
 [0.]
 [0.]
 [0.]
 [0.]
 [0.]
 [0.]
 [0.]
 [0.]
 [0.]
 [0.]
 [0.]
 [0.]
 [0.]
 [0.]
 [0.]
 [0.]
 [0.]
 [0.]]
CG: [[10.]
 [10.]
 [10.]
 [10.]
 [10.]
 [10.]
 [10.]
 [10.]
 [10.]
 [10.]
 [10.]
 [10.]
 [10.]
 [10.]
 [10.]
 [10.]
 [10.]
 [10.]
 [10.]
 [10.]
 [10.]
 [10.]
 [10.]
 [10.]
 [10.]
 [10.]
 [10.]
 [10.]
 [10.]
 [10.]
 [10.]
 [10.]
 [10.]
 [10.]
 [10.]
 [10.]
 [10.]
 [10.]
 [10.]
 [10.]
 [10.]
 [10.]
 [10.]
 [10.]
 [10.]
 [10.]
 [10.]
 [10.]
 [10.]
 [10.]
 [10.]
 [10.]
 [10.]
 [10.]
 [10.]
 [10.]
 [10.]
 [10.]
 [10.]
 [10.]
 [10.]
 [10.]
 [10.]
 [10.]
 [10.]
 [10.]
 [10.]
 [10.]
 [10.]
 [10.]
 [10.]
 [10.]
 [10.]
 [10.]
 [10.]
 [10.]
 [10.]
 [10.]
 [10.]
 [10.]
 [10.]
 [10.]
 [10.]
 [10.]
 [10.]
 [10.]
 [10.]
 [10.]
 [10.]
 [10.]
 [10.]
 [10.]
 [10.]
 [10.]
 [10.]
 [10.]
 [10.]
 [10.]
 [10.]
 [10.]]
RG: [[500.]
 [500.]
 [500.]
 [500.]
 [500.]
 [500.]
 [500.]
 [500.]
 [500.]
 [500.]
 [500.]
 [500.]
 [500.]
 [500.]
 [500.]
 [500.]
 [500.]
 [500.]
 [500.]
 [500.]
 [500.]
 [500.]
 [500.]
 [500.]
 [500.]
 [500.]
 [500.]
 [500.]
 [500.]
 [500.]
 [500.]
 [500.]
 [500.]
 [500.]
 [500.]
 [500.]
 [500.]
 [500.]
 [500.]
 [500.]
 [500.]
 [500.]
 [500.]
 [500.]
 [500.]
 [500.]
 [500.]
 [500.]
 [500.]
 [500.]
 [500.]
 [500.]
 [500.]
 [500.]
 [500.]
 [500.]
 [500.]
 [500.]
 [500.]
 [500.]
 [500.]
 [500.]
 [500.]
 [500.]
 [500.]
 [500.]
 [500.]
 [500.]
 [500.]
 [500.]
 [500.]
 [500.]
 [500.]
 [500.]
 [500.]
 [500.]
 [500.]
 [500.]
 [500.]
 [500.]
 [500.]
 [500.]
 [500.]
 [500.]
 [500.]
 [500.]
 [500.]
 [500.]
 [500.]
 [500.]
 [500.]
 [500.]
 [500.]
 [500.]
 [500.]
 [500.]
 [500.]
 [500.]
 [500.]
 [500.]]
Ch: [[1.98455744 1.96285551 2.01646154 2.03058059 1.95375463 1.92331576
  2.01621758 1.95715842 1.9259331  2.05477654 2.08373475]
 [1.9013272  2.01439779 2.07561977 1.91984    2.06741202 2.03824374
  2.09878888 2.02713699 2.04957585 2.09232418 1.91253779]
 [1.97998929 2.01429116 1.93737237 1.91327576 2.05458297 2.04012479
  2.05758462 2.05953679 2.03701351 2.05247862 1.95805258]
 [1.92905453 1.94832283 2.02489323 1.96209699 2.02303095 1.99397657
  1.91655743 1.91422237 1.96036881 1.96491829 2.09063605]
 [1.98397551 2.09070837 2.0097677  1.95492808 1.93267941 2.09590246
  2.04783237 1.93620367 2.02576267 2.00528938 1.91828393]
 [2.06516451 1.91566492 2.08360853 1.99366149 1.91833498 2.0342706
  2.07592246 2.07112937 2.09376399 2.03580415 1.91546711]
 [1.9857682  2.02693823 2.06206713 2.006802   2.03057197 2.02180197
  1.99386814 2.06001008 1.95164387 1.95022182 1.9493251 ]
 [1.95108223 2.03084654 2.07911582 2.02776497 1.94956285 1.91940055
  1.94147596 1.94639826 2.01684632 1.94620878 2.00234571]
 [2.09687238 2.00162543 2.00931889 2.00308233 1.99079548 2.03881192
  2.0570104  1.90028291 1.98973154 2.03188661 2.05221272]
 [1.99659301 1.95591661 2.04351531 2.03836695 2.04023145 1.92727873
  2.04317481 2.09503504 1.98331944 2.01776571 1.99997731]]
Cv: [[0.         0.         0.         0.         0.         0.
  0.         0.         0.         0.        ]
 [2.03665683 2.04468154 1.96692781 2.08495391 2.03242105 1.95860045
  1.97545064 1.91468845 2.01214784 2.06622271]
 [2.01734778 2.08545518 1.97603275 1.93812447 1.9131108  1.97290525
  1.90857692 1.99101744 1.93003512 2.07649766]
 [2.07841359 1.97158802 1.92088088 2.00791263 2.02349098 1.98577842
  2.08759581 2.08731294 1.90487723 2.03591635]
 [1.90333914 2.00186489 2.07019269 2.0839809  2.04643296 1.9391229
  2.09367542 1.94601861 1.9479407  2.03870267]
 [2.06241902 2.04483806 1.98469243 1.98918814 2.08400169 2.08334336
  1.97499626 1.95845844 2.04574355 2.02088472]
 [1.96216139 2.00922786 1.90622666 2.07258757 1.95566392 1.97615536
  2.06287453 2.00013451 1.96462011 2.07296347]
 [1.96435008 2.03326481 1.98477107 2.07548238 2.05415767 1.92637338
  1.9654954  1.9201812  1.98337314 2.08096265]
 [1.91466694 1.96489564 1.91445074 2.03288027 1.92745643 1.94450011
  1.99338266 1.99403254 2.05440962 2.05982884]
 [2.06871161 2.09722002 1.9578432  1.91455147 1.97923568 2.03471427
  1.91415251 2.05820778 2.04608323 2.00739131]]
Rh: [[ 2.49473878  1.25371617 16.48335118  0.70112357  0.64859817  0.79904736
   0.96402561  7.4510966   6.25810463 12.3468545   2.26795183]
 [ 0.80530012  8.18524257  0.83718526  1.24244919  3.11485724  0.67256302
   0.51532362  2.04609077  2.05965731  2.19851859  9.19298586]
 [ 1.53717396  5.7504381   1.31441305  0.62396286  2.11201585  0.55291569
  14.93631654  5.40236296  1.52323659  1.17187965  5.8843189 ]
 [ 5.13803679  4.78741626  1.32338558  1.64641997  6.319868    2.39647041
   8.10415191 16.67639339  7.67861199  2.32882222  1.10299446]
 [ 1.75073481  3.7263204   1.51592221  5.73929424 12.86130865  0.60173157
   2.15176211  2.44693435  1.40132685  6.05906145 16.19317307]
 [ 7.73485681  7.58963634 10.19867317  1.81138605  2.02899872  3.02146213
   2.6043166   5.73587242  3.86194734  1.0120374   7.97539598]
 [14.54084141 13.63989352  3.26508836  5.67174428  5.40540867 13.24391928
   1.61543734  8.06665625  4.72363785  2.00968281 15.10449429]
 [ 0.77023238  3.78092731  1.31342437  0.79286686  4.93833828 17.72873908
   0.90764737  3.64475697 18.1169091   1.32337871  0.68311655]
 [ 0.64919192  8.14087845  1.59956323  5.70927309 12.07507946  1.63440557
   5.33518181 18.99025815 15.30935469  5.26031535  0.61167247]
 [ 1.23075963  4.69554666 13.81669205 13.32653195  2.7433806   1.85271009
   8.59655429  0.64916222  0.58037202  1.47507013  0.7389325 ]]
Rv: [[ 0.73319974  0.91684367  1.35768284  5.01845057  8.14852426  6.25146621
  18.0742449   0.75014572  4.5771939  14.20757677]
 [11.25656832  2.36366361  1.54553613  8.31542859  4.12260331  0.61860794
   0.53061311  3.26841399 18.28573464  4.57184815]
 [ 1.46663961  0.73390574  2.44567905  7.17963792  0.88097889 16.71888395
   2.68139473  0.92652497  4.18154323  1.01897285]
 [ 0.62085634  6.28416229  0.58763773  4.54954512  1.70240998  5.91656309
   0.62285761 18.7736666   1.37142732  0.66942421]
 [ 7.77252616  1.08840415 10.43635752 10.84322495 17.17874985  2.4412372
   1.36934118  3.17119531  2.11349876  0.56451328]
 [ 3.76463342  0.75530325  1.35221441  0.98346276  0.89902319  0.52301862
   0.89495058  0.92909577  9.08317828  1.4734285 ]
 [19.18708773  1.43411749  6.37063486 10.89014668  0.62830924  3.73559215
   7.30799009 11.31413182  2.08940177  1.26070029]
 [10.89985923 15.12226857  0.85412725 16.95039035  4.9293148   5.74793364
   3.08143732  4.44782218  0.56855393  1.24223122]
 [ 2.68682151  0.57110748 15.0373669   0.94127346  5.29310073  1.13267272
   1.77830722  0.92036394  4.75666522  8.62861614]]