-------Running parameters--------
T = 0.001
temperature_gradient = 0.0
gap = 0.0
M = 10
N = 10
VR = 0.0
Vmin = 0.0
Vmax = 1.1
vStep = 0.001
vSym = True
repeats = 50
fileName = array_10_10_disorder_c_std_0.1_r_std_5_run_8
dist = exp
fullOutput = True
use_graph = False
current_map = True
plot_current_map = False
plot_binary_current_map = False
frame_norm = False
dbg = False
resume = False
sc = False
leaping = False
constQ = False
modifyR = False
double_time = False
double_loop = False
output_folder = bgu_2d_finite_temperature_different_disorders_statistics
params_path = 
VG_avg = 0.0
VG_std = 0.0
C_avg = 2.0
C_std = 0.1
CG_avg = 10.0
CG_std = 0.0
R_avg = 10.0
R_std = 5.0
custom_rh = ""
custom_rv = ""
custom_ch = ""
custom_cv = ""
RG_avg = 500.0
RG_std = 0.0
n0_avg = 0.0
n0_std = 0.0
Q0_avg = 0.0
Q0_std = 0.0
----Array Parameters-----
Rows: 10
Columns: 10
VG: [[0.]
 [0.]
 [0.]
 [0.]
 [0.]
 [0.]
 [0.]
 [0.]
 [0.]
 [0.]
 [0.]
 [0.]
 [0.]
 [0.]
 [0.]
 [0.]
 [0.]
 [0.]
 [0.]
 [0.]
 [0.]
 [0.]
 [0.]
 [0.]
 [0.]
 [0.]
 [0.]
 [0.]
 [0.]
 [0.]
 [0.]
 [0.]
 [0.]
 [0.]
 [0.]
 [0.]
 [0.]
 [0.]
 [0.]
 [0.]
 [0.]
 [0.]
 [0.]
 [0.]
 [0.]
 [0.]
 [0.]
 [0.]
 [0.]
 [0.]
 [0.]
 [0.]
 [0.]
 [0.]
 [0.]
 [0.]
 [0.]
 [0.]
 [0.]
 [0.]
 [0.]
 [0.]
 [0.]
 [0.]
 [0.]
 [0.]
 [0.]
 [0.]
 [0.]
 [0.]
 [0.]
 [0.]
 [0.]
 [0.]
 [0.]
 [0.]
 [0.]
 [0.]
 [0.]
 [0.]
 [0.]
 [0.]
 [0.]
 [0.]
 [0.]
 [0.]
 [0.]
 [0.]
 [0.]
 [0.]
 [0.]
 [0.]
 [0.]
 [0.]
 [0.]
 [0.]
 [0.]
 [0.]
 [0.]
 [0.]]
CG: [[10.]
 [10.]
 [10.]
 [10.]
 [10.]
 [10.]
 [10.]
 [10.]
 [10.]
 [10.]
 [10.]
 [10.]
 [10.]
 [10.]
 [10.]
 [10.]
 [10.]
 [10.]
 [10.]
 [10.]
 [10.]
 [10.]
 [10.]
 [10.]
 [10.]
 [10.]
 [10.]
 [10.]
 [10.]
 [10.]
 [10.]
 [10.]
 [10.]
 [10.]
 [10.]
 [10.]
 [10.]
 [10.]
 [10.]
 [10.]
 [10.]
 [10.]
 [10.]
 [10.]
 [10.]
 [10.]
 [10.]
 [10.]
 [10.]
 [10.]
 [10.]
 [10.]
 [10.]
 [10.]
 [10.]
 [10.]
 [10.]
 [10.]
 [10.]
 [10.]
 [10.]
 [10.]
 [10.]
 [10.]
 [10.]
 [10.]
 [10.]
 [10.]
 [10.]
 [10.]
 [10.]
 [10.]
 [10.]
 [10.]
 [10.]
 [10.]
 [10.]
 [10.]
 [10.]
 [10.]
 [10.]
 [10.]
 [10.]
 [10.]
 [10.]
 [10.]
 [10.]
 [10.]
 [10.]
 [10.]
 [10.]
 [10.]
 [10.]
 [10.]
 [10.]
 [10.]
 [10.]
 [10.]
 [10.]
 [10.]]
RG: [[500.]
 [500.]
 [500.]
 [500.]
 [500.]
 [500.]
 [500.]
 [500.]
 [500.]
 [500.]
 [500.]
 [500.]
 [500.]
 [500.]
 [500.]
 [500.]
 [500.]
 [500.]
 [500.]
 [500.]
 [500.]
 [500.]
 [500.]
 [500.]
 [500.]
 [500.]
 [500.]
 [500.]
 [500.]
 [500.]
 [500.]
 [500.]
 [500.]
 [500.]
 [500.]
 [500.]
 [500.]
 [500.]
 [500.]
 [500.]
 [500.]
 [500.]
 [500.]
 [500.]
 [500.]
 [500.]
 [500.]
 [500.]
 [500.]
 [500.]
 [500.]
 [500.]
 [500.]
 [500.]
 [500.]
 [500.]
 [500.]
 [500.]
 [500.]
 [500.]
 [500.]
 [500.]
 [500.]
 [500.]
 [500.]
 [500.]
 [500.]
 [500.]
 [500.]
 [500.]
 [500.]
 [500.]
 [500.]
 [500.]
 [500.]
 [500.]
 [500.]
 [500.]
 [500.]
 [500.]
 [500.]
 [500.]
 [500.]
 [500.]
 [500.]
 [500.]
 [500.]
 [500.]
 [500.]
 [500.]
 [500.]
 [500.]
 [500.]
 [500.]
 [500.]
 [500.]
 [500.]
 [500.]
 [500.]
 [500.]]
Ch: [[1.93638272 2.00861835 2.00891184 2.00074332 2.0557907  2.06021346
  2.05920048 2.08586555 1.98577298 1.9468923  1.94212298]
 [2.09663563 1.91633923 1.90310521 1.94685858 2.01448993 1.92292933
  2.04654846 2.03280134 1.96924979 2.00152501 2.04381793]
 [1.93284622 2.02699935 2.00772353 2.00568711 1.92228702 1.93927174
  2.07565852 1.93893071 2.07697807 2.01418516 2.06054836]
 [2.06819775 1.92846283 2.02762985 2.00013511 2.08975183 1.97353351
  2.0011283  1.94507983 2.03432364 2.06248552 2.02739328]
 [2.07360476 1.92763861 1.90862804 1.95817025 1.99296523 2.05406803
  1.95024389 1.94234191 1.98188267 1.90647349 1.96393167]
 [1.90361347 2.05487358 2.09711663 2.06843795 1.98659935 2.00228462
  2.02198765 1.92123543 1.94881818 1.94192515 1.93127355]
 [2.05049317 2.06053853 1.9291693  2.03520932 2.08991923 2.08226793
  1.97177558 1.92349738 1.91261108 2.03616258 1.97945852]
 [1.91390408 2.09604193 1.92277438 2.07909304 1.98132925 1.98235181
  1.99644303 2.0004997  1.95226334 1.96033123 1.95131258]
 [1.97735526 1.93168949 1.95088622 2.05106815 2.09619634 2.06266793
  1.94765099 2.03252966 2.08258143 1.96500169 1.98017693]
 [2.05339618 1.95565953 2.02785447 1.92966536 1.91458009 2.09675874
  2.08128794 1.98430312 2.06265975 1.92874682 2.05976299]]
Cv: [[0.         0.         0.         0.         0.         0.
  0.         0.         0.         0.        ]
 [2.01442804 2.09271854 1.98720404 2.07562023 2.07916941 1.94172029
  2.02924429 2.01588091 2.05582031 1.91919832]
 [2.09018185 1.94939171 2.07937593 1.90253102 1.94218869 2.04602394
  1.96106781 1.98313026 1.98956494 1.91944033]
 [1.97829373 2.06991079 2.00286219 1.91992045 2.0686756  1.98033033
  1.95289718 1.98541699 2.07279294 1.99365876]
 [1.95493939 2.03049145 2.00611413 2.07219303 1.94435374 2.05270698
  2.05256634 2.09530008 2.09682235 1.93578312]
 [2.0885656  2.03206692 2.08963089 2.06300255 2.03564004 2.02318357
  1.97008858 2.03894913 2.0549531  2.0823395 ]
 [1.95215983 1.91534326 1.92850727 1.99195836 1.9609646  2.04369084
  1.9464475  1.96304825 1.92606055 1.93818669]
 [1.95708104 2.0239573  2.01316037 1.97091868 1.93108134 1.949211
  2.09657298 2.00113901 2.07361669 1.92816834]
 [1.94951696 1.96176747 2.09791679 1.91772568 2.05331507 2.03640912
  2.05392355 1.95622973 2.00654218 1.94537883]
 [1.94584105 2.09371572 2.07885883 2.04615338 1.95628536 2.01059921
  1.98830016 1.98219381 2.01511395 2.09624006]]
Rh: [[ 6.50377504  5.79373604 13.93195791  9.23117975 12.98853752  8.30213324
   7.97412565 10.23594935  5.11310928  6.81987004 10.17459579]
 [13.04220063  7.56626669 11.51647901  9.14923914 14.76926159  5.45607851
   5.79887124  9.84272206 12.17474013 10.92378306 11.85642148]
 [ 9.23555728  5.09729355 10.46057262  9.62298846  6.32008148  5.04881434
  11.85520323 12.24059452 14.29055593 11.03696616 10.49722796]
 [ 6.15683005 14.11783684 10.58136894 11.80609237 13.24957992 13.23237859
  13.32793051  6.96191289  9.19889654 13.95209151  5.04367982]
 [ 6.14226852 12.17372795  5.14747536  8.16954264  5.94871078 13.49863142
   6.64507745  8.36290949  9.99766064 14.60194841  9.00226656]
 [ 5.72533908 10.53229982  9.76002445 11.91046164  5.33215366  9.76335632
   6.17251595  5.02441288  8.22529002 10.63224683  8.46659087]
 [12.66470399  8.42561569  6.0996352  11.04020007  7.72385802  9.27090332
   6.94193926  9.886655    7.86061734  5.08889971  8.43257967]
 [10.71582131 11.90977392 11.2770207   8.00111994 12.75153909  7.39177354
   6.10353234  6.78421111 10.11177937 10.15625786  8.53603016]
 [ 5.97158139  6.92503822 13.37274156 14.93883745  6.54951291 10.30053443
   5.85222532 10.10119362 12.45516563  7.70666379  7.15179157]
 [ 7.16351836  6.45929334  6.63433456 11.08233274 11.59347887 14.40678485
   7.97114055 11.57543768 11.91210776  9.35265367  6.73047725]]
Rv: [[ 9.85008137 10.13593279 11.52429314  5.10717607  7.46284342 10.25872981
   5.93605336  5.38098497 11.81713443 13.48706821]
 [ 5.34315757  7.55006641 12.13989565  6.90258947  6.93913221  5.04410818
  10.15788712  8.44782078  6.42933346  5.19489891]
 [ 5.30456929 11.94019338  9.25793354  9.90182048 13.71810514 14.5120475
   9.39326147  6.30926945 12.71577346  9.6016541 ]
 [ 8.2130101  10.20107863  9.07519363 12.09380767 10.35235304 12.01016392
  10.16608615  5.26920288  5.37496013 14.29207268]
 [ 7.85162621  9.57724263  6.65085609  5.41267358  7.76449225  7.443094
  12.02785581  8.81730179  7.72255628  7.72981229]
 [ 6.49339047 13.48226519  5.92536675  6.17545672 10.17866306 14.45471498
   7.49070858  9.02131729 13.7678805   9.86322718]
 [ 6.70217343 12.83259677  9.73054256  8.7235754   5.35551658 12.14328096
   9.89619633 11.12819641  8.12295909  7.80267157]
 [ 5.41917448 14.01068784  6.31019359 13.9057274   5.75877788 10.94495769
  13.08581746 10.70147612 11.4424937  13.2969555 ]
 [ 5.58998172 13.31172566 10.83257519 13.4388386   5.05246303  5.8007729
  10.17922494  6.43344978 10.4153867  12.00727636]]