-------Running parameters--------
T = 0.001
temperature_gradient = 0.0
gap = 0.0
M = 10
N = 10
VR = 0.0
Vmin = 0.0
Vmax = 1.1
vStep = 0.001
vSym = True
repeats = 50
fileName = array_10_10_disorder_c_std_0.1_r_std_6_run_2
dist = exp
fullOutput = True
use_graph = False
current_map = True
plot_current_map = False
plot_binary_current_map = False
frame_norm = False
dbg = False
resume = False
sc = False
leaping = False
constQ = False
modifyR = False
double_time = False
double_loop = False
output_folder = bgu_2d_finite_temperature_different_disorders_statistics
params_path = 
VG_avg = 0.0
VG_std = 0.0
C_avg = 2.0
C_std = 0.1
CG_avg = 10.0
CG_std = 0.0
R_avg = 10.0
R_std = 6.0
custom_rh = ""
custom_rv = ""
custom_ch = ""
custom_cv = ""
RG_avg = 500.0
RG_std = 0.0
n0_avg = 0.0
n0_std = 0.0
Q0_avg = 0.0
Q0_std = 0.0
----Array Parameters-----
Rows: 10
Columns: 10
VG: [[0.]
 [0.]
 [0.]
 [0.]
 [0.]
 [0.]
 [0.]
 [0.]
 [0.]
 [0.]
 [0.]
 [0.]
 [0.]
 [0.]
 [0.]
 [0.]
 [0.]
 [0.]
 [0.]
 [0.]
 [0.]
 [0.]
 [0.]
 [0.]
 [0.]
 [0.]
 [0.]
 [0.]
 [0.]
 [0.]
 [0.]
 [0.]
 [0.]
 [0.]
 [0.]
 [0.]
 [0.]
 [0.]
 [0.]
 [0.]
 [0.]
 [0.]
 [0.]
 [0.]
 [0.]
 [0.]
 [0.]
 [0.]
 [0.]
 [0.]
 [0.]
 [0.]
 [0.]
 [0.]
 [0.]
 [0.]
 [0.]
 [0.]
 [0.]
 [0.]
 [0.]
 [0.]
 [0.]
 [0.]
 [0.]
 [0.]
 [0.]
 [0.]
 [0.]
 [0.]
 [0.]
 [0.]
 [0.]
 [0.]
 [0.]
 [0.]
 [0.]
 [0.]
 [0.]
 [0.]
 [0.]
 [0.]
 [0.]
 [0.]
 [0.]
 [0.]
 [0.]
 [0.]
 [0.]
 [0.]
 [0.]
 [0.]
 [0.]
 [0.]
 [0.]
 [0.]
 [0.]
 [0.]
 [0.]
 [0.]]
CG: [[10.]
 [10.]
 [10.]
 [10.]
 [10.]
 [10.]
 [10.]
 [10.]
 [10.]
 [10.]
 [10.]
 [10.]
 [10.]
 [10.]
 [10.]
 [10.]
 [10.]
 [10.]
 [10.]
 [10.]
 [10.]
 [10.]
 [10.]
 [10.]
 [10.]
 [10.]
 [10.]
 [10.]
 [10.]
 [10.]
 [10.]
 [10.]
 [10.]
 [10.]
 [10.]
 [10.]
 [10.]
 [10.]
 [10.]
 [10.]
 [10.]
 [10.]
 [10.]
 [10.]
 [10.]
 [10.]
 [10.]
 [10.]
 [10.]
 [10.]
 [10.]
 [10.]
 [10.]
 [10.]
 [10.]
 [10.]
 [10.]
 [10.]
 [10.]
 [10.]
 [10.]
 [10.]
 [10.]
 [10.]
 [10.]
 [10.]
 [10.]
 [10.]
 [10.]
 [10.]
 [10.]
 [10.]
 [10.]
 [10.]
 [10.]
 [10.]
 [10.]
 [10.]
 [10.]
 [10.]
 [10.]
 [10.]
 [10.]
 [10.]
 [10.]
 [10.]
 [10.]
 [10.]
 [10.]
 [10.]
 [10.]
 [10.]
 [10.]
 [10.]
 [10.]
 [10.]
 [10.]
 [10.]
 [10.]
 [10.]]
RG: [[500.]
 [500.]
 [500.]
 [500.]
 [500.]
 [500.]
 [500.]
 [500.]
 [500.]
 [500.]
 [500.]
 [500.]
 [500.]
 [500.]
 [500.]
 [500.]
 [500.]
 [500.]
 [500.]
 [500.]
 [500.]
 [500.]
 [500.]
 [500.]
 [500.]
 [500.]
 [500.]
 [500.]
 [500.]
 [500.]
 [500.]
 [500.]
 [500.]
 [500.]
 [500.]
 [500.]
 [500.]
 [500.]
 [500.]
 [500.]
 [500.]
 [500.]
 [500.]
 [500.]
 [500.]
 [500.]
 [500.]
 [500.]
 [500.]
 [500.]
 [500.]
 [500.]
 [500.]
 [500.]
 [500.]
 [500.]
 [500.]
 [500.]
 [500.]
 [500.]
 [500.]
 [500.]
 [500.]
 [500.]
 [500.]
 [500.]
 [500.]
 [500.]
 [500.]
 [500.]
 [500.]
 [500.]
 [500.]
 [500.]
 [500.]
 [500.]
 [500.]
 [500.]
 [500.]
 [500.]
 [500.]
 [500.]
 [500.]
 [500.]
 [500.]
 [500.]
 [500.]
 [500.]
 [500.]
 [500.]
 [500.]
 [500.]
 [500.]
 [500.]
 [500.]
 [500.]
 [500.]
 [500.]
 [500.]
 [500.]]
Ch: [[2.01295982 1.96441667 1.99399039 1.96483433 2.02915    2.06233133
  1.95992098 2.0011182  1.95433058 2.05034034 2.01345659]
 [1.94913743 1.96085978 1.90833878 1.92998609 1.93663364 1.90761062
  1.93651857 1.98105463 1.91052089 2.06069116 1.94588186]
 [2.09563011 2.00004186 2.0974399  1.94475673 1.95354037 2.05226977
  1.95503814 2.08108344 1.92406941 2.04542096 2.0144418 ]
 [2.00067863 1.9863942  1.97244603 2.09833847 1.9117993  1.96704989
  2.01940684 1.93509269 2.06249682 2.08941073 1.92688982]
 [1.96246045 1.96794396 1.96131303 1.96364714 2.06883229 2.04121472
  2.07454017 1.97677057 1.93818416 2.01402274 2.01005503]
 [1.92894    2.03553149 1.92545348 2.08591047 1.99151651 1.99087533
  2.00908895 2.08915856 2.07063609 1.90430177 1.93360434]
 [1.90372917 2.03740319 2.02274038 1.96304623 1.93048705 2.01909224
  1.9916822  2.01968944 2.07622704 2.00232964 2.08537705]
 [2.07553784 2.0659781  2.04147427 2.02715939 1.95377609 1.92191183
  2.0581998  1.93654491 1.93284003 2.00518487 1.97633798]
 [2.01013377 1.94422154 1.95534354 2.01909728 1.99345673 1.96654229
  1.92029526 1.96826782 2.06168192 2.06987268 1.90372641]
 [1.94631004 2.05762735 1.95897287 2.03998615 2.06505558 1.96419933
  2.05942114 2.08419855 2.01265163 2.04304038 2.02414809]]
Cv: [[0.         0.         0.         0.         0.         0.
  0.         0.         0.         0.        ]
 [2.04312556 2.01624895 1.97303029 2.05615088 2.00185564 2.09306434
  1.97050732 1.92553938 1.99774223 1.92423408]
 [2.07694703 2.07167768 2.04899257 1.94354344 1.91202106 1.98623285
  1.92572429 1.94571275 1.99421057 1.97332686]
 [2.01864528 2.08039141 1.98678497 1.94042568 1.97477568 2.05283916
  1.95260555 1.90671346 2.09175744 2.02568165]
 [1.96385591 1.93585241 2.01719294 2.00907716 1.98145256 1.92772554
  1.9559837  1.97541988 2.09512588 2.02937271]
 [1.92652371 2.07120946 2.08795934 2.03618034 2.05107698 2.01134555
  1.97016467 1.98353702 1.97021726 1.99884662]
 [1.97947374 1.96033504 2.0014953  1.94231561 2.09891559 2.05077451
  2.09555392 1.97688716 2.04088504 1.95850234]
 [2.04597041 1.90979386 2.04258274 1.96484435 1.93597388 2.03737655
  2.02609893 2.04495373 1.91043757 2.05125167]
 [1.99760747 1.91871855 2.03721795 2.0292573  1.95422987 1.96180664
  1.92885163 1.94335533 1.99195736 2.0898216 ]
 [1.96829276 1.96215566 1.9519434  2.07334712 2.06397474 2.09630645
  1.93047925 1.96694386 1.99793181 1.93121224]]
Rh: [[ 6.56331108  8.13271207  9.98271991  8.82578525  9.54118985  7.17154037
   7.5296441   6.56275353 15.25615386  6.42064014 14.75432513]
 [ 7.86160279  7.37119324  8.6570167  10.73167649  5.03278346 11.12082945
  14.22845526 15.78537995  9.73962647 14.38001115 10.77934994]
 [ 8.37429078  8.14647112  5.22936588  7.45281673 10.3646658   7.73581121
  11.12618787  6.60300449  6.34944227  4.30384704  7.75125484]
 [12.76188033 11.64688838 13.22734453  8.65449698  7.1938057  14.07051178
   7.27156736 10.76166016 10.02866299  6.10665141  4.71547324]
 [ 9.4852323   8.17216255 14.08325408 14.08603179 11.84077965  6.04191831
   5.80937542  4.48714494 12.81735086  6.68121628  8.56191517]
 [ 9.99396717  4.28035075  4.47709208  4.14225704  6.79203248  4.34146886
   6.29414601 11.03152895  9.25646323  4.51030593  4.23157162]
 [ 5.62076491  4.38346622 12.13558087  4.74543175  6.93557506 10.57545986
  11.75747188 10.57697332 13.68226876  9.29862595  6.04790912]
 [10.40651721  4.52500622  4.43617817  7.83618214  5.45346846  7.68411537
   9.09538176  6.85797214  6.88030823  6.43495203  8.23059297]
 [ 6.17578381 10.93718845 12.74577459  5.44376576 15.39563674  4.46206041
   5.45899499 12.33017691  9.94591048  6.88840091  6.50101448]
 [ 4.28031509  5.60927602 13.67090807  5.63602202  5.7937653   5.10403591
   9.42699751 14.46882766 15.08318249 12.61295139 11.3299642 ]]
Rv: [[10.32637328  4.65791411  7.27961165  9.02477682  5.73165693  4.25846211
   5.35037209 12.70308295 12.10648127  7.16164872]
 [14.47547339  9.72864107 12.72739499  4.79454176  4.61929628 11.85803837
   8.61462035  7.5544693   7.3760086   6.49746792]
 [15.10811624 10.87426053 11.28650449  5.47571191  6.62206133 13.12572497
  11.59176492 14.44813322  5.96645189  4.91780766]
 [15.33791639  5.82709324  6.29882976 15.98814185  4.08453774  4.49701901
   4.87895512 12.46006527 11.60835588  9.97806736]
 [ 5.36927592  7.91709005  4.688461   10.95819215  7.26613337  8.52365326
  11.36734468 14.47694331 12.47763221  8.24724608]
 [ 5.43086348  7.31730422 12.10179214  4.14959873  4.09830359 14.74313192
   9.50286051 13.41163283  5.84539093 14.58810253]
 [ 5.12807492 11.14176983  5.05658023  7.27800245  7.76775124 13.91270775
   5.28327598  4.53755424  7.33182168 10.42025713]
 [ 4.92247933  4.55807189 10.30195477  7.88324663  7.63369025  7.54843957
   6.94477043  4.16692463 14.45297889  4.82095854]
 [ 7.88150615  5.20726217  4.98526525  7.98060289 12.67616767  5.89629672
  10.25214294  6.11428504  6.23322362  4.52005543]]