-------Running parameters--------
T = 0.001
temperature_gradient = 0.0
gap = 0.0
M = 10
N = 10
VR = 0.0
Vmin = 0.0
Vmax = 1.1
vStep = 0.001
vSym = True
repeats = 50
fileName = array_10_10_disorder_c_std_0.1_r_std_6_run_5
dist = exp
fullOutput = True
use_graph = False
current_map = True
plot_current_map = False
plot_binary_current_map = False
frame_norm = False
dbg = False
resume = False
sc = False
leaping = False
constQ = False
modifyR = False
double_time = False
double_loop = False
output_folder = bgu_2d_finite_temperature_different_disorders_statistics
params_path = 
VG_avg = 0.0
VG_std = 0.0
C_avg = 2.0
C_std = 0.1
CG_avg = 10.0
CG_std = 0.0
R_avg = 10.0
R_std = 6.0
custom_rh = ""
custom_rv = ""
custom_ch = ""
custom_cv = ""
RG_avg = 500.0
RG_std = 0.0
n0_avg = 0.0
n0_std = 0.0
Q0_avg = 0.0
Q0_std = 0.0
----Array Parameters-----
Rows: 10
Columns: 10
VG: [[0.]
 [0.]
 [0.]
 [0.]
 [0.]
 [0.]
 [0.]
 [0.]
 [0.]
 [0.]
 [0.]
 [0.]
 [0.]
 [0.]
 [0.]
 [0.]
 [0.]
 [0.]
 [0.]
 [0.]
 [0.]
 [0.]
 [0.]
 [0.]
 [0.]
 [0.]
 [0.]
 [0.]
 [0.]
 [0.]
 [0.]
 [0.]
 [0.]
 [0.]
 [0.]
 [0.]
 [0.]
 [0.]
 [0.]
 [0.]
 [0.]
 [0.]
 [0.]
 [0.]
 [0.]
 [0.]
 [0.]
 [0.]
 [0.]
 [0.]
 [0.]
 [0.]
 [0.]
 [0.]
 [0.]
 [0.]
 [0.]
 [0.]
 [0.]
 [0.]
 [0.]
 [0.]
 [0.]
 [0.]
 [0.]
 [0.]
 [0.]
 [0.]
 [0.]
 [0.]
 [0.]
 [0.]
 [0.]
 [0.]
 [0.]
 [0.]
 [0.]
 [0.]
 [0.]
 [0.]
 [0.]
 [0.]
 [0.]
 [0.]
 [0.]
 [0.]
 [0.]
 [0.]
 [0.]
 [0.]
 [0.]
 [0.]
 [0.]
 [0.]
 [0.]
 [0.]
 [0.]
 [0.]
 [0.]
 [0.]]
CG: [[10.]
 [10.]
 [10.]
 [10.]
 [10.]
 [10.]
 [10.]
 [10.]
 [10.]
 [10.]
 [10.]
 [10.]
 [10.]
 [10.]
 [10.]
 [10.]
 [10.]
 [10.]
 [10.]
 [10.]
 [10.]
 [10.]
 [10.]
 [10.]
 [10.]
 [10.]
 [10.]
 [10.]
 [10.]
 [10.]
 [10.]
 [10.]
 [10.]
 [10.]
 [10.]
 [10.]
 [10.]
 [10.]
 [10.]
 [10.]
 [10.]
 [10.]
 [10.]
 [10.]
 [10.]
 [10.]
 [10.]
 [10.]
 [10.]
 [10.]
 [10.]
 [10.]
 [10.]
 [10.]
 [10.]
 [10.]
 [10.]
 [10.]
 [10.]
 [10.]
 [10.]
 [10.]
 [10.]
 [10.]
 [10.]
 [10.]
 [10.]
 [10.]
 [10.]
 [10.]
 [10.]
 [10.]
 [10.]
 [10.]
 [10.]
 [10.]
 [10.]
 [10.]
 [10.]
 [10.]
 [10.]
 [10.]
 [10.]
 [10.]
 [10.]
 [10.]
 [10.]
 [10.]
 [10.]
 [10.]
 [10.]
 [10.]
 [10.]
 [10.]
 [10.]
 [10.]
 [10.]
 [10.]
 [10.]
 [10.]]
RG: [[500.]
 [500.]
 [500.]
 [500.]
 [500.]
 [500.]
 [500.]
 [500.]
 [500.]
 [500.]
 [500.]
 [500.]
 [500.]
 [500.]
 [500.]
 [500.]
 [500.]
 [500.]
 [500.]
 [500.]
 [500.]
 [500.]
 [500.]
 [500.]
 [500.]
 [500.]
 [500.]
 [500.]
 [500.]
 [500.]
 [500.]
 [500.]
 [500.]
 [500.]
 [500.]
 [500.]
 [500.]
 [500.]
 [500.]
 [500.]
 [500.]
 [500.]
 [500.]
 [500.]
 [500.]
 [500.]
 [500.]
 [500.]
 [500.]
 [500.]
 [500.]
 [500.]
 [500.]
 [500.]
 [500.]
 [500.]
 [500.]
 [500.]
 [500.]
 [500.]
 [500.]
 [500.]
 [500.]
 [500.]
 [500.]
 [500.]
 [500.]
 [500.]
 [500.]
 [500.]
 [500.]
 [500.]
 [500.]
 [500.]
 [500.]
 [500.]
 [500.]
 [500.]
 [500.]
 [500.]
 [500.]
 [500.]
 [500.]
 [500.]
 [500.]
 [500.]
 [500.]
 [500.]
 [500.]
 [500.]
 [500.]
 [500.]
 [500.]
 [500.]
 [500.]
 [500.]
 [500.]
 [500.]
 [500.]
 [500.]]
Ch: [[1.90583452 1.92211783 2.06049205 2.0349351  1.99427828 1.96109961
  1.94283901 2.01988077 2.02974816 2.04766322 1.98997725]
 [2.09954972 2.09779464 2.01566069 2.03860115 2.0371752  2.02280755
  2.05615869 1.94960897 1.95664284 1.94130971 2.08200314]
 [1.96702933 2.01924423 2.0398294  1.94122444 2.05413201 2.09166608
  1.92017568 1.94044379 1.95741568 1.99790503 2.00713756]
 [1.90787677 1.99525536 1.90609879 2.0829173  2.06777218 1.94744575
  2.03924413 1.90470515 2.01308844 1.99570573 1.99383759]
 [1.9945529  2.09705324 1.99347254 1.94314052 1.97777062 2.02500034
  1.995591   2.07309086 2.00517806 2.01742045 1.90887808]
 [1.93612291 2.07979089 2.02378033 1.92056365 1.90595075 2.08397392
  1.99301308 1.95886457 2.08814514 2.01917342 2.09099664]
 [1.98512444 1.95318671 1.95526686 2.01782115 2.06571817 2.03538388
  1.90431471 1.99158596 2.03469795 2.07634352 1.94239675]
 [1.93955818 2.0903358  2.02506071 1.92692228 1.96680117 1.95677309
  2.02278714 1.90696511 1.90547164 1.97672042 1.91717297]
 [2.00963896 2.05200397 1.99435542 2.01587407 2.006474   2.0683952
  1.95601552 2.09409862 2.00844733 1.93627361 1.95675369]
 [2.09647958 1.95534514 1.98080306 2.06131539 2.02656734 2.0110915
  1.99924989 1.98634495 2.01478116 2.05819976 2.04969796]]
Cv: [[0.         0.         0.         0.         0.         0.
  0.         0.         0.         0.        ]
 [1.91324945 1.97104579 2.09941727 2.02049804 2.05291888 1.90210398
  2.00343541 1.96157409 1.93391738 1.99125594]
 [1.95498132 1.93328389 2.08550313 1.92234629 1.9375705  1.99498613
  1.98885791 2.0891118  2.0159068  2.00021067]
 [1.94950964 1.97041361 1.92476485 2.01211273 1.95152063 1.91244148
  2.05774413 2.07616174 1.99132769 1.961961  ]
 [2.09744476 2.05752527 2.02830878 1.94788243 2.04981304 1.98192588
  2.09755118 2.0252896  2.00530754 1.94728319]
 [1.96805347 1.93789589 1.91908635 2.03217856 1.94868117 2.05837394
  2.00128549 2.03219912 2.09428431 1.93639991]
 [2.07112545 1.94507913 2.09571577 2.08183036 2.01455506 1.96597065
  2.06264838 2.02713585 2.00911613 1.91795435]
 [1.97591889 2.07689544 1.90056085 1.93320524 2.04375021 2.0149038
  2.05525184 1.99621787 1.94961825 2.07078413]
 [1.95924203 1.91975616 2.09874693 2.02343399 2.08138673 1.99357187
  1.94550641 2.03535081 2.07759621 2.04061462]
 [2.00395743 1.96681621 1.95848853 2.04032992 2.01792374 1.93307764
  1.97425597 2.04820708 1.93412043 1.94908744]]
Rh: [[12.41154914  9.96861339 12.45188714 13.94585335  6.07188204 10.6301187
   8.14134565  7.02665599  5.16415782 13.6516815   7.41461822]
 [ 9.49001438  6.85783921 12.31779532  4.16420634  8.55323747  5.44306967
   5.53882243  9.48153715 10.41255921  4.87008203  4.21054451]
 [ 4.10982034  7.76286899  4.27593059  8.49746379  5.73796478  9.25191084
  10.40905048 11.99923071  5.90300695  6.63361955 13.01324535]
 [ 5.66501383  8.76390934 15.44733928 13.85439386  7.00224299  6.05189177
   5.97237419  6.37988879  9.88369642  5.92747226  7.1322606 ]
 [ 4.85826328  6.3702011  10.52642778 15.7170283  10.26102568 13.43720357
  10.32363435 12.62090654  7.87046244 11.49741423  8.69858643]
 [13.78949489  5.21112276  6.40766257  6.4588942   6.68210955 12.50526855
   7.53253237  4.21297668  4.53385435  4.08199332  9.84991748]
 [12.45601402  8.84765987  6.13818002  7.36896172 13.11838373 10.27010162
   4.80643892 15.20968289  8.3552947   4.15679243  7.32072619]
 [12.34045972  9.28218856  7.80341433 11.54313604 13.86702888 13.40987901
   5.08335223  9.57781679  5.75286159 14.13916541  4.61890135]
 [13.12072495  6.30446786 11.62642587  5.3310924   6.18637164  4.76667249
   8.37693855 11.41318199 12.17118976  6.99819202  4.12772655]
 [ 8.52664911  8.37530849  4.34145606 12.56213116 11.6515329   7.93338516
   7.29766957  8.93818892  9.21445913  4.47945144  8.01228287]]
Rv: [[ 5.95265738  5.29924793 10.54259598  6.94242739 14.81772542  5.87666738
   9.66949767 12.96563356  4.27182592 10.50563378]
 [ 5.29493071  9.11643387  4.17310679 12.66905897  4.54693351 14.41571093
   4.86027753 12.80832417  5.37243672  8.03966526]
 [ 6.65518114 13.26499878  6.4161329   7.3796998   5.7242369   7.55939233
   6.38393843  8.4955421  10.3285478   4.07611291]
 [ 4.91296068  6.1971096   5.87460847 14.86682733 14.94108446  9.75515453
   7.86327153  4.10597748  9.41448364  6.69120074]
 [ 5.75318013 12.04134522 12.50227957  4.35994361  4.69065153 10.10043109
  12.85007871 13.07619533  7.4584733  11.46800372]
 [13.88012314  6.01209465 10.9287417   6.70720497 10.84253496  5.12699316
  15.68027609  4.12463915  4.91956545 13.15082508]
 [ 8.19128604 10.62370791  5.17734058 12.05165347  7.37986255  4.96691809
   6.33426569  5.28550839  5.08280331  4.35441536]
 [14.89926658  6.53043164  5.93911976  7.51047601 14.36749857  4.78537563
   7.91346769 13.06191366  7.20510208  7.25312304]
 [15.78257604 14.0592609   4.0366625   6.40663483  5.62229685  4.90519049
  12.38953753  9.22597272  6.9428142  10.37882817]]