-------Running parameters--------
T = 0.001
temperature_gradient = 0.0
gap = 0.0
M = 10
N = 10
VR = 0.0
Vmin = 0.0
Vmax = 1.1
vStep = 0.001
vSym = True
repeats = 50
fileName = array_10_10_disorder_c_std_0.1_r_std_6_run_8
dist = exp
fullOutput = True
use_graph = False
current_map = True
plot_current_map = False
plot_binary_current_map = False
frame_norm = False
dbg = False
resume = False
sc = False
leaping = False
constQ = False
modifyR = False
double_time = False
double_loop = False
output_folder = bgu_2d_finite_temperature_different_disorders_statistics
params_path = 
VG_avg = 0.0
VG_std = 0.0
C_avg = 2.0
C_std = 0.1
CG_avg = 10.0
CG_std = 0.0
R_avg = 10.0
R_std = 6.0
custom_rh = ""
custom_rv = ""
custom_ch = ""
custom_cv = ""
RG_avg = 500.0
RG_std = 0.0
n0_avg = 0.0
n0_std = 0.0
Q0_avg = 0.0
Q0_std = 0.0
----Array Parameters-----
Rows: 10
Columns: 10
VG: [[0.]
 [0.]
 [0.]
 [0.]
 [0.]
 [0.]
 [0.]
 [0.]
 [0.]
 [0.]
 [0.]
 [0.]
 [0.]
 [0.]
 [0.]
 [0.]
 [0.]
 [0.]
 [0.]
 [0.]
 [0.]
 [0.]
 [0.]
 [0.]
 [0.]
 [0.]
 [0.]
 [0.]
 [0.]
 [0.]
 [0.]
 [0.]
 [0.]
 [0.]
 [0.]
 [0.]
 [0.]
 [0.]
 [0.]
 [0.]
 [0.]
 [0.]
 [0.]
 [0.]
 [0.]
 [0.]
 [0.]
 [0.]
 [0.]
 [0.]
 [0.]
 [0.]
 [0.]
 [0.]
 [0.]
 [0.]
 [0.]
 [0.]
 [0.]
 [0.]
 [0.]
 [0.]
 [0.]
 [0.]
 [0.]
 [0.]
 [0.]
 [0.]
 [0.]
 [0.]
 [0.]
 [0.]
 [0.]
 [0.]
 [0.]
 [0.]
 [0.]
 [0.]
 [0.]
 [0.]
 [0.]
 [0.]
 [0.]
 [0.]
 [0.]
 [0.]
 [0.]
 [0.]
 [0.]
 [0.]
 [0.]
 [0.]
 [0.]
 [0.]
 [0.]
 [0.]
 [0.]
 [0.]
 [0.]
 [0.]]
CG: [[10.]
 [10.]
 [10.]
 [10.]
 [10.]
 [10.]
 [10.]
 [10.]
 [10.]
 [10.]
 [10.]
 [10.]
 [10.]
 [10.]
 [10.]
 [10.]
 [10.]
 [10.]
 [10.]
 [10.]
 [10.]
 [10.]
 [10.]
 [10.]
 [10.]
 [10.]
 [10.]
 [10.]
 [10.]
 [10.]
 [10.]
 [10.]
 [10.]
 [10.]
 [10.]
 [10.]
 [10.]
 [10.]
 [10.]
 [10.]
 [10.]
 [10.]
 [10.]
 [10.]
 [10.]
 [10.]
 [10.]
 [10.]
 [10.]
 [10.]
 [10.]
 [10.]
 [10.]
 [10.]
 [10.]
 [10.]
 [10.]
 [10.]
 [10.]
 [10.]
 [10.]
 [10.]
 [10.]
 [10.]
 [10.]
 [10.]
 [10.]
 [10.]
 [10.]
 [10.]
 [10.]
 [10.]
 [10.]
 [10.]
 [10.]
 [10.]
 [10.]
 [10.]
 [10.]
 [10.]
 [10.]
 [10.]
 [10.]
 [10.]
 [10.]
 [10.]
 [10.]
 [10.]
 [10.]
 [10.]
 [10.]
 [10.]
 [10.]
 [10.]
 [10.]
 [10.]
 [10.]
 [10.]
 [10.]
 [10.]]
RG: [[500.]
 [500.]
 [500.]
 [500.]
 [500.]
 [500.]
 [500.]
 [500.]
 [500.]
 [500.]
 [500.]
 [500.]
 [500.]
 [500.]
 [500.]
 [500.]
 [500.]
 [500.]
 [500.]
 [500.]
 [500.]
 [500.]
 [500.]
 [500.]
 [500.]
 [500.]
 [500.]
 [500.]
 [500.]
 [500.]
 [500.]
 [500.]
 [500.]
 [500.]
 [500.]
 [500.]
 [500.]
 [500.]
 [500.]
 [500.]
 [500.]
 [500.]
 [500.]
 [500.]
 [500.]
 [500.]
 [500.]
 [500.]
 [500.]
 [500.]
 [500.]
 [500.]
 [500.]
 [500.]
 [500.]
 [500.]
 [500.]
 [500.]
 [500.]
 [500.]
 [500.]
 [500.]
 [500.]
 [500.]
 [500.]
 [500.]
 [500.]
 [500.]
 [500.]
 [500.]
 [500.]
 [500.]
 [500.]
 [500.]
 [500.]
 [500.]
 [500.]
 [500.]
 [500.]
 [500.]
 [500.]
 [500.]
 [500.]
 [500.]
 [500.]
 [500.]
 [500.]
 [500.]
 [500.]
 [500.]
 [500.]
 [500.]
 [500.]
 [500.]
 [500.]
 [500.]
 [500.]
 [500.]
 [500.]
 [500.]]
Ch: [[1.99489117 2.06007055 2.00009326 2.0469586  2.02546801 1.93209215
  2.03028951 2.07812401 2.05563253 1.90409944 1.9135759 ]
 [1.94742033 2.09438491 2.08022525 1.96504895 2.08336613 2.03506919
  1.93325014 1.92148584 1.98960684 1.90018203 2.00209269]
 [1.90029326 2.04009735 1.90662525 2.02675598 1.97264348 2.00421184
  2.04734877 2.02386033 1.98220043 2.08681738 1.96369941]
 [1.9706482  1.97962767 1.93975656 2.07476524 2.01418938 1.98229091
  1.98003991 2.03401963 1.95471344 2.00997479 1.91436649]
 [1.9006989  2.08144292 1.9773334  2.07348199 1.91037887 2.00526844
  1.94097689 2.00192508 1.97648774 2.01344562 1.99172052]
 [1.96848866 2.02876487 2.05163063 1.9375272  1.9996475  2.03161021
  1.96935694 1.95629914 1.94812969 1.96776786 2.06190402]
 [1.93425897 1.95747163 2.00951984 1.94699162 2.06889733 2.04735979
  1.90348942 2.04526491 1.98739899 2.05610876 2.09917386]
 [1.95780104 2.02771955 1.95849261 1.98459597 2.05536513 2.09139121
  1.95109297 1.97774    2.03024092 1.9386679  2.01335521]
 [2.00946309 2.08366518 2.08895529 1.99392986 2.06022636 1.99681395
  2.06158352 1.94469968 1.92423323 2.05312686 1.92514   ]
 [1.91779466 1.95156273 2.08423991 2.02617117 1.96746533 1.99724999
  1.92118519 1.9853542  2.00012729 2.02917561 2.01183703]]
Cv: [[0.         0.         0.         0.         0.         0.
  0.         0.         0.         0.        ]
 [2.05839945 1.9130441  1.9208903  1.97435248 2.0224192  2.0361524
  1.96256555 1.99125548 1.94170814 1.97731551]
 [1.99883391 2.08048731 2.02136603 2.00688694 2.06924872 1.9352779
  1.99199466 2.04938375 2.06961721 1.94390675]
 [1.97715733 2.03127547 1.90182716 2.02514976 1.97711534 1.96127492
  2.03898136 2.00326647 2.03315707 2.06561639]
 [2.09703765 1.94034934 2.05072046 1.9112078  2.01917213 1.92063908
  2.02714956 2.0592997  1.97900871 1.94100016]
 [1.93162122 1.90590948 1.90630558 1.97191836 1.96826978 2.00268305
  2.06135114 2.06345699 2.01146221 1.92963178]
 [2.00849664 2.0497738  1.9409424  1.93875696 1.98043839 2.05447743
  1.96568518 1.9218093  2.07889672 2.04237905]
 [1.95414308 1.91073182 1.93725732 1.92275508 1.95923159 1.99133537
  1.94562627 1.90073037 1.92545451 2.06031597]
 [1.97155183 2.06422427 1.91203585 1.95120881 1.94629753 2.06441221
  2.06296224 2.01608421 1.9688791  1.94664214]
 [2.07557757 2.08223787 2.05132748 1.93408432 1.96282519 2.03538275
  2.06880167 1.91489941 2.05147656 2.01392373]]
Rh: [[ 7.68512688 10.66581668  4.34682652  5.37946867  9.73338896  5.79475874
   9.80572395  8.47338699  4.93693989 13.15517498  4.27632396]
 [ 8.39678975  6.48707401  4.41159709  5.73992844  8.76963169  6.29834714
   9.45599621  4.53578274  7.18776832  5.43486565  4.69837474]
 [ 9.0037451  11.71100976  7.22753019  5.3869545   6.696973   15.40793863
   8.87009686  4.20199344  6.18507816  8.99406394  7.90768742]
 [ 8.36525393 11.6687275  12.34723564  8.79232907  7.52590502  7.21901885
   4.93461655  5.69233139  6.28495504  6.90149565  9.50500972]
 [10.48232925  8.09190485  6.14768263  6.00056894  8.73220131 13.38685455
  15.0549159   4.16230283  5.29709722 14.76483916 11.07974937]
 [13.9583154   6.15908994 13.3739146   4.69412317 12.60345748 13.30416183
  11.94396821  5.16723272  4.71597241  6.51798793  7.82998541]
 [13.15764288 14.36241071  4.60149703  4.8244657   6.46687849  9.28282142
   8.44629788  4.28841913  6.60115831  7.42589329 12.34311163]
 [10.98306879 13.66224553 12.34426344  6.52537246  9.16044051 13.08320157
   6.04076605  6.93460065  9.99138207  5.9415569   9.80384195]
 [13.70103781  4.59911317 15.00165187  6.37574541  4.33525373  7.65585619
   7.04994935 10.57637086  4.98546577  7.90260987 15.74723445]
 [ 7.70430427 10.75867099  9.05124006  5.1390572   5.44775641 12.01941645
   5.82860247 11.73851704  9.95835841  8.21328072  9.69287726]]
Rv: [[ 9.03814603  4.17623131 13.61252754 10.65892864  8.08643754 12.52425045
  12.00940045 10.7876916  11.76828971 14.59455972]
 [ 5.6949351   6.52318308 14.81817443  4.13114523  9.99219345  4.12456567
   5.64508787  9.93701346  4.64161666  6.66371065]
 [ 8.4491437   8.93542938  5.51877267 11.21715046  7.24794301  5.10253313
  12.48311296 11.54932345  4.90917154 14.54140178]
 [ 5.8468312  12.4738797   8.40456466  6.19177803 11.81262986  4.60844474
   5.32931847  9.56441313  5.58595396  7.9417157 ]
 [ 6.69907372  4.80582201  8.64348611  5.1621166   5.46175752  6.95884347
   7.84357737  5.86877845 12.10798279  4.50541306]
 [ 5.10020481 13.62117102  4.27966758  4.10306447  7.37174257  6.29280197
   7.20791515  6.92216224  5.29340297  6.77595004]
 [ 9.49288781  6.42318124  4.39982613  8.94028754  7.26805038 11.55567205
  11.64250689  8.37792573  5.46863841  4.79285157]
 [15.61099127  7.2853011  14.58343311  6.37270001  6.87823028  5.95722888
   4.61194123  5.01202642  9.31509634 14.19343417]
 [ 8.77770843  5.08616512  4.84758683  7.06692389 12.51847471 11.76189166
   7.45368391  4.62154659  8.90739409  5.88153777]]