-------Running parameters--------
T = 0.001
temperature_gradient = 0.0
gap = 0.0
M = 10
N = 10
VR = 0.0
Vmin = 0.0
Vmax = 1.1
vStep = 0.001
vSym = True
repeats = 50
fileName = array_10_10_disorder_c_std_0.1_r_std_6_run_7
dist = exp
fullOutput = True
use_graph = False
current_map = True
plot_current_map = False
plot_binary_current_map = False
frame_norm = False
dbg = False
resume = False
sc = False
leaping = False
constQ = False
modifyR = False
double_time = False
double_loop = False
output_folder = bgu_2d_finite_temperature_different_disorders_statistics
params_path = 
VG_avg = 0.0
VG_std = 0.0
C_avg = 2.0
C_std = 0.1
CG_avg = 10.0
CG_std = 0.0
R_avg = 10.0
R_std = 6.0
custom_rh = ""
custom_rv = ""
custom_ch = ""
custom_cv = ""
RG_avg = 500.0
RG_std = 0.0
n0_avg = 0.0
n0_std = 0.0
Q0_avg = 0.0
Q0_std = 0.0
----Array Parameters-----
Rows: 10
Columns: 10
VG: [[0.]
 [0.]
 [0.]
 [0.]
 [0.]
 [0.]
 [0.]
 [0.]
 [0.]
 [0.]
 [0.]
 [0.]
 [0.]
 [0.]
 [0.]
 [0.]
 [0.]
 [0.]
 [0.]
 [0.]
 [0.]
 [0.]
 [0.]
 [0.]
 [0.]
 [0.]
 [0.]
 [0.]
 [0.]
 [0.]
 [0.]
 [0.]
 [0.]
 [0.]
 [0.]
 [0.]
 [0.]
 [0.]
 [0.]
 [0.]
 [0.]
 [0.]
 [0.]
 [0.]
 [0.]
 [0.]
 [0.]
 [0.]
 [0.]
 [0.]
 [0.]
 [0.]
 [0.]
 [0.]
 [0.]
 [0.]
 [0.]
 [0.]
 [0.]
 [0.]
 [0.]
 [0.]
 [0.]
 [0.]
 [0.]
 [0.]
 [0.]
 [0.]
 [0.]
 [0.]
 [0.]
 [0.]
 [0.]
 [0.]
 [0.]
 [0.]
 [0.]
 [0.]
 [0.]
 [0.]
 [0.]
 [0.]
 [0.]
 [0.]
 [0.]
 [0.]
 [0.]
 [0.]
 [0.]
 [0.]
 [0.]
 [0.]
 [0.]
 [0.]
 [0.]
 [0.]
 [0.]
 [0.]
 [0.]
 [0.]]
CG: [[10.]
 [10.]
 [10.]
 [10.]
 [10.]
 [10.]
 [10.]
 [10.]
 [10.]
 [10.]
 [10.]
 [10.]
 [10.]
 [10.]
 [10.]
 [10.]
 [10.]
 [10.]
 [10.]
 [10.]
 [10.]
 [10.]
 [10.]
 [10.]
 [10.]
 [10.]
 [10.]
 [10.]
 [10.]
 [10.]
 [10.]
 [10.]
 [10.]
 [10.]
 [10.]
 [10.]
 [10.]
 [10.]
 [10.]
 [10.]
 [10.]
 [10.]
 [10.]
 [10.]
 [10.]
 [10.]
 [10.]
 [10.]
 [10.]
 [10.]
 [10.]
 [10.]
 [10.]
 [10.]
 [10.]
 [10.]
 [10.]
 [10.]
 [10.]
 [10.]
 [10.]
 [10.]
 [10.]
 [10.]
 [10.]
 [10.]
 [10.]
 [10.]
 [10.]
 [10.]
 [10.]
 [10.]
 [10.]
 [10.]
 [10.]
 [10.]
 [10.]
 [10.]
 [10.]
 [10.]
 [10.]
 [10.]
 [10.]
 [10.]
 [10.]
 [10.]
 [10.]
 [10.]
 [10.]
 [10.]
 [10.]
 [10.]
 [10.]
 [10.]
 [10.]
 [10.]
 [10.]
 [10.]
 [10.]
 [10.]]
RG: [[500.]
 [500.]
 [500.]
 [500.]
 [500.]
 [500.]
 [500.]
 [500.]
 [500.]
 [500.]
 [500.]
 [500.]
 [500.]
 [500.]
 [500.]
 [500.]
 [500.]
 [500.]
 [500.]
 [500.]
 [500.]
 [500.]
 [500.]
 [500.]
 [500.]
 [500.]
 [500.]
 [500.]
 [500.]
 [500.]
 [500.]
 [500.]
 [500.]
 [500.]
 [500.]
 [500.]
 [500.]
 [500.]
 [500.]
 [500.]
 [500.]
 [500.]
 [500.]
 [500.]
 [500.]
 [500.]
 [500.]
 [500.]
 [500.]
 [500.]
 [500.]
 [500.]
 [500.]
 [500.]
 [500.]
 [500.]
 [500.]
 [500.]
 [500.]
 [500.]
 [500.]
 [500.]
 [500.]
 [500.]
 [500.]
 [500.]
 [500.]
 [500.]
 [500.]
 [500.]
 [500.]
 [500.]
 [500.]
 [500.]
 [500.]
 [500.]
 [500.]
 [500.]
 [500.]
 [500.]
 [500.]
 [500.]
 [500.]
 [500.]
 [500.]
 [500.]
 [500.]
 [500.]
 [500.]
 [500.]
 [500.]
 [500.]
 [500.]
 [500.]
 [500.]
 [500.]
 [500.]
 [500.]
 [500.]
 [500.]]
Ch: [[2.00394292 2.09978065 2.06516366 2.01768766 2.04183553 2.02950311
  2.08416808 2.06788575 2.00182676 1.9096876  1.96358784]
 [2.00399703 1.93770835 2.07992981 2.09024723 1.95507884 2.08372767
  1.90140755 2.04780986 1.96599376 1.97083322 2.04878837]
 [1.98473498 1.91395237 2.07543473 1.99056805 1.94210769 2.08221986
  1.9408896  2.09728393 2.00568746 2.08387825 1.92580578]
 [1.94311145 1.97809893 2.05318337 2.01809317 2.0249322  2.09011918
  1.98516636 1.94964684 2.00993202 1.93882451 1.93238177]
 [2.01320885 1.9467841  1.93594111 1.92732255 2.07434961 2.06711512
  1.99392205 1.99886273 1.92382494 2.09366812 2.08451227]
 [2.03679426 1.98790341 1.95408374 2.05653447 1.91683073 2.07904207
  1.98950825 2.01237043 1.92111983 2.01667881 2.01432914]
 [1.9014763  2.07579073 2.08686709 2.01581398 1.98607655 2.07562657
  1.90120583 1.9953969  1.99349848 1.95054175 1.9079247 ]
 [2.0388802  1.98042732 2.06617982 1.90446571 1.99039632 2.03669153
  2.06686276 1.95535695 1.92802619 2.02286567 1.94550219]
 [2.05356946 2.06676621 1.99736598 2.03097979 1.9447057  1.99411141
  2.02438167 1.99028094 1.96041332 1.96849128 1.91556202]
 [2.03000939 2.0727816  2.09573929 2.02846798 2.08596375 2.01785747
  1.91229747 1.9396815  2.01417735 1.94057438 1.94573962]]
Cv: [[0.         0.         0.         0.         0.         0.
  0.         0.         0.         0.        ]
 [1.96660811 1.90041583 1.97942367 1.93594237 2.01316788 1.99389231
  2.00943229 1.99110474 2.03342052 2.08996493]
 [1.98144353 1.90634065 2.07788878 1.97334343 2.02669049 1.99096624
  1.9433567  1.96121869 1.95338355 2.03639007]
 [2.00113595 1.98849865 1.95634233 2.03144511 2.09735897 2.0213358
  1.94751767 1.98822343 1.90458478 1.98643618]
 [1.96312575 1.94398754 1.97822855 1.9049509  2.06048685 1.90486834
  1.90079119 1.94919015 2.0410332  2.03602173]
 [1.98179476 2.04643522 2.0397234  2.04083162 2.02334724 2.09484031
  2.07227809 1.97557755 2.07296548 2.01481196]
 [2.03966536 2.0555754  2.00250815 2.05209235 2.01329136 2.09074364
  2.08864504 1.96028815 2.03665234 2.060494  ]
 [2.04998144 2.00484157 2.04667158 1.94053504 2.06971029 1.99065801
  1.94011686 1.99791138 2.07928991 2.04926943]
 [1.94533706 1.95688551 1.96469462 1.99170507 1.92764163 2.08383821
  2.08649536 1.93928172 2.09245108 1.91748482]
 [1.99603222 2.02258565 1.96579511 1.93522475 1.98695141 2.01498743
  2.05202204 2.084021   2.06234025 2.0723328 ]]
Rh: [[11.60008041  9.72014689  5.93775618  6.4406863   5.34082629 14.8874682
   4.39333976 12.11395504  5.75025613  4.41622004  5.72347034]
 [14.68936242  7.70341717 12.72187566  5.56066366  8.56305251  4.39329859
  10.76746312  5.00780768 12.9607051   4.28525872  4.71831288]
 [ 5.84475059  4.00140424  5.23257123  6.39483824 10.01969459  5.20434099
   4.90845933 15.80644897  7.30297825 13.49332228  8.04176408]
 [ 6.31778874  7.72792174  8.90094129  7.66898933 11.6991937  14.78847977
   9.48124091  6.93856878  5.02903451  7.3406793   9.32404831]
 [ 5.66777846  7.40466352  4.35973569 11.78167128 12.26857316 10.61002114
   4.69442509  4.47054927  4.16633229  7.79738685 12.74109668]
 [14.60817221 11.74234091  5.06678906  5.848853    5.95630225  8.29472462
   9.0281171  15.71713554  6.34796991  6.42910911  4.26700604]
 [10.76735001  6.35627057  7.99020603 11.27657252  9.47095777  4.31249122
  10.99761041  5.13866104 15.67137404  9.28568397 11.67034938]
 [ 4.83868395 10.89622916  9.27830753  8.08549958  6.79528016  8.63731767
   7.61101027 11.53327402  5.91428072  8.09987632  6.48749457]
 [ 9.46313637 12.43542691 15.02051113  4.64194099 10.39388079 15.33269982
   5.28941017 10.72290168  8.7978155   5.76001726 10.62467617]
 [11.19787721  6.04408399  4.21301023  4.3852614   8.40364048  5.9318483
   9.81205813  6.07990407  9.32744791  7.7107767   5.10967633]]
Rv: [[14.76908741  4.60000649  7.39804965  7.03782845  8.55244473  5.74698721
   6.15729614 11.03888768 12.69244541  4.12282049]
 [15.4696091   7.83191946 13.1310619   7.70443213  6.7176937   5.66313537
   9.79224939  6.27855642 10.1539736   4.01537692]
 [10.13428897  5.51036176 11.44730368 12.13164371 11.23300958  8.90475077
  11.2372831   4.67424705  4.32970389 12.4136686 ]
 [ 5.04692258 14.33602796  6.94074576  4.58074332  6.11594746  7.49033296
  11.26589724  4.35300054 12.26267082 12.28199324]
 [ 4.0177227  13.43639969  5.21903861  9.39137829  4.61724965  5.20389164
   9.29456892 13.77058054 12.53278682  8.67643559]
 [15.60124267  4.92326711  7.49076898  8.39873338  7.45609762 15.49616834
  14.50399826 11.84086249 11.84810146  8.07320087]
 [15.50996089  8.82829282  7.6986398   4.6209844   4.69440781  6.49215002
  10.71533525  8.36421859 12.5770082  10.0847253 ]
 [11.30892503 14.1316629   4.83349644  5.56124155 15.06835476 11.39799477
   4.2110945   6.34717354  9.82516805  5.33828983]
 [12.36981179  4.81340492 12.21203184 14.1570269  10.73938201  5.49243189
   7.32890468 14.89267143 13.87562676  8.93990485]]