-------Running parameters--------
T = 0.001
temperature_gradient = 0.0
gap = 0.0
M = 10
N = 10
VR = 0.0
Vmin = 0.0
Vmax = 1.1
vStep = 0.001
vSym = True
repeats = 50
fileName = array_10_10_disorder_c_std_0.1_r_std_9.5_run_10
dist = exp
fullOutput = True
use_graph = False
current_map = True
plot_current_map = False
plot_binary_current_map = False
frame_norm = False
dbg = False
resume = False
sc = False
leaping = False
constQ = False
modifyR = False
double_time = False
double_loop = False
output_folder = bgu_2d_finite_temperature_different_disorders_statistics
params_path = 
VG_avg = 0.0
VG_std = 0.0
C_avg = 2.0
C_std = 0.1
CG_avg = 10.0
CG_std = 0.0
R_avg = 10.0
R_std = 9.5
custom_rh = ""
custom_rv = ""
custom_ch = ""
custom_cv = ""
RG_avg = 500.0
RG_std = 0.0
n0_avg = 0.0
n0_std = 0.0
Q0_avg = 0.0
Q0_std = 0.0
----Array Parameters-----
Rows: 10
Columns: 10
VG: [[0.]
 [0.]
 [0.]
 [0.]
 [0.]
 [0.]
 [0.]
 [0.]
 [0.]
 [0.]
 [0.]
 [0.]
 [0.]
 [0.]
 [0.]
 [0.]
 [0.]
 [0.]
 [0.]
 [0.]
 [0.]
 [0.]
 [0.]
 [0.]
 [0.]
 [0.]
 [0.]
 [0.]
 [0.]
 [0.]
 [0.]
 [0.]
 [0.]
 [0.]
 [0.]
 [0.]
 [0.]
 [0.]
 [0.]
 [0.]
 [0.]
 [0.]
 [0.]
 [0.]
 [0.]
 [0.]
 [0.]
 [0.]
 [0.]
 [0.]
 [0.]
 [0.]
 [0.]
 [0.]
 [0.]
 [0.]
 [0.]
 [0.]
 [0.]
 [0.]
 [0.]
 [0.]
 [0.]
 [0.]
 [0.]
 [0.]
 [0.]
 [0.]
 [0.]
 [0.]
 [0.]
 [0.]
 [0.]
 [0.]
 [0.]
 [0.]
 [0.]
 [0.]
 [0.]
 [0.]
 [0.]
 [0.]
 [0.]
 [0.]
 [0.]
 [0.]
 [0.]
 [0.]
 [0.]
 [0.]
 [0.]
 [0.]
 [0.]
 [0.]
 [0.]
 [0.]
 [0.]
 [0.]
 [0.]
 [0.]]
CG: [[10.]
 [10.]
 [10.]
 [10.]
 [10.]
 [10.]
 [10.]
 [10.]
 [10.]
 [10.]
 [10.]
 [10.]
 [10.]
 [10.]
 [10.]
 [10.]
 [10.]
 [10.]
 [10.]
 [10.]
 [10.]
 [10.]
 [10.]
 [10.]
 [10.]
 [10.]
 [10.]
 [10.]
 [10.]
 [10.]
 [10.]
 [10.]
 [10.]
 [10.]
 [10.]
 [10.]
 [10.]
 [10.]
 [10.]
 [10.]
 [10.]
 [10.]
 [10.]
 [10.]
 [10.]
 [10.]
 [10.]
 [10.]
 [10.]
 [10.]
 [10.]
 [10.]
 [10.]
 [10.]
 [10.]
 [10.]
 [10.]
 [10.]
 [10.]
 [10.]
 [10.]
 [10.]
 [10.]
 [10.]
 [10.]
 [10.]
 [10.]
 [10.]
 [10.]
 [10.]
 [10.]
 [10.]
 [10.]
 [10.]
 [10.]
 [10.]
 [10.]
 [10.]
 [10.]
 [10.]
 [10.]
 [10.]
 [10.]
 [10.]
 [10.]
 [10.]
 [10.]
 [10.]
 [10.]
 [10.]
 [10.]
 [10.]
 [10.]
 [10.]
 [10.]
 [10.]
 [10.]
 [10.]
 [10.]
 [10.]]
RG: [[500.]
 [500.]
 [500.]
 [500.]
 [500.]
 [500.]
 [500.]
 [500.]
 [500.]
 [500.]
 [500.]
 [500.]
 [500.]
 [500.]
 [500.]
 [500.]
 [500.]
 [500.]
 [500.]
 [500.]
 [500.]
 [500.]
 [500.]
 [500.]
 [500.]
 [500.]
 [500.]
 [500.]
 [500.]
 [500.]
 [500.]
 [500.]
 [500.]
 [500.]
 [500.]
 [500.]
 [500.]
 [500.]
 [500.]
 [500.]
 [500.]
 [500.]
 [500.]
 [500.]
 [500.]
 [500.]
 [500.]
 [500.]
 [500.]
 [500.]
 [500.]
 [500.]
 [500.]
 [500.]
 [500.]
 [500.]
 [500.]
 [500.]
 [500.]
 [500.]
 [500.]
 [500.]
 [500.]
 [500.]
 [500.]
 [500.]
 [500.]
 [500.]
 [500.]
 [500.]
 [500.]
 [500.]
 [500.]
 [500.]
 [500.]
 [500.]
 [500.]
 [500.]
 [500.]
 [500.]
 [500.]
 [500.]
 [500.]
 [500.]
 [500.]
 [500.]
 [500.]
 [500.]
 [500.]
 [500.]
 [500.]
 [500.]
 [500.]
 [500.]
 [500.]
 [500.]
 [500.]
 [500.]
 [500.]
 [500.]]
Ch: [[1.93903431 2.01635154 1.9907407  2.05566248 1.90538431 2.04687922
  2.00287856 1.99095436 2.00462161 2.02407478 1.99079345]
 [1.90359347 1.98626098 2.06556607 2.0472421  2.02868567 2.00198822
  1.91514391 1.99624204 2.05372362 2.05264047 2.03723309]
 [2.06785587 2.06841934 2.07939863 1.96730842 2.01405076 2.04927781
  2.05668981 1.93739249 1.94187626 2.07762153 1.96116705]
 [1.97365598 1.98963476 2.09852971 2.08672238 1.98881315 1.91430689
  1.93648537 2.07920342 2.00168505 1.96563596 1.97216436]
 [2.07895929 1.90041657 1.93417955 1.97815682 1.91057379 2.05629172
  2.02943738 2.04003542 1.97616312 2.0276384  1.9768718 ]
 [1.92220389 1.93233675 2.07519399 1.97191097 2.09291794 1.92525484
  2.09209546 1.98001037 2.05454524 1.99072752 2.08257532]
 [2.0135007  2.04494199 1.98004023 2.05735037 2.03596657 2.03995872
  2.09083494 1.98959337 2.09854156 2.04132523 1.99068383]
 [1.90171283 1.9989697  1.92327611 1.95329797 2.02969851 1.95397269
  1.91700144 2.09937307 2.04568123 2.05005093 1.92512133]
 [1.92416108 2.09147059 2.0776972  2.04451777 2.0615251  2.02082708
  2.05112207 1.97165499 1.93181241 1.94975838 2.08440753]
 [2.05025046 2.07698701 2.00963146 2.00764777 2.00027525 2.02137915
  2.0928961  2.04955594 1.94889911 1.97170258 2.03748317]]
Cv: [[0.         0.         0.         0.         0.         0.
  0.         0.         0.         0.        ]
 [1.99492671 1.95693783 2.03008138 1.95922081 2.01857071 2.05040597
  1.98942406 2.00052293 1.95140403 2.06710262]
 [2.03667251 2.04237368 1.92919827 2.03428661 1.95412846 1.92652334
  2.06051925 2.06588021 2.03983634 2.01949708]
 [1.97933076 2.05273513 1.92585267 2.03891967 2.06162876 1.917746
  1.98813602 1.95360812 1.97777101 1.95382194]
 [2.01246231 2.09610622 2.07822349 1.92244776 2.07562525 1.92083037
  1.91515731 1.95989551 1.93896801 1.94238471]
 [1.92039039 1.9922405  1.93628263 2.03809834 1.91957318 2.09199571
  2.03827869 2.08791001 2.09832745 1.92386416]
 [1.98997467 2.09652712 1.99395193 2.08882184 2.03429521 1.90184766
  2.08604995 1.97550318 2.07910453 2.09164253]
 [1.9227301  2.01079535 2.0515593  1.93289768 2.03950874 1.91252987
  1.91060374 1.91446381 1.96400853 1.95202041]
 [1.92131866 2.04950374 1.99470256 1.97318278 1.90096748 2.06124543
  2.04774046 2.08749018 1.98589697 1.91066018]
 [1.96268871 1.98271308 2.02943232 1.93420001 1.92726091 2.06145735
  2.09420712 2.0545429  2.02077197 1.9394953 ]]
Rh: [[ 1.46548392  0.75245652  5.56906766  5.09271939  5.11638402  6.899758
   4.74390177  0.99800449  7.24360939  0.51218871  0.69674819]
 [ 1.51091784  0.69303986  1.69656306 10.81599151  0.77811867  0.91746141
   1.45909815  7.10653096  1.33511946  3.1950513   3.05681704]
 [ 3.09641445  0.79229351  8.2502575  11.09336191  7.41387534  8.81853086
   1.08869391  8.2217631   6.65690659  3.0048049   2.52493477]
 [ 2.52268004  1.57991027  0.73637333  7.91689608  6.42592515  4.6374807
   8.57452749  2.72714266  4.91868517  9.27459102  1.99235207]
 [ 2.10327136  3.71094515  0.91732514  0.52051138  8.20775558  7.33111579
   6.51696288  0.74795993  1.2959749   3.44107185  0.72571297]
 [ 7.5500457  12.13450698  0.76163198 13.45509011  4.16673811  8.14206762
  17.22141854 15.32996391  3.75549695  8.0728181   1.0578384 ]
 [16.96714377  1.13713387  9.2081265   3.96893828  4.16672989  1.37690081
   0.62163414  0.51453205  0.89102956  8.3480068   0.68372785]
 [ 1.0420884   5.19827107 19.12875313  4.45409709  7.12024336  0.87317592
  15.24151546 13.65168236 16.17023371  1.01301379  7.20633362]
 [ 2.35808749  7.99061203 10.99770248  1.35371336  4.37733857 14.39292652
   2.63870142  6.16754624  1.95338985 18.67004727  4.00024473]
 [ 0.56861776  3.85314619  2.85288801  3.39584468  0.76328154  4.90688991
   0.84975731  6.12523251  0.72524285  9.50233368  9.20611954]]
Rv: [[ 1.455127    3.90885696  1.45433184  5.84344774  8.37787383  1.96523404
   0.88454423  8.5168778   0.68511013  4.2929906 ]
 [ 1.32002333  1.35782009  1.16160616  2.8127661  11.99005932  0.58777752
   0.78012657  2.26814006  0.90448733  1.14147049]
 [ 2.84417046  1.48762214  4.72369288  8.56055172  1.01641591  1.3977286
   7.19257824 17.93415163  0.52545578  0.73277111]
 [ 0.901171    4.05406483  0.7458648   1.30693181  4.24231951 13.60701379
   1.3560375   1.88406729  1.41097633  0.53933496]
 [ 1.88762771  0.86663201  2.68439813 11.80137515  3.64442416  7.23635083
   8.07237064  1.13769     1.51755059  1.95437586]
 [18.97661779 13.80363264  4.18431903  2.1450208   3.30311602  7.05741531
   0.55914952  7.58390442 14.47858374  0.58647352]
 [18.63807964  3.17571089 16.46825876  0.69905819 14.20155002  3.36340509
   0.9096408   1.30072371  2.00969986  1.9568205 ]
 [11.91207734  8.16065606 13.8286484   2.47262513  1.75944662  2.81949944
   4.01448887  1.7902748   5.37215065  0.61940497]
 [ 5.53177334  3.15880731  7.2082763   0.51059629  1.76607605  1.44764296
  10.23792688  4.61182745  1.64733404  2.33504513]]