-------Running parameters--------
T = 0.001
temperature_gradient = 0.0
gap = 0.0
M = 10
N = 10
VR = 0.0
Vmin = 0.0
Vmax = 1.1
vStep = 0.001
vSym = True
repeats = 50
fileName = array_10_10_disorder_c_std_0.1_r_std_14_run_3
dist = exp
fullOutput = True
use_graph = False
current_map = True
plot_current_map = False
plot_binary_current_map = False
frame_norm = False
dbg = False
resume = False
sc = False
leaping = False
constQ = False
modifyR = False
double_time = False
double_loop = False
output_folder = bgu_2d_finite_temperature_different_disorders_statistics
params_path = 
VG_avg = 0.0
VG_std = 0.0
C_avg = 2.0
C_std = 0.1
CG_avg = 10.0
CG_std = 0.0
R_avg = 20.0
R_std = 14.0
custom_rh = ""
custom_rv = ""
custom_ch = ""
custom_cv = ""
RG_avg = 500.0
RG_std = 0.0
n0_avg = 0.0
n0_std = 0.0
Q0_avg = 0.0
Q0_std = 0.0
----Array Parameters-----
Rows: 10
Columns: 10
VG: [[0.]
 [0.]
 [0.]
 [0.]
 [0.]
 [0.]
 [0.]
 [0.]
 [0.]
 [0.]
 [0.]
 [0.]
 [0.]
 [0.]
 [0.]
 [0.]
 [0.]
 [0.]
 [0.]
 [0.]
 [0.]
 [0.]
 [0.]
 [0.]
 [0.]
 [0.]
 [0.]
 [0.]
 [0.]
 [0.]
 [0.]
 [0.]
 [0.]
 [0.]
 [0.]
 [0.]
 [0.]
 [0.]
 [0.]
 [0.]
 [0.]
 [0.]
 [0.]
 [0.]
 [0.]
 [0.]
 [0.]
 [0.]
 [0.]
 [0.]
 [0.]
 [0.]
 [0.]
 [0.]
 [0.]
 [0.]
 [0.]
 [0.]
 [0.]
 [0.]
 [0.]
 [0.]
 [0.]
 [0.]
 [0.]
 [0.]
 [0.]
 [0.]
 [0.]
 [0.]
 [0.]
 [0.]
 [0.]
 [0.]
 [0.]
 [0.]
 [0.]
 [0.]
 [0.]
 [0.]
 [0.]
 [0.]
 [0.]
 [0.]
 [0.]
 [0.]
 [0.]
 [0.]
 [0.]
 [0.]
 [0.]
 [0.]
 [0.]
 [0.]
 [0.]
 [0.]
 [0.]
 [0.]
 [0.]
 [0.]]
CG: [[10.]
 [10.]
 [10.]
 [10.]
 [10.]
 [10.]
 [10.]
 [10.]
 [10.]
 [10.]
 [10.]
 [10.]
 [10.]
 [10.]
 [10.]
 [10.]
 [10.]
 [10.]
 [10.]
 [10.]
 [10.]
 [10.]
 [10.]
 [10.]
 [10.]
 [10.]
 [10.]
 [10.]
 [10.]
 [10.]
 [10.]
 [10.]
 [10.]
 [10.]
 [10.]
 [10.]
 [10.]
 [10.]
 [10.]
 [10.]
 [10.]
 [10.]
 [10.]
 [10.]
 [10.]
 [10.]
 [10.]
 [10.]
 [10.]
 [10.]
 [10.]
 [10.]
 [10.]
 [10.]
 [10.]
 [10.]
 [10.]
 [10.]
 [10.]
 [10.]
 [10.]
 [10.]
 [10.]
 [10.]
 [10.]
 [10.]
 [10.]
 [10.]
 [10.]
 [10.]
 [10.]
 [10.]
 [10.]
 [10.]
 [10.]
 [10.]
 [10.]
 [10.]
 [10.]
 [10.]
 [10.]
 [10.]
 [10.]
 [10.]
 [10.]
 [10.]
 [10.]
 [10.]
 [10.]
 [10.]
 [10.]
 [10.]
 [10.]
 [10.]
 [10.]
 [10.]
 [10.]
 [10.]
 [10.]
 [10.]]
RG: [[500.]
 [500.]
 [500.]
 [500.]
 [500.]
 [500.]
 [500.]
 [500.]
 [500.]
 [500.]
 [500.]
 [500.]
 [500.]
 [500.]
 [500.]
 [500.]
 [500.]
 [500.]
 [500.]
 [500.]
 [500.]
 [500.]
 [500.]
 [500.]
 [500.]
 [500.]
 [500.]
 [500.]
 [500.]
 [500.]
 [500.]
 [500.]
 [500.]
 [500.]
 [500.]
 [500.]
 [500.]
 [500.]
 [500.]
 [500.]
 [500.]
 [500.]
 [500.]
 [500.]
 [500.]
 [500.]
 [500.]
 [500.]
 [500.]
 [500.]
 [500.]
 [500.]
 [500.]
 [500.]
 [500.]
 [500.]
 [500.]
 [500.]
 [500.]
 [500.]
 [500.]
 [500.]
 [500.]
 [500.]
 [500.]
 [500.]
 [500.]
 [500.]
 [500.]
 [500.]
 [500.]
 [500.]
 [500.]
 [500.]
 [500.]
 [500.]
 [500.]
 [500.]
 [500.]
 [500.]
 [500.]
 [500.]
 [500.]
 [500.]
 [500.]
 [500.]
 [500.]
 [500.]
 [500.]
 [500.]
 [500.]
 [500.]
 [500.]
 [500.]
 [500.]
 [500.]
 [500.]
 [500.]
 [500.]
 [500.]]
Ch: [[2.0782166  2.07887805 1.98770213 2.07905267 2.00342926 1.94682902
  1.94318811 2.0943424  1.94302644 1.93528768 1.92521034]
 [1.91881402 1.93582738 1.94970116 1.94556761 1.98717489 2.08268119
  1.9054569  1.94464463 1.90456063 1.94812957 2.0113867 ]
 [2.08227565 2.00237252 1.93617897 2.00576626 1.97513173 2.06963665
  1.98081528 1.95447207 2.06363519 1.92027664 2.02505166]
 [2.02323273 1.91960852 1.9578846  2.04445882 1.97222696 2.08805446
  1.91883789 1.97648439 2.09574994 1.96235611 1.90825956]
 [1.91605351 2.07178457 2.08545617 1.9776223  2.03035027 1.95394131
  2.02136666 1.95758654 1.98451869 1.94806102 2.02568751]
 [1.90496112 2.07111188 2.0012917  2.03790459 2.07775393 1.90514006
  1.92432447 1.98270141 1.90242184 1.95427978 1.99593775]
 [1.97153793 2.09756686 1.96701333 2.08943516 1.9880537  2.01959774
  1.96779251 1.94434222 1.95144748 2.0379679  2.07495772]
 [2.05551964 1.98441129 1.98075163 2.09823544 2.06585383 1.98839655
  2.04397556 2.0209067  1.93370027 2.09941676 1.98792254]
 [1.99583896 1.94509717 2.02634569 1.92470161 2.06244144 1.9931036
  2.06897421 1.96744299 2.06962611 2.00785474 1.97621892]
 [1.99255183 1.94722576 1.93374143 2.05238835 2.02802495 2.05145845
  2.03929757 2.0242311  2.0669819  1.96378319 1.93203917]]
Cv: [[0.         0.         0.         0.         0.         0.
  0.         0.         0.         0.        ]
 [2.0705667  1.93395224 1.94502059 2.06214697 2.07028231 1.94234781
  2.01629087 1.904422   2.06922329 1.92326082]
 [2.0224269  1.9519603  2.09039754 1.9656632  1.96343908 2.08382832
  1.96331372 2.0268778  2.07762578 1.92525891]
 [1.99956255 1.90856657 2.02832972 2.01800256 2.03377575 1.95233984
  2.08506512 2.08594938 1.91623796 1.91066168]
 [1.9029154  1.97052944 2.02286037 1.96912408 1.97644048 1.91601572
  2.00309064 1.9240124  2.09604489 2.04265339]
 [1.94747556 2.0323951  1.91062276 1.96669039 2.04893353 1.95429034
  1.95099502 2.00400092 1.94906802 2.04119702]
 [2.01427662 2.05618072 1.97381955 1.96577258 1.93448049 2.04851105
  1.95826263 1.90663709 1.99188418 1.97094012]
 [1.97333064 1.94056648 1.94767812 1.91999989 1.90187604 1.97609402
  1.92718015 1.97895365 2.04608139 1.98395238]
 [1.97208348 2.01043265 1.96792309 1.90766881 1.93127897 2.08261524
  1.96350121 1.98021683 2.01929292 1.91162064]
 [1.98350948 1.97305522 2.08976569 1.95743454 2.02170331 1.94436327
  2.07864428 1.94639909 1.96428414 1.98941723]]
Rh: [[ 9.20079168 15.79090635 12.69993257 11.05802147  7.27578208  7.60751411
   6.8197127  30.57259574  8.65691969  8.30102875 26.07425755]
 [15.86568974 33.41535922 14.65304419 30.90429082 14.22238354  6.67408044
  19.23298964  9.09664665 13.02546014 10.88930402  7.09402669]
 [ 8.07613207  7.88443938 16.88748188 25.88444195 12.57631244 21.46217111
  21.31548638 25.50971224 32.64931339 18.53668494 17.84209428]
 [31.60255613 30.47512064  6.50730708 31.13544473 33.82791952  7.93157825
  20.72867089 32.27966776 31.51213924 12.51915871 25.6001846 ]
 [ 8.04395496 17.70316138 11.25458132 29.93274935  8.59577618  8.35549355
  31.71005974 22.35303136 33.94446243 13.94646413  8.93537331]
 [15.86304284  8.04147754  9.7470396  10.24465034  9.59979203 25.263796
  22.39362929 16.47756694 32.99619615 19.40795974 20.21677744]
 [ 6.81030957  6.51881231  7.68795896 17.85531397 21.15886508  7.13506962
   7.56711667  6.31972997 16.47549987 18.33552191 18.09669787]
 [20.01573771 14.44758071 25.15878872 13.0741932  10.2136387  21.62636234
  10.8591324  13.95948724 15.94271003 27.23201559 14.08190735]
 [19.69521313 16.1682492  28.69823905 29.58193543 21.5315275  16.88033897
  15.07423705 11.7325241  19.19178387 10.15707423  7.45610548]
 [21.91884718 16.01663662  8.57503158  7.00254317  6.05241549 15.79102408
  25.38220154 12.47232349 12.78428243 10.59073392  7.72403158]]
Rv: [[ 6.26333027 32.67626956 20.66069797 25.44095627 11.78347882  7.21671799
  15.66110277 12.29800958 21.53025303 18.87009749]
 [22.53165967 26.30870365 22.11656779 27.23866306 30.82721545 29.85623718
  33.36689899 12.87230257  7.73551117 32.79409942]
 [ 9.72559898  8.26493451 27.27321417 22.02403995 13.0184454  17.24647915
  10.6108115  11.12090653  6.34067623  7.61870894]
 [25.92523397 21.85906425 12.49698514 32.39533449  7.86221956  7.12861638
  27.75525018 15.38313038 18.29668514  7.0170313 ]
 [ 6.67329599  6.23775168 21.54170701 33.41671884 11.43310897 22.23159581
  27.41147645 22.78904761  8.52570842 13.84691525]
 [23.44747023 30.21478451  7.88358492 17.89283077 22.2886955   6.20885429
  15.12993727 11.96395082 15.31818133 13.93135673]
 [19.60099256 20.61233906  6.45622105 13.58078242 11.63149331  6.89884493
   7.14229517  8.59551214 10.64767787 26.20467303]
 [10.68580968 11.76420603 20.60534445 28.37510622 12.29893012 25.40785705
   8.78058817 16.34407432 25.84259068 13.30837908]
 [18.0208216   7.41496911 19.62081479 25.87189932  6.03371704 32.98876189
  16.43467643 28.38739622 10.98999173  8.22526137]]