-------Running parameters--------
T = 0.001
temperature_gradient = 0.0
gap = 0.0
M = 10
N = 10
VR = 0.0
Vmin = 0.0
Vmax = 1.1
vStep = 0.001
vSym = True
repeats = 50
fileName = array_10_10_disorder_c_std_0.1_r_std_5.5_run_1
dist = exp
fullOutput = True
use_graph = False
current_map = True
plot_current_map = False
plot_binary_current_map = False
frame_norm = False
dbg = False
resume = False
sc = False
leaping = False
constQ = False
modifyR = False
double_time = False
double_loop = False
output_folder = bgu_2d_finite_temperature_different_disorders_statistics
params_path = 
VG_avg = 0.0
VG_std = 0.0
C_avg = 2.0
C_std = 0.1
CG_avg = 10.0
CG_std = 0.0
R_avg = 10.0
R_std = 5.5
custom_rh = ""
custom_rv = ""
custom_ch = ""
custom_cv = ""
RG_avg = 500.0
RG_std = 0.0
n0_avg = 0.0
n0_std = 0.0
Q0_avg = 0.0
Q0_std = 0.0
----Array Parameters-----
Rows: 10
Columns: 10
VG: [[0.]
 [0.]
 [0.]
 [0.]
 [0.]
 [0.]
 [0.]
 [0.]
 [0.]
 [0.]
 [0.]
 [0.]
 [0.]
 [0.]
 [0.]
 [0.]
 [0.]
 [0.]
 [0.]
 [0.]
 [0.]
 [0.]
 [0.]
 [0.]
 [0.]
 [0.]
 [0.]
 [0.]
 [0.]
 [0.]
 [0.]
 [0.]
 [0.]
 [0.]
 [0.]
 [0.]
 [0.]
 [0.]
 [0.]
 [0.]
 [0.]
 [0.]
 [0.]
 [0.]
 [0.]
 [0.]
 [0.]
 [0.]
 [0.]
 [0.]
 [0.]
 [0.]
 [0.]
 [0.]
 [0.]
 [0.]
 [0.]
 [0.]
 [0.]
 [0.]
 [0.]
 [0.]
 [0.]
 [0.]
 [0.]
 [0.]
 [0.]
 [0.]
 [0.]
 [0.]
 [0.]
 [0.]
 [0.]
 [0.]
 [0.]
 [0.]
 [0.]
 [0.]
 [0.]
 [0.]
 [0.]
 [0.]
 [0.]
 [0.]
 [0.]
 [0.]
 [0.]
 [0.]
 [0.]
 [0.]
 [0.]
 [0.]
 [0.]
 [0.]
 [0.]
 [0.]
 [0.]
 [0.]
 [0.]
 [0.]]
CG: [[10.]
 [10.]
 [10.]
 [10.]
 [10.]
 [10.]
 [10.]
 [10.]
 [10.]
 [10.]
 [10.]
 [10.]
 [10.]
 [10.]
 [10.]
 [10.]
 [10.]
 [10.]
 [10.]
 [10.]
 [10.]
 [10.]
 [10.]
 [10.]
 [10.]
 [10.]
 [10.]
 [10.]
 [10.]
 [10.]
 [10.]
 [10.]
 [10.]
 [10.]
 [10.]
 [10.]
 [10.]
 [10.]
 [10.]
 [10.]
 [10.]
 [10.]
 [10.]
 [10.]
 [10.]
 [10.]
 [10.]
 [10.]
 [10.]
 [10.]
 [10.]
 [10.]
 [10.]
 [10.]
 [10.]
 [10.]
 [10.]
 [10.]
 [10.]
 [10.]
 [10.]
 [10.]
 [10.]
 [10.]
 [10.]
 [10.]
 [10.]
 [10.]
 [10.]
 [10.]
 [10.]
 [10.]
 [10.]
 [10.]
 [10.]
 [10.]
 [10.]
 [10.]
 [10.]
 [10.]
 [10.]
 [10.]
 [10.]
 [10.]
 [10.]
 [10.]
 [10.]
 [10.]
 [10.]
 [10.]
 [10.]
 [10.]
 [10.]
 [10.]
 [10.]
 [10.]
 [10.]
 [10.]
 [10.]
 [10.]]
RG: [[500.]
 [500.]
 [500.]
 [500.]
 [500.]
 [500.]
 [500.]
 [500.]
 [500.]
 [500.]
 [500.]
 [500.]
 [500.]
 [500.]
 [500.]
 [500.]
 [500.]
 [500.]
 [500.]
 [500.]
 [500.]
 [500.]
 [500.]
 [500.]
 [500.]
 [500.]
 [500.]
 [500.]
 [500.]
 [500.]
 [500.]
 [500.]
 [500.]
 [500.]
 [500.]
 [500.]
 [500.]
 [500.]
 [500.]
 [500.]
 [500.]
 [500.]
 [500.]
 [500.]
 [500.]
 [500.]
 [500.]
 [500.]
 [500.]
 [500.]
 [500.]
 [500.]
 [500.]
 [500.]
 [500.]
 [500.]
 [500.]
 [500.]
 [500.]
 [500.]
 [500.]
 [500.]
 [500.]
 [500.]
 [500.]
 [500.]
 [500.]
 [500.]
 [500.]
 [500.]
 [500.]
 [500.]
 [500.]
 [500.]
 [500.]
 [500.]
 [500.]
 [500.]
 [500.]
 [500.]
 [500.]
 [500.]
 [500.]
 [500.]
 [500.]
 [500.]
 [500.]
 [500.]
 [500.]
 [500.]
 [500.]
 [500.]
 [500.]
 [500.]
 [500.]
 [500.]
 [500.]
 [500.]
 [500.]
 [500.]]
Ch: [[1.93888298 1.94409583 2.00731647 2.04484581 2.00922139 1.99776238
  2.0261352  2.02520254 2.00330174 1.92723628 1.92314893]
 [2.02535213 1.92400124 1.99840364 1.97885316 2.02661559 1.9366127
  2.06120077 1.94023151 1.97400337 1.90335496 1.9979283 ]
 [1.97373645 1.96757162 2.09900046 2.09774113 1.90715415 2.05661909
  2.02420839 1.94993358 1.96644357 1.91557787 2.02101093]
 [2.00521683 1.99262287 2.00258099 1.98500059 1.96239388 2.02245902
  1.95866166 1.91815342 2.09378612 1.96380234 2.03571958]
 [1.95773508 1.99820089 1.90079873 1.97890865 1.94522944 1.92048083
  1.94202839 2.06927502 2.00637239 2.09295267 2.03782217]
 [2.02067264 2.03158299 2.02642768 2.04801025 2.06907999 1.9965814
  2.07204244 2.07758821 2.08306797 1.98243056 1.90087121]
 [1.96418905 2.03929335 2.05722016 1.99239006 2.00741081 2.05661298
  1.95670459 2.02473    2.03793166 1.99846613 1.92919031]
 [2.07227979 2.07762828 2.08343047 1.96301429 1.93878107 1.96670783
  1.9112433  2.09210551 2.08148818 2.00857061 1.99871476]
 [1.92145603 1.94500142 2.08109227 1.97919179 2.08560997 2.03696494
  1.94987684 1.92627586 1.91922056 2.02351925 1.91029861]
 [1.98289051 2.09878236 2.00422142 1.96571627 1.90964277 1.94740466
  2.09213822 2.09821651 2.01927876 2.07779738 1.95477798]]
Cv: [[0.         0.         0.         0.         0.         0.
  0.         0.         0.         0.        ]
 [2.03606466 2.08166086 1.9149771  2.01539966 1.90834311 1.99932142
  2.09787417 2.05963355 1.94544561 2.06442179]
 [2.00308796 2.07014862 2.05242785 2.08910708 2.02695714 2.02399167
  2.01350092 2.03212308 1.95150244 1.96906375]
 [1.93814429 1.98436745 1.90952064 1.9072329  2.07967615 1.96446175
  1.93330474 1.98881313 1.96534453 1.90752444]
 [2.0536626  1.9419168  2.04537206 1.99791443 2.09704492 1.9015315
  1.9299854  2.04456436 1.96009338 2.08070745]
 [2.06668174 2.09717052 2.01050938 2.06667883 2.08970848 2.05802072
  2.02829409 2.0432698  2.06470033 1.9932811 ]
 [1.94433397 2.02728947 1.97730613 2.08222744 1.95300972 1.97113555
  1.99757879 1.96606365 1.96094357 2.07911192]
 [2.03429222 2.08986119 1.9093938  1.98264161 1.98089886 2.04824874
  1.90059606 2.01499305 2.06446711 2.03661237]
 [2.06448674 1.9879165  1.93895916 2.0374941  2.09146868 2.0356766
  1.9127054  2.04504103 1.92356429 1.95930681]
 [1.96269857 1.96638982 1.92552669 1.90343155 2.05881793 2.00351884
  2.06149077 2.08133357 1.92206448 2.02585789]]
Rh: [[ 8.98155423  5.27719684 13.60454427  7.84039428  7.67230676 13.47797067
   7.32268616  4.57132403  6.1892718   8.65778075  6.74615286]
 [10.62536561 12.45216878  5.9065221   4.66361652  8.22199864  4.56426705
   8.04324245  7.57020139 11.30779873  8.1661213   5.74516636]
 [14.31421046  9.24314555  4.95718682  9.32662031  7.36926578 12.25492821
   6.25321582 10.24078718 11.6617758  14.62406851  7.67006828]
 [11.11488142  6.27811905 11.3674513   7.23490749  7.55987629  6.88384619
  11.14490725  4.54652339  5.33847146  5.57437369 15.33331822]
 [10.09843286  5.24240151 10.99169667 14.42756001  6.35354675  5.73979611
   8.00883566  5.23120297  7.8800118  10.50487908  5.74116293]
 [ 8.64867479 14.12845799 13.55903269  5.99881483 12.96130115  9.32457599
   7.6712158  11.12254687  5.14716926  6.91754538  7.86356943]
 [ 8.95107841  5.39909605 15.18140803  6.88523741  7.1924366  10.87141588
   8.10523563 12.33858594  7.30428436 11.57935967 13.8497175 ]
 [ 5.60699345  8.44770978  5.57694163  7.75265342  6.31394221  4.89317543
  14.13991871 12.97229507  6.7256525  10.84528429  6.92033075]
 [ 5.18847966  4.6248783   7.43756962  8.6849718   5.04162825  5.41907723
  11.03582569  6.25796185  7.35118802  5.5629883  12.51356817]
 [13.1706077  11.47710147  4.5186166   7.31966823  5.59962303  5.9269697
   8.6210039   4.55053232 11.66085347 10.14051366 12.33705968]]
Rv: [[ 8.33637552 10.53107026  5.44637133  6.55266156 12.84387722 13.68341493
  15.28137131  6.22453626  5.95440001  6.55344244]
 [ 5.38923862 14.73909941 11.42224997 11.74787658  5.20071007  7.20107547
  10.15678016  4.93671814  9.91525161  7.65859009]
 [13.95859222 10.68742397  5.13301777  5.3891527  10.48694862  4.63646309
   8.53478105  5.67360564 13.02283461  4.50929201]
 [10.11696632  8.35900658  6.24703725  7.31503303  6.51803456  6.04739571
   7.06536957  4.58009956  5.34228358 12.47081657]
 [14.51691681  6.82500191 12.62296275 13.03712075  6.76863347  7.26220287
   4.88345976 11.97873345  7.64548831 13.71916675]
 [14.32383154  6.18334568  5.88486728  6.65111818  4.57190831  8.24080125
   8.13429195  6.58183509  8.08124915 15.02391923]
 [ 5.83042462  9.34368313  6.14252646 12.33103343  6.75520063  8.05020903
  12.22617933  5.49488752  6.96543416  7.99167647]
 [ 7.5694412  12.7287029   7.79606575 13.30723558  6.12836012 12.60401949
   6.49508982 11.59620406 13.80749136  8.07983075]
 [ 6.39148599 14.56580344  5.23852365  9.08816503  4.51202263  7.81892375
  10.32034942  8.38360256  7.60022367  6.02075162]]