-------Running parameters--------
T = 0.001
temperature_gradient = 0.0
gap = 0.0
M = 10
N = 10
VR = 0.0
Vmin = 0.0
Vmax = 1.1
vStep = 0.001
vSym = True
repeats = 50
fileName = array_10_10_disorder_c_std_0.1_r_std_11_run_6
dist = exp
fullOutput = True
use_graph = False
current_map = True
plot_current_map = False
plot_binary_current_map = False
frame_norm = False
dbg = False
resume = False
sc = False
leaping = False
constQ = False
modifyR = False
double_time = False
double_loop = False
output_folder = bgu_2d_finite_temperature_different_disorders_statistics
params_path = 
VG_avg = 0.0
VG_std = 0.0
C_avg = 2.0
C_std = 0.1
CG_avg = 10.0
CG_std = 0.0
R_avg = 20.0
R_std = 11.0
custom_rh = ""
custom_rv = ""
custom_ch = ""
custom_cv = ""
RG_avg = 500.0
RG_std = 0.0
n0_avg = 0.0
n0_std = 0.0
Q0_avg = 0.0
Q0_std = 0.0
----Array Parameters-----
Rows: 10
Columns: 10
VG: [[0.]
 [0.]
 [0.]
 [0.]
 [0.]
 [0.]
 [0.]
 [0.]
 [0.]
 [0.]
 [0.]
 [0.]
 [0.]
 [0.]
 [0.]
 [0.]
 [0.]
 [0.]
 [0.]
 [0.]
 [0.]
 [0.]
 [0.]
 [0.]
 [0.]
 [0.]
 [0.]
 [0.]
 [0.]
 [0.]
 [0.]
 [0.]
 [0.]
 [0.]
 [0.]
 [0.]
 [0.]
 [0.]
 [0.]
 [0.]
 [0.]
 [0.]
 [0.]
 [0.]
 [0.]
 [0.]
 [0.]
 [0.]
 [0.]
 [0.]
 [0.]
 [0.]
 [0.]
 [0.]
 [0.]
 [0.]
 [0.]
 [0.]
 [0.]
 [0.]
 [0.]
 [0.]
 [0.]
 [0.]
 [0.]
 [0.]
 [0.]
 [0.]
 [0.]
 [0.]
 [0.]
 [0.]
 [0.]
 [0.]
 [0.]
 [0.]
 [0.]
 [0.]
 [0.]
 [0.]
 [0.]
 [0.]
 [0.]
 [0.]
 [0.]
 [0.]
 [0.]
 [0.]
 [0.]
 [0.]
 [0.]
 [0.]
 [0.]
 [0.]
 [0.]
 [0.]
 [0.]
 [0.]
 [0.]
 [0.]]
CG: [[10.]
 [10.]
 [10.]
 [10.]
 [10.]
 [10.]
 [10.]
 [10.]
 [10.]
 [10.]
 [10.]
 [10.]
 [10.]
 [10.]
 [10.]
 [10.]
 [10.]
 [10.]
 [10.]
 [10.]
 [10.]
 [10.]
 [10.]
 [10.]
 [10.]
 [10.]
 [10.]
 [10.]
 [10.]
 [10.]
 [10.]
 [10.]
 [10.]
 [10.]
 [10.]
 [10.]
 [10.]
 [10.]
 [10.]
 [10.]
 [10.]
 [10.]
 [10.]
 [10.]
 [10.]
 [10.]
 [10.]
 [10.]
 [10.]
 [10.]
 [10.]
 [10.]
 [10.]
 [10.]
 [10.]
 [10.]
 [10.]
 [10.]
 [10.]
 [10.]
 [10.]
 [10.]
 [10.]
 [10.]
 [10.]
 [10.]
 [10.]
 [10.]
 [10.]
 [10.]
 [10.]
 [10.]
 [10.]
 [10.]
 [10.]
 [10.]
 [10.]
 [10.]
 [10.]
 [10.]
 [10.]
 [10.]
 [10.]
 [10.]
 [10.]
 [10.]
 [10.]
 [10.]
 [10.]
 [10.]
 [10.]
 [10.]
 [10.]
 [10.]
 [10.]
 [10.]
 [10.]
 [10.]
 [10.]
 [10.]]
RG: [[500.]
 [500.]
 [500.]
 [500.]
 [500.]
 [500.]
 [500.]
 [500.]
 [500.]
 [500.]
 [500.]
 [500.]
 [500.]
 [500.]
 [500.]
 [500.]
 [500.]
 [500.]
 [500.]
 [500.]
 [500.]
 [500.]
 [500.]
 [500.]
 [500.]
 [500.]
 [500.]
 [500.]
 [500.]
 [500.]
 [500.]
 [500.]
 [500.]
 [500.]
 [500.]
 [500.]
 [500.]
 [500.]
 [500.]
 [500.]
 [500.]
 [500.]
 [500.]
 [500.]
 [500.]
 [500.]
 [500.]
 [500.]
 [500.]
 [500.]
 [500.]
 [500.]
 [500.]
 [500.]
 [500.]
 [500.]
 [500.]
 [500.]
 [500.]
 [500.]
 [500.]
 [500.]
 [500.]
 [500.]
 [500.]
 [500.]
 [500.]
 [500.]
 [500.]
 [500.]
 [500.]
 [500.]
 [500.]
 [500.]
 [500.]
 [500.]
 [500.]
 [500.]
 [500.]
 [500.]
 [500.]
 [500.]
 [500.]
 [500.]
 [500.]
 [500.]
 [500.]
 [500.]
 [500.]
 [500.]
 [500.]
 [500.]
 [500.]
 [500.]
 [500.]
 [500.]
 [500.]
 [500.]
 [500.]
 [500.]]
Ch: [[1.92894877 2.05202751 1.9228062  2.05278356 2.08846887 1.9452736
  1.93586545 2.09689526 1.93788787 2.02196869 2.04131432]
 [1.90498027 1.99529362 2.02842631 2.08520004 1.99008699 2.00930812
  2.04363664 2.04208223 1.9496115  1.94462676 2.02665803]
 [2.01715741 1.92390679 1.94839801 2.0987956  2.0896031  2.01835062
  2.08939841 1.91558394 1.94684788 1.90515517 1.96613517]
 [1.92203013 1.99797647 2.0535677  2.04749699 1.90432999 1.91440907
  2.03682563 1.93650778 2.05950385 2.02992241 2.07545806]
 [1.95170705 2.04849344 1.93348379 2.05187187 2.06394616 2.0217388
  2.01511872 2.09014017 2.06769781 1.97410086 2.04474093]
 [1.92555891 1.91118318 2.0757577  2.099824   1.9969951  2.07236781
  2.00082113 1.9888309  1.94954455 2.06303056 2.09925982]
 [2.04643276 1.92985574 1.99479993 1.90453876 2.01375688 1.93123647
  2.00617288 2.04845482 2.09581738 2.00691434 1.95789241]
 [1.91674006 1.94213728 1.95469145 1.95280205 1.97388411 2.01995973
  2.05598141 2.08314941 2.07882795 1.93580316 1.96158628]
 [2.09336401 1.94362583 1.99957766 1.90993495 1.98914805 1.96479847
  2.0252441  1.94484351 2.00468462 1.9746397  1.94332689]
 [1.93951519 1.98720242 2.05614737 1.98574422 2.02678028 2.01375074
  2.0084656  1.9024763  1.97306342 2.07481449 1.90385859]]
Cv: [[0.         0.         0.         0.         0.         0.
  0.         0.         0.         0.        ]
 [1.95773771 1.94677785 2.03537175 2.05023086 1.94998394 1.90000874
  2.02366303 1.91976455 2.09601261 2.09564218]
 [2.03936281 1.9220766  2.00836589 1.9050352  1.92132087 2.05176822
  2.04275475 2.07854874 1.92316805 1.92122523]
 [1.98660488 2.02695449 1.98379044 1.93006965 2.05810764 1.99271218
  1.92604613 2.0785085  2.07810897 1.93089055]
 [1.98472591 1.96873418 2.09246255 1.97212751 1.93898995 2.00115755
  2.01887907 2.03771064 1.94512041 2.03045914]
 [1.96199786 1.90425469 1.99459076 2.05066508 1.90304432 1.97329449
  1.98365465 1.91016711 1.93656805 1.99020523]
 [2.02434586 2.03070813 2.06758327 1.99177867 1.99792852 2.00509188
  2.01923991 1.93442363 2.09608517 1.91685288]
 [2.00283235 1.97269057 2.09944524 1.94116218 2.03753112 2.03454751
  2.07246833 2.0168513  2.02504167 2.08292785]
 [2.04791637 1.909422   1.99282815 2.01065701 1.93667959 1.91529383
  2.02551449 2.03851117 1.9195063  2.03677185]
 [1.99316566 2.01508443 1.90800505 1.93362603 1.90409961 2.09478751
  2.01400494 2.06565977 1.95927301 1.96240449]]
Rh: [[10.23165985 11.45397571 16.63408309 24.59674032 15.07329298  9.84569813
  21.26682425 13.19615035 12.69050133  9.29399995 16.91851619]
 [22.10083997 18.81775722 19.55058232 30.6764531  27.83844275 15.23729627
   9.75674612 11.95993153 12.7259265  10.53238727 12.04951812]
 [13.83667049 27.85509281 17.95894454 22.11104968 16.18427667 10.25719293
  20.37402544 22.39545695 11.11097422 14.45793744 29.86603115]
 [21.49439795 27.99830175 13.11419707 12.108243   10.51484245 19.83580925
  12.16842949 12.39525219 15.65412028 30.99402447 16.89617504]
 [25.89329552 16.2774803  17.52292575 21.04530518  9.28896707 20.19039302
  14.722254   21.09778106  9.39737452 15.4296925  18.26644294]
 [11.07334854 15.27939655 19.80090454 10.0900624  14.38732727 16.97285994
  15.19817273 21.53093714 27.7196189  11.35592985 12.66747627]
 [13.1313733  26.74399138 11.05424721 12.52426347 19.29073808 21.56355447
  11.30337811  9.77236007 16.65888569 15.13490447 10.8874843 ]
 [14.57357733  9.25036922 24.33788323 17.54797723 16.84746698 16.12474075
  24.21740567 16.81427669 11.12872038 10.26229906 22.95805896]
 [15.00796659 16.99096673 20.89069249 15.68139036 11.06024851 17.28961639
  11.78527013 30.49160628 29.67989744 19.64102135 21.31235125]
 [13.18608708 27.43352785 11.740333   12.1435047  24.08516834 21.29981595
  20.3483232  25.37173362 19.42868922 12.12323567 13.70548501]]
Rv: [[29.47226285 10.44750402 10.22897931 21.04445504 18.61826192 20.6491517
  16.29999738 12.00644248 16.43025246 16.58430784]
 [25.53095408 22.87656157 13.39729795  9.44001757 11.70151051 20.15821095
  14.37985199 23.09897671  9.87255639 10.763483  ]
 [16.2162531  15.3308758  11.43568494 20.42437951 22.55585571 13.28254398
  24.62010088 12.27722576 24.53590027 12.80055784]
 [18.96843106 13.02438125 30.17900125 20.78637459 26.20835353 25.97187612
  12.42382909 21.87148896 19.29606115 17.99792884]
 [17.61619677 10.60625005 24.46482991 16.85284558 15.00195531 12.10998132
  12.77206417  9.17486288 17.98496224 26.89095668]
 [23.5052721  27.62905488 18.92686098 10.64262844 25.88535538 13.39562477
  18.47485892 16.2093202  19.30803382  9.65723613]
 [19.23658912 16.38005345 29.49490242 16.68377838 12.86083525 21.7535457
  25.18768837 13.39185671 12.68140131 16.97187566]
 [23.12515683 12.27314206 11.70816421  9.97761392 13.09882498 11.56866708
  13.39471615  9.51834395 14.88084621 11.34217591]
 [30.08592907 22.99654589 27.18399283  9.08098497 27.06983198 14.12182496
  12.67725571 10.2237836  11.18476589  9.5472037 ]]