-------Running parameters--------
T = 0.001
temperature_gradient = 0.0
gap = 0.0
M = 10
N = 10
VR = 0.0
Vmin = 0.0
Vmax = 1.1
vStep = 0.001
vSym = True
repeats = 50
fileName = array_10_10_disorder_c_std_0.1_r_std_5_run_5
dist = exp
fullOutput = True
use_graph = False
current_map = True
plot_current_map = False
plot_binary_current_map = False
frame_norm = False
dbg = False
resume = False
sc = False
leaping = False
constQ = False
modifyR = False
double_time = False
double_loop = False
output_folder = bgu_2d_finite_temperature_different_disorders_statistics
params_path = 
VG_avg = 0.0
VG_std = 0.0
C_avg = 2.0
C_std = 0.1
CG_avg = 10.0
CG_std = 0.0
R_avg = 10.0
R_std = 5.0
custom_rh = ""
custom_rv = ""
custom_ch = ""
custom_cv = ""
RG_avg = 500.0
RG_std = 0.0
n0_avg = 0.0
n0_std = 0.0
Q0_avg = 0.0
Q0_std = 0.0
----Array Parameters-----
Rows: 10
Columns: 10
VG: [[0.]
 [0.]
 [0.]
 [0.]
 [0.]
 [0.]
 [0.]
 [0.]
 [0.]
 [0.]
 [0.]
 [0.]
 [0.]
 [0.]
 [0.]
 [0.]
 [0.]
 [0.]
 [0.]
 [0.]
 [0.]
 [0.]
 [0.]
 [0.]
 [0.]
 [0.]
 [0.]
 [0.]
 [0.]
 [0.]
 [0.]
 [0.]
 [0.]
 [0.]
 [0.]
 [0.]
 [0.]
 [0.]
 [0.]
 [0.]
 [0.]
 [0.]
 [0.]
 [0.]
 [0.]
 [0.]
 [0.]
 [0.]
 [0.]
 [0.]
 [0.]
 [0.]
 [0.]
 [0.]
 [0.]
 [0.]
 [0.]
 [0.]
 [0.]
 [0.]
 [0.]
 [0.]
 [0.]
 [0.]
 [0.]
 [0.]
 [0.]
 [0.]
 [0.]
 [0.]
 [0.]
 [0.]
 [0.]
 [0.]
 [0.]
 [0.]
 [0.]
 [0.]
 [0.]
 [0.]
 [0.]
 [0.]
 [0.]
 [0.]
 [0.]
 [0.]
 [0.]
 [0.]
 [0.]
 [0.]
 [0.]
 [0.]
 [0.]
 [0.]
 [0.]
 [0.]
 [0.]
 [0.]
 [0.]
 [0.]]
CG: [[10.]
 [10.]
 [10.]
 [10.]
 [10.]
 [10.]
 [10.]
 [10.]
 [10.]
 [10.]
 [10.]
 [10.]
 [10.]
 [10.]
 [10.]
 [10.]
 [10.]
 [10.]
 [10.]
 [10.]
 [10.]
 [10.]
 [10.]
 [10.]
 [10.]
 [10.]
 [10.]
 [10.]
 [10.]
 [10.]
 [10.]
 [10.]
 [10.]
 [10.]
 [10.]
 [10.]
 [10.]
 [10.]
 [10.]
 [10.]
 [10.]
 [10.]
 [10.]
 [10.]
 [10.]
 [10.]
 [10.]
 [10.]
 [10.]
 [10.]
 [10.]
 [10.]
 [10.]
 [10.]
 [10.]
 [10.]
 [10.]
 [10.]
 [10.]
 [10.]
 [10.]
 [10.]
 [10.]
 [10.]
 [10.]
 [10.]
 [10.]
 [10.]
 [10.]
 [10.]
 [10.]
 [10.]
 [10.]
 [10.]
 [10.]
 [10.]
 [10.]
 [10.]
 [10.]
 [10.]
 [10.]
 [10.]
 [10.]
 [10.]
 [10.]
 [10.]
 [10.]
 [10.]
 [10.]
 [10.]
 [10.]
 [10.]
 [10.]
 [10.]
 [10.]
 [10.]
 [10.]
 [10.]
 [10.]
 [10.]]
RG: [[500.]
 [500.]
 [500.]
 [500.]
 [500.]
 [500.]
 [500.]
 [500.]
 [500.]
 [500.]
 [500.]
 [500.]
 [500.]
 [500.]
 [500.]
 [500.]
 [500.]
 [500.]
 [500.]
 [500.]
 [500.]
 [500.]
 [500.]
 [500.]
 [500.]
 [500.]
 [500.]
 [500.]
 [500.]
 [500.]
 [500.]
 [500.]
 [500.]
 [500.]
 [500.]
 [500.]
 [500.]
 [500.]
 [500.]
 [500.]
 [500.]
 [500.]
 [500.]
 [500.]
 [500.]
 [500.]
 [500.]
 [500.]
 [500.]
 [500.]
 [500.]
 [500.]
 [500.]
 [500.]
 [500.]
 [500.]
 [500.]
 [500.]
 [500.]
 [500.]
 [500.]
 [500.]
 [500.]
 [500.]
 [500.]
 [500.]
 [500.]
 [500.]
 [500.]
 [500.]
 [500.]
 [500.]
 [500.]
 [500.]
 [500.]
 [500.]
 [500.]
 [500.]
 [500.]
 [500.]
 [500.]
 [500.]
 [500.]
 [500.]
 [500.]
 [500.]
 [500.]
 [500.]
 [500.]
 [500.]
 [500.]
 [500.]
 [500.]
 [500.]
 [500.]
 [500.]
 [500.]
 [500.]
 [500.]
 [500.]]
Ch: [[2.04574409 1.94482634 1.96259928 2.02767305 2.00827126 2.01681603
  1.93177759 1.95569307 1.91122228 1.98113252 2.03668848]
 [1.94445515 1.93488958 1.92032421 2.03575921 1.90487678 2.01306718
  1.95807542 2.09749327 2.03799427 2.0434118  2.02186104]
 [1.98408967 1.9856185  2.03927095 2.06072339 1.92697878 2.03637
  1.90104426 1.94298904 2.07296146 2.05808457 2.01025359]
 [1.95745234 2.07099393 1.93599933 2.02649417 1.95253621 1.90078556
  1.94359623 2.07212286 2.07029007 2.04698799 1.90139013]
 [2.09161908 1.9900346  2.09617913 1.95985686 1.90318581 1.99859929
  1.99036786 1.95218108 1.93971037 1.96835128 1.9999025 ]
 [1.92605586 1.9450927  1.98857971 2.07213209 1.94799851 1.92262436
  1.93453721 1.97252797 2.04254892 1.94782223 1.97632952]
 [2.02228456 1.92431765 2.01344947 2.01146332 2.09568772 1.90433425
  2.0376403  1.97630723 2.07410639 2.00735162 2.04658703]
 [2.04348314 2.01116993 2.05892088 2.09157368 1.92606428 1.91066678
  2.05357654 1.95274061 1.90381454 2.02974293 2.03092987]
 [2.09086389 1.96386755 2.02290771 2.07844502 2.06728279 1.98362805
  2.06241637 2.00456446 2.0546138  2.0864516  2.0394974 ]
 [2.09305227 1.9640161  2.08923709 1.92713378 2.00774287 2.08476151
  2.09171237 1.92990067 1.97425929 2.08311817 2.03026023]]
Cv: [[0.         0.         0.         0.         0.         0.
  0.         0.         0.         0.        ]
 [2.0190128  2.07352199 1.97947409 2.01721269 1.94676889 2.02458521
  2.00840862 1.95289423 2.04133197 1.91691512]
 [2.08780249 1.97956885 2.07554253 1.91023668 2.02242376 2.0359077
  1.97445837 2.08033959 2.05132167 1.90154851]
 [2.02112288 1.95318997 2.08162528 1.98601565 2.05244512 2.08834152
  1.97502362 2.0073039  1.93092481 1.93374495]
 [2.04261341 1.9461453  2.01012646 1.91733061 2.08120999 1.99081318
  1.91004695 2.0354223  1.95766791 2.0574747 ]
 [1.96107498 1.93916433 2.07814675 2.01294038 2.0330599  1.98182627
  1.91967619 2.05669001 2.08168311 1.94723514]
 [1.94916205 1.96229463 2.04932942 1.9253939  2.07459158 2.0212966
  1.91616759 2.02641499 2.02185276 1.93442268]
 [1.99593667 1.91571748 2.08264807 1.94429547 1.91887044 2.0071183
  2.0249889  2.03958152 2.08820499 1.96041953]
 [1.93226277 2.05214035 2.064556   2.02584173 1.99555662 2.03608218
  2.07430518 2.07454774 1.97692162 2.03276944]
 [2.08265262 1.94105638 2.04138262 1.91643248 2.06732352 2.04344953
  2.04550954 1.9661908  1.99496029 1.93664803]]
Rh: [[14.33517816 12.89904625  8.23193006  6.50555141  7.75739121 14.67609655
   7.93023382  6.00457147 13.84819894  7.53317518  8.24167714]
 [ 8.06343759 12.74896713 11.78386871  5.91201291 10.62479797  6.90139511
   5.64989088  7.98553292  6.83278779 10.72998138  8.79355693]
 [13.14215889  8.69977935 14.71334884 10.88823864  6.7758135   6.84340066
  12.50535755  9.15762091  7.52533675  6.73419653  6.29947366]
 [ 6.00726531  9.47717521  9.11167358  8.04402346  7.6014181   8.40518893
   6.91753381  9.28444198  5.90542181  6.17253851 14.91045162]
 [ 7.73964287 14.02565383  5.06549894  8.16511411  8.18132924  5.93626674
   5.07039755 12.50774378  9.12346553  6.69518839  6.63053673]
 [13.4942079   5.81185339  5.53284898 11.22059515 14.17821361  7.77611055
   6.54028258  7.8634368  13.03634433  5.90818221 10.5890184 ]
 [13.76072809 13.29085828  7.71873871  9.94035539  9.47647535  7.59312043
  12.85726406 13.72316315 10.92427231 10.10820184  5.06320223]
 [12.66698303  5.10751606  6.3300007  13.98731176  9.04079065  6.02663829
   9.25818511  6.47236867  7.0425642  11.28381464  9.35438915]
 [ 6.84258364 11.68148858  6.55402821 10.41410104  6.53442646  8.40655321
  12.23359752 11.14149092  9.64146518  5.59479724  6.66293269]
 [10.46507716  6.2676109   8.43868962 14.08092733  5.52242268  6.26778445
  12.73140533  6.4314397   9.95134382 14.36316821 13.30941715]]
Rv: [[12.90307933  5.30775519  5.05027218  5.55766658  6.22961352  6.72574312
  10.13910251  8.26094787  7.24888535 11.44698839]
 [10.94877721 13.60854423  7.11065915  5.72923735 14.15866986  5.88966976
  10.29405614 12.75780703  9.55523195 12.44529107]
 [12.35520224 11.59619903 11.79409675  6.1175514   9.66769394  9.52729713
  11.13216326  9.10445744  6.31078553  8.89572387]
 [ 6.76393032  5.83664439  8.27826316  6.21051494  5.4262588   7.55750983
   5.30584645 13.24480121 13.41575009 12.74817395]
 [ 8.49235914 14.8685119  14.08223033  6.85010463  6.08722442 10.64533354
  12.04465296 13.10465751 11.50088778 13.01469247]
 [14.53579951  8.12412339  8.12961982  9.82027636  5.21579037  7.85434228
   7.72837336 11.42419548  6.98593856  5.46260244]
 [ 5.95341327  5.81184321 12.13546514  6.91315727 11.78086303  5.12949141
   5.03056283  7.05632014 11.55964795  5.85435603]
 [11.76538307  8.58230674  9.50568902  5.76407314  5.91095152  6.93335575
   9.44495785 13.56222719 12.07815826  6.75290151]
 [10.22344653  5.30782201  7.56561042  9.48083635  5.03409641  5.08808918
   6.02756045  6.54336057  8.02195007  8.8102466 ]]