-------Running parameters--------
T = 0.001
temperature_gradient = 0.0
gap = 0.0
M = 10
N = 10
VR = 0.0
Vmin = 0.0
Vmax = 1.1
vStep = 0.001
vSym = True
repeats = 50
fileName = array_10_10_disorder_c_std_0.1_r_std_9.5_run_3
dist = exp
fullOutput = True
use_graph = False
current_map = True
plot_current_map = False
plot_binary_current_map = False
frame_norm = False
dbg = False
resume = False
sc = False
leaping = False
constQ = False
modifyR = False
double_time = False
double_loop = False
output_folder = bgu_2d_finite_temperature_different_disorders_statistics
params_path = 
VG_avg = 0.0
VG_std = 0.0
C_avg = 2.0
C_std = 0.1
CG_avg = 10.0
CG_std = 0.0
R_avg = 10.0
R_std = 9.5
custom_rh = ""
custom_rv = ""
custom_ch = ""
custom_cv = ""
RG_avg = 500.0
RG_std = 0.0
n0_avg = 0.0
n0_std = 0.0
Q0_avg = 0.0
Q0_std = 0.0
----Array Parameters-----
Rows: 10
Columns: 10
VG: [[0.]
 [0.]
 [0.]
 [0.]
 [0.]
 [0.]
 [0.]
 [0.]
 [0.]
 [0.]
 [0.]
 [0.]
 [0.]
 [0.]
 [0.]
 [0.]
 [0.]
 [0.]
 [0.]
 [0.]
 [0.]
 [0.]
 [0.]
 [0.]
 [0.]
 [0.]
 [0.]
 [0.]
 [0.]
 [0.]
 [0.]
 [0.]
 [0.]
 [0.]
 [0.]
 [0.]
 [0.]
 [0.]
 [0.]
 [0.]
 [0.]
 [0.]
 [0.]
 [0.]
 [0.]
 [0.]
 [0.]
 [0.]
 [0.]
 [0.]
 [0.]
 [0.]
 [0.]
 [0.]
 [0.]
 [0.]
 [0.]
 [0.]
 [0.]
 [0.]
 [0.]
 [0.]
 [0.]
 [0.]
 [0.]
 [0.]
 [0.]
 [0.]
 [0.]
 [0.]
 [0.]
 [0.]
 [0.]
 [0.]
 [0.]
 [0.]
 [0.]
 [0.]
 [0.]
 [0.]
 [0.]
 [0.]
 [0.]
 [0.]
 [0.]
 [0.]
 [0.]
 [0.]
 [0.]
 [0.]
 [0.]
 [0.]
 [0.]
 [0.]
 [0.]
 [0.]
 [0.]
 [0.]
 [0.]
 [0.]]
CG: [[10.]
 [10.]
 [10.]
 [10.]
 [10.]
 [10.]
 [10.]
 [10.]
 [10.]
 [10.]
 [10.]
 [10.]
 [10.]
 [10.]
 [10.]
 [10.]
 [10.]
 [10.]
 [10.]
 [10.]
 [10.]
 [10.]
 [10.]
 [10.]
 [10.]
 [10.]
 [10.]
 [10.]
 [10.]
 [10.]
 [10.]
 [10.]
 [10.]
 [10.]
 [10.]
 [10.]
 [10.]
 [10.]
 [10.]
 [10.]
 [10.]
 [10.]
 [10.]
 [10.]
 [10.]
 [10.]
 [10.]
 [10.]
 [10.]
 [10.]
 [10.]
 [10.]
 [10.]
 [10.]
 [10.]
 [10.]
 [10.]
 [10.]
 [10.]
 [10.]
 [10.]
 [10.]
 [10.]
 [10.]
 [10.]
 [10.]
 [10.]
 [10.]
 [10.]
 [10.]
 [10.]
 [10.]
 [10.]
 [10.]
 [10.]
 [10.]
 [10.]
 [10.]
 [10.]
 [10.]
 [10.]
 [10.]
 [10.]
 [10.]
 [10.]
 [10.]
 [10.]
 [10.]
 [10.]
 [10.]
 [10.]
 [10.]
 [10.]
 [10.]
 [10.]
 [10.]
 [10.]
 [10.]
 [10.]
 [10.]]
RG: [[500.]
 [500.]
 [500.]
 [500.]
 [500.]
 [500.]
 [500.]
 [500.]
 [500.]
 [500.]
 [500.]
 [500.]
 [500.]
 [500.]
 [500.]
 [500.]
 [500.]
 [500.]
 [500.]
 [500.]
 [500.]
 [500.]
 [500.]
 [500.]
 [500.]
 [500.]
 [500.]
 [500.]
 [500.]
 [500.]
 [500.]
 [500.]
 [500.]
 [500.]
 [500.]
 [500.]
 [500.]
 [500.]
 [500.]
 [500.]
 [500.]
 [500.]
 [500.]
 [500.]
 [500.]
 [500.]
 [500.]
 [500.]
 [500.]
 [500.]
 [500.]
 [500.]
 [500.]
 [500.]
 [500.]
 [500.]
 [500.]
 [500.]
 [500.]
 [500.]
 [500.]
 [500.]
 [500.]
 [500.]
 [500.]
 [500.]
 [500.]
 [500.]
 [500.]
 [500.]
 [500.]
 [500.]
 [500.]
 [500.]
 [500.]
 [500.]
 [500.]
 [500.]
 [500.]
 [500.]
 [500.]
 [500.]
 [500.]
 [500.]
 [500.]
 [500.]
 [500.]
 [500.]
 [500.]
 [500.]
 [500.]
 [500.]
 [500.]
 [500.]
 [500.]
 [500.]
 [500.]
 [500.]
 [500.]
 [500.]]
Ch: [[2.08961416 2.05729757 2.04632867 1.92027863 1.9868209  1.98824878
  2.05405167 1.90718789 2.09526627 2.07646891 1.96542532]
 [1.93670443 2.05278494 2.01759857 2.06503734 1.9798967  2.01487379
  2.02301167 1.99201021 1.95124066 1.96373374 1.97622587]
 [2.06053447 1.90979201 2.08714808 2.08998202 2.04422038 1.90936102
  2.05736096 1.94308618 2.00336893 2.03639311 1.92847987]
 [1.93023534 2.06577039 2.04457123 2.0404709  1.91431611 1.97095823
  1.97435349 1.9767414  1.95252243 1.94412868 1.96938564]
 [1.94531389 1.91591296 2.08074534 2.0610185  2.08146289 1.92560624
  1.90367526 1.98764023 1.9052378  2.02496649 2.03094145]
 [1.90905169 1.92153958 1.9269758  1.92429277 1.94761705 2.06769445
  2.08357846 2.0648164  1.94154687 2.01992518 2.02859801]
 [2.0148153  2.08603586 1.91740842 1.96600049 1.93475034 2.02925425
  2.05284114 1.91847705 1.94666095 1.98544423 1.99142226]
 [2.0491825  1.9791166  2.0911713  1.93610529 1.9745683  1.91247117
  2.06572992 2.04000794 2.03103979 1.93307102 2.04503542]
 [2.06465317 1.97698576 1.92639639 2.0280296  2.05215235 2.00156287
  2.0919264  1.96130892 2.04759003 2.09150809 1.95704102]
 [2.03362897 1.96481973 1.98432782 2.06959262 1.91666452 1.97750013
  1.99145263 1.96975619 2.03537657 1.94661791 2.08466909]]
Cv: [[0.         0.         0.         0.         0.         0.
  0.         0.         0.         0.        ]
 [2.03623101 2.09409149 1.91325669 2.07877318 2.05321281 1.96769924
  2.06804477 2.08074944 1.93750987 1.98123647]
 [2.0940811  2.05392794 1.95722922 1.99762269 1.95552535 1.98977163
  1.90649354 1.94559177 2.04562796 2.05557654]
 [1.99779005 1.97319579 2.01752792 1.91074186 2.04282257 1.95786375
  1.99678153 1.94915213 1.99937696 2.02245752]
 [1.90844029 1.90914417 2.01175184 1.9938723  2.05394615 2.07615416
  2.00441905 1.94383279 2.0850789  1.98414266]
 [2.01834425 1.98332354 1.90087234 1.92062833 2.05736347 2.06041606
  1.97941866 2.00610167 2.07294182 2.02141522]
 [1.9584757  2.08880292 2.01697826 2.04701365 1.90599013 1.937346
  1.91832989 2.04622371 1.95811723 2.03893651]
 [1.9166845  1.93083553 1.94754686 1.95180382 1.95356137 1.94091261
  1.99823247 1.93754497 1.90808898 2.07889174]
 [1.96472549 1.98089611 2.04068259 2.02296434 2.05178506 2.01089739
  1.92192658 2.03489443 1.93521574 1.952874  ]
 [1.95395626 1.94009245 1.98623059 1.9834893  2.03362477 1.99490198
  1.91857834 1.97592235 2.06876604 2.03692164]]
Rh: [[ 0.52057649  1.01466629  9.37428124  4.62002825  2.04356341  0.61143397
  10.68206301 15.70222208  3.06162032  7.07911542  2.03208781]
 [ 2.17544774  2.53598626 13.85595991  2.86111685  9.5861243   4.2346202
   2.08105273  6.35605772  6.55051039  6.3736383   0.8715848 ]
 [ 3.23276673  7.39903188  0.82741289  0.69444558  2.49603217  2.41131932
   9.52207108  2.58862704  7.09524738  1.04074928  3.98247181]
 [ 0.51888104  8.13528213  0.56326144  5.20460025 13.61356329  6.78207405
  15.6571975   0.57316702  1.1441404  12.41951075  2.51501526]
 [ 6.11229846  0.56088071  2.32976067  9.90955269  0.92252036 17.59058301
   7.05444979  7.1968263   2.61791992  3.3292533   3.32916383]
 [ 3.0170713   0.73202959  0.93383472  4.34684313  6.23240943  0.57658574
   0.85046993  2.66441601  8.25786521  4.99753411  3.03570848]
 [ 1.43767455  5.93407945  5.17076659  1.10120019  5.30050334 11.6272856
  13.172255    5.65839078  1.2931814   3.82666947  0.55701893]
 [10.27223962  1.28789066  8.17662793  1.71362434  2.69792309  1.03480277
   0.8857114   0.56894745  9.73460856  1.24323305  3.91524828]
 [ 6.04568525  0.76883836  2.50962507  7.37603877  1.16874258 10.24426475
   2.2502173   7.28731792  2.09029657  1.49717091  2.44686985]
 [ 5.52262663  2.12834142  5.92403117  0.81284128  0.7367806   3.29085899
  19.37764532  0.60300341  2.5529491  10.55664368 14.5013329 ]]
Rv: [[ 6.35478243  0.58223477  2.20218548  1.88709769  8.98425298  4.54409614
   6.36554337  0.53930162  7.16936106  5.78940096]
 [ 1.30719617  1.83280987  5.83150832  0.83644752 11.68722329  7.86374596
   8.48217013 13.85585367  3.37904047  3.14449542]
 [13.18390782  1.06927047  2.13991177  1.34288244  1.02875067 10.90136457
  19.47912776  0.93119698  6.77039756  0.86703488]
 [ 1.21558545  3.18324094  4.77063422  4.68302704 14.47396038  0.82599588
   1.99752006  0.58887475  1.35697038  7.31141736]
 [ 4.20497768  0.89832911  0.73443689  8.03110944 17.12068793 12.70177248
   0.99298229  2.24530423  2.79373412  3.92682934]
 [ 7.26851504  3.26464835  2.72901065  1.31405972  4.41061413  3.68243851
   1.62881353  5.0333985   0.73390571  0.74481505]
 [ 4.5405412   2.69730021  1.67059029  2.15743655  0.51768558  6.52969033
   3.77976917 15.25979227  4.06863809 15.06923327]
 [ 9.64079317  1.20480962  6.91023329  8.37321288  0.92151154  2.98470932
   0.7250273   4.45654882  3.43354207  2.82649995]
 [ 2.99069977  1.09490009  8.75815826 10.72562119  4.00129877  1.53881529
   7.58097746 10.78632441  2.88405246  1.68841566]]