-------Running parameters--------
T = 0.001
temperature_gradient = 0.0
gap = 0.0
M = 10
N = 10
VR = 0.0
Vmin = 0.0
Vmax = 1.1
vStep = 0.001
vSym = True
repeats = 50
fileName = array_10_10_disorder_c_std_0.1_r_std_5.5_run_10
dist = exp
fullOutput = True
use_graph = False
current_map = True
plot_current_map = False
plot_binary_current_map = False
frame_norm = False
dbg = False
resume = False
sc = False
leaping = False
constQ = False
modifyR = False
double_time = False
double_loop = False
output_folder = bgu_2d_finite_temperature_different_disorders_statistics
params_path = 
VG_avg = 0.0
VG_std = 0.0
C_avg = 2.0
C_std = 0.1
CG_avg = 10.0
CG_std = 0.0
R_avg = 10.0
R_std = 5.5
custom_rh = ""
custom_rv = ""
custom_ch = ""
custom_cv = ""
RG_avg = 500.0
RG_std = 0.0
n0_avg = 0.0
n0_std = 0.0
Q0_avg = 0.0
Q0_std = 0.0
----Array Parameters-----
Rows: 10
Columns: 10
VG: [[0.]
 [0.]
 [0.]
 [0.]
 [0.]
 [0.]
 [0.]
 [0.]
 [0.]
 [0.]
 [0.]
 [0.]
 [0.]
 [0.]
 [0.]
 [0.]
 [0.]
 [0.]
 [0.]
 [0.]
 [0.]
 [0.]
 [0.]
 [0.]
 [0.]
 [0.]
 [0.]
 [0.]
 [0.]
 [0.]
 [0.]
 [0.]
 [0.]
 [0.]
 [0.]
 [0.]
 [0.]
 [0.]
 [0.]
 [0.]
 [0.]
 [0.]
 [0.]
 [0.]
 [0.]
 [0.]
 [0.]
 [0.]
 [0.]
 [0.]
 [0.]
 [0.]
 [0.]
 [0.]
 [0.]
 [0.]
 [0.]
 [0.]
 [0.]
 [0.]
 [0.]
 [0.]
 [0.]
 [0.]
 [0.]
 [0.]
 [0.]
 [0.]
 [0.]
 [0.]
 [0.]
 [0.]
 [0.]
 [0.]
 [0.]
 [0.]
 [0.]
 [0.]
 [0.]
 [0.]
 [0.]
 [0.]
 [0.]
 [0.]
 [0.]
 [0.]
 [0.]
 [0.]
 [0.]
 [0.]
 [0.]
 [0.]
 [0.]
 [0.]
 [0.]
 [0.]
 [0.]
 [0.]
 [0.]
 [0.]]
CG: [[10.]
 [10.]
 [10.]
 [10.]
 [10.]
 [10.]
 [10.]
 [10.]
 [10.]
 [10.]
 [10.]
 [10.]
 [10.]
 [10.]
 [10.]
 [10.]
 [10.]
 [10.]
 [10.]
 [10.]
 [10.]
 [10.]
 [10.]
 [10.]
 [10.]
 [10.]
 [10.]
 [10.]
 [10.]
 [10.]
 [10.]
 [10.]
 [10.]
 [10.]
 [10.]
 [10.]
 [10.]
 [10.]
 [10.]
 [10.]
 [10.]
 [10.]
 [10.]
 [10.]
 [10.]
 [10.]
 [10.]
 [10.]
 [10.]
 [10.]
 [10.]
 [10.]
 [10.]
 [10.]
 [10.]
 [10.]
 [10.]
 [10.]
 [10.]
 [10.]
 [10.]
 [10.]
 [10.]
 [10.]
 [10.]
 [10.]
 [10.]
 [10.]
 [10.]
 [10.]
 [10.]
 [10.]
 [10.]
 [10.]
 [10.]
 [10.]
 [10.]
 [10.]
 [10.]
 [10.]
 [10.]
 [10.]
 [10.]
 [10.]
 [10.]
 [10.]
 [10.]
 [10.]
 [10.]
 [10.]
 [10.]
 [10.]
 [10.]
 [10.]
 [10.]
 [10.]
 [10.]
 [10.]
 [10.]
 [10.]]
RG: [[500.]
 [500.]
 [500.]
 [500.]
 [500.]
 [500.]
 [500.]
 [500.]
 [500.]
 [500.]
 [500.]
 [500.]
 [500.]
 [500.]
 [500.]
 [500.]
 [500.]
 [500.]
 [500.]
 [500.]
 [500.]
 [500.]
 [500.]
 [500.]
 [500.]
 [500.]
 [500.]
 [500.]
 [500.]
 [500.]
 [500.]
 [500.]
 [500.]
 [500.]
 [500.]
 [500.]
 [500.]
 [500.]
 [500.]
 [500.]
 [500.]
 [500.]
 [500.]
 [500.]
 [500.]
 [500.]
 [500.]
 [500.]
 [500.]
 [500.]
 [500.]
 [500.]
 [500.]
 [500.]
 [500.]
 [500.]
 [500.]
 [500.]
 [500.]
 [500.]
 [500.]
 [500.]
 [500.]
 [500.]
 [500.]
 [500.]
 [500.]
 [500.]
 [500.]
 [500.]
 [500.]
 [500.]
 [500.]
 [500.]
 [500.]
 [500.]
 [500.]
 [500.]
 [500.]
 [500.]
 [500.]
 [500.]
 [500.]
 [500.]
 [500.]
 [500.]
 [500.]
 [500.]
 [500.]
 [500.]
 [500.]
 [500.]
 [500.]
 [500.]
 [500.]
 [500.]
 [500.]
 [500.]
 [500.]
 [500.]]
Ch: [[2.06184704 1.94521032 1.90080719 1.91810232 2.0554093  1.93368778
  1.97345707 2.04166513 1.91670748 1.91867219 1.98996438]
 [2.04055174 2.07687551 1.92539337 2.07371871 1.98407245 2.04386581
  1.9631974  2.0767027  2.05059875 2.08905419 1.96425872]
 [2.05754113 1.91272953 2.03236493 2.0251381  2.08704049 1.97107326
  2.09672663 2.05683552 2.0377994  2.04780923 1.99205709]
 [1.95707311 1.9367889  2.09476746 1.90907584 1.95731055 1.98429523
  1.97223196 2.07239722 1.98972075 2.09717997 2.06102016]
 [1.95473158 1.99519382 2.05078328 2.03040537 2.089473   2.03466413
  2.01277072 1.92336434 1.96457737 1.95083743 2.04885964]
 [2.0959859  2.08925358 2.0518227  1.94244244 2.02264386 1.97143459
  2.09996361 1.93095311 1.92225661 1.93712343 2.0915906 ]
 [1.91436599 2.00966804 1.98464405 1.98911263 1.983638   2.06242642
  2.06667413 2.0101433  1.96988032 1.90335456 2.08319098]
 [1.94069553 2.09253875 2.00976202 1.93173981 1.9612137  1.96031363
  1.9197888  1.96074821 1.94888403 2.03181615 2.07030571]
 [2.031296   2.02932702 1.90608571 1.92787197 1.91540692 1.95734832
  2.03510229 2.03122132 1.92315287 1.90692607 1.95714277]
 [2.01353219 1.97759528 2.06318909 2.01760335 1.9467432  2.00244519
  2.01409007 1.90223038 2.0998524  1.92911507 2.09350529]]
Cv: [[0.         0.         0.         0.         0.         0.
  0.         0.         0.         0.        ]
 [2.01294272 2.03283002 1.97363281 2.03299534 1.99480344 1.95067854
  2.04527709 1.94035738 1.91945847 1.96984891]
 [2.0317234  2.00573743 2.01015611 1.93356499 1.99980048 1.99212677
  1.97760152 2.08630143 1.9203054  1.90257769]
 [2.00425384 1.92909358 2.0792436  1.91774775 2.03993451 1.9923587
  1.98461091 1.90802913 2.02464357 1.98344427]
 [1.9693097  1.96242345 1.96525091 1.92462064 1.9498712  2.08235404
  2.02068764 1.95278445 1.98868793 2.02459804]
 [2.0874919  1.97813268 1.99073771 1.95417364 2.06143059 2.0155739
  2.01784415 2.03119746 1.92820677 1.95655981]
 [2.01180431 1.93844815 1.98432298 2.06324947 2.03897995 1.96289521
  2.055381   1.91015151 1.96129909 1.90326149]
 [2.09231675 2.06047183 2.04860464 1.93422562 2.01470654 1.94589122
  2.03126156 1.96330641 2.09451111 1.98751687]
 [2.07559684 1.95046563 2.06144684 2.07844919 1.94770451 2.04772403
  2.07594392 2.06283227 1.9998022  1.92944454]
 [1.96488982 1.90447287 2.05481373 1.92360251 2.01806645 1.95331558
  2.09613095 2.02923196 2.03677972 1.98979274]]
Rh: [[ 9.69581472  8.33139082  7.35378234  9.60402427 11.99103494 12.35969369
  11.51938219  4.74799779 10.78859474 12.44002707 11.61993004]
 [ 5.11484457  5.32922991  5.99740282  9.71865144 10.92212707 15.10450737
   7.2174798  10.80105531  7.50260125  7.90850079  7.95401758]
 [ 6.88137128  8.08963034  4.58913192  9.72129595 14.48770749  4.83561176
  13.36763077  7.51306682  9.91702024  7.34812693  6.12902106]
 [ 7.42033921  9.12049149 13.63496598 13.00559693  4.7037519  14.32762549
  14.55864502  4.52521158  5.19371176 13.91361064 13.57083479]
 [ 9.84293611  6.4922807   6.33306723 11.46631733 11.38581391  6.21829503
   7.6024965   7.74338896  6.54959524  8.73424226  5.96728338]
 [ 5.18795622  4.56463241  8.96965345  6.48003927  5.39626952 10.72767221
  11.27280016  4.67047135 15.34892878 10.80053326  4.93062145]
 [ 5.61478614  7.9072791  13.47470554  4.56812979 10.12890008  6.58776739
  11.72643379 15.2433848  10.24019941  7.15087498  6.47623401]
 [11.97061807  6.94849617  5.71190611 13.1282647   5.2663739   7.54286561
   5.24086198  5.96993918  7.47432862  6.10830769  5.66983281]
 [11.54808882  8.21471984  4.84536529  7.83433173  6.78137746  6.93094026
   4.54710496  9.83369435 10.56852724 11.72004276  6.58669844]
 [13.61155952  4.59110067  8.21857979  6.34154447  4.67428811 12.48521817
  10.17990329  7.05052784 10.88751893  4.84904817 13.1901244 ]]
Rv: [[ 6.89481896  5.09279583  9.48996777  7.02312174  9.53049591 12.13092439
   6.84808746 14.87529747 11.13258875 10.24414784]
 [14.77481758  6.93035994  5.76436775 11.45724224 15.43273141  8.38217626
   8.1030797   7.21956845  5.02035256  7.33374459]
 [ 9.16231162  4.87819078 15.0195105  12.61845122  8.08085255  7.3081874
   4.91254121  4.90872571  4.95733833  6.8610379 ]
 [ 4.53803862  4.64895454  4.77812985 12.60218709 14.0940485   9.31159743
   8.94424655 10.90759676  9.23913808  7.73630233]
 [ 6.73274521  9.59012989  8.79451615 14.14012132 10.09929879  8.26218845
   5.15188106  4.50888223 13.10999794  6.02257298]
 [ 9.14501936  7.3712538  11.00890838 12.33292352 13.98861404  4.97749226
   7.44379029 12.39537072  5.24459679 13.26829227]
 [ 9.21099588  4.70291644 10.29972573  8.99986429  4.56206918  4.66216731
   9.28040407  6.11926015  9.97041029 13.9219479 ]
 [ 6.56123624 10.5925775   6.90207285 15.43329233  6.44904301 11.64304677
   9.32752795  4.70980082 12.33621097  8.52180882]
 [13.39594224  5.3064894  12.84311671  5.66922418 14.80374219  9.6137088
   7.13162092 14.88735577  5.77554473  4.9308253 ]]