-------Running parameters--------
T = 0.001
temperature_gradient = 0.0
gap = 0.0
M = 10
N = 10
VR = 0.0
Vmin = 0.0
Vmax = 1.1
vStep = 0.001
vSym = True
repeats = 50
fileName = array_10_10_disorder_c_std_0.1_r_std_7.5_run_10
dist = exp
fullOutput = True
use_graph = False
current_map = True
plot_current_map = False
plot_binary_current_map = False
frame_norm = False
dbg = False
resume = False
sc = False
leaping = False
constQ = False
modifyR = False
double_time = False
double_loop = False
output_folder = bgu_2d_finite_temperature_different_disorders_statistics
params_path = 
VG_avg = 0.0
VG_std = 0.0
C_avg = 2.0
C_std = 0.1
CG_avg = 10.0
CG_std = 0.0
R_avg = 10.0
R_std = 7.5
custom_rh = ""
custom_rv = ""
custom_ch = ""
custom_cv = ""
RG_avg = 500.0
RG_std = 0.0
n0_avg = 0.0
n0_std = 0.0
Q0_avg = 0.0
Q0_std = 0.0
----Array Parameters-----
Rows: 10
Columns: 10
VG: [[0.]
 [0.]
 [0.]
 [0.]
 [0.]
 [0.]
 [0.]
 [0.]
 [0.]
 [0.]
 [0.]
 [0.]
 [0.]
 [0.]
 [0.]
 [0.]
 [0.]
 [0.]
 [0.]
 [0.]
 [0.]
 [0.]
 [0.]
 [0.]
 [0.]
 [0.]
 [0.]
 [0.]
 [0.]
 [0.]
 [0.]
 [0.]
 [0.]
 [0.]
 [0.]
 [0.]
 [0.]
 [0.]
 [0.]
 [0.]
 [0.]
 [0.]
 [0.]
 [0.]
 [0.]
 [0.]
 [0.]
 [0.]
 [0.]
 [0.]
 [0.]
 [0.]
 [0.]
 [0.]
 [0.]
 [0.]
 [0.]
 [0.]
 [0.]
 [0.]
 [0.]
 [0.]
 [0.]
 [0.]
 [0.]
 [0.]
 [0.]
 [0.]
 [0.]
 [0.]
 [0.]
 [0.]
 [0.]
 [0.]
 [0.]
 [0.]
 [0.]
 [0.]
 [0.]
 [0.]
 [0.]
 [0.]
 [0.]
 [0.]
 [0.]
 [0.]
 [0.]
 [0.]
 [0.]
 [0.]
 [0.]
 [0.]
 [0.]
 [0.]
 [0.]
 [0.]
 [0.]
 [0.]
 [0.]
 [0.]]
CG: [[10.]
 [10.]
 [10.]
 [10.]
 [10.]
 [10.]
 [10.]
 [10.]
 [10.]
 [10.]
 [10.]
 [10.]
 [10.]
 [10.]
 [10.]
 [10.]
 [10.]
 [10.]
 [10.]
 [10.]
 [10.]
 [10.]
 [10.]
 [10.]
 [10.]
 [10.]
 [10.]
 [10.]
 [10.]
 [10.]
 [10.]
 [10.]
 [10.]
 [10.]
 [10.]
 [10.]
 [10.]
 [10.]
 [10.]
 [10.]
 [10.]
 [10.]
 [10.]
 [10.]
 [10.]
 [10.]
 [10.]
 [10.]
 [10.]
 [10.]
 [10.]
 [10.]
 [10.]
 [10.]
 [10.]
 [10.]
 [10.]
 [10.]
 [10.]
 [10.]
 [10.]
 [10.]
 [10.]
 [10.]
 [10.]
 [10.]
 [10.]
 [10.]
 [10.]
 [10.]
 [10.]
 [10.]
 [10.]
 [10.]
 [10.]
 [10.]
 [10.]
 [10.]
 [10.]
 [10.]
 [10.]
 [10.]
 [10.]
 [10.]
 [10.]
 [10.]
 [10.]
 [10.]
 [10.]
 [10.]
 [10.]
 [10.]
 [10.]
 [10.]
 [10.]
 [10.]
 [10.]
 [10.]
 [10.]
 [10.]]
RG: [[500.]
 [500.]
 [500.]
 [500.]
 [500.]
 [500.]
 [500.]
 [500.]
 [500.]
 [500.]
 [500.]
 [500.]
 [500.]
 [500.]
 [500.]
 [500.]
 [500.]
 [500.]
 [500.]
 [500.]
 [500.]
 [500.]
 [500.]
 [500.]
 [500.]
 [500.]
 [500.]
 [500.]
 [500.]
 [500.]
 [500.]
 [500.]
 [500.]
 [500.]
 [500.]
 [500.]
 [500.]
 [500.]
 [500.]
 [500.]
 [500.]
 [500.]
 [500.]
 [500.]
 [500.]
 [500.]
 [500.]
 [500.]
 [500.]
 [500.]
 [500.]
 [500.]
 [500.]
 [500.]
 [500.]
 [500.]
 [500.]
 [500.]
 [500.]
 [500.]
 [500.]
 [500.]
 [500.]
 [500.]
 [500.]
 [500.]
 [500.]
 [500.]
 [500.]
 [500.]
 [500.]
 [500.]
 [500.]
 [500.]
 [500.]
 [500.]
 [500.]
 [500.]
 [500.]
 [500.]
 [500.]
 [500.]
 [500.]
 [500.]
 [500.]
 [500.]
 [500.]
 [500.]
 [500.]
 [500.]
 [500.]
 [500.]
 [500.]
 [500.]
 [500.]
 [500.]
 [500.]
 [500.]
 [500.]
 [500.]]
Ch: [[1.93759376 2.02402529 2.00685804 1.91090152 1.93992961 2.0811011
  2.0094431  1.97010034 1.90373008 1.92627219 1.92463695]
 [2.00838247 1.91734751 1.90104588 1.93078866 2.08364853 2.04458843
  1.97277636 2.05520517 1.99520101 1.95718078 2.01789236]
 [2.03363189 2.04379864 2.07155017 2.05323891 2.06060705 2.08691826
  2.07558283 1.93832757 2.04771199 1.93294832 1.90216125]
 [1.94863802 1.95069869 2.0054703  1.95845192 1.96673422 1.92556333
  2.04837014 1.97135402 1.99738507 2.04700573 1.98735224]
 [2.03740129 2.01004765 2.01455684 1.90759884 2.04671291 1.95639023
  1.96809458 1.9612246  2.00422818 1.93847413 2.03140981]
 [1.92390974 1.91228558 2.07611869 2.05612302 1.91210899 2.04693408
  1.91499194 2.0737959  2.02270229 2.09466046 2.06662278]
 [2.02279858 1.90709522 1.98987324 1.93800574 1.91778411 2.07405716
  2.07711246 2.01871145 1.97359486 2.05665177 2.09993407]
 [1.93563383 1.96649051 2.07013711 1.90971625 1.9513441  2.04461853
  2.09034104 1.9094324  1.97197779 2.09043281 2.04974967]
 [2.04417648 1.96997247 2.01179954 1.98750958 1.95322653 2.02275383
  1.99750733 1.94224071 1.93469017 1.99421855 1.96612402]
 [1.91752845 1.96473501 1.92815794 1.98369888 1.96875059 2.08673327
  2.07961428 2.08791519 1.98468422 1.94381648 1.96534484]]
Cv: [[0.         0.         0.         0.         0.         0.
  0.         0.         0.         0.        ]
 [1.93624888 2.09353002 2.00315537 2.06519622 2.06112749 2.03073769
  1.99911879 1.975366   1.94557352 2.04741676]
 [2.0241586  1.99071613 2.05533854 2.04235744 1.99894673 2.00468997
  1.96445842 1.93812334 1.96543759 1.92577624]
 [1.93680604 2.00327092 1.93676742 1.96314665 1.9519334  1.94096233
  1.92554789 1.94939486 1.98689216 2.02795817]
 [1.99304065 2.02872052 2.00483687 1.96957888 1.94932692 2.09931624
  1.94434336 2.06913943 1.95057603 1.97168858]
 [1.99991568 2.05565318 1.95944942 2.05953717 2.06626689 2.03968119
  2.0410836  2.05548564 2.01448892 2.09853004]
 [2.00576002 1.9851826  1.94760402 1.97605829 1.94214141 2.05150439
  2.07336109 1.97804627 2.06991541 2.05718947]
 [2.04223828 1.9505077  2.01126655 1.98308086 2.07405344 2.03355417
  2.05296783 2.00002517 2.09752974 1.98337139]
 [1.97120248 2.08322119 2.00706717 1.96575279 1.91484597 2.05963526
  1.92401682 1.98367577 2.08513316 2.02889388]
 [2.02184039 1.94246868 1.94321793 1.90575757 2.01571847 1.93304709
  2.09946102 2.01104185 2.01271775 2.08728612]]
Rh: [[ 3.63721963 12.02434137 13.20293735  2.64152916  2.77870614  2.78568846
   5.57148608  6.09671192  4.69207644  5.91961995 14.96058944]
 [ 3.44599078 11.32591855  8.25880171  3.84279547 12.9404957   6.4344496
   9.06218025  3.6244882   6.18740602  2.68279579 10.19709979]
 [16.63044308  6.58932902 13.42264765 15.24647543  4.76882458  3.97613704
  11.04354332  3.81810172  6.36047269  4.03265901  4.30626935]
 [ 4.5509732   4.15624721  2.8502037   8.96730418 10.80798133 10.79299641
  14.62861507  7.36569011  9.46641636  6.49160993 14.10852275]
 [15.44599589  8.21695384 16.63726177 10.11353526  5.34983329  5.78707955
  15.38547337  2.52745388 12.78447459  4.18298432  2.52336018]
 [ 7.32361845  4.13826325  7.99277523  2.9673983   2.9001948   8.38264171
   4.59458438  6.35205028  6.79776597  3.32700579 10.7329552 ]
 [13.61501957  7.44677548  4.97832972  9.24582761  6.05181384  5.16825912
   2.67532615  2.59805812  7.57328069 13.57497455 12.46309438]
 [ 5.09713335  7.4591809  16.10365358 12.633224    5.73064637 13.26535131
   7.30462195  2.62013124  5.79064633  2.83469464  6.71064938]
 [ 8.35524341  7.81300444 13.49249869  4.92757413  2.71250536 11.55097325
   9.73748306  7.23484335  8.92480478  7.43701366 14.8822305 ]
 [ 5.09706119  2.6657188  13.87160574  6.0635      2.95732247 17.03769677
  12.97234788  5.95163841  4.18439021  4.17453528  3.81741314]]
Rv: [[ 8.59183311 10.9913037   4.09980918  3.54080914  5.23239144 13.6583513
   7.77720115  8.3984605   9.27383196  4.35725607]
 [ 8.61365588  4.53076804 15.45757446 11.59201539  5.75995679  2.91797682
   5.33951636  7.28736319  4.30671117  6.42183893]
 [14.37326117  3.9301959   7.93373426  7.75884156  3.63745669  8.82102572
  13.5777824  13.26916192  2.63776647 10.18781435]
 [ 3.45616935  6.36591826  4.6866985   4.678042    5.92371127  4.45798163
   2.74399221 14.63107707  8.21211987 15.66997895]
 [ 9.90384752  9.57618896  9.68647843  8.49619881 10.41276318 12.79717671
  10.69273886  8.63987579  6.57869729  6.00116849]
 [12.05623755 16.81028449  2.50760513 14.93209479 16.3070868  15.34901431
   8.49937867  4.35031009  8.02222765  3.78350241]
 [11.68456584  6.35228086  5.48433762 14.19160476 16.74475225 12.85148824
   4.03334896  4.26353773 15.8248619   5.0217735 ]
 [ 7.66735894 12.66482484  7.90434822  8.07015405  7.43763379  3.9207322
   9.4044779   6.49144164  2.53941739 15.8101112 ]
 [17.4873831   6.45359143  2.57762202 11.20814193  3.00381653 16.94226675
  11.08623602  3.01638587 17.02865757 10.53265181]]