-------Running parameters--------
T = 0.001
temperature_gradient = 0.0
gap = 0.0
M = 10
N = 10
VR = 0.0
Vmin = 0.0
Vmax = 1.1
vStep = 0.001
vSym = True
repeats = 50
fileName = array_10_10_disorder_c_std_0.1_r_std_5_run_1
dist = exp
fullOutput = True
use_graph = False
current_map = True
plot_current_map = False
plot_binary_current_map = False
frame_norm = False
dbg = False
resume = False
sc = False
leaping = False
constQ = False
modifyR = False
double_time = False
double_loop = False
output_folder = bgu_2d_finite_temperature_different_disorders_statistics
params_path = 
VG_avg = 0.0
VG_std = 0.0
C_avg = 2.0
C_std = 0.1
CG_avg = 10.0
CG_std = 0.0
R_avg = 10.0
R_std = 5.0
custom_rh = ""
custom_rv = ""
custom_ch = ""
custom_cv = ""
RG_avg = 500.0
RG_std = 0.0
n0_avg = 0.0
n0_std = 0.0
Q0_avg = 0.0
Q0_std = 0.0
----Array Parameters-----
Rows: 10
Columns: 10
VG: [[0.]
 [0.]
 [0.]
 [0.]
 [0.]
 [0.]
 [0.]
 [0.]
 [0.]
 [0.]
 [0.]
 [0.]
 [0.]
 [0.]
 [0.]
 [0.]
 [0.]
 [0.]
 [0.]
 [0.]
 [0.]
 [0.]
 [0.]
 [0.]
 [0.]
 [0.]
 [0.]
 [0.]
 [0.]
 [0.]
 [0.]
 [0.]
 [0.]
 [0.]
 [0.]
 [0.]
 [0.]
 [0.]
 [0.]
 [0.]
 [0.]
 [0.]
 [0.]
 [0.]
 [0.]
 [0.]
 [0.]
 [0.]
 [0.]
 [0.]
 [0.]
 [0.]
 [0.]
 [0.]
 [0.]
 [0.]
 [0.]
 [0.]
 [0.]
 [0.]
 [0.]
 [0.]
 [0.]
 [0.]
 [0.]
 [0.]
 [0.]
 [0.]
 [0.]
 [0.]
 [0.]
 [0.]
 [0.]
 [0.]
 [0.]
 [0.]
 [0.]
 [0.]
 [0.]
 [0.]
 [0.]
 [0.]
 [0.]
 [0.]
 [0.]
 [0.]
 [0.]
 [0.]
 [0.]
 [0.]
 [0.]
 [0.]
 [0.]
 [0.]
 [0.]
 [0.]
 [0.]
 [0.]
 [0.]
 [0.]]
CG: [[10.]
 [10.]
 [10.]
 [10.]
 [10.]
 [10.]
 [10.]
 [10.]
 [10.]
 [10.]
 [10.]
 [10.]
 [10.]
 [10.]
 [10.]
 [10.]
 [10.]
 [10.]
 [10.]
 [10.]
 [10.]
 [10.]
 [10.]
 [10.]
 [10.]
 [10.]
 [10.]
 [10.]
 [10.]
 [10.]
 [10.]
 [10.]
 [10.]
 [10.]
 [10.]
 [10.]
 [10.]
 [10.]
 [10.]
 [10.]
 [10.]
 [10.]
 [10.]
 [10.]
 [10.]
 [10.]
 [10.]
 [10.]
 [10.]
 [10.]
 [10.]
 [10.]
 [10.]
 [10.]
 [10.]
 [10.]
 [10.]
 [10.]
 [10.]
 [10.]
 [10.]
 [10.]
 [10.]
 [10.]
 [10.]
 [10.]
 [10.]
 [10.]
 [10.]
 [10.]
 [10.]
 [10.]
 [10.]
 [10.]
 [10.]
 [10.]
 [10.]
 [10.]
 [10.]
 [10.]
 [10.]
 [10.]
 [10.]
 [10.]
 [10.]
 [10.]
 [10.]
 [10.]
 [10.]
 [10.]
 [10.]
 [10.]
 [10.]
 [10.]
 [10.]
 [10.]
 [10.]
 [10.]
 [10.]
 [10.]]
RG: [[500.]
 [500.]
 [500.]
 [500.]
 [500.]
 [500.]
 [500.]
 [500.]
 [500.]
 [500.]
 [500.]
 [500.]
 [500.]
 [500.]
 [500.]
 [500.]
 [500.]
 [500.]
 [500.]
 [500.]
 [500.]
 [500.]
 [500.]
 [500.]
 [500.]
 [500.]
 [500.]
 [500.]
 [500.]
 [500.]
 [500.]
 [500.]
 [500.]
 [500.]
 [500.]
 [500.]
 [500.]
 [500.]
 [500.]
 [500.]
 [500.]
 [500.]
 [500.]
 [500.]
 [500.]
 [500.]
 [500.]
 [500.]
 [500.]
 [500.]
 [500.]
 [500.]
 [500.]
 [500.]
 [500.]
 [500.]
 [500.]
 [500.]
 [500.]
 [500.]
 [500.]
 [500.]
 [500.]
 [500.]
 [500.]
 [500.]
 [500.]
 [500.]
 [500.]
 [500.]
 [500.]
 [500.]
 [500.]
 [500.]
 [500.]
 [500.]
 [500.]
 [500.]
 [500.]
 [500.]
 [500.]
 [500.]
 [500.]
 [500.]
 [500.]
 [500.]
 [500.]
 [500.]
 [500.]
 [500.]
 [500.]
 [500.]
 [500.]
 [500.]
 [500.]
 [500.]
 [500.]
 [500.]
 [500.]
 [500.]]
Ch: [[2.08169082 2.03418891 2.02186853 2.05190607 1.96710818 1.96433753
  2.04885199 2.01603837 1.99348533 1.98026995 1.91501789]
 [2.00461861 1.90583997 1.97030146 1.92545034 2.07504041 1.99842687
  1.93755381 2.0593156  1.9469722  1.96305262 1.91891865]
 [1.9985687  1.93341958 1.90013981 2.05242753 1.94445801 2.0479647
  2.03435791 1.918703   2.00993969 1.90689449 1.91846288]
 [1.95905516 1.91816857 2.04108954 1.94497561 2.05986935 1.94196996
  2.00683874 2.08871819 1.9978593  2.05486732 2.05833841]
 [1.93523553 1.97169422 2.060241   1.99103907 1.97440715 1.92512869
  2.07452592 1.93713809 1.94477572 1.94426421 1.98744121]
 [2.08481402 1.9754991  1.97718436 1.91766801 1.99589374 1.92499333
  2.07553121 2.03306727 1.99974926 1.95905356 1.98538989]
 [1.95062781 2.05826325 2.09374509 2.07002634 1.98975121 2.09820783
  2.04043333 2.03083951 1.98818945 2.08827566 1.96069553]
 [1.90656739 2.07328728 2.05915922 1.98591117 2.01088688 1.97639103
  1.98207265 1.9226026  1.91451538 2.04307478 1.95579904]
 [2.08933052 2.06920812 1.90268887 1.99055954 2.09024254 1.96786625
  1.91681359 2.00043097 1.99300403 2.05744853 1.96452119]
 [1.91924355 2.00326284 1.99294619 2.05058479 2.00953292 2.05143892
  2.03810522 2.01868862 2.08949807 2.01038633 1.91942246]]
Cv: [[0.         0.         0.         0.         0.         0.
  0.         0.         0.         0.        ]
 [2.0349557  2.03148875 1.94413349 2.01198506 1.99395191 1.91403256
  1.96646309 2.01380373 2.0423241  2.00387754]
 [2.03465178 2.04279117 1.9846802  1.98654236 1.91071084 2.01050189
  2.03327919 1.9716241  1.95760478 1.92740504]
 [2.04905419 2.07816938 1.94993981 1.99849228 2.00282177 1.99424684
  2.0048137  1.92921619 2.09770116 2.07930085]
 [2.07414464 1.90161946 2.07083731 2.02838341 1.93741565 1.91883816
  2.09853623 1.95111274 2.00279083 1.99925508]
 [1.94428945 2.06082333 1.93259988 2.06044283 2.01637961 1.94847738
  2.06651298 2.08878014 2.03314349 2.07605244]
 [1.99159511 1.91794439 1.93230857 2.08700647 1.9163877  1.91349206
  1.91844867 2.07951829 2.04211398 1.91948732]
 [2.0431664  1.97341705 1.95297642 1.92031792 2.03729926 1.9908522
  1.90886438 2.09921442 2.03004779 1.95929604]
 [2.04846175 1.95056512 1.91496688 2.00961351 1.93727502 2.03638004
  2.05740656 1.92618379 2.03709904 1.93504478]
 [2.01122264 2.09827183 1.98450758 2.04224689 2.09780202 2.04747548
  1.99708512 1.91215995 1.91303901 2.06849923]]
Rh: [[12.07964748  6.10572352 10.35644881  6.15340349  5.91125074  5.12489655
   8.57122949  7.97613874 10.76001405 10.4146385   8.61959948]
 [ 6.35714316 11.45892059 10.40064389  7.18056116  5.5385093  13.67826402
   6.14095374  6.67766463  5.11965166  5.06216323  8.69238728]
 [14.7698955   7.00037995 13.06436554 12.3470732   5.74610991  7.2296604
   7.96400473  8.00299606 13.30554251  7.84233794  7.77660131]
 [ 8.36003915  9.06758891  8.11772115 10.83263051  9.4743252  13.08856743
   7.86645289  7.20576256  6.25891813  7.18679031  7.18627438]
 [14.53921665  9.14942581 13.8616707   6.73465496 10.19429051  5.76589858
   7.02140752  6.12165331 11.65669915  9.38886907 12.55529552]
 [ 7.45234428  7.84869992 11.13427442 14.39045684  7.56515407 10.13582059
   5.33635442  5.05679034  5.62931565 11.90730026 10.40042873]
 [ 7.35104795 14.35067178  8.96776138 11.32898692  8.42019989  6.07305637
   6.8118561   5.65825132  5.12782355  8.66501473  5.89495133]
 [ 5.6555659   7.46325673  5.46974398  5.40466461  6.35518393  8.46594707
  10.42335706  5.4532662   7.56587549 13.17578683  5.17921277]
 [ 7.98791051  8.19487073  7.24998467 11.7999131  13.1773565   6.12573943
   5.23136546  6.91686795 13.41159537  5.8586439  11.21606071]
 [11.36018188 13.37749844 12.94064107  6.41375761  7.90286672  5.83583415
   5.04777304 11.40702405  5.94496746  9.94364389  8.10776908]]
Rv: [[ 5.15142444  7.86446658  6.64973823  5.46281999 14.00632246 10.90404519
  13.63400861  6.50353401 12.08898916  5.37612998]
 [10.51868141  5.70390575 10.05973932  5.485439    8.05042269 10.13924205
   7.60458984  5.09456782  5.31109068 11.02169956]
 [10.01644081  8.80656489  8.80839651  7.24626661  6.99544335  6.12876095
   7.32945833 11.77888472  8.11869082  8.72798217]
 [14.51724527  8.76577174  5.02434013  7.22785949 11.41407627 14.03422726
   6.8039161   5.12015015 12.83444479 12.45460518]
 [ 6.14181171 13.88534733  8.19547477 12.37364767 14.77124902 13.52043468
   6.3953122   5.58839885 13.24506793  7.84137145]
 [ 8.86161463  8.01077391 11.58588947  7.87091831  7.43398642  6.89776996
   7.80413387  5.75098675  8.35761386 10.91246777]
 [ 7.78546503 11.57032349  6.72399827  5.39267313  7.52807276  5.12196515
  10.00307404  5.03570106  5.95918537  5.48666414]
 [14.94941334  6.49709594 12.06384198 11.63165565  6.30435297 10.089449
  12.30325164 10.33124825  8.08989505  6.1653326 ]
 [ 9.37325583 12.28679761  8.24478196  9.75419952 10.86096885  9.31235764
   6.04880728  8.12797805 12.40020594  5.21754132]]