-------Running parameters--------
T = 0.001
temperature_gradient = 0.0
gap = 0.0
M = 10
N = 10
VR = 0.0
Vmin = 0.0
Vmax = 1.1
vStep = 0.001
vSym = True
repeats = 50
fileName = array_10_10_disorder_c_std_0.1_r_std_13_run_5
dist = exp
fullOutput = True
use_graph = False
current_map = True
plot_current_map = False
plot_binary_current_map = False
frame_norm = False
dbg = False
resume = False
sc = False
leaping = False
constQ = False
modifyR = False
double_time = False
double_loop = False
output_folder = bgu_2d_finite_temperature_different_disorders_statistics
params_path = 
VG_avg = 0.0
VG_std = 0.0
C_avg = 2.0
C_std = 0.1
CG_avg = 10.0
CG_std = 0.0
R_avg = 20.0
R_std = 13.0
custom_rh = ""
custom_rv = ""
custom_ch = ""
custom_cv = ""
RG_avg = 500.0
RG_std = 0.0
n0_avg = 0.0
n0_std = 0.0
Q0_avg = 0.0
Q0_std = 0.0
----Array Parameters-----
Rows: 10
Columns: 10
VG: [[0.]
 [0.]
 [0.]
 [0.]
 [0.]
 [0.]
 [0.]
 [0.]
 [0.]
 [0.]
 [0.]
 [0.]
 [0.]
 [0.]
 [0.]
 [0.]
 [0.]
 [0.]
 [0.]
 [0.]
 [0.]
 [0.]
 [0.]
 [0.]
 [0.]
 [0.]
 [0.]
 [0.]
 [0.]
 [0.]
 [0.]
 [0.]
 [0.]
 [0.]
 [0.]
 [0.]
 [0.]
 [0.]
 [0.]
 [0.]
 [0.]
 [0.]
 [0.]
 [0.]
 [0.]
 [0.]
 [0.]
 [0.]
 [0.]
 [0.]
 [0.]
 [0.]
 [0.]
 [0.]
 [0.]
 [0.]
 [0.]
 [0.]
 [0.]
 [0.]
 [0.]
 [0.]
 [0.]
 [0.]
 [0.]
 [0.]
 [0.]
 [0.]
 [0.]
 [0.]
 [0.]
 [0.]
 [0.]
 [0.]
 [0.]
 [0.]
 [0.]
 [0.]
 [0.]
 [0.]
 [0.]
 [0.]
 [0.]
 [0.]
 [0.]
 [0.]
 [0.]
 [0.]
 [0.]
 [0.]
 [0.]
 [0.]
 [0.]
 [0.]
 [0.]
 [0.]
 [0.]
 [0.]
 [0.]
 [0.]]
CG: [[10.]
 [10.]
 [10.]
 [10.]
 [10.]
 [10.]
 [10.]
 [10.]
 [10.]
 [10.]
 [10.]
 [10.]
 [10.]
 [10.]
 [10.]
 [10.]
 [10.]
 [10.]
 [10.]
 [10.]
 [10.]
 [10.]
 [10.]
 [10.]
 [10.]
 [10.]
 [10.]
 [10.]
 [10.]
 [10.]
 [10.]
 [10.]
 [10.]
 [10.]
 [10.]
 [10.]
 [10.]
 [10.]
 [10.]
 [10.]
 [10.]
 [10.]
 [10.]
 [10.]
 [10.]
 [10.]
 [10.]
 [10.]
 [10.]
 [10.]
 [10.]
 [10.]
 [10.]
 [10.]
 [10.]
 [10.]
 [10.]
 [10.]
 [10.]
 [10.]
 [10.]
 [10.]
 [10.]
 [10.]
 [10.]
 [10.]
 [10.]
 [10.]
 [10.]
 [10.]
 [10.]
 [10.]
 [10.]
 [10.]
 [10.]
 [10.]
 [10.]
 [10.]
 [10.]
 [10.]
 [10.]
 [10.]
 [10.]
 [10.]
 [10.]
 [10.]
 [10.]
 [10.]
 [10.]
 [10.]
 [10.]
 [10.]
 [10.]
 [10.]
 [10.]
 [10.]
 [10.]
 [10.]
 [10.]
 [10.]]
RG: [[500.]
 [500.]
 [500.]
 [500.]
 [500.]
 [500.]
 [500.]
 [500.]
 [500.]
 [500.]
 [500.]
 [500.]
 [500.]
 [500.]
 [500.]
 [500.]
 [500.]
 [500.]
 [500.]
 [500.]
 [500.]
 [500.]
 [500.]
 [500.]
 [500.]
 [500.]
 [500.]
 [500.]
 [500.]
 [500.]
 [500.]
 [500.]
 [500.]
 [500.]
 [500.]
 [500.]
 [500.]
 [500.]
 [500.]
 [500.]
 [500.]
 [500.]
 [500.]
 [500.]
 [500.]
 [500.]
 [500.]
 [500.]
 [500.]
 [500.]
 [500.]
 [500.]
 [500.]
 [500.]
 [500.]
 [500.]
 [500.]
 [500.]
 [500.]
 [500.]
 [500.]
 [500.]
 [500.]
 [500.]
 [500.]
 [500.]
 [500.]
 [500.]
 [500.]
 [500.]
 [500.]
 [500.]
 [500.]
 [500.]
 [500.]
 [500.]
 [500.]
 [500.]
 [500.]
 [500.]
 [500.]
 [500.]
 [500.]
 [500.]
 [500.]
 [500.]
 [500.]
 [500.]
 [500.]
 [500.]
 [500.]
 [500.]
 [500.]
 [500.]
 [500.]
 [500.]
 [500.]
 [500.]
 [500.]
 [500.]]
Ch: [[2.09710739 2.06597199 2.03695505 2.09718375 1.96600938 2.03401889
  1.96907991 1.92082667 2.09516351 2.08195604 1.95610294]
 [2.04353277 1.98260498 2.04166915 1.97224991 2.0339969  2.06894839
  2.02596628 2.08582852 1.90554553 1.99040346 1.98884034]
 [1.98184194 2.03151519 1.90498765 1.97456653 1.92975888 2.09447999
  1.94847508 1.98910021 1.94147245 1.9404718  2.0743366 ]
 [2.00462904 2.07258669 2.09866399 2.04905295 2.07519856 1.92079445
  1.97381396 1.94031256 2.0196337  2.05376502 1.92373507]
 [1.98222976 1.94899425 2.02466228 1.92276962 2.02962171 2.02383866
  1.93992568 2.03662001 1.97461145 2.06767395 2.02865158]
 [2.02680126 1.96364755 1.93437989 2.01754922 1.95910316 2.09340704
  1.97709296 1.93966161 1.90280405 1.9727628  2.04050861]
 [1.99914422 2.00312668 1.95414556 1.975208   2.03854958 1.97150896
  2.00263411 2.04141638 1.90778869 2.09551775 1.9040775 ]
 [2.09616328 2.03838267 1.97468496 1.98880573 1.90141259 1.99847544
  1.97386886 2.06602479 2.08134378 1.91294617 1.99635433]
 [1.99427173 2.06636068 2.00833417 1.91340515 1.95348996 1.98455601
  2.01138117 1.92980583 1.99390672 2.08694524 1.99757635]
 [2.02323861 1.95567513 2.08133108 1.97023727 1.97545783 1.99925726
  1.95888929 2.06932829 2.02042992 2.09835012 1.91514691]]
Cv: [[0.         0.         0.         0.         0.         0.
  0.         0.         0.         0.        ]
 [1.95996238 1.91701962 2.02945662 2.00836553 1.95885807 1.98693295
  1.99264006 1.91011636 1.95761748 2.09413625]
 [1.9140224  1.91323677 2.09429939 1.90068813 2.05476947 1.92211281
  1.92401581 1.90083565 2.06000666 2.0389409 ]
 [2.00478922 2.07432027 2.08673778 1.99435157 2.00432252 1.90843215
  1.95857214 2.05487239 1.91020414 1.98675348]
 [1.90321483 2.06066942 2.03164347 1.96813495 2.06666328 1.97334723
  2.08140582 2.04625772 1.90853131 2.04205422]
 [1.91718809 2.04695525 1.9305706  1.90696453 2.01051839 1.99912492
  1.90484878 2.04431785 2.09653127 2.05396842]
 [1.92302545 2.02025856 1.97485404 1.98849923 1.97210772 1.91618606
  2.01120071 2.0547597  1.91553599 2.0771176 ]
 [1.97270534 2.04472874 1.98670459 1.98660254 2.02375718 1.95847661
  1.97296333 1.93040903 1.9737613  2.0061335 ]
 [1.97895952 1.96285218 2.00667332 1.92867119 2.09007151 1.98356883
  1.970884   1.92259162 2.08785559 1.93921179]
 [1.93877127 1.96453622 2.07255983 1.92744941 2.00111741 1.90305345
  2.0362292  1.90568018 2.00482315 2.08635155]]
Rh: [[32.55395689 13.7680043  11.13671961  7.31443728 32.38524782 11.03055383
  22.90020907 11.19024892 28.47546312 31.70908989 10.99408834]
 [15.55948509 21.86710235 30.99991113 27.74752468 11.62827919 17.77556767
  28.84069873 13.89695263 30.01227611 26.42992144 29.56496589]
 [24.09010424 22.23453883 31.95397631  7.23785077 11.29491407  7.39762965
  19.95489225 23.39126921 11.94337264 14.15902001  7.6147767 ]
 [22.64119363 21.22556491 30.04930599 26.18752349 19.23397954 25.3912656
  12.68757717 24.95780396 28.05781998  8.9066303   7.77884754]
 [ 7.2548911  23.94753244 10.43722647 26.33981688 11.02116796 32.65649741
  32.02823773 18.37842113  9.27159347 20.61664467 18.3951585 ]
 [24.69720925 20.54848165 21.74199618 19.74010404 24.89353744 30.65504132
  15.94258657 17.68461793 20.20219025 20.2011413   9.15433688]
 [22.9677317  24.27798907  8.98342115 29.92985537 11.94332631 20.6283762
  29.16116289 20.97837516  8.88016388  7.13368067 11.6110701 ]
 [ 9.06453788 29.17019695 15.04528182  9.54375836  9.26981209 22.74658466
  28.63450868 13.81977411  7.55048061 12.51010063 10.58977605]
 [18.13900253 11.0654965   7.87993566  7.32035759 21.63722771 14.6166801
  31.78291874 10.33702384  9.56829687 11.202663   25.12109577]
 [ 7.13025385 23.88706612  8.34810658  8.31591618 18.45535128 20.90013769
  21.58435418 16.66813857 28.39729573 20.78084974 31.60025241]]
Rv: [[15.40505193 12.61046485 28.81247167  8.85100219 32.41052212  8.09795476
   7.12771354 20.93408135 21.72015815 10.77735161]
 [21.33137019  7.84367448 30.72461247 19.48486958 17.32370086 19.30467388
   7.12662907 21.21523822 13.55522992  8.55215393]
 [30.74171018 17.68550987  7.18124768 14.65264273 19.38373453 25.96438355
  16.70243483  9.00580768  9.08824157 25.38020819]
 [11.52124782 12.4092795  10.50149996 30.87225029  8.36730378 14.05513653
  13.00767093 13.32824641  8.71691724 17.35633852]
 [ 7.84885082 15.03634008 29.80339906 28.8599861   8.29920722 20.175484
  13.21977246  7.77923666 21.3074934   9.70332283]
 [30.68376446 25.84124843 29.2862386   7.15696906 25.16337511 21.57223196
   7.71595467 10.73536543  9.70357975 27.03656022]
 [28.18347468 24.82360424 20.33580653 27.58625842 12.32607071  8.80063095
   9.59915054 18.35127513 17.03007938  9.68708012]
 [10.69232564  7.65269147 18.11446519 14.88109108 12.66755347  7.69636471
  14.89114403 16.31867727 30.17231981  8.23484737]
 [ 9.35825075  9.86829367 18.40917566 17.26197053 26.73117781  8.33424562
   9.1617113   9.07533516 10.8160744  11.56454792]]