-------Running parameters--------
T = 0.001
temperature_gradient = 0.0
gap = 0.0
M = 10
N = 10
VR = 0.0
Vmin = 0.0
Vmax = 1.1
vStep = 0.001
vSym = True
repeats = 50
fileName = array_10_10_disorder_c_std_0.1_r_std_5_run_6
dist = exp
fullOutput = True
use_graph = False
current_map = True
plot_current_map = False
plot_binary_current_map = False
frame_norm = False
dbg = False
resume = False
sc = False
leaping = False
constQ = False
modifyR = False
double_time = False
double_loop = False
output_folder = bgu_2d_finite_temperature_different_disorders_statistics
params_path = 
VG_avg = 0.0
VG_std = 0.0
C_avg = 2.0
C_std = 0.1
CG_avg = 10.0
CG_std = 0.0
R_avg = 10.0
R_std = 5.0
custom_rh = ""
custom_rv = ""
custom_ch = ""
custom_cv = ""
RG_avg = 500.0
RG_std = 0.0
n0_avg = 0.0
n0_std = 0.0
Q0_avg = 0.0
Q0_std = 0.0
----Array Parameters-----
Rows: 10
Columns: 10
VG: [[0.]
 [0.]
 [0.]
 [0.]
 [0.]
 [0.]
 [0.]
 [0.]
 [0.]
 [0.]
 [0.]
 [0.]
 [0.]
 [0.]
 [0.]
 [0.]
 [0.]
 [0.]
 [0.]
 [0.]
 [0.]
 [0.]
 [0.]
 [0.]
 [0.]
 [0.]
 [0.]
 [0.]
 [0.]
 [0.]
 [0.]
 [0.]
 [0.]
 [0.]
 [0.]
 [0.]
 [0.]
 [0.]
 [0.]
 [0.]
 [0.]
 [0.]
 [0.]
 [0.]
 [0.]
 [0.]
 [0.]
 [0.]
 [0.]
 [0.]
 [0.]
 [0.]
 [0.]
 [0.]
 [0.]
 [0.]
 [0.]
 [0.]
 [0.]
 [0.]
 [0.]
 [0.]
 [0.]
 [0.]
 [0.]
 [0.]
 [0.]
 [0.]
 [0.]
 [0.]
 [0.]
 [0.]
 [0.]
 [0.]
 [0.]
 [0.]
 [0.]
 [0.]
 [0.]
 [0.]
 [0.]
 [0.]
 [0.]
 [0.]
 [0.]
 [0.]
 [0.]
 [0.]
 [0.]
 [0.]
 [0.]
 [0.]
 [0.]
 [0.]
 [0.]
 [0.]
 [0.]
 [0.]
 [0.]
 [0.]]
CG: [[10.]
 [10.]
 [10.]
 [10.]
 [10.]
 [10.]
 [10.]
 [10.]
 [10.]
 [10.]
 [10.]
 [10.]
 [10.]
 [10.]
 [10.]
 [10.]
 [10.]
 [10.]
 [10.]
 [10.]
 [10.]
 [10.]
 [10.]
 [10.]
 [10.]
 [10.]
 [10.]
 [10.]
 [10.]
 [10.]
 [10.]
 [10.]
 [10.]
 [10.]
 [10.]
 [10.]
 [10.]
 [10.]
 [10.]
 [10.]
 [10.]
 [10.]
 [10.]
 [10.]
 [10.]
 [10.]
 [10.]
 [10.]
 [10.]
 [10.]
 [10.]
 [10.]
 [10.]
 [10.]
 [10.]
 [10.]
 [10.]
 [10.]
 [10.]
 [10.]
 [10.]
 [10.]
 [10.]
 [10.]
 [10.]
 [10.]
 [10.]
 [10.]
 [10.]
 [10.]
 [10.]
 [10.]
 [10.]
 [10.]
 [10.]
 [10.]
 [10.]
 [10.]
 [10.]
 [10.]
 [10.]
 [10.]
 [10.]
 [10.]
 [10.]
 [10.]
 [10.]
 [10.]
 [10.]
 [10.]
 [10.]
 [10.]
 [10.]
 [10.]
 [10.]
 [10.]
 [10.]
 [10.]
 [10.]
 [10.]]
RG: [[500.]
 [500.]
 [500.]
 [500.]
 [500.]
 [500.]
 [500.]
 [500.]
 [500.]
 [500.]
 [500.]
 [500.]
 [500.]
 [500.]
 [500.]
 [500.]
 [500.]
 [500.]
 [500.]
 [500.]
 [500.]
 [500.]
 [500.]
 [500.]
 [500.]
 [500.]
 [500.]
 [500.]
 [500.]
 [500.]
 [500.]
 [500.]
 [500.]
 [500.]
 [500.]
 [500.]
 [500.]
 [500.]
 [500.]
 [500.]
 [500.]
 [500.]
 [500.]
 [500.]
 [500.]
 [500.]
 [500.]
 [500.]
 [500.]
 [500.]
 [500.]
 [500.]
 [500.]
 [500.]
 [500.]
 [500.]
 [500.]
 [500.]
 [500.]
 [500.]
 [500.]
 [500.]
 [500.]
 [500.]
 [500.]
 [500.]
 [500.]
 [500.]
 [500.]
 [500.]
 [500.]
 [500.]
 [500.]
 [500.]
 [500.]
 [500.]
 [500.]
 [500.]
 [500.]
 [500.]
 [500.]
 [500.]
 [500.]
 [500.]
 [500.]
 [500.]
 [500.]
 [500.]
 [500.]
 [500.]
 [500.]
 [500.]
 [500.]
 [500.]
 [500.]
 [500.]
 [500.]
 [500.]
 [500.]
 [500.]]
Ch: [[1.91299414 2.02046859 1.94567453 2.09437201 2.09125983 2.02951134
  2.09513645 1.98871748 1.9684615  2.08238846 1.92799071]
 [2.08742355 2.07889928 2.09094653 2.06713392 1.92175609 1.97111021
  2.02310276 2.08777443 1.98441141 2.08327836 1.97224578]
 [2.00026326 2.072621   2.08068517 2.01412819 1.91820829 2.0773491
  1.97873077 1.90959735 1.99969328 2.06764623 1.95180675]
 [1.90999944 1.91806836 2.00874865 2.01173943 1.94321101 2.0761172
  1.96874137 1.94372578 2.02246931 1.95912763 2.06698785]
 [1.94513418 1.98090592 1.96827514 1.96728181 2.04937752 2.09082582
  1.97482462 2.07615601 1.96383856 2.01270321 2.00291321]
 [1.93576492 1.9786024  1.90625389 2.00475287 2.0798629  1.97708305
  2.02535964 2.06676411 2.05590651 1.99771097 2.03379077]
 [1.96667404 2.09827942 2.06490631 1.95814691 2.01098933 1.91747762
  1.99516669 2.06541346 2.05826687 2.0241247  1.9607899 ]
 [2.02356255 1.93550902 1.9563662  2.02051686 2.09922066 2.01688602
  1.90422472 2.0789771  1.93690941 2.00324043 1.97205754]
 [2.07512685 1.96604945 2.06433721 1.95502328 1.94952352 2.09394315
  2.04274822 1.97937423 2.00328638 1.9000901  1.94946553]
 [1.98025232 1.98693285 2.08293656 1.92333311 2.04350803 2.02398017
  2.00239096 1.95477109 2.07599415 1.92056164 2.03924446]]
Cv: [[0.         0.         0.         0.         0.         0.
  0.         0.         0.         0.        ]
 [2.07301862 2.02770626 1.92772908 2.04688586 2.02364616 2.03092027
  1.97410837 2.05090634 1.96228838 1.91731318]
 [2.07789763 2.04833152 2.0126086  2.06897609 1.96970756 1.93346397
  1.9269891  1.95621973 1.90085181 1.98052157]
 [2.03108103 2.03676179 1.95537803 1.99914834 2.042293   1.97790416
  1.94922755 2.0476773  1.98598415 1.97894338]
 [2.01554642 2.02573158 2.02798519 1.99296058 2.0443439  2.06953906
  1.91343949 2.06188308 1.96753889 1.94895367]
 [1.94562073 2.07939229 2.08145696 1.91323375 1.98446871 2.00595174
  1.93231709 2.05648674 2.00291537 1.92539705]
 [1.91568745 1.92449964 2.05447214 1.91065224 1.92090814 2.03548412
  1.98886552 2.03366539 1.91753729 2.03949313]
 [2.07387892 1.92243185 2.00593147 2.01436816 1.92805116 1.93837031
  2.02884308 1.90240626 2.04069458 2.06416632]
 [2.03243098 2.00439813 2.06360389 1.92285715 2.06037502 2.05412425
  1.99162429 1.95433422 2.0742649  1.98277061]
 [2.05423787 2.04414692 2.05532705 1.93759146 2.07238638 1.98498759
  2.08772599 2.09940459 1.97859597 2.08760704]]
Rh: [[13.38957289  5.87234307 11.85570608 10.7373248  14.42941736  9.22485736
   8.13081352 12.51137677  9.32699651 11.76045645  5.00065882]
 [14.05755644 12.11715053 10.73557761  5.03091391  9.39995651  7.76507887
  14.98393387  8.04248899  9.23882979  8.55522903  6.23594161]
 [ 8.56248915  6.71300105 13.27273407  9.61198014  9.62180471  5.11705987
   5.44116608 14.12537956  6.48790134  7.5538983  12.69805381]
 [14.55853297 11.38395627  7.44999078 13.23492797 13.35345331  7.92674023
   8.61984369 14.50977388  7.04740575  9.61609273  8.15876589]
 [11.94937234 12.04719811 11.58336953  9.12055735  7.43143668 11.70580292
   7.66533321  9.46646501 14.22530767  8.51000153 10.2717893 ]
 [ 6.42748139 10.81547097  7.68019798  8.82566514  7.84874794  9.81059805
  11.18922411  9.51091547  8.38673191 13.3650109  14.44889635]
 [10.56599134 12.37507991  7.36301567  7.29187168  8.24821836  6.26650919
  12.59020756 12.83920031  6.60034873  5.84799987  6.47931049]
 [ 8.04066992 11.45259874  5.43499961 11.18217638 13.53056579  7.39497084
   7.4909079   6.7766269  11.22687166 14.43757415  5.68476723]
 [ 7.29804041  5.67848689  9.57048874 12.11418702  5.53866405  6.04500762
  10.10581032  5.74496349 11.27644782 11.3799902   6.15177423]
 [10.77586878  7.47535646 10.25106318  5.75604699  6.85396814  5.28265555
  13.66349461  6.16073387  6.00762411  6.84067493  5.51590896]]
Rv: [[ 6.37529697 14.91845204 10.93525301  6.98290937 12.45520385  8.63436894
   9.82144454 14.52042721 14.1545925  11.36075512]
 [ 8.34615751 12.07256098 13.21914346  5.94045991 13.16308837  6.19431846
   7.77206332  5.89208892 14.45174173 11.71853165]
 [12.67448829  9.67467295  5.29133888 13.21158894  9.65097914  6.14916508
   9.57710429 13.03705903 14.88381759 11.24176781]
 [ 5.2770115   7.42100209 14.6277377  11.70204254  6.25683913  7.03270127
  14.65852711  5.65850186 13.13430367  8.45195353]
 [ 8.18533383  8.78003725  6.04332513  6.72075446  5.32526876  6.85802311
  12.01497453  8.69044695  7.46738945 12.69694029]
 [ 6.19993859  7.10300176  7.73532454 11.84084956 13.68460484  6.92740846
   6.92260641  5.31896893  7.60784118  5.99406486]
 [ 6.05932001  7.91955878  9.652005    7.60988044  5.77785906 10.65759822
   8.49371341  9.92041708  5.48925005  5.59817539]
 [14.90904345  5.60778021 12.18557017 13.90623648  8.95064216 10.86548771
   8.75235983 10.57903121  7.30093017 11.02227594]
 [ 6.84188894  8.64496432 13.19207087 11.15050197  8.48951673  6.53069485
   7.34850252  9.93380574  6.63978491 14.55204016]]