-------Running parameters--------
T = 0.001
temperature_gradient = 0.0
gap = 0.0
M = 10
N = 10
VR = 0.0
Vmin = 0.0
Vmax = 1.1
vStep = 0.001
vSym = True
repeats = 50
fileName = array_10_10_disorder_c_std_0.1_r_std_7.5_run_4
dist = exp
fullOutput = True
use_graph = False
current_map = True
plot_current_map = False
plot_binary_current_map = False
frame_norm = False
dbg = False
resume = False
sc = False
leaping = False
constQ = False
modifyR = False
double_time = False
double_loop = False
output_folder = bgu_2d_finite_temperature_different_disorders_statistics
params_path = 
VG_avg = 0.0
VG_std = 0.0
C_avg = 2.0
C_std = 0.1
CG_avg = 10.0
CG_std = 0.0
R_avg = 10.0
R_std = 7.5
custom_rh = ""
custom_rv = ""
custom_ch = ""
custom_cv = ""
RG_avg = 500.0
RG_std = 0.0
n0_avg = 0.0
n0_std = 0.0
Q0_avg = 0.0
Q0_std = 0.0
----Array Parameters-----
Rows: 10
Columns: 10
VG: [[0.]
 [0.]
 [0.]
 [0.]
 [0.]
 [0.]
 [0.]
 [0.]
 [0.]
 [0.]
 [0.]
 [0.]
 [0.]
 [0.]
 [0.]
 [0.]
 [0.]
 [0.]
 [0.]
 [0.]
 [0.]
 [0.]
 [0.]
 [0.]
 [0.]
 [0.]
 [0.]
 [0.]
 [0.]
 [0.]
 [0.]
 [0.]
 [0.]
 [0.]
 [0.]
 [0.]
 [0.]
 [0.]
 [0.]
 [0.]
 [0.]
 [0.]
 [0.]
 [0.]
 [0.]
 [0.]
 [0.]
 [0.]
 [0.]
 [0.]
 [0.]
 [0.]
 [0.]
 [0.]
 [0.]
 [0.]
 [0.]
 [0.]
 [0.]
 [0.]
 [0.]
 [0.]
 [0.]
 [0.]
 [0.]
 [0.]
 [0.]
 [0.]
 [0.]
 [0.]
 [0.]
 [0.]
 [0.]
 [0.]
 [0.]
 [0.]
 [0.]
 [0.]
 [0.]
 [0.]
 [0.]
 [0.]
 [0.]
 [0.]
 [0.]
 [0.]
 [0.]
 [0.]
 [0.]
 [0.]
 [0.]
 [0.]
 [0.]
 [0.]
 [0.]
 [0.]
 [0.]
 [0.]
 [0.]
 [0.]]
CG: [[10.]
 [10.]
 [10.]
 [10.]
 [10.]
 [10.]
 [10.]
 [10.]
 [10.]
 [10.]
 [10.]
 [10.]
 [10.]
 [10.]
 [10.]
 [10.]
 [10.]
 [10.]
 [10.]
 [10.]
 [10.]
 [10.]
 [10.]
 [10.]
 [10.]
 [10.]
 [10.]
 [10.]
 [10.]
 [10.]
 [10.]
 [10.]
 [10.]
 [10.]
 [10.]
 [10.]
 [10.]
 [10.]
 [10.]
 [10.]
 [10.]
 [10.]
 [10.]
 [10.]
 [10.]
 [10.]
 [10.]
 [10.]
 [10.]
 [10.]
 [10.]
 [10.]
 [10.]
 [10.]
 [10.]
 [10.]
 [10.]
 [10.]
 [10.]
 [10.]
 [10.]
 [10.]
 [10.]
 [10.]
 [10.]
 [10.]
 [10.]
 [10.]
 [10.]
 [10.]
 [10.]
 [10.]
 [10.]
 [10.]
 [10.]
 [10.]
 [10.]
 [10.]
 [10.]
 [10.]
 [10.]
 [10.]
 [10.]
 [10.]
 [10.]
 [10.]
 [10.]
 [10.]
 [10.]
 [10.]
 [10.]
 [10.]
 [10.]
 [10.]
 [10.]
 [10.]
 [10.]
 [10.]
 [10.]
 [10.]]
RG: [[500.]
 [500.]
 [500.]
 [500.]
 [500.]
 [500.]
 [500.]
 [500.]
 [500.]
 [500.]
 [500.]
 [500.]
 [500.]
 [500.]
 [500.]
 [500.]
 [500.]
 [500.]
 [500.]
 [500.]
 [500.]
 [500.]
 [500.]
 [500.]
 [500.]
 [500.]
 [500.]
 [500.]
 [500.]
 [500.]
 [500.]
 [500.]
 [500.]
 [500.]
 [500.]
 [500.]
 [500.]
 [500.]
 [500.]
 [500.]
 [500.]
 [500.]
 [500.]
 [500.]
 [500.]
 [500.]
 [500.]
 [500.]
 [500.]
 [500.]
 [500.]
 [500.]
 [500.]
 [500.]
 [500.]
 [500.]
 [500.]
 [500.]
 [500.]
 [500.]
 [500.]
 [500.]
 [500.]
 [500.]
 [500.]
 [500.]
 [500.]
 [500.]
 [500.]
 [500.]
 [500.]
 [500.]
 [500.]
 [500.]
 [500.]
 [500.]
 [500.]
 [500.]
 [500.]
 [500.]
 [500.]
 [500.]
 [500.]
 [500.]
 [500.]
 [500.]
 [500.]
 [500.]
 [500.]
 [500.]
 [500.]
 [500.]
 [500.]
 [500.]
 [500.]
 [500.]
 [500.]
 [500.]
 [500.]
 [500.]]
Ch: [[2.00335838 2.03745665 1.91572109 1.99830868 1.95464029 1.92107062
  2.07059497 2.00286247 1.94953472 2.05982668 1.9385436 ]
 [1.99780031 2.03039462 1.99345933 2.05144302 2.05914284 1.90729394
  2.01875294 2.08261645 2.04622538 1.95270086 1.99117219]
 [1.95932946 1.95992195 1.99964738 1.96411382 2.0523156  2.00045854
  1.92656883 1.91574339 1.94152193 2.03305834 2.08434068]
 [1.91951171 1.97470978 1.98857843 1.98671121 1.92082046 1.95812602
  2.03538642 1.91406841 1.92694085 1.9523435  2.05611401]
 [1.96191307 1.94903752 1.90268971 2.02271139 1.92628587 1.92959361
  1.94264155 2.02115641 2.04721504 2.03904642 2.05264909]
 [1.96524321 1.99761353 2.07746835 2.04983074 1.9251886  1.94470775
  2.08426007 2.03167386 2.08751007 1.94926607 2.0674349 ]
 [1.90374089 1.94942067 2.01207181 2.07179839 1.96023247 2.03231205
  2.01581547 2.04748292 1.91514727 1.90678139 1.98716321]
 [2.05924279 2.05894858 1.96780867 2.03479244 1.93044979 1.93244707
  1.97698701 2.0672553  2.07246637 1.91444591 2.08488827]
 [1.92987909 1.96568761 2.06180613 1.95578673 2.04452559 2.0394552
  1.96496306 2.02771396 2.0422644  2.05668891 2.02086266]
 [2.0923512  1.91353321 2.0191736  2.08344755 1.98682903 2.03090943
  2.08868787 2.03611721 2.07754725 2.0055091  1.99546244]]
Cv: [[0.         0.         0.         0.         0.         0.
  0.         0.         0.         0.        ]
 [1.95429602 1.97665842 2.09795197 2.03240947 1.9658003  2.07538805
  1.96754878 2.02382888 1.92084722 2.08703489]
 [2.00926512 1.93445299 1.95994027 1.98778607 2.01368215 1.92515107
  1.9166445  2.09946388 1.94321455 2.06873078]
 [1.97236058 2.00449129 2.00834957 1.93647456 2.02756782 1.97516025
  2.08987406 2.0346819  1.95362211 2.05053257]
 [1.95349307 2.00757577 2.07367998 2.09270238 2.07607604 1.9601346
  1.98436755 1.99958065 2.06382664 2.09402004]
 [1.90492542 2.04983106 2.00961977 1.92363136 2.00503081 2.03232456
  2.09393194 2.08627244 1.98326782 2.05333412]
 [2.01945539 2.05035418 1.95054386 2.08935363 2.04966973 1.95555458
  2.03908287 2.06783578 2.09241101 1.97749873]
 [1.90713797 2.01015907 2.06760174 2.00519318 2.07575566 2.04403369
  1.90137557 1.93657386 1.99946617 1.90648612]
 [2.02603149 1.90486895 2.07794782 1.9601067  1.98248742 1.91916274
  2.08514556 2.07405715 2.03668439 2.06998543]
 [2.07769577 1.93757607 1.93935838 1.99294992 1.92572315 1.9701063
  1.90690876 2.08672374 1.9357365  2.09284338]]
Rh: [[10.85447141  5.8612266   8.97734696  8.17823968  9.667914    2.72880169
  12.55290901  9.55869647  7.48707989  7.83897705  5.01175372]
 [ 3.90011087 14.99626814 13.88578057  6.19225526 12.36886075  5.92793292
   3.76435977  5.17291867  7.44603649 10.07781965  4.74652523]
 [ 7.30372844  4.61406666  3.33152478 15.08119477  9.45425079  7.70625513
   5.13831841  4.30052812  8.79446569 11.32333987  2.76647345]
 [ 4.89792439  4.62638223  7.74082273  3.2114865   6.37858988 10.53945578
   7.58505473  8.48145518 15.36340081  8.30254487  3.28051738]
 [ 6.86667815  2.99649174 15.98944653  5.54964529  8.82398149 11.45213623
   8.65570177  3.06991319  7.05672036  5.27897428  7.41099234]
 [13.26743656 11.74932114 16.15747411  3.56860861 17.117707    5.49540308
   2.88935042  6.69400461 13.23500033  3.27352266 16.91646256]
 [ 3.25727156  2.91463828 13.72350357  8.88118089  4.65402714  7.48947553
   8.50131269  9.84351303  6.76388601  7.9261575   6.71134534]
 [ 5.28369553 16.36835432  2.6103755   2.76592855  3.5034017   4.6503352
   4.28019829  9.57371007  3.93700809  5.40448468  7.41923436]
 [ 3.39307137  9.81197505  3.12617195  6.1351099   3.5457458   4.21233822
   2.99304172 10.04371891  9.27808256  2.83397989  2.99298395]
 [ 2.64066257  9.35290364  6.14469674  4.22555349  5.03612412 13.29241214
   4.76471735 10.79370237  4.42372892  3.46218329  6.75504986]]
Rv: [[ 3.76516572  7.62021788  4.12934662  4.66606163  6.75193984 12.12633771
   6.2439196  11.20057372  4.85948237  8.46177265]
 [ 2.54774953  4.08058583  4.23779226  4.02471098  3.76300401  4.80822817
  10.52284917  8.36631117  4.49438454  5.33871608]
 [10.90578638 10.63745935  8.24717246  8.609373   10.83160226 11.44295816
  12.45703642  7.5072266   3.69574339  6.07892553]
 [ 4.05333763 10.22295473 10.65039188 10.68122605 11.81391734 12.8486504
   5.03701671  8.06382146  2.53519895 15.66959641]
 [ 2.80276051 13.8533845   7.33568186  5.15424047  4.09855447  5.05660608
  13.97501988  8.3276456  16.61436366  3.56512011]
 [ 7.14948347  3.36188108  6.39227352 16.68188725 13.55367781  3.13190423
  10.53994468  3.51884621  6.17893464 12.55747776]
 [ 6.07634357  2.54685866  3.21111355 13.12702525  9.63062153  6.03074572
   6.65696538  9.82003302  5.37681236  3.43516485]
 [ 2.50684161  4.42873899  9.46100982  6.5766888  12.53110865  6.97354209
  12.62000759  2.68209563 14.49150288 17.28560668]
 [12.29633637 12.37145922  5.06075511  3.67857018 10.66349382  7.14379717
   9.73588824  6.66943843  6.56565458  6.94103278]]