-------Running parameters--------
T = 0.001
temperature_gradient = 0.0
gap = 0.0
M = 10
N = 10
VR = 0.0
Vmin = 0.0
Vmax = 1.1
vStep = 0.001
vSym = True
repeats = 50
fileName = array_10_10_disorder_c_std_0.1_r_std_19_run_7
dist = exp
fullOutput = True
use_graph = False
current_map = True
plot_current_map = False
plot_binary_current_map = False
frame_norm = False
dbg = False
resume = False
sc = False
leaping = False
constQ = False
modifyR = False
double_time = False
double_loop = False
output_folder = bgu_2d_finite_temperature_different_disorders_statistics
params_path = 
VG_avg = 0.0
VG_std = 0.0
C_avg = 2.0
C_std = 0.1
CG_avg = 10.0
CG_std = 0.0
R_avg = 20.0
R_std = 19.0
custom_rh = ""
custom_rv = ""
custom_ch = ""
custom_cv = ""
RG_avg = 500.0
RG_std = 0.0
n0_avg = 0.0
n0_std = 0.0
Q0_avg = 0.0
Q0_std = 0.0
----Array Parameters-----
Rows: 10
Columns: 10
VG: [[0.]
 [0.]
 [0.]
 [0.]
 [0.]
 [0.]
 [0.]
 [0.]
 [0.]
 [0.]
 [0.]
 [0.]
 [0.]
 [0.]
 [0.]
 [0.]
 [0.]
 [0.]
 [0.]
 [0.]
 [0.]
 [0.]
 [0.]
 [0.]
 [0.]
 [0.]
 [0.]
 [0.]
 [0.]
 [0.]
 [0.]
 [0.]
 [0.]
 [0.]
 [0.]
 [0.]
 [0.]
 [0.]
 [0.]
 [0.]
 [0.]
 [0.]
 [0.]
 [0.]
 [0.]
 [0.]
 [0.]
 [0.]
 [0.]
 [0.]
 [0.]
 [0.]
 [0.]
 [0.]
 [0.]
 [0.]
 [0.]
 [0.]
 [0.]
 [0.]
 [0.]
 [0.]
 [0.]
 [0.]
 [0.]
 [0.]
 [0.]
 [0.]
 [0.]
 [0.]
 [0.]
 [0.]
 [0.]
 [0.]
 [0.]
 [0.]
 [0.]
 [0.]
 [0.]
 [0.]
 [0.]
 [0.]
 [0.]
 [0.]
 [0.]
 [0.]
 [0.]
 [0.]
 [0.]
 [0.]
 [0.]
 [0.]
 [0.]
 [0.]
 [0.]
 [0.]
 [0.]
 [0.]
 [0.]
 [0.]]
CG: [[10.]
 [10.]
 [10.]
 [10.]
 [10.]
 [10.]
 [10.]
 [10.]
 [10.]
 [10.]
 [10.]
 [10.]
 [10.]
 [10.]
 [10.]
 [10.]
 [10.]
 [10.]
 [10.]
 [10.]
 [10.]
 [10.]
 [10.]
 [10.]
 [10.]
 [10.]
 [10.]
 [10.]
 [10.]
 [10.]
 [10.]
 [10.]
 [10.]
 [10.]
 [10.]
 [10.]
 [10.]
 [10.]
 [10.]
 [10.]
 [10.]
 [10.]
 [10.]
 [10.]
 [10.]
 [10.]
 [10.]
 [10.]
 [10.]
 [10.]
 [10.]
 [10.]
 [10.]
 [10.]
 [10.]
 [10.]
 [10.]
 [10.]
 [10.]
 [10.]
 [10.]
 [10.]
 [10.]
 [10.]
 [10.]
 [10.]
 [10.]
 [10.]
 [10.]
 [10.]
 [10.]
 [10.]
 [10.]
 [10.]
 [10.]
 [10.]
 [10.]
 [10.]
 [10.]
 [10.]
 [10.]
 [10.]
 [10.]
 [10.]
 [10.]
 [10.]
 [10.]
 [10.]
 [10.]
 [10.]
 [10.]
 [10.]
 [10.]
 [10.]
 [10.]
 [10.]
 [10.]
 [10.]
 [10.]
 [10.]]
RG: [[500.]
 [500.]
 [500.]
 [500.]
 [500.]
 [500.]
 [500.]
 [500.]
 [500.]
 [500.]
 [500.]
 [500.]
 [500.]
 [500.]
 [500.]
 [500.]
 [500.]
 [500.]
 [500.]
 [500.]
 [500.]
 [500.]
 [500.]
 [500.]
 [500.]
 [500.]
 [500.]
 [500.]
 [500.]
 [500.]
 [500.]
 [500.]
 [500.]
 [500.]
 [500.]
 [500.]
 [500.]
 [500.]
 [500.]
 [500.]
 [500.]
 [500.]
 [500.]
 [500.]
 [500.]
 [500.]
 [500.]
 [500.]
 [500.]
 [500.]
 [500.]
 [500.]
 [500.]
 [500.]
 [500.]
 [500.]
 [500.]
 [500.]
 [500.]
 [500.]
 [500.]
 [500.]
 [500.]
 [500.]
 [500.]
 [500.]
 [500.]
 [500.]
 [500.]
 [500.]
 [500.]
 [500.]
 [500.]
 [500.]
 [500.]
 [500.]
 [500.]
 [500.]
 [500.]
 [500.]
 [500.]
 [500.]
 [500.]
 [500.]
 [500.]
 [500.]
 [500.]
 [500.]
 [500.]
 [500.]
 [500.]
 [500.]
 [500.]
 [500.]
 [500.]
 [500.]
 [500.]
 [500.]
 [500.]
 [500.]]
Ch: [[1.92873626 1.95634219 2.07843491 1.98126225 1.95937727 1.94444509
  2.01034831 1.92143611 2.0455549  1.95345591 2.02084087]
 [2.05891011 2.03978345 2.03319141 1.97189957 2.07888924 2.08196935
  1.98214967 1.98589248 2.08175936 2.0986167  2.082519  ]
 [2.09952159 1.94802407 1.90655947 2.09043087 1.96972558 1.98131011
  1.90081442 2.01592134 2.02696734 2.07933301 2.09132175]
 [1.91086935 1.90028982 1.98121267 1.93303848 1.93822717 2.01787619
  1.90867677 1.9150014  2.04293638 2.01004985 1.9351231 ]
 [1.90954206 2.01734296 1.91981732 2.05225759 2.07639748 1.91086107
  2.05959268 1.92834827 1.97171228 1.95682767 2.00730117]
 [1.92876139 2.0128511  1.93985083 1.91842335 2.09411969 2.04908703
  1.93136761 1.99387416 1.99541955 1.95592955 2.06097314]
 [1.97426178 2.07319751 1.99455841 2.05241681 2.02728455 2.01640551
  1.96757101 2.09459325 1.91844489 1.92944173 2.03570215]
 [2.01372604 2.0766376  2.08249149 2.08956655 2.06995926 1.98015062
  1.93484901 1.91109903 2.05426702 1.95304815 2.09638442]
 [1.92391841 2.08623486 2.03120962 2.01609839 1.96688018 2.04540587
  1.9331478  1.90504387 2.09083128 2.08256093 2.07012294]
 [1.93262573 2.09713162 1.92018126 1.93108316 2.03874021 1.95471024
  1.97721345 1.91067288 1.95159236 1.90762483 2.03516581]]
Cv: [[0.         0.         0.         0.         0.         0.
  0.         0.         0.         0.        ]
 [1.95953639 1.93140808 2.07710604 2.03493053 2.04247996 2.0377736
  2.09696959 1.97067358 1.90206058 2.05623314]
 [2.02094273 2.05003807 1.93756283 2.09298696 1.92632662 2.02648711
  1.92207237 2.09781091 1.98528507 1.97678384]
 [2.09485511 2.06408911 2.0667889  1.93214515 1.92193275 1.97129741
  2.03181575 1.96711939 1.97249906 2.05367631]
 [1.94213815 2.03334122 1.96242788 1.94302348 1.94713054 2.00932998
  1.92639371 1.96657907 2.04657603 2.02850672]
 [2.01853719 1.95649563 2.00807575 2.07485917 1.90193879 1.94564669
  2.04847293 1.94798516 2.02985671 2.09285934]
 [2.09814285 2.04989565 1.94810646 1.91289913 2.00798814 2.09789622
  1.94456331 1.93456028 2.01956994 1.96609802]
 [1.91372726 1.9941133  2.03690765 2.01230687 2.05037749 1.96271734
  1.98506273 1.92375897 1.94706421 1.98831775]
 [1.90224784 1.92865613 1.93989923 2.02049528 1.94524695 1.94235384
  2.02646057 1.901613   2.08890724 2.06684592]
 [1.91557225 1.99478143 1.94978759 1.97035249 2.08653935 2.08233722
  1.92161996 2.02768148 1.91269216 1.93117223]]
Rh: [[ 5.56397562  4.27166294 23.86546297  5.9977591   2.47184087  3.57269372
   3.25314072  2.65897024 16.14573493  3.09263929 32.44499226]
 [28.38772917  2.37816168  3.93870285  1.90725563  1.12968605 37.39525433
   3.21924005  1.34622282 30.19717942  1.45532489 13.24851279]
 [ 1.06839119 12.95529089  1.65450134 25.08011335 16.5461162   1.07623723
  25.31266961 11.34260591 12.68295765  8.62240217  4.38879739]
 [32.40212205  4.66724165  4.70687824 10.79173785  2.64404322  9.34448407
   8.79861944 13.41943523 11.91952289 19.03710907  6.99299911]
 [ 1.58463823 19.33858006 35.51647869  7.50922697  2.59983955  2.72708951
   4.40405787  1.61859756  2.5568904   9.29519511  1.7817423 ]
 [ 4.41822549 26.36220582  1.65742673  2.14227261  3.13233786  1.1416019
   1.15484567 10.33091351  8.48345211  9.77351857  8.01950683]
 [ 1.61568336  6.1202903   1.55216652  1.94602464  1.32705053  4.85617663
   1.52094233  6.7999776   1.73767967  1.97322176  1.00076585]
 [15.2369196   1.26395842 25.68744539 12.77698929  1.57154157  2.90752574
  15.2858876  32.20099278  1.18525316 11.57738072 23.12245216]
 [ 2.822238    2.12293211  1.81563157  9.7903638  13.26315184  4.26203362
  20.52376223 23.58911004  3.93688353 14.29639132 16.16559876]
 [ 4.23376046  5.35686863  8.55670042  5.34053762 12.35201577  4.10428584
  14.06932887  1.70002589  5.54873923  2.83135169  2.75934152]]
Rv: [[ 3.93211436 12.49646702  1.49450431  1.6864912   8.46558876  4.79443967
  24.83867663  9.95385385 12.97441044 31.1488118 ]
 [13.24783265 18.67599848 18.3933384   2.86987276  2.73526824  2.08284679
  17.49391595  6.53802719 20.27041669  3.31052277]
 [ 1.98774     9.72116741 19.55868108  1.11809506  2.46469116  2.7560578
   1.37680723 10.38622123 17.41683596 19.52633189]
 [ 9.4897834   3.56013187  6.73759199  3.86385586 28.39004734 38.39771441
  30.24305874  2.03092338  7.78609929 10.81615068]
 [ 4.63414021 18.06012748  1.73470893  4.60167092  2.98287912 23.80531671
  16.65961491  1.0960846   2.68690362  3.1223158 ]
 [ 1.12806634  1.1695088   1.64940376  8.94584162  6.02994134  4.12751643
  34.17362794  5.62347256  5.76943595 35.6050471 ]
 [ 1.837149    2.16011645  2.34747019  1.80007162  3.07354307  5.18632598
  32.27712974 17.83358606  2.18126807 11.0517621 ]
 [ 7.01993736  9.39344682 12.05089765  7.22724467  4.5373583   1.0125431
   8.33992753  1.05768033  1.9258903   3.63030631]
 [11.79085997 37.50828634 17.9150493   3.50760199 35.07332211 14.55841086
   5.94934925 13.17318951  2.56549543 32.15470748]]