-------Running parameters--------
T = 0.001
temperature_gradient = 0.0
gap = 0.0
M = 10
N = 10
VR = 0.0
Vmin = 0.0
Vmax = 1.1
vStep = 0.001
vSym = True
repeats = 50
fileName = array_10_10_disorder_c_std_0.1_r_std_6.5_run_6
dist = exp
fullOutput = True
use_graph = False
current_map = True
plot_current_map = False
plot_binary_current_map = False
frame_norm = False
dbg = False
resume = False
sc = False
leaping = False
constQ = False
modifyR = False
double_time = False
double_loop = False
output_folder = bgu_2d_finite_temperature_different_disorders_statistics
params_path = 
VG_avg = 0.0
VG_std = 0.0
C_avg = 2.0
C_std = 0.1
CG_avg = 10.0
CG_std = 0.0
R_avg = 10.0
R_std = 6.5
custom_rh = ""
custom_rv = ""
custom_ch = ""
custom_cv = ""
RG_avg = 500.0
RG_std = 0.0
n0_avg = 0.0
n0_std = 0.0
Q0_avg = 0.0
Q0_std = 0.0
----Array Parameters-----
Rows: 10
Columns: 10
VG: [[0.]
 [0.]
 [0.]
 [0.]
 [0.]
 [0.]
 [0.]
 [0.]
 [0.]
 [0.]
 [0.]
 [0.]
 [0.]
 [0.]
 [0.]
 [0.]
 [0.]
 [0.]
 [0.]
 [0.]
 [0.]
 [0.]
 [0.]
 [0.]
 [0.]
 [0.]
 [0.]
 [0.]
 [0.]
 [0.]
 [0.]
 [0.]
 [0.]
 [0.]
 [0.]
 [0.]
 [0.]
 [0.]
 [0.]
 [0.]
 [0.]
 [0.]
 [0.]
 [0.]
 [0.]
 [0.]
 [0.]
 [0.]
 [0.]
 [0.]
 [0.]
 [0.]
 [0.]
 [0.]
 [0.]
 [0.]
 [0.]
 [0.]
 [0.]
 [0.]
 [0.]
 [0.]
 [0.]
 [0.]
 [0.]
 [0.]
 [0.]
 [0.]
 [0.]
 [0.]
 [0.]
 [0.]
 [0.]
 [0.]
 [0.]
 [0.]
 [0.]
 [0.]
 [0.]
 [0.]
 [0.]
 [0.]
 [0.]
 [0.]
 [0.]
 [0.]
 [0.]
 [0.]
 [0.]
 [0.]
 [0.]
 [0.]
 [0.]
 [0.]
 [0.]
 [0.]
 [0.]
 [0.]
 [0.]
 [0.]]
CG: [[10.]
 [10.]
 [10.]
 [10.]
 [10.]
 [10.]
 [10.]
 [10.]
 [10.]
 [10.]
 [10.]
 [10.]
 [10.]
 [10.]
 [10.]
 [10.]
 [10.]
 [10.]
 [10.]
 [10.]
 [10.]
 [10.]
 [10.]
 [10.]
 [10.]
 [10.]
 [10.]
 [10.]
 [10.]
 [10.]
 [10.]
 [10.]
 [10.]
 [10.]
 [10.]
 [10.]
 [10.]
 [10.]
 [10.]
 [10.]
 [10.]
 [10.]
 [10.]
 [10.]
 [10.]
 [10.]
 [10.]
 [10.]
 [10.]
 [10.]
 [10.]
 [10.]
 [10.]
 [10.]
 [10.]
 [10.]
 [10.]
 [10.]
 [10.]
 [10.]
 [10.]
 [10.]
 [10.]
 [10.]
 [10.]
 [10.]
 [10.]
 [10.]
 [10.]
 [10.]
 [10.]
 [10.]
 [10.]
 [10.]
 [10.]
 [10.]
 [10.]
 [10.]
 [10.]
 [10.]
 [10.]
 [10.]
 [10.]
 [10.]
 [10.]
 [10.]
 [10.]
 [10.]
 [10.]
 [10.]
 [10.]
 [10.]
 [10.]
 [10.]
 [10.]
 [10.]
 [10.]
 [10.]
 [10.]
 [10.]]
RG: [[500.]
 [500.]
 [500.]
 [500.]
 [500.]
 [500.]
 [500.]
 [500.]
 [500.]
 [500.]
 [500.]
 [500.]
 [500.]
 [500.]
 [500.]
 [500.]
 [500.]
 [500.]
 [500.]
 [500.]
 [500.]
 [500.]
 [500.]
 [500.]
 [500.]
 [500.]
 [500.]
 [500.]
 [500.]
 [500.]
 [500.]
 [500.]
 [500.]
 [500.]
 [500.]
 [500.]
 [500.]
 [500.]
 [500.]
 [500.]
 [500.]
 [500.]
 [500.]
 [500.]
 [500.]
 [500.]
 [500.]
 [500.]
 [500.]
 [500.]
 [500.]
 [500.]
 [500.]
 [500.]
 [500.]
 [500.]
 [500.]
 [500.]
 [500.]
 [500.]
 [500.]
 [500.]
 [500.]
 [500.]
 [500.]
 [500.]
 [500.]
 [500.]
 [500.]
 [500.]
 [500.]
 [500.]
 [500.]
 [500.]
 [500.]
 [500.]
 [500.]
 [500.]
 [500.]
 [500.]
 [500.]
 [500.]
 [500.]
 [500.]
 [500.]
 [500.]
 [500.]
 [500.]
 [500.]
 [500.]
 [500.]
 [500.]
 [500.]
 [500.]
 [500.]
 [500.]
 [500.]
 [500.]
 [500.]
 [500.]]
Ch: [[1.97346296 1.94277644 1.93482299 2.05872026 2.07443496 2.07139693
  2.04122947 2.03710088 2.06470417 2.05767324 2.07885496]
 [1.90410727 1.91531422 1.96964027 2.02269934 1.97042291 1.99302377
  1.9597175  2.06626225 1.91838217 2.01593844 1.9085877 ]
 [2.01607534 2.04287554 2.0157836  2.04802367 1.93910933 2.02274355
  2.07438977 1.92515578 1.93455769 2.07008781 1.95478017]
 [2.06994765 1.93478052 2.03769444 2.06405835 2.0571632  2.08306288
  2.03385085 1.95992334 2.07495179 1.97558113 2.0740194 ]
 [1.95577217 1.94233776 1.96168749 2.00773249 1.97848636 2.00276929
  1.98281456 2.00258557 1.96167159 1.93770863 1.94527728]
 [1.94547213 1.99457752 1.93990064 1.91962921 1.96774314 1.96898052
  2.00389002 1.92404224 2.08557854 1.94231234 2.02974035]
 [1.90163262 2.07816826 2.02750488 2.04729476 2.00830326 1.90547107
  1.98311589 2.0941991  1.99726176 1.99833913 2.09378497]
 [2.07694741 2.02849121 2.06245222 2.06569372 1.97458916 2.00069131
  1.98057464 2.00350488 1.91253146 2.04564941 1.98660305]
 [2.01482102 2.07308841 2.0642726  1.95568037 2.04805942 1.97839049
  1.96534797 1.95140013 1.9897443  2.08599828 2.0424095 ]
 [2.04604154 2.08932426 2.08331033 2.02763802 1.98479854 1.93411302
  2.05587308 2.06268295 1.92671636 1.95839434 1.92227474]]
Cv: [[0.         0.         0.         0.         0.         0.
  0.         0.         0.         0.        ]
 [1.97751619 1.91929866 2.02009022 1.96623884 1.91108098 1.97666158
  1.94021457 1.91311876 1.97068193 2.0586508 ]
 [1.91341103 2.08066138 2.05939542 1.95018061 2.01606824 2.03193756
  2.08958696 2.02697606 2.09405643 2.0420852 ]
 [2.03306789 2.01009742 2.05248358 1.92527596 2.02396461 1.93439678
  2.05141227 2.00766533 2.02157525 2.07652574]
 [1.90247371 1.98817644 2.01585843 1.97082977 1.94669789 2.0247642
  1.95663466 1.91268508 1.99861994 1.9198153 ]
 [2.06954853 2.05728163 1.92774915 2.0513909  2.0652411  2.01263843
  2.04230915 2.0586559  1.9010388  1.97778358]
 [1.94842702 2.08773777 2.029298   1.94581641 2.0639183  1.92581766
  1.99407656 1.92728654 2.09758626 1.96036096]
 [2.06804138 1.91310581 2.02124794 1.97979276 2.05316925 2.00035698
  1.94513736 1.9034241  1.92528653 1.93626917]
 [2.00265424 2.08612183 1.93222949 1.93849828 2.04903552 2.04683384
  1.92344364 2.03073881 2.05893621 1.92741143]
 [1.99478834 2.0119503  1.95935687 1.9607746  1.99390481 2.07183656
  2.09193791 1.9316549  2.03140122 1.94813947]]
Rh: [[ 4.38709463 13.02845954  4.78085826  3.95287384 10.31811151  7.9717264
   6.68266307  4.04899548  3.99769854  6.0438716   3.55180037]
 [ 8.5256462  14.55347677  5.94968883  3.77466669 16.02361743  4.14911071
  12.64692566  4.0022096   6.18106224 11.19840014  4.21349193]
 [14.93755046  5.18656716  8.35139028  7.49766467  5.90983362  3.7449061
   4.26699243  6.87532946  3.82766658  8.73887089  9.10378701]
 [ 9.43255697  9.75109518  4.51161709  7.33932783  9.14820374 11.88141565
  10.2425859   5.71938715 10.89107203  3.61707747  7.06321924]
 [ 6.69688041 10.29661045  7.30605837  5.48658705  8.43559076  5.1447616
   8.94194763 15.43231844  4.50514846  5.65361428 12.9604304 ]
 [ 6.94203078 11.3084291   9.61083944  9.36350057  4.06073862  3.5517882
   7.54129723 12.60599203 11.14880345  6.62187157  6.39651253]
 [ 7.75298582  6.14086971  5.59957012 16.23916446  8.74038291  9.18487855
   5.04390949  7.34886519  3.57744759  4.18721382 15.99018027]
 [16.19399753  6.55512889  9.43716469  6.178886   16.02927062  5.70835112
  11.74586469  6.18212886 13.51947925  8.11969398  4.58251496]
 [ 4.46453086 10.2087347   3.538164    6.15499221 12.81962925  9.67308105
  13.36790318 13.50560265  6.89763099  5.55819809  6.57654965]
 [ 5.74456357  5.0582798   3.60596869 10.19253715  3.90837321 10.42970032
   4.02803547  9.69890972  4.32140568  6.18076047 15.2945976 ]]
Rv: [[14.35770212  8.96022826 13.02847335  8.86847716 12.89711286  9.14018635
   6.44479637  7.13531703  5.64819909  7.86605501]
 [ 3.95964427  5.25345316  7.00469112  3.5763668  13.1995661  13.63737021
  14.86869362 10.82957167  6.91823064  8.60552266]
 [12.50217197  5.35458246  5.33906384  6.12248111  9.7488156   5.38402775
  15.63246275 15.38652344 12.61008966  7.13628754]
 [ 4.12135699  7.21243518  5.36384676 13.03244599  6.97489741 15.38253496
   5.01159009  4.71326338  5.16284493  7.58055251]
 [10.28879065  4.89726799 13.17394201  5.83764403 16.28879388 14.48908204
  10.63289653  4.27374012 11.90979151 13.9820989 ]
 [ 7.21772062  5.52629497  3.93630071  8.40170787  5.98760943 11.0923186
   9.17601646 11.80469397  5.47352194  5.48739087]
 [ 5.581203    6.96009853 15.04678412 12.98949627  3.57090483  5.31523234
  11.40093383 15.72369928 12.45239225 15.37859121]
 [14.25117385 12.07784152  9.43494766 15.64509257  6.24104118  3.73661334
   8.08602819 13.90511432  4.21926527  7.03853551]
 [ 6.70986747  5.61319374  5.64495959 15.50488836 10.67243058 12.07482885
   6.18764877  4.44368528  9.70107399  6.88062774]]