-------Running parameters--------
T = 0.001
temperature_gradient = 0.0
gap = 0.0
M = 10
N = 10
VR = 0.0
Vmin = 0.0
Vmax = 1.1
vStep = 0.001
vSym = True
repeats = 50
fileName = array_10_10_disorder_c_std_0.1_r_std_12_run_9
dist = exp
fullOutput = True
use_graph = False
current_map = True
plot_current_map = False
plot_binary_current_map = False
frame_norm = False
dbg = False
resume = False
sc = False
leaping = False
constQ = False
modifyR = False
double_time = False
double_loop = False
output_folder = bgu_2d_finite_temperature_different_disorders_statistics
params_path = 
VG_avg = 0.0
VG_std = 0.0
C_avg = 2.0
C_std = 0.1
CG_avg = 10.0
CG_std = 0.0
R_avg = 20.0
R_std = 12.0
custom_rh = ""
custom_rv = ""
custom_ch = ""
custom_cv = ""
RG_avg = 500.0
RG_std = 0.0
n0_avg = 0.0
n0_std = 0.0
Q0_avg = 0.0
Q0_std = 0.0
----Array Parameters-----
Rows: 10
Columns: 10
VG: [[0.]
 [0.]
 [0.]
 [0.]
 [0.]
 [0.]
 [0.]
 [0.]
 [0.]
 [0.]
 [0.]
 [0.]
 [0.]
 [0.]
 [0.]
 [0.]
 [0.]
 [0.]
 [0.]
 [0.]
 [0.]
 [0.]
 [0.]
 [0.]
 [0.]
 [0.]
 [0.]
 [0.]
 [0.]
 [0.]
 [0.]
 [0.]
 [0.]
 [0.]
 [0.]
 [0.]
 [0.]
 [0.]
 [0.]
 [0.]
 [0.]
 [0.]
 [0.]
 [0.]
 [0.]
 [0.]
 [0.]
 [0.]
 [0.]
 [0.]
 [0.]
 [0.]
 [0.]
 [0.]
 [0.]
 [0.]
 [0.]
 [0.]
 [0.]
 [0.]
 [0.]
 [0.]
 [0.]
 [0.]
 [0.]
 [0.]
 [0.]
 [0.]
 [0.]
 [0.]
 [0.]
 [0.]
 [0.]
 [0.]
 [0.]
 [0.]
 [0.]
 [0.]
 [0.]
 [0.]
 [0.]
 [0.]
 [0.]
 [0.]
 [0.]
 [0.]
 [0.]
 [0.]
 [0.]
 [0.]
 [0.]
 [0.]
 [0.]
 [0.]
 [0.]
 [0.]
 [0.]
 [0.]
 [0.]
 [0.]]
CG: [[10.]
 [10.]
 [10.]
 [10.]
 [10.]
 [10.]
 [10.]
 [10.]
 [10.]
 [10.]
 [10.]
 [10.]
 [10.]
 [10.]
 [10.]
 [10.]
 [10.]
 [10.]
 [10.]
 [10.]
 [10.]
 [10.]
 [10.]
 [10.]
 [10.]
 [10.]
 [10.]
 [10.]
 [10.]
 [10.]
 [10.]
 [10.]
 [10.]
 [10.]
 [10.]
 [10.]
 [10.]
 [10.]
 [10.]
 [10.]
 [10.]
 [10.]
 [10.]
 [10.]
 [10.]
 [10.]
 [10.]
 [10.]
 [10.]
 [10.]
 [10.]
 [10.]
 [10.]
 [10.]
 [10.]
 [10.]
 [10.]
 [10.]
 [10.]
 [10.]
 [10.]
 [10.]
 [10.]
 [10.]
 [10.]
 [10.]
 [10.]
 [10.]
 [10.]
 [10.]
 [10.]
 [10.]
 [10.]
 [10.]
 [10.]
 [10.]
 [10.]
 [10.]
 [10.]
 [10.]
 [10.]
 [10.]
 [10.]
 [10.]
 [10.]
 [10.]
 [10.]
 [10.]
 [10.]
 [10.]
 [10.]
 [10.]
 [10.]
 [10.]
 [10.]
 [10.]
 [10.]
 [10.]
 [10.]
 [10.]]
RG: [[500.]
 [500.]
 [500.]
 [500.]
 [500.]
 [500.]
 [500.]
 [500.]
 [500.]
 [500.]
 [500.]
 [500.]
 [500.]
 [500.]
 [500.]
 [500.]
 [500.]
 [500.]
 [500.]
 [500.]
 [500.]
 [500.]
 [500.]
 [500.]
 [500.]
 [500.]
 [500.]
 [500.]
 [500.]
 [500.]
 [500.]
 [500.]
 [500.]
 [500.]
 [500.]
 [500.]
 [500.]
 [500.]
 [500.]
 [500.]
 [500.]
 [500.]
 [500.]
 [500.]
 [500.]
 [500.]
 [500.]
 [500.]
 [500.]
 [500.]
 [500.]
 [500.]
 [500.]
 [500.]
 [500.]
 [500.]
 [500.]
 [500.]
 [500.]
 [500.]
 [500.]
 [500.]
 [500.]
 [500.]
 [500.]
 [500.]
 [500.]
 [500.]
 [500.]
 [500.]
 [500.]
 [500.]
 [500.]
 [500.]
 [500.]
 [500.]
 [500.]
 [500.]
 [500.]
 [500.]
 [500.]
 [500.]
 [500.]
 [500.]
 [500.]
 [500.]
 [500.]
 [500.]
 [500.]
 [500.]
 [500.]
 [500.]
 [500.]
 [500.]
 [500.]
 [500.]
 [500.]
 [500.]
 [500.]
 [500.]]
Ch: [[2.03678029 2.06492626 1.96892511 2.02333723 1.98501747 2.0723156
  1.94391141 1.95034872 1.92931224 1.94567168 2.00931465]
 [2.03142457 2.07691787 2.05311044 2.0616973  2.03752885 1.90363064
  1.99346077 1.99743727 2.02215874 2.03102543 2.07549737]
 [1.99446996 2.05987777 1.92508897 1.95358418 1.96727783 2.02110055
  1.9617025  1.99538634 2.03581437 2.00364891 1.94598092]
 [1.93521557 2.02827928 2.04940991 2.05140358 1.99011575 1.97169442
  1.90932235 1.92210005 1.9283513  2.02784162 1.99378425]
 [1.9283365  2.06249067 2.07444115 1.90714916 2.05203903 1.93635975
  2.01902384 2.03471537 2.00155761 1.91305626 1.99198241]
 [1.95852842 2.04851521 2.00118923 2.02117447 2.03179055 1.9444697
  2.02639688 2.09828523 1.99529519 1.96397778 2.08557216]
 [1.99157109 2.08481328 1.95023641 1.93910551 2.00276367 2.04735765
  1.96708393 1.90409875 1.99323345 1.9017839  1.9523027 ]
 [1.99994426 1.93247438 2.0027858  1.93469334 1.95059395 1.90757522
  1.93952829 2.05582227 2.06207322 1.9700754  1.9979372 ]
 [1.99696333 2.00762762 1.98982346 1.93775155 1.96518151 1.99152282
  1.95421379 1.95232413 2.00226778 1.95338259 1.96790052]
 [2.02540824 2.00639002 2.08814627 1.90539736 2.00436135 2.08669481
  1.90819516 1.91277094 2.04581508 2.09344332 2.02880754]]
Cv: [[0.         0.         0.         0.         0.         0.
  0.         0.         0.         0.        ]
 [1.93225771 1.94210545 1.9150598  2.06107275 1.93209081 1.95602845
  1.94641026 1.99608954 2.00881944 1.95255967]
 [2.05169887 2.02317897 1.97141702 1.92494421 1.91599488 1.95122735
  2.03265795 1.90091746 2.01983144 1.96504752]
 [1.93573259 1.97868609 1.91071379 2.00241256 2.02960396 1.98702757
  2.08485214 2.00868512 1.90713578 1.95405423]
 [2.08311581 1.90858395 1.99132574 2.03505031 1.98993392 1.90968553
  1.94415717 2.08540301 1.96299771 2.08460187]
 [1.98230939 1.99012313 1.92847651 2.00721573 1.92399105 2.00371351
  2.01533403 2.03779324 2.01887482 1.91465449]
 [2.08334492 1.99656495 1.96598417 2.03144484 1.93969981 1.91690002
  1.94372203 1.91250821 1.96821104 1.94919203]
 [1.95051278 2.01136721 1.96980664 1.92054673 2.08858156 1.94337758
  1.98397292 1.98247186 2.06432795 1.97530257]
 [1.97177061 2.09869742 2.07258226 2.08663075 2.07216107 1.92513736
  2.04970354 1.9739208  1.93990613 2.07825058]
 [1.99961526 2.04265518 2.04033377 1.91872726 1.97808593 1.9830879
  1.93701876 1.99646667 2.04367591 1.99162623]]
Rh: [[14.54006072 12.67458736  9.11359973 14.36210635 10.89601663  9.91213106
  31.03602162  8.48545682 23.63028281  9.59799818 11.68513914]
 [22.40107958 31.90761491 19.93046589 11.43821775 14.93535732 10.10984084
  18.78561895 11.68209269 10.72319077 12.70727528 11.92685771]
 [13.26438342 27.24245448 13.74808363  8.87317094 13.48909265  8.68466864
  14.54557862 17.97669686 18.96395928 28.24635425 10.2627227 ]
 [ 9.90140127  9.9857404  14.51330999 20.51419832 24.10800616 16.62321035
  12.03397914 22.04578842 26.10696094 10.60617805 11.78364981]
 [19.54908112 11.06425318 11.31436404 27.30639952 31.34562899 26.37361415
  11.68559829 11.43516874 14.0407881  26.56119417 12.88451368]
 [20.36995977 27.1458639  15.73242612 11.18159298 11.70053649 28.17391335
  10.68979157  9.60972086 19.26587702 14.50250702 16.99695434]
 [20.9674465  27.31015412 14.08435125 20.99526681 26.90737603 10.10205469
  20.44866701  8.5837669  15.34964423 19.8245183  13.91032444]
 [23.14556121 23.35465881 18.41289641 23.18486935 16.39685296  9.7891252
  24.31790631 11.75773885 22.08702606 16.07815606 19.66251665]
 [27.70450379 17.01488991 21.40932957 10.35230017 26.66050052 31.6880736
   9.47083239 20.77888012  9.74273439 11.53885031 30.93544338]
 [27.94569554 14.7433417  12.54669069 15.8606374   9.29348981 17.68127885
  19.39363414 15.84169847 12.30695582 15.50388619 15.90695209]]
Rv: [[21.51900989  9.14615477  9.76303072 16.12320367  9.0348068  18.77492886
  21.38321684 17.70747331 12.98591236  8.93797951]
 [30.49356513 22.41935143 12.65848812 13.92820908 19.77073349 12.5268946
  17.19510482 19.3231349  17.050557   22.13704104]
 [17.58337717 26.26825785 30.28457266  8.71563265  9.67506568 26.81823048
  11.17226925 15.42389878 19.99740701 11.07687252]
 [28.75776232 16.07127965 15.38957651 10.3084565  18.73440485 31.29677505
  23.54860762 25.71783545 26.97021515 17.7487901 ]
 [20.09259799 13.19668799 11.53534135 14.47121603 22.13863441 27.79864955
   9.22218292 18.21869833 19.05873728 15.29514814]
 [13.19263657 17.11942614 10.61635207 16.40160416 22.78290987 24.97764024
   8.585546    8.48385893 17.17366183 11.90333056]
 [20.65141872 21.37592815 18.99052634 11.66971623  9.47877911 13.23010002
  14.72946812  9.12446222 17.78925788 14.46026483]
 [24.61670705  8.24754582 11.36827019 19.78442831 28.05084666 23.88620687
  30.09125722 12.34724774 13.36937278 20.72480842]
 [19.95820864 22.56977391 28.2495439  20.31544143 30.44178252 19.81365792
  23.22467489  8.43123155 12.61778546 19.0412712 ]]