-------Running parameters--------
T = 0.001
temperature_gradient = 0.0
gap = 0.0
M = 10
N = 10
VR = 0.0
Vmin = 0.0
Vmax = 1.1
vStep = 0.001
vSym = True
repeats = 50
fileName = array_10_10_disorder_c_std_0.1_r_std_7_run_7
dist = exp
fullOutput = True
use_graph = False
current_map = True
plot_current_map = False
plot_binary_current_map = False
frame_norm = False
dbg = False
resume = False
sc = False
leaping = False
constQ = False
modifyR = False
double_time = False
double_loop = False
output_folder = bgu_2d_finite_temperature_different_disorders_statistics
params_path = 
VG_avg = 0.0
VG_std = 0.0
C_avg = 2.0
C_std = 0.1
CG_avg = 10.0
CG_std = 0.0
R_avg = 10.0
R_std = 7.0
custom_rh = ""
custom_rv = ""
custom_ch = ""
custom_cv = ""
RG_avg = 500.0
RG_std = 0.0
n0_avg = 0.0
n0_std = 0.0
Q0_avg = 0.0
Q0_std = 0.0
----Array Parameters-----
Rows: 10
Columns: 10
VG: [[0.]
 [0.]
 [0.]
 [0.]
 [0.]
 [0.]
 [0.]
 [0.]
 [0.]
 [0.]
 [0.]
 [0.]
 [0.]
 [0.]
 [0.]
 [0.]
 [0.]
 [0.]
 [0.]
 [0.]
 [0.]
 [0.]
 [0.]
 [0.]
 [0.]
 [0.]
 [0.]
 [0.]
 [0.]
 [0.]
 [0.]
 [0.]
 [0.]
 [0.]
 [0.]
 [0.]
 [0.]
 [0.]
 [0.]
 [0.]
 [0.]
 [0.]
 [0.]
 [0.]
 [0.]
 [0.]
 [0.]
 [0.]
 [0.]
 [0.]
 [0.]
 [0.]
 [0.]
 [0.]
 [0.]
 [0.]
 [0.]
 [0.]
 [0.]
 [0.]
 [0.]
 [0.]
 [0.]
 [0.]
 [0.]
 [0.]
 [0.]
 [0.]
 [0.]
 [0.]
 [0.]
 [0.]
 [0.]
 [0.]
 [0.]
 [0.]
 [0.]
 [0.]
 [0.]
 [0.]
 [0.]
 [0.]
 [0.]
 [0.]
 [0.]
 [0.]
 [0.]
 [0.]
 [0.]
 [0.]
 [0.]
 [0.]
 [0.]
 [0.]
 [0.]
 [0.]
 [0.]
 [0.]
 [0.]
 [0.]]
CG: [[10.]
 [10.]
 [10.]
 [10.]
 [10.]
 [10.]
 [10.]
 [10.]
 [10.]
 [10.]
 [10.]
 [10.]
 [10.]
 [10.]
 [10.]
 [10.]
 [10.]
 [10.]
 [10.]
 [10.]
 [10.]
 [10.]
 [10.]
 [10.]
 [10.]
 [10.]
 [10.]
 [10.]
 [10.]
 [10.]
 [10.]
 [10.]
 [10.]
 [10.]
 [10.]
 [10.]
 [10.]
 [10.]
 [10.]
 [10.]
 [10.]
 [10.]
 [10.]
 [10.]
 [10.]
 [10.]
 [10.]
 [10.]
 [10.]
 [10.]
 [10.]
 [10.]
 [10.]
 [10.]
 [10.]
 [10.]
 [10.]
 [10.]
 [10.]
 [10.]
 [10.]
 [10.]
 [10.]
 [10.]
 [10.]
 [10.]
 [10.]
 [10.]
 [10.]
 [10.]
 [10.]
 [10.]
 [10.]
 [10.]
 [10.]
 [10.]
 [10.]
 [10.]
 [10.]
 [10.]
 [10.]
 [10.]
 [10.]
 [10.]
 [10.]
 [10.]
 [10.]
 [10.]
 [10.]
 [10.]
 [10.]
 [10.]
 [10.]
 [10.]
 [10.]
 [10.]
 [10.]
 [10.]
 [10.]
 [10.]]
RG: [[500.]
 [500.]
 [500.]
 [500.]
 [500.]
 [500.]
 [500.]
 [500.]
 [500.]
 [500.]
 [500.]
 [500.]
 [500.]
 [500.]
 [500.]
 [500.]
 [500.]
 [500.]
 [500.]
 [500.]
 [500.]
 [500.]
 [500.]
 [500.]
 [500.]
 [500.]
 [500.]
 [500.]
 [500.]
 [500.]
 [500.]
 [500.]
 [500.]
 [500.]
 [500.]
 [500.]
 [500.]
 [500.]
 [500.]
 [500.]
 [500.]
 [500.]
 [500.]
 [500.]
 [500.]
 [500.]
 [500.]
 [500.]
 [500.]
 [500.]
 [500.]
 [500.]
 [500.]
 [500.]
 [500.]
 [500.]
 [500.]
 [500.]
 [500.]
 [500.]
 [500.]
 [500.]
 [500.]
 [500.]
 [500.]
 [500.]
 [500.]
 [500.]
 [500.]
 [500.]
 [500.]
 [500.]
 [500.]
 [500.]
 [500.]
 [500.]
 [500.]
 [500.]
 [500.]
 [500.]
 [500.]
 [500.]
 [500.]
 [500.]
 [500.]
 [500.]
 [500.]
 [500.]
 [500.]
 [500.]
 [500.]
 [500.]
 [500.]
 [500.]
 [500.]
 [500.]
 [500.]
 [500.]
 [500.]
 [500.]]
Ch: [[2.0615818  2.04498603 1.95329894 1.93677023 1.96259643 1.93472787
  1.94175743 1.99033944 1.98403866 1.92965603 1.9960305 ]
 [2.049036   1.95648345 2.06633359 1.97613132 2.09069268 1.90368448
  1.91600734 1.98509795 1.97677359 2.07374203 2.07888313]
 [1.90251669 2.03219383 1.933577   1.99552391 2.05207089 2.08392689
  1.9702751  1.96219877 1.98589741 1.95847566 2.06298334]
 [1.9526583  2.09763151 1.94890278 1.90595112 2.00065639 2.00771976
  2.02483346 2.07419059 1.99095344 2.01472456 2.0829975 ]
 [1.9222347  2.06405299 2.00457063 1.90113574 2.09390331 2.07944558
  2.03403129 2.01530992 1.93717233 2.04881616 2.08483876]
 [1.94912006 2.03120335 2.09867008 2.03303442 2.08339094 1.94052545
  2.06772001 1.90041306 2.01569658 2.07851918 1.93466262]
 [1.93144399 2.04153596 1.90383248 1.96472303 2.03787225 1.90548861
  2.05245977 2.00966297 1.96082959 1.92399306 2.01659565]
 [2.04234151 2.00919549 2.08630136 1.99652278 1.98242665 1.98954844
  1.93595892 1.9205367  1.93268572 2.0228927  1.95455382]
 [2.0608929  1.90629345 1.90332551 1.92575192 1.93120314 1.99618386
  2.0112988  1.94817083 2.04215198 1.98667576 1.90957482]
 [2.02546719 2.01826562 1.99110475 1.93567052 1.97559126 2.01354542
  1.96367263 2.01663498 1.93338184 2.04253313 1.97392177]]
Cv: [[0.         0.         0.         0.         0.         0.
  0.         0.         0.         0.        ]
 [1.94417042 2.01382615 1.91711561 2.01792825 1.92659905 1.90778944
  1.92363763 1.9228453  2.01843361 2.0762626 ]
 [1.97128045 2.09172585 2.01175097 2.0190209  1.9034989  2.02801289
  2.08775312 2.09562815 2.08283344 2.00903597]
 [2.03826735 1.93614361 2.05284715 1.98188242 1.94817101 1.9111052
  2.08433806 1.95779148 1.92636034 2.06271077]
 [2.08396111 2.06291097 2.01332734 2.04537233 1.9478147  1.98981199
  2.05501241 1.95212886 1.96501226 2.07212623]
 [2.08815103 1.98098651 1.96022146 1.94016188 2.08073038 2.02631385
  1.95288587 2.07607073 2.00119621 2.01138432]
 [1.97353906 1.92218291 1.93595841 1.9718672  1.99151584 1.9287643
  2.0572716  1.94939493 2.04522335 1.95639367]
 [1.9226961  2.03426091 2.05423957 1.91927207 1.95920886 2.01496725
  2.09228367 1.90094477 1.90901283 2.00014132]
 [1.9622694  2.00879919 1.93344593 2.0118325  2.04693455 2.0678649
  2.00895535 2.00475131 1.99334847 1.96987222]
 [2.00246105 2.02467685 2.04956356 1.98156759 2.04663432 1.941327
  1.9587971  2.04640169 2.03218713 1.97387113]]
Rh: [[ 4.37199798  5.00845538  5.57125383 12.57891317  4.30413431  3.67112117
   3.27999894  3.74553137  5.69848649  9.72497515  5.70164186]
 [ 4.14344715  3.80445236  9.62446233  3.77524293 12.18031258 15.81761729
  12.48686159  3.64985886  9.51309238  6.16718169 12.06805862]
 [10.91339053 12.91684455 10.86844749 13.88318752  6.39474614  6.31390687
   3.19254805  9.1386651   7.98746809  8.97890683  4.08956786]
 [ 6.24204694  7.82039575  7.69333298  4.76137     4.24686221  5.38878483
   7.43309351  9.01227325 10.02826435  6.47146107 11.17769782]
 [15.15339424 11.01304666  4.51083486  6.84584905 12.09417153  3.30798578
   4.1409746   3.01258127  5.02596743  6.1202608   5.40197851]
 [ 9.18589133  6.78330312 10.04518073  5.26380131  6.06856646 12.79416654
  13.99303952  4.98248395  5.17246852  4.86121438  3.1040758 ]
 [15.20340069  8.47410244  6.30530696  8.71407184 10.56831579  4.06720764
  12.87726831  6.12045862  4.58788059  5.78245839  5.01153317]
 [ 7.5032165  11.58063949  9.78307875  7.73175299 13.74401583  6.48894244
   5.2254478   7.98814438  3.41018383 14.23915865  7.88161371]
 [ 5.0953686   8.66728073 11.36059389  5.50552075 12.29290495  3.01684341
   7.74949592  5.56214681 11.61667614  4.13912879 15.61758311]
 [13.04549112  5.61579711 13.5476547   3.75905452  7.49180083  3.42024491
   4.16433783  3.51331377  7.53838413  7.34869234  7.30108097]]
Rv: [[ 6.42266055  5.37454004  3.22120027  4.29493831  5.01668503 14.37362363
  12.08989065  4.62356149 15.15571513  5.12028563]
 [11.84399273 14.84685084  4.98209405  4.07534746 15.05384762  3.13678942
   4.19381134 12.24318901  5.08573058 10.52964506]
 [14.16653823  6.24993685  8.04869571  6.37234214 16.58535965  9.11328941
   5.79960635  6.77539776  3.9726059   9.40465835]
 [14.37675062 12.9703798  13.39341349  5.70132933 12.49822335  3.36624219
   5.36562094 10.09174287 11.52990656  9.05361141]
 [10.66754582  6.35870138  3.59984028  7.48049931 11.06450941  6.90191529
  15.83142437  5.89323804  5.93773047  3.38141999]
 [ 8.52032257 10.70477471  5.20404571  4.32237817  7.3582393   6.46761834
   6.0857756   3.11737599  3.63493054 13.84053533]
 [12.3753742   6.46062067  6.83088264  8.67571674  4.3440398  13.73593283
  10.17531843  3.37133083  7.0116137  10.19332446]
 [12.82344565  3.7012914   6.03086327  3.45971876  8.23131416  4.32973239
  10.38827993 10.80731289  3.29589872 16.76289666]
 [13.88809864  5.58436464 12.53344753  3.06780987 10.63902721 10.06797212
  15.12678644  3.95560303 13.96144101  5.56961993]]