-------Running parameters--------
T = 0.001
temperature_gradient = 0.0
gap = 0.0
M = 10
N = 10
VR = 0.0
Vmin = 0.0
Vmax = 1.1
vStep = 0.001
vSym = True
repeats = 50
fileName = array_10_10_disorder_c_std_0.1_r_std_5.5_run_7
dist = exp
fullOutput = True
use_graph = False
current_map = True
plot_current_map = False
plot_binary_current_map = False
frame_norm = False
dbg = False
resume = False
sc = False
leaping = False
constQ = False
modifyR = False
double_time = False
double_loop = False
output_folder = bgu_2d_finite_temperature_different_disorders_statistics
params_path = 
VG_avg = 0.0
VG_std = 0.0
C_avg = 2.0
C_std = 0.1
CG_avg = 10.0
CG_std = 0.0
R_avg = 10.0
R_std = 5.5
custom_rh = ""
custom_rv = ""
custom_ch = ""
custom_cv = ""
RG_avg = 500.0
RG_std = 0.0
n0_avg = 0.0
n0_std = 0.0
Q0_avg = 0.0
Q0_std = 0.0
----Array Parameters-----
Rows: 10
Columns: 10
VG: [[0.]
 [0.]
 [0.]
 [0.]
 [0.]
 [0.]
 [0.]
 [0.]
 [0.]
 [0.]
 [0.]
 [0.]
 [0.]
 [0.]
 [0.]
 [0.]
 [0.]
 [0.]
 [0.]
 [0.]
 [0.]
 [0.]
 [0.]
 [0.]
 [0.]
 [0.]
 [0.]
 [0.]
 [0.]
 [0.]
 [0.]
 [0.]
 [0.]
 [0.]
 [0.]
 [0.]
 [0.]
 [0.]
 [0.]
 [0.]
 [0.]
 [0.]
 [0.]
 [0.]
 [0.]
 [0.]
 [0.]
 [0.]
 [0.]
 [0.]
 [0.]
 [0.]
 [0.]
 [0.]
 [0.]
 [0.]
 [0.]
 [0.]
 [0.]
 [0.]
 [0.]
 [0.]
 [0.]
 [0.]
 [0.]
 [0.]
 [0.]
 [0.]
 [0.]
 [0.]
 [0.]
 [0.]
 [0.]
 [0.]
 [0.]
 [0.]
 [0.]
 [0.]
 [0.]
 [0.]
 [0.]
 [0.]
 [0.]
 [0.]
 [0.]
 [0.]
 [0.]
 [0.]
 [0.]
 [0.]
 [0.]
 [0.]
 [0.]
 [0.]
 [0.]
 [0.]
 [0.]
 [0.]
 [0.]
 [0.]]
CG: [[10.]
 [10.]
 [10.]
 [10.]
 [10.]
 [10.]
 [10.]
 [10.]
 [10.]
 [10.]
 [10.]
 [10.]
 [10.]
 [10.]
 [10.]
 [10.]
 [10.]
 [10.]
 [10.]
 [10.]
 [10.]
 [10.]
 [10.]
 [10.]
 [10.]
 [10.]
 [10.]
 [10.]
 [10.]
 [10.]
 [10.]
 [10.]
 [10.]
 [10.]
 [10.]
 [10.]
 [10.]
 [10.]
 [10.]
 [10.]
 [10.]
 [10.]
 [10.]
 [10.]
 [10.]
 [10.]
 [10.]
 [10.]
 [10.]
 [10.]
 [10.]
 [10.]
 [10.]
 [10.]
 [10.]
 [10.]
 [10.]
 [10.]
 [10.]
 [10.]
 [10.]
 [10.]
 [10.]
 [10.]
 [10.]
 [10.]
 [10.]
 [10.]
 [10.]
 [10.]
 [10.]
 [10.]
 [10.]
 [10.]
 [10.]
 [10.]
 [10.]
 [10.]
 [10.]
 [10.]
 [10.]
 [10.]
 [10.]
 [10.]
 [10.]
 [10.]
 [10.]
 [10.]
 [10.]
 [10.]
 [10.]
 [10.]
 [10.]
 [10.]
 [10.]
 [10.]
 [10.]
 [10.]
 [10.]
 [10.]]
RG: [[500.]
 [500.]
 [500.]
 [500.]
 [500.]
 [500.]
 [500.]
 [500.]
 [500.]
 [500.]
 [500.]
 [500.]
 [500.]
 [500.]
 [500.]
 [500.]
 [500.]
 [500.]
 [500.]
 [500.]
 [500.]
 [500.]
 [500.]
 [500.]
 [500.]
 [500.]
 [500.]
 [500.]
 [500.]
 [500.]
 [500.]
 [500.]
 [500.]
 [500.]
 [500.]
 [500.]
 [500.]
 [500.]
 [500.]
 [500.]
 [500.]
 [500.]
 [500.]
 [500.]
 [500.]
 [500.]
 [500.]
 [500.]
 [500.]
 [500.]
 [500.]
 [500.]
 [500.]
 [500.]
 [500.]
 [500.]
 [500.]
 [500.]
 [500.]
 [500.]
 [500.]
 [500.]
 [500.]
 [500.]
 [500.]
 [500.]
 [500.]
 [500.]
 [500.]
 [500.]
 [500.]
 [500.]
 [500.]
 [500.]
 [500.]
 [500.]
 [500.]
 [500.]
 [500.]
 [500.]
 [500.]
 [500.]
 [500.]
 [500.]
 [500.]
 [500.]
 [500.]
 [500.]
 [500.]
 [500.]
 [500.]
 [500.]
 [500.]
 [500.]
 [500.]
 [500.]
 [500.]
 [500.]
 [500.]
 [500.]]
Ch: [[2.01362505 1.94448495 2.08046944 1.94198316 2.04530117 2.07483095
  1.91145057 1.94167131 2.02628772 1.99854362 2.03817014]
 [1.9764733  1.93502324 2.07589889 1.96948441 1.91002647 1.97275989
  1.97090301 2.08889487 1.97657533 1.90238261 1.99562821]
 [2.03154421 2.09282775 2.03223687 1.94705782 1.91382935 1.93038533
  1.96051904 2.04832312 1.9550981  1.94813252 2.08663486]
 [1.92965028 1.99557669 1.94164207 2.01485088 1.95350486 2.0037448
  2.05710472 1.91724803 1.97702768 1.98103469 2.09581168]
 [1.9977499  1.90978439 2.08730348 1.91952161 2.06854198 2.08387126
  2.05415205 2.03569474 2.00510625 1.9173422  1.90260232]
 [1.91079719 2.09131161 2.08173816 2.04602584 1.92321311 1.95843692
  2.08465633 1.99562729 1.92914475 2.01018023 2.0013913 ]
 [1.90585087 1.93597166 2.00886334 1.9576265  2.0031855  2.03943748
  2.05409021 2.01387147 2.02534881 2.0853135  1.9157711 ]
 [1.93420373 1.99417702 1.93120329 1.96509085 2.06614177 2.00473943
  1.97971808 1.97050909 1.92505527 1.93102601 2.0641401 ]
 [2.01324231 1.96887821 2.04421518 2.06123969 2.05767435 2.0918414
  1.94450032 1.99457367 1.99866382 2.07102753 1.90551947]
 [1.99092889 1.91377337 1.95550779 1.92171206 2.07916519 1.99553069
  1.93023894 2.04795577 2.05967139 2.01601594 2.08838109]]
Cv: [[0.         0.         0.         0.         0.         0.
  0.         0.         0.         0.        ]
 [1.99409096 2.0446869  2.08100922 1.95325947 1.91848145 1.92584836
  1.98855891 2.07459879 1.97813506 2.06833683]
 [1.93729455 2.07079853 1.90608697 2.08078826 2.07336541 2.0262956
  1.9330432  1.94873025 1.90334059 2.0969393 ]
 [2.04591295 1.93778591 1.90759777 1.97588655 1.98078003 2.03319256
  2.01149157 1.9520055  1.94875816 2.01106373]
 [2.05750378 1.90098881 2.09537619 2.02406734 1.9307631  1.96296381
  1.98623727 2.06260844 1.90141859 2.04559992]
 [2.06874721 1.98892866 1.94641775 2.03485734 1.92383164 1.92074747
  1.9683964  2.03668024 1.94129615 1.93338699]
 [2.05413177 1.92343724 2.01223642 2.01722364 1.9146573  1.98587532
  1.95403266 1.99660743 2.02003022 2.04232991]
 [2.08124617 2.07014244 1.99836435 1.92046787 1.90094421 2.04601736
  1.94302636 2.01951345 2.03175638 2.03888536]
 [1.91479766 1.99242762 1.94775938 2.0166232  2.06608453 2.00209413
  2.01333749 2.05513982 2.07020234 1.97930472]
 [1.96433737 2.07506941 2.04376983 1.99786117 1.99019832 2.08546865
  2.07016721 1.94295877 2.03842061 2.04664624]]
Rh: [[ 4.94038558 12.38889915 10.19250561  6.17504344  6.18343516 11.80253431
   7.18513656  4.69742102 15.49743181 14.98431376  4.69437674]
 [11.11816603  7.1516507   4.87468465 14.95735924 10.04164639  9.82640311
   7.85717689 10.99023346  4.93973147  9.35273337  7.34608616]
 [ 4.61557451 15.1871439   5.48600633  9.86742117  7.78036951  8.39596662
  14.00210457 15.13384956 10.81445161 14.48320828 13.56742621]
 [ 6.65449438  5.31651734  6.15575009 13.65555315  6.8329539   4.83000742
  15.37448092  5.15697872  8.35926463 13.91687952 12.46098445]
 [ 5.11461338 11.49872989  9.3968396  13.61533864  5.73990776 11.65373806
   4.67720215  9.88329217  6.04712799  6.97890156 10.21437267]
 [13.41429326  5.43830641  5.32006563  9.39777407 13.44277318  5.5501541
   8.2644363   8.65923569 10.33265515 11.74075116  5.29794918]
 [ 4.86791281 13.76483773  5.91478874  4.88364383  6.27661012 14.75472284
   6.47328089  4.98691726  6.37417766 11.95511485  5.09185543]
 [ 8.28259373  7.82628432  5.42228773  7.54285325  6.6600303  11.36265952
   5.84634618 10.14237447 12.18540327 10.13510153  7.25558885]
 [10.17687528 11.23569972  5.0043021   5.48510507 14.38283036 10.24895201
   8.54421726 11.30875386  9.36455887  4.60337259  6.14956194]
 [ 8.62205472  7.92500186  7.56330327  9.67310555 14.15391469 11.43581646
  10.76671422  7.67145541  5.41435457 10.9093561   4.93227597]]
Rv: [[13.67196449  6.38077607  5.1540618   8.22520326  7.04260055 10.70287804
   9.9278727   6.48957977 13.09744378  9.48437526]
 [ 6.44112062  9.4503736   4.67937065  6.59389241  9.03926619  5.65320908
  13.22901151  7.50648604  5.72982327  6.42195475]
 [10.88718984  5.5569174   4.8280244   8.74729184  7.01088932  6.29164456
   5.17169003  4.70643201 12.55554448  7.34893938]
 [12.70119713 12.04181854  6.1553633   9.91928412  7.65582602 13.263657
   8.85388945 11.83112826  9.08503581  4.66665839]
 [ 9.33002249  5.16478034 11.06841513 10.82353513  9.80002689  5.26749538
   5.3874969  11.38608023 14.34288509  7.63911407]
 [12.72575273 10.72609579  5.58780979  8.60583845  6.81995643  5.18740308
   4.85987325  6.07812273  4.57025197 12.54508261]
 [ 6.0686786  15.46955268 12.09943914 13.52061829  8.98855321  7.49297307
  10.34516825 12.42663541  4.60934778  5.36399391]
 [ 5.64080875 11.61293021 11.22883344  4.93993871  5.99501288 14.04876606
  11.84971539  7.09056274 14.27518059 15.09180059]
 [12.43623457  7.19313003 11.26759943 10.53169281  5.72720524 11.48140093
   8.08306456 13.71473035  6.87724159  6.59310594]]