-------Running parameters--------
T = 0.001
temperature_gradient = 0.0
gap = 0.0
M = 10
N = 10
VR = 0.0
Vmin = 0.0
Vmax = 1.1
vStep = 0.001
vSym = True
repeats = 50
fileName = array_10_10_disorder_c_std_0.1_r_std_19_run_2
dist = exp
fullOutput = True
use_graph = False
current_map = True
plot_current_map = False
plot_binary_current_map = False
frame_norm = False
dbg = False
resume = False
sc = False
leaping = False
constQ = False
modifyR = False
double_time = False
double_loop = False
output_folder = bgu_2d_finite_temperature_different_disorders_statistics
params_path = 
VG_avg = 0.0
VG_std = 0.0
C_avg = 2.0
C_std = 0.1
CG_avg = 10.0
CG_std = 0.0
R_avg = 20.0
R_std = 19.0
custom_rh = ""
custom_rv = ""
custom_ch = ""
custom_cv = ""
RG_avg = 500.0
RG_std = 0.0
n0_avg = 0.0
n0_std = 0.0
Q0_avg = 0.0
Q0_std = 0.0
----Array Parameters-----
Rows: 10
Columns: 10
VG: [[0.]
 [0.]
 [0.]
 [0.]
 [0.]
 [0.]
 [0.]
 [0.]
 [0.]
 [0.]
 [0.]
 [0.]
 [0.]
 [0.]
 [0.]
 [0.]
 [0.]
 [0.]
 [0.]
 [0.]
 [0.]
 [0.]
 [0.]
 [0.]
 [0.]
 [0.]
 [0.]
 [0.]
 [0.]
 [0.]
 [0.]
 [0.]
 [0.]
 [0.]
 [0.]
 [0.]
 [0.]
 [0.]
 [0.]
 [0.]
 [0.]
 [0.]
 [0.]
 [0.]
 [0.]
 [0.]
 [0.]
 [0.]
 [0.]
 [0.]
 [0.]
 [0.]
 [0.]
 [0.]
 [0.]
 [0.]
 [0.]
 [0.]
 [0.]
 [0.]
 [0.]
 [0.]
 [0.]
 [0.]
 [0.]
 [0.]
 [0.]
 [0.]
 [0.]
 [0.]
 [0.]
 [0.]
 [0.]
 [0.]
 [0.]
 [0.]
 [0.]
 [0.]
 [0.]
 [0.]
 [0.]
 [0.]
 [0.]
 [0.]
 [0.]
 [0.]
 [0.]
 [0.]
 [0.]
 [0.]
 [0.]
 [0.]
 [0.]
 [0.]
 [0.]
 [0.]
 [0.]
 [0.]
 [0.]
 [0.]]
CG: [[10.]
 [10.]
 [10.]
 [10.]
 [10.]
 [10.]
 [10.]
 [10.]
 [10.]
 [10.]
 [10.]
 [10.]
 [10.]
 [10.]
 [10.]
 [10.]
 [10.]
 [10.]
 [10.]
 [10.]
 [10.]
 [10.]
 [10.]
 [10.]
 [10.]
 [10.]
 [10.]
 [10.]
 [10.]
 [10.]
 [10.]
 [10.]
 [10.]
 [10.]
 [10.]
 [10.]
 [10.]
 [10.]
 [10.]
 [10.]
 [10.]
 [10.]
 [10.]
 [10.]
 [10.]
 [10.]
 [10.]
 [10.]
 [10.]
 [10.]
 [10.]
 [10.]
 [10.]
 [10.]
 [10.]
 [10.]
 [10.]
 [10.]
 [10.]
 [10.]
 [10.]
 [10.]
 [10.]
 [10.]
 [10.]
 [10.]
 [10.]
 [10.]
 [10.]
 [10.]
 [10.]
 [10.]
 [10.]
 [10.]
 [10.]
 [10.]
 [10.]
 [10.]
 [10.]
 [10.]
 [10.]
 [10.]
 [10.]
 [10.]
 [10.]
 [10.]
 [10.]
 [10.]
 [10.]
 [10.]
 [10.]
 [10.]
 [10.]
 [10.]
 [10.]
 [10.]
 [10.]
 [10.]
 [10.]
 [10.]]
RG: [[500.]
 [500.]
 [500.]
 [500.]
 [500.]
 [500.]
 [500.]
 [500.]
 [500.]
 [500.]
 [500.]
 [500.]
 [500.]
 [500.]
 [500.]
 [500.]
 [500.]
 [500.]
 [500.]
 [500.]
 [500.]
 [500.]
 [500.]
 [500.]
 [500.]
 [500.]
 [500.]
 [500.]
 [500.]
 [500.]
 [500.]
 [500.]
 [500.]
 [500.]
 [500.]
 [500.]
 [500.]
 [500.]
 [500.]
 [500.]
 [500.]
 [500.]
 [500.]
 [500.]
 [500.]
 [500.]
 [500.]
 [500.]
 [500.]
 [500.]
 [500.]
 [500.]
 [500.]
 [500.]
 [500.]
 [500.]
 [500.]
 [500.]
 [500.]
 [500.]
 [500.]
 [500.]
 [500.]
 [500.]
 [500.]
 [500.]
 [500.]
 [500.]
 [500.]
 [500.]
 [500.]
 [500.]
 [500.]
 [500.]
 [500.]
 [500.]
 [500.]
 [500.]
 [500.]
 [500.]
 [500.]
 [500.]
 [500.]
 [500.]
 [500.]
 [500.]
 [500.]
 [500.]
 [500.]
 [500.]
 [500.]
 [500.]
 [500.]
 [500.]
 [500.]
 [500.]
 [500.]
 [500.]
 [500.]
 [500.]]
Ch: [[2.0400379  2.04920203 2.08294281 1.94137479 2.09030164 2.00946741
  1.92157767 2.00971825 2.08133364 2.0119846  1.9185303 ]
 [2.07829921 1.93025182 1.99132223 2.00104984 1.96417901 2.06478463
  1.91619649 1.9003328  2.00374547 1.97614334 2.05519829]
 [1.98140495 1.95043721 2.02753377 2.08575634 2.03844626 2.03975161
  2.0045036  2.00074101 1.99425749 1.9877734  1.98952705]
 [1.91020061 1.97082058 2.03142081 2.00785806 1.90378292 1.99691667
  2.08616374 2.01969956 1.9205594  2.08885928 2.07287384]
 [1.94545661 2.07555522 2.00726432 2.04813744 2.01944089 1.90942782
  1.97868889 1.9985776  1.9919675  2.05719948 1.92988747]
 [1.95388137 2.08693693 2.06531526 1.96404139 1.94320268 1.97516486
  2.06037972 2.01810806 2.02109035 1.98172247 1.90142372]
 [2.09977831 1.95949955 2.0541752  2.01981028 2.0995622  1.92964697
  2.03753082 1.9604777  1.9504584  2.04174671 2.06568024]
 [1.93608013 2.04059524 1.91165154 1.93057455 1.93294529 1.90911725
  1.95844353 1.90985931 2.0387756  2.04712604 1.92688271]
 [1.9256297  1.91447729 1.9053758  1.96799841 2.04814847 1.95449019
  1.95229297 1.91609769 2.08287231 2.00621417 1.93632625]
 [1.91642846 2.05941162 2.00958002 2.07386466 2.08285739 1.97825743
  1.95594986 2.05263883 1.90193385 2.05235286 2.06889146]]
Cv: [[0.         0.         0.         0.         0.         0.
  0.         0.         0.         0.        ]
 [1.92348764 1.98906005 2.08590958 2.04826767 1.93271965 1.91665813
  1.93747375 2.092251   1.93535083 2.05704795]
 [2.08914698 2.07516016 1.95599475 1.99166198 1.92733881 1.93209672
  1.94801246 1.91818063 1.94433464 1.96794331]
 [1.98900466 2.06287631 1.94637794 1.99233453 2.04494401 1.92254963
  1.90143156 2.02353372 2.05910047 2.03590352]
 [2.09176847 1.95342512 2.0390848  1.95335075 2.08545155 1.98605654
  2.00476357 2.06961965 2.08013551 2.0783593 ]
 [1.951052   2.0096465  2.0190989  2.02082559 2.05879907 1.99652553
  1.97428506 2.00014489 1.94406758 2.09825878]
 [2.08830939 2.00235105 1.90225837 1.95694971 1.94899684 2.07859668
  2.05017133 2.07531521 1.99763401 2.0662626 ]
 [1.92306292 2.00467382 1.93783285 1.91060832 1.99364577 2.09625401
  2.05811683 1.97009653 1.94329122 2.09117921]
 [1.99605198 2.00824938 2.0755822  1.94629862 1.94076077 2.03593667
  1.90107489 1.98975954 1.91297009 1.95874481]
 [1.91821594 1.91967841 2.02862585 1.91853483 1.95011134 1.9770388
  1.90817832 1.96908067 1.91036532 1.93718505]]
Rh: [[15.71270669  2.43607733  1.00498056  1.21313501 15.5291196   1.0526871
   1.23448112  7.01683043 12.67902476  1.25723398 18.36200535]
 [ 9.9428228   1.1030606   3.65827207  2.60956474 31.91387186  3.51149582
   1.27967128  8.12887918 21.0505624   1.29275549 24.26192707]
 [ 1.14096829  6.71701686  2.75233309  9.0507027   5.92801391  8.1068651
  20.69740549  4.85069942 29.52517045  5.46608717  9.94957707]
 [28.44568769  3.40754387 10.65741019  2.73939143 21.43845378  1.42128989
   1.35063545 38.36091701  7.59094517  8.46036307  3.56683453]
 [13.84814961  8.13216054 30.78821156 16.34083966 15.80654943 30.6824412
   1.0900696  21.02663035  1.71011778 11.35545697  1.33153401]
 [ 3.43346553 35.99911732  3.23881605  2.76577565  1.95053559 11.72221008
   3.1966033   2.86433377  9.60589454 16.99552721  4.53245142]
 [14.5910463   2.24588355  2.70019204 18.0318562   9.06494607  2.38572941
   9.903608    8.63236512  2.27238232  3.26193227  1.35023145]
 [32.77409744  5.50822729  1.07000474  8.77319277  3.61554938  7.09279058
  16.77933892 22.92201704  3.29363392  5.49949978  8.50400637]
 [14.99790027  1.26275007  4.20026502 10.75452753  1.46472245  4.64591152
   1.00570312  1.74645204 18.77509932 14.16723716  4.55269675]
 [14.94654265 24.63794344 16.14709993  4.24890967  2.21444356 11.80290464
   5.12424062 11.78283898  3.04265792  2.57774171 20.82891349]]
Rv: [[11.16944149  2.55393855 20.01947091 12.85555861 11.91583596  6.6984789
   8.2240335  33.28135369 12.38344916  1.12906054]
 [ 2.24863141  7.09529872  8.17269221 31.2706168   4.25882833  2.089013
  14.40198412  1.54197779 37.45801918  1.38714387]
 [28.05601129  2.20874165  7.26433413 17.16177839 13.29395158 13.32611377
  21.58886046  3.48331998 24.14689056 10.82791286]
 [ 8.67720134  9.12789193  6.83256298  2.76035433 20.7112858   5.89151609
   1.14542268 35.88184811  5.44691702  1.04471063]
 [ 5.23701983  8.72532769  3.57665648  5.71947286  3.38402253 32.65811878
  10.81694678  3.13283545  4.25036166  4.68293948]
 [12.57813804  1.03291368  3.31746539 32.89270718  1.00212778  1.03814232
  17.37797099  2.90114629  4.04256294  4.15771492]
 [ 7.3338717  22.64341259 38.55296963 15.04783217  4.06871548  6.90828837
   3.93889773  2.27614821  9.06242987 25.44627409]
 [ 8.31145098  8.54732483 21.21077621 35.95918683  1.64490265  6.95987719
   8.0175454   5.05318686  8.11525553  1.53948297]
 [ 1.54429461  6.85327273 35.96289538  1.06326457  7.22157777  1.70912667
   2.53557237  2.28948312  5.3187477   2.24250666]]