-------Running parameters--------
T = 0.001
temperature_gradient = 0.0
gap = 0.0
M = 10
N = 10
VR = 0.0
Vmin = 0.0
Vmax = 1.1
vStep = 0.001
vSym = True
repeats = 50
fileName = array_10_10_disorder_c_std_0.1_r_std_5_run_9
dist = exp
fullOutput = True
use_graph = False
current_map = True
plot_current_map = False
plot_binary_current_map = False
frame_norm = False
dbg = False
resume = False
sc = False
leaping = False
constQ = False
modifyR = False
double_time = False
double_loop = False
output_folder = bgu_2d_finite_temperature_different_disorders_statistics
params_path = 
VG_avg = 0.0
VG_std = 0.0
C_avg = 2.0
C_std = 0.1
CG_avg = 10.0
CG_std = 0.0
R_avg = 10.0
R_std = 5.0
custom_rh = ""
custom_rv = ""
custom_ch = ""
custom_cv = ""
RG_avg = 500.0
RG_std = 0.0
n0_avg = 0.0
n0_std = 0.0
Q0_avg = 0.0
Q0_std = 0.0
----Array Parameters-----
Rows: 10
Columns: 10
VG: [[0.]
 [0.]
 [0.]
 [0.]
 [0.]
 [0.]
 [0.]
 [0.]
 [0.]
 [0.]
 [0.]
 [0.]
 [0.]
 [0.]
 [0.]
 [0.]
 [0.]
 [0.]
 [0.]
 [0.]
 [0.]
 [0.]
 [0.]
 [0.]
 [0.]
 [0.]
 [0.]
 [0.]
 [0.]
 [0.]
 [0.]
 [0.]
 [0.]
 [0.]
 [0.]
 [0.]
 [0.]
 [0.]
 [0.]
 [0.]
 [0.]
 [0.]
 [0.]
 [0.]
 [0.]
 [0.]
 [0.]
 [0.]
 [0.]
 [0.]
 [0.]
 [0.]
 [0.]
 [0.]
 [0.]
 [0.]
 [0.]
 [0.]
 [0.]
 [0.]
 [0.]
 [0.]
 [0.]
 [0.]
 [0.]
 [0.]
 [0.]
 [0.]
 [0.]
 [0.]
 [0.]
 [0.]
 [0.]
 [0.]
 [0.]
 [0.]
 [0.]
 [0.]
 [0.]
 [0.]
 [0.]
 [0.]
 [0.]
 [0.]
 [0.]
 [0.]
 [0.]
 [0.]
 [0.]
 [0.]
 [0.]
 [0.]
 [0.]
 [0.]
 [0.]
 [0.]
 [0.]
 [0.]
 [0.]
 [0.]]
CG: [[10.]
 [10.]
 [10.]
 [10.]
 [10.]
 [10.]
 [10.]
 [10.]
 [10.]
 [10.]
 [10.]
 [10.]
 [10.]
 [10.]
 [10.]
 [10.]
 [10.]
 [10.]
 [10.]
 [10.]
 [10.]
 [10.]
 [10.]
 [10.]
 [10.]
 [10.]
 [10.]
 [10.]
 [10.]
 [10.]
 [10.]
 [10.]
 [10.]
 [10.]
 [10.]
 [10.]
 [10.]
 [10.]
 [10.]
 [10.]
 [10.]
 [10.]
 [10.]
 [10.]
 [10.]
 [10.]
 [10.]
 [10.]
 [10.]
 [10.]
 [10.]
 [10.]
 [10.]
 [10.]
 [10.]
 [10.]
 [10.]
 [10.]
 [10.]
 [10.]
 [10.]
 [10.]
 [10.]
 [10.]
 [10.]
 [10.]
 [10.]
 [10.]
 [10.]
 [10.]
 [10.]
 [10.]
 [10.]
 [10.]
 [10.]
 [10.]
 [10.]
 [10.]
 [10.]
 [10.]
 [10.]
 [10.]
 [10.]
 [10.]
 [10.]
 [10.]
 [10.]
 [10.]
 [10.]
 [10.]
 [10.]
 [10.]
 [10.]
 [10.]
 [10.]
 [10.]
 [10.]
 [10.]
 [10.]
 [10.]]
RG: [[500.]
 [500.]
 [500.]
 [500.]
 [500.]
 [500.]
 [500.]
 [500.]
 [500.]
 [500.]
 [500.]
 [500.]
 [500.]
 [500.]
 [500.]
 [500.]
 [500.]
 [500.]
 [500.]
 [500.]
 [500.]
 [500.]
 [500.]
 [500.]
 [500.]
 [500.]
 [500.]
 [500.]
 [500.]
 [500.]
 [500.]
 [500.]
 [500.]
 [500.]
 [500.]
 [500.]
 [500.]
 [500.]
 [500.]
 [500.]
 [500.]
 [500.]
 [500.]
 [500.]
 [500.]
 [500.]
 [500.]
 [500.]
 [500.]
 [500.]
 [500.]
 [500.]
 [500.]
 [500.]
 [500.]
 [500.]
 [500.]
 [500.]
 [500.]
 [500.]
 [500.]
 [500.]
 [500.]
 [500.]
 [500.]
 [500.]
 [500.]
 [500.]
 [500.]
 [500.]
 [500.]
 [500.]
 [500.]
 [500.]
 [500.]
 [500.]
 [500.]
 [500.]
 [500.]
 [500.]
 [500.]
 [500.]
 [500.]
 [500.]
 [500.]
 [500.]
 [500.]
 [500.]
 [500.]
 [500.]
 [500.]
 [500.]
 [500.]
 [500.]
 [500.]
 [500.]
 [500.]
 [500.]
 [500.]
 [500.]]
Ch: [[1.9054564  2.09432532 1.96594788 2.01780153 2.01490504 1.98961296
  1.96661685 2.01635023 2.07431898 1.90900216 2.03884434]
 [2.09297951 1.93305501 1.96834067 2.01771918 2.0541104  2.03289705
  2.01960834 1.95702361 1.96784507 2.09482109 1.97002492]
 [1.92883726 2.00164942 1.92456323 2.01990485 1.99777434 2.09042937
  1.96684115 2.02564768 1.93382185 1.9058509  1.92856755]
 [2.05194338 1.91590597 1.9406442  1.98050867 2.03540373 1.90394223
  2.07479236 1.97536103 2.05768109 2.03646663 2.05355078]
 [2.05711204 2.08350061 1.95708881 1.9993782  2.054754   1.9092528
  1.95632984 2.09611597 1.95402427 1.96244923 2.01511506]
 [1.906568   2.05217701 2.01984096 2.04823593 2.0219101  2.09604487
  1.94182662 1.97002775 2.05554941 1.91394353 1.95672653]
 [1.96361874 2.05635561 2.04228067 1.9406748  2.09334088 1.9181925
  1.94835869 1.9805854  2.00473387 2.06769861 2.03827336]
 [2.07799342 1.99137212 1.91794654 2.02360753 1.93292361 2.03116146
  2.07788625 1.95620763 1.90837182 1.93057069 1.93189232]
 [1.92243737 1.95038847 1.9048052  1.90906946 1.90131492 1.90989196
  2.05006339 1.9148223  1.94439981 1.94174725 1.95227974]
 [1.90423686 1.97952923 2.05261574 1.91276237 2.08603089 2.0452838
  2.05483616 1.93595534 1.99473405 2.01385484 2.04819753]]
Cv: [[0.         0.         0.         0.         0.         0.
  0.         0.         0.         0.        ]
 [2.0928335  1.90020595 2.00045909 1.96243626 2.02343198 1.92803789
  1.90569835 2.06496613 2.06566931 1.94201082]
 [1.99617862 2.09050642 1.92495726 2.05385255 2.05121973 2.06080196
  1.94457178 1.99350687 2.03845443 1.99250922]
 [2.01631144 2.01826993 2.03109304 2.06736762 1.94456734 1.92572837
  2.04466715 1.92684822 1.93136156 2.09446176]
 [2.03308584 2.09002139 2.00293847 1.92289533 1.93543544 2.08061812
  2.0797119  1.99704403 1.99548931 2.04716496]
 [2.09773569 1.94141853 2.07535227 2.08063891 1.9777667  2.07015516
  1.93406518 1.99192991 2.020916   2.09083595]
 [2.02797203 2.0980145  2.04284733 1.93645579 2.04376432 2.08475392
  1.98368061 1.93345236 1.93874873 2.00362054]
 [2.07970831 2.06632195 2.03084755 2.06240664 2.04346495 1.98625779
  1.93192851 2.00419383 1.92186115 1.972421  ]
 [1.97716958 2.09300222 2.0569956  1.97873336 1.97984369 2.08334662
  2.07903764 2.02313006 1.91690697 2.09368837]
 [2.06920574 2.00092935 1.933746   1.99404172 2.00191257 1.92928168
  1.90817449 1.94385069 1.99977317 2.06078065]]
Rh: [[ 9.32208691 13.37655278  6.65631179  8.24114537 10.12688299  5.87320397
  14.16027476  5.25542808  8.26978689  5.52130357  9.98149036]
 [11.0740329   8.24314385  7.63586388 12.05356418  7.5737919   7.70806585
   7.19188481  6.66609869  7.12973678 13.86199412  6.78917805]
 [ 8.53275985  5.5593304   9.95288327  5.01368647  6.92598215 12.586261
  10.79945617 10.36883303  8.12165664 12.1867786  14.45969878]
 [11.40148732  6.61278716 13.20461469  7.04532904  7.77824483 14.5388067
   6.72496951 12.14945215 14.48708467  7.37269833  8.94908633]
 [ 8.34794195  9.12622481  6.76185504  8.03188404  6.59585791  6.23119464
   5.12255906 11.62597215 13.62608959  6.17841671  6.91045421]
 [ 7.62778589 14.61217785 10.96691933  8.48476755  6.59757217 13.03618387
   9.37043993 11.7989814   7.75263613  7.44478156  6.59844054]
 [ 7.71074514  8.82186309 13.3142821  12.85755972 10.16287994  5.8407022
  13.61922662  7.50091023  9.33640085 12.25718561  5.37618864]
 [10.05106516  6.34138941 11.65613073  5.99891238  7.25778086  5.32531789
   6.76870081 11.4052071   5.2689861   8.22873985  8.95327912]
 [ 8.63637362  5.72136767  6.46858714 10.31799022  7.71972412 12.51695392
  11.93818603  8.91584425 13.96870574 13.69110564  5.89542965]
 [ 6.92042368  5.68581512  7.2830675  11.25260127  9.23925975 11.08342229
   5.53567622 14.36357942  5.86882716  5.56674916  7.10825548]]
Rv: [[11.29191196  9.72712268 12.28183661 11.10667256  7.0047749   9.9474083
  10.75743356 11.36109308 10.91595645  9.19249059]
 [13.76602752  5.37281471  5.75982951  7.01293407  6.88490242  5.51794494
   6.92938107 10.361776    6.18270455  7.94331673]
 [14.39463118  6.81388853  9.31134476 14.91205535 10.18903234 12.45973183
  11.15893001  5.48338364  6.19396835  8.71891525]
 [10.61725834  5.11173534  9.87366266  6.05341691 12.6394287   7.72093778
  12.57966953  5.35819189  6.57780766 12.59683289]
 [ 5.84949345 10.7249019  13.61622458 14.0019239   6.80530335  8.34335248
  11.64562996 14.95838025  6.15043715  6.6228333 ]
 [13.14826745  8.16781523  7.20195565  7.64236212  6.58221563 14.78831174
  12.10747126 10.55996105  9.74758225 11.27141119]
 [10.17009707  7.84350767 11.59788242  6.76354508 12.4480009   9.98727386
  11.56744922  9.06843279 12.62590938  6.32268024]
 [10.22823907  5.55329597  6.54968248  5.72605589 14.59145716  6.86902849
   5.49351155  6.48117478 11.52341795 13.9867528 ]
 [ 6.10509459 11.38613044 14.96321844  6.47433399  8.52572944 10.1581309
   7.27483833 12.42940738  5.21003522 10.20664226]]