-------Running parameters--------
T = 0.001
temperature_gradient = 0.0
gap = 0.0
M = 10
N = 10
VR = 0.0
Vmin = 0.0
Vmax = 1.1
vStep = 0.001
vSym = True
repeats = 50
fileName = array_10_10_disorder_c_std_0.1_r_std_7_run_2
dist = exp
fullOutput = True
use_graph = False
current_map = True
plot_current_map = False
plot_binary_current_map = False
frame_norm = False
dbg = False
resume = False
sc = False
leaping = False
constQ = False
modifyR = False
double_time = False
double_loop = False
output_folder = bgu_2d_finite_temperature_different_disorders_statistics
params_path = 
VG_avg = 0.0
VG_std = 0.0
C_avg = 2.0
C_std = 0.1
CG_avg = 10.0
CG_std = 0.0
R_avg = 10.0
R_std = 7.0
custom_rh = ""
custom_rv = ""
custom_ch = ""
custom_cv = ""
RG_avg = 500.0
RG_std = 0.0
n0_avg = 0.0
n0_std = 0.0
Q0_avg = 0.0
Q0_std = 0.0
----Array Parameters-----
Rows: 10
Columns: 10
VG: [[0.]
 [0.]
 [0.]
 [0.]
 [0.]
 [0.]
 [0.]
 [0.]
 [0.]
 [0.]
 [0.]
 [0.]
 [0.]
 [0.]
 [0.]
 [0.]
 [0.]
 [0.]
 [0.]
 [0.]
 [0.]
 [0.]
 [0.]
 [0.]
 [0.]
 [0.]
 [0.]
 [0.]
 [0.]
 [0.]
 [0.]
 [0.]
 [0.]
 [0.]
 [0.]
 [0.]
 [0.]
 [0.]
 [0.]
 [0.]
 [0.]
 [0.]
 [0.]
 [0.]
 [0.]
 [0.]
 [0.]
 [0.]
 [0.]
 [0.]
 [0.]
 [0.]
 [0.]
 [0.]
 [0.]
 [0.]
 [0.]
 [0.]
 [0.]
 [0.]
 [0.]
 [0.]
 [0.]
 [0.]
 [0.]
 [0.]
 [0.]
 [0.]
 [0.]
 [0.]
 [0.]
 [0.]
 [0.]
 [0.]
 [0.]
 [0.]
 [0.]
 [0.]
 [0.]
 [0.]
 [0.]
 [0.]
 [0.]
 [0.]
 [0.]
 [0.]
 [0.]
 [0.]
 [0.]
 [0.]
 [0.]
 [0.]
 [0.]
 [0.]
 [0.]
 [0.]
 [0.]
 [0.]
 [0.]
 [0.]]
CG: [[10.]
 [10.]
 [10.]
 [10.]
 [10.]
 [10.]
 [10.]
 [10.]
 [10.]
 [10.]
 [10.]
 [10.]
 [10.]
 [10.]
 [10.]
 [10.]
 [10.]
 [10.]
 [10.]
 [10.]
 [10.]
 [10.]
 [10.]
 [10.]
 [10.]
 [10.]
 [10.]
 [10.]
 [10.]
 [10.]
 [10.]
 [10.]
 [10.]
 [10.]
 [10.]
 [10.]
 [10.]
 [10.]
 [10.]
 [10.]
 [10.]
 [10.]
 [10.]
 [10.]
 [10.]
 [10.]
 [10.]
 [10.]
 [10.]
 [10.]
 [10.]
 [10.]
 [10.]
 [10.]
 [10.]
 [10.]
 [10.]
 [10.]
 [10.]
 [10.]
 [10.]
 [10.]
 [10.]
 [10.]
 [10.]
 [10.]
 [10.]
 [10.]
 [10.]
 [10.]
 [10.]
 [10.]
 [10.]
 [10.]
 [10.]
 [10.]
 [10.]
 [10.]
 [10.]
 [10.]
 [10.]
 [10.]
 [10.]
 [10.]
 [10.]
 [10.]
 [10.]
 [10.]
 [10.]
 [10.]
 [10.]
 [10.]
 [10.]
 [10.]
 [10.]
 [10.]
 [10.]
 [10.]
 [10.]
 [10.]]
RG: [[500.]
 [500.]
 [500.]
 [500.]
 [500.]
 [500.]
 [500.]
 [500.]
 [500.]
 [500.]
 [500.]
 [500.]
 [500.]
 [500.]
 [500.]
 [500.]
 [500.]
 [500.]
 [500.]
 [500.]
 [500.]
 [500.]
 [500.]
 [500.]
 [500.]
 [500.]
 [500.]
 [500.]
 [500.]
 [500.]
 [500.]
 [500.]
 [500.]
 [500.]
 [500.]
 [500.]
 [500.]
 [500.]
 [500.]
 [500.]
 [500.]
 [500.]
 [500.]
 [500.]
 [500.]
 [500.]
 [500.]
 [500.]
 [500.]
 [500.]
 [500.]
 [500.]
 [500.]
 [500.]
 [500.]
 [500.]
 [500.]
 [500.]
 [500.]
 [500.]
 [500.]
 [500.]
 [500.]
 [500.]
 [500.]
 [500.]
 [500.]
 [500.]
 [500.]
 [500.]
 [500.]
 [500.]
 [500.]
 [500.]
 [500.]
 [500.]
 [500.]
 [500.]
 [500.]
 [500.]
 [500.]
 [500.]
 [500.]
 [500.]
 [500.]
 [500.]
 [500.]
 [500.]
 [500.]
 [500.]
 [500.]
 [500.]
 [500.]
 [500.]
 [500.]
 [500.]
 [500.]
 [500.]
 [500.]
 [500.]]
Ch: [[2.02245901 2.05969333 2.0294461  2.03842462 2.02554194 2.0952461
  1.90160232 1.94322707 2.08251703 2.08371252 2.02947329]
 [1.9067745  1.91073373 2.00595221 2.08067839 2.03731483 2.06031356
  1.99995597 2.0872294  2.03142025 1.91797803 2.09823395]
 [2.05079999 2.00863658 2.04040069 2.05784873 2.08471223 1.9183717
  1.95724005 1.99006055 2.09156385 2.00867366 2.09079061]
 [1.94296224 1.99810873 1.95398667 1.98075816 2.08296132 1.93672129
  1.90945858 1.95210243 2.01625539 1.91974153 2.03386242]
 [2.08931753 1.95942304 2.09345008 2.07321502 1.95510687 1.95675581
  1.99701599 1.99675236 2.08762672 1.96478149 1.91877065]
 [1.9126072  2.01210812 2.00439616 1.91490093 2.05122423 1.96798913
  1.91255278 2.01474989 1.92448243 1.96262163 1.94932884]
 [2.01456833 1.94889399 2.0432251  1.92484312 2.02621953 2.08894878
  1.99520757 2.06564714 1.91125618 2.01781798 2.09616789]
 [1.9392899  2.07871039 2.05529799 2.0642658  2.04603437 1.92856867
  1.97945905 2.05753215 2.07392342 2.07867538 1.92976359]
 [2.03478472 1.96109526 2.09019941 1.91457118 1.97801045 1.93861906
  1.91653419 2.01534848 2.07553936 1.90088063 1.94063278]
 [2.05294401 1.99871402 1.91059766 1.98042353 1.94190366 2.02270918
  2.08134473 1.93073355 2.09867555 2.00800984 1.94171337]]
Cv: [[0.         0.         0.         0.         0.         0.
  0.         0.         0.         0.        ]
 [1.90446734 2.02098662 2.04530619 2.04931671 1.92273205 1.96466026
  2.06221262 2.07944674 2.07351074 2.01890426]
 [1.98099456 1.93401479 1.90053773 1.9474748  1.98178494 2.0963459
  1.91652151 2.03250056 2.0084923  2.07629325]
 [1.93997723 2.0137532  1.92692822 2.02886488 1.92851458 1.90452351
  1.90561634 1.97735618 1.97240175 2.05285985]
 [1.97643153 1.96308882 2.05031756 2.01138727 1.90740941 1.90681411
  1.95825367 1.92059854 1.91180652 2.01641397]
 [1.90145995 2.06807278 2.04658472 1.96405242 1.98327205 1.95407525
  2.04112894 1.92415993 1.97036985 2.00181981]
 [1.94333079 2.09024704 1.96637573 1.9274403  1.96756419 2.0307925
  2.02236902 1.90429399 1.99034872 2.00990592]
 [2.07835132 2.00887362 2.07041537 2.03468219 2.03716093 1.92637031
  2.048631   2.07082877 1.92702989 2.04011093]
 [2.09325118 2.01382701 1.91637001 2.07503245 2.03925671 2.03731729
  1.97737032 1.91363108 1.96781279 1.96583904]
 [1.96560477 1.90489407 1.9663889  1.92038301 1.90249205 1.95747944
  2.09584194 1.92271951 1.95973708 1.96505134]]
Rh: [[ 6.52035182  3.48194062 14.25711859  9.70458259  8.96274196  9.47060097
   4.25420674 12.7704716   7.00372507  3.29761481  3.82244865]
 [ 3.0128733   8.99189889  6.74082316  9.98366529 14.69465395  4.72287602
   3.08276105  6.16536683  3.03104654  5.11518584  3.12939859]
 [ 3.89424608  8.99139958  3.4509077  15.7297928   8.69440926  4.75724212
  16.89404965  6.20781163 10.14676616  6.08664458 13.52239916]
 [ 9.48798974 10.13609466 10.49634965  4.67974986  9.89088073 14.59089087
  13.39430575  3.80351051  5.07095048  4.47573233  4.44641164]
 [ 3.67476872 13.47757531  3.605292   14.75704007  3.15548879  3.00075882
  11.43577831 14.1898484   5.60402153  3.34042157  4.03628947]
 [11.50996882 11.52680216  4.84834775  5.41279587  3.57371924 12.36374054
   5.32780283  7.78710379  6.68293748  5.69418968  4.25250604]
 [16.72865044 14.1043586   8.38576148 13.34469549  6.85537319  7.38554853
   6.82083102 16.30984156  6.27674754 12.4144666   5.34357329]
 [ 7.75685038  4.87040912 10.47879079  7.84803143  5.40944248  6.08929309
   5.11164885  8.07836295  3.50729272  4.41426844 16.26414534]
 [ 3.47275753 16.75926719  3.49816501 13.24920816 14.073788    3.39775297
   9.96205335 11.65220634 14.08880887  3.1252784   3.30825297]
 [ 5.60015675 10.84936389 12.59115747  4.96029431  3.10022924 14.3299746
  11.81539476  9.59121115 14.43765113  3.22266523  4.20931063]]
Rv: [[14.1047374  15.64268458  5.39881565 14.15430364  5.24044051  4.83926515
   7.00149645  3.23140747  8.20484314 16.11688356]
 [16.39025153  8.37985581 11.1492198  10.32061521 10.07674854  6.70990551
   4.41643413  9.87200953  3.74158938  6.65938888]
 [ 9.46776519 13.95934879  3.02527214  4.05943831  3.96747373  6.56106958
  14.95618691  8.95678276  3.87030153  3.17117333]
 [ 3.30183368  8.39017622 10.66612673 12.34789257  3.3901765   4.84320244
   3.21037094  7.32339356  3.63584817  4.80767051]
 [ 9.8762368   5.66077842 10.93378913  3.00576786  4.64201155 11.95046205
   6.43151885  5.10386348 11.29691259  4.6689086 ]
 [15.98538946 16.39287059  4.89351293  5.34106304  4.42352531  3.92382771
   6.21730439  9.0159113   5.8585584   5.64075689]
 [ 3.39760391  6.75389868  3.9324583   5.5979305   5.42697073  3.42460241
   4.13969116  4.32561594  9.16521874 11.37298385]
 [ 9.80054927  5.7396098   6.80036467 10.61258202 15.92734007  4.37425389
  16.64314385 10.41245501 15.55193582 13.22900462]
 [11.84767056 12.46315859 13.95506548 15.81780406  5.89907124  5.31279454
  14.70037728  6.83497915  3.83311621  4.76536976]]