-------Running parameters--------
T = 0.001
temperature_gradient = 0.0
gap = 0.0
M = 10
N = 10
VR = 0.0
Vmin = 0.0
Vmax = 1.1
vStep = 0.001
vSym = True
repeats = 50
fileName = array_10_10_disorder_c_std_0.1_r_std_10_run_5
dist = exp
fullOutput = True
use_graph = False
current_map = True
plot_current_map = False
plot_binary_current_map = False
frame_norm = False
dbg = False
resume = False
sc = False
leaping = False
constQ = False
modifyR = False
double_time = False
double_loop = False
output_folder = bgu_2d_finite_temperature_different_disorders_statistics
params_path = 
VG_avg = 0.0
VG_std = 0.0
C_avg = 2.0
C_std = 0.1
CG_avg = 10.0
CG_std = 0.0
R_avg = 20.0
R_std = 10.0
custom_rh = ""
custom_rv = ""
custom_ch = ""
custom_cv = ""
RG_avg = 500.0
RG_std = 0.0
n0_avg = 0.0
n0_std = 0.0
Q0_avg = 0.0
Q0_std = 0.0
----Array Parameters-----
Rows: 10
Columns: 10
VG: [[0.]
 [0.]
 [0.]
 [0.]
 [0.]
 [0.]
 [0.]
 [0.]
 [0.]
 [0.]
 [0.]
 [0.]
 [0.]
 [0.]
 [0.]
 [0.]
 [0.]
 [0.]
 [0.]
 [0.]
 [0.]
 [0.]
 [0.]
 [0.]
 [0.]
 [0.]
 [0.]
 [0.]
 [0.]
 [0.]
 [0.]
 [0.]
 [0.]
 [0.]
 [0.]
 [0.]
 [0.]
 [0.]
 [0.]
 [0.]
 [0.]
 [0.]
 [0.]
 [0.]
 [0.]
 [0.]
 [0.]
 [0.]
 [0.]
 [0.]
 [0.]
 [0.]
 [0.]
 [0.]
 [0.]
 [0.]
 [0.]
 [0.]
 [0.]
 [0.]
 [0.]
 [0.]
 [0.]
 [0.]
 [0.]
 [0.]
 [0.]
 [0.]
 [0.]
 [0.]
 [0.]
 [0.]
 [0.]
 [0.]
 [0.]
 [0.]
 [0.]
 [0.]
 [0.]
 [0.]
 [0.]
 [0.]
 [0.]
 [0.]
 [0.]
 [0.]
 [0.]
 [0.]
 [0.]
 [0.]
 [0.]
 [0.]
 [0.]
 [0.]
 [0.]
 [0.]
 [0.]
 [0.]
 [0.]
 [0.]]
CG: [[10.]
 [10.]
 [10.]
 [10.]
 [10.]
 [10.]
 [10.]
 [10.]
 [10.]
 [10.]
 [10.]
 [10.]
 [10.]
 [10.]
 [10.]
 [10.]
 [10.]
 [10.]
 [10.]
 [10.]
 [10.]
 [10.]
 [10.]
 [10.]
 [10.]
 [10.]
 [10.]
 [10.]
 [10.]
 [10.]
 [10.]
 [10.]
 [10.]
 [10.]
 [10.]
 [10.]
 [10.]
 [10.]
 [10.]
 [10.]
 [10.]
 [10.]
 [10.]
 [10.]
 [10.]
 [10.]
 [10.]
 [10.]
 [10.]
 [10.]
 [10.]
 [10.]
 [10.]
 [10.]
 [10.]
 [10.]
 [10.]
 [10.]
 [10.]
 [10.]
 [10.]
 [10.]
 [10.]
 [10.]
 [10.]
 [10.]
 [10.]
 [10.]
 [10.]
 [10.]
 [10.]
 [10.]
 [10.]
 [10.]
 [10.]
 [10.]
 [10.]
 [10.]
 [10.]
 [10.]
 [10.]
 [10.]
 [10.]
 [10.]
 [10.]
 [10.]
 [10.]
 [10.]
 [10.]
 [10.]
 [10.]
 [10.]
 [10.]
 [10.]
 [10.]
 [10.]
 [10.]
 [10.]
 [10.]
 [10.]]
RG: [[500.]
 [500.]
 [500.]
 [500.]
 [500.]
 [500.]
 [500.]
 [500.]
 [500.]
 [500.]
 [500.]
 [500.]
 [500.]
 [500.]
 [500.]
 [500.]
 [500.]
 [500.]
 [500.]
 [500.]
 [500.]
 [500.]
 [500.]
 [500.]
 [500.]
 [500.]
 [500.]
 [500.]
 [500.]
 [500.]
 [500.]
 [500.]
 [500.]
 [500.]
 [500.]
 [500.]
 [500.]
 [500.]
 [500.]
 [500.]
 [500.]
 [500.]
 [500.]
 [500.]
 [500.]
 [500.]
 [500.]
 [500.]
 [500.]
 [500.]
 [500.]
 [500.]
 [500.]
 [500.]
 [500.]
 [500.]
 [500.]
 [500.]
 [500.]
 [500.]
 [500.]
 [500.]
 [500.]
 [500.]
 [500.]
 [500.]
 [500.]
 [500.]
 [500.]
 [500.]
 [500.]
 [500.]
 [500.]
 [500.]
 [500.]
 [500.]
 [500.]
 [500.]
 [500.]
 [500.]
 [500.]
 [500.]
 [500.]
 [500.]
 [500.]
 [500.]
 [500.]
 [500.]
 [500.]
 [500.]
 [500.]
 [500.]
 [500.]
 [500.]
 [500.]
 [500.]
 [500.]
 [500.]
 [500.]
 [500.]]
Ch: [[1.90724175 2.016703   2.03128017 2.06808075 1.94215825 1.92471049
  1.94323836 2.07405917 2.08310279 1.92299837 1.99013988]
 [1.99503918 1.93008408 2.07729334 2.01569517 1.97346685 2.00630473
  1.91916271 2.05808401 2.01743726 1.95778041 1.98950855]
 [1.95177289 2.09133854 1.9263144  1.98778865 1.9035152  2.0737617
  1.92591367 2.06883188 1.95206089 1.99753077 1.95602187]
 [2.04719235 2.06220148 1.93612554 2.02632659 1.90264403 1.91500815
  1.93582383 1.93488647 1.97502427 1.908319   1.93197868]
 [2.05338178 1.96046722 1.98846665 1.90243646 2.06224591 1.98802313
  1.93917977 2.09924405 2.05869647 1.93693825 1.90461466]
 [2.05071296 1.91430325 1.96009807 1.9432971  1.94704817 1.91927642
  1.95309456 1.93084721 1.92039431 1.91129545 1.96108334]
 [1.9361001  2.08503364 1.97567674 1.91017855 1.9661369  2.04911656
  1.99500738 1.92386086 2.05813874 2.0057945  2.03607698]
 [2.09928694 2.03326728 2.08341116 1.93410059 1.93712057 1.93029092
  2.04087491 2.00741653 2.02110623 1.98106621 2.07542864]
 [2.089307   2.06559282 2.0581081  1.94914646 2.08687116 2.06266206
  1.96263268 2.01453051 2.09867448 2.01401193 1.97571564]
 [1.99270104 1.94455835 1.98190011 1.91883049 1.97365223 1.97116883
  2.06637842 1.94238413 2.00080428 1.90792336 1.90165804]]
Cv: [[0.         0.         0.         0.         0.         0.
  0.         0.         0.         0.        ]
 [1.91193204 2.06096207 2.04577807 2.04183286 1.96877141 1.90421688
  1.96252828 1.9836794  2.09491423 2.0928277 ]
 [1.90186889 1.99542274 1.95803675 1.96359774 1.96293157 2.05908568
  1.9130011  2.00199016 2.08372979 2.00238071]
 [2.01202268 2.09673074 1.93179883 2.06389445 1.95084851 2.0055984
  2.08034642 2.09252809 2.06343099 1.96285111]
 [2.01752079 2.01099618 1.97080425 1.94520661 1.99614853 1.95389407
  2.03266514 2.08009482 1.91678402 2.05392414]
 [2.07521597 1.99710993 1.97386317 2.05819741 2.09233275 2.08127527
  1.95801632 1.97037772 1.91115555 2.09878434]
 [1.95067471 2.04432728 2.02521097 1.92903436 1.97793145 2.03472372
  2.09263669 1.9592561  1.94002363 1.99749973]
 [2.03485278 2.00586584 1.95846073 2.09754929 2.04672803 2.00528147
  2.08522239 2.00287023 1.94490136 2.00317308]
 [2.09244921 1.93629363 1.94258972 2.0426768  2.0731137  1.98912837
  2.09566574 1.95022728 1.99403039 2.01257461]
 [1.97112972 2.00281468 2.02895337 1.96441129 2.06313784 2.06975765
  2.07560246 2.05091006 1.98626669 2.0536023 ]]
Rh: [[11.72731085 15.09368263 14.84699651 18.36974206 27.27946187 11.0005185
  10.70568853 15.40514155 18.30428727 20.49524117 19.58754014]
 [21.76929047 15.04778067 20.2457921  21.45159524 26.51477984 11.74065093
  10.6092     15.28867314 15.40329882 27.07388652 15.78354333]
 [26.39849356 21.80009661 15.60944327 17.53145492 22.77533085 15.94196595
  16.66873189 25.24071509 16.33967054 22.53243218 16.82247656]
 [24.32036025 10.29484533 12.36893301 11.93314105 16.6059465  10.06689681
  15.88775613 28.06524314 23.01855859 17.82624313 28.78886402]
 [23.17273195 10.72297569 14.26077874 11.6288462  29.77807029 12.45319113
  25.48982529 29.39307727 16.40420695 10.18483771 29.0191759 ]
 [16.39557152 11.15345352 25.95183609 16.60128167 16.66106469 17.02314679
  14.87569818 16.35383183 18.49545253 23.25113131 18.67793765]
 [13.88699141 10.37470279 25.77036645 25.15792044 29.47161236 11.55341028
  19.61688798 13.88301815 15.52194355 23.70500853 27.62809827]
 [15.48309157 23.67223074 21.94720946 11.45743091 10.73442699 23.51121166
  20.64977791 20.02636137 20.24351067 17.55627257 12.02416653]
 [19.00864481 12.98069377 12.10882517 10.56348836 22.45206803 27.03265819
  13.97081407 29.87304475 14.95169521 29.93765253 27.48240049]
 [15.44667523 10.06657632 13.516367   12.46270859 21.43772028 26.92546096
  21.28655748 25.63879856 19.65634631 11.37632892 11.27735883]]
Rv: [[18.97810701 24.85451457 15.91091802 28.6211682  18.92421086 20.9810563
  22.24115855 16.37457445 10.52063318 25.1752024 ]
 [25.78949457 17.83659988 17.97997721 18.43542496 15.39177659 27.12591888
  26.24154893 11.81973801 26.68245047 12.31052504]
 [17.55850592 13.18095695 22.21240242 10.40287522 10.38426247 18.41081984
  17.10704172 28.18431857 14.30071573 10.69506336]
 [22.78826196 14.43164607 18.27711794 28.77171588 29.49566934 21.12431336
  23.9723634  11.7734682  13.12220879 25.66602768]
 [14.30730511 28.20171534 15.03168847 26.57419694 14.88915003 23.12752044
  10.36328056 22.97040656 17.67438355 27.24293057]
 [21.3429146  26.87275397 17.58851518 16.25859738 16.5861654  18.95940502
  11.66544462 22.92201245 23.45396328 16.89360739]
 [10.68699013 12.19493283 11.90958652 17.03899468 23.86090683 21.7273768
  16.7811648  21.68601617 29.04881153 19.03528182]
 [16.77854481 14.52535791 21.53974103 16.58092781 13.95236588 26.08186937
  24.97861987 11.58331921 10.58901767 24.51784223]
 [18.87552481 29.77855949 21.03720308 20.85697422 11.78983203 10.48651893
  23.13911025 22.80047077 18.22333046 12.67838409]]