-------Running parameters--------
T = 0.001
temperature_gradient = 0.0
gap = 0.0
M = 10
N = 10
VR = 0.0
Vmin = 0.0
Vmax = 1.1
vStep = 0.001
vSym = True
repeats = 50
fileName = array_10_10_disorder_c_std_0.1_r_std_13_run_6
dist = exp
fullOutput = True
use_graph = False
current_map = True
plot_current_map = False
plot_binary_current_map = False
frame_norm = False
dbg = False
resume = False
sc = False
leaping = False
constQ = False
modifyR = False
double_time = False
double_loop = False
output_folder = bgu_2d_finite_temperature_different_disorders_statistics
params_path = 
VG_avg = 0.0
VG_std = 0.0
C_avg = 2.0
C_std = 0.1
CG_avg = 10.0
CG_std = 0.0
R_avg = 20.0
R_std = 13.0
custom_rh = ""
custom_rv = ""
custom_ch = ""
custom_cv = ""
RG_avg = 500.0
RG_std = 0.0
n0_avg = 0.0
n0_std = 0.0
Q0_avg = 0.0
Q0_std = 0.0
----Array Parameters-----
Rows: 10
Columns: 10
VG: [[0.]
 [0.]
 [0.]
 [0.]
 [0.]
 [0.]
 [0.]
 [0.]
 [0.]
 [0.]
 [0.]
 [0.]
 [0.]
 [0.]
 [0.]
 [0.]
 [0.]
 [0.]
 [0.]
 [0.]
 [0.]
 [0.]
 [0.]
 [0.]
 [0.]
 [0.]
 [0.]
 [0.]
 [0.]
 [0.]
 [0.]
 [0.]
 [0.]
 [0.]
 [0.]
 [0.]
 [0.]
 [0.]
 [0.]
 [0.]
 [0.]
 [0.]
 [0.]
 [0.]
 [0.]
 [0.]
 [0.]
 [0.]
 [0.]
 [0.]
 [0.]
 [0.]
 [0.]
 [0.]
 [0.]
 [0.]
 [0.]
 [0.]
 [0.]
 [0.]
 [0.]
 [0.]
 [0.]
 [0.]
 [0.]
 [0.]
 [0.]
 [0.]
 [0.]
 [0.]
 [0.]
 [0.]
 [0.]
 [0.]
 [0.]
 [0.]
 [0.]
 [0.]
 [0.]
 [0.]
 [0.]
 [0.]
 [0.]
 [0.]
 [0.]
 [0.]
 [0.]
 [0.]
 [0.]
 [0.]
 [0.]
 [0.]
 [0.]
 [0.]
 [0.]
 [0.]
 [0.]
 [0.]
 [0.]
 [0.]]
CG: [[10.]
 [10.]
 [10.]
 [10.]
 [10.]
 [10.]
 [10.]
 [10.]
 [10.]
 [10.]
 [10.]
 [10.]
 [10.]
 [10.]
 [10.]
 [10.]
 [10.]
 [10.]
 [10.]
 [10.]
 [10.]
 [10.]
 [10.]
 [10.]
 [10.]
 [10.]
 [10.]
 [10.]
 [10.]
 [10.]
 [10.]
 [10.]
 [10.]
 [10.]
 [10.]
 [10.]
 [10.]
 [10.]
 [10.]
 [10.]
 [10.]
 [10.]
 [10.]
 [10.]
 [10.]
 [10.]
 [10.]
 [10.]
 [10.]
 [10.]
 [10.]
 [10.]
 [10.]
 [10.]
 [10.]
 [10.]
 [10.]
 [10.]
 [10.]
 [10.]
 [10.]
 [10.]
 [10.]
 [10.]
 [10.]
 [10.]
 [10.]
 [10.]
 [10.]
 [10.]
 [10.]
 [10.]
 [10.]
 [10.]
 [10.]
 [10.]
 [10.]
 [10.]
 [10.]
 [10.]
 [10.]
 [10.]
 [10.]
 [10.]
 [10.]
 [10.]
 [10.]
 [10.]
 [10.]
 [10.]
 [10.]
 [10.]
 [10.]
 [10.]
 [10.]
 [10.]
 [10.]
 [10.]
 [10.]
 [10.]]
RG: [[500.]
 [500.]
 [500.]
 [500.]
 [500.]
 [500.]
 [500.]
 [500.]
 [500.]
 [500.]
 [500.]
 [500.]
 [500.]
 [500.]
 [500.]
 [500.]
 [500.]
 [500.]
 [500.]
 [500.]
 [500.]
 [500.]
 [500.]
 [500.]
 [500.]
 [500.]
 [500.]
 [500.]
 [500.]
 [500.]
 [500.]
 [500.]
 [500.]
 [500.]
 [500.]
 [500.]
 [500.]
 [500.]
 [500.]
 [500.]
 [500.]
 [500.]
 [500.]
 [500.]
 [500.]
 [500.]
 [500.]
 [500.]
 [500.]
 [500.]
 [500.]
 [500.]
 [500.]
 [500.]
 [500.]
 [500.]
 [500.]
 [500.]
 [500.]
 [500.]
 [500.]
 [500.]
 [500.]
 [500.]
 [500.]
 [500.]
 [500.]
 [500.]
 [500.]
 [500.]
 [500.]
 [500.]
 [500.]
 [500.]
 [500.]
 [500.]
 [500.]
 [500.]
 [500.]
 [500.]
 [500.]
 [500.]
 [500.]
 [500.]
 [500.]
 [500.]
 [500.]
 [500.]
 [500.]
 [500.]
 [500.]
 [500.]
 [500.]
 [500.]
 [500.]
 [500.]
 [500.]
 [500.]
 [500.]
 [500.]]
Ch: [[1.91158751 2.09484219 1.9828441  2.01176579 1.96697337 2.00847358
  2.06969392 2.00487799 1.96559134 2.06627786 2.08301315]
 [1.95557354 2.04063319 1.92217579 1.95755581 1.90579224 2.08466124
  2.01821028 1.96551627 2.01799791 2.02279147 2.00417536]
 [2.0894587  2.06702385 1.90463221 1.97265519 1.95216447 2.04569592
  1.99154073 2.01152983 1.97073482 1.93094412 1.92232689]
 [1.9942859  1.92220055 1.91370519 2.01139383 2.08949149 2.0554883
  1.91731881 1.93745603 2.09584436 2.08088878 1.92413761]
 [2.06519562 1.96952214 1.97129842 2.00794055 1.95871113 1.90179808
  1.97127744 1.93110582 2.08608937 1.96880035 1.97011614]
 [1.93920251 1.97814538 1.97370275 1.91039511 1.95609426 2.00311702
  1.91873893 2.01960354 2.06059063 1.9493415  2.09779339]
 [1.95492102 2.09649137 2.07518216 1.91514249 1.94411594 2.04081351
  1.90745388 1.97948726 1.9711557  2.07639376 2.01920765]
 [1.96921338 2.00699599 1.90555058 1.9151359  2.00220742 1.94588594
  1.91577544 2.07164636 2.0736603  2.04614827 1.99231432]
 [1.90485448 2.02000997 1.91219571 2.05131069 2.09624498 2.01548503
  1.93890947 2.00635141 2.01390052 1.91614715 2.00187799]
 [2.04827203 1.92862286 2.08911776 2.03339465 2.00504364 2.01285645
  1.93142264 2.08066011 2.05577116 2.04932798 2.09774926]]
Cv: [[0.         0.         0.         0.         0.         0.
  0.         0.         0.         0.        ]
 [1.92287256 2.083697   2.07919318 2.06798179 2.06520616 2.03375698
  1.91462507 1.91696197 1.96144662 1.94066246]
 [1.97438874 1.96930343 2.05170959 2.09499444 1.97135268 1.9550348
  1.98140484 1.91113214 2.08630157 1.98943441]
 [1.98115344 2.09616354 1.91068465 2.04151433 2.01594764 1.95700354
  1.96302329 2.09607032 2.01720997 1.90608753]
 [2.03816126 1.91874573 1.97582375 1.99305042 1.97006804 2.0087254
  2.05279122 1.98243292 2.07597709 1.95746771]
 [1.9573713  2.00832594 1.96547171 2.06599773 1.98465088 1.96189411
  1.97829263 1.94488065 2.01724193 2.01675487]
 [2.09277172 2.07714077 2.0737308  2.09950993 1.956319   1.98865041
  2.02129829 1.90936396 1.9577528  1.91050142]
 [1.96235664 2.05835956 2.07423814 2.05582884 2.08981452 1.97434948
  1.92427909 2.08216776 2.03832581 2.09195748]
 [2.01361778 2.0665227  2.03110781 2.0233839  1.93787365 1.94171921
  2.07450972 1.90938425 2.07437497 2.02474055]
 [2.07530443 2.03036887 2.06195571 1.98696051 1.98359819 1.93551711
  1.94951608 2.05951773 2.05342585 2.09453035]]
Rh: [[ 9.13202904  8.13459645  9.89255852 23.35904393  8.10746161  9.52843499
  14.91639375  7.1540877  13.19318885  8.72867827 28.33504137]
 [19.87717612 13.49479929 16.97176441 22.14594359 16.58877578 24.8557653
  13.99854824 25.19765901 17.40329838 19.28754678 27.05131628]
 [12.03485064 18.94646423 12.59188218 22.741917   31.5176611  25.52884708
  18.8508367  14.39019885 10.38398287 29.73586737 12.20451863]
 [ 7.1891161  12.24444389 21.82106683 26.61844673 12.54928184 27.4254277
  16.4604651  12.71801434 22.09430325  7.57159119 17.5197258 ]
 [22.80443053 24.72841422 19.26549144  9.51912287 11.31185345 26.06385577
  19.27085717 28.48011788  7.48639486 30.20663907 16.242524  ]
 [ 8.82919557 12.45091396 29.51041584 17.64531933  9.32573932 12.8210246
   7.64991986 16.39256505 18.96455273 14.14562586 10.87914658]
 [30.94045107  7.55257894 32.67142703 21.90258591  7.32911119 19.31321177
  17.56697972  7.367703   24.19857702 13.85018665  7.09211215]
 [32.4120058  15.38654951  8.09171562 21.47201869  7.63359209 15.75358183
  32.13071353  7.87949382 18.33035613 19.85960107 12.56162809]
 [21.74270843 18.13894114  7.80525073 10.18653124 28.27355525 15.80628194
   7.71221084  9.40840731 12.57857066 17.32079376  9.67026113]
 [16.74518276 18.90961348 17.95623023 25.31564188  9.14336697 16.39706891
  32.48521893 14.26627068  7.36699997 14.03620037  7.04554726]]
Rv: [[ 7.51141935 11.10658264 21.76475426 15.70519754 21.5953405  14.31796607
  15.94421729 32.51631956  9.95616077 31.26572327]
 [32.00432566 27.39851438 23.43763155 10.47292935 15.93478507 18.28640518
  10.40492129 15.08145698  7.36953065 27.32420905]
 [ 8.71862532  9.68309794  7.31832724  7.67021863  9.57864356 14.99022643
   9.67398269  9.7236479   9.13486368 13.16487161]
 [18.32469284 13.03184678 24.75359773 31.45583079 29.04814138 10.13150418
  10.02809814 15.54163678 24.61375244 11.63483434]
 [24.94196484 15.3758699  18.62102654  9.28902934  8.28758739 16.53995538
  15.6400076  16.16616637  8.90872926  8.82580522]
 [15.08626582 31.75754846 14.70012934  7.07030081  8.13215177 17.24014349
   9.79560689 16.03648578 13.00632902 30.90413412]
 [ 9.16090858 27.76447639 23.63709119  7.98326542 13.30395059 10.15535248
  14.92250636 10.26166271 12.8595091  11.3824061 ]
 [13.18540564 26.68969915 26.87382104 21.53215768 26.58621515 19.89675751
  10.91695664 12.12912499 10.25992437 13.4076879 ]
 [ 7.85861239 13.04036318 30.12025512  8.35748129 31.09607985 31.83570827
  11.42967583  7.11826036 32.02111216  8.8269609 ]]