-------Running parameters--------
T = 0.001
temperature_gradient = 0.0
gap = 0.0
M = 10
N = 10
VR = 0.0
Vmin = 0.0
Vmax = 1.1
vStep = 0.001
vSym = True
repeats = 50
fileName = array_10_10_disorder_c_std_0.1_r_std_7_run_10
dist = exp
fullOutput = True
use_graph = False
current_map = True
plot_current_map = False
plot_binary_current_map = False
frame_norm = False
dbg = False
resume = False
sc = False
leaping = False
constQ = False
modifyR = False
double_time = False
double_loop = False
output_folder = bgu_2d_finite_temperature_different_disorders_statistics
params_path = 
VG_avg = 0.0
VG_std = 0.0
C_avg = 2.0
C_std = 0.1
CG_avg = 10.0
CG_std = 0.0
R_avg = 10.0
R_std = 7.0
custom_rh = ""
custom_rv = ""
custom_ch = ""
custom_cv = ""
RG_avg = 500.0
RG_std = 0.0
n0_avg = 0.0
n0_std = 0.0
Q0_avg = 0.0
Q0_std = 0.0
----Array Parameters-----
Rows: 10
Columns: 10
VG: [[0.]
 [0.]
 [0.]
 [0.]
 [0.]
 [0.]
 [0.]
 [0.]
 [0.]
 [0.]
 [0.]
 [0.]
 [0.]
 [0.]
 [0.]
 [0.]
 [0.]
 [0.]
 [0.]
 [0.]
 [0.]
 [0.]
 [0.]
 [0.]
 [0.]
 [0.]
 [0.]
 [0.]
 [0.]
 [0.]
 [0.]
 [0.]
 [0.]
 [0.]
 [0.]
 [0.]
 [0.]
 [0.]
 [0.]
 [0.]
 [0.]
 [0.]
 [0.]
 [0.]
 [0.]
 [0.]
 [0.]
 [0.]
 [0.]
 [0.]
 [0.]
 [0.]
 [0.]
 [0.]
 [0.]
 [0.]
 [0.]
 [0.]
 [0.]
 [0.]
 [0.]
 [0.]
 [0.]
 [0.]
 [0.]
 [0.]
 [0.]
 [0.]
 [0.]
 [0.]
 [0.]
 [0.]
 [0.]
 [0.]
 [0.]
 [0.]
 [0.]
 [0.]
 [0.]
 [0.]
 [0.]
 [0.]
 [0.]
 [0.]
 [0.]
 [0.]
 [0.]
 [0.]
 [0.]
 [0.]
 [0.]
 [0.]
 [0.]
 [0.]
 [0.]
 [0.]
 [0.]
 [0.]
 [0.]
 [0.]]
CG: [[10.]
 [10.]
 [10.]
 [10.]
 [10.]
 [10.]
 [10.]
 [10.]
 [10.]
 [10.]
 [10.]
 [10.]
 [10.]
 [10.]
 [10.]
 [10.]
 [10.]
 [10.]
 [10.]
 [10.]
 [10.]
 [10.]
 [10.]
 [10.]
 [10.]
 [10.]
 [10.]
 [10.]
 [10.]
 [10.]
 [10.]
 [10.]
 [10.]
 [10.]
 [10.]
 [10.]
 [10.]
 [10.]
 [10.]
 [10.]
 [10.]
 [10.]
 [10.]
 [10.]
 [10.]
 [10.]
 [10.]
 [10.]
 [10.]
 [10.]
 [10.]
 [10.]
 [10.]
 [10.]
 [10.]
 [10.]
 [10.]
 [10.]
 [10.]
 [10.]
 [10.]
 [10.]
 [10.]
 [10.]
 [10.]
 [10.]
 [10.]
 [10.]
 [10.]
 [10.]
 [10.]
 [10.]
 [10.]
 [10.]
 [10.]
 [10.]
 [10.]
 [10.]
 [10.]
 [10.]
 [10.]
 [10.]
 [10.]
 [10.]
 [10.]
 [10.]
 [10.]
 [10.]
 [10.]
 [10.]
 [10.]
 [10.]
 [10.]
 [10.]
 [10.]
 [10.]
 [10.]
 [10.]
 [10.]
 [10.]]
RG: [[500.]
 [500.]
 [500.]
 [500.]
 [500.]
 [500.]
 [500.]
 [500.]
 [500.]
 [500.]
 [500.]
 [500.]
 [500.]
 [500.]
 [500.]
 [500.]
 [500.]
 [500.]
 [500.]
 [500.]
 [500.]
 [500.]
 [500.]
 [500.]
 [500.]
 [500.]
 [500.]
 [500.]
 [500.]
 [500.]
 [500.]
 [500.]
 [500.]
 [500.]
 [500.]
 [500.]
 [500.]
 [500.]
 [500.]
 [500.]
 [500.]
 [500.]
 [500.]
 [500.]
 [500.]
 [500.]
 [500.]
 [500.]
 [500.]
 [500.]
 [500.]
 [500.]
 [500.]
 [500.]
 [500.]
 [500.]
 [500.]
 [500.]
 [500.]
 [500.]
 [500.]
 [500.]
 [500.]
 [500.]
 [500.]
 [500.]
 [500.]
 [500.]
 [500.]
 [500.]
 [500.]
 [500.]
 [500.]
 [500.]
 [500.]
 [500.]
 [500.]
 [500.]
 [500.]
 [500.]
 [500.]
 [500.]
 [500.]
 [500.]
 [500.]
 [500.]
 [500.]
 [500.]
 [500.]
 [500.]
 [500.]
 [500.]
 [500.]
 [500.]
 [500.]
 [500.]
 [500.]
 [500.]
 [500.]
 [500.]]
Ch: [[1.95866506 2.04405776 1.94649708 1.98707262 1.96159791 2.09405164
  2.06538774 1.94401471 2.081022   1.93676045 2.05959634]
 [2.00289513 2.01442128 1.92832941 1.97858553 2.02245766 1.95485934
  2.02655723 2.04731728 2.03730408 1.9954959  2.04358741]
 [2.09895539 1.954365   2.02557116 2.03058264 1.92698558 2.04485573
  2.02758561 2.07183521 1.96904912 2.04278971 1.93313984]
 [2.02278194 2.02339596 1.90290962 1.93030206 1.96819416 2.05987348
  1.91713952 2.04584981 2.00549407 2.073395   2.03729295]
 [1.99413572 2.04762535 2.0144587  1.9858377  2.04995651 2.06334817
  1.92654253 2.05511697 1.93686133 1.92472061 2.09507472]
 [1.96432548 2.03791176 2.04172876 1.97315098 2.06554171 2.02625266
  2.01494393 1.9576553  1.97429896 1.91593153 1.91098955]
 [2.09769018 2.05486506 2.09095254 2.00411251 2.00703333 2.03911084
  1.99252741 2.09800704 1.92701374 1.9693002  2.02554357]
 [2.0842974  1.94049277 1.9661354  2.02703528 1.98420814 1.92775976
  2.09011029 1.94024615 1.99350727 2.0372882  1.9660301 ]
 [1.98552384 1.97318189 2.09868627 2.02456171 1.95182921 1.93302126
  2.03900563 2.09492734 1.96254183 2.0329498  1.97219959]
 [1.9356681  1.97262838 2.02635778 1.92435131 1.90657763 1.94437485
  2.08513877 1.90088505 1.98904516 2.04946602 1.99195696]]
Cv: [[0.         0.         0.         0.         0.         0.
  0.         0.         0.         0.        ]
 [2.00914361 2.06149565 1.92994973 2.0925544  2.04504497 2.03172988
  1.97219101 1.98145798 1.91123872 1.99412718]
 [2.03494033 2.08820012 1.97020146 2.01932698 1.96001613 1.93217796
  2.06886048 2.06399575 1.98632873 1.99586965]
 [1.99200561 1.99690659 2.05571239 2.08981238 2.08474808 1.91909798
  1.95614541 1.98476077 1.99707596 1.92728312]
 [1.97434318 1.97816802 2.02141459 2.08257584 1.99718263 2.03225663
  2.05023119 1.96712677 2.00128973 2.06292849]
 [1.97110859 2.0670839  1.95235554 2.06119953 1.98464191 2.07896764
  2.04420923 1.97081222 1.99181314 2.02554853]
 [2.08457348 1.94316581 1.9474708  1.91737751 2.08635091 2.07670852
  1.90888239 1.93568202 1.98351107 2.0578442 ]
 [1.95747695 2.08495088 2.03948779 1.95242202 2.06817906 2.00726192
  1.90741988 1.90598214 1.92640946 2.06772901]
 [1.90191757 2.02940854 1.92680031 1.94238801 2.03380417 2.03098559
  1.98051769 1.94726024 2.0694215  2.00898924]
 [2.082418   1.94454518 1.91979009 2.09917644 2.08167308 1.98733427
  2.02688661 2.06763408 2.03710671 2.06957344]]
Rh: [[ 8.41434912  9.04205032  3.1334818   6.76632412  3.88052506 11.70186099
  15.86825846  7.22164525  6.43750406 12.48040123 15.17247822]
 [ 3.52071354  5.49618408 16.6048581   3.33992171  5.90052835  9.8217616
  10.5347493  15.48551109 11.82413422  5.56711244  6.3382922 ]
 [ 4.20772407  3.72526043  3.26448761 13.86536387  3.30053142 15.14423926
   5.42584425  5.3362232   5.91645915  4.65309764  7.89846497]
 [12.66637827  5.51446697  5.19433108 13.56790904  3.58594846  7.35887938
   8.82204473  4.41294901  7.72145863  6.25497688  6.46285608]
 [12.20768648  6.68658534  8.61706254  5.05141268  8.55527471  4.81027851
   9.67455782 15.43324172  3.99804659  7.859338    4.08283962]
 [ 3.82897064  3.24646417  7.71147339  3.83976385  7.13938643  4.52858738
  13.06055439 13.71543823  6.83267834 11.58224262  4.31693801]
 [ 4.03528265  4.54911616  4.99580621 10.08189019  7.31131306  6.23623964
  11.23214299  7.4596255   8.60848741  3.20654166 10.75016531]
 [ 8.99037603  5.88269448 11.56186835  3.52005343 13.60467254  4.80655538
  10.96019481  3.47810267  3.64778721  8.19429734 10.91675039]
 [ 7.94878959 16.50841882  4.26256894  6.29240299  9.80222633  9.4090943
   3.40775749  3.33154667  3.09015777 16.28361811 15.58344362]
 [ 3.43926004 15.03729682  3.6837739   7.49269745 14.91281036  9.274474
   8.48171369  9.40950222 14.85134669  8.36830459  5.11064814]]
Rv: [[14.49846837  7.39247958 12.87533882  3.54589225  7.45616627 16.53516594
  10.50068009  4.93046646 10.70281901  5.499731  ]
 [ 7.95108749  4.37587339 10.59785397  5.00211296  8.36934491 16.28038913
   4.89463617  8.77923537 11.39796336  4.35606394]
 [ 4.9564926   5.37359836 11.47858304 16.35380002 13.53943234 15.21950234
  14.89562873  3.60844288  6.98472706  7.92405921]
 [ 6.53849757 11.94785193  4.19487765  6.68574602 16.89532962  3.86993546
   5.64181883 11.67393545 16.22791367  3.36655902]
 [ 8.28383757  5.2671327   8.83171943  4.77875981  5.60557155  7.07655118
  13.49043598  3.71082487  3.03419338  7.89560511]
 [ 8.8133165  13.34328744  7.86854508  9.6125409  10.85466434  6.07641075
   8.61019064  3.72484967  8.09012811 11.51293604]
 [14.98012203  5.93260678  4.75992385  7.86562792 12.78500482  8.02708154
   5.43399452 14.61042565  3.88290903  8.32836867]
 [16.70487784 11.31576306  8.94950091  8.78787596  3.89771502 14.64429188
   9.69004104 10.20950342  4.87363011 16.68176604]
 [ 5.40233103  7.53617569  3.64719565 10.68804473  3.33475908 12.21709022
   3.14137502 16.79037131  4.04106385  4.77333952]]