-------Running parameters--------
T = 0.001
temperature_gradient = 0.0
gap = 0.0
M = 10
N = 10
VR = 0.0
Vmin = 0.0
Vmax = 1.1
vStep = 0.001
vSym = True
repeats = 50
fileName = array_10_10_disorder_c_std_0.1_r_std_5_run_2
dist = exp
fullOutput = True
use_graph = False
current_map = True
plot_current_map = False
plot_binary_current_map = False
frame_norm = False
dbg = False
resume = False
sc = False
leaping = False
constQ = False
modifyR = False
double_time = False
double_loop = False
output_folder = bgu_2d_finite_temperature_different_disorders_statistics
params_path = 
VG_avg = 0.0
VG_std = 0.0
C_avg = 2.0
C_std = 0.1
CG_avg = 10.0
CG_std = 0.0
R_avg = 10.0
R_std = 5.0
custom_rh = ""
custom_rv = ""
custom_ch = ""
custom_cv = ""
RG_avg = 500.0
RG_std = 0.0
n0_avg = 0.0
n0_std = 0.0
Q0_avg = 0.0
Q0_std = 0.0
----Array Parameters-----
Rows: 10
Columns: 10
VG: [[0.]
 [0.]
 [0.]
 [0.]
 [0.]
 [0.]
 [0.]
 [0.]
 [0.]
 [0.]
 [0.]
 [0.]
 [0.]
 [0.]
 [0.]
 [0.]
 [0.]
 [0.]
 [0.]
 [0.]
 [0.]
 [0.]
 [0.]
 [0.]
 [0.]
 [0.]
 [0.]
 [0.]
 [0.]
 [0.]
 [0.]
 [0.]
 [0.]
 [0.]
 [0.]
 [0.]
 [0.]
 [0.]
 [0.]
 [0.]
 [0.]
 [0.]
 [0.]
 [0.]
 [0.]
 [0.]
 [0.]
 [0.]
 [0.]
 [0.]
 [0.]
 [0.]
 [0.]
 [0.]
 [0.]
 [0.]
 [0.]
 [0.]
 [0.]
 [0.]
 [0.]
 [0.]
 [0.]
 [0.]
 [0.]
 [0.]
 [0.]
 [0.]
 [0.]
 [0.]
 [0.]
 [0.]
 [0.]
 [0.]
 [0.]
 [0.]
 [0.]
 [0.]
 [0.]
 [0.]
 [0.]
 [0.]
 [0.]
 [0.]
 [0.]
 [0.]
 [0.]
 [0.]
 [0.]
 [0.]
 [0.]
 [0.]
 [0.]
 [0.]
 [0.]
 [0.]
 [0.]
 [0.]
 [0.]
 [0.]]
CG: [[10.]
 [10.]
 [10.]
 [10.]
 [10.]
 [10.]
 [10.]
 [10.]
 [10.]
 [10.]
 [10.]
 [10.]
 [10.]
 [10.]
 [10.]
 [10.]
 [10.]
 [10.]
 [10.]
 [10.]
 [10.]
 [10.]
 [10.]
 [10.]
 [10.]
 [10.]
 [10.]
 [10.]
 [10.]
 [10.]
 [10.]
 [10.]
 [10.]
 [10.]
 [10.]
 [10.]
 [10.]
 [10.]
 [10.]
 [10.]
 [10.]
 [10.]
 [10.]
 [10.]
 [10.]
 [10.]
 [10.]
 [10.]
 [10.]
 [10.]
 [10.]
 [10.]
 [10.]
 [10.]
 [10.]
 [10.]
 [10.]
 [10.]
 [10.]
 [10.]
 [10.]
 [10.]
 [10.]
 [10.]
 [10.]
 [10.]
 [10.]
 [10.]
 [10.]
 [10.]
 [10.]
 [10.]
 [10.]
 [10.]
 [10.]
 [10.]
 [10.]
 [10.]
 [10.]
 [10.]
 [10.]
 [10.]
 [10.]
 [10.]
 [10.]
 [10.]
 [10.]
 [10.]
 [10.]
 [10.]
 [10.]
 [10.]
 [10.]
 [10.]
 [10.]
 [10.]
 [10.]
 [10.]
 [10.]
 [10.]]
RG: [[500.]
 [500.]
 [500.]
 [500.]
 [500.]
 [500.]
 [500.]
 [500.]
 [500.]
 [500.]
 [500.]
 [500.]
 [500.]
 [500.]
 [500.]
 [500.]
 [500.]
 [500.]
 [500.]
 [500.]
 [500.]
 [500.]
 [500.]
 [500.]
 [500.]
 [500.]
 [500.]
 [500.]
 [500.]
 [500.]
 [500.]
 [500.]
 [500.]
 [500.]
 [500.]
 [500.]
 [500.]
 [500.]
 [500.]
 [500.]
 [500.]
 [500.]
 [500.]
 [500.]
 [500.]
 [500.]
 [500.]
 [500.]
 [500.]
 [500.]
 [500.]
 [500.]
 [500.]
 [500.]
 [500.]
 [500.]
 [500.]
 [500.]
 [500.]
 [500.]
 [500.]
 [500.]
 [500.]
 [500.]
 [500.]
 [500.]
 [500.]
 [500.]
 [500.]
 [500.]
 [500.]
 [500.]
 [500.]
 [500.]
 [500.]
 [500.]
 [500.]
 [500.]
 [500.]
 [500.]
 [500.]
 [500.]
 [500.]
 [500.]
 [500.]
 [500.]
 [500.]
 [500.]
 [500.]
 [500.]
 [500.]
 [500.]
 [500.]
 [500.]
 [500.]
 [500.]
 [500.]
 [500.]
 [500.]
 [500.]]
Ch: [[1.97449962 2.01812599 1.91371432 2.00326585 2.05196206 2.02808791
  2.02560137 1.98572606 2.03892054 2.01406608 1.95559637]
 [2.00449083 2.05390202 2.04252366 2.05218751 2.03352974 1.99011948
  2.01598208 2.04840871 2.01781332 1.91051616 2.06093067]
 [1.97636639 2.00032975 1.98943003 1.93338135 1.9822855  2.03129675
  2.05645414 2.07276902 1.94915917 2.06500388 1.96760213]
 [1.96533437 2.09992624 1.92530746 1.96932998 2.09177543 2.02790309
  1.93008617 1.95033142 2.0732771  2.09453921 2.03477091]
 [2.02117995 1.95361448 2.01657092 2.05752253 1.92902335 2.08994787
  2.05103187 1.99044801 2.02756806 2.04859489 2.09758   ]
 [1.90201631 2.0701026  2.05763364 2.08602097 1.94450342 2.07616456
  2.06040977 2.07619196 2.06394048 2.00898182 2.08810548]
 [2.01163455 1.94156989 2.0673691  2.03759262 1.97505272 2.01216439
  1.9215014  1.91305019 2.06620365 1.95261157 1.95138247]
 [2.07946709 2.03128917 2.09708949 1.99433174 1.9274183  1.97966215
  1.90683255 2.00716454 1.96828179 2.08107668 1.94323897]
 [2.0952122  1.98181485 2.07996615 2.04879747 1.97695045 1.92698421
  2.03677821 1.94974495 1.90240592 2.09341606 1.93780202]
 [2.07268246 2.02535354 2.08094428 1.90632565 1.98983    1.94794808
  2.08101385 1.95434295 2.02924962 2.08692095 2.03132661]]
Cv: [[0.         0.         0.         0.         0.         0.
  0.         0.         0.         0.        ]
 [1.9933879  2.0213664  2.09711859 1.99095251 1.97527442 1.94669035
  2.09504165 2.01188747 1.93257021 1.90732372]
 [1.94353635 2.07509015 2.08175597 1.92573105 1.98593201 1.9094339
  1.94079729 2.00559661 1.92008223 2.01236024]
 [2.01159932 2.094511   1.92845374 1.99976199 2.03878913 2.0185378
  1.95124859 2.07301151 1.90514175 2.00199395]
 [1.9188079  1.97144311 1.98850241 2.09615264 1.94616755 1.90907148
  2.09779873 1.99979318 1.92015176 2.06026473]
 [2.03471716 1.99997356 1.9876366  1.90097923 1.95565758 2.03574785
  2.06816169 1.99388244 1.92010327 2.01835491]
 [2.04904692 1.95116035 1.94322137 2.09596341 1.99385092 1.96456108
  1.92486089 1.99795458 1.9112848  2.07362623]
 [2.02857996 1.9522937  1.94309206 2.08924289 2.00995114 2.01167229
  2.087809   1.91408917 2.09864002 1.91777525]
 [2.03479904 1.9321417  1.98920402 2.00728338 1.94079906 1.99791344
  2.07706758 2.01397328 2.00023274 1.93621941]
 [2.0885372  1.90555891 1.92928178 2.05453136 1.93813347 1.90864838
  1.92841992 2.00408926 1.93912856 2.06010453]]
Rh: [[13.25482716  8.97370312  9.20355409  7.05250082  5.69105171  7.61542661
   5.70873192  8.52791197  6.7376227  12.44812226  5.47581415]
 [ 5.22846639 11.67715246 13.42763001 12.23189736  7.66874685 13.6025088
   9.27125938  9.04845417 14.03007371  5.49379856  7.52239868]
 [ 5.694684    5.71775878 10.74557452  5.64857838  9.78593347 10.77056544
  13.5240019   7.13048222 12.55302076  9.01859622  9.18548808]
 [10.4095582  14.44034487  7.73468362  6.8489712   7.38694715 13.99146569
   7.28850281  6.17787008 12.73016431 14.45251203  9.81384425]
 [ 5.93043777 12.34430358  5.95188569  6.1145382   9.61876824  7.04663239
   9.58621083 11.5033124  14.01772038  5.71603677  9.17258709]
 [ 6.21140967 10.40063104  8.26125417  6.80782772  6.44159746  7.12129326
   8.63805135 13.06373874  8.03118299 11.79572902 10.61343184]
 [10.42258332 10.15164087 10.36178247  5.725758    8.04882782  5.59473114
   6.39451809 13.11487452 10.4995113  10.62573741 10.9548631 ]
 [12.32967716 12.39625983  6.99926649  7.17189548 13.4436463  12.90668779
   8.55866311 11.33064274  7.07120684 13.17974383 13.23167125]
 [14.23151352 11.83189993  6.59037422 11.80658869  8.82210633  7.10714611
   5.24436966  5.10513255  9.35425767 14.66681072 11.88317886]
 [ 5.1222403   6.8233044  12.46304426  7.25329274  5.50608888  6.72022595
  11.52218696  6.17505124  9.24979535  7.07521981 10.28347447]]
Rv: [[ 7.92428818  7.72253743  5.71530013 10.83974634  6.97275476  6.85915139
  13.9344929   7.39822221  6.29977239  6.19603239]
 [ 9.78388943  5.62593936  7.66713742  6.60496059  9.62550062 13.54021422
  13.50020515 11.41610724 10.80688019  5.65816269]
 [ 6.53991717 11.87486646  8.602557   12.37411517  7.77938916  6.75849098
   8.90538434  5.48727494  7.66106389 13.6917    ]
 [14.28063155 10.15718435 10.43393928 10.7886177  10.3919617   9.38573738
   7.78288466  8.54350213  6.98303093 13.13672304]
 [ 7.9851092   5.42838966  5.03070206  9.04770265  5.8848795   6.36248822
   7.27361658  9.00891836  9.43322909  8.04658495]
 [ 8.6655827  11.15295578  7.94595897 10.4879829  12.93803074  6.04917521
   5.63633659  6.62975799 10.87760392 14.50871805]
 [ 6.66028032  5.13967459 11.1024029   5.71943624 10.46040013  6.80023121
  12.60032689 14.89465661  5.11523403  5.09297306]
 [12.02600267  6.81001747 10.90033939  9.91142119  8.6879309   5.6717396
   5.73192966  8.63516148  7.85054505  8.10067995]
 [11.04851213  5.01081056 10.32476765  5.82093738  6.86382556 14.76305589
  13.5151814  12.38200513  7.11429069 14.82238532]]