-------Running parameters--------
T = 0.001
temperature_gradient = 0.0
gap = 0.0
M = 10
N = 10
VR = 0.0
Vmin = 0.0
Vmax = 1.1
vStep = 0.001
vSym = True
repeats = 50
fileName = array_10_10_disorder_c_std_0.1_r_std_8.5_run_7
dist = exp
fullOutput = True
use_graph = False
current_map = True
plot_current_map = False
plot_binary_current_map = False
frame_norm = False
dbg = False
resume = False
sc = False
leaping = False
constQ = False
modifyR = False
double_time = False
double_loop = False
output_folder = bgu_2d_finite_temperature_different_disorders_statistics
params_path = 
VG_avg = 0.0
VG_std = 0.0
C_avg = 2.0
C_std = 0.1
CG_avg = 10.0
CG_std = 0.0
R_avg = 10.0
R_std = 8.5
custom_rh = ""
custom_rv = ""
custom_ch = ""
custom_cv = ""
RG_avg = 500.0
RG_std = 0.0
n0_avg = 0.0
n0_std = 0.0
Q0_avg = 0.0
Q0_std = 0.0
----Array Parameters-----
Rows: 10
Columns: 10
VG: [[0.]
 [0.]
 [0.]
 [0.]
 [0.]
 [0.]
 [0.]
 [0.]
 [0.]
 [0.]
 [0.]
 [0.]
 [0.]
 [0.]
 [0.]
 [0.]
 [0.]
 [0.]
 [0.]
 [0.]
 [0.]
 [0.]
 [0.]
 [0.]
 [0.]
 [0.]
 [0.]
 [0.]
 [0.]
 [0.]
 [0.]
 [0.]
 [0.]
 [0.]
 [0.]
 [0.]
 [0.]
 [0.]
 [0.]
 [0.]
 [0.]
 [0.]
 [0.]
 [0.]
 [0.]
 [0.]
 [0.]
 [0.]
 [0.]
 [0.]
 [0.]
 [0.]
 [0.]
 [0.]
 [0.]
 [0.]
 [0.]
 [0.]
 [0.]
 [0.]
 [0.]
 [0.]
 [0.]
 [0.]
 [0.]
 [0.]
 [0.]
 [0.]
 [0.]
 [0.]
 [0.]
 [0.]
 [0.]
 [0.]
 [0.]
 [0.]
 [0.]
 [0.]
 [0.]
 [0.]
 [0.]
 [0.]
 [0.]
 [0.]
 [0.]
 [0.]
 [0.]
 [0.]
 [0.]
 [0.]
 [0.]
 [0.]
 [0.]
 [0.]
 [0.]
 [0.]
 [0.]
 [0.]
 [0.]
 [0.]]
CG: [[10.]
 [10.]
 [10.]
 [10.]
 [10.]
 [10.]
 [10.]
 [10.]
 [10.]
 [10.]
 [10.]
 [10.]
 [10.]
 [10.]
 [10.]
 [10.]
 [10.]
 [10.]
 [10.]
 [10.]
 [10.]
 [10.]
 [10.]
 [10.]
 [10.]
 [10.]
 [10.]
 [10.]
 [10.]
 [10.]
 [10.]
 [10.]
 [10.]
 [10.]
 [10.]
 [10.]
 [10.]
 [10.]
 [10.]
 [10.]
 [10.]
 [10.]
 [10.]
 [10.]
 [10.]
 [10.]
 [10.]
 [10.]
 [10.]
 [10.]
 [10.]
 [10.]
 [10.]
 [10.]
 [10.]
 [10.]
 [10.]
 [10.]
 [10.]
 [10.]
 [10.]
 [10.]
 [10.]
 [10.]
 [10.]
 [10.]
 [10.]
 [10.]
 [10.]
 [10.]
 [10.]
 [10.]
 [10.]
 [10.]
 [10.]
 [10.]
 [10.]
 [10.]
 [10.]
 [10.]
 [10.]
 [10.]
 [10.]
 [10.]
 [10.]
 [10.]
 [10.]
 [10.]
 [10.]
 [10.]
 [10.]
 [10.]
 [10.]
 [10.]
 [10.]
 [10.]
 [10.]
 [10.]
 [10.]
 [10.]]
RG: [[500.]
 [500.]
 [500.]
 [500.]
 [500.]
 [500.]
 [500.]
 [500.]
 [500.]
 [500.]
 [500.]
 [500.]
 [500.]
 [500.]
 [500.]
 [500.]
 [500.]
 [500.]
 [500.]
 [500.]
 [500.]
 [500.]
 [500.]
 [500.]
 [500.]
 [500.]
 [500.]
 [500.]
 [500.]
 [500.]
 [500.]
 [500.]
 [500.]
 [500.]
 [500.]
 [500.]
 [500.]
 [500.]
 [500.]
 [500.]
 [500.]
 [500.]
 [500.]
 [500.]
 [500.]
 [500.]
 [500.]
 [500.]
 [500.]
 [500.]
 [500.]
 [500.]
 [500.]
 [500.]
 [500.]
 [500.]
 [500.]
 [500.]
 [500.]
 [500.]
 [500.]
 [500.]
 [500.]
 [500.]
 [500.]
 [500.]
 [500.]
 [500.]
 [500.]
 [500.]
 [500.]
 [500.]
 [500.]
 [500.]
 [500.]
 [500.]
 [500.]
 [500.]
 [500.]
 [500.]
 [500.]
 [500.]
 [500.]
 [500.]
 [500.]
 [500.]
 [500.]
 [500.]
 [500.]
 [500.]
 [500.]
 [500.]
 [500.]
 [500.]
 [500.]
 [500.]
 [500.]
 [500.]
 [500.]
 [500.]]
Ch: [[2.00144416 1.90477332 1.94713852 1.91875891 1.92203173 1.97031814
  1.95406898 1.94716723 2.0013427  1.95220103 2.09348291]
 [2.01713573 2.07055015 2.06865728 1.98299025 2.04968477 2.07984835
  2.06635364 2.01511253 1.92244437 2.02611268 1.98532389]
 [2.01322825 1.99156811 2.04605971 2.02790325 1.98721065 2.0728638
  2.04620483 2.01184345 1.95312916 1.94354789 1.92345398]
 [1.97627794 2.06758259 2.03532249 2.0688082  1.9666091  2.04538599
  2.04858463 1.91915202 1.9521691  2.07768376 2.05802151]
 [1.91374449 2.01433201 2.0906449  1.90263073 1.92873898 2.09988873
  2.06834597 2.03898175 2.08901457 1.91693577 2.06040954]
 [1.94598886 1.96002531 1.99052363 1.92174739 2.01419907 2.07056187
  1.9037028  1.96148912 2.0684219  2.05881309 1.95411485]
 [1.97919446 1.90925442 2.03947694 2.08029679 2.09970373 2.06411978
  1.99829372 2.06416938 1.97997472 1.92723188 1.97626281]
 [1.90114896 2.04544655 1.98524223 1.94281812 1.96236378 2.09049515
  2.05651093 1.91947914 1.93723887 2.01136825 2.02001121]
 [1.90639462 1.97304352 1.99257996 2.05289202 1.9454876  1.92188324
  1.9437313  2.09753802 1.95928715 2.00220188 2.03409202]
 [2.06777538 2.03087415 1.91127171 1.92174247 2.01275236 2.00525083
  2.04722685 2.05313268 2.00136643 1.91182405 2.00155207]]
Cv: [[0.         0.         0.         0.         0.         0.
  0.         0.         0.         0.        ]
 [1.96716875 1.91654004 2.08363162 2.05212144 2.09141021 2.01153051
  1.99854355 1.9115669  1.95056244 1.93534506]
 [2.01748975 1.95404753 2.04764782 1.93977454 1.96965861 2.09215764
  2.06949364 2.07192239 1.92476276 2.06558604]
 [1.95568654 1.9862328  2.00600775 2.0468084  2.0780937  2.0196451
  1.98487456 2.00159041 1.92736991 2.08316454]
 [2.00579188 2.00058951 2.03293773 2.05886286 1.96301271 2.00319723
  1.90350639 2.06206528 1.91937338 2.0310382 ]
 [1.93013438 1.94518867 1.91149858 1.98076988 1.98962473 2.00274536
  2.06700794 1.94849697 2.05924017 2.0815875 ]
 [2.08606174 2.07696928 2.07918521 2.08320596 2.09737536 2.01460834
  1.93723801 2.03673281 2.08787538 1.92644405]
 [1.90720926 2.03844713 2.05335524 1.97195529 2.04520104 2.08460791
  1.91517865 1.96238911 2.02932299 1.92940628]
 [2.09256204 2.03432638 1.96439783 2.00238019 2.03245149 2.0451805
  2.0620552  2.0114802  2.03193602 2.06226043]
 [1.91092407 2.01197101 1.98042012 1.96316647 2.01937682 1.9741615
  2.06650057 2.09501481 2.09989802 2.01201734]]
Rh: [[ 5.97548365  1.52348002 10.96810883  9.57865142  1.74712078  3.59863109
   1.80820481  5.02237875  1.72216391  2.1293346   1.77714424]
 [ 2.66692908 17.14368396  3.89354877  1.65676986  5.6546712   4.4090047
  12.5802138   5.47318154 10.14535582 11.6962168   2.38637207]
 [17.29599023  7.1419393   3.88461021  4.85494784 10.27005463 12.88348542
  14.53892469  1.5382329  12.60329972 12.42739861  4.03159907]
 [ 5.18218968  1.53057293  9.53800468  2.50139448  6.61351685  3.94391428
   4.62376882  1.9542146   2.73116441  7.78584489  4.03272614]
 [ 3.32728683  5.6762576  14.02703752 17.20109353  5.49134445  1.86770419
  12.41505475  6.15899781  1.90367159  7.03375847  2.90549022]
 [ 3.09309031  3.18592058  2.58305112  3.79037551  8.24758528  8.5754025
   2.8506993   3.84513094  3.143473   11.26742082  2.77658588]
 [ 9.68409051 11.94940336  3.4130995   4.17746863  2.71896058  5.58021311
   1.91234743  2.50542589  6.33899875 15.90278531  5.32110992]
 [ 2.73769867  3.26292396 13.3768095   3.02024906 10.0319     12.65594467
   7.39145315 11.58527326  1.83951595  4.87022146 13.30199337]
 [ 9.5748421  11.75434347  2.60657661 16.22813218  2.51505107  2.22726393
   2.89288234 11.11324919  4.25855043  4.06730393  7.30538703]
 [15.4730855   6.48899963  1.84312029  4.61778583 14.26520125  9.9707157
   1.6626986   4.00126817  5.75130626  1.92381389  7.7864032 ]]
Rv: [[13.96189812  7.93921486  3.42680638 14.00971423 11.55840673  2.24930104
   1.62252183 10.79345674  4.03879483  7.70650734]
 [ 4.33389129  3.82234675 13.14387686  1.66169851  9.15513132  1.56431082
   8.2117702  12.03753875  9.32452261  6.12660419]
 [13.61280741  3.20827822  3.10144942 16.4682162   9.39365483  3.59116934
  16.57290196 10.02854195  3.13066068  4.06278271]
 [ 5.42019774 14.50726228  2.95039857  2.07604623 10.10383945  6.0928453
   3.9032137   2.26556109  3.1509927   4.95182576]
 [ 8.94025746 18.26919649  3.4908677  17.96154316  9.10026213  2.04583541
   4.0016952   3.74977098  9.78700338  2.33704632]
 [ 1.98916838  3.09497396  6.61361157 10.52494948  2.72145495 10.34175045
  10.22163064  9.94775473  5.48607696  2.0129531 ]
 [14.79383224 15.08570229  4.40338165  4.94417865 10.41571316 14.04382788
  10.65598233  2.56567871  4.2967864  14.75899221]
 [ 6.34968999 17.50626696 15.65441531  1.73714133  1.93405602  2.06958733
   1.81089831  9.75627349  8.87839249  7.91949618]
 [11.82882856 12.26353021 12.56055626  3.18763792  3.71519249  8.15933704
   9.95666079  3.94797551  2.73582836  7.19809173]]