-------Running parameters--------
T = 0.001
temperature_gradient = 0.0
gap = 0.0
M = 10
N = 10
VR = 0.0
Vmin = 0.0
Vmax = 1.1
vStep = 0.001
vSym = True
repeats = 50
fileName = array_10_10_disorder_c_std_0.1_r_std_13_run_1
dist = exp
fullOutput = True
use_graph = False
current_map = True
plot_current_map = False
plot_binary_current_map = False
frame_norm = False
dbg = False
resume = False
sc = False
leaping = False
constQ = False
modifyR = False
double_time = False
double_loop = False
output_folder = bgu_2d_finite_temperature_different_disorders_statistics
params_path = 
VG_avg = 0.0
VG_std = 0.0
C_avg = 2.0
C_std = 0.1
CG_avg = 10.0
CG_std = 0.0
R_avg = 20.0
R_std = 13.0
custom_rh = ""
custom_rv = ""
custom_ch = ""
custom_cv = ""
RG_avg = 500.0
RG_std = 0.0
n0_avg = 0.0
n0_std = 0.0
Q0_avg = 0.0
Q0_std = 0.0
----Array Parameters-----
Rows: 10
Columns: 10
VG: [[0.]
 [0.]
 [0.]
 [0.]
 [0.]
 [0.]
 [0.]
 [0.]
 [0.]
 [0.]
 [0.]
 [0.]
 [0.]
 [0.]
 [0.]
 [0.]
 [0.]
 [0.]
 [0.]
 [0.]
 [0.]
 [0.]
 [0.]
 [0.]
 [0.]
 [0.]
 [0.]
 [0.]
 [0.]
 [0.]
 [0.]
 [0.]
 [0.]
 [0.]
 [0.]
 [0.]
 [0.]
 [0.]
 [0.]
 [0.]
 [0.]
 [0.]
 [0.]
 [0.]
 [0.]
 [0.]
 [0.]
 [0.]
 [0.]
 [0.]
 [0.]
 [0.]
 [0.]
 [0.]
 [0.]
 [0.]
 [0.]
 [0.]
 [0.]
 [0.]
 [0.]
 [0.]
 [0.]
 [0.]
 [0.]
 [0.]
 [0.]
 [0.]
 [0.]
 [0.]
 [0.]
 [0.]
 [0.]
 [0.]
 [0.]
 [0.]
 [0.]
 [0.]
 [0.]
 [0.]
 [0.]
 [0.]
 [0.]
 [0.]
 [0.]
 [0.]
 [0.]
 [0.]
 [0.]
 [0.]
 [0.]
 [0.]
 [0.]
 [0.]
 [0.]
 [0.]
 [0.]
 [0.]
 [0.]
 [0.]]
CG: [[10.]
 [10.]
 [10.]
 [10.]
 [10.]
 [10.]
 [10.]
 [10.]
 [10.]
 [10.]
 [10.]
 [10.]
 [10.]
 [10.]
 [10.]
 [10.]
 [10.]
 [10.]
 [10.]
 [10.]
 [10.]
 [10.]
 [10.]
 [10.]
 [10.]
 [10.]
 [10.]
 [10.]
 [10.]
 [10.]
 [10.]
 [10.]
 [10.]
 [10.]
 [10.]
 [10.]
 [10.]
 [10.]
 [10.]
 [10.]
 [10.]
 [10.]
 [10.]
 [10.]
 [10.]
 [10.]
 [10.]
 [10.]
 [10.]
 [10.]
 [10.]
 [10.]
 [10.]
 [10.]
 [10.]
 [10.]
 [10.]
 [10.]
 [10.]
 [10.]
 [10.]
 [10.]
 [10.]
 [10.]
 [10.]
 [10.]
 [10.]
 [10.]
 [10.]
 [10.]
 [10.]
 [10.]
 [10.]
 [10.]
 [10.]
 [10.]
 [10.]
 [10.]
 [10.]
 [10.]
 [10.]
 [10.]
 [10.]
 [10.]
 [10.]
 [10.]
 [10.]
 [10.]
 [10.]
 [10.]
 [10.]
 [10.]
 [10.]
 [10.]
 [10.]
 [10.]
 [10.]
 [10.]
 [10.]
 [10.]]
RG: [[500.]
 [500.]
 [500.]
 [500.]
 [500.]
 [500.]
 [500.]
 [500.]
 [500.]
 [500.]
 [500.]
 [500.]
 [500.]
 [500.]
 [500.]
 [500.]
 [500.]
 [500.]
 [500.]
 [500.]
 [500.]
 [500.]
 [500.]
 [500.]
 [500.]
 [500.]
 [500.]
 [500.]
 [500.]
 [500.]
 [500.]
 [500.]
 [500.]
 [500.]
 [500.]
 [500.]
 [500.]
 [500.]
 [500.]
 [500.]
 [500.]
 [500.]
 [500.]
 [500.]
 [500.]
 [500.]
 [500.]
 [500.]
 [500.]
 [500.]
 [500.]
 [500.]
 [500.]
 [500.]
 [500.]
 [500.]
 [500.]
 [500.]
 [500.]
 [500.]
 [500.]
 [500.]
 [500.]
 [500.]
 [500.]
 [500.]
 [500.]
 [500.]
 [500.]
 [500.]
 [500.]
 [500.]
 [500.]
 [500.]
 [500.]
 [500.]
 [500.]
 [500.]
 [500.]
 [500.]
 [500.]
 [500.]
 [500.]
 [500.]
 [500.]
 [500.]
 [500.]
 [500.]
 [500.]
 [500.]
 [500.]
 [500.]
 [500.]
 [500.]
 [500.]
 [500.]
 [500.]
 [500.]
 [500.]
 [500.]]
Ch: [[1.92438475 2.06835701 1.91806104 2.07701065 2.01725567 1.9810494
  2.00685656 1.95498468 1.95055783 1.94392084 2.08586994]
 [2.09043596 2.04163391 1.94860907 1.95901395 1.95282746 2.06469826
  1.92432271 2.0705175  1.91190096 1.93465623 1.96131876]
 [1.94771089 1.99345216 2.07321166 1.95520754 2.0323391  2.0720303
  1.95098968 2.03748798 1.94735435 1.91089892 1.99649226]
 [2.01314029 1.94727215 2.03636901 1.94697481 2.02398145 1.99131749
  2.03887645 1.94979249 2.09901621 2.04431971 2.03321471]
 [1.95304767 2.03064124 1.90410363 2.06797243 2.05612942 1.94547641
  2.05968464 2.0364915  1.96456336 1.98656564 2.02961881]
 [1.9971838  2.04973518 1.91846636 1.96720918 1.96530732 1.91789666
  2.04697665 2.02245439 2.02511724 1.95798917 2.08169499]
 [2.03678901 1.96940207 1.92898584 1.93319517 1.94646865 2.08996027
  2.07248185 1.98896276 1.91305307 2.00193182 1.99477348]
 [1.91970838 1.94765474 1.96119393 2.07072303 2.08668936 2.04044022
  1.90801206 1.91746648 1.90907561 1.97045925 2.05564775]
 [2.06605502 2.05469186 1.98982552 2.06692563 1.93452647 1.96190999
  2.01703772 2.0054646  2.0536669  1.95029193 1.9115464 ]
 [1.93903296 2.02835468 2.07761172 1.99690365 1.90351909 2.04654297
  1.93925828 2.06054454 1.91096401 1.93203237 2.0090722 ]]
Cv: [[0.         0.         0.         0.         0.         0.
  0.         0.         0.         0.        ]
 [2.00803015 1.98402352 2.02022738 2.06926143 2.07906429 1.93312868
  2.03704111 1.97221759 2.01731551 2.04646806]
 [1.9138669  1.96644372 2.07935093 2.02394354 2.09214757 2.07726998
  1.98507983 1.93205288 1.99001267 1.99800927]
 [1.92088861 2.00069793 2.08085395 1.9385947  1.91389688 2.00993193
  2.07847589 1.91785733 2.05887    1.95442569]
 [2.04557681 2.02299463 1.93376779 1.94026782 1.97429162 1.92833148
  1.92492936 1.90359995 1.98455337 1.98735311]
 [1.94612803 2.07746296 2.07357851 1.98563586 2.01263138 2.07368946
  2.01325082 2.08974339 1.97457512 2.07286962]
 [1.97482494 1.99207818 1.94703242 1.9715945  2.06605294 1.98133013
  2.00414805 1.96777496 2.07250383 1.97368548]
 [1.95950446 2.08690787 1.98397227 1.91558938 2.07306013 1.98939404
  1.90131488 1.94790457 2.06113557 1.92175259]
 [2.02046259 2.03534066 1.9738804  1.91417382 1.92605716 1.94775153
  1.97546339 1.95875765 1.98283314 1.9128951 ]
 [1.96182018 2.06553554 2.06042084 2.09130421 1.93955152 1.93601063
  1.97422326 2.00068369 1.95144543 2.04796544]]
Rh: [[10.50320619 10.58469297 32.98907739 12.50301994 13.3122851  16.4281729
  31.66113127 11.01346691 30.16611512 10.27908803 17.95589003]
 [ 7.04702081  7.27613473 26.18712426 23.8381641  24.20685989 25.61173878
  14.80071948  9.69543902 10.23487719 16.58600408  7.69095337]
 [24.40361344 32.20201019 12.37920579 26.15434077 19.82058863 28.21420922
   9.60844817  9.44141193 29.26106452 29.0727761  10.75278938]
 [17.03954862  7.10310572  9.61242907 16.85985921 11.32423679 31.13256886
  32.22952844  8.19226089 31.02040385 13.50649703 12.04705292]
 [ 7.21377341 24.59904715 13.50489095 13.53823551 14.37786037 24.15662267
  26.72173447  9.24583759  7.03305387 16.05329772 15.24512922]
 [ 8.61250652 16.50254964 12.77847459  9.96158731 25.58384474  9.25784457
  11.48837653 30.9582928  20.1936986  14.1398879  15.03094383]
 [10.00023064 24.54196623  7.00162137 21.95876666 24.50446933 24.42080901
  12.88868816 21.23634633 26.942352   14.02858441 10.72125092]
 [15.35812115  7.7496896  14.82452454 32.47842343 13.53093957 10.41216483
  24.82291661 20.16041825  8.39637817 18.10243681 13.78992008]
 [29.85900267 11.89852503  9.20512412  8.01548771  7.93857396 14.60846968
  20.89212819 20.5663183  17.62872189 17.33367647 13.40014898]
 [ 8.55302781 21.3677864   9.13331738 25.39726275 31.64508704  8.6829084
   9.87920933 18.28357179  9.64602996 16.41894975  8.96128204]]
Rv: [[10.94624837  9.21618392 21.94789917 15.72692171  7.19228356 11.17112666
  16.49667126 11.7855758  15.9186538  15.25423702]
 [15.49606509 15.72186261  8.76726086 24.35676544 15.14844262  7.61005169
  10.41694895 23.59987103 16.85470991 24.29080416]
 [15.5316162  12.65013865 22.74277311  8.19825978 18.36700852  7.52538343
   7.98159757 10.41189573  7.31479418  9.55458981]
 [19.40484951  9.83143479 15.41126086 14.40613368 29.48787339  8.76403647
  16.91228615 29.08351761 10.03658206 11.66693769]
 [20.67955669 29.80092106  9.16823889  8.38922874 13.24802309  7.10159807
   8.0824641   8.2072821  13.85734952  8.73683728]
 [17.13249054 10.34291758 17.7913592   8.58397683 31.52961186  7.1317901
  16.49677801 25.63566559 14.06987915 10.6433756 ]
 [17.29665455 30.37111683  7.85738304 24.78186648 11.93658239 16.62754253
  30.71756654  8.69641276 15.23281873 15.66005632]
 [ 9.83919847 15.80788372 23.70996092 30.57173861 10.40732449  8.22017817
  13.76847487 24.61162438 28.42529195 10.71188421]
 [30.64447586 10.6783115  20.22319387 16.75340037 11.32382197 12.45916651
   8.48630592 26.01303871  7.5774112  13.25016831]]