-------Running parameters--------
T = 0.001
temperature_gradient = 0.0
gap = 0.0
M = 10
N = 10
VR = 0.0
Vmin = 0.0
Vmax = 1.1
vStep = 0.001
vSym = True
repeats = 50
fileName = array_10_10_disorder_c_std_0.1_r_std_19_run_6
dist = exp
fullOutput = True
use_graph = False
current_map = True
plot_current_map = False
plot_binary_current_map = False
frame_norm = False
dbg = False
resume = False
sc = False
leaping = False
constQ = False
modifyR = False
double_time = False
double_loop = False
output_folder = bgu_2d_finite_temperature_different_disorders_statistics
params_path = 
VG_avg = 0.0
VG_std = 0.0
C_avg = 2.0
C_std = 0.1
CG_avg = 10.0
CG_std = 0.0
R_avg = 20.0
R_std = 19.0
custom_rh = ""
custom_rv = ""
custom_ch = ""
custom_cv = ""
RG_avg = 500.0
RG_std = 0.0
n0_avg = 0.0
n0_std = 0.0
Q0_avg = 0.0
Q0_std = 0.0
----Array Parameters-----
Rows: 10
Columns: 10
VG: [[0.]
 [0.]
 [0.]
 [0.]
 [0.]
 [0.]
 [0.]
 [0.]
 [0.]
 [0.]
 [0.]
 [0.]
 [0.]
 [0.]
 [0.]
 [0.]
 [0.]
 [0.]
 [0.]
 [0.]
 [0.]
 [0.]
 [0.]
 [0.]
 [0.]
 [0.]
 [0.]
 [0.]
 [0.]
 [0.]
 [0.]
 [0.]
 [0.]
 [0.]
 [0.]
 [0.]
 [0.]
 [0.]
 [0.]
 [0.]
 [0.]
 [0.]
 [0.]
 [0.]
 [0.]
 [0.]
 [0.]
 [0.]
 [0.]
 [0.]
 [0.]
 [0.]
 [0.]
 [0.]
 [0.]
 [0.]
 [0.]
 [0.]
 [0.]
 [0.]
 [0.]
 [0.]
 [0.]
 [0.]
 [0.]
 [0.]
 [0.]
 [0.]
 [0.]
 [0.]
 [0.]
 [0.]
 [0.]
 [0.]
 [0.]
 [0.]
 [0.]
 [0.]
 [0.]
 [0.]
 [0.]
 [0.]
 [0.]
 [0.]
 [0.]
 [0.]
 [0.]
 [0.]
 [0.]
 [0.]
 [0.]
 [0.]
 [0.]
 [0.]
 [0.]
 [0.]
 [0.]
 [0.]
 [0.]
 [0.]]
CG: [[10.]
 [10.]
 [10.]
 [10.]
 [10.]
 [10.]
 [10.]
 [10.]
 [10.]
 [10.]
 [10.]
 [10.]
 [10.]
 [10.]
 [10.]
 [10.]
 [10.]
 [10.]
 [10.]
 [10.]
 [10.]
 [10.]
 [10.]
 [10.]
 [10.]
 [10.]
 [10.]
 [10.]
 [10.]
 [10.]
 [10.]
 [10.]
 [10.]
 [10.]
 [10.]
 [10.]
 [10.]
 [10.]
 [10.]
 [10.]
 [10.]
 [10.]
 [10.]
 [10.]
 [10.]
 [10.]
 [10.]
 [10.]
 [10.]
 [10.]
 [10.]
 [10.]
 [10.]
 [10.]
 [10.]
 [10.]
 [10.]
 [10.]
 [10.]
 [10.]
 [10.]
 [10.]
 [10.]
 [10.]
 [10.]
 [10.]
 [10.]
 [10.]
 [10.]
 [10.]
 [10.]
 [10.]
 [10.]
 [10.]
 [10.]
 [10.]
 [10.]
 [10.]
 [10.]
 [10.]
 [10.]
 [10.]
 [10.]
 [10.]
 [10.]
 [10.]
 [10.]
 [10.]
 [10.]
 [10.]
 [10.]
 [10.]
 [10.]
 [10.]
 [10.]
 [10.]
 [10.]
 [10.]
 [10.]
 [10.]]
RG: [[500.]
 [500.]
 [500.]
 [500.]
 [500.]
 [500.]
 [500.]
 [500.]
 [500.]
 [500.]
 [500.]
 [500.]
 [500.]
 [500.]
 [500.]
 [500.]
 [500.]
 [500.]
 [500.]
 [500.]
 [500.]
 [500.]
 [500.]
 [500.]
 [500.]
 [500.]
 [500.]
 [500.]
 [500.]
 [500.]
 [500.]
 [500.]
 [500.]
 [500.]
 [500.]
 [500.]
 [500.]
 [500.]
 [500.]
 [500.]
 [500.]
 [500.]
 [500.]
 [500.]
 [500.]
 [500.]
 [500.]
 [500.]
 [500.]
 [500.]
 [500.]
 [500.]
 [500.]
 [500.]
 [500.]
 [500.]
 [500.]
 [500.]
 [500.]
 [500.]
 [500.]
 [500.]
 [500.]
 [500.]
 [500.]
 [500.]
 [500.]
 [500.]
 [500.]
 [500.]
 [500.]
 [500.]
 [500.]
 [500.]
 [500.]
 [500.]
 [500.]
 [500.]
 [500.]
 [500.]
 [500.]
 [500.]
 [500.]
 [500.]
 [500.]
 [500.]
 [500.]
 [500.]
 [500.]
 [500.]
 [500.]
 [500.]
 [500.]
 [500.]
 [500.]
 [500.]
 [500.]
 [500.]
 [500.]
 [500.]]
Ch: [[2.03311355 2.05964372 1.94622105 1.94313039 2.09573037 2.01533612
  2.09330467 1.9765831  2.05346052 1.9166178  2.00442056]
 [1.97580238 1.93385391 1.94642283 2.0267623  2.087815   2.0331605
  2.00674018 2.09022176 2.03720424 1.97118105 2.01004898]
 [2.08920677 2.05228121 2.09812274 2.04492364 1.91963772 1.98830739
  1.94234848 1.9611777  2.08860185 1.90057715 1.94426019]
 [2.06918212 1.95682449 2.02144574 1.93849355 1.99838448 1.92156559
  1.95210723 1.98749652 1.92010449 2.01282554 1.98254031]
 [1.99296176 1.97219227 1.99313543 1.98473332 2.09043723 1.98443381
  2.06475348 1.94168093 1.96617792 1.98028786 2.02923682]
 [2.06345844 1.95446515 1.94930261 2.0454181  1.92017469 2.02390056
  2.08096633 1.9615981  2.00469949 2.01820468 2.00483585]
 [1.93295661 2.06795789 2.0269496  2.02505914 1.90293702 1.91244774
  1.98481263 2.04537818 1.95365557 2.0258963  1.98261188]
 [1.95634362 2.01963252 2.073193   2.02234143 1.94143426 2.0851817
  2.08591016 1.99973696 1.99890812 1.91550341 2.01814126]
 [1.96512266 1.94872999 1.90081862 2.03681989 2.02435727 1.96532795
  2.06027127 2.08848002 2.09236584 2.07713135 2.05031807]
 [2.02905761 1.95090403 2.03728015 2.05638812 2.0083912  1.94704354
  1.95496753 1.99445721 1.93845403 2.08952635 1.97985181]]
Cv: [[0.         0.         0.         0.         0.         0.
  0.         0.         0.         0.        ]
 [1.99025893 1.99247333 2.06354153 2.0923014  2.06173948 2.0437834
  2.06405124 1.98928325 2.04920757 1.97643542]
 [2.08642984 2.0285126  2.08199474 1.91413853 1.99444085 1.96979723
  2.0957239  2.0950516  1.97749701 1.94644244]
 [1.94939137 2.06280677 1.96662534 1.98697704 1.95916445 2.01664519
  2.0672988  1.93525039 2.07038223 1.96355704]
 [1.9825748  1.96269584 1.93584433 2.08983165 1.93851722 1.9031645
  2.05172323 1.98663312 1.96741088 1.93769573]
 [2.06597043 2.03094184 1.92874338 1.95742804 1.97784325 2.05841732
  1.94520479 1.92747293 2.09355816 2.05943065]
 [1.95284101 1.91266732 1.99490553 1.90249481 2.0513872  1.97058111
  1.90065201 2.02439122 2.02146606 1.91087353]
 [2.06548553 2.08533612 2.0365684  1.96307042 2.0508517  1.99653367
  2.08731142 1.97594102 1.9517827  2.03878542]
 [1.99035811 1.92762236 2.04846456 1.90259174 1.92168319 1.90048014
  2.02103221 1.95433368 2.06703447 2.08196414]
 [1.92324913 1.91128239 2.08277603 1.95736574 2.0696065  1.92522909
  2.06267901 2.00396119 1.98497111 1.94826857]]
Rh: [[12.41599538 17.7220405   2.8100911   1.32998126 18.82654372  4.72961166
   9.72353689 14.16543132 25.26264736  1.06920803  7.0291185 ]
 [17.92114273  1.70489364  1.48244254 25.00839471  3.06572527 20.61656399
   6.28381421  1.64825002  4.54322196  2.91627544  1.79349515]
 [ 3.7362167  13.1041032   1.32645572  7.10065843 14.19645128  5.22355956
   1.09408736  3.44040297  1.0589459  29.78513124 26.65400783]
 [ 7.75025488 35.9578268  16.78687557  1.50037747  7.7067705   3.30524809
   6.41726335  1.39081563  8.58944311 25.65487604 31.86405286]
 [11.69864688  3.24845022  6.7485147   1.41338423 26.27926123  1.16611028
   5.40359462  1.87630524  1.8614329  28.36472766  6.1050458 ]
 [ 3.07699342  8.48353367  9.4368223  32.35008705  8.95012808  5.05254651
  14.82642983 11.78670918 20.17735527 13.16166936  7.20255824]
 [ 1.63472196 32.4453968   2.48522449  7.82726768  3.55618673 15.86252985
   3.91698791  3.59099837  5.2636872   3.05362374  3.66189938]
 [ 3.66739872  3.65830504  7.48963923 27.46256778  5.16517047  1.92648486
  11.35654542  1.45281754  9.74852869 32.77077771 26.77730926]
 [24.13587559 24.70274993 15.68248399  1.01780397 29.20896669 15.90031103
  30.18729633 16.41561609  4.59105362  1.79848681  3.76497205]
 [ 3.96347836  3.5653578   1.21215241  4.02921618 10.69617244 10.70930322
   8.54766686  6.55475325  2.83476465  4.1552012   3.00834067]]
Rv: [[11.06954386 11.515745    3.14734771  8.45549685  8.46536153 23.8998445
   5.45446928  8.48731899  1.01867373 16.4903335 ]
 [ 3.40042906  1.29218464 11.48418434  1.15136606 17.22258216  1.40272762
  19.7740751   1.29915474 38.82690726 37.27618598]
 [34.14593696 16.47465166  5.51342738  2.18586473  1.44535852 35.98580958
   1.66730497  2.10967175 17.16575146 36.40801983]
 [ 3.3893288  13.19494639  3.24258079  4.94146838  5.9981284   2.19708513
   3.39949839  4.74113849  5.48838923 10.60096837]
 [10.64906387 11.49026636 25.80990441 37.67122609  7.71579801  1.48006999
   5.25906619  1.36497625  1.66395475  5.63890975]
 [18.09852483  4.35951068  4.69482917 28.81667699  3.07490821  3.17609178
   7.66983694  7.87345487  7.98534281 38.53942329]
 [27.7141709   1.17808276  8.34528665  3.1652125  17.78401229  2.23991069
   3.01010066  2.53551729  1.0754933   1.90604843]
 [18.09624344  1.33982104  7.2623275  13.82066256  1.44711344  4.13012968
  19.60168795  1.02808933  4.30010026  1.49421732]
 [30.47439902  5.42317491  3.35471275  5.24687258 10.64043616  6.10507489
   1.10358472  1.9575539  23.27302492  1.02110331]]