-------Running parameters--------
T = 0.001
temperature_gradient = 0.0
gap = 0.0
M = 10
N = 10
VR = 0.0
Vmin = 0.0
Vmax = 1.1
vStep = 0.001
vSym = True
repeats = 50
fileName = array_10_10_disorder_c_std_0.1_r_std_5.5_run_6
dist = exp
fullOutput = True
use_graph = False
current_map = True
plot_current_map = False
plot_binary_current_map = False
frame_norm = False
dbg = False
resume = False
sc = False
leaping = False
constQ = False
modifyR = False
double_time = False
double_loop = False
output_folder = bgu_2d_finite_temperature_different_disorders_statistics
params_path = 
VG_avg = 0.0
VG_std = 0.0
C_avg = 2.0
C_std = 0.1
CG_avg = 10.0
CG_std = 0.0
R_avg = 10.0
R_std = 5.5
custom_rh = ""
custom_rv = ""
custom_ch = ""
custom_cv = ""
RG_avg = 500.0
RG_std = 0.0
n0_avg = 0.0
n0_std = 0.0
Q0_avg = 0.0
Q0_std = 0.0
----Array Parameters-----
Rows: 10
Columns: 10
VG: [[0.]
 [0.]
 [0.]
 [0.]
 [0.]
 [0.]
 [0.]
 [0.]
 [0.]
 [0.]
 [0.]
 [0.]
 [0.]
 [0.]
 [0.]
 [0.]
 [0.]
 [0.]
 [0.]
 [0.]
 [0.]
 [0.]
 [0.]
 [0.]
 [0.]
 [0.]
 [0.]
 [0.]
 [0.]
 [0.]
 [0.]
 [0.]
 [0.]
 [0.]
 [0.]
 [0.]
 [0.]
 [0.]
 [0.]
 [0.]
 [0.]
 [0.]
 [0.]
 [0.]
 [0.]
 [0.]
 [0.]
 [0.]
 [0.]
 [0.]
 [0.]
 [0.]
 [0.]
 [0.]
 [0.]
 [0.]
 [0.]
 [0.]
 [0.]
 [0.]
 [0.]
 [0.]
 [0.]
 [0.]
 [0.]
 [0.]
 [0.]
 [0.]
 [0.]
 [0.]
 [0.]
 [0.]
 [0.]
 [0.]
 [0.]
 [0.]
 [0.]
 [0.]
 [0.]
 [0.]
 [0.]
 [0.]
 [0.]
 [0.]
 [0.]
 [0.]
 [0.]
 [0.]
 [0.]
 [0.]
 [0.]
 [0.]
 [0.]
 [0.]
 [0.]
 [0.]
 [0.]
 [0.]
 [0.]
 [0.]]
CG: [[10.]
 [10.]
 [10.]
 [10.]
 [10.]
 [10.]
 [10.]
 [10.]
 [10.]
 [10.]
 [10.]
 [10.]
 [10.]
 [10.]
 [10.]
 [10.]
 [10.]
 [10.]
 [10.]
 [10.]
 [10.]
 [10.]
 [10.]
 [10.]
 [10.]
 [10.]
 [10.]
 [10.]
 [10.]
 [10.]
 [10.]
 [10.]
 [10.]
 [10.]
 [10.]
 [10.]
 [10.]
 [10.]
 [10.]
 [10.]
 [10.]
 [10.]
 [10.]
 [10.]
 [10.]
 [10.]
 [10.]
 [10.]
 [10.]
 [10.]
 [10.]
 [10.]
 [10.]
 [10.]
 [10.]
 [10.]
 [10.]
 [10.]
 [10.]
 [10.]
 [10.]
 [10.]
 [10.]
 [10.]
 [10.]
 [10.]
 [10.]
 [10.]
 [10.]
 [10.]
 [10.]
 [10.]
 [10.]
 [10.]
 [10.]
 [10.]
 [10.]
 [10.]
 [10.]
 [10.]
 [10.]
 [10.]
 [10.]
 [10.]
 [10.]
 [10.]
 [10.]
 [10.]
 [10.]
 [10.]
 [10.]
 [10.]
 [10.]
 [10.]
 [10.]
 [10.]
 [10.]
 [10.]
 [10.]
 [10.]]
RG: [[500.]
 [500.]
 [500.]
 [500.]
 [500.]
 [500.]
 [500.]
 [500.]
 [500.]
 [500.]
 [500.]
 [500.]
 [500.]
 [500.]
 [500.]
 [500.]
 [500.]
 [500.]
 [500.]
 [500.]
 [500.]
 [500.]
 [500.]
 [500.]
 [500.]
 [500.]
 [500.]
 [500.]
 [500.]
 [500.]
 [500.]
 [500.]
 [500.]
 [500.]
 [500.]
 [500.]
 [500.]
 [500.]
 [500.]
 [500.]
 [500.]
 [500.]
 [500.]
 [500.]
 [500.]
 [500.]
 [500.]
 [500.]
 [500.]
 [500.]
 [500.]
 [500.]
 [500.]
 [500.]
 [500.]
 [500.]
 [500.]
 [500.]
 [500.]
 [500.]
 [500.]
 [500.]
 [500.]
 [500.]
 [500.]
 [500.]
 [500.]
 [500.]
 [500.]
 [500.]
 [500.]
 [500.]
 [500.]
 [500.]
 [500.]
 [500.]
 [500.]
 [500.]
 [500.]
 [500.]
 [500.]
 [500.]
 [500.]
 [500.]
 [500.]
 [500.]
 [500.]
 [500.]
 [500.]
 [500.]
 [500.]
 [500.]
 [500.]
 [500.]
 [500.]
 [500.]
 [500.]
 [500.]
 [500.]
 [500.]]
Ch: [[1.99530878 2.00277519 1.945935   1.90251406 2.0241623  1.91766457
  2.04783686 1.97569128 1.90503532 1.96146092 1.92537443]
 [1.94882632 2.09563453 2.03910243 1.9422531  1.99542828 2.07046956
  1.98858981 2.02030946 1.97349229 2.04338303 1.96811737]
 [2.07754903 2.05178479 1.96908683 1.96366086 1.99397197 1.95185509
  1.97848983 2.06693313 2.00353959 2.0322832  2.07094608]
 [2.08809413 1.91888578 2.06865701 1.97083636 2.03910683 2.05026123
  2.09712481 2.0490646  1.95113643 2.0277661  1.95597618]
 [2.04241329 2.01136928 1.90938984 1.98817852 2.05776657 2.07667838
  2.065116   2.02894237 1.97435902 1.93126564 1.95783887]
 [1.98379878 1.9972311  2.05986278 2.03346731 2.03226915 1.92293089
  2.01931609 1.90369198 2.01732759 2.01990775 1.94726526]
 [2.00257653 1.98139341 2.02991485 2.03160444 1.91052796 2.00613803
  2.04808947 2.09056598 2.0719257  1.95866913 1.90537221]
 [1.95922454 2.03143555 1.95393732 2.05705387 2.00360323 2.07438459
  2.04732842 1.90847992 1.94880645 2.00242356 2.08206654]
 [2.09947267 2.04355411 1.93631752 2.07315579 1.97340464 2.02677694
  1.94607572 2.03293658 1.96251151 2.01857151 1.99372147]
 [2.00197376 1.93052609 1.93449651 1.93187405 1.96103463 1.94083973
  2.01218028 2.07112138 1.98022353 2.00374077 2.02340335]]
Cv: [[0.         0.         0.         0.         0.         0.
  0.         0.         0.         0.        ]
 [2.01073675 1.91361185 1.90550413 1.95117567 2.02531359 1.96034271
  2.01983474 2.0783694  1.97027488 2.09551608]
 [2.01876661 2.03643429 1.98023385 1.90132267 1.9217343  1.92889133
  1.96997788 2.00840341 1.95659702 1.95427362]
 [2.0193126  1.94032003 2.08328998 1.90126092 2.06102148 2.00989222
  1.90443507 1.93412117 1.94024922 2.05250426]
 [2.03539996 2.05702042 2.01940083 1.901061   2.06132691 1.93142953
  1.94166071 2.04529316 1.91225687 2.05079563]
 [2.01265807 1.93848614 2.09367167 2.08966538 2.02368131 2.09021344
  1.91182258 2.0230003  1.97929784 2.02082381]
 [1.97914695 2.02311822 2.05318804 1.92655784 2.00782834 1.92770671
  2.07431528 2.03088281 1.95192915 2.06011849]
 [2.07885303 2.04630458 2.08648441 2.09700317 1.95408778 2.09036435
  1.92742539 1.98827157 1.98974713 1.92367296]
 [2.04765383 1.95405055 2.09545022 1.94528495 2.0679152  1.96732371
  1.9578357  1.93325946 1.93961257 2.01790538]
 [1.93734117 1.90925309 1.94149274 2.06121629 1.99956757 2.0333118
  1.95251585 2.08793902 2.06120999 2.0927702 ]]
Rh: [[ 7.91710358  8.11084561  5.07715335 10.58194451  6.50268724 11.2591021
   7.90965499  5.0582271  10.44595323  7.882683    9.6340431 ]
 [ 5.40747056  7.32316987 10.1508106   7.48562631 10.15712504 10.57975964
  12.93882357  7.68180362 10.21697832  9.09347911  6.52948676]
 [14.99495545  8.80032165  7.73079378  6.30023918  8.80315164  7.23316612
  10.60307521  5.81496406  6.66817096 14.96175943 14.84325102]
 [ 4.86276479  6.9380739  14.16927365  8.01995125  8.39481038  8.75764322
   6.8732941   5.5597857   5.15845245  5.14916019  5.89238907]
 [13.33862965  8.63758945  8.26243095 14.59067511  5.86373712  5.96877293
  11.68709113  8.39643087  5.51731107 14.26510053  8.91527565]
 [ 9.92531325  9.06789259  7.710307    8.78651713  4.88585855  9.74909819
   9.90606799  4.59808337 14.60565035  8.74517961 14.74829044]
 [ 4.753489   11.6042163  13.47757759  8.311431   12.38781187  8.94182893
   4.51274378  9.85640558  7.2208268   4.80337525 13.58046007]
 [12.9768807   8.96672873  6.73660801  7.254922    8.76543123 12.11282912
   7.43954974  5.37665741  5.51241395 11.48303582  7.07473012]
 [ 9.34826075  6.17436724  7.22907923 10.81038826  4.69247632 14.5810561
   5.76433541 13.28963169  5.5929458   6.35637701  9.13907405]
 [ 8.71546836  5.89240379  7.19540818 12.08996238  9.41756185  9.62750074
   9.70693942  5.38815715  8.62515568  6.16553475 11.56615512]]
Rv: [[ 5.5508794   7.76368899  8.77922813  6.5547913   8.51296857  5.57117303
  13.70169935  7.767985    8.39717124  4.97458141]
 [ 7.47694768  7.01182364  9.4995064  15.40621465 14.44502567 11.60486436
   6.25305447  9.34232414  7.23050295 13.17490327]
 [11.10312527 10.43595034  6.6034394  11.02530518  6.16557524  4.50950487
   8.14544339 13.30120518  5.26618696 11.23926436]
 [ 5.31004051  5.36960706  4.76508802  5.28607587  6.98666355  4.72827096
   7.38353302  9.59568411 10.88370168  4.88917637]
 [14.60765503  9.46724852 14.90556974  8.31277683  6.49948223  6.45162532
   5.08348683 11.44651759  8.88998121  5.15550391]
 [ 6.49963908  4.51406332  8.17886115  4.58779415  7.03758817  5.47984068
   6.40013547 14.56040776  8.86462141  9.42434915]
 [10.40705516 14.7273173   5.70996577  5.1506994   8.68054046  5.26412994
   7.03218034  4.77559115 14.55349254  4.9550046 ]
 [15.43497816 11.47137112  5.68839456  6.50260083  4.90199892  4.54876932
   9.19865497 10.40641078  5.04692003  9.05145998]
 [14.90842835  6.36446368 14.04295433 12.36312964  7.37382757 12.47840462
   6.62062211 10.64331477  8.39183863 15.26030549]]