-------Running parameters--------
T = 0.001
temperature_gradient = 0.0
gap = 0.0
M = 10
N = 10
VR = 0.0
Vmin = 0.0
Vmax = 1.1
vStep = 0.001
vSym = True
repeats = 50
fileName = array_10_10_disorder_c_std_0.1_r_std_9.5_run_8
dist = exp
fullOutput = True
use_graph = False
current_map = True
plot_current_map = False
plot_binary_current_map = False
frame_norm = False
dbg = False
resume = False
sc = False
leaping = False
constQ = False
modifyR = False
double_time = False
double_loop = False
output_folder = bgu_2d_finite_temperature_different_disorders_statistics
params_path = 
VG_avg = 0.0
VG_std = 0.0
C_avg = 2.0
C_std = 0.1
CG_avg = 10.0
CG_std = 0.0
R_avg = 10.0
R_std = 9.5
custom_rh = ""
custom_rv = ""
custom_ch = ""
custom_cv = ""
RG_avg = 500.0
RG_std = 0.0
n0_avg = 0.0
n0_std = 0.0
Q0_avg = 0.0
Q0_std = 0.0
----Array Parameters-----
Rows: 10
Columns: 10
VG: [[0.]
 [0.]
 [0.]
 [0.]
 [0.]
 [0.]
 [0.]
 [0.]
 [0.]
 [0.]
 [0.]
 [0.]
 [0.]
 [0.]
 [0.]
 [0.]
 [0.]
 [0.]
 [0.]
 [0.]
 [0.]
 [0.]
 [0.]
 [0.]
 [0.]
 [0.]
 [0.]
 [0.]
 [0.]
 [0.]
 [0.]
 [0.]
 [0.]
 [0.]
 [0.]
 [0.]
 [0.]
 [0.]
 [0.]
 [0.]
 [0.]
 [0.]
 [0.]
 [0.]
 [0.]
 [0.]
 [0.]
 [0.]
 [0.]
 [0.]
 [0.]
 [0.]
 [0.]
 [0.]
 [0.]
 [0.]
 [0.]
 [0.]
 [0.]
 [0.]
 [0.]
 [0.]
 [0.]
 [0.]
 [0.]
 [0.]
 [0.]
 [0.]
 [0.]
 [0.]
 [0.]
 [0.]
 [0.]
 [0.]
 [0.]
 [0.]
 [0.]
 [0.]
 [0.]
 [0.]
 [0.]
 [0.]
 [0.]
 [0.]
 [0.]
 [0.]
 [0.]
 [0.]
 [0.]
 [0.]
 [0.]
 [0.]
 [0.]
 [0.]
 [0.]
 [0.]
 [0.]
 [0.]
 [0.]
 [0.]]
CG: [[10.]
 [10.]
 [10.]
 [10.]
 [10.]
 [10.]
 [10.]
 [10.]
 [10.]
 [10.]
 [10.]
 [10.]
 [10.]
 [10.]
 [10.]
 [10.]
 [10.]
 [10.]
 [10.]
 [10.]
 [10.]
 [10.]
 [10.]
 [10.]
 [10.]
 [10.]
 [10.]
 [10.]
 [10.]
 [10.]
 [10.]
 [10.]
 [10.]
 [10.]
 [10.]
 [10.]
 [10.]
 [10.]
 [10.]
 [10.]
 [10.]
 [10.]
 [10.]
 [10.]
 [10.]
 [10.]
 [10.]
 [10.]
 [10.]
 [10.]
 [10.]
 [10.]
 [10.]
 [10.]
 [10.]
 [10.]
 [10.]
 [10.]
 [10.]
 [10.]
 [10.]
 [10.]
 [10.]
 [10.]
 [10.]
 [10.]
 [10.]
 [10.]
 [10.]
 [10.]
 [10.]
 [10.]
 [10.]
 [10.]
 [10.]
 [10.]
 [10.]
 [10.]
 [10.]
 [10.]
 [10.]
 [10.]
 [10.]
 [10.]
 [10.]
 [10.]
 [10.]
 [10.]
 [10.]
 [10.]
 [10.]
 [10.]
 [10.]
 [10.]
 [10.]
 [10.]
 [10.]
 [10.]
 [10.]
 [10.]]
RG: [[500.]
 [500.]
 [500.]
 [500.]
 [500.]
 [500.]
 [500.]
 [500.]
 [500.]
 [500.]
 [500.]
 [500.]
 [500.]
 [500.]
 [500.]
 [500.]
 [500.]
 [500.]
 [500.]
 [500.]
 [500.]
 [500.]
 [500.]
 [500.]
 [500.]
 [500.]
 [500.]
 [500.]
 [500.]
 [500.]
 [500.]
 [500.]
 [500.]
 [500.]
 [500.]
 [500.]
 [500.]
 [500.]
 [500.]
 [500.]
 [500.]
 [500.]
 [500.]
 [500.]
 [500.]
 [500.]
 [500.]
 [500.]
 [500.]
 [500.]
 [500.]
 [500.]
 [500.]
 [500.]
 [500.]
 [500.]
 [500.]
 [500.]
 [500.]
 [500.]
 [500.]
 [500.]
 [500.]
 [500.]
 [500.]
 [500.]
 [500.]
 [500.]
 [500.]
 [500.]
 [500.]
 [500.]
 [500.]
 [500.]
 [500.]
 [500.]
 [500.]
 [500.]
 [500.]
 [500.]
 [500.]
 [500.]
 [500.]
 [500.]
 [500.]
 [500.]
 [500.]
 [500.]
 [500.]
 [500.]
 [500.]
 [500.]
 [500.]
 [500.]
 [500.]
 [500.]
 [500.]
 [500.]
 [500.]
 [500.]]
Ch: [[2.00052022 1.92274041 2.08183773 2.08807272 2.0888882  2.06744817
  1.94567854 1.9041696  2.07990217 2.07683666 2.01940014]
 [2.00794004 1.96842032 2.08084987 2.02703771 1.90796022 2.08844574
  1.93215516 1.9679531  1.94609175 2.09762979 2.08062812]
 [1.9817245  1.96309626 2.07703356 2.06444926 1.97626421 1.98163984
  2.03169607 1.91934752 2.04948532 2.05821253 1.9272088 ]
 [2.02123049 1.98253302 1.98641107 1.96743804 1.91233383 1.92417258
  1.95711477 2.0118039  1.94145681 1.97660061 1.9391757 ]
 [2.02135687 1.99365229 2.08626846 2.05489886 1.98100112 1.97262008
  1.95355626 2.08671235 1.94682517 2.0022998  2.09266734]
 [2.05693307 2.07465638 1.90333381 1.93413708 2.09718691 1.96350432
  2.03235731 1.94310624 1.97664958 1.9175636  1.96218729]
 [1.91342901 2.06474591 2.07084854 2.0430115  2.06875445 2.03278427
  2.07945689 1.93056902 1.95291717 2.0409963  1.92255759]
 [1.92090934 1.99037749 1.9980865  2.07523574 2.00814658 1.92736014
  2.0172268  2.02927018 1.93226149 1.97321064 1.92457461]
 [1.99513303 2.01017154 1.9759567  2.03743415 1.92590594 1.91555924
  2.06738565 1.92507283 1.93329657 2.05118264 2.02066426]
 [1.90617157 2.03338021 1.91620495 2.09184665 1.97902    2.04869935
  2.09925891 2.00575794 2.03019973 1.94724417 2.03182537]]
Cv: [[0.         0.         0.         0.         0.         0.
  0.         0.         0.         0.        ]
 [2.06390122 1.94741265 2.0540502  1.91905583 1.90958654 1.98535179
  1.96781873 1.9481266  2.04415698 1.90835177]
 [2.03154947 2.00131752 1.98740707 1.90207129 2.04489207 1.95239255
  1.95517133 1.99317051 1.97562652 2.07251367]
 [1.94220741 1.91137621 1.93333233 1.91468845 1.95315308 1.99802835
  1.95334467 1.9154248  1.92120723 1.95616813]
 [1.94218525 2.09271421 2.08884023 1.92569201 2.0725799  2.08995657
  1.92253166 2.00568035 1.91928588 1.99236757]
 [2.0018004  1.95255571 1.91610398 1.96739958 1.9212959  2.08125996
  1.91930533 1.92075233 1.90745529 1.99281105]
 [2.02683274 2.03338792 2.07430971 1.96516708 2.08457947 2.09063773
  1.93855818 1.97790075 2.05299461 1.94398696]
 [2.06405817 1.93800802 2.01496197 2.06184512 2.03240303 1.96316193
  2.02331808 2.08632581 1.9574411  1.97274085]
 [2.02554236 2.00970954 2.08991691 1.97255702 2.01626379 2.09853906
  2.02923599 2.04508807 1.93024631 1.99811282]
 [2.06060789 1.94041155 1.92781433 2.08756338 2.07568728 2.00229552
  1.93849754 2.04633704 2.04227323 1.98807168]]
Rh: [[17.74890533  1.30193199  1.49656106  0.93351339  2.29663103  2.93373509
   7.23685187  1.71072973  1.39569325  2.89411666  1.0749753 ]
 [ 1.2516822   1.86056979  0.94887838  1.68025689  1.79276718  2.99536198
   2.28345343  6.18087382  1.48954556 12.52870367  0.57504746]
 [ 1.26257518  3.71454136  1.7508979   0.51329062  0.59526476  1.01011235
   0.81030312  1.81316617  6.751079    7.69929987  2.21652783]
 [ 1.39786899  3.83334807  2.3290267   0.57410958  2.00253112  1.56109815
   3.34566849  0.53816562  1.51542785  0.57741626  4.59707986]
 [15.10686279  8.73206345 15.08040456  1.47830147  0.90991057  0.55784198
   1.0186752   0.7848311   2.07078916  5.07574882  2.18285602]
 [ 1.66578425  2.25914384  6.42338793  1.80651919 16.41731413 16.43990474
  17.85803429 16.27592753  1.22451111 12.99486748  3.83456569]
 [ 7.78278215  3.27895483  6.63172356  0.50734157  0.91613099  0.54671543
   3.48150965  2.63095427  3.94514992  3.80983976  2.83379261]
 [10.07061627  0.68606359  0.92468467  3.77399243 11.90123665  2.03864784
   1.60173709 15.57481301  5.56193392  4.39392571  0.87581135]
 [ 3.04865805  1.88404469 11.05281139  1.11653563  1.49810667  1.93759618
  12.19116119 14.29693387  1.43881885 10.66188436  9.55933361]
 [ 0.88820575  0.56485198  1.66677874  3.33872134  0.7783423   0.6971144
   1.27318405 10.51357897  1.54273699  0.80156737  7.59323389]]
Rv: [[ 1.54924549 17.20304646  6.33760146  0.5022027   5.35644022  0.72677313
   2.13294785  1.97655397  1.35880943  0.56432129]
 [ 6.98152853  3.27573171 11.4168572   2.4255768   4.03986331  0.55094102
  18.93113152  0.66755012  2.29651967  1.52629237]
 [ 9.55604308  3.42945736 14.56199652 14.47794973 18.40275854  3.00078889
   0.61942909  3.15169682 15.67692565  1.81378225]
 [ 0.93117537  2.32604079  2.18381621  1.40172938  3.05026301  6.60276932
  11.90069538  2.56542889  0.63686239 15.22228235]
 [ 0.64809557  4.5728358  17.7398712   0.54504215  1.93108034  5.92766536
   8.33473263  0.7333755   3.56635324  1.59359857]
 [ 2.33299734  2.92755795  2.78369565  6.58125231 11.33447669 16.11277787
   7.45581848  7.57219973  1.45333649  3.0057236 ]
 [15.26472312  0.91422836  4.6755116  12.84589136 14.23175312  1.39604119
   2.91681813  0.64745553  6.60447702  1.2785851 ]
 [ 3.30647878  2.65296408  2.31094576 10.26741242  1.31691129  0.7631448
  19.43160568  4.34630538  0.78009346  4.32332602]
 [ 5.84373205 15.20562186  1.04303953  2.82016671  7.06534546  0.52638994
   1.37073154  8.34374597 10.32740395 19.2104731 ]]