-------Running parameters--------
T = 0.001
temperature_gradient = 0.0
gap = 0.0
M = 10
N = 10
VR = 0.0
Vmin = 0.0
Vmax = 1.1
vStep = 0.001
vSym = True
repeats = 50
fileName = array_10_10_disorder_c_std_0.1_r_std_8.5_run_10
dist = exp
fullOutput = True
use_graph = False
current_map = True
plot_current_map = False
plot_binary_current_map = False
frame_norm = False
dbg = False
resume = False
sc = False
leaping = False
constQ = False
modifyR = False
double_time = False
double_loop = False
output_folder = bgu_2d_finite_temperature_different_disorders_statistics
params_path = 
VG_avg = 0.0
VG_std = 0.0
C_avg = 2.0
C_std = 0.1
CG_avg = 10.0
CG_std = 0.0
R_avg = 10.0
R_std = 8.5
custom_rh = ""
custom_rv = ""
custom_ch = ""
custom_cv = ""
RG_avg = 500.0
RG_std = 0.0
n0_avg = 0.0
n0_std = 0.0
Q0_avg = 0.0
Q0_std = 0.0
----Array Parameters-----
Rows: 10
Columns: 10
VG: [[0.]
 [0.]
 [0.]
 [0.]
 [0.]
 [0.]
 [0.]
 [0.]
 [0.]
 [0.]
 [0.]
 [0.]
 [0.]
 [0.]
 [0.]
 [0.]
 [0.]
 [0.]
 [0.]
 [0.]
 [0.]
 [0.]
 [0.]
 [0.]
 [0.]
 [0.]
 [0.]
 [0.]
 [0.]
 [0.]
 [0.]
 [0.]
 [0.]
 [0.]
 [0.]
 [0.]
 [0.]
 [0.]
 [0.]
 [0.]
 [0.]
 [0.]
 [0.]
 [0.]
 [0.]
 [0.]
 [0.]
 [0.]
 [0.]
 [0.]
 [0.]
 [0.]
 [0.]
 [0.]
 [0.]
 [0.]
 [0.]
 [0.]
 [0.]
 [0.]
 [0.]
 [0.]
 [0.]
 [0.]
 [0.]
 [0.]
 [0.]
 [0.]
 [0.]
 [0.]
 [0.]
 [0.]
 [0.]
 [0.]
 [0.]
 [0.]
 [0.]
 [0.]
 [0.]
 [0.]
 [0.]
 [0.]
 [0.]
 [0.]
 [0.]
 [0.]
 [0.]
 [0.]
 [0.]
 [0.]
 [0.]
 [0.]
 [0.]
 [0.]
 [0.]
 [0.]
 [0.]
 [0.]
 [0.]
 [0.]]
CG: [[10.]
 [10.]
 [10.]
 [10.]
 [10.]
 [10.]
 [10.]
 [10.]
 [10.]
 [10.]
 [10.]
 [10.]
 [10.]
 [10.]
 [10.]
 [10.]
 [10.]
 [10.]
 [10.]
 [10.]
 [10.]
 [10.]
 [10.]
 [10.]
 [10.]
 [10.]
 [10.]
 [10.]
 [10.]
 [10.]
 [10.]
 [10.]
 [10.]
 [10.]
 [10.]
 [10.]
 [10.]
 [10.]
 [10.]
 [10.]
 [10.]
 [10.]
 [10.]
 [10.]
 [10.]
 [10.]
 [10.]
 [10.]
 [10.]
 [10.]
 [10.]
 [10.]
 [10.]
 [10.]
 [10.]
 [10.]
 [10.]
 [10.]
 [10.]
 [10.]
 [10.]
 [10.]
 [10.]
 [10.]
 [10.]
 [10.]
 [10.]
 [10.]
 [10.]
 [10.]
 [10.]
 [10.]
 [10.]
 [10.]
 [10.]
 [10.]
 [10.]
 [10.]
 [10.]
 [10.]
 [10.]
 [10.]
 [10.]
 [10.]
 [10.]
 [10.]
 [10.]
 [10.]
 [10.]
 [10.]
 [10.]
 [10.]
 [10.]
 [10.]
 [10.]
 [10.]
 [10.]
 [10.]
 [10.]
 [10.]]
RG: [[500.]
 [500.]
 [500.]
 [500.]
 [500.]
 [500.]
 [500.]
 [500.]
 [500.]
 [500.]
 [500.]
 [500.]
 [500.]
 [500.]
 [500.]
 [500.]
 [500.]
 [500.]
 [500.]
 [500.]
 [500.]
 [500.]
 [500.]
 [500.]
 [500.]
 [500.]
 [500.]
 [500.]
 [500.]
 [500.]
 [500.]
 [500.]
 [500.]
 [500.]
 [500.]
 [500.]
 [500.]
 [500.]
 [500.]
 [500.]
 [500.]
 [500.]
 [500.]
 [500.]
 [500.]
 [500.]
 [500.]
 [500.]
 [500.]
 [500.]
 [500.]
 [500.]
 [500.]
 [500.]
 [500.]
 [500.]
 [500.]
 [500.]
 [500.]
 [500.]
 [500.]
 [500.]
 [500.]
 [500.]
 [500.]
 [500.]
 [500.]
 [500.]
 [500.]
 [500.]
 [500.]
 [500.]
 [500.]
 [500.]
 [500.]
 [500.]
 [500.]
 [500.]
 [500.]
 [500.]
 [500.]
 [500.]
 [500.]
 [500.]
 [500.]
 [500.]
 [500.]
 [500.]
 [500.]
 [500.]
 [500.]
 [500.]
 [500.]
 [500.]
 [500.]
 [500.]
 [500.]
 [500.]
 [500.]
 [500.]]
Ch: [[2.08749591 2.02850261 1.90003007 2.05629223 1.98459524 2.0063004
  1.90598081 2.05825025 1.91331231 1.94992372 2.0061123 ]
 [2.01892651 2.04349158 2.04815117 2.05434272 2.01224143 2.07035503
  2.07998279 1.92378657 1.95594018 2.07135081 2.01630657]
 [1.92706354 1.90869769 2.07000579 1.979695   1.96138943 1.94268162
  2.09080275 1.91097032 1.94373826 2.06653361 1.97440652]
 [1.97270077 2.05652404 2.09363413 1.96205318 1.97319762 1.92792886
  1.90181004 2.07223741 1.93573167 1.91597351 1.97132806]
 [2.07242205 1.95868841 1.92412305 2.03810824 2.0688501  2.07453361
  2.05724289 2.03526732 1.96414215 1.95128784 2.03888138]
 [2.00661626 1.94063997 2.0640638  2.04407164 2.05714488 2.08450261
  1.93984849 1.93693054 1.98855164 1.95476632 2.05441041]
 [1.90328417 1.99122219 1.95085739 1.94663113 2.09196206 2.09000329
  2.07742225 1.91270939 1.91937095 2.02323166 2.07732273]
 [2.0456864  2.04519692 1.99662539 2.03018301 2.07796648 2.07571049
  2.01843476 2.07492283 2.08619528 2.04809081 2.00546955]
 [2.08017965 2.0236753  1.95058434 1.90361051 1.91703361 2.08019537
  1.91654152 2.01428767 2.06801291 1.99362412 1.94230329]
 [1.98826365 1.90690347 1.91223575 1.90342647 2.06765674 1.9491057
  1.9935954  2.0321899  1.92506035 2.09449657 2.00888372]]
Cv: [[0.         0.         0.         0.         0.         0.
  0.         0.         0.         0.        ]
 [1.93529779 2.01078467 1.99115775 2.09264271 1.92323103 2.03362914
  2.05128693 1.94992376 2.07575989 2.00691384]
 [1.91851457 2.00413045 2.01269172 2.01773416 1.91846047 2.02337894
  1.92982081 1.91314512 2.00245344 1.98438717]
 [2.06840044 1.99760535 2.01898276 1.9518494  2.03269352 1.91312556
  2.08781779 1.91630505 1.90453878 1.93685525]
 [1.94677948 1.94547106 2.01370847 2.0758276  1.92839437 2.09311761
  1.90410209 1.92059824 1.96487301 2.07459689]
 [1.91752449 1.92815053 2.02508851 2.0426276  2.02738603 2.08897957
  2.02326443 2.03569895 1.98837757 1.97328109]
 [2.03492662 1.96424009 1.9532796  2.05602384 1.94851107 2.01506944
  2.03500329 2.01575954 1.95299124 1.97210073]
 [1.95325251 2.01803709 2.08135099 2.08796227 1.99064263 2.01676262
  2.02304815 1.93404091 1.94774908 2.02623314]
 [1.99655796 2.01383018 1.94548986 1.92665805 2.00377639 1.9729953
  1.97879837 1.92601708 2.09433441 2.01400724]
 [1.91534148 1.96469029 2.04442022 1.96793617 2.0418653  1.9009431
  1.99454845 2.07194723 1.94248388 2.01909306]]
Rh: [[ 2.80958304 14.05000006 12.32281217 11.45483239  8.73149407  5.40677339
  16.98693931  2.19111689  4.92527968 14.05194148  7.26821295]
 [15.32524988  6.50954999 11.67630481  1.60864819  3.6324299   7.27306335
   7.25278618 16.27710753  2.47490141  6.0713977   9.70498586]
 [ 4.35767245 15.97690154  2.70993739  2.43141052  3.4434347   4.87779834
   3.29957338  2.36896047  5.56201154  8.22434036  2.15075686]
 [ 4.14344233  2.89472292  1.74638233  1.60415629  2.44734316  2.97751903
   6.39319147  4.91035997  2.55232644 12.36268986  4.25151197]
 [ 6.38129138  5.8289979   4.64277015  2.04226571 15.28979892  2.06642424
   1.68035359  2.00988927 13.54740774  3.3930333   1.52218429]
 [ 5.05440227  5.00981801  4.41442815  7.48819155  5.97052821  2.08184596
   9.79138892  2.09686859 10.44016368  7.66554656  5.45407811]
 [13.71257679 12.54086402  2.07359453  5.68406773  2.12531092 13.32087508
   4.22617678 13.02424495  3.83512843  3.60592994  1.99024182]
 [ 2.17798157 10.65209249 13.7434409   3.23627318  3.56640037  8.0650594
   4.66469077  9.69680993  1.64593126 14.46719401  8.8879369 ]
 [ 8.32246633 12.6022788   7.0441581   5.51486691  1.91256256  6.73598175
  14.32135269 12.12429172  3.24761266  2.0855699   1.99391935]
 [ 6.05536153 10.73041348  1.90084947  6.31323093  4.99940348  4.3032966
  15.79525702 10.61090721  9.12860085  4.5225797   1.68799745]]
Rv: [[ 9.77348823  7.81221585  2.78205222  4.860921    2.5529863   4.61307335
  15.26097831  1.80252664  8.73261552  7.27947259]
 [ 9.83079085  2.26045211  1.90160485  9.80943256  2.47082291  4.07359339
   7.33991801  3.16470959  3.11305412  6.04172032]
 [14.787293    7.81886789  4.02460047  3.87657909 11.36567504  9.40260401
  10.73620015  2.23465671 16.40927921  6.92261567]
 [ 2.11767063  1.65666214  4.38409364  6.2642522  13.0427282   1.99197991
   4.84724554  1.85387118  4.47372061  3.93995076]
 [ 8.34340313 15.66006216  1.93366872  3.97508782  2.60826419  6.32041644
  10.17601233  1.79165505  3.1393362   1.67015715]
 [ 2.29341047 18.34852134  7.3420385   4.21104476  1.80276639 16.04859795
   6.28073354  2.09070638  5.19304843  2.53337521]
 [ 9.2596049   2.51366362  4.06966863  8.53084535  5.47736036  8.99511756
   4.18717344 14.24797807  3.69767796  3.48430809]
 [ 7.35468215  6.94301191  3.99568814  2.11560892 11.64749319 18.4782549
  11.33870821  4.27718435  3.05202022  4.77797096]
 [ 7.83617087 15.23641044  3.74477144  4.12877892  3.11722934  2.86764162
   9.23136704  4.97370336  2.06856876  2.38751932]]