-------Running parameters--------
T = 0.001
temperature_gradient = 0.0
gap = 0.0
M = 10
N = 10
VR = 0.0
Vmin = 0.0
Vmax = 1.1
vStep = 0.001
vSym = True
repeats = 50
fileName = array_10_10_disorder_c_std_0.1_r_std_13_run_3
dist = exp
fullOutput = True
use_graph = False
current_map = True
plot_current_map = False
plot_binary_current_map = False
frame_norm = False
dbg = False
resume = False
sc = False
leaping = False
constQ = False
modifyR = False
double_time = False
double_loop = False
output_folder = bgu_2d_finite_temperature_different_disorders_statistics
params_path = 
VG_avg = 0.0
VG_std = 0.0
C_avg = 2.0
C_std = 0.1
CG_avg = 10.0
CG_std = 0.0
R_avg = 20.0
R_std = 13.0
custom_rh = ""
custom_rv = ""
custom_ch = ""
custom_cv = ""
RG_avg = 500.0
RG_std = 0.0
n0_avg = 0.0
n0_std = 0.0
Q0_avg = 0.0
Q0_std = 0.0
----Array Parameters-----
Rows: 10
Columns: 10
VG: [[0.]
 [0.]
 [0.]
 [0.]
 [0.]
 [0.]
 [0.]
 [0.]
 [0.]
 [0.]
 [0.]
 [0.]
 [0.]
 [0.]
 [0.]
 [0.]
 [0.]
 [0.]
 [0.]
 [0.]
 [0.]
 [0.]
 [0.]
 [0.]
 [0.]
 [0.]
 [0.]
 [0.]
 [0.]
 [0.]
 [0.]
 [0.]
 [0.]
 [0.]
 [0.]
 [0.]
 [0.]
 [0.]
 [0.]
 [0.]
 [0.]
 [0.]
 [0.]
 [0.]
 [0.]
 [0.]
 [0.]
 [0.]
 [0.]
 [0.]
 [0.]
 [0.]
 [0.]
 [0.]
 [0.]
 [0.]
 [0.]
 [0.]
 [0.]
 [0.]
 [0.]
 [0.]
 [0.]
 [0.]
 [0.]
 [0.]
 [0.]
 [0.]
 [0.]
 [0.]
 [0.]
 [0.]
 [0.]
 [0.]
 [0.]
 [0.]
 [0.]
 [0.]
 [0.]
 [0.]
 [0.]
 [0.]
 [0.]
 [0.]
 [0.]
 [0.]
 [0.]
 [0.]
 [0.]
 [0.]
 [0.]
 [0.]
 [0.]
 [0.]
 [0.]
 [0.]
 [0.]
 [0.]
 [0.]
 [0.]]
CG: [[10.]
 [10.]
 [10.]
 [10.]
 [10.]
 [10.]
 [10.]
 [10.]
 [10.]
 [10.]
 [10.]
 [10.]
 [10.]
 [10.]
 [10.]
 [10.]
 [10.]
 [10.]
 [10.]
 [10.]
 [10.]
 [10.]
 [10.]
 [10.]
 [10.]
 [10.]
 [10.]
 [10.]
 [10.]
 [10.]
 [10.]
 [10.]
 [10.]
 [10.]
 [10.]
 [10.]
 [10.]
 [10.]
 [10.]
 [10.]
 [10.]
 [10.]
 [10.]
 [10.]
 [10.]
 [10.]
 [10.]
 [10.]
 [10.]
 [10.]
 [10.]
 [10.]
 [10.]
 [10.]
 [10.]
 [10.]
 [10.]
 [10.]
 [10.]
 [10.]
 [10.]
 [10.]
 [10.]
 [10.]
 [10.]
 [10.]
 [10.]
 [10.]
 [10.]
 [10.]
 [10.]
 [10.]
 [10.]
 [10.]
 [10.]
 [10.]
 [10.]
 [10.]
 [10.]
 [10.]
 [10.]
 [10.]
 [10.]
 [10.]
 [10.]
 [10.]
 [10.]
 [10.]
 [10.]
 [10.]
 [10.]
 [10.]
 [10.]
 [10.]
 [10.]
 [10.]
 [10.]
 [10.]
 [10.]
 [10.]]
RG: [[500.]
 [500.]
 [500.]
 [500.]
 [500.]
 [500.]
 [500.]
 [500.]
 [500.]
 [500.]
 [500.]
 [500.]
 [500.]
 [500.]
 [500.]
 [500.]
 [500.]
 [500.]
 [500.]
 [500.]
 [500.]
 [500.]
 [500.]
 [500.]
 [500.]
 [500.]
 [500.]
 [500.]
 [500.]
 [500.]
 [500.]
 [500.]
 [500.]
 [500.]
 [500.]
 [500.]
 [500.]
 [500.]
 [500.]
 [500.]
 [500.]
 [500.]
 [500.]
 [500.]
 [500.]
 [500.]
 [500.]
 [500.]
 [500.]
 [500.]
 [500.]
 [500.]
 [500.]
 [500.]
 [500.]
 [500.]
 [500.]
 [500.]
 [500.]
 [500.]
 [500.]
 [500.]
 [500.]
 [500.]
 [500.]
 [500.]
 [500.]
 [500.]
 [500.]
 [500.]
 [500.]
 [500.]
 [500.]
 [500.]
 [500.]
 [500.]
 [500.]
 [500.]
 [500.]
 [500.]
 [500.]
 [500.]
 [500.]
 [500.]
 [500.]
 [500.]
 [500.]
 [500.]
 [500.]
 [500.]
 [500.]
 [500.]
 [500.]
 [500.]
 [500.]
 [500.]
 [500.]
 [500.]
 [500.]
 [500.]]
Ch: [[1.97436282 1.95716706 1.96752068 1.95528291 1.99945937 2.00050779
  2.08902451 2.05190468 1.91899784 1.9413433  2.02955032]
 [2.00143851 2.07034281 1.94170228 1.91671522 2.08788455 2.0227606
  2.06256084 1.90479665 1.97216206 1.94845641 1.95361482]
 [2.00144856 1.95454391 1.98561789 1.90748396 1.95562361 1.98027127
  1.99196152 1.9553609  1.94094595 1.95216776 1.99938509]
 [2.08613327 1.9199552  2.01720259 2.05790084 2.02419491 1.98582725
  2.02178632 2.00422529 1.96127136 1.98419719 2.05073368]
 [2.02013424 2.0409122  2.09231658 1.94140303 1.97466907 2.03159181
  2.03858597 1.94640486 2.07636557 1.90151363 2.03829252]
 [2.02417835 2.06215099 2.08866284 2.04049672 2.01052328 1.95177994
  2.05422699 1.94131962 2.09222424 1.93690237 2.03557494]
 [1.96901067 2.03432882 2.02666607 2.09331524 1.93394339 2.06801286
  2.00451405 2.01133183 1.9561943  2.08209291 1.96319886]
 [1.92500525 1.97995206 2.07769673 1.94702906 2.07208994 1.90197377
  1.96407492 1.93269781 1.92906752 2.04669569 1.97589577]
 [1.90976563 1.95911791 2.08984632 2.06609076 1.91474083 2.04631656
  1.94803071 2.02267938 1.90711827 2.00956446 2.04757245]
 [2.01682819 1.90049612 1.99441644 2.0133862  1.93097151 1.97636104
  2.07794935 1.91044288 2.04709097 2.09085068 1.9237041 ]]
Cv: [[0.         0.         0.         0.         0.         0.
  0.         0.         0.         0.        ]
 [1.94141833 1.93675471 2.01412073 1.93035519 1.95039054 2.08713062
  2.07185806 2.04997968 2.09762872 2.02802771]
 [1.96258049 1.9375157  2.08372291 1.98989183 1.91584817 2.04340144
  1.95920063 2.05320793 1.92862548 2.04869268]
 [1.97743903 2.08523384 2.02565014 2.01556298 1.98924371 1.96557491
  2.05919993 1.91853111 2.05233916 2.08415195]
 [2.02917744 1.91639268 1.9275684  1.91774291 1.93103048 2.03034095
  1.91322966 2.00184798 1.95135345 1.92283506]
 [2.03650072 2.01890416 2.03449165 1.90772348 2.08539223 2.07216174
  1.93695182 2.07886612 2.07806416 2.06020322]
 [2.07666926 2.00256589 2.02730303 1.95279091 1.95543961 2.00192989
  1.95034998 1.90784563 1.94430516 2.01474322]
 [2.00756648 1.97507988 1.95468176 1.93203743 1.94258086 2.07863126
  1.96035785 1.99546453 1.91737176 1.92213617]
 [2.00793047 2.04620843 2.06989203 2.05743275 1.93302649 1.95268411
  2.02340184 1.96341676 2.02268459 2.06233762]
 [1.96215912 1.93481669 2.03901884 1.98951918 2.01478011 2.09334214
  1.99677378 2.00106631 2.02723946 1.92167988]]
Rh: [[32.42280103 19.5943618   9.26895324 10.25079688  8.05990291 20.64277211
  15.86164766 10.40271556  7.32453665 28.12320899 19.08600118]
 [26.7183301  21.93321931  8.4540411  17.98924852 11.33488412 10.3956684
  15.25562394 14.11892043 10.76125358  8.67403925  7.44861671]
 [ 7.83383232  7.10667409  9.74362391 26.64113051 19.46772159 13.92408677
  23.34855327  8.25988279 17.38513745  9.14625617 28.37679835]
 [ 8.24896946 29.39052845 20.6709902  27.8571031  20.20493175  8.92001235
  16.96553246 26.19016294  7.88872073 17.18767668  9.72691962]
 [14.20440545  9.78311872 22.44275185 13.70983488 30.78743263 29.45517055
  10.49020213 20.6953465  27.44956896  7.13694583 15.93224645]
 [14.61912482 24.12377321 31.70472103 14.72067662  7.49853869 31.1555108
  10.15588837  7.39318642 19.48576071 31.16671637 28.77643542]
 [32.1413987   9.64318445 14.87498331 17.86396787 19.83321362  8.00521564
  20.85174049 26.8036682  25.79225982 10.68481022 13.41237234]
 [10.45236319 14.3358396  18.91048559 21.10567539 18.62487697 10.35477187
  26.51130253  8.67053315 17.62118767 10.94166863 17.71790463]
 [28.24449902  8.47313613  9.44931056 29.13172816 16.65238818 21.39450955
   7.58749614 26.12315145 26.55234428 25.36866246 27.34341498]
 [15.77452617  7.40948963 31.02512634 10.0114831  18.63045241 13.01180759
  17.82439004 18.22845417 24.31496466  8.57202679 14.1319761 ]]
Rv: [[25.70058936 24.83736864  9.77567521 21.86470108 30.82123817 17.96202323
   8.76893146 10.4187432  22.691215   22.17122344]
 [32.23539143 23.80723841  7.17894709  7.79791585 13.63133424 24.06843663
  16.11689676 15.75487644 11.03510219 32.36567943]
 [29.27855469 18.667799   16.3300395  32.33893518 11.82279655 12.42478753
  17.25283697 11.95642006 11.11489151 22.35758656]
 [26.19405067 31.60312366 20.89329029  8.54581195 12.14359119 10.58556984
  11.06498444 17.27388939 10.04187084  7.37554534]
 [25.87336348 14.35061182 13.77083035 24.38156288 17.42498718 13.52383255
  30.25425319  9.8061888  31.71562157  8.10035619]
 [14.17732617 14.68000501 20.15740825  8.93973482 14.68022432  8.96802845
  22.04335304 24.65422617  7.8391841   8.77896174]
 [ 7.0065102  23.26866327 30.19110336 25.26905558 20.96409457 26.39779013
  21.54021234 26.62056665 12.94288372 10.32661997]
 [13.63495076 24.75336778 11.84814617 32.67545559 10.13238343  9.18017294
  12.96393282 28.45406485 29.91763208  7.83728889]
 [10.77916373  9.73757168  7.88543583 15.2612908  19.31350418 32.95116384
  13.34830461 13.71215573 10.07447672 15.58406657]]