-------Running parameters--------
T = 0.001
temperature_gradient = 0.0
gap = 0.0
M = 10
N = 10
VR = 0.0
Vmin = 0.0
Vmax = 1.1
vStep = 0.001
vSym = True
repeats = 50
fileName = array_10_10_disorder_c_std_0.1_r_std_12_run_8
dist = exp
fullOutput = True
use_graph = False
current_map = True
plot_current_map = False
plot_binary_current_map = False
frame_norm = False
dbg = False
resume = False
sc = False
leaping = False
constQ = False
modifyR = False
double_time = False
double_loop = False
output_folder = bgu_2d_finite_temperature_different_disorders_statistics
params_path = 
VG_avg = 0.0
VG_std = 0.0
C_avg = 2.0
C_std = 0.1
CG_avg = 10.0
CG_std = 0.0
R_avg = 20.0
R_std = 12.0
custom_rh = ""
custom_rv = ""
custom_ch = ""
custom_cv = ""
RG_avg = 500.0
RG_std = 0.0
n0_avg = 0.0
n0_std = 0.0
Q0_avg = 0.0
Q0_std = 0.0
----Array Parameters-----
Rows: 10
Columns: 10
VG: [[0.]
 [0.]
 [0.]
 [0.]
 [0.]
 [0.]
 [0.]
 [0.]
 [0.]
 [0.]
 [0.]
 [0.]
 [0.]
 [0.]
 [0.]
 [0.]
 [0.]
 [0.]
 [0.]
 [0.]
 [0.]
 [0.]
 [0.]
 [0.]
 [0.]
 [0.]
 [0.]
 [0.]
 [0.]
 [0.]
 [0.]
 [0.]
 [0.]
 [0.]
 [0.]
 [0.]
 [0.]
 [0.]
 [0.]
 [0.]
 [0.]
 [0.]
 [0.]
 [0.]
 [0.]
 [0.]
 [0.]
 [0.]
 [0.]
 [0.]
 [0.]
 [0.]
 [0.]
 [0.]
 [0.]
 [0.]
 [0.]
 [0.]
 [0.]
 [0.]
 [0.]
 [0.]
 [0.]
 [0.]
 [0.]
 [0.]
 [0.]
 [0.]
 [0.]
 [0.]
 [0.]
 [0.]
 [0.]
 [0.]
 [0.]
 [0.]
 [0.]
 [0.]
 [0.]
 [0.]
 [0.]
 [0.]
 [0.]
 [0.]
 [0.]
 [0.]
 [0.]
 [0.]
 [0.]
 [0.]
 [0.]
 [0.]
 [0.]
 [0.]
 [0.]
 [0.]
 [0.]
 [0.]
 [0.]
 [0.]]
CG: [[10.]
 [10.]
 [10.]
 [10.]
 [10.]
 [10.]
 [10.]
 [10.]
 [10.]
 [10.]
 [10.]
 [10.]
 [10.]
 [10.]
 [10.]
 [10.]
 [10.]
 [10.]
 [10.]
 [10.]
 [10.]
 [10.]
 [10.]
 [10.]
 [10.]
 [10.]
 [10.]
 [10.]
 [10.]
 [10.]
 [10.]
 [10.]
 [10.]
 [10.]
 [10.]
 [10.]
 [10.]
 [10.]
 [10.]
 [10.]
 [10.]
 [10.]
 [10.]
 [10.]
 [10.]
 [10.]
 [10.]
 [10.]
 [10.]
 [10.]
 [10.]
 [10.]
 [10.]
 [10.]
 [10.]
 [10.]
 [10.]
 [10.]
 [10.]
 [10.]
 [10.]
 [10.]
 [10.]
 [10.]
 [10.]
 [10.]
 [10.]
 [10.]
 [10.]
 [10.]
 [10.]
 [10.]
 [10.]
 [10.]
 [10.]
 [10.]
 [10.]
 [10.]
 [10.]
 [10.]
 [10.]
 [10.]
 [10.]
 [10.]
 [10.]
 [10.]
 [10.]
 [10.]
 [10.]
 [10.]
 [10.]
 [10.]
 [10.]
 [10.]
 [10.]
 [10.]
 [10.]
 [10.]
 [10.]
 [10.]]
RG: [[500.]
 [500.]
 [500.]
 [500.]
 [500.]
 [500.]
 [500.]
 [500.]
 [500.]
 [500.]
 [500.]
 [500.]
 [500.]
 [500.]
 [500.]
 [500.]
 [500.]
 [500.]
 [500.]
 [500.]
 [500.]
 [500.]
 [500.]
 [500.]
 [500.]
 [500.]
 [500.]
 [500.]
 [500.]
 [500.]
 [500.]
 [500.]
 [500.]
 [500.]
 [500.]
 [500.]
 [500.]
 [500.]
 [500.]
 [500.]
 [500.]
 [500.]
 [500.]
 [500.]
 [500.]
 [500.]
 [500.]
 [500.]
 [500.]
 [500.]
 [500.]
 [500.]
 [500.]
 [500.]
 [500.]
 [500.]
 [500.]
 [500.]
 [500.]
 [500.]
 [500.]
 [500.]
 [500.]
 [500.]
 [500.]
 [500.]
 [500.]
 [500.]
 [500.]
 [500.]
 [500.]
 [500.]
 [500.]
 [500.]
 [500.]
 [500.]
 [500.]
 [500.]
 [500.]
 [500.]
 [500.]
 [500.]
 [500.]
 [500.]
 [500.]
 [500.]
 [500.]
 [500.]
 [500.]
 [500.]
 [500.]
 [500.]
 [500.]
 [500.]
 [500.]
 [500.]
 [500.]
 [500.]
 [500.]
 [500.]]
Ch: [[1.99057286 1.99872013 2.0035274  1.9732838  2.01097735 2.01432286
  2.06881566 2.04764771 2.02593116 1.99869232 2.01154286]
 [2.00567427 1.9415888  1.90582354 2.00808122 1.9297941  1.96334757
  2.0965951  1.97538088 2.05683362 1.98389214 2.09304753]
 [1.94530794 2.09295678 2.07729924 1.93576751 2.04018957 1.95162373
  2.06460634 2.03356564 1.92074197 2.02466314 2.02364205]
 [1.95973363 1.98976811 1.98606855 1.95722957 1.98644742 2.09751396
  2.05807475 1.96304756 2.06008745 1.9580625  2.01817504]
 [2.02906948 2.06091614 1.96558199 2.07125458 1.9079285  2.04680947
  1.97066825 1.93996285 2.04443518 2.08431872 1.97081534]
 [2.05675729 1.98709995 2.08912761 1.93968815 1.92763805 1.94828671
  2.01101695 2.00509419 2.01419322 1.99268117 1.91991343]
 [2.05496779 1.9289138  2.02798635 1.92245633 1.96546104 2.02074139
  1.99698141 2.05972191 1.97611522 2.04668959 2.07179913]
 [2.05861817 1.90036048 2.07982138 1.96734824 2.04479198 1.92730409
  2.0044919  2.08603269 1.95506621 1.93969035 2.01987456]
 [1.93577916 2.05358416 1.90685437 1.98789756 2.0474104  2.08416914
  1.97209246 1.96282918 2.01329567 2.05657329 2.04709509]
 [2.08582113 2.03588735 1.97967835 2.08949772 1.9374028  1.9800655
  2.0682636  1.96073992 2.01678181 2.08595339 1.90474114]]
Cv: [[0.         0.         0.         0.         0.         0.
  0.         0.         0.         0.        ]
 [1.94212781 1.93738935 2.01314456 1.93777121 1.9213719  1.91382499
  1.93925202 1.99746671 1.93733201 2.05858864]
 [2.02632392 2.08077198 2.03966488 2.00759054 1.9561119  1.9221683
  2.04653514 2.0023423  1.9054888  1.91184197]
 [1.92984538 2.07803748 2.017131   2.0131022  2.01344137 1.93363285
  2.07882951 1.98502543 1.90575149 1.9579459 ]
 [2.03911047 2.07466685 1.97344795 2.01895481 1.95787632 1.95412715
  2.06414786 1.94199421 1.97214073 2.01024549]
 [2.06757945 2.08212409 2.01366375 2.04950347 1.92757183 1.95090698
  2.0635227  2.07961275 1.97666468 1.96546639]
 [2.05418618 2.08320436 1.91913697 2.00055049 2.08406635 2.03361593
  2.08436293 1.94308268 2.07684931 2.00008637]
 [2.00304872 2.01369916 1.94475269 1.91791439 1.9875908  2.02651071
  1.9734311  2.09612994 1.94006067 2.09415149]
 [1.9548403  2.01359644 2.04525492 2.08310245 1.93185931 2.04818489
  1.9736554  2.08915619 2.06050362 1.91149054]
 [1.90810424 1.93891398 1.96414302 2.08614824 1.91242751 2.02944614
  2.06659796 1.93379944 1.9722282  2.0435422 ]]
Rh: [[21.55821785 31.80996649  8.48639405 12.82956992 30.78086517  8.81558866
  10.77689206 12.54014639  8.83048468  8.54127395 14.83656155]
 [22.16324255 13.86406375 18.34897069  8.36189494 29.18009961 27.45929478
   8.75518489 22.67899509 19.94611711 21.1768773  10.68527538]
 [27.6663201  17.4577577  17.65756287 11.88072525 20.72897566 11.13281118
  23.49545554 11.58060851 28.07955901 16.35958404 14.13799929]
 [17.01129915 17.42379143 21.84202351 13.61357103 10.73307431  8.77857569
  17.15749978 24.65403993 12.47839906 17.31796439 28.80240497]
 [24.36276973  9.71590824 30.24030452 11.0398182  19.93995445 21.59259392
  13.23309419 18.01265091 13.3909136  30.13304789 14.18539573]
 [13.35716365 18.10208973 21.29832348 10.5609215  11.08312521 11.10596821
  22.32329004 16.30125615 17.95983769  8.72823159 24.70717197]
 [14.10497181 12.84911737 10.31473614 29.18421549 29.56454185  8.27433316
  29.83009687 11.3682661  25.00354028 27.50447552  9.34958042]
 [25.30714649 15.60253446 19.35196888 31.76453401 24.18726517 12.95134466
  12.33751636  8.60202232 17.97770128 13.83105315 10.93972121]
 [12.96717068 23.47662291 16.60241198 17.92055124 16.12305712 13.19803643
   9.90612035  8.55779975 21.31333382 28.37250329  8.16887228]
 [12.38056849  8.67952222 31.69543973 16.4772903  18.00421412 13.09090132
  21.700179    9.15235816 24.53354199 20.37434097 17.26371842]]
Rv: [[25.34622772 18.18139855 20.94015685 14.42342115  9.13198409 21.73769285
   9.37446639 29.5591989  27.97994604 27.21635648]
 [25.80352336 27.2497025  17.89438243 19.9883812  15.09834869 12.06613178
  17.56276184 22.38362959 10.47358227 24.46044869]
 [12.25552235 11.46257921 14.99642658  8.47719922 22.22887119 19.98259203
  13.19296247 12.18908054 13.82778304 12.55407821]
 [12.66168588  8.73029754  8.05726448 22.54075253 11.55847928 24.64895759
  10.40938792 20.16703117  9.9413232   8.84939234]
 [ 9.2820653  12.77245458 12.16681994 24.69807421 30.96364653  8.67304247
  17.55369263 11.66119319  9.06072372 27.57717872]
 [15.55839613 25.77718418 11.14707232  9.43669531 26.37048059  8.95644507
  28.86938152 11.81982988 13.8944403  31.50895414]
 [19.03651947  9.44683971 11.24699076  8.03150228 12.5975659  20.98559398
  11.42025542 19.66660233 11.15710803 12.11391673]
 [13.74740876 21.12895845  8.14565029 23.81345695 21.14139559  9.15352857
  19.82993438 22.9393137  23.35563277 31.03150663]
 [10.97771183 14.49070654 17.40386054 28.24963546 21.46280461 24.13585082
   8.53404368  8.51176609 10.08117107 10.50938168]]