-------Running parameters--------
T = 0.001
temperature_gradient = 0.0
gap = 0.0
M = 10
N = 10
VR = 0.0
Vmin = 0.0
Vmax = 1.1
vStep = 0.001
vSym = True
repeats = 50
fileName = array_10_10_disorder_c_std_0.1_r_std_7.5_run_5
dist = exp
fullOutput = True
use_graph = False
current_map = True
plot_current_map = False
plot_binary_current_map = False
frame_norm = False
dbg = False
resume = False
sc = False
leaping = False
constQ = False
modifyR = False
double_time = False
double_loop = False
output_folder = bgu_2d_finite_temperature_different_disorders_statistics
params_path = 
VG_avg = 0.0
VG_std = 0.0
C_avg = 2.0
C_std = 0.1
CG_avg = 10.0
CG_std = 0.0
R_avg = 10.0
R_std = 7.5
custom_rh = ""
custom_rv = ""
custom_ch = ""
custom_cv = ""
RG_avg = 500.0
RG_std = 0.0
n0_avg = 0.0
n0_std = 0.0
Q0_avg = 0.0
Q0_std = 0.0
----Array Parameters-----
Rows: 10
Columns: 10
VG: [[0.]
 [0.]
 [0.]
 [0.]
 [0.]
 [0.]
 [0.]
 [0.]
 [0.]
 [0.]
 [0.]
 [0.]
 [0.]
 [0.]
 [0.]
 [0.]
 [0.]
 [0.]
 [0.]
 [0.]
 [0.]
 [0.]
 [0.]
 [0.]
 [0.]
 [0.]
 [0.]
 [0.]
 [0.]
 [0.]
 [0.]
 [0.]
 [0.]
 [0.]
 [0.]
 [0.]
 [0.]
 [0.]
 [0.]
 [0.]
 [0.]
 [0.]
 [0.]
 [0.]
 [0.]
 [0.]
 [0.]
 [0.]
 [0.]
 [0.]
 [0.]
 [0.]
 [0.]
 [0.]
 [0.]
 [0.]
 [0.]
 [0.]
 [0.]
 [0.]
 [0.]
 [0.]
 [0.]
 [0.]
 [0.]
 [0.]
 [0.]
 [0.]
 [0.]
 [0.]
 [0.]
 [0.]
 [0.]
 [0.]
 [0.]
 [0.]
 [0.]
 [0.]
 [0.]
 [0.]
 [0.]
 [0.]
 [0.]
 [0.]
 [0.]
 [0.]
 [0.]
 [0.]
 [0.]
 [0.]
 [0.]
 [0.]
 [0.]
 [0.]
 [0.]
 [0.]
 [0.]
 [0.]
 [0.]
 [0.]]
CG: [[10.]
 [10.]
 [10.]
 [10.]
 [10.]
 [10.]
 [10.]
 [10.]
 [10.]
 [10.]
 [10.]
 [10.]
 [10.]
 [10.]
 [10.]
 [10.]
 [10.]
 [10.]
 [10.]
 [10.]
 [10.]
 [10.]
 [10.]
 [10.]
 [10.]
 [10.]
 [10.]
 [10.]
 [10.]
 [10.]
 [10.]
 [10.]
 [10.]
 [10.]
 [10.]
 [10.]
 [10.]
 [10.]
 [10.]
 [10.]
 [10.]
 [10.]
 [10.]
 [10.]
 [10.]
 [10.]
 [10.]
 [10.]
 [10.]
 [10.]
 [10.]
 [10.]
 [10.]
 [10.]
 [10.]
 [10.]
 [10.]
 [10.]
 [10.]
 [10.]
 [10.]
 [10.]
 [10.]
 [10.]
 [10.]
 [10.]
 [10.]
 [10.]
 [10.]
 [10.]
 [10.]
 [10.]
 [10.]
 [10.]
 [10.]
 [10.]
 [10.]
 [10.]
 [10.]
 [10.]
 [10.]
 [10.]
 [10.]
 [10.]
 [10.]
 [10.]
 [10.]
 [10.]
 [10.]
 [10.]
 [10.]
 [10.]
 [10.]
 [10.]
 [10.]
 [10.]
 [10.]
 [10.]
 [10.]
 [10.]]
RG: [[500.]
 [500.]
 [500.]
 [500.]
 [500.]
 [500.]
 [500.]
 [500.]
 [500.]
 [500.]
 [500.]
 [500.]
 [500.]
 [500.]
 [500.]
 [500.]
 [500.]
 [500.]
 [500.]
 [500.]
 [500.]
 [500.]
 [500.]
 [500.]
 [500.]
 [500.]
 [500.]
 [500.]
 [500.]
 [500.]
 [500.]
 [500.]
 [500.]
 [500.]
 [500.]
 [500.]
 [500.]
 [500.]
 [500.]
 [500.]
 [500.]
 [500.]
 [500.]
 [500.]
 [500.]
 [500.]
 [500.]
 [500.]
 [500.]
 [500.]
 [500.]
 [500.]
 [500.]
 [500.]
 [500.]
 [500.]
 [500.]
 [500.]
 [500.]
 [500.]
 [500.]
 [500.]
 [500.]
 [500.]
 [500.]
 [500.]
 [500.]
 [500.]
 [500.]
 [500.]
 [500.]
 [500.]
 [500.]
 [500.]
 [500.]
 [500.]
 [500.]
 [500.]
 [500.]
 [500.]
 [500.]
 [500.]
 [500.]
 [500.]
 [500.]
 [500.]
 [500.]
 [500.]
 [500.]
 [500.]
 [500.]
 [500.]
 [500.]
 [500.]
 [500.]
 [500.]
 [500.]
 [500.]
 [500.]
 [500.]]
Ch: [[1.90244411 1.96011833 1.98349951 1.98166233 1.90906807 2.0899621
  1.96747701 2.06289402 2.06442254 1.94703684 1.91541052]
 [1.98213453 1.97569284 2.04746229 1.92784654 1.94681761 1.9714456
  1.95691058 2.00983    2.00079935 1.9049481  1.98939135]
 [2.09309972 2.04209618 1.93646974 2.03581533 2.04303111 2.01272042
  1.99482565 1.92733493 2.00491802 2.03558088 1.96221169]
 [1.95898061 1.96655555 2.03853553 2.0357461  1.90538489 1.95405527
  1.90813853 1.91239168 2.08390208 1.96867776 1.98459286]
 [1.91670818 2.03712014 2.03768059 2.09417144 1.90421635 1.92805805
  1.9898163  2.03972812 2.00121042 1.95049789 2.00902807]
 [2.00149753 1.92342315 1.97247247 1.95598835 2.08139753 1.9413083
  1.99822373 1.96419947 1.90082266 1.98701538 2.07483752]
 [2.04108021 1.91109654 1.93782635 1.96413849 2.01896715 2.09031711
  1.94211038 2.0213551  1.92734169 1.95647151 2.01782157]
 [1.91284226 2.09051981 2.01840711 1.99377816 2.08920074 1.94276638
  2.08025873 1.99776894 2.00124704 2.07654809 2.07490699]
 [1.98760879 2.08045835 1.91712001 1.99587677 2.02417497 1.96739742
  1.99092594 1.98787018 1.97449567 2.05843235 2.09720389]
 [1.97565095 1.97727915 1.96422834 2.04122327 2.09882609 1.92181302
  2.08216842 2.01946546 1.92849343 2.00293569 2.08278807]]
Cv: [[0.         0.         0.         0.         0.         0.
  0.         0.         0.         0.        ]
 [2.05804556 1.98872432 1.91050667 2.02584832 2.04826256 1.93775691
  2.01146181 1.97894742 2.00488887 1.96236898]
 [2.02308012 2.06047279 1.98056299 1.94253518 1.99487671 2.09744276
  2.03379245 1.98677787 1.91106919 1.95315091]
 [1.90647298 1.97684047 1.97582347 2.01483179 1.96673555 1.95727678
  2.01122409 1.98357142 2.02289431 2.0916215 ]
 [1.90736168 1.93130302 2.080786   1.9941083  1.93634373 1.91326943
  1.94586232 2.03235031 2.06152476 1.97074234]
 [1.96124384 1.93149379 1.99619347 2.06871461 1.98932933 2.0108785
  1.92187777 1.98866664 2.05982585 1.91542483]
 [1.91508455 2.00091233 1.97455059 1.95534479 1.91996601 1.9336175
  2.02473802 2.06382471 1.93581807 1.9416315 ]
 [1.90353585 1.9063982  2.0184234  1.98244514 2.07882578 1.90846945
  2.04951418 2.02439727 1.96168225 2.05881833]
 [1.98299413 2.09437741 1.97885477 1.94792191 1.92444927 2.0220405
  1.92793436 2.01443007 1.94568094 1.98828006]
 [2.03943455 2.05491396 2.00398213 1.91242642 2.0293808  1.91246763
  1.9787928  2.07140152 2.04604695 1.99925976]]
Rh: [[14.14103087  3.2361704  15.03596945  7.18007078  2.83695322  4.69972264
   7.31755927  9.00439757 15.25231064  2.50101137 12.42312027]
 [ 8.95824781 14.41725834 15.42941868  2.89770885  5.71234595  8.45084374
   7.41442067  5.42236038  3.49225267  6.99471272  4.74201273]
 [ 5.63749488 12.50166095  6.63074656 16.82510668  5.31399942 14.29392028
  11.89061563  7.18095856 10.07766066  8.57478352 12.1789672 ]
 [ 3.88071184  4.94484495 10.63394731  6.1104779   6.84755323  2.66381776
   3.18773871  5.56255849 13.50663269  9.92222227 14.49949266]
 [ 3.04282756  3.37309156 15.13497579 15.15097954 15.58578853 11.26690189
   8.8848658   7.99451951 10.23659063  4.09537978  7.21363168]
 [ 4.7790469   3.33704398 13.98810078  3.87288403 11.34984202 16.37967278
   9.69503914  2.87848094 13.16039258  2.65332261  2.72770895]
 [14.1199168   2.83684051 17.23064195  2.80787337 12.34370505  9.09070689
   4.78423547  8.36482188  4.93963667  6.31118609 12.7086543 ]
 [10.96635004 14.02384251  2.88158826 11.23041633  7.68186404  6.47070539
   3.22625071  8.46666112  3.56698793  2.66491023  5.66456988]
 [ 9.96551357  3.30422507  4.17108546 11.45495966  5.76788641 10.23625664
  16.52314648  3.25573875  6.90333652 10.0451825   2.6640482 ]
 [15.65421797 15.48841422  7.28068821  7.379706    3.70399317  4.63131483
  10.91818747  2.53877337 13.31830748  4.10213227  3.83716297]]
Rv: [[ 6.78483174 14.42235249 14.20691046 11.67899738  6.06330509 15.6659275
  16.44670282 16.9518647   8.70944834  4.473362  ]
 [ 7.2828997   3.28757777  2.98046575  6.00756076 15.49531925  5.49059108
  10.4762054   4.88877168  8.68786826  3.29556902]
 [ 2.76873954  7.68602367 17.26690091 11.41782942  2.72113065  5.58076289
  13.08813158  8.11691235  5.16196033 16.86166168]
 [ 4.28425877  6.92723098  2.70821131  2.61924711 10.88300569  5.53098096
   4.64006717  2.81103189  8.52364067  5.01517319]
 [13.13853151  5.67755579  4.5157175   4.26566551  3.38530088 11.1933986
  11.41148633 16.71525949 14.59305074  6.66525424]
 [ 8.7043592   6.49597496  4.6726825  16.2117165   3.98883607 12.33062258
  11.29649629 15.31880707  4.79825016 13.07584704]
 [ 4.53246787  6.17725377  5.33523539  5.6994745  15.30097517  3.76938787
   3.20432351 11.04768273  4.36062378  8.78523046]
 [ 6.54216079  5.33724379 11.25516839  4.78106889  3.32355309  3.82708233
  13.94294663  4.42773223  3.63326935  2.76802032]
 [ 5.8750214   7.76148481  3.14922718  7.09961894  7.40570591  4.59938992
   6.38574451  4.00571492  3.0965772   8.28057049]]