-------Running parameters--------
T = 0.001
temperature_gradient = 0.0
gap = 0.0
M = 10
N = 10
VR = 0.0
Vmin = 0.0
Vmax = 1.1
vStep = 0.001
vSym = True
repeats = 50
fileName = array_10_10_disorder_c_std_0.1_r_std_12_run_10
dist = exp
fullOutput = True
use_graph = False
current_map = True
plot_current_map = False
plot_binary_current_map = False
frame_norm = False
dbg = False
resume = False
sc = False
leaping = False
constQ = False
modifyR = False
double_time = False
double_loop = False
output_folder = bgu_2d_finite_temperature_different_disorders_statistics
params_path = 
VG_avg = 0.0
VG_std = 0.0
C_avg = 2.0
C_std = 0.1
CG_avg = 10.0
CG_std = 0.0
R_avg = 20.0
R_std = 12.0
custom_rh = ""
custom_rv = ""
custom_ch = ""
custom_cv = ""
RG_avg = 500.0
RG_std = 0.0
n0_avg = 0.0
n0_std = 0.0
Q0_avg = 0.0
Q0_std = 0.0
----Array Parameters-----
Rows: 10
Columns: 10
VG: [[0.]
 [0.]
 [0.]
 [0.]
 [0.]
 [0.]
 [0.]
 [0.]
 [0.]
 [0.]
 [0.]
 [0.]
 [0.]
 [0.]
 [0.]
 [0.]
 [0.]
 [0.]
 [0.]
 [0.]
 [0.]
 [0.]
 [0.]
 [0.]
 [0.]
 [0.]
 [0.]
 [0.]
 [0.]
 [0.]
 [0.]
 [0.]
 [0.]
 [0.]
 [0.]
 [0.]
 [0.]
 [0.]
 [0.]
 [0.]
 [0.]
 [0.]
 [0.]
 [0.]
 [0.]
 [0.]
 [0.]
 [0.]
 [0.]
 [0.]
 [0.]
 [0.]
 [0.]
 [0.]
 [0.]
 [0.]
 [0.]
 [0.]
 [0.]
 [0.]
 [0.]
 [0.]
 [0.]
 [0.]
 [0.]
 [0.]
 [0.]
 [0.]
 [0.]
 [0.]
 [0.]
 [0.]
 [0.]
 [0.]
 [0.]
 [0.]
 [0.]
 [0.]
 [0.]
 [0.]
 [0.]
 [0.]
 [0.]
 [0.]
 [0.]
 [0.]
 [0.]
 [0.]
 [0.]
 [0.]
 [0.]
 [0.]
 [0.]
 [0.]
 [0.]
 [0.]
 [0.]
 [0.]
 [0.]
 [0.]]
CG: [[10.]
 [10.]
 [10.]
 [10.]
 [10.]
 [10.]
 [10.]
 [10.]
 [10.]
 [10.]
 [10.]
 [10.]
 [10.]
 [10.]
 [10.]
 [10.]
 [10.]
 [10.]
 [10.]
 [10.]
 [10.]
 [10.]
 [10.]
 [10.]
 [10.]
 [10.]
 [10.]
 [10.]
 [10.]
 [10.]
 [10.]
 [10.]
 [10.]
 [10.]
 [10.]
 [10.]
 [10.]
 [10.]
 [10.]
 [10.]
 [10.]
 [10.]
 [10.]
 [10.]
 [10.]
 [10.]
 [10.]
 [10.]
 [10.]
 [10.]
 [10.]
 [10.]
 [10.]
 [10.]
 [10.]
 [10.]
 [10.]
 [10.]
 [10.]
 [10.]
 [10.]
 [10.]
 [10.]
 [10.]
 [10.]
 [10.]
 [10.]
 [10.]
 [10.]
 [10.]
 [10.]
 [10.]
 [10.]
 [10.]
 [10.]
 [10.]
 [10.]
 [10.]
 [10.]
 [10.]
 [10.]
 [10.]
 [10.]
 [10.]
 [10.]
 [10.]
 [10.]
 [10.]
 [10.]
 [10.]
 [10.]
 [10.]
 [10.]
 [10.]
 [10.]
 [10.]
 [10.]
 [10.]
 [10.]
 [10.]]
RG: [[500.]
 [500.]
 [500.]
 [500.]
 [500.]
 [500.]
 [500.]
 [500.]
 [500.]
 [500.]
 [500.]
 [500.]
 [500.]
 [500.]
 [500.]
 [500.]
 [500.]
 [500.]
 [500.]
 [500.]
 [500.]
 [500.]
 [500.]
 [500.]
 [500.]
 [500.]
 [500.]
 [500.]
 [500.]
 [500.]
 [500.]
 [500.]
 [500.]
 [500.]
 [500.]
 [500.]
 [500.]
 [500.]
 [500.]
 [500.]
 [500.]
 [500.]
 [500.]
 [500.]
 [500.]
 [500.]
 [500.]
 [500.]
 [500.]
 [500.]
 [500.]
 [500.]
 [500.]
 [500.]
 [500.]
 [500.]
 [500.]
 [500.]
 [500.]
 [500.]
 [500.]
 [500.]
 [500.]
 [500.]
 [500.]
 [500.]
 [500.]
 [500.]
 [500.]
 [500.]
 [500.]
 [500.]
 [500.]
 [500.]
 [500.]
 [500.]
 [500.]
 [500.]
 [500.]
 [500.]
 [500.]
 [500.]
 [500.]
 [500.]
 [500.]
 [500.]
 [500.]
 [500.]
 [500.]
 [500.]
 [500.]
 [500.]
 [500.]
 [500.]
 [500.]
 [500.]
 [500.]
 [500.]
 [500.]
 [500.]]
Ch: [[1.93994097 1.91591644 1.99415628 2.02796339 2.05289711 1.9925157
  1.92612548 1.96805037 2.03291013 1.90857386 2.06855353]
 [1.90282905 2.09340527 1.92718149 1.9798222  2.06627895 2.00333798
  1.95971181 1.98999919 1.97164336 1.91227736 1.95893625]
 [2.09463677 2.01914388 2.07191185 1.97465876 2.08234583 1.90824745
  2.09599094 2.0259699  2.09133733 1.9707091  2.07425822]
 [2.05185682 1.9160852  1.90595691 1.94105607 1.98558403 1.91352368
  1.97127623 2.03665647 1.94863774 1.92425084 1.98338221]
 [2.06452373 2.03376929 2.07102888 1.92547158 2.088958   2.01169895
  2.05495978 2.036322   1.98871779 2.07407073 2.09971263]
 [2.033033   2.00870307 1.99273018 2.06116109 1.95048763 1.9296432
  2.09418408 2.03586416 1.91124062 2.07694536 1.91919538]
 [2.06205591 2.00261544 2.09413029 1.91667279 2.0648317  2.03173768
  1.93745807 1.92929929 2.01702487 2.0255303  1.92880441]
 [2.03410245 2.06222392 1.9830801  1.97377328 1.93825507 2.09816091
  1.94770347 1.95685698 2.02266341 1.97207271 1.98033809]
 [1.94096174 1.95176612 1.9566357  2.01598548 1.94565455 2.03976194
  2.00846665 2.09242767 1.9213581  2.04988828 2.09537145]
 [2.01357532 1.91692172 1.929103   1.90956968 2.0121029  1.92969428
  1.98746322 2.01527601 2.05610738 1.91786471 2.08862783]]
Cv: [[0.         0.         0.         0.         0.         0.
  0.         0.         0.         0.        ]
 [1.99546527 1.92079934 2.09615101 1.93461622 2.02514842 2.08672989
  1.98093048 2.08051573 1.99311542 1.90040428]
 [1.9821899  1.95885598 2.00685329 2.06989806 1.95577374 2.02985175
  2.06261052 1.92120102 1.92728837 2.00711403]
 [1.98312934 2.03783491 1.98509841 1.91421234 2.09377406 2.0285283
  2.03229149 1.90218314 2.09381416 2.05698049]
 [1.95055708 2.08153757 2.07164398 2.05759874 2.05632825 1.93063341
  1.93537778 1.95282217 2.05801153 1.99577624]
 [2.02073473 2.0014534  1.9273542  1.96488247 2.04736449 1.92967603
  2.0525696  2.06090707 1.9242708  2.06695169]
 [2.02075392 1.9524148  1.90709919 2.06511852 2.0696449  1.98404931
  1.96424413 2.03303128 2.03857505 1.95046624]
 [1.98154687 1.98219674 1.92656623 1.95548658 2.01175992 1.99907234
  1.93280844 2.07294668 1.92629748 2.04523843]
 [1.90936645 2.08930373 2.07331472 2.02728526 2.06160828 2.07184677
  2.05451785 1.93820066 1.92863457 1.94978818]
 [1.98414672 2.09506922 2.04938811 1.96985495 2.05738212 1.93948891
  1.95047433 1.96051661 2.01955859 1.95093993]]
Rh: [[14.46759921 10.313089   16.11335745 12.28446921 10.16709089 26.14742275
   9.22237488 13.42976145 31.9675309  18.98925918 29.23021657]
 [19.83417296 22.70686445 21.51612375 23.01298824 11.88586109 14.7146167
  17.68157378  9.73589122  8.8229697  30.26110938 10.20335594]
 [12.80363766 25.63671947 21.0855037  16.26670576 14.88719523  9.72845278
  13.1303512  11.48696911 12.78587702 10.89402269 18.29914133]
 [29.46541289 15.15045835  8.13180904 12.95910431 12.06108552 10.23081766
   8.5126724  26.37178115 16.07361253 27.12910577 22.90142785]
 [11.14694652 20.95779322 12.49878835 12.22104551 15.03592245  9.70254532
  18.41033485 10.93423331 21.49988124 12.76838905 11.87135677]
 [24.74968758 14.68574393  9.68012592 13.36388892 24.5574878  18.9400271
  28.95263662  9.71888222 16.63697651 14.42835325  9.29007714]
 [16.87784113 10.0760754   9.01472018 17.61166659 23.63753771 23.68904856
  20.03598458 30.29119075 19.15685896 29.58374713 13.25189097]
 [14.59586386  9.2375823  18.25242394 27.532637   10.37991736 17.55030994
  25.08448142 23.33234044  8.90757138 14.97931939 10.98922455]
 [10.06243146  8.33745937 12.47995155 10.53137712 13.97430775 19.47337385
  21.9487293  12.24693203 28.23555387  8.91571134 14.06867216]
 [15.77000347  9.7478216  20.13625558 15.09402366 13.23196354 25.84068509
  14.27226424 21.82735418 10.70059801 18.06554169 10.58162633]]
Rv: [[18.90342227 28.42509624 28.68601084 30.05841531  9.01126413 15.17840035
  12.81088229 13.15176846 14.80512235 24.9244699 ]
 [15.75595451 14.71212844 15.66483726 13.12049039 25.04480163  9.89246736
   8.17002163  9.06632576 15.01701566 14.40363873]
 [28.50298817 18.09105357 27.93928259 22.70067069 23.3493468  10.35848552
  23.22188635 30.77532119 22.18541825 12.11428158]
 [ 8.35886694 10.86875495 19.01543107 20.33220646 27.97820571 10.37123702
   8.40126813 10.75268528 25.29928168 11.27917947]
 [14.32889664 15.9290273  22.53435829 31.04665032 13.97626954 22.87763811
  17.74578697 24.71174834 13.83488444 19.91050897]
 [23.95265068 12.02794628 23.84656264 23.24070094 17.07266945  8.20454716
   8.16775448 12.30926704 17.76278725 21.38003653]
 [10.55589729 29.09721068 27.72528307 13.03828323 31.37677338 13.27495685
  28.35733125 16.1033747   8.44137792 24.10559844]
 [26.88221491 13.08178005 17.41044395 28.15129448 14.15567019  9.78515667
  23.58775068 22.67515539 22.8154097  15.25489596]
 [26.64585906 23.48076633  9.8314791  13.34450637 11.61631582 27.43482273
  13.93189757 28.04805637 10.19213979 25.20002613]]