-------Running parameters--------
T = 0.001
temperature_gradient = 0.0
gap = 0.0
M = 10
N = 10
VR = 0.0
Vmin = 0.0
Vmax = 1.1
vStep = 0.001
vSym = True
repeats = 50
fileName = array_10_10_disorder_c_std_0.1_r_std_8.5_run_8
dist = exp
fullOutput = True
use_graph = False
current_map = True
plot_current_map = False
plot_binary_current_map = False
frame_norm = False
dbg = False
resume = False
sc = False
leaping = False
constQ = False
modifyR = False
double_time = False
double_loop = False
output_folder = bgu_2d_finite_temperature_different_disorders_statistics
params_path = 
VG_avg = 0.0
VG_std = 0.0
C_avg = 2.0
C_std = 0.1
CG_avg = 10.0
CG_std = 0.0
R_avg = 10.0
R_std = 8.5
custom_rh = ""
custom_rv = ""
custom_ch = ""
custom_cv = ""
RG_avg = 500.0
RG_std = 0.0
n0_avg = 0.0
n0_std = 0.0
Q0_avg = 0.0
Q0_std = 0.0
----Array Parameters-----
Rows: 10
Columns: 10
VG: [[0.]
 [0.]
 [0.]
 [0.]
 [0.]
 [0.]
 [0.]
 [0.]
 [0.]
 [0.]
 [0.]
 [0.]
 [0.]
 [0.]
 [0.]
 [0.]
 [0.]
 [0.]
 [0.]
 [0.]
 [0.]
 [0.]
 [0.]
 [0.]
 [0.]
 [0.]
 [0.]
 [0.]
 [0.]
 [0.]
 [0.]
 [0.]
 [0.]
 [0.]
 [0.]
 [0.]
 [0.]
 [0.]
 [0.]
 [0.]
 [0.]
 [0.]
 [0.]
 [0.]
 [0.]
 [0.]
 [0.]
 [0.]
 [0.]
 [0.]
 [0.]
 [0.]
 [0.]
 [0.]
 [0.]
 [0.]
 [0.]
 [0.]
 [0.]
 [0.]
 [0.]
 [0.]
 [0.]
 [0.]
 [0.]
 [0.]
 [0.]
 [0.]
 [0.]
 [0.]
 [0.]
 [0.]
 [0.]
 [0.]
 [0.]
 [0.]
 [0.]
 [0.]
 [0.]
 [0.]
 [0.]
 [0.]
 [0.]
 [0.]
 [0.]
 [0.]
 [0.]
 [0.]
 [0.]
 [0.]
 [0.]
 [0.]
 [0.]
 [0.]
 [0.]
 [0.]
 [0.]
 [0.]
 [0.]
 [0.]]
CG: [[10.]
 [10.]
 [10.]
 [10.]
 [10.]
 [10.]
 [10.]
 [10.]
 [10.]
 [10.]
 [10.]
 [10.]
 [10.]
 [10.]
 [10.]
 [10.]
 [10.]
 [10.]
 [10.]
 [10.]
 [10.]
 [10.]
 [10.]
 [10.]
 [10.]
 [10.]
 [10.]
 [10.]
 [10.]
 [10.]
 [10.]
 [10.]
 [10.]
 [10.]
 [10.]
 [10.]
 [10.]
 [10.]
 [10.]
 [10.]
 [10.]
 [10.]
 [10.]
 [10.]
 [10.]
 [10.]
 [10.]
 [10.]
 [10.]
 [10.]
 [10.]
 [10.]
 [10.]
 [10.]
 [10.]
 [10.]
 [10.]
 [10.]
 [10.]
 [10.]
 [10.]
 [10.]
 [10.]
 [10.]
 [10.]
 [10.]
 [10.]
 [10.]
 [10.]
 [10.]
 [10.]
 [10.]
 [10.]
 [10.]
 [10.]
 [10.]
 [10.]
 [10.]
 [10.]
 [10.]
 [10.]
 [10.]
 [10.]
 [10.]
 [10.]
 [10.]
 [10.]
 [10.]
 [10.]
 [10.]
 [10.]
 [10.]
 [10.]
 [10.]
 [10.]
 [10.]
 [10.]
 [10.]
 [10.]
 [10.]]
RG: [[500.]
 [500.]
 [500.]
 [500.]
 [500.]
 [500.]
 [500.]
 [500.]
 [500.]
 [500.]
 [500.]
 [500.]
 [500.]
 [500.]
 [500.]
 [500.]
 [500.]
 [500.]
 [500.]
 [500.]
 [500.]
 [500.]
 [500.]
 [500.]
 [500.]
 [500.]
 [500.]
 [500.]
 [500.]
 [500.]
 [500.]
 [500.]
 [500.]
 [500.]
 [500.]
 [500.]
 [500.]
 [500.]
 [500.]
 [500.]
 [500.]
 [500.]
 [500.]
 [500.]
 [500.]
 [500.]
 [500.]
 [500.]
 [500.]
 [500.]
 [500.]
 [500.]
 [500.]
 [500.]
 [500.]
 [500.]
 [500.]
 [500.]
 [500.]
 [500.]
 [500.]
 [500.]
 [500.]
 [500.]
 [500.]
 [500.]
 [500.]
 [500.]
 [500.]
 [500.]
 [500.]
 [500.]
 [500.]
 [500.]
 [500.]
 [500.]
 [500.]
 [500.]
 [500.]
 [500.]
 [500.]
 [500.]
 [500.]
 [500.]
 [500.]
 [500.]
 [500.]
 [500.]
 [500.]
 [500.]
 [500.]
 [500.]
 [500.]
 [500.]
 [500.]
 [500.]
 [500.]
 [500.]
 [500.]
 [500.]]
Ch: [[2.0736241  1.92046679 1.97837591 1.94460017 2.00201332 1.98478963
  1.9722208  2.01943954 1.97382856 1.92023566 1.92113618]
 [2.09135028 1.90744689 1.90231942 2.08138405 2.00401389 2.02129136
  1.96788252 1.94956261 1.90882566 2.06670843 2.08697723]
 [1.96577671 2.04732754 1.99174907 2.0420401  2.03723028 1.9706581
  1.93917919 1.97600899 1.94611906 1.95666176 2.05227706]
 [2.07247886 1.92414713 2.01184512 2.00015676 1.9865028  2.02763183
  1.93952883 1.9806477  1.95169164 1.95286457 2.08692288]
 [1.9041855  1.90039282 2.02995055 1.9045239  1.9539655  1.94791437
  2.08538871 1.99907351 2.09414916 1.91336758 1.91608557]
 [2.0875202  2.06590925 1.91453853 2.09674216 1.97310053 2.09803932
  1.94103638 2.04895421 1.92209483 1.91074474 2.00386951]
 [1.93214901 1.91981667 2.07886782 1.97556147 1.99316977 2.03874261
  1.90914658 2.05843168 2.03975375 1.93041243 1.98299754]
 [2.01937643 2.03997109 2.04870024 2.08211885 2.09194054 2.00579167
  2.08502589 1.99206111 1.93425534 1.93285624 2.06086634]
 [1.95363612 2.01173906 2.09411879 1.99905536 2.0321314  2.00348548
  1.9056435  1.96602449 1.99974651 2.09990659 2.04759361]
 [2.01500044 1.93870016 2.08272738 1.91600733 1.95249306 2.01411061
  1.91725857 1.94601624 2.07663334 2.07613473 2.06835549]]
Cv: [[0.         0.         0.         0.         0.         0.
  0.         0.         0.         0.        ]
 [1.90714356 1.98486153 1.96496564 1.90896484 2.05738722 1.91873267
  2.04974857 2.02274769 2.04714387 1.96728053]
 [1.92084356 2.05497008 1.9360411  1.91904697 1.97919151 1.95684997
  1.9931241  2.03430922 2.03135637 1.94365167]
 [2.08954604 2.07644162 1.95095407 2.09419815 2.00566124 1.98778287
  1.91076436 1.95989073 1.95421736 2.02128544]
 [2.04264709 1.92516581 1.93319795 1.92658226 2.02715672 2.04216825
  1.97929298 2.00208265 2.02156533 2.01336116]
 [2.00866335 2.06819641 2.03476086 1.97551952 2.02436354 2.02206752
  1.92384689 2.05653058 2.03977306 1.99389293]
 [2.06555551 1.95963459 1.98485687 2.06830644 2.05794754 1.97716361
  1.95176679 2.04927774 1.92523462 1.99665485]
 [1.94987473 2.09638017 2.09297498 2.09774124 1.92397342 1.90032615
  1.97917581 1.95353714 2.02459466 1.99659606]
 [2.00733988 2.09192108 2.08515776 2.06709721 1.97948492 2.06098556
  2.05684739 2.05591429 1.90180505 2.04802293]
 [1.97172248 1.93791527 1.99784178 2.00561342 1.91674894 2.01521814
  2.07857257 1.92781984 2.07767842 2.02217959]]
Rh: [[ 3.44758731  1.72945776 16.56435424 15.42743105  5.42328806  3.18935028
   3.13126983  5.96785643  7.29240112  5.44633075  4.23699676]
 [ 2.83959128  9.33712961  1.54068681  8.67458268  1.80612462 16.21427708
   2.61296573 11.87166894 10.34912328  1.66843807  1.79906551]
 [12.89066911  1.57554513 15.35713458 10.16968676  7.54992374 14.15739479
  16.09473002  7.14927063 11.33460371  2.94652216  9.07077511]
 [15.08268124  8.97689086  1.78833679  3.54616006  2.03950378  8.71818271
   3.23686977  9.27553367  3.76836927  4.48233664  1.5039945 ]
 [ 6.59396368  2.62952238  5.95958474  2.70353866  2.26542281  9.38893359
   1.61857801  4.54804268  7.79770551  1.84400935  3.34997071]
 [ 9.3528035   3.25081953  2.33123848  1.99393374  5.35074866  3.91598203
  11.03258593  4.68185153  6.60728141  5.67774747  4.17493121]
 [ 2.92303375  2.74063446  3.02088462  2.284598   10.6687735   2.25764811
   4.09208984  2.00919805  5.7599921   4.08548878  1.57805766]
 [13.92625471  6.56723235  7.28282651  2.81691879 14.78211389 15.65146058
   5.83203622 17.85214568  7.49884391  8.62151948  3.85153164]
 [ 7.59363083  3.83241653  2.0110969   2.14931913  9.95526885 16.96727533
  10.21709535 12.36301736  4.50009817 15.52794974  8.42595693]
 [ 1.7113714   2.99030403  2.13546279  4.37960552  2.72172807  6.99223594
   3.75810671 11.03900818  8.77701445  5.83968884 11.42495184]]
Rv: [[ 9.04617247  6.79533038  2.83179367  7.16424334  4.84035657 15.50952142
   2.65725229 16.93693915  9.6411645   3.57346096]
 [ 7.71862036  3.95014765  4.42942379 12.27735655  3.87454368 14.53798493
   2.90645152 10.1644372  11.20449803  3.65166241]
 [ 2.59866313  2.44820896  7.51767207  4.58059984 11.4807617   2.62360497
   9.34423838  2.32582488  2.17218212 14.72995219]
 [ 3.57785882  3.36018988 16.37660194  9.65982499 18.47489843  4.71217607
   2.0995175   5.73435103  2.05424739  9.35189195]
 [ 7.59005414  5.67068057 14.16443893  1.59834276 11.81666348  6.19921153
   3.96370875 10.90732195  1.77588086  8.71072635]
 [ 7.31020715  1.97487565  3.34769437  5.65070865  3.09033835  5.8987004
   8.73727144 14.21142669  5.99724388  3.77002557]
 [15.03663138  8.33570442  6.64701941  5.17353591  3.22462983  5.44095037
   5.56844049  6.72482622  6.5534984   2.25938876]
 [ 2.91475083 11.23989405  5.19949661  1.8221995   8.70325403  2.2445007
   3.04405738 17.22694358  6.32532166  5.06118259]
 [ 6.63788313  2.19283178  3.44240234 13.28153807 12.24205547  4.09341424
  10.012376    1.66751554  2.93679491  3.09242293]]