-------Running parameters--------
T = 0.001
temperature_gradient = 0.0
gap = 0.0
M = 10
N = 10
VR = 0.0
Vmin = 0.0
Vmax = 1.1
vStep = 0.001
vSym = True
repeats = 50
fileName = array_10_10_disorder_c_std_0.1_r_std_19_run_5
dist = exp
fullOutput = True
use_graph = False
current_map = True
plot_current_map = False
plot_binary_current_map = False
frame_norm = False
dbg = False
resume = False
sc = False
leaping = False
constQ = False
modifyR = False
double_time = False
double_loop = False
output_folder = bgu_2d_finite_temperature_different_disorders_statistics
params_path = 
VG_avg = 0.0
VG_std = 0.0
C_avg = 2.0
C_std = 0.1
CG_avg = 10.0
CG_std = 0.0
R_avg = 20.0
R_std = 19.0
custom_rh = ""
custom_rv = ""
custom_ch = ""
custom_cv = ""
RG_avg = 500.0
RG_std = 0.0
n0_avg = 0.0
n0_std = 0.0
Q0_avg = 0.0
Q0_std = 0.0
----Array Parameters-----
Rows: 10
Columns: 10
VG: [[0.]
 [0.]
 [0.]
 [0.]
 [0.]
 [0.]
 [0.]
 [0.]
 [0.]
 [0.]
 [0.]
 [0.]
 [0.]
 [0.]
 [0.]
 [0.]
 [0.]
 [0.]
 [0.]
 [0.]
 [0.]
 [0.]
 [0.]
 [0.]
 [0.]
 [0.]
 [0.]
 [0.]
 [0.]
 [0.]
 [0.]
 [0.]
 [0.]
 [0.]
 [0.]
 [0.]
 [0.]
 [0.]
 [0.]
 [0.]
 [0.]
 [0.]
 [0.]
 [0.]
 [0.]
 [0.]
 [0.]
 [0.]
 [0.]
 [0.]
 [0.]
 [0.]
 [0.]
 [0.]
 [0.]
 [0.]
 [0.]
 [0.]
 [0.]
 [0.]
 [0.]
 [0.]
 [0.]
 [0.]
 [0.]
 [0.]
 [0.]
 [0.]
 [0.]
 [0.]
 [0.]
 [0.]
 [0.]
 [0.]
 [0.]
 [0.]
 [0.]
 [0.]
 [0.]
 [0.]
 [0.]
 [0.]
 [0.]
 [0.]
 [0.]
 [0.]
 [0.]
 [0.]
 [0.]
 [0.]
 [0.]
 [0.]
 [0.]
 [0.]
 [0.]
 [0.]
 [0.]
 [0.]
 [0.]
 [0.]]
CG: [[10.]
 [10.]
 [10.]
 [10.]
 [10.]
 [10.]
 [10.]
 [10.]
 [10.]
 [10.]
 [10.]
 [10.]
 [10.]
 [10.]
 [10.]
 [10.]
 [10.]
 [10.]
 [10.]
 [10.]
 [10.]
 [10.]
 [10.]
 [10.]
 [10.]
 [10.]
 [10.]
 [10.]
 [10.]
 [10.]
 [10.]
 [10.]
 [10.]
 [10.]
 [10.]
 [10.]
 [10.]
 [10.]
 [10.]
 [10.]
 [10.]
 [10.]
 [10.]
 [10.]
 [10.]
 [10.]
 [10.]
 [10.]
 [10.]
 [10.]
 [10.]
 [10.]
 [10.]
 [10.]
 [10.]
 [10.]
 [10.]
 [10.]
 [10.]
 [10.]
 [10.]
 [10.]
 [10.]
 [10.]
 [10.]
 [10.]
 [10.]
 [10.]
 [10.]
 [10.]
 [10.]
 [10.]
 [10.]
 [10.]
 [10.]
 [10.]
 [10.]
 [10.]
 [10.]
 [10.]
 [10.]
 [10.]
 [10.]
 [10.]
 [10.]
 [10.]
 [10.]
 [10.]
 [10.]
 [10.]
 [10.]
 [10.]
 [10.]
 [10.]
 [10.]
 [10.]
 [10.]
 [10.]
 [10.]
 [10.]]
RG: [[500.]
 [500.]
 [500.]
 [500.]
 [500.]
 [500.]
 [500.]
 [500.]
 [500.]
 [500.]
 [500.]
 [500.]
 [500.]
 [500.]
 [500.]
 [500.]
 [500.]
 [500.]
 [500.]
 [500.]
 [500.]
 [500.]
 [500.]
 [500.]
 [500.]
 [500.]
 [500.]
 [500.]
 [500.]
 [500.]
 [500.]
 [500.]
 [500.]
 [500.]
 [500.]
 [500.]
 [500.]
 [500.]
 [500.]
 [500.]
 [500.]
 [500.]
 [500.]
 [500.]
 [500.]
 [500.]
 [500.]
 [500.]
 [500.]
 [500.]
 [500.]
 [500.]
 [500.]
 [500.]
 [500.]
 [500.]
 [500.]
 [500.]
 [500.]
 [500.]
 [500.]
 [500.]
 [500.]
 [500.]
 [500.]
 [500.]
 [500.]
 [500.]
 [500.]
 [500.]
 [500.]
 [500.]
 [500.]
 [500.]
 [500.]
 [500.]
 [500.]
 [500.]
 [500.]
 [500.]
 [500.]
 [500.]
 [500.]
 [500.]
 [500.]
 [500.]
 [500.]
 [500.]
 [500.]
 [500.]
 [500.]
 [500.]
 [500.]
 [500.]
 [500.]
 [500.]
 [500.]
 [500.]
 [500.]
 [500.]]
Ch: [[2.07039177 2.08983075 2.03678818 1.92451787 1.96369446 1.93781531
  2.04075904 1.95469102 1.93760207 2.03441652 1.97716313]
 [2.08488719 1.90592027 1.98506862 2.05589401 1.96117616 2.09455702
  1.92431805 1.93214572 1.97589295 1.92640107 1.99899965]
 [2.06316507 1.97619088 1.94068786 1.98620235 2.00183063 2.04264063
  2.00678904 2.04306122 2.01115623 2.03565143 1.97398034]
 [2.02905021 1.9260734  1.93976508 2.00658996 2.04965988 2.00247377
  2.05751259 1.92674886 2.06031183 1.99435452 1.97313512]
 [1.99719664 1.99514375 1.9702479  2.02023979 1.90192721 2.00481066
  1.96571413 1.93878937 1.93844735 2.08200067 2.02837798]
 [1.92668535 1.93354928 1.95539913 2.0782705  2.05723176 1.95590265
  1.96443107 2.03571695 2.07370094 2.01861833 2.07621645]
 [1.99676371 2.09666228 2.06141119 2.08491725 2.05811612 1.98818519
  2.02533442 2.0361692  2.02347445 1.9191088  2.07890399]
 [2.06325582 1.99545402 1.96862858 1.93977474 1.91816496 2.07984117
  2.00831407 1.98362664 2.01019232 2.04803469 1.90666619]
 [2.04215494 1.91140997 2.08469567 1.92716838 2.0272609  2.02502919
  1.90818209 1.9450183  2.03820247 2.01646676 1.97425154]
 [2.06585688 1.90950511 2.02842424 1.99914901 2.09219322 1.97948358
  2.03531276 1.94898411 2.02562652 1.90921563 1.98243016]]
Cv: [[0.         0.         0.         0.         0.         0.
  0.         0.         0.         0.        ]
 [2.09183459 2.05338718 1.9957375  2.03660202 1.90807347 2.08120571
  2.07498923 2.04439582 1.96336001 1.9377141 ]
 [2.0936674  2.09471208 2.01681788 1.9608936  2.02927266 2.06318183
  2.06346231 1.95042635 1.9174968  2.07090649]
 [1.97491236 1.9572124  2.04138315 2.00739015 1.98755651 2.08494667
  2.00044156 2.0674139  2.09778668 2.01907092]
 [1.97031307 1.91785924 1.95802494 2.07132272 2.04836719 2.04447808
  2.07990257 1.99736698 2.01018257 2.03929823]
 [1.91383429 2.05429732 1.90958878 1.955558   1.92500676 1.90895814
  2.02558366 2.04460143 1.90060318 2.0401838 ]
 [2.06540869 2.09299206 2.07616643 2.09508302 1.94036815 1.97173592
  1.97787273 1.98110868 1.94323486 2.04183189]
 [1.92489545 2.05176803 2.08969963 1.96143516 1.94014818 1.94221429
  2.08965974 1.90703279 2.05090536 2.06676712]
 [2.02608928 2.07506668 1.97607031 1.99871015 1.9149428  1.92682039
  2.09838481 1.94784318 2.02944641 1.93617652]
 [2.02468657 1.904455   2.08912595 2.01713783 1.99765032 2.04983417
  2.07606015 1.9353972  1.96984128 1.95537608]]
Rh: [[ 4.84759336 13.04737195 14.46555756  5.32521978  3.02075739  2.20332611
  21.06474318 17.88023674 16.12292211  8.96634598 15.46971679]
 [30.11745237  1.97052246 22.29799806  1.09316389  1.83726779 14.35585736
  36.66896338 18.26639002  1.15627628  7.88020183 12.96159191]
 [ 2.23836883  1.95015507  1.56395314  6.45211288  3.50768639  1.39402654
  18.66161013  4.20228126 25.33455629 10.35174932  2.59327021]
 [19.81290044  1.49119011 21.69447046  4.83207339 22.87973039  9.224758
   4.63990554 25.96580346 19.36004605 10.27153905  1.42433482]
 [ 2.66185136  5.98962247 11.21882401  1.4587326   1.24560589  1.68022535
   1.79113558  7.26564668  6.02475383  9.37621914  2.84223393]
 [ 1.8395466  10.54845867 12.34168068 10.00883879 18.45573235 18.67133461
   3.24760834  1.90170979  1.49641088  3.54913801 13.55762731]
 [34.24566693  1.60967717  1.25089931  4.29227808 18.35146929  1.17151633
  36.37657936  2.81323672  3.13030628 22.6674238   1.77925552]
 [ 1.21238868  3.61024809  5.76203417  1.9204615   2.76556984  3.61171025
   4.10077947 13.02045661 14.03832712  4.07102031  5.25060699]
 [ 1.63280982 10.45292362  4.32653998  3.79518282 30.77691297  1.96311245
   1.39622197  1.10792919 38.9667455   1.74382652 19.64892226]
 [10.71174814  3.54294023  3.51512978  1.33745327 33.67919986  8.75470336
  16.65478502  1.0385788   7.93614068 23.58624198 11.67615861]]
Rv: [[ 1.89257643  3.65118515  2.26526918  2.53396825  2.24988201 37.5076314
   1.21762173  7.15945295  1.6855863  38.06348788]
 [11.73194676  2.90568831 31.97753971 28.55730496 22.39684226 13.77540531
   3.67265038  2.07858673 29.33192664  4.71263775]
 [ 2.30931481 11.75164939  1.09801411 27.55129439  3.30308708  1.02320233
  18.19412243 32.95070403  8.21111527  3.07994554]
 [ 4.06654012 30.73129234  1.36068678 14.57022136  1.50506851 36.41305289
  25.91565645  2.44783605 26.80972557  1.87768326]
 [ 2.80568517  4.91527575  2.5486851  24.07236581  1.4509118   8.85462658
   9.49751274  1.71911537  1.01679629  5.29183114]
 [21.87295275  1.28116673  1.06821232 15.23954068 30.51298816 24.98107984
  12.60203897  1.41204095  4.99579539 35.47320458]
 [ 8.62717957 27.94957458  4.68328812  1.31912252  1.43087641  6.29277667
   1.74619562  1.01672159  5.39449728 28.26091307]
 [13.67982062  5.02858492  3.1580207   1.79792295 10.91881591 12.29587794
  10.44283403 15.40940509  8.80550662 16.8364094 ]
 [10.71597263 27.4337778   1.51956419  2.06784058  3.36919804 21.00034084
   3.97107819 31.17053544  8.53314894 10.93741231]]