-------Running parameters--------
T = 0.001
temperature_gradient = 0.0
gap = 0.0
M = 10
N = 10
VR = 0.0
Vmin = 0.0
Vmax = 1.1
vStep = 0.001
vSym = True
repeats = 50
fileName = array_10_10_disorder_c_std_0.1_r_std_7.5_run_9
dist = exp
fullOutput = True
use_graph = False
current_map = True
plot_current_map = False
plot_binary_current_map = False
frame_norm = False
dbg = False
resume = False
sc = False
leaping = False
constQ = False
modifyR = False
double_time = False
double_loop = False
output_folder = bgu_2d_finite_temperature_different_disorders_statistics
params_path = 
VG_avg = 0.0
VG_std = 0.0
C_avg = 2.0
C_std = 0.1
CG_avg = 10.0
CG_std = 0.0
R_avg = 10.0
R_std = 7.5
custom_rh = ""
custom_rv = ""
custom_ch = ""
custom_cv = ""
RG_avg = 500.0
RG_std = 0.0
n0_avg = 0.0
n0_std = 0.0
Q0_avg = 0.0
Q0_std = 0.0
----Array Parameters-----
Rows: 10
Columns: 10
VG: [[0.]
 [0.]
 [0.]
 [0.]
 [0.]
 [0.]
 [0.]
 [0.]
 [0.]
 [0.]
 [0.]
 [0.]
 [0.]
 [0.]
 [0.]
 [0.]
 [0.]
 [0.]
 [0.]
 [0.]
 [0.]
 [0.]
 [0.]
 [0.]
 [0.]
 [0.]
 [0.]
 [0.]
 [0.]
 [0.]
 [0.]
 [0.]
 [0.]
 [0.]
 [0.]
 [0.]
 [0.]
 [0.]
 [0.]
 [0.]
 [0.]
 [0.]
 [0.]
 [0.]
 [0.]
 [0.]
 [0.]
 [0.]
 [0.]
 [0.]
 [0.]
 [0.]
 [0.]
 [0.]
 [0.]
 [0.]
 [0.]
 [0.]
 [0.]
 [0.]
 [0.]
 [0.]
 [0.]
 [0.]
 [0.]
 [0.]
 [0.]
 [0.]
 [0.]
 [0.]
 [0.]
 [0.]
 [0.]
 [0.]
 [0.]
 [0.]
 [0.]
 [0.]
 [0.]
 [0.]
 [0.]
 [0.]
 [0.]
 [0.]
 [0.]
 [0.]
 [0.]
 [0.]
 [0.]
 [0.]
 [0.]
 [0.]
 [0.]
 [0.]
 [0.]
 [0.]
 [0.]
 [0.]
 [0.]
 [0.]]
CG: [[10.]
 [10.]
 [10.]
 [10.]
 [10.]
 [10.]
 [10.]
 [10.]
 [10.]
 [10.]
 [10.]
 [10.]
 [10.]
 [10.]
 [10.]
 [10.]
 [10.]
 [10.]
 [10.]
 [10.]
 [10.]
 [10.]
 [10.]
 [10.]
 [10.]
 [10.]
 [10.]
 [10.]
 [10.]
 [10.]
 [10.]
 [10.]
 [10.]
 [10.]
 [10.]
 [10.]
 [10.]
 [10.]
 [10.]
 [10.]
 [10.]
 [10.]
 [10.]
 [10.]
 [10.]
 [10.]
 [10.]
 [10.]
 [10.]
 [10.]
 [10.]
 [10.]
 [10.]
 [10.]
 [10.]
 [10.]
 [10.]
 [10.]
 [10.]
 [10.]
 [10.]
 [10.]
 [10.]
 [10.]
 [10.]
 [10.]
 [10.]
 [10.]
 [10.]
 [10.]
 [10.]
 [10.]
 [10.]
 [10.]
 [10.]
 [10.]
 [10.]
 [10.]
 [10.]
 [10.]
 [10.]
 [10.]
 [10.]
 [10.]
 [10.]
 [10.]
 [10.]
 [10.]
 [10.]
 [10.]
 [10.]
 [10.]
 [10.]
 [10.]
 [10.]
 [10.]
 [10.]
 [10.]
 [10.]
 [10.]]
RG: [[500.]
 [500.]
 [500.]
 [500.]
 [500.]
 [500.]
 [500.]
 [500.]
 [500.]
 [500.]
 [500.]
 [500.]
 [500.]
 [500.]
 [500.]
 [500.]
 [500.]
 [500.]
 [500.]
 [500.]
 [500.]
 [500.]
 [500.]
 [500.]
 [500.]
 [500.]
 [500.]
 [500.]
 [500.]
 [500.]
 [500.]
 [500.]
 [500.]
 [500.]
 [500.]
 [500.]
 [500.]
 [500.]
 [500.]
 [500.]
 [500.]
 [500.]
 [500.]
 [500.]
 [500.]
 [500.]
 [500.]
 [500.]
 [500.]
 [500.]
 [500.]
 [500.]
 [500.]
 [500.]
 [500.]
 [500.]
 [500.]
 [500.]
 [500.]
 [500.]
 [500.]
 [500.]
 [500.]
 [500.]
 [500.]
 [500.]
 [500.]
 [500.]
 [500.]
 [500.]
 [500.]
 [500.]
 [500.]
 [500.]
 [500.]
 [500.]
 [500.]
 [500.]
 [500.]
 [500.]
 [500.]
 [500.]
 [500.]
 [500.]
 [500.]
 [500.]
 [500.]
 [500.]
 [500.]
 [500.]
 [500.]
 [500.]
 [500.]
 [500.]
 [500.]
 [500.]
 [500.]
 [500.]
 [500.]
 [500.]]
Ch: [[2.08209653 1.91400897 1.91461318 1.93718456 2.06355088 2.08193193
  1.99474534 1.95890905 2.00413857 1.9737801  2.04157703]
 [1.94823611 2.05070561 2.04095289 1.99032178 2.02707159 2.08352226
  2.00202676 2.00042266 2.04764645 2.02557887 2.00953568]
 [1.97932551 2.06482367 2.00280857 1.91049137 2.02672115 1.98677361
  1.94727276 1.95646955 1.9297134  1.9170441  2.02820502]
 [2.02029354 2.01524519 2.09679337 1.95041392 2.08093786 1.91652254
  1.98515687 2.00908893 2.03477024 2.02663883 2.08102973]
 [1.99241609 1.95469874 1.98786143 2.07466653 1.95476496 2.05215455
  1.94695541 2.05282525 1.920154   1.91222884 1.93580445]
 [2.08922579 2.05423734 1.94705801 2.09039301 2.01246091 1.9786614
  1.90702169 1.94904304 1.9272918  1.92752924 2.02922344]
 [1.91998309 1.94419096 1.97244476 1.97054077 2.00865772 1.95038832
  2.08844403 1.96411638 2.05884059 1.94109767 1.91523961]
 [1.9259568  1.97750724 1.90790994 2.04479156 2.09670259 1.94487778
  1.96852842 1.91525928 2.01815294 1.91385052 2.06572335]
 [2.02282442 2.0213734  2.07987198 2.05979994 2.04044161 2.09172507
  2.05777879 1.94740875 1.98609748 2.07765205 1.9122664 ]
 [1.99307891 1.92873636 2.09596422 1.91155293 2.02849899 1.92578192
  2.01349855 2.03103089 1.94543293 2.04584972 1.96880361]]
Cv: [[0.         0.         0.         0.         0.         0.
  0.         0.         0.         0.        ]
 [1.99992816 1.91301025 2.08986025 1.96806089 2.02224766 2.03262395
  1.92745564 2.02316402 2.05705079 2.03294095]
 [2.03657104 1.92049447 2.01797555 1.96967311 2.03718307 1.96879334
  2.08545574 1.90971127 1.99789231 2.05691774]
 [1.98720918 2.07266485 1.90741587 2.05619013 1.93652231 1.97405511
  2.06742439 2.01916101 2.02950077 2.02906591]
 [1.96879346 2.08106847 1.94005313 2.05418183 1.97429932 2.09645259
  2.0573563  2.09634883 2.09923772 1.94872956]
 [2.07294495 1.92056271 2.05862153 1.90293604 2.04947838 1.9402647
  2.01382788 2.08081557 2.03420998 2.08368269]
 [2.08678088 1.9258819  2.0848406  2.04803355 2.0343553  1.92118123
  1.90931954 1.9864493  1.99391202 1.93190374]
 [1.919007   2.06088439 1.90460855 1.98106007 2.09008798 1.95042254
  1.90500356 2.05997827 2.01689523 2.08890898]
 [1.91703799 2.0463388  2.01717574 1.9507959  2.03708822 2.06091043
  2.00579673 2.09467783 2.08895476 1.96085899]
 [2.09772471 1.99145518 2.09833814 1.93367138 2.09869558 1.99230076
  1.92063058 2.053842   2.04322576 1.94308646]]
Rh: [[ 9.66877991  3.73705163 15.89461186  2.59029154  8.88913654  7.09005833
   4.27837701 10.2017768   9.75910126  3.51069599  3.06933041]
 [11.58652895  9.46399258 13.19276451  9.85033457  4.39656246  4.70660675
   6.88521127  3.08365319 11.28009653  8.83915829 14.30559512]
 [ 3.61438659  5.24413975  4.15645504  6.42022534  7.08315969  4.79251856
   2.74103496  6.48488324  3.69383828 10.53590886 13.15342909]
 [13.94575039  3.97957532  8.83191979 10.25841743 15.42412177 11.26586091
   7.81456695  7.25230314  5.25565037  6.3449565   9.23742183]
 [ 5.12673341  4.58087045  5.22498481 16.29919854 13.53470419  2.65949415
   7.19663715  5.48685989 10.54696694  4.65044989  7.69819769]
 [13.48747816  5.06816594  6.5306923  15.63894378  2.71133891 14.12531173
  12.8694139   3.93436946  5.61135603  2.59289063 16.43617196]
 [ 4.59364586 17.09070637 16.09344745  3.69188834  4.76699303  3.81602293
  10.24516363 11.76215806  4.77197917  9.16784184  8.39875445]
 [10.05609236  5.61249556 15.33582909  5.36424613  3.29903648  9.86814974
  13.70028603  4.20072877  2.5054846  11.69615106 17.43648097]
 [ 9.01134304 15.94331279 17.09084368  3.45265621 10.71212665  8.15158517
  15.81746476  9.74121238 17.12218756  4.3392945  12.18971247]
 [ 2.6857316   9.05991217  5.87515156  5.12165917  9.09517753 14.91589011
  13.3291673  11.01292184  9.29051093  3.30965133 12.17671446]]
Rv: [[ 4.3195333   2.64337426 16.13668987 14.25342886  3.32598487  2.58539698
   9.27701814  8.64715569 10.43166336  3.3609841 ]
 [16.55339403 11.83067026  9.11657594 12.83347354 14.23826463  7.7078956
   6.51961206 17.13784362  6.23587228 15.23341335]
 [ 5.46008458 13.57307928 13.1539178   7.3016064  13.24507773 14.4030379
   8.85165496  2.79317823  4.22165813  3.3467424 ]
 [ 3.04482126  3.62552244  2.51536951  4.839358    4.05302142  3.39448777
  13.42931432  6.36442787  7.70200976 12.71031088]
 [ 2.71214484  4.47798925  5.91558824  3.39161532  3.15618179  8.00608606
   6.30258544  2.83532413  6.633406    2.64081149]
 [ 4.48177303  9.70971376  2.58408791  5.64422449  3.5388859   8.02696208
   8.07291104 10.96222952  4.60280722  3.31853102]
 [ 4.13102541 17.09414535 11.52198171 15.52175027 12.74189498  6.78305273
  10.90267021  7.24363228  4.85883289  2.71248008]
 [13.78371455 11.4836357   3.98464998 11.60826696  2.6495329   6.12599403
   3.14438449  4.25997257  7.17054888  2.9437576 ]
 [ 4.95537136  8.76363491  7.10847564  4.6826246   2.55595799 10.26132045
  15.37454461  5.71966808  2.71567097  8.67740302]]