-------Running parameters--------
T = 0.001
temperature_gradient = 0.0
gap = 0.0
M = 10
N = 10
VR = 0.0
Vmin = 0.0
Vmax = 1.1
vStep = 0.001
vSym = True
repeats = 50
fileName = array_10_10_disorder_c_std_0.1_r_std_6.5_run_10
dist = exp
fullOutput = True
use_graph = False
current_map = True
plot_current_map = False
plot_binary_current_map = False
frame_norm = False
dbg = False
resume = False
sc = False
leaping = False
constQ = False
modifyR = False
double_time = False
double_loop = False
output_folder = bgu_2d_finite_temperature_different_disorders_statistics
params_path = 
VG_avg = 0.0
VG_std = 0.0
C_avg = 2.0
C_std = 0.1
CG_avg = 10.0
CG_std = 0.0
R_avg = 10.0
R_std = 6.5
custom_rh = ""
custom_rv = ""
custom_ch = ""
custom_cv = ""
RG_avg = 500.0
RG_std = 0.0
n0_avg = 0.0
n0_std = 0.0
Q0_avg = 0.0
Q0_std = 0.0
----Array Parameters-----
Rows: 10
Columns: 10
VG: [[0.]
 [0.]
 [0.]
 [0.]
 [0.]
 [0.]
 [0.]
 [0.]
 [0.]
 [0.]
 [0.]
 [0.]
 [0.]
 [0.]
 [0.]
 [0.]
 [0.]
 [0.]
 [0.]
 [0.]
 [0.]
 [0.]
 [0.]
 [0.]
 [0.]
 [0.]
 [0.]
 [0.]
 [0.]
 [0.]
 [0.]
 [0.]
 [0.]
 [0.]
 [0.]
 [0.]
 [0.]
 [0.]
 [0.]
 [0.]
 [0.]
 [0.]
 [0.]
 [0.]
 [0.]
 [0.]
 [0.]
 [0.]
 [0.]
 [0.]
 [0.]
 [0.]
 [0.]
 [0.]
 [0.]
 [0.]
 [0.]
 [0.]
 [0.]
 [0.]
 [0.]
 [0.]
 [0.]
 [0.]
 [0.]
 [0.]
 [0.]
 [0.]
 [0.]
 [0.]
 [0.]
 [0.]
 [0.]
 [0.]
 [0.]
 [0.]
 [0.]
 [0.]
 [0.]
 [0.]
 [0.]
 [0.]
 [0.]
 [0.]
 [0.]
 [0.]
 [0.]
 [0.]
 [0.]
 [0.]
 [0.]
 [0.]
 [0.]
 [0.]
 [0.]
 [0.]
 [0.]
 [0.]
 [0.]
 [0.]]
CG: [[10.]
 [10.]
 [10.]
 [10.]
 [10.]
 [10.]
 [10.]
 [10.]
 [10.]
 [10.]
 [10.]
 [10.]
 [10.]
 [10.]
 [10.]
 [10.]
 [10.]
 [10.]
 [10.]
 [10.]
 [10.]
 [10.]
 [10.]
 [10.]
 [10.]
 [10.]
 [10.]
 [10.]
 [10.]
 [10.]
 [10.]
 [10.]
 [10.]
 [10.]
 [10.]
 [10.]
 [10.]
 [10.]
 [10.]
 [10.]
 [10.]
 [10.]
 [10.]
 [10.]
 [10.]
 [10.]
 [10.]
 [10.]
 [10.]
 [10.]
 [10.]
 [10.]
 [10.]
 [10.]
 [10.]
 [10.]
 [10.]
 [10.]
 [10.]
 [10.]
 [10.]
 [10.]
 [10.]
 [10.]
 [10.]
 [10.]
 [10.]
 [10.]
 [10.]
 [10.]
 [10.]
 [10.]
 [10.]
 [10.]
 [10.]
 [10.]
 [10.]
 [10.]
 [10.]
 [10.]
 [10.]
 [10.]
 [10.]
 [10.]
 [10.]
 [10.]
 [10.]
 [10.]
 [10.]
 [10.]
 [10.]
 [10.]
 [10.]
 [10.]
 [10.]
 [10.]
 [10.]
 [10.]
 [10.]
 [10.]]
RG: [[500.]
 [500.]
 [500.]
 [500.]
 [500.]
 [500.]
 [500.]
 [500.]
 [500.]
 [500.]
 [500.]
 [500.]
 [500.]
 [500.]
 [500.]
 [500.]
 [500.]
 [500.]
 [500.]
 [500.]
 [500.]
 [500.]
 [500.]
 [500.]
 [500.]
 [500.]
 [500.]
 [500.]
 [500.]
 [500.]
 [500.]
 [500.]
 [500.]
 [500.]
 [500.]
 [500.]
 [500.]
 [500.]
 [500.]
 [500.]
 [500.]
 [500.]
 [500.]
 [500.]
 [500.]
 [500.]
 [500.]
 [500.]
 [500.]
 [500.]
 [500.]
 [500.]
 [500.]
 [500.]
 [500.]
 [500.]
 [500.]
 [500.]
 [500.]
 [500.]
 [500.]
 [500.]
 [500.]
 [500.]
 [500.]
 [500.]
 [500.]
 [500.]
 [500.]
 [500.]
 [500.]
 [500.]
 [500.]
 [500.]
 [500.]
 [500.]
 [500.]
 [500.]
 [500.]
 [500.]
 [500.]
 [500.]
 [500.]
 [500.]
 [500.]
 [500.]
 [500.]
 [500.]
 [500.]
 [500.]
 [500.]
 [500.]
 [500.]
 [500.]
 [500.]
 [500.]
 [500.]
 [500.]
 [500.]
 [500.]]
Ch: [[2.0113447  2.06313362 2.00521635 1.9854762  1.90144956 1.984006
  1.97444298 2.07981878 1.98158889 1.95442141 1.9806406 ]
 [2.00178441 1.91584637 2.08905297 2.05634716 2.05304179 1.94854495
  2.05121386 1.98552069 1.97254195 1.92282713 1.93880134]
 [2.01992359 1.94834668 1.96092776 1.95165411 1.98239965 2.05236009
  1.97457458 2.04365662 2.01592648 2.05358388 1.98692609]
 [1.90950578 1.94802597 1.92666417 1.9955401  2.08137572 1.95279167
  1.9001379  2.07579682 2.06187906 1.99656045 2.09875041]
 [2.05897666 2.07148702 1.98087627 1.96554727 2.08429189 2.08065795
  1.95405434 2.08345398 1.92999598 1.98068165 1.96771335]
 [2.01730284 2.00490002 2.02407833 1.9570597  2.0277294  1.95788344
  2.08521532 2.05500936 1.98073891 2.04062092 2.07514437]
 [1.9780093  1.90146988 1.93801776 2.05488268 2.05587251 1.93664269
  1.99600688 2.04512623 2.00769299 2.02429464 2.0223295 ]
 [2.03600457 1.92283792 1.98272229 1.97585221 2.04238965 2.06571781
  2.0048121  2.04931547 2.00502783 1.94359859 1.99355764]
 [1.9288502  1.97739339 2.02633856 1.94532777 1.94665605 1.99888335
  1.9724774  2.06750335 1.95740578 2.07393845 1.92451338]
 [1.90533212 1.98289015 1.95046744 2.0804842  1.98885792 2.00056026
  1.96582465 2.08058646 1.98793769 1.97370847 1.94170965]]
Cv: [[0.         0.         0.         0.         0.         0.
  0.         0.         0.         0.        ]
 [1.91186687 2.02579752 1.99136304 1.94264647 2.02389847 2.04031995
  2.06276974 1.94408296 1.91813433 2.08470375]
 [1.90722228 1.91777873 2.06085219 2.02395473 1.998834   2.09245769
  1.99319783 2.05889862 2.09889993 1.9518233 ]
 [2.04569617 2.0277472  2.08561317 2.06627992 2.01319497 2.06247496
  2.07476892 1.93942195 2.04659959 2.08911509]
 [2.09935611 1.97221769 1.94857536 1.93674941 2.02091489 1.91577125
  2.06765918 1.97013341 2.04855422 2.09670794]
 [2.06323657 1.95872803 2.06967321 1.9998153  1.91795031 2.05016953
  1.95422644 2.09396278 2.05778487 2.06467553]
 [1.94679423 2.09076258 1.90203644 1.95408922 1.9079382  1.96218089
  2.04177345 1.90332919 2.08218283 1.99672348]
 [1.97251513 1.94248581 1.98418356 2.09094236 1.95426932 2.07233252
  1.96097239 2.00512612 2.06558267 1.98746078]
 [2.02046337 2.02563937 1.9122248  1.94650442 2.06211001 2.04141583
  2.09830838 2.06845933 2.02734255 1.96064799]
 [2.00481855 1.95352408 1.99218913 2.00962437 1.97701628 2.01819795
  2.04340911 1.98032548 2.09424962 1.91939015]]
Rh: [[10.37224431  4.55226617 10.47417808 15.84549963  7.2833966  15.90105733
  13.84074713  7.28318334 13.55319087 13.83283563 12.31692485]
 [ 3.79801736  9.65942056  9.61166115  6.81385722  3.68100154 14.58943072
  10.11586134 14.03924035 11.45884131  6.15104068 14.03762619]
 [ 7.93375789  6.57761418  6.40983897 10.10688038  4.452274    5.82300639
  10.81884869  5.3483618   7.4683694   4.23969336 15.00996634]
 [ 7.68521721 12.41873454  4.47596862  4.74161707  7.41306446 11.04174411
   5.20931788  5.8853981   5.97281331  4.97759293  7.02259537]
 [14.49171515 10.84656644 15.69724953 13.21650286  6.2013712   7.11094631
   9.28634823  4.57617161  3.54916189  9.32255636  6.36313946]
 [ 4.61546474 13.09781034 12.22743771  9.54027221  9.24384141  4.61206489
   4.77502098 10.7592133   6.71845373 13.86406325  3.82730547]
 [ 4.53836455  5.04680964 13.89321208  4.29308694 14.10253113  4.35686327
   8.9814209   6.85580273  5.40311193  9.83265393  9.55447239]
 [ 5.27639096 12.8186908  10.34272045 10.13247412  4.23355653 11.84647796
   4.27444345  5.75322467 12.32914164  5.71375624  9.15952164]
 [ 5.83353099  6.30782232  6.59057261  6.23592621  8.57475176 14.23562675
   8.12953335 12.27329297  8.10493588 12.74343809  5.8029619 ]
 [14.78239782  4.51648915 15.44511417  6.7310001  15.53287822 10.59786697
   4.57481266  7.86363015 15.65103118  7.74064679  7.54283161]]
Rv: [[ 8.06409657 14.33888123 12.91486051  3.97678658  8.30072441  7.32780641
  11.53231191  7.68400696  8.66869192 10.88299167]
 [12.13739202  7.57512693  5.10551614  6.05194191  7.6249089   6.27552684
   9.5510324  12.62567904 16.13113439  6.74032202]
 [ 8.43567572  7.55177833  6.93141106  8.82963304  6.21664382 14.39733923
   9.35798058  4.05043371  8.48270866  8.24173378]
 [ 5.09221423 11.94758734  5.57387738  8.58107825  5.84395301  7.78243731
   5.82854903  8.87526017  7.11192     4.39468059]
 [ 6.36285612 14.50168579  3.65027396  6.34358298  4.73061027  4.22748034
   7.23661825  9.98626974  3.78650571 14.89927916]
 [10.53382238  4.4910991  12.44870924  3.6012838   5.48072995 16.458738
   6.11348507  6.87354023  6.6397856   6.23356966]
 [ 4.64068313  5.56638127 15.26517985  6.52172603 12.529473    6.93098812
   8.5828141   3.97113502  4.38257362  4.89659252]
 [15.62580628  8.09729406 12.39549753 11.6640733   7.72065056 12.6368374
  14.93143838  5.11883765 15.0078013   7.2899878 ]
 [ 8.49393778  8.51780571 12.87637191  4.20228315  4.33874241  6.26656413
   5.83341192 11.17608738 12.79235417 10.80464572]]