-------Running parameters--------
T = 0.001
temperature_gradient = 0.0
gap = 0.0
M = 10
N = 10
VR = 0.0
Vmin = 0.0
Vmax = 1.1
vStep = 0.001
vSym = True
repeats = 50
fileName = array_10_10_disorder_c_std_0.1_r_std_8_run_4
dist = exp
fullOutput = True
use_graph = False
current_map = True
plot_current_map = False
plot_binary_current_map = False
frame_norm = False
dbg = False
resume = False
sc = False
leaping = False
constQ = False
modifyR = False
double_time = False
double_loop = False
output_folder = bgu_2d_finite_temperature_different_disorders_statistics
params_path = 
VG_avg = 0.0
VG_std = 0.0
C_avg = 2.0
C_std = 0.1
CG_avg = 10.0
CG_std = 0.0
R_avg = 10.0
R_std = 8.0
custom_rh = ""
custom_rv = ""
custom_ch = ""
custom_cv = ""
RG_avg = 500.0
RG_std = 0.0
n0_avg = 0.0
n0_std = 0.0
Q0_avg = 0.0
Q0_std = 0.0
----Array Parameters-----
Rows: 10
Columns: 10
VG: [[0.]
 [0.]
 [0.]
 [0.]
 [0.]
 [0.]
 [0.]
 [0.]
 [0.]
 [0.]
 [0.]
 [0.]
 [0.]
 [0.]
 [0.]
 [0.]
 [0.]
 [0.]
 [0.]
 [0.]
 [0.]
 [0.]
 [0.]
 [0.]
 [0.]
 [0.]
 [0.]
 [0.]
 [0.]
 [0.]
 [0.]
 [0.]
 [0.]
 [0.]
 [0.]
 [0.]
 [0.]
 [0.]
 [0.]
 [0.]
 [0.]
 [0.]
 [0.]
 [0.]
 [0.]
 [0.]
 [0.]
 [0.]
 [0.]
 [0.]
 [0.]
 [0.]
 [0.]
 [0.]
 [0.]
 [0.]
 [0.]
 [0.]
 [0.]
 [0.]
 [0.]
 [0.]
 [0.]
 [0.]
 [0.]
 [0.]
 [0.]
 [0.]
 [0.]
 [0.]
 [0.]
 [0.]
 [0.]
 [0.]
 [0.]
 [0.]
 [0.]
 [0.]
 [0.]
 [0.]
 [0.]
 [0.]
 [0.]
 [0.]
 [0.]
 [0.]
 [0.]
 [0.]
 [0.]
 [0.]
 [0.]
 [0.]
 [0.]
 [0.]
 [0.]
 [0.]
 [0.]
 [0.]
 [0.]
 [0.]]
CG: [[10.]
 [10.]
 [10.]
 [10.]
 [10.]
 [10.]
 [10.]
 [10.]
 [10.]
 [10.]
 [10.]
 [10.]
 [10.]
 [10.]
 [10.]
 [10.]
 [10.]
 [10.]
 [10.]
 [10.]
 [10.]
 [10.]
 [10.]
 [10.]
 [10.]
 [10.]
 [10.]
 [10.]
 [10.]
 [10.]
 [10.]
 [10.]
 [10.]
 [10.]
 [10.]
 [10.]
 [10.]
 [10.]
 [10.]
 [10.]
 [10.]
 [10.]
 [10.]
 [10.]
 [10.]
 [10.]
 [10.]
 [10.]
 [10.]
 [10.]
 [10.]
 [10.]
 [10.]
 [10.]
 [10.]
 [10.]
 [10.]
 [10.]
 [10.]
 [10.]
 [10.]
 [10.]
 [10.]
 [10.]
 [10.]
 [10.]
 [10.]
 [10.]
 [10.]
 [10.]
 [10.]
 [10.]
 [10.]
 [10.]
 [10.]
 [10.]
 [10.]
 [10.]
 [10.]
 [10.]
 [10.]
 [10.]
 [10.]
 [10.]
 [10.]
 [10.]
 [10.]
 [10.]
 [10.]
 [10.]
 [10.]
 [10.]
 [10.]
 [10.]
 [10.]
 [10.]
 [10.]
 [10.]
 [10.]
 [10.]]
RG: [[500.]
 [500.]
 [500.]
 [500.]
 [500.]
 [500.]
 [500.]
 [500.]
 [500.]
 [500.]
 [500.]
 [500.]
 [500.]
 [500.]
 [500.]
 [500.]
 [500.]
 [500.]
 [500.]
 [500.]
 [500.]
 [500.]
 [500.]
 [500.]
 [500.]
 [500.]
 [500.]
 [500.]
 [500.]
 [500.]
 [500.]
 [500.]
 [500.]
 [500.]
 [500.]
 [500.]
 [500.]
 [500.]
 [500.]
 [500.]
 [500.]
 [500.]
 [500.]
 [500.]
 [500.]
 [500.]
 [500.]
 [500.]
 [500.]
 [500.]
 [500.]
 [500.]
 [500.]
 [500.]
 [500.]
 [500.]
 [500.]
 [500.]
 [500.]
 [500.]
 [500.]
 [500.]
 [500.]
 [500.]
 [500.]
 [500.]
 [500.]
 [500.]
 [500.]
 [500.]
 [500.]
 [500.]
 [500.]
 [500.]
 [500.]
 [500.]
 [500.]
 [500.]
 [500.]
 [500.]
 [500.]
 [500.]
 [500.]
 [500.]
 [500.]
 [500.]
 [500.]
 [500.]
 [500.]
 [500.]
 [500.]
 [500.]
 [500.]
 [500.]
 [500.]
 [500.]
 [500.]
 [500.]
 [500.]
 [500.]]
Ch: [[1.93034906 2.06877241 2.04493154 2.06009893 1.96990801 1.92924894
  1.92030876 2.05751219 2.0071472  1.95144378 2.010352  ]
 [1.9363063  2.09470946 1.94068783 2.09842584 1.93198234 1.92247509
  2.01903116 1.92778498 2.08455123 2.05656559 2.00581777]
 [2.06320084 2.08955398 2.01157967 1.99559192 1.90259413 2.08124001
  1.90843362 1.99128152 1.95182706 2.07857312 2.06732176]
 [1.99850373 1.95197084 1.98743716 2.0772489  2.01898763 1.90895536
  1.95669436 1.9382711  2.06711868 1.96855627 1.92443083]
 [2.06004807 1.97239928 1.90735839 1.95447206 1.9502932  1.99040554
  1.97873852 1.90418926 1.9604811  1.97021218 1.94335732]
 [2.07672777 1.96244053 1.99832211 2.08921209 2.03401876 1.96507455
  1.92748678 2.01669769 1.93133592 1.94384057 1.95050877]
 [2.07750069 1.92683319 2.0307329  1.99809614 2.01943228 2.06781526
  1.99068467 1.92395577 2.0991788  1.95666361 1.90720465]
 [1.92348678 2.0939093  2.05389738 2.05425037 2.02242844 1.97306442
  1.93112878 2.06538172 1.94818806 1.98314498 1.91839273]
 [2.05052825 2.04391304 2.04351799 1.95340874 2.03431923 2.06982182
  2.01636696 1.99357316 1.97696742 1.91692568 2.06398374]
 [2.0422356  1.97912229 2.00725355 1.90000621 1.98819978 1.97989393
  2.07662537 1.94330114 1.98853029 1.98529373 1.92828015]]
Cv: [[0.         0.         0.         0.         0.         0.
  0.         0.         0.         0.        ]
 [2.06881491 2.08423528 1.90131815 2.07785137 1.9770964  2.03227413
  1.94523695 1.90167787 1.97326661 2.09171478]
 [1.97909714 2.08825838 1.99713612 2.08456277 1.9967951  2.07502552
  1.93702861 2.06411022 2.098778   1.91927682]
 [2.0274577  1.93340551 1.97134157 1.90137011 2.07659765 1.95737075
  2.01067166 1.92875366 2.0891078  2.05094623]
 [2.02267297 2.09958689 1.91331855 2.00926999 1.9422979  2.06300887
  2.03601266 2.00518169 2.08347067 2.07473731]
 [1.94380344 2.08981999 2.02474777 1.93198592 1.92725475 1.98567229
  1.96606375 1.92380225 2.05536278 2.06114812]
 [1.90174084 2.09719426 2.08458162 1.93445704 2.02383268 1.97742946
  1.90720204 1.99274904 2.08898926 1.9203237 ]
 [1.95281067 2.00284682 1.90590864 1.92115966 1.94844477 1.92538497
  1.98271232 2.05986958 1.9477777  1.91831993]
 [2.0770667  2.05101659 1.93372464 1.99261455 1.94782048 1.94907788
  1.94983262 1.92521759 2.08955364 2.02172615]
 [2.04321355 1.94835171 2.01031445 1.92314485 1.93432136 2.00546933
  1.93392617 1.9337246  2.03827847 2.08261529]]
Rh: [[ 4.69574196  9.67236907 16.20635919  7.97150811  4.34205209  2.66448272
   2.71060425  2.61816305  2.52162637  7.73141858 12.43448618]
 [ 5.35974428  3.04060928  7.62322821  9.01408199  8.08207778  6.32602168
  14.1075816   3.20471627  5.47666498 11.1570865   2.63429807]
 [17.29864026  2.2326321   2.61594357  7.46206194  3.27878439 10.1452867
   3.64476286 13.47434493  7.08107766 16.59371433  6.90317417]
 [ 4.80308066  8.04659412 12.41744064  5.65239151  3.92653971 17.65785998
   2.92354252  4.38838387 10.32789026  9.82271977  4.81010103]
 [ 7.46698993  5.99145557  2.28958188  3.35569429 15.76076421  3.85421088
   8.87982331  2.95304853 16.78432267 11.68804847  5.61899727]
 [ 3.63696648  4.58329877  5.3368382   4.7029929   5.92346907 12.39116538
  11.78109365 15.39596507  7.6536297   6.35512574  8.41433078]
 [ 4.83535859 15.17279258 12.82390532  4.79014994  2.26174337  3.82149231
   5.34815044 15.84630162  6.26988869 15.752843    4.21752956]
 [12.821003    3.69365335  2.21311943  2.38849578 14.43119598  3.5835187
   7.22496287  2.97944727  6.9556328   5.96863007  8.33882943]
 [ 9.59475883  5.18249988 11.13613538  3.1919828  11.60868286  9.10832771
   4.38875253  4.27315741  2.97738837  7.53936113  5.59983045]
 [15.99036209  3.0149548   3.91062713  3.53093216  2.97069142  8.72645096
   5.27701578  5.33506023  4.70525929  2.55506594 12.70323197]]
Rv: [[ 3.74439491 15.08650409  9.58681889  6.83972005  3.09159947  5.56110812
   4.40024846 17.63132898  2.27221558  3.13232138]
 [ 3.31193412  6.70598665 10.48521926  3.66711383 10.49119246  2.24073987
   3.7298207  10.45995589 16.00195476  2.58644463]
 [ 7.63392711  3.83825515  3.18999384 15.51922357  5.68783384 17.51639546
  14.95429936 12.3118287   2.11012802  5.01035802]
 [ 3.44482456  3.40988307  7.77387302  2.12173255  6.62621129 15.2076799
   9.52901783  5.50726395 12.70140259 10.41138611]
 [ 9.83690789 17.55850324  9.62556969  4.23296617  5.44379362  9.26502182
  17.52158991  3.46943806  4.62410114  2.52612754]
 [ 8.63897743  9.08910589  3.57005837  3.44985233  3.86143513  3.1944674
  11.87884614  6.40394774  8.35253027  2.07456931]
 [ 5.68380832  2.36171369  4.5801305   2.46189527  4.4429628   6.7335759
   5.62673729  2.29640258  6.78309218  4.0761434 ]
 [ 2.30417709  6.40397772 15.86242059 10.40708573  7.21306291 16.62817917
   5.4841684  16.53376626  2.20525292  2.76190928]
 [ 5.3036718  14.87296285  5.70228757  8.75559026  3.76968287  9.14184709
   2.99495391  3.5549192   2.69200163  4.82684719]]