-------Running parameters--------
T = 0.001
temperature_gradient = 0.0
gap = 0.0
M = 10
N = 10
VR = 0.0
Vmin = 0.0
Vmax = 1.1
vStep = 0.001
vSym = True
repeats = 50
fileName = array_10_10_disorder_c_std_0.1_r_std_8.5_run_6
dist = exp
fullOutput = True
use_graph = False
current_map = True
plot_current_map = False
plot_binary_current_map = False
frame_norm = False
dbg = False
resume = False
sc = False
leaping = False
constQ = False
modifyR = False
double_time = False
double_loop = False
output_folder = bgu_2d_finite_temperature_different_disorders_statistics
params_path = 
VG_avg = 0.0
VG_std = 0.0
C_avg = 2.0
C_std = 0.1
CG_avg = 10.0
CG_std = 0.0
R_avg = 10.0
R_std = 8.5
custom_rh = ""
custom_rv = ""
custom_ch = ""
custom_cv = ""
RG_avg = 500.0
RG_std = 0.0
n0_avg = 0.0
n0_std = 0.0
Q0_avg = 0.0
Q0_std = 0.0
----Array Parameters-----
Rows: 10
Columns: 10
VG: [[0.]
 [0.]
 [0.]
 [0.]
 [0.]
 [0.]
 [0.]
 [0.]
 [0.]
 [0.]
 [0.]
 [0.]
 [0.]
 [0.]
 [0.]
 [0.]
 [0.]
 [0.]
 [0.]
 [0.]
 [0.]
 [0.]
 [0.]
 [0.]
 [0.]
 [0.]
 [0.]
 [0.]
 [0.]
 [0.]
 [0.]
 [0.]
 [0.]
 [0.]
 [0.]
 [0.]
 [0.]
 [0.]
 [0.]
 [0.]
 [0.]
 [0.]
 [0.]
 [0.]
 [0.]
 [0.]
 [0.]
 [0.]
 [0.]
 [0.]
 [0.]
 [0.]
 [0.]
 [0.]
 [0.]
 [0.]
 [0.]
 [0.]
 [0.]
 [0.]
 [0.]
 [0.]
 [0.]
 [0.]
 [0.]
 [0.]
 [0.]
 [0.]
 [0.]
 [0.]
 [0.]
 [0.]
 [0.]
 [0.]
 [0.]
 [0.]
 [0.]
 [0.]
 [0.]
 [0.]
 [0.]
 [0.]
 [0.]
 [0.]
 [0.]
 [0.]
 [0.]
 [0.]
 [0.]
 [0.]
 [0.]
 [0.]
 [0.]
 [0.]
 [0.]
 [0.]
 [0.]
 [0.]
 [0.]
 [0.]]
CG: [[10.]
 [10.]
 [10.]
 [10.]
 [10.]
 [10.]
 [10.]
 [10.]
 [10.]
 [10.]
 [10.]
 [10.]
 [10.]
 [10.]
 [10.]
 [10.]
 [10.]
 [10.]
 [10.]
 [10.]
 [10.]
 [10.]
 [10.]
 [10.]
 [10.]
 [10.]
 [10.]
 [10.]
 [10.]
 [10.]
 [10.]
 [10.]
 [10.]
 [10.]
 [10.]
 [10.]
 [10.]
 [10.]
 [10.]
 [10.]
 [10.]
 [10.]
 [10.]
 [10.]
 [10.]
 [10.]
 [10.]
 [10.]
 [10.]
 [10.]
 [10.]
 [10.]
 [10.]
 [10.]
 [10.]
 [10.]
 [10.]
 [10.]
 [10.]
 [10.]
 [10.]
 [10.]
 [10.]
 [10.]
 [10.]
 [10.]
 [10.]
 [10.]
 [10.]
 [10.]
 [10.]
 [10.]
 [10.]
 [10.]
 [10.]
 [10.]
 [10.]
 [10.]
 [10.]
 [10.]
 [10.]
 [10.]
 [10.]
 [10.]
 [10.]
 [10.]
 [10.]
 [10.]
 [10.]
 [10.]
 [10.]
 [10.]
 [10.]
 [10.]
 [10.]
 [10.]
 [10.]
 [10.]
 [10.]
 [10.]]
RG: [[500.]
 [500.]
 [500.]
 [500.]
 [500.]
 [500.]
 [500.]
 [500.]
 [500.]
 [500.]
 [500.]
 [500.]
 [500.]
 [500.]
 [500.]
 [500.]
 [500.]
 [500.]
 [500.]
 [500.]
 [500.]
 [500.]
 [500.]
 [500.]
 [500.]
 [500.]
 [500.]
 [500.]
 [500.]
 [500.]
 [500.]
 [500.]
 [500.]
 [500.]
 [500.]
 [500.]
 [500.]
 [500.]
 [500.]
 [500.]
 [500.]
 [500.]
 [500.]
 [500.]
 [500.]
 [500.]
 [500.]
 [500.]
 [500.]
 [500.]
 [500.]
 [500.]
 [500.]
 [500.]
 [500.]
 [500.]
 [500.]
 [500.]
 [500.]
 [500.]
 [500.]
 [500.]
 [500.]
 [500.]
 [500.]
 [500.]
 [500.]
 [500.]
 [500.]
 [500.]
 [500.]
 [500.]
 [500.]
 [500.]
 [500.]
 [500.]
 [500.]
 [500.]
 [500.]
 [500.]
 [500.]
 [500.]
 [500.]
 [500.]
 [500.]
 [500.]
 [500.]
 [500.]
 [500.]
 [500.]
 [500.]
 [500.]
 [500.]
 [500.]
 [500.]
 [500.]
 [500.]
 [500.]
 [500.]
 [500.]]
Ch: [[1.92334431 1.9092148  1.95053226 1.99378991 2.0319594  2.06416375
  1.96334144 1.94330875 2.04371078 1.9005816  1.90432126]
 [2.05072281 2.07518758 2.0861727  1.96256687 2.03924197 1.91485556
  1.91158388 2.02980924 1.94986081 2.09648131 1.95000821]
 [2.01695999 2.01629966 1.91353761 2.07920075 2.00355326 1.93218051
  1.91260335 2.0674042  1.95792803 1.99335567 1.95681119]
 [1.95178179 1.96488998 2.0461775  1.96621539 2.04236797 1.98453867
  1.92011933 1.95100178 2.0213291  1.93479542 1.98209839]
 [2.07293304 1.93081073 1.90757238 1.920473   2.00205483 1.94409071
  1.92430047 1.96426989 2.05517885 1.9144682  1.90107262]
 [1.92817164 2.06261314 1.90077008 1.95818739 1.95404417 1.91237082
  2.07535393 1.98512418 1.94864692 1.92904301 1.95700074]
 [1.95258035 1.99102168 2.01249218 1.93352863 2.04002859 2.00374434
  2.07658273 2.06903258 1.96110324 1.9041468  1.94236277]
 [1.91981459 2.0318883  1.97843098 2.0428309  2.06116513 1.97574803
  1.93347644 1.91574198 2.06765032 2.07479761 2.04462335]
 [2.02076924 1.97917529 1.96159911 1.94037797 2.09068896 2.0189935
  1.94014706 1.92385153 2.08982455 2.07145745 2.01522221]
 [2.01112907 1.98483108 2.04048259 2.05685841 1.99548156 1.99254592
  1.99705006 2.06604958 1.96308773 2.01458242 2.05827558]]
Cv: [[0.         0.         0.         0.         0.         0.
  0.         0.         0.         0.        ]
 [2.08983576 1.9156914  1.92261891 2.07866551 2.04406807 1.92371335
  1.90058172 1.96142647 1.95674928 1.93183145]
 [1.93185707 2.07576152 1.99074805 2.09511389 2.05839546 2.01993694
  1.98883353 1.95041995 2.03832465 1.94506691]
 [1.93431095 2.00754355 2.05820381 1.93823868 1.90926044 1.93357908
  1.90854262 1.95059282 1.92583453 2.04538667]
 [2.04907661 2.01818993 2.00358828 2.00578279 2.03866282 2.01688353
  2.0114062  2.05558857 2.06499496 2.04640375]
 [2.05385153 1.91388784 1.95696629 2.05526432 2.00623599 2.09636175
  1.90367424 1.97904711 1.99105977 1.91983963]
 [1.96931009 1.95932319 1.9887178  1.98255761 1.92266995 1.94205484
  2.06314658 1.9919149  1.94265211 2.06852995]
 [2.07336804 2.08534943 1.9432999  2.03669505 1.92651083 1.99143521
  1.92629373 2.04709363 2.04095145 1.90439987]
 [2.01361177 2.09490153 1.93098246 1.97937242 1.94842409 1.93804061
  1.98514046 2.04297936 2.09764397 1.95900382]
 [2.03143985 2.095674   1.99997706 2.06896929 2.02383661 2.04715604
  2.03867584 2.08008562 1.99300371 1.90957461]]
Rh: [[13.53418347  2.62418425  1.62579707  4.50874406  2.15113381 12.32250383
  14.59897044  2.38441213  1.55819594 12.9088443  13.57912419]
 [ 4.63022035 14.22086823  4.92724013  7.7367049   6.48749471 12.0019219
   4.95778622 14.35702482  2.62921369 14.28902965  3.83047327]
 [ 2.269995    6.49676048  8.25086447  2.85422871  2.14097791 10.3243885
  16.08538111  9.13349015  6.25764227  2.31758064  1.98621084]
 [ 6.94542004  6.02024383  9.11576661  4.680398    9.3855608   3.47647352
   2.66162577 14.26038586  2.65757529  4.845176    1.55506391]
 [16.64070026  7.00251805 10.78313368  4.60425226 15.21075321  4.38281506
   2.72495037 13.53174031  4.96576115  1.57532032  1.9158907 ]
 [15.03863209  3.54900218 17.78835057  2.50194772  7.41470554  4.65228371
  12.68968623  3.71563673  4.25495082  7.53983058  1.86466934]
 [ 5.26587413 14.53544517  2.15889848  3.95717947 17.62935767 16.22731728
   2.39636287  7.57975745  1.55810963  2.45406196 10.95348947]
 [12.86679995  9.23852036  5.12244975  7.32063974  2.61740576  8.24502168
   1.66761034  3.034882    8.05713031 12.3639564   3.49491189]
 [ 6.04335421  5.69083341  8.31312494 10.58487167  9.25696608  2.5726659
   2.27660953  4.80194909  1.85942179  3.19416006 14.54020714]
 [ 2.95345468  3.99663114  3.91818923 12.65192239  3.54114842  1.70354641
   6.07327562  1.90709893 14.24948727  5.82839452  7.01413969]]
Rv: [[ 3.39262295  6.44761874  1.73279285  7.18627085 17.95216872  2.94721789
   6.98964978 12.05216705  7.39874213 12.49836707]
 [15.51655781  2.04615926  9.18336063  3.09866938  2.82773919  7.85713801
   1.56385435  5.99833339 11.3548864  18.47246016]
 [ 7.17855497  7.06714137 10.39458054  3.01317016  9.23433881  9.42812873
   1.63756263  6.92803126  4.10243373 12.12543936]
 [10.4418967   9.1308671   6.30454485  1.84582068  3.0484088  12.74095258
   7.31903035  3.71323998  4.14603225  4.85835474]
 [ 1.5961268   8.74883847  2.98633231  7.50889136 14.34466397  2.0519145
   8.22435566  2.69980863 15.97276696  9.71760192]
 [ 5.95299887  2.77296155  2.64553076  9.34350869  2.8819557  12.0674615
  13.73322606  5.01316153  2.3341308   1.71572777]
 [ 1.53681013  4.10984245  6.19734353 13.51866431  8.28787578  6.52107328
   3.70303683  2.90075709  9.37313011  2.9771292 ]
 [12.36147453  7.82027092 18.48948711 15.17103293  2.00131622  6.62646423
   5.26370146  8.71167973  4.58318891 15.06789213]
 [16.62061026  5.04624867  4.701477    2.85130296  5.5731572   7.11681369
   4.02831071  1.90690787  4.44523559 11.40455665]]