-------Running parameters--------
T = 0.001
temperature_gradient = 0.0
gap = 0.0
M = 10
N = 10
VR = 0.0
Vmin = 0.0
Vmax = 1.1
vStep = 0.001
vSym = True
repeats = 50
fileName = array_10_10_disorder_c_std_0.1_r_std_9.5_run_7
dist = exp
fullOutput = True
use_graph = False
current_map = True
plot_current_map = False
plot_binary_current_map = False
frame_norm = False
dbg = False
resume = False
sc = False
leaping = False
constQ = False
modifyR = False
double_time = False
double_loop = False
output_folder = bgu_2d_finite_temperature_different_disorders_statistics
params_path = 
VG_avg = 0.0
VG_std = 0.0
C_avg = 2.0
C_std = 0.1
CG_avg = 10.0
CG_std = 0.0
R_avg = 10.0
R_std = 9.5
custom_rh = ""
custom_rv = ""
custom_ch = ""
custom_cv = ""
RG_avg = 500.0
RG_std = 0.0
n0_avg = 0.0
n0_std = 0.0
Q0_avg = 0.0
Q0_std = 0.0
----Array Parameters-----
Rows: 10
Columns: 10
VG: [[0.]
 [0.]
 [0.]
 [0.]
 [0.]
 [0.]
 [0.]
 [0.]
 [0.]
 [0.]
 [0.]
 [0.]
 [0.]
 [0.]
 [0.]
 [0.]
 [0.]
 [0.]
 [0.]
 [0.]
 [0.]
 [0.]
 [0.]
 [0.]
 [0.]
 [0.]
 [0.]
 [0.]
 [0.]
 [0.]
 [0.]
 [0.]
 [0.]
 [0.]
 [0.]
 [0.]
 [0.]
 [0.]
 [0.]
 [0.]
 [0.]
 [0.]
 [0.]
 [0.]
 [0.]
 [0.]
 [0.]
 [0.]
 [0.]
 [0.]
 [0.]
 [0.]
 [0.]
 [0.]
 [0.]
 [0.]
 [0.]
 [0.]
 [0.]
 [0.]
 [0.]
 [0.]
 [0.]
 [0.]
 [0.]
 [0.]
 [0.]
 [0.]
 [0.]
 [0.]
 [0.]
 [0.]
 [0.]
 [0.]
 [0.]
 [0.]
 [0.]
 [0.]
 [0.]
 [0.]
 [0.]
 [0.]
 [0.]
 [0.]
 [0.]
 [0.]
 [0.]
 [0.]
 [0.]
 [0.]
 [0.]
 [0.]
 [0.]
 [0.]
 [0.]
 [0.]
 [0.]
 [0.]
 [0.]
 [0.]]
CG: [[10.]
 [10.]
 [10.]
 [10.]
 [10.]
 [10.]
 [10.]
 [10.]
 [10.]
 [10.]
 [10.]
 [10.]
 [10.]
 [10.]
 [10.]
 [10.]
 [10.]
 [10.]
 [10.]
 [10.]
 [10.]
 [10.]
 [10.]
 [10.]
 [10.]
 [10.]
 [10.]
 [10.]
 [10.]
 [10.]
 [10.]
 [10.]
 [10.]
 [10.]
 [10.]
 [10.]
 [10.]
 [10.]
 [10.]
 [10.]
 [10.]
 [10.]
 [10.]
 [10.]
 [10.]
 [10.]
 [10.]
 [10.]
 [10.]
 [10.]
 [10.]
 [10.]
 [10.]
 [10.]
 [10.]
 [10.]
 [10.]
 [10.]
 [10.]
 [10.]
 [10.]
 [10.]
 [10.]
 [10.]
 [10.]
 [10.]
 [10.]
 [10.]
 [10.]
 [10.]
 [10.]
 [10.]
 [10.]
 [10.]
 [10.]
 [10.]
 [10.]
 [10.]
 [10.]
 [10.]
 [10.]
 [10.]
 [10.]
 [10.]
 [10.]
 [10.]
 [10.]
 [10.]
 [10.]
 [10.]
 [10.]
 [10.]
 [10.]
 [10.]
 [10.]
 [10.]
 [10.]
 [10.]
 [10.]
 [10.]]
RG: [[500.]
 [500.]
 [500.]
 [500.]
 [500.]
 [500.]
 [500.]
 [500.]
 [500.]
 [500.]
 [500.]
 [500.]
 [500.]
 [500.]
 [500.]
 [500.]
 [500.]
 [500.]
 [500.]
 [500.]
 [500.]
 [500.]
 [500.]
 [500.]
 [500.]
 [500.]
 [500.]
 [500.]
 [500.]
 [500.]
 [500.]
 [500.]
 [500.]
 [500.]
 [500.]
 [500.]
 [500.]
 [500.]
 [500.]
 [500.]
 [500.]
 [500.]
 [500.]
 [500.]
 [500.]
 [500.]
 [500.]
 [500.]
 [500.]
 [500.]
 [500.]
 [500.]
 [500.]
 [500.]
 [500.]
 [500.]
 [500.]
 [500.]
 [500.]
 [500.]
 [500.]
 [500.]
 [500.]
 [500.]
 [500.]
 [500.]
 [500.]
 [500.]
 [500.]
 [500.]
 [500.]
 [500.]
 [500.]
 [500.]
 [500.]
 [500.]
 [500.]
 [500.]
 [500.]
 [500.]
 [500.]
 [500.]
 [500.]
 [500.]
 [500.]
 [500.]
 [500.]
 [500.]
 [500.]
 [500.]
 [500.]
 [500.]
 [500.]
 [500.]
 [500.]
 [500.]
 [500.]
 [500.]
 [500.]
 [500.]]
Ch: [[2.01576663 2.07288558 2.07362626 1.97934106 1.91573397 2.03669523
  1.93881247 1.97665662 1.94134402 1.96118693 1.91848717]
 [1.96248853 1.97618479 2.06163457 2.03160552 1.94978166 2.04629378
  2.05371763 1.95829527 2.08520511 2.03404305 1.93772287]
 [2.08417684 1.93980615 1.94015984 2.08778805 2.02196869 2.05164335
  2.0749636  2.07907825 2.07206952 2.09835675 2.05980332]
 [1.96119558 1.95045914 1.9011526  1.91045353 1.90434515 2.09610623
  1.90566737 1.95784305 1.97851975 1.99601758 2.06605767]
 [1.97816069 1.94294293 1.91702378 2.08062084 2.08635088 2.03964807
  1.91311388 2.00199437 2.03097205 2.03906913 2.08173003]
 [2.0658477  2.07366879 1.91997386 2.0400753  2.04043438 1.9534482
  1.93631991 2.05976743 2.00592886 2.02079978 1.91044034]
 [1.93848163 1.99764514 1.93351448 2.04662288 1.96543739 1.96426172
  1.99401722 2.04529752 2.06060608 2.02949061 1.94884248]
 [2.08003569 1.93867    1.90698932 1.93040904 2.03479856 2.05419622
  1.91504216 2.01205044 1.98877028 2.09720304 1.96697545]
 [1.99135006 1.98939805 2.07854362 2.06984375 1.91779397 2.07133965
  1.93602721 1.99324756 1.96114898 1.93631755 2.05475273]
 [2.01151185 2.00532398 1.98650971 2.04067828 1.99252346 1.93056703
  2.01331102 1.96010995 2.08852873 1.95850719 2.07200796]]
Cv: [[0.         0.         0.         0.         0.         0.
  0.         0.         0.         0.        ]
 [2.06478138 1.94373466 1.93204713 1.99033351 1.99575288 2.08713554
  2.0612632  2.08195471 2.03548295 2.00967349]
 [1.90387577 1.98652245 2.07918341 1.94663959 2.01931183 1.91926406
  1.9582115  1.98433951 2.06552726 1.90588307]
 [2.05468551 1.92210829 2.0998091  2.0292916  1.9989565  2.08417397
  2.01245976 1.97287518 1.9247689  2.04998319]
 [1.97222793 1.94679179 2.07652882 2.09028396 1.94804903 1.9002247
  1.9443471  1.98205379 1.91688355 1.99425925]
 [2.09026384 2.0175344  1.9260455  2.09456303 1.93625934 1.931542
  2.07269024 2.09700498 2.01267886 1.98819689]
 [2.04364626 1.95071081 1.92684721 2.02758536 2.05468999 1.92736396
  2.02441469 1.97206781 1.90275266 2.06282257]
 [2.01916122 2.03698895 1.93699538 1.94378467 2.06360314 2.05989477
  1.93195881 2.02731827 1.97224058 2.03076893]
 [1.94660231 2.05002422 2.01835526 2.00696084 2.09352993 2.01545246
  1.96903568 2.03843584 2.03612285 2.09797132]
 [1.95902307 1.94032225 2.03419482 2.06659812 2.08627798 2.05360627
  1.98010815 2.02208147 2.0068083  2.00581768]]
Rh: [[ 2.22413975  0.68780975 15.5707886   3.43117392  0.89624333  8.58566301
  14.19794586  4.98056506  1.09230038  1.31925741  6.21580187]
 [ 7.97092654  5.40644082  0.88307275  1.45439221  2.27291071 17.53234255
   5.93770742  3.03296488  0.54142798 13.28422008  2.29748735]
 [ 2.43442772  8.4028828  16.1492268  10.36647402 15.53297625  3.66244643
   1.6570714   2.34065545  4.46960781  4.51316245  1.04101811]
 [ 3.69336212  2.5592382   0.5449598   2.15606965 16.07425529  4.03896174
   6.48568212  5.78916914  0.94516517  3.56967333  2.85935058]
 [15.94412701  2.13204488  7.03126983 16.05930463  0.71508476 10.93313712
  17.08481479  3.63058315  1.28537439  2.92426539  0.7295026 ]
 [ 0.81061519  0.50135758  3.86375296  1.43120827  1.39157578  3.28587178
   5.736058   15.87517706 12.43706227  1.76405216 17.29165054]
 [17.39532867  0.65757014  1.62666395  6.31627798  0.67780778  7.82568741
   7.44708258  7.51714493  2.36776407  0.91714734  2.1006032 ]
 [17.40327001  8.8496116   1.524579    4.979256    3.73984797  2.54802532
  13.6940132  19.48063723  0.89702776  3.37101162  0.70819054]
 [ 0.81578911  0.87709965  2.17677585  1.42987849  8.57364696 18.46682247
   0.58918198  1.40365811  0.64466506  0.50997585  0.652555  ]
 [ 2.53744048  1.17471524  9.98712446  5.28275813  5.55189223  2.1971177
   1.1649894   9.98599771  7.95097938  2.9406831  14.33726229]]
Rv: [[ 7.2257779  16.37559405  3.46929094  3.97074208  1.01915513  1.36515759
   9.98373819 13.79359959  1.93769595  5.31170261]
 [ 0.71600573  4.16195015  0.72935404 13.16285113 18.95478189  5.28464697
   1.89084364 12.57220887  5.74946351 16.39854354]
 [15.73389656  4.99012976  4.28523799 10.43742233  1.28687074  4.09506842
   1.01182402 12.06371614  3.94649929  1.25934273]
 [ 0.90274065 10.56403234  8.53795295  0.6474495   4.7128118   6.0116894
   1.33011109  8.54672539 18.205413    5.17324062]
 [13.75393274  6.33079135  1.95767372  9.73481353 10.78082946  0.55600913
   9.62673551  8.44124224  2.99250188 16.00431194]
 [ 4.18928875  0.62174751 12.66511076  2.05792547  1.25203402 14.67061702
   0.86791476  2.44447084  2.23076035  0.81796191]
 [ 6.10720795  1.05426172  7.42382071  1.58601388  0.60527141  7.33643896
  16.27038086  2.4089568   4.09366285  2.95048835]
 [ 2.93189433 13.41058532 11.9547102   4.36044988  2.56452892  0.66116866
   2.97406427  2.19146339  5.73082414  0.55734473]
 [ 9.21130031  2.52387972  1.80709129  4.14892782  0.58116464 14.20292134
  11.99860678  0.65847254  6.12827127 14.15650017]]