-------Running parameters--------
T = 0.001
temperature_gradient = 0.0
gap = 0.0
M = 10
N = 10
VR = 0.0
Vmin = 0.0
Vmax = 1.1
vStep = 0.001
vSym = True
repeats = 50
fileName = array_10_10_disorder_c_std_0.1_r_std_9.5_run_2
dist = exp
fullOutput = True
use_graph = False
current_map = True
plot_current_map = False
plot_binary_current_map = False
frame_norm = False
dbg = False
resume = False
sc = False
leaping = False
constQ = False
modifyR = False
double_time = False
double_loop = False
output_folder = bgu_2d_finite_temperature_different_disorders_statistics
params_path = 
VG_avg = 0.0
VG_std = 0.0
C_avg = 2.0
C_std = 0.1
CG_avg = 10.0
CG_std = 0.0
R_avg = 10.0
R_std = 9.5
custom_rh = ""
custom_rv = ""
custom_ch = ""
custom_cv = ""
RG_avg = 500.0
RG_std = 0.0
n0_avg = 0.0
n0_std = 0.0
Q0_avg = 0.0
Q0_std = 0.0
----Array Parameters-----
Rows: 10
Columns: 10
VG: [[0.]
 [0.]
 [0.]
 [0.]
 [0.]
 [0.]
 [0.]
 [0.]
 [0.]
 [0.]
 [0.]
 [0.]
 [0.]
 [0.]
 [0.]
 [0.]
 [0.]
 [0.]
 [0.]
 [0.]
 [0.]
 [0.]
 [0.]
 [0.]
 [0.]
 [0.]
 [0.]
 [0.]
 [0.]
 [0.]
 [0.]
 [0.]
 [0.]
 [0.]
 [0.]
 [0.]
 [0.]
 [0.]
 [0.]
 [0.]
 [0.]
 [0.]
 [0.]
 [0.]
 [0.]
 [0.]
 [0.]
 [0.]
 [0.]
 [0.]
 [0.]
 [0.]
 [0.]
 [0.]
 [0.]
 [0.]
 [0.]
 [0.]
 [0.]
 [0.]
 [0.]
 [0.]
 [0.]
 [0.]
 [0.]
 [0.]
 [0.]
 [0.]
 [0.]
 [0.]
 [0.]
 [0.]
 [0.]
 [0.]
 [0.]
 [0.]
 [0.]
 [0.]
 [0.]
 [0.]
 [0.]
 [0.]
 [0.]
 [0.]
 [0.]
 [0.]
 [0.]
 [0.]
 [0.]
 [0.]
 [0.]
 [0.]
 [0.]
 [0.]
 [0.]
 [0.]
 [0.]
 [0.]
 [0.]
 [0.]]
CG: [[10.]
 [10.]
 [10.]
 [10.]
 [10.]
 [10.]
 [10.]
 [10.]
 [10.]
 [10.]
 [10.]
 [10.]
 [10.]
 [10.]
 [10.]
 [10.]
 [10.]
 [10.]
 [10.]
 [10.]
 [10.]
 [10.]
 [10.]
 [10.]
 [10.]
 [10.]
 [10.]
 [10.]
 [10.]
 [10.]
 [10.]
 [10.]
 [10.]
 [10.]
 [10.]
 [10.]
 [10.]
 [10.]
 [10.]
 [10.]
 [10.]
 [10.]
 [10.]
 [10.]
 [10.]
 [10.]
 [10.]
 [10.]
 [10.]
 [10.]
 [10.]
 [10.]
 [10.]
 [10.]
 [10.]
 [10.]
 [10.]
 [10.]
 [10.]
 [10.]
 [10.]
 [10.]
 [10.]
 [10.]
 [10.]
 [10.]
 [10.]
 [10.]
 [10.]
 [10.]
 [10.]
 [10.]
 [10.]
 [10.]
 [10.]
 [10.]
 [10.]
 [10.]
 [10.]
 [10.]
 [10.]
 [10.]
 [10.]
 [10.]
 [10.]
 [10.]
 [10.]
 [10.]
 [10.]
 [10.]
 [10.]
 [10.]
 [10.]
 [10.]
 [10.]
 [10.]
 [10.]
 [10.]
 [10.]
 [10.]]
RG: [[500.]
 [500.]
 [500.]
 [500.]
 [500.]
 [500.]
 [500.]
 [500.]
 [500.]
 [500.]
 [500.]
 [500.]
 [500.]
 [500.]
 [500.]
 [500.]
 [500.]
 [500.]
 [500.]
 [500.]
 [500.]
 [500.]
 [500.]
 [500.]
 [500.]
 [500.]
 [500.]
 [500.]
 [500.]
 [500.]
 [500.]
 [500.]
 [500.]
 [500.]
 [500.]
 [500.]
 [500.]
 [500.]
 [500.]
 [500.]
 [500.]
 [500.]
 [500.]
 [500.]
 [500.]
 [500.]
 [500.]
 [500.]
 [500.]
 [500.]
 [500.]
 [500.]
 [500.]
 [500.]
 [500.]
 [500.]
 [500.]
 [500.]
 [500.]
 [500.]
 [500.]
 [500.]
 [500.]
 [500.]
 [500.]
 [500.]
 [500.]
 [500.]
 [500.]
 [500.]
 [500.]
 [500.]
 [500.]
 [500.]
 [500.]
 [500.]
 [500.]
 [500.]
 [500.]
 [500.]
 [500.]
 [500.]
 [500.]
 [500.]
 [500.]
 [500.]
 [500.]
 [500.]
 [500.]
 [500.]
 [500.]
 [500.]
 [500.]
 [500.]
 [500.]
 [500.]
 [500.]
 [500.]
 [500.]
 [500.]]
Ch: [[2.04319778 1.91188915 2.08767655 2.09453656 1.98603277 2.07770867
  2.01613825 1.92652884 1.90397499 2.00389445 2.06180955]
 [1.96813531 1.99953497 1.92797229 1.97923662 2.02245116 1.92482956
  2.08665662 1.91701048 2.09866409 1.9073813  1.96351705]
 [2.05537799 1.9142002  2.00172736 2.06059775 1.98477086 1.94991859
  2.03666846 1.94487594 2.00497536 1.90362895 2.08500173]
 [1.99641274 1.93067749 1.98613942 2.06441568 2.04852102 2.06459829
  2.03231315 2.07608377 2.09271479 1.90640382 2.00490987]
 [2.02081009 1.90359012 2.07381387 1.95997565 2.01814117 1.93726987
  1.92575702 2.02700255 1.99864434 1.90749938 2.08771808]
 [1.91511971 2.05774269 2.04455493 2.02576824 1.97959168 2.04202153
  2.02546937 1.9479583  2.04809986 2.0654085  2.09972343]
 [2.02741101 2.0815434  1.92054329 1.9705428  2.01082996 2.00741203
  2.04330822 1.95134556 1.92917763 1.97612374 2.0956972 ]
 [1.95311263 1.95076104 1.90382145 1.94767117 2.03246554 2.03292572
  2.0598995  2.09677239 1.93801271 2.05460537 2.01022325]
 [2.01285681 2.04947168 1.96914833 1.99536252 2.09855182 2.06990861
  1.93299711 1.96988435 1.97357961 1.93337193 2.09396183]
 [2.09107825 1.91544212 1.991298   2.09961828 1.98985474 2.0996748
  2.07769525 2.02509568 1.94501785 2.07608213 1.98289867]]
Cv: [[0.         0.         0.         0.         0.         0.
  0.         0.         0.         0.        ]
 [2.08642553 2.00967236 2.07857453 2.02325026 2.07245247 2.0698376
  1.99475076 1.9145948  2.0015449  2.05340899]
 [1.97523237 1.99217414 1.97357635 2.00928931 1.96801208 1.9877985
  1.95815518 1.92461295 2.00991851 2.00146027]
 [1.9994115  2.07992489 2.04775713 2.06951385 2.09046657 2.09413782
  1.99751814 1.92783386 2.04374983 2.09659407]
 [2.082439   2.09011944 2.07717294 1.96001532 1.9541249  2.03125488
  2.01408531 2.05579416 1.98993798 1.99061073]
 [1.92079368 2.02242145 1.98685141 2.02185128 1.96173655 1.93224073
  2.06193356 1.94252056 2.01417808 1.91203897]
 [1.98687265 1.9059282  2.06489747 2.07040102 2.09142009 1.97944221
  2.08069827 2.09177862 2.05962293 1.99647739]
 [2.0515326  2.00052871 2.02409492 2.09157036 1.95186313 1.92469203
  2.01228918 2.01303492 1.94016135 1.98619815]
 [2.08159912 2.058321   1.9561348  1.99538078 1.94173466 1.98076316
  1.92181528 2.09754296 2.03955512 2.059802  ]
 [1.96831892 2.0800274  1.95956345 2.06428496 1.9192648  1.90852701
  1.92201643 2.06355373 1.92029228 2.06029597]]
Rh: [[ 4.88525874  1.99728656  6.33809892  1.73332021 15.07929008  2.87780582
   1.64349804  3.97779316  2.54258393  1.05459816  1.42746096]
 [ 6.92139856  2.1782951   0.83270347  4.2540271  18.16261671  1.93278331
   0.75816756  0.50897906  0.88422383  1.91283321  1.38201939]
 [ 1.12499167  3.38036889  3.55668236  4.27754402  0.66165668  6.50877394
   1.24129113 12.69449276  0.97625935 13.09555538  1.65310105]
 [ 6.79511484  1.48848769  9.69154515  4.42418457  7.77333964  2.76044758
   3.16986556 18.73489402 16.72368297  1.4003613   1.19665982]
 [ 7.56397171  9.38283481 19.06976755  1.43953378  2.61642719  2.0905305
   0.66154512  0.71020896  3.31842972  2.54068426  1.52790163]
 [ 2.14875617  2.51906544  0.55132787  0.58878011  6.95381083  3.98126659
   0.58604711 18.6086913   2.4179914   0.62034478  1.93367365]
 [ 5.89735802  3.23373593  1.75715915 13.33598508  1.19130278  2.87202699
   5.30161152  2.72028675  4.8612691   0.59730793  2.036221  ]
 [ 6.99750176  0.89979385 15.79914578  1.93225253  7.56303835  7.35683575
   2.33879986  1.27605387 11.56144268  4.97964105  6.99256703]
 [ 9.60901137  0.87635006  1.02229938  8.18419259  2.72730918  5.21802263
   3.45985339  1.84075992  4.70622524  0.53833267  0.6240555 ]
 [ 5.00838597  8.25473084  0.72969372  8.62694742  3.12778655  6.10534188
   1.88714227  1.94364526  0.61377568  8.74909699  4.03993902]]
Rv: [[ 3.077565    1.66021431  0.90512522  2.89782636 17.09516409 11.30676156
   1.78267618  1.2213769   2.1630139   0.60135948]
 [ 6.25298765  7.00226789  0.6538618  19.12009361  9.01141272  0.61850547
   3.54117522  6.85651809  3.57121451  2.50012444]
 [11.41546224 18.62974523  6.7770125   0.91622117  2.61176119  5.06212579
   3.97654071  0.83993312  0.70330771  2.26381585]
 [ 3.95943118  4.60029283  0.56345952  5.11971151  1.43652863  7.50083891
   5.8654929   5.68436379  1.70546072  2.21658599]
 [ 0.52349858  1.7095679   1.22339222  6.81013947  7.50519642  1.42423617
   0.75710801 10.32023762  4.152408    2.7656241 ]
 [14.72294351 13.10239676  2.14165874  0.96778475 18.99518485 12.04952715
   1.46218689  6.25701798 11.0074961  16.35719911]
 [ 3.03818499 10.33162527  0.65407757  6.00732682 16.41177548  0.86117924
  10.84832484  2.54897152 11.45928323 18.81195142]
 [ 0.76029805  6.62943485  1.64856804 11.88482353 15.04734647  2.21694396
   2.70933239  4.61829534 16.78233771  7.89828431]
 [ 1.7550586  11.81227954  1.40052235  3.01199916  2.88923699  0.50852946
   2.28250323  0.54014994  1.90395982  3.86961964]]