-------Running parameters--------
T = 0.001
temperature_gradient = 0.0
gap = 0.0
M = 10
N = 10
VR = 0.0
Vmin = 0.0
Vmax = 1.1
vStep = 0.001
vSym = True
repeats = 50
fileName = array_10_10_disorder_c_std_0.1_r_std_6.5_run_1
dist = exp
fullOutput = True
use_graph = False
current_map = True
plot_current_map = False
plot_binary_current_map = False
frame_norm = False
dbg = False
resume = False
sc = False
leaping = False
constQ = False
modifyR = False
double_time = False
double_loop = False
output_folder = bgu_2d_finite_temperature_different_disorders_statistics
params_path = 
VG_avg = 0.0
VG_std = 0.0
C_avg = 2.0
C_std = 0.1
CG_avg = 10.0
CG_std = 0.0
R_avg = 10.0
R_std = 6.5
custom_rh = ""
custom_rv = ""
custom_ch = ""
custom_cv = ""
RG_avg = 500.0
RG_std = 0.0
n0_avg = 0.0
n0_std = 0.0
Q0_avg = 0.0
Q0_std = 0.0
----Array Parameters-----
Rows: 10
Columns: 10
VG: [[0.]
 [0.]
 [0.]
 [0.]
 [0.]
 [0.]
 [0.]
 [0.]
 [0.]
 [0.]
 [0.]
 [0.]
 [0.]
 [0.]
 [0.]
 [0.]
 [0.]
 [0.]
 [0.]
 [0.]
 [0.]
 [0.]
 [0.]
 [0.]
 [0.]
 [0.]
 [0.]
 [0.]
 [0.]
 [0.]
 [0.]
 [0.]
 [0.]
 [0.]
 [0.]
 [0.]
 [0.]
 [0.]
 [0.]
 [0.]
 [0.]
 [0.]
 [0.]
 [0.]
 [0.]
 [0.]
 [0.]
 [0.]
 [0.]
 [0.]
 [0.]
 [0.]
 [0.]
 [0.]
 [0.]
 [0.]
 [0.]
 [0.]
 [0.]
 [0.]
 [0.]
 [0.]
 [0.]
 [0.]
 [0.]
 [0.]
 [0.]
 [0.]
 [0.]
 [0.]
 [0.]
 [0.]
 [0.]
 [0.]
 [0.]
 [0.]
 [0.]
 [0.]
 [0.]
 [0.]
 [0.]
 [0.]
 [0.]
 [0.]
 [0.]
 [0.]
 [0.]
 [0.]
 [0.]
 [0.]
 [0.]
 [0.]
 [0.]
 [0.]
 [0.]
 [0.]
 [0.]
 [0.]
 [0.]
 [0.]]
CG: [[10.]
 [10.]
 [10.]
 [10.]
 [10.]
 [10.]
 [10.]
 [10.]
 [10.]
 [10.]
 [10.]
 [10.]
 [10.]
 [10.]
 [10.]
 [10.]
 [10.]
 [10.]
 [10.]
 [10.]
 [10.]
 [10.]
 [10.]
 [10.]
 [10.]
 [10.]
 [10.]
 [10.]
 [10.]
 [10.]
 [10.]
 [10.]
 [10.]
 [10.]
 [10.]
 [10.]
 [10.]
 [10.]
 [10.]
 [10.]
 [10.]
 [10.]
 [10.]
 [10.]
 [10.]
 [10.]
 [10.]
 [10.]
 [10.]
 [10.]
 [10.]
 [10.]
 [10.]
 [10.]
 [10.]
 [10.]
 [10.]
 [10.]
 [10.]
 [10.]
 [10.]
 [10.]
 [10.]
 [10.]
 [10.]
 [10.]
 [10.]
 [10.]
 [10.]
 [10.]
 [10.]
 [10.]
 [10.]
 [10.]
 [10.]
 [10.]
 [10.]
 [10.]
 [10.]
 [10.]
 [10.]
 [10.]
 [10.]
 [10.]
 [10.]
 [10.]
 [10.]
 [10.]
 [10.]
 [10.]
 [10.]
 [10.]
 [10.]
 [10.]
 [10.]
 [10.]
 [10.]
 [10.]
 [10.]
 [10.]]
RG: [[500.]
 [500.]
 [500.]
 [500.]
 [500.]
 [500.]
 [500.]
 [500.]
 [500.]
 [500.]
 [500.]
 [500.]
 [500.]
 [500.]
 [500.]
 [500.]
 [500.]
 [500.]
 [500.]
 [500.]
 [500.]
 [500.]
 [500.]
 [500.]
 [500.]
 [500.]
 [500.]
 [500.]
 [500.]
 [500.]
 [500.]
 [500.]
 [500.]
 [500.]
 [500.]
 [500.]
 [500.]
 [500.]
 [500.]
 [500.]
 [500.]
 [500.]
 [500.]
 [500.]
 [500.]
 [500.]
 [500.]
 [500.]
 [500.]
 [500.]
 [500.]
 [500.]
 [500.]
 [500.]
 [500.]
 [500.]
 [500.]
 [500.]
 [500.]
 [500.]
 [500.]
 [500.]
 [500.]
 [500.]
 [500.]
 [500.]
 [500.]
 [500.]
 [500.]
 [500.]
 [500.]
 [500.]
 [500.]
 [500.]
 [500.]
 [500.]
 [500.]
 [500.]
 [500.]
 [500.]
 [500.]
 [500.]
 [500.]
 [500.]
 [500.]
 [500.]
 [500.]
 [500.]
 [500.]
 [500.]
 [500.]
 [500.]
 [500.]
 [500.]
 [500.]
 [500.]
 [500.]
 [500.]
 [500.]
 [500.]]
Ch: [[1.9281385  1.95699469 1.93339737 1.98910788 1.96753651 1.9232765
  2.05623086 1.9017753  1.91620077 2.00241387 1.9456031 ]
 [1.988478   2.01272319 1.96792233 2.06790932 1.94961264 1.99246627
  1.94671311 2.07719086 2.08483806 1.9480762  2.086805  ]
 [1.92830826 1.99306842 1.99294329 2.04885642 1.96017902 2.03013099
  1.92496318 2.02642938 2.07643081 1.91263833 2.06967961]
 [2.03659559 1.95694706 1.90819904 1.93383666 2.04165233 2.04105352
  1.90157618 1.91437203 2.05968396 1.92002998 1.95934397]
 [2.0755657  2.00300579 2.09676756 2.01343516 2.07344203 1.95821066
  1.97649973 2.00473981 2.02587397 2.04500838 2.07166394]
 [2.05230188 2.07592949 2.06386588 2.08869252 1.95079488 1.95065148
  1.93679778 1.98905386 2.003916   1.97790411 2.04587176]
 [2.05767915 2.04329493 2.03700536 2.0723373  2.04683191 1.98244277
  2.05791873 1.95110199 2.06661798 1.9115725  2.00149042]
 [2.00940436 2.06348633 1.96230507 1.98401447 1.990999   1.99167998
  2.00333282 2.01136685 1.93996686 2.04957488 2.0080948 ]
 [2.06210735 2.06197792 1.96921259 1.99984774 1.93393304 1.93713509
  2.01412878 1.90919556 2.05359372 2.04414375 1.97509169]
 [2.08397509 1.93490897 1.97443577 2.02516    2.05958072 1.96745369
  1.91669998 1.92043357 1.99619087 1.92709769 2.01853992]]
Cv: [[0.         0.         0.         0.         0.         0.
  0.         0.         0.         0.        ]
 [1.96282514 1.95827132 1.94877783 1.91767041 1.95744879 1.92256014
  2.0303849  2.06033583 2.04958654 2.09628451]
 [2.06538685 2.05172481 1.92466681 2.0765209  1.96559968 1.90752801
  1.92451918 1.91428083 1.9436416  1.92281912]
 [2.05339942 1.91731637 1.99514105 1.93208038 2.00900018 1.92282046
  1.90911609 1.910007   1.94719876 1.99669249]
 [2.07175766 2.00037114 1.96197125 2.07113689 2.0088371  1.95476591
  1.95252292 2.01005475 1.9751043  1.96162012]
 [1.97656227 1.95378151 2.06305029 1.96651085 1.92699411 2.08822051
  2.04224163 2.0559411  1.99084571 1.96848639]
 [1.94788735 1.90226988 1.92295314 1.94197791 2.06501008 2.00997683
  1.94985756 2.06726915 2.08855059 1.97605885]
 [2.07251162 1.94276181 2.05874386 1.96185518 1.98336689 1.92914521
  1.93655643 2.01511596 1.93475532 1.95130826]
 [1.98264729 2.00039679 2.0086891  2.06683193 2.06959909 2.05193463
  1.92448948 2.09595434 2.00270931 2.09274532]
 [1.9481342  1.98464813 2.05276555 1.94371195 1.91639998 2.04542843
  1.95654586 2.06175392 1.97348658 1.92490589]]
Rh: [[ 7.64918068 16.23937439  6.5013002  15.55035968  7.18278689  8.55445712
   9.43608766  7.60801883  8.6937177   4.38743968 14.96108885]
 [16.39829909 15.73648512  8.64820372  3.99713139 15.80510995 14.66554422
   6.69094341  4.13378277 12.32757684  9.0543945   6.15885161]
 [ 6.44946892  6.16217376  3.65393105 14.73744571  6.03479946  6.09951215
   5.08415731 13.08277686  5.05669173 12.79485751  3.67629172]
 [ 4.09283704  7.51583869  6.78862407  6.04498371  9.91049271  4.26160253
   5.45348708  3.91796412  7.17656354  5.60585022  5.06579195]
 [ 5.6740385   8.48329241  4.07322632 14.38036235 10.06504678  5.89042416
  13.37108861 11.65353755  5.82191123  8.44803685  6.08713671]
 [10.66931588  5.58518436 12.27037071  7.17978205  3.5357232  14.81168013
   4.76610162 12.79928553 14.1104189   8.78605928  4.56155905]
 [ 4.08024667  6.15159762 10.42663466 16.42966913 11.03273923  7.45413108
   6.30694333 10.91200502  6.58385678  3.82421797  6.0110927 ]
 [ 6.45734127  8.5454348   4.16776618 12.60759898  3.73865394 11.18448228
   3.94364326  7.48367803  4.60823685 13.97614298  8.48565416]
 [ 6.02249917  7.80909506  8.89814243 11.98840783  8.65941523  4.44275278
   3.76736027 15.04047423  9.39476123 10.89743552  3.56607994]
 [ 4.21312165  3.87455346 14.48986489  5.48930651  5.26457115  3.66438236
   3.71846027  6.39629986 15.45665216  6.52308242  7.47042065]]
Rv: [[ 7.02908226 16.06744846  9.75731001  3.61105608  7.12046769  5.70456213
  11.36929698  5.31229212  5.78034902  8.84884903]
 [12.19381951  8.56466394  3.58319622  4.97830917 13.28765721  9.69403495
  16.20174826 10.79520183  5.97390691  4.00199861]
 [ 7.80772956  7.97356383  5.29453348  6.81024377  5.18313479  8.04522224
   5.7414982   5.46647848  3.84535881  6.41691087]
 [12.24977573 10.03967641  3.83054166 15.93701589 14.01872621 12.51436986
   3.84803176  9.10150369  7.78877008  3.67184281]
 [ 8.45151449  8.4276644   5.75119319  5.39435478 12.60834672 13.26565745
  13.99920514  7.99911117 12.01492397  6.91484285]
 [14.15276958  3.60096459  4.66291186  7.09845755 12.74959353 10.52446354
   3.64489908  4.36456021 13.24409995 10.300041  ]
 [ 4.43376517  6.37100515  6.92972802  4.84292599  6.86475693  3.62180756
   5.28273367  8.32816374  6.67594336  6.04343846]
 [ 6.32468369  5.57670825  6.27742285 15.17387867 10.94169017  3.83843869
   7.70370574  8.43177297 12.54293863  8.04299365]
 [10.80513942  9.3010649   5.87170463 13.83649765  4.11883907  6.65158134
  14.82522391  9.36327802  3.6977313  10.75103181]]