-------Running parameters--------
T = 0.001
temperature_gradient = 0.0
gap = 0.0
M = 10
N = 10
VR = 0.0
Vmin = 0.0
Vmax = 1.1
vStep = 0.001
vSym = True
repeats = 50
fileName = array_10_10_disorder_c_std_0.1_r_std_11_run_8
dist = exp
fullOutput = True
use_graph = False
current_map = True
plot_current_map = False
plot_binary_current_map = False
frame_norm = False
dbg = False
resume = False
sc = False
leaping = False
constQ = False
modifyR = False
double_time = False
double_loop = False
output_folder = bgu_2d_finite_temperature_different_disorders_statistics
params_path = 
VG_avg = 0.0
VG_std = 0.0
C_avg = 2.0
C_std = 0.1
CG_avg = 10.0
CG_std = 0.0
R_avg = 20.0
R_std = 11.0
custom_rh = ""
custom_rv = ""
custom_ch = ""
custom_cv = ""
RG_avg = 500.0
RG_std = 0.0
n0_avg = 0.0
n0_std = 0.0
Q0_avg = 0.0
Q0_std = 0.0
----Array Parameters-----
Rows: 10
Columns: 10
VG: [[0.]
 [0.]
 [0.]
 [0.]
 [0.]
 [0.]
 [0.]
 [0.]
 [0.]
 [0.]
 [0.]
 [0.]
 [0.]
 [0.]
 [0.]
 [0.]
 [0.]
 [0.]
 [0.]
 [0.]
 [0.]
 [0.]
 [0.]
 [0.]
 [0.]
 [0.]
 [0.]
 [0.]
 [0.]
 [0.]
 [0.]
 [0.]
 [0.]
 [0.]
 [0.]
 [0.]
 [0.]
 [0.]
 [0.]
 [0.]
 [0.]
 [0.]
 [0.]
 [0.]
 [0.]
 [0.]
 [0.]
 [0.]
 [0.]
 [0.]
 [0.]
 [0.]
 [0.]
 [0.]
 [0.]
 [0.]
 [0.]
 [0.]
 [0.]
 [0.]
 [0.]
 [0.]
 [0.]
 [0.]
 [0.]
 [0.]
 [0.]
 [0.]
 [0.]
 [0.]
 [0.]
 [0.]
 [0.]
 [0.]
 [0.]
 [0.]
 [0.]
 [0.]
 [0.]
 [0.]
 [0.]
 [0.]
 [0.]
 [0.]
 [0.]
 [0.]
 [0.]
 [0.]
 [0.]
 [0.]
 [0.]
 [0.]
 [0.]
 [0.]
 [0.]
 [0.]
 [0.]
 [0.]
 [0.]
 [0.]]
CG: [[10.]
 [10.]
 [10.]
 [10.]
 [10.]
 [10.]
 [10.]
 [10.]
 [10.]
 [10.]
 [10.]
 [10.]
 [10.]
 [10.]
 [10.]
 [10.]
 [10.]
 [10.]
 [10.]
 [10.]
 [10.]
 [10.]
 [10.]
 [10.]
 [10.]
 [10.]
 [10.]
 [10.]
 [10.]
 [10.]
 [10.]
 [10.]
 [10.]
 [10.]
 [10.]
 [10.]
 [10.]
 [10.]
 [10.]
 [10.]
 [10.]
 [10.]
 [10.]
 [10.]
 [10.]
 [10.]
 [10.]
 [10.]
 [10.]
 [10.]
 [10.]
 [10.]
 [10.]
 [10.]
 [10.]
 [10.]
 [10.]
 [10.]
 [10.]
 [10.]
 [10.]
 [10.]
 [10.]
 [10.]
 [10.]
 [10.]
 [10.]
 [10.]
 [10.]
 [10.]
 [10.]
 [10.]
 [10.]
 [10.]
 [10.]
 [10.]
 [10.]
 [10.]
 [10.]
 [10.]
 [10.]
 [10.]
 [10.]
 [10.]
 [10.]
 [10.]
 [10.]
 [10.]
 [10.]
 [10.]
 [10.]
 [10.]
 [10.]
 [10.]
 [10.]
 [10.]
 [10.]
 [10.]
 [10.]
 [10.]]
RG: [[500.]
 [500.]
 [500.]
 [500.]
 [500.]
 [500.]
 [500.]
 [500.]
 [500.]
 [500.]
 [500.]
 [500.]
 [500.]
 [500.]
 [500.]
 [500.]
 [500.]
 [500.]
 [500.]
 [500.]
 [500.]
 [500.]
 [500.]
 [500.]
 [500.]
 [500.]
 [500.]
 [500.]
 [500.]
 [500.]
 [500.]
 [500.]
 [500.]
 [500.]
 [500.]
 [500.]
 [500.]
 [500.]
 [500.]
 [500.]
 [500.]
 [500.]
 [500.]
 [500.]
 [500.]
 [500.]
 [500.]
 [500.]
 [500.]
 [500.]
 [500.]
 [500.]
 [500.]
 [500.]
 [500.]
 [500.]
 [500.]
 [500.]
 [500.]
 [500.]
 [500.]
 [500.]
 [500.]
 [500.]
 [500.]
 [500.]
 [500.]
 [500.]
 [500.]
 [500.]
 [500.]
 [500.]
 [500.]
 [500.]
 [500.]
 [500.]
 [500.]
 [500.]
 [500.]
 [500.]
 [500.]
 [500.]
 [500.]
 [500.]
 [500.]
 [500.]
 [500.]
 [500.]
 [500.]
 [500.]
 [500.]
 [500.]
 [500.]
 [500.]
 [500.]
 [500.]
 [500.]
 [500.]
 [500.]
 [500.]]
Ch: [[1.91185631 2.01248006 2.05352135 1.9960601  1.91810498 2.01773378
  1.92246742 1.90942266 2.00328049 1.93881048 2.06716374]
 [1.97202998 1.96307837 2.06381921 2.05726637 2.02053178 1.98710105
  1.9293833  2.03027469 2.07970132 1.94446747 1.92374887]
 [1.96280763 2.08236999 2.07084522 2.05273904 2.03601029 1.95435781
  2.02214557 2.01285487 2.01449654 2.0135047  2.00727345]
 [1.91203346 1.91577552 1.98996353 2.03576546 1.98014667 2.05157224
  1.93267624 2.07130832 2.09440545 2.0718557  1.94664164]
 [1.91803237 1.97173644 2.05189792 1.90131941 1.96922643 2.02379469
  1.9305531  1.9279014  1.9521152  1.90377352 2.0359243 ]
 [2.08898426 2.04477095 2.06904218 1.95246535 1.93369018 1.93275884
  2.02434986 1.94407074 2.02810476 2.05348183 1.98881456]
 [1.90505855 1.92856096 2.00259361 2.01738706 2.01612728 2.07500629
  1.986455   2.01547297 1.91836912 1.96463941 2.01452355]
 [1.96102776 2.0100335  1.92763124 2.09158684 2.01854209 2.02287404
  2.07686269 1.92446887 2.09261489 1.92273158 2.08452361]
 [1.97602213 1.91372741 2.03390889 2.08134127 2.04231122 1.91471728
  1.94997157 1.99525679 1.94745914 2.07133264 1.95053015]
 [1.91902983 2.09757251 1.90837209 1.92264419 2.02395771 2.03454579
  2.07197224 2.02826426 2.08520287 1.95277438 1.92447799]]
Cv: [[0.         0.         0.         0.         0.         0.
  0.         0.         0.         0.        ]
 [2.00343723 1.94920952 1.96659371 2.0901407  1.98192246 2.06332382
  2.06543737 2.03490943 1.98609948 2.07083041]
 [2.04908989 2.03997442 2.0190282  2.04444304 1.92641029 1.91174374
  1.93326316 1.96379768 2.00090403 1.96232554]
 [2.0229093  2.09535097 2.02427809 1.91419946 2.06950874 1.91524537
  2.01978023 2.09403906 1.93250173 2.08298349]
 [2.02162317 2.05545481 1.93900137 2.03674124 2.06816271 2.07403591
  2.05476246 2.07156798 2.0838412  2.08399907]
 [1.99601718 1.96561594 1.9208291  1.96281345 1.90944586 1.95694033
  2.0014768  2.03688685 1.93246429 2.02937543]
 [1.9528984  2.06465015 2.00979382 1.95992224 2.07583291 2.04681827
  2.04060397 2.01934882 1.98540524 1.93620528]
 [1.91163222 1.91383705 2.05449993 1.94442935 1.93287352 2.03283869
  2.00424145 1.98913156 1.96443275 2.08950951]
 [2.08423391 1.94941759 2.0541188  2.06505451 1.98490606 2.09699556
  2.09857664 1.91817133 1.94032913 1.9785898 ]
 [1.95682663 1.98583648 1.96174258 1.90964417 2.04362753 2.04696274
  1.92148305 2.0978384  1.96054828 2.03514629]]
Rh: [[26.24114296 16.16525315 14.77267976 12.00976876 17.95569132 27.70147508
  10.88380559 11.39954261 22.09194318 12.3332467  26.49391957]
 [26.63344798  9.28703383 13.71751368 24.81248345 13.23691108 14.20100481
  20.01434578 29.01069339  9.09436611 16.94678624 10.77671924]
 [30.14725344 10.33504669 26.64207864 24.00363772 15.52405828  9.65181819
  25.89156625 13.94951988 20.51368895  9.43738277 15.30620272]
 [14.56513605 11.61217396 14.68529041 24.24002867 13.58554176 12.67705738
  23.49078691 15.91933676 15.05537599 23.45011431  9.15567992]
 [25.05877698 13.76790379 19.14775633 18.97620571 26.5866685  20.05795504
  10.00826343 20.96277374 19.18756675 28.80618589 10.8187794 ]
 [16.94498466 17.67120174 11.02490862 11.30663144 12.62900134 10.3685436
  19.67035435 24.80826345 25.27068094 13.054259   28.79870174]
 [23.48038814 13.04837368 10.89646454 15.99938895 13.04714769  9.83996268
  12.04260729 25.35832403 11.40696535 21.50008058 29.28216136]
 [18.02680644 15.48586251 27.88844823 29.01857572 12.93610817 19.39765236
  16.57625055 20.20799486 22.34890474  9.120634   22.17906393]
 [23.12964492 16.60258795 17.9735246  22.40416925 16.20043144 20.65026843
  18.54092282 22.27162879  9.89876729 11.36258213 13.92013463]
 [30.51356341 20.79860331 19.30117333 12.32173622 12.67276041 16.53758415
  22.2084427  26.83167797 17.62705641 10.56863226 12.61065099]]
Rv: [[25.28465462 23.64087115 21.47799151 23.36212882 21.23242273 30.2861132
  20.18290318 13.60383517 11.57244083 10.22354346]
 [21.20865492 23.74895272 10.83441025 11.51474378 23.05804627 13.6936945
  26.71199051 12.2845346  29.06406525 15.24215217]
 [23.74794211 15.43118653 12.56564549  9.89406149  9.86698383 12.44794348
  18.60700361 24.07591884  9.56145533 11.84616369]
 [18.01879128  9.45191395 16.25736439 23.2253195  10.07668019 12.1918816
  10.79102276 17.65501055 14.15722163 14.08820354]
 [11.56462854 17.68403029 10.15543671 25.74004535 19.23610645 21.73918526
  12.30783309 17.94664912 13.12752768 24.06342394]
 [25.80682167 17.17771625 29.87692405  9.9187453  17.33040195 26.5815369
  30.17730821 28.08491872 27.70446044 23.80062105]
 [28.78812457 27.0988407  11.91749655 28.80184317 14.99259677  9.99857315
  23.2437216  18.69997869 17.41604184 16.9716878 ]
 [18.51892213 14.0675464  13.79601717 14.33082554 14.22613918 10.72504886
  28.17352709 10.31607279 27.51508517 28.53165147]
 [11.85804112 29.30801256 19.21577043 13.57543391 15.39200402 13.92365034
  19.05041036 22.40460142 10.74343584 17.25608562]]