-------Running parameters--------
T = 0.001
temperature_gradient = 0.0
gap = 0.0
M = 10
N = 10
VR = 0.0
Vmin = 0.0
Vmax = 1.1
vStep = 0.001
vSym = True
repeats = 50
fileName = array_10_10_disorder_c_std_0.1_r_std_10_run_6
dist = exp
fullOutput = True
use_graph = False
current_map = True
plot_current_map = False
plot_binary_current_map = False
frame_norm = False
dbg = False
resume = False
sc = False
leaping = False
constQ = False
modifyR = False
double_time = False
double_loop = False
output_folder = bgu_2d_finite_temperature_different_disorders_statistics
params_path = 
VG_avg = 0.0
VG_std = 0.0
C_avg = 2.0
C_std = 0.1
CG_avg = 10.0
CG_std = 0.0
R_avg = 20.0
R_std = 10.0
custom_rh = ""
custom_rv = ""
custom_ch = ""
custom_cv = ""
RG_avg = 500.0
RG_std = 0.0
n0_avg = 0.0
n0_std = 0.0
Q0_avg = 0.0
Q0_std = 0.0
----Array Parameters-----
Rows: 10
Columns: 10
VG: [[0.]
 [0.]
 [0.]
 [0.]
 [0.]
 [0.]
 [0.]
 [0.]
 [0.]
 [0.]
 [0.]
 [0.]
 [0.]
 [0.]
 [0.]
 [0.]
 [0.]
 [0.]
 [0.]
 [0.]
 [0.]
 [0.]
 [0.]
 [0.]
 [0.]
 [0.]
 [0.]
 [0.]
 [0.]
 [0.]
 [0.]
 [0.]
 [0.]
 [0.]
 [0.]
 [0.]
 [0.]
 [0.]
 [0.]
 [0.]
 [0.]
 [0.]
 [0.]
 [0.]
 [0.]
 [0.]
 [0.]
 [0.]
 [0.]
 [0.]
 [0.]
 [0.]
 [0.]
 [0.]
 [0.]
 [0.]
 [0.]
 [0.]
 [0.]
 [0.]
 [0.]
 [0.]
 [0.]
 [0.]
 [0.]
 [0.]
 [0.]
 [0.]
 [0.]
 [0.]
 [0.]
 [0.]
 [0.]
 [0.]
 [0.]
 [0.]
 [0.]
 [0.]
 [0.]
 [0.]
 [0.]
 [0.]
 [0.]
 [0.]
 [0.]
 [0.]
 [0.]
 [0.]
 [0.]
 [0.]
 [0.]
 [0.]
 [0.]
 [0.]
 [0.]
 [0.]
 [0.]
 [0.]
 [0.]
 [0.]]
CG: [[10.]
 [10.]
 [10.]
 [10.]
 [10.]
 [10.]
 [10.]
 [10.]
 [10.]
 [10.]
 [10.]
 [10.]
 [10.]
 [10.]
 [10.]
 [10.]
 [10.]
 [10.]
 [10.]
 [10.]
 [10.]
 [10.]
 [10.]
 [10.]
 [10.]
 [10.]
 [10.]
 [10.]
 [10.]
 [10.]
 [10.]
 [10.]
 [10.]
 [10.]
 [10.]
 [10.]
 [10.]
 [10.]
 [10.]
 [10.]
 [10.]
 [10.]
 [10.]
 [10.]
 [10.]
 [10.]
 [10.]
 [10.]
 [10.]
 [10.]
 [10.]
 [10.]
 [10.]
 [10.]
 [10.]
 [10.]
 [10.]
 [10.]
 [10.]
 [10.]
 [10.]
 [10.]
 [10.]
 [10.]
 [10.]
 [10.]
 [10.]
 [10.]
 [10.]
 [10.]
 [10.]
 [10.]
 [10.]
 [10.]
 [10.]
 [10.]
 [10.]
 [10.]
 [10.]
 [10.]
 [10.]
 [10.]
 [10.]
 [10.]
 [10.]
 [10.]
 [10.]
 [10.]
 [10.]
 [10.]
 [10.]
 [10.]
 [10.]
 [10.]
 [10.]
 [10.]
 [10.]
 [10.]
 [10.]
 [10.]]
RG: [[500.]
 [500.]
 [500.]
 [500.]
 [500.]
 [500.]
 [500.]
 [500.]
 [500.]
 [500.]
 [500.]
 [500.]
 [500.]
 [500.]
 [500.]
 [500.]
 [500.]
 [500.]
 [500.]
 [500.]
 [500.]
 [500.]
 [500.]
 [500.]
 [500.]
 [500.]
 [500.]
 [500.]
 [500.]
 [500.]
 [500.]
 [500.]
 [500.]
 [500.]
 [500.]
 [500.]
 [500.]
 [500.]
 [500.]
 [500.]
 [500.]
 [500.]
 [500.]
 [500.]
 [500.]
 [500.]
 [500.]
 [500.]
 [500.]
 [500.]
 [500.]
 [500.]
 [500.]
 [500.]
 [500.]
 [500.]
 [500.]
 [500.]
 [500.]
 [500.]
 [500.]
 [500.]
 [500.]
 [500.]
 [500.]
 [500.]
 [500.]
 [500.]
 [500.]
 [500.]
 [500.]
 [500.]
 [500.]
 [500.]
 [500.]
 [500.]
 [500.]
 [500.]
 [500.]
 [500.]
 [500.]
 [500.]
 [500.]
 [500.]
 [500.]
 [500.]
 [500.]
 [500.]
 [500.]
 [500.]
 [500.]
 [500.]
 [500.]
 [500.]
 [500.]
 [500.]
 [500.]
 [500.]
 [500.]
 [500.]]
Ch: [[2.04797934 2.01547651 2.08427029 1.90415618 1.97391626 1.91525438
  1.9839217  1.90622807 1.93106318 1.91362927 2.00722119]
 [1.97056174 1.93648126 1.90989843 2.03667336 1.90305239 1.95420561
  2.05285026 1.99356462 1.97323606 1.97641986 1.95015795]
 [1.91695647 1.98465848 2.06039763 1.97097307 1.91184835 1.94219484
  1.98540802 2.0149387  2.06401531 1.91626983 2.03516017]
 [1.96150303 1.95537778 1.90951793 2.01136886 1.91571717 2.07411164
  2.05761643 2.06326985 2.0970376  2.05988798 2.00647804]
 [1.93045659 2.09755773 1.90014769 1.94677883 2.03084252 1.94050945
  2.0005788  1.96282981 1.95881612 1.92601649 2.05010012]
 [2.02237347 2.07670639 2.07225818 1.94702374 1.989564   1.93315126
  1.98536166 1.91486519 2.08202212 1.91730674 1.91560885]
 [2.00607026 1.90101824 1.96127084 2.05409717 1.96348518 1.90051308
  1.94011823 2.00261846 1.93482879 1.94534813 1.97162884]
 [2.01469014 2.03144823 2.09390924 2.06654902 2.02620653 1.93351172
  1.90947125 1.95210528 2.02715254 1.94447927 1.9062091 ]
 [1.99049617 2.05486321 1.99419072 1.94370564 1.94816232 2.09439168
  1.9070281  2.06406671 2.08577585 2.044457   2.00077887]
 [1.94577162 2.08478281 2.08817202 1.91018128 1.97415462 2.02543354
  1.97288078 2.01503906 1.99081716 2.06180794 2.06012552]]
Cv: [[0.         0.         0.         0.         0.         0.
  0.         0.         0.         0.        ]
 [1.99075126 1.90795681 2.05212284 1.90158998 2.06319389 1.91710251
  1.97735924 2.08045379 1.90074724 2.09000238]
 [1.9462815  2.04362101 2.09486709 1.91992206 1.95855923 2.07133545
  2.04128576 2.03371497 2.0796437  1.94726813]
 [1.95722348 2.09485012 1.96174512 1.99600773 1.9978819  2.00440688
  1.99057664 1.93438482 1.9907326  2.01292786]
 [2.02596273 1.98214149 1.99115543 2.00979398 1.95150461 1.96601495
  2.08346652 1.92978642 2.05110877 2.08154662]
 [1.95307133 2.05140262 1.95157909 2.03448022 1.90268508 1.91399468
  2.01927312 1.90429477 1.98035687 2.09102386]
 [2.0383591  2.09935675 1.96009802 2.08686601 2.05799383 2.0204525
  1.96416197 1.95138167 1.96088413 2.07382753]
 [2.01510688 2.07470687 2.03928889 1.96173033 1.90395596 1.96558698
  1.91801692 1.92500854 1.9017149  1.96789594]
 [2.0126028  1.92468619 2.07557747 1.94472199 2.05959389 2.03857767
  1.98858428 2.08100422 2.01524953 2.04977738]
 [2.06392639 2.08364391 1.96726805 1.93559486 1.95509237 2.07618325
  1.99629212 2.02958378 2.02718325 2.07836411]]
Rh: [[19.48006835 25.83741601 26.23957409 11.58470733 10.70288018 21.54177636
  21.17047619 18.85536329 19.82369628 19.80701618 25.31980489]
 [23.39070234 28.10406554 28.52321304 14.27136819 21.1406052  10.36014179
  19.08416028 21.07345161 25.81199277 26.57957426 23.42180562]
 [15.07884881 10.74731167 13.44333785 16.13026201 14.13117427 11.83181368
  11.25742187 19.45631187 26.73119268 13.36465213 29.1676206 ]
 [17.82414656 10.25135168 12.06656692 16.97727926 21.52888949 14.28920948
  12.17293494 18.36236387 14.68571728 15.84924308 11.68105042]
 [11.97409834 24.95678754 10.63310923 10.48127588 13.51135926 24.30563385
  11.2365521  27.00828727 18.31188024 10.00222315 13.13585231]
 [16.21403753 27.57059777 14.84629325 22.30056348 19.54247429 13.25610604
  27.31848851 14.91880898 11.31565528 28.01861497 25.40462348]
 [27.14825677 27.93698136 22.61326469 16.10506979 11.85752767 21.56186096
  17.54852196 10.87587216 23.43195487 12.27938674 10.61803229]
 [12.85989723 26.25513667 19.91109898 10.44078334 14.54109125 26.34294838
  20.82897955 24.72494233 11.66131186 24.11431981 12.02523884]
 [15.07667755 11.78289777 29.6271164  22.28913621 26.03874758 18.19113535
  12.87800582 11.9751571  10.05987277 18.73323665 10.92579134]
 [11.78766336 16.34802598 28.16353911 10.69369747 24.6469808  11.85890118
  11.44684764 13.15239359 10.99640249 20.45334942 11.90131923]]
Rv: [[24.71851145 10.98650898 24.49845206 19.35346624 23.02395689 27.94058423
  28.65645466 23.42448693 14.52927036 23.79463305]
 [11.48654558 21.59285518 27.51909741 17.4772539  16.57310899 25.24730247
  21.38073345 25.1103324  14.30856078 17.48696938]
 [22.05177978 16.23667995 21.26968669 28.74073553 12.62643347 29.33232442
  11.24217369 10.94644306 23.1274901  18.33922939]
 [17.30821019 29.9857886  14.98918745 22.83926422 10.09516357 14.30909931
  17.32364146 15.31533032 15.90008545 13.01029808]
 [11.0983666  20.77464204 22.39792494 26.3679824  10.97393345 22.83451369
  13.55026132 22.93860077 28.52648955 26.46871724]
 [23.83325192 21.33790651 17.45628585 22.8674073  15.7367926  20.5008645
  17.03602415 14.30181891 23.67168911 15.4719464 ]
 [14.5298703  10.03449621 15.33391621 18.19130092 23.73774724 10.04733935
  15.64193526 20.33665597 21.41349783 29.1479823 ]
 [25.47811005 28.96106788 19.30106786 12.77985889 24.67853806 16.9395595
  17.58153256 17.3090433  11.73601281 25.99922946]
 [13.89402575 11.83802377 18.27384096 19.80626995 20.75339082 17.92118625
  25.90872157 24.60628497 20.08311775 25.0460898 ]]