-------Running parameters--------
T = 0.001
temperature_gradient = 0.0
gap = 0.0
M = 10
N = 10
VR = 0.0
Vmin = 0.0
Vmax = 1.1
vStep = 0.001
vSym = True
repeats = 50
fileName = array_10_10_disorder_c_std_0.1_r_std_6_run_6
dist = exp
fullOutput = True
use_graph = False
current_map = True
plot_current_map = False
plot_binary_current_map = False
frame_norm = False
dbg = False
resume = False
sc = False
leaping = False
constQ = False
modifyR = False
double_time = False
double_loop = False
output_folder = bgu_2d_finite_temperature_different_disorders_statistics
params_path = 
VG_avg = 0.0
VG_std = 0.0
C_avg = 2.0
C_std = 0.1
CG_avg = 10.0
CG_std = 0.0
R_avg = 10.0
R_std = 6.0
custom_rh = ""
custom_rv = ""
custom_ch = ""
custom_cv = ""
RG_avg = 500.0
RG_std = 0.0
n0_avg = 0.0
n0_std = 0.0
Q0_avg = 0.0
Q0_std = 0.0
----Array Parameters-----
Rows: 10
Columns: 10
VG: [[0.]
 [0.]
 [0.]
 [0.]
 [0.]
 [0.]
 [0.]
 [0.]
 [0.]
 [0.]
 [0.]
 [0.]
 [0.]
 [0.]
 [0.]
 [0.]
 [0.]
 [0.]
 [0.]
 [0.]
 [0.]
 [0.]
 [0.]
 [0.]
 [0.]
 [0.]
 [0.]
 [0.]
 [0.]
 [0.]
 [0.]
 [0.]
 [0.]
 [0.]
 [0.]
 [0.]
 [0.]
 [0.]
 [0.]
 [0.]
 [0.]
 [0.]
 [0.]
 [0.]
 [0.]
 [0.]
 [0.]
 [0.]
 [0.]
 [0.]
 [0.]
 [0.]
 [0.]
 [0.]
 [0.]
 [0.]
 [0.]
 [0.]
 [0.]
 [0.]
 [0.]
 [0.]
 [0.]
 [0.]
 [0.]
 [0.]
 [0.]
 [0.]
 [0.]
 [0.]
 [0.]
 [0.]
 [0.]
 [0.]
 [0.]
 [0.]
 [0.]
 [0.]
 [0.]
 [0.]
 [0.]
 [0.]
 [0.]
 [0.]
 [0.]
 [0.]
 [0.]
 [0.]
 [0.]
 [0.]
 [0.]
 [0.]
 [0.]
 [0.]
 [0.]
 [0.]
 [0.]
 [0.]
 [0.]
 [0.]]
CG: [[10.]
 [10.]
 [10.]
 [10.]
 [10.]
 [10.]
 [10.]
 [10.]
 [10.]
 [10.]
 [10.]
 [10.]
 [10.]
 [10.]
 [10.]
 [10.]
 [10.]
 [10.]
 [10.]
 [10.]
 [10.]
 [10.]
 [10.]
 [10.]
 [10.]
 [10.]
 [10.]
 [10.]
 [10.]
 [10.]
 [10.]
 [10.]
 [10.]
 [10.]
 [10.]
 [10.]
 [10.]
 [10.]
 [10.]
 [10.]
 [10.]
 [10.]
 [10.]
 [10.]
 [10.]
 [10.]
 [10.]
 [10.]
 [10.]
 [10.]
 [10.]
 [10.]
 [10.]
 [10.]
 [10.]
 [10.]
 [10.]
 [10.]
 [10.]
 [10.]
 [10.]
 [10.]
 [10.]
 [10.]
 [10.]
 [10.]
 [10.]
 [10.]
 [10.]
 [10.]
 [10.]
 [10.]
 [10.]
 [10.]
 [10.]
 [10.]
 [10.]
 [10.]
 [10.]
 [10.]
 [10.]
 [10.]
 [10.]
 [10.]
 [10.]
 [10.]
 [10.]
 [10.]
 [10.]
 [10.]
 [10.]
 [10.]
 [10.]
 [10.]
 [10.]
 [10.]
 [10.]
 [10.]
 [10.]
 [10.]]
RG: [[500.]
 [500.]
 [500.]
 [500.]
 [500.]
 [500.]
 [500.]
 [500.]
 [500.]
 [500.]
 [500.]
 [500.]
 [500.]
 [500.]
 [500.]
 [500.]
 [500.]
 [500.]
 [500.]
 [500.]
 [500.]
 [500.]
 [500.]
 [500.]
 [500.]
 [500.]
 [500.]
 [500.]
 [500.]
 [500.]
 [500.]
 [500.]
 [500.]
 [500.]
 [500.]
 [500.]
 [500.]
 [500.]
 [500.]
 [500.]
 [500.]
 [500.]
 [500.]
 [500.]
 [500.]
 [500.]
 [500.]
 [500.]
 [500.]
 [500.]
 [500.]
 [500.]
 [500.]
 [500.]
 [500.]
 [500.]
 [500.]
 [500.]
 [500.]
 [500.]
 [500.]
 [500.]
 [500.]
 [500.]
 [500.]
 [500.]
 [500.]
 [500.]
 [500.]
 [500.]
 [500.]
 [500.]
 [500.]
 [500.]
 [500.]
 [500.]
 [500.]
 [500.]
 [500.]
 [500.]
 [500.]
 [500.]
 [500.]
 [500.]
 [500.]
 [500.]
 [500.]
 [500.]
 [500.]
 [500.]
 [500.]
 [500.]
 [500.]
 [500.]
 [500.]
 [500.]
 [500.]
 [500.]
 [500.]
 [500.]]
Ch: [[1.96005278 1.97074433 1.93937153 2.08578317 2.09443383 2.0791164
  2.08823652 1.98907371 2.06689198 2.05818888 1.96287653]
 [1.94477178 2.04674185 1.96539365 2.06447863 2.05120188 2.03006717
  2.04185735 1.92501948 1.96697399 2.0529406  1.94885258]
 [1.98506017 1.96008569 2.07234996 1.9293941  1.99163438 2.0324057
  1.98390971 1.99422972 2.02302634 1.9585138  1.95710336]
 [2.09636735 2.02180664 1.98340441 1.95993267 1.97183644 2.04874128
  1.98791054 2.01177426 2.01297618 1.90787227 2.00154339]
 [1.95716596 2.02837988 2.08635297 2.08829471 2.07846448 2.0662715
  2.08972126 1.93573432 1.92243944 2.00919936 2.01202133]
 [2.08682911 2.04228148 1.96684558 2.0292405  2.07794642 2.04925363
  2.00522094 1.90912441 1.96477298 1.95071635 2.04851864]
 [1.91937268 2.02993701 1.99164569 2.08933029 1.90366659 2.0610038
  2.01360896 2.06010709 2.07321772 1.97035523 1.93303807]
 [2.03777262 1.94130969 1.90240347 1.97701623 1.97220189 2.06439325
  1.95215069 1.92017281 2.02445317 1.95314159 2.09558449]
 [2.02142403 1.98312349 1.91886055 1.96443634 2.07777766 2.09889619
  1.95402238 2.05473365 1.94260884 1.99028331 1.97842907]
 [2.05231436 1.92029003 1.97891659 1.94323392 2.0452961  1.98443031
  2.0208243  1.99070583 2.03296338 1.99398042 2.01946792]]
Cv: [[0.         0.         0.         0.         0.         0.
  0.         0.         0.         0.        ]
 [1.96953857 1.92010604 1.99991965 1.98593559 2.07566774 1.9808109
  1.97550529 2.09657627 1.94195486 2.04860576]
 [1.98750054 2.0809296  1.96928884 1.95833844 1.99289691 1.91018423
  1.94292234 1.91526026 2.03976546 1.97845128]
 [2.04181054 1.90974335 1.90647287 1.99691186 1.97090374 2.04098592
  1.95993384 2.02946456 1.97252187 1.92465235]
 [1.9436319  2.05381905 1.91288399 1.90263975 2.02120139 1.95085106
  1.90595474 1.94276512 1.99994664 1.99665424]
 [1.98418599 1.97868048 1.9225696  2.01318729 1.91196131 1.99547889
  1.91264155 1.96828838 2.06134028 1.91129577]
 [1.94413632 2.09953644 1.97535339 1.99110268 2.02152176 1.98109019
  1.91195681 2.09059363 1.96227669 1.97936333]
 [1.97034167 2.09538315 2.0760844  1.96120699 2.06114298 2.05817634
  2.04826073 2.04307063 1.95094263 2.06922769]
 [1.90856361 2.06698352 2.05422904 1.92691309 1.96506927 2.01007027
  1.98541587 2.02919026 2.05885004 2.02434362]
 [1.9979409  2.02095305 2.06030473 2.09453182 1.95169613 1.97330595
  2.01738114 1.90089187 1.92530521 2.08121997]]
Rh: [[ 5.8989604   4.11195483  9.09036932  5.97456183 13.03486929 11.35790877
   7.09718455  4.06180466 12.26581009  8.18946159  4.00218171]
 [10.60186835  4.05294598 10.91741741 10.71155598  4.20809963  6.05911674
  10.58565638  4.30434516  4.05258296 10.61216519  7.75547906]
 [ 4.70013694 12.85263265 13.65097156  6.2311483   4.04194553 15.95163923
   9.84083777 13.30408385  6.22661258 11.26869934  4.46933132]
 [14.00789719  5.33076556  8.12048005 13.34772162 10.41653942  7.32992718
   4.59919794 15.22517714  8.09824322 15.65570993  7.7568328 ]
 [ 7.11403873 12.67560858  6.49701207  8.56246477 12.72883005  6.51519128
  12.23512505 13.35353701  4.18258493  7.88224048  4.91705895]
 [ 5.90940782 12.97168431  7.36688658  8.61129797  4.10708248 12.11176807
   6.45394296 14.13446066  5.93276489 11.04158493  8.31790944]
 [10.5616263  14.70310067  5.56382385  8.89712807  4.12015656  4.17473154
  15.69748025  4.07155583 13.82663255  5.72232315  8.50315784]
 [ 6.38172622 10.45862223  5.87640793  6.4416468  12.04738503  5.78836426
   8.65399785  4.47231177 13.36638737 12.96876921 14.31310935]
 [ 5.07926409  7.44286065  5.94512545 14.97622165  7.25588923  5.10188814
   7.04712987  7.24729484  8.72396911  4.32996262  8.3053518 ]
 [ 9.06055667  5.27463923  7.72002343 11.5158906   8.77169577  4.6671641
  11.44128022 11.60889866  5.68760847  6.44069563 11.51785017]]
Rv: [[ 6.01344074 12.75534096 12.14410527  6.7769452  12.40129808  7.93093979
   8.05716446  9.59020861  7.20945744  8.20460933]
 [ 6.83971709 15.00423454  5.69827183 11.47335087 12.18604003  7.2012194
  11.93248615 10.69640662 12.98240784  6.06751182]
 [ 6.5335366  12.49073914  7.2198701   4.75726607 12.67960309 14.64121008
   8.37398307  4.10059289  4.3982412   8.93649011]
 [ 4.25646301  6.41300592  5.96668795  7.54697914 11.22571679  5.94230504
   7.68530402  6.35290514  8.63111162  5.24163004]
 [ 4.47681718 11.41408915 12.11223617  5.5888145   6.06275654 14.19486362
   4.77460777  4.41274427 10.09174738  5.37388236]
 [13.65303506  8.13705035 13.54371341 13.22165591  5.54542894  4.0269699
  10.43383893  4.83606785  7.90566497  7.90732353]
 [ 4.98314813  9.4505587   5.92679426  7.50083878 10.97284604 11.21543533
   4.81649413 13.6046491   6.6544033  10.97809463]
 [ 6.32900331 12.22702471 12.16205719  6.0375867   6.52614329 14.79798895
  11.29833458  8.38168088  7.83369942  8.31608249]
 [ 7.86442502 12.84087512  5.69467123  7.10538285  5.97321047  4.05307331
   6.45860927  6.50992524  4.48898337  9.84903402]]