-------Running parameters--------
T = 0.001
temperature_gradient = 0.0
gap = 0.0
M = 10
N = 10
VR = 0.0
Vmin = 0.0
Vmax = 1.1
vStep = 0.001
vSym = True
repeats = 50
fileName = array_10_10_disorder_c_std_0.1_r_std_12_run_6
dist = exp
fullOutput = True
use_graph = False
current_map = True
plot_current_map = False
plot_binary_current_map = False
frame_norm = False
dbg = False
resume = False
sc = False
leaping = False
constQ = False
modifyR = False
double_time = False
double_loop = False
output_folder = bgu_2d_finite_temperature_different_disorders_statistics
params_path = 
VG_avg = 0.0
VG_std = 0.0
C_avg = 2.0
C_std = 0.1
CG_avg = 10.0
CG_std = 0.0
R_avg = 20.0
R_std = 12.0
custom_rh = ""
custom_rv = ""
custom_ch = ""
custom_cv = ""
RG_avg = 500.0
RG_std = 0.0
n0_avg = 0.0
n0_std = 0.0
Q0_avg = 0.0
Q0_std = 0.0
----Array Parameters-----
Rows: 10
Columns: 10
VG: [[0.]
 [0.]
 [0.]
 [0.]
 [0.]
 [0.]
 [0.]
 [0.]
 [0.]
 [0.]
 [0.]
 [0.]
 [0.]
 [0.]
 [0.]
 [0.]
 [0.]
 [0.]
 [0.]
 [0.]
 [0.]
 [0.]
 [0.]
 [0.]
 [0.]
 [0.]
 [0.]
 [0.]
 [0.]
 [0.]
 [0.]
 [0.]
 [0.]
 [0.]
 [0.]
 [0.]
 [0.]
 [0.]
 [0.]
 [0.]
 [0.]
 [0.]
 [0.]
 [0.]
 [0.]
 [0.]
 [0.]
 [0.]
 [0.]
 [0.]
 [0.]
 [0.]
 [0.]
 [0.]
 [0.]
 [0.]
 [0.]
 [0.]
 [0.]
 [0.]
 [0.]
 [0.]
 [0.]
 [0.]
 [0.]
 [0.]
 [0.]
 [0.]
 [0.]
 [0.]
 [0.]
 [0.]
 [0.]
 [0.]
 [0.]
 [0.]
 [0.]
 [0.]
 [0.]
 [0.]
 [0.]
 [0.]
 [0.]
 [0.]
 [0.]
 [0.]
 [0.]
 [0.]
 [0.]
 [0.]
 [0.]
 [0.]
 [0.]
 [0.]
 [0.]
 [0.]
 [0.]
 [0.]
 [0.]
 [0.]]
CG: [[10.]
 [10.]
 [10.]
 [10.]
 [10.]
 [10.]
 [10.]
 [10.]
 [10.]
 [10.]
 [10.]
 [10.]
 [10.]
 [10.]
 [10.]
 [10.]
 [10.]
 [10.]
 [10.]
 [10.]
 [10.]
 [10.]
 [10.]
 [10.]
 [10.]
 [10.]
 [10.]
 [10.]
 [10.]
 [10.]
 [10.]
 [10.]
 [10.]
 [10.]
 [10.]
 [10.]
 [10.]
 [10.]
 [10.]
 [10.]
 [10.]
 [10.]
 [10.]
 [10.]
 [10.]
 [10.]
 [10.]
 [10.]
 [10.]
 [10.]
 [10.]
 [10.]
 [10.]
 [10.]
 [10.]
 [10.]
 [10.]
 [10.]
 [10.]
 [10.]
 [10.]
 [10.]
 [10.]
 [10.]
 [10.]
 [10.]
 [10.]
 [10.]
 [10.]
 [10.]
 [10.]
 [10.]
 [10.]
 [10.]
 [10.]
 [10.]
 [10.]
 [10.]
 [10.]
 [10.]
 [10.]
 [10.]
 [10.]
 [10.]
 [10.]
 [10.]
 [10.]
 [10.]
 [10.]
 [10.]
 [10.]
 [10.]
 [10.]
 [10.]
 [10.]
 [10.]
 [10.]
 [10.]
 [10.]
 [10.]]
RG: [[500.]
 [500.]
 [500.]
 [500.]
 [500.]
 [500.]
 [500.]
 [500.]
 [500.]
 [500.]
 [500.]
 [500.]
 [500.]
 [500.]
 [500.]
 [500.]
 [500.]
 [500.]
 [500.]
 [500.]
 [500.]
 [500.]
 [500.]
 [500.]
 [500.]
 [500.]
 [500.]
 [500.]
 [500.]
 [500.]
 [500.]
 [500.]
 [500.]
 [500.]
 [500.]
 [500.]
 [500.]
 [500.]
 [500.]
 [500.]
 [500.]
 [500.]
 [500.]
 [500.]
 [500.]
 [500.]
 [500.]
 [500.]
 [500.]
 [500.]
 [500.]
 [500.]
 [500.]
 [500.]
 [500.]
 [500.]
 [500.]
 [500.]
 [500.]
 [500.]
 [500.]
 [500.]
 [500.]
 [500.]
 [500.]
 [500.]
 [500.]
 [500.]
 [500.]
 [500.]
 [500.]
 [500.]
 [500.]
 [500.]
 [500.]
 [500.]
 [500.]
 [500.]
 [500.]
 [500.]
 [500.]
 [500.]
 [500.]
 [500.]
 [500.]
 [500.]
 [500.]
 [500.]
 [500.]
 [500.]
 [500.]
 [500.]
 [500.]
 [500.]
 [500.]
 [500.]
 [500.]
 [500.]
 [500.]
 [500.]]
Ch: [[2.09660816 1.95015955 1.94643434 1.97911901 1.93331133 1.96137615
  2.0479323  1.98575187 1.90494832 1.92984013 1.92153725]
 [2.0171711  2.09385575 1.90456537 2.00178619 2.07831243 2.06545122
  2.03176195 2.03626174 1.9815829  1.94040087 1.98199211]
 [1.98521268 1.97159735 2.01827608 2.07206081 1.93778438 1.9676305
  1.95330332 2.07244197 1.93210245 1.92796873 1.98845649]
 [2.01452997 1.96557705 1.98418002 1.91275928 1.96294355 1.9830387
  2.08805885 2.07468462 2.09154877 2.00974487 2.08657633]
 [1.91990756 1.99789795 1.99392084 1.93781377 1.95361604 2.04119855
  2.05731033 2.0340077  1.99638162 1.98680615 1.96968528]
 [2.07717157 1.92944849 2.02950686 2.098895   1.97928518 2.09783941
  1.92323205 1.94047266 1.90181856 2.0794511  2.03427292]
 [2.09699579 2.06868953 2.06660828 2.09512024 1.98607681 1.99168801
  1.9392352  1.99407742 1.94679265 2.09922925 2.02644207]
 [2.03148232 1.91659475 2.06252303 1.95992664 2.03808209 2.01937175
  1.93694933 1.90396356 1.93877567 2.00761998 2.04043972]
 [2.09755821 2.05205306 2.08388431 1.98220963 1.90976173 1.93402558
  1.91678778 1.95143933 1.91961521 1.95334354 2.06293601]
 [2.09011566 2.00626487 2.03616871 2.08312471 1.92686752 1.99839812
  1.91051904 2.04617149 1.93746105 2.02723308 2.06812351]]
Cv: [[0.         0.         0.         0.         0.         0.
  0.         0.         0.         0.        ]
 [2.0385613  2.09216966 1.90134262 2.09692459 1.90221955 1.94981676
  1.92266685 1.97494225 1.91406143 2.0635815 ]
 [2.04800495 1.97466703 2.00377338 1.98986619 1.94282923 1.94924098
  2.07660506 2.00284858 2.05291657 1.930301  ]
 [2.09715448 2.02940741 2.05487512 2.07096399 2.07345564 1.92181682
  1.99028598 1.95942178 2.09074882 2.02560632]
 [2.00449162 1.91198592 1.99422411 1.99093109 2.00818485 2.01093792
  2.02622259 2.03802952 2.09148655 2.04505671]
 [2.06994898 1.97301786 1.98982562 1.95645366 1.91541558 1.96400444
  2.00833427 2.03712059 1.98113492 1.93169578]
 [2.03026923 1.96238737 2.09984982 2.02017591 2.06935294 2.02249475
  1.92721132 1.94198338 1.90515395 1.95511938]
 [1.93201034 2.0629843  2.07402765 2.08572184 1.93317393 1.9418715
  2.0985099  1.96254443 1.99163982 1.98478074]
 [1.92924071 2.04317929 1.95744869 1.92284175 2.04781982 2.02093968
  1.92904968 2.09757021 1.91752626 2.02051308]
 [1.93976235 2.0069794  2.01150945 2.08074724 2.08709158 2.01630192
  1.90438899 2.01950883 2.00407657 1.992361  ]]
Rh: [[19.03576036 23.8353995  26.19942327 15.28027537 15.2667396   8.29900376
  13.89951109 18.21113697  9.68991719 18.01430914  8.63742077]
 [ 9.42445223 27.09759235 16.61075555 11.59286066 15.94608556 22.28166085
   8.655574   29.50326789 14.09387893 19.05471149 14.21898938]
 [ 8.64650052 11.08094107 13.56801551 26.52348254 11.79275354 15.22152921
  11.51812284 13.69132899 22.17412269 19.0458088  16.81143705]
 [ 9.71090582 17.95807833 13.90104098 24.80135461 20.98230515 21.65724007
   9.87342497 19.93097205 28.14780521 27.03549325 21.25386315]
 [28.06581345 13.06975076 16.07297671 26.94459284 15.3068176  14.81350624
  26.86161666 15.89636641 11.13461554 14.50307057 19.78466385]
 [13.99351178 29.14835267 19.96901008 25.39507413 10.34515643  9.91185834
  13.82434151 25.46404049 31.19895903 26.09663204 15.76862016]
 [22.23985675 10.40045693 14.38546368 18.41220451 10.1736422  16.15840838
   9.12782992 17.19613689 23.97739402 11.04435771 10.96890467]
 [20.00544844 12.29871379  8.03260346 17.3762349  13.59562992 13.5463809
  10.09973004 29.50243308  8.49167187 11.29139872 24.62687039]
 [23.78571035 20.20692972 10.05822182 24.99782665 23.27870358 15.30834348
  20.10504471 11.31115539 11.64196927 31.20521454 11.84299866]
 [25.63122187 10.67298918 11.63074429 12.36974922 12.59188331 22.19658667
  13.85551322 10.30020614 30.88592052 10.82230962 28.74146456]]
Rv: [[27.17988861 30.25265729  9.10916722 12.65556655 25.73615828 10.12624536
  10.80545721 16.93900944 26.53941384 25.95332026]
 [27.94295784 23.54314693  8.67698971 28.33167783 17.3441863  18.20201285
  16.06346802 26.0802136  31.13584275 20.0417808 ]
 [ 9.02840399 23.89775118  9.26628326  8.8918539  13.27943001 11.73494947
  10.4125928  25.33029356 13.52899711 12.57226888]
 [12.91217111 11.42400465 17.7540656  23.03331952 10.94616789 11.12363851
  12.6654081  18.90575272 11.58080768 13.53449444]
 [15.64942923 13.81548569 14.68041739  8.89509965 13.16748005  8.31093068
  10.40043915 18.72291066 14.03374523 11.54344865]
 [ 8.95059602 20.71263719 15.99284673  9.44019624 23.0882571  20.39278897
  14.23484759 10.60814236 26.47211631  8.84274871]
 [10.40729712 15.37335058 17.66542903  8.2671081  29.04604194 24.06707251
   9.20765397 14.93928993  8.32389113 10.79759279]
 [ 9.56604275  8.18084889 14.9664251   8.85080472 23.67890855 20.62694799
  17.18404438 20.14618103  9.64593231 31.57046392]
 [30.78420757 28.42331814 22.60090809 30.39287177 11.78821326 13.60456297
  10.00549093 17.55621901  8.02533454  9.50589679]]