-------Running parameters--------
T = 0.001
temperature_gradient = 0.0
gap = 0.0
M = 10
N = 10
VR = 0.0
Vmin = 0.0
Vmax = 1.1
vStep = 0.001
vSym = True
repeats = 50
fileName = array_10_10_disorder_c_std_0.1_r_std_6_run_9
dist = exp
fullOutput = True
use_graph = False
current_map = True
plot_current_map = False
plot_binary_current_map = False
frame_norm = False
dbg = False
resume = False
sc = False
leaping = False
constQ = False
modifyR = False
double_time = False
double_loop = False
output_folder = bgu_2d_finite_temperature_different_disorders_statistics
params_path = 
VG_avg = 0.0
VG_std = 0.0
C_avg = 2.0
C_std = 0.1
CG_avg = 10.0
CG_std = 0.0
R_avg = 10.0
R_std = 6.0
custom_rh = ""
custom_rv = ""
custom_ch = ""
custom_cv = ""
RG_avg = 500.0
RG_std = 0.0
n0_avg = 0.0
n0_std = 0.0
Q0_avg = 0.0
Q0_std = 0.0
----Array Parameters-----
Rows: 10
Columns: 10
VG: [[0.]
 [0.]
 [0.]
 [0.]
 [0.]
 [0.]
 [0.]
 [0.]
 [0.]
 [0.]
 [0.]
 [0.]
 [0.]
 [0.]
 [0.]
 [0.]
 [0.]
 [0.]
 [0.]
 [0.]
 [0.]
 [0.]
 [0.]
 [0.]
 [0.]
 [0.]
 [0.]
 [0.]
 [0.]
 [0.]
 [0.]
 [0.]
 [0.]
 [0.]
 [0.]
 [0.]
 [0.]
 [0.]
 [0.]
 [0.]
 [0.]
 [0.]
 [0.]
 [0.]
 [0.]
 [0.]
 [0.]
 [0.]
 [0.]
 [0.]
 [0.]
 [0.]
 [0.]
 [0.]
 [0.]
 [0.]
 [0.]
 [0.]
 [0.]
 [0.]
 [0.]
 [0.]
 [0.]
 [0.]
 [0.]
 [0.]
 [0.]
 [0.]
 [0.]
 [0.]
 [0.]
 [0.]
 [0.]
 [0.]
 [0.]
 [0.]
 [0.]
 [0.]
 [0.]
 [0.]
 [0.]
 [0.]
 [0.]
 [0.]
 [0.]
 [0.]
 [0.]
 [0.]
 [0.]
 [0.]
 [0.]
 [0.]
 [0.]
 [0.]
 [0.]
 [0.]
 [0.]
 [0.]
 [0.]
 [0.]]
CG: [[10.]
 [10.]
 [10.]
 [10.]
 [10.]
 [10.]
 [10.]
 [10.]
 [10.]
 [10.]
 [10.]
 [10.]
 [10.]
 [10.]
 [10.]
 [10.]
 [10.]
 [10.]
 [10.]
 [10.]
 [10.]
 [10.]
 [10.]
 [10.]
 [10.]
 [10.]
 [10.]
 [10.]
 [10.]
 [10.]
 [10.]
 [10.]
 [10.]
 [10.]
 [10.]
 [10.]
 [10.]
 [10.]
 [10.]
 [10.]
 [10.]
 [10.]
 [10.]
 [10.]
 [10.]
 [10.]
 [10.]
 [10.]
 [10.]
 [10.]
 [10.]
 [10.]
 [10.]
 [10.]
 [10.]
 [10.]
 [10.]
 [10.]
 [10.]
 [10.]
 [10.]
 [10.]
 [10.]
 [10.]
 [10.]
 [10.]
 [10.]
 [10.]
 [10.]
 [10.]
 [10.]
 [10.]
 [10.]
 [10.]
 [10.]
 [10.]
 [10.]
 [10.]
 [10.]
 [10.]
 [10.]
 [10.]
 [10.]
 [10.]
 [10.]
 [10.]
 [10.]
 [10.]
 [10.]
 [10.]
 [10.]
 [10.]
 [10.]
 [10.]
 [10.]
 [10.]
 [10.]
 [10.]
 [10.]
 [10.]]
RG: [[500.]
 [500.]
 [500.]
 [500.]
 [500.]
 [500.]
 [500.]
 [500.]
 [500.]
 [500.]
 [500.]
 [500.]
 [500.]
 [500.]
 [500.]
 [500.]
 [500.]
 [500.]
 [500.]
 [500.]
 [500.]
 [500.]
 [500.]
 [500.]
 [500.]
 [500.]
 [500.]
 [500.]
 [500.]
 [500.]
 [500.]
 [500.]
 [500.]
 [500.]
 [500.]
 [500.]
 [500.]
 [500.]
 [500.]
 [500.]
 [500.]
 [500.]
 [500.]
 [500.]
 [500.]
 [500.]
 [500.]
 [500.]
 [500.]
 [500.]
 [500.]
 [500.]
 [500.]
 [500.]
 [500.]
 [500.]
 [500.]
 [500.]
 [500.]
 [500.]
 [500.]
 [500.]
 [500.]
 [500.]
 [500.]
 [500.]
 [500.]
 [500.]
 [500.]
 [500.]
 [500.]
 [500.]
 [500.]
 [500.]
 [500.]
 [500.]
 [500.]
 [500.]
 [500.]
 [500.]
 [500.]
 [500.]
 [500.]
 [500.]
 [500.]
 [500.]
 [500.]
 [500.]
 [500.]
 [500.]
 [500.]
 [500.]
 [500.]
 [500.]
 [500.]
 [500.]
 [500.]
 [500.]
 [500.]
 [500.]]
Ch: [[1.9409534  2.00088346 2.04569344 1.98587452 2.09060419 1.98155652
  1.96946789 2.08960141 1.93395307 1.95056162 1.90379406]
 [1.93071879 2.03814846 1.90792246 1.9323045  2.04237116 2.02060074
  2.07145904 2.05790476 1.95181019 1.92718832 1.99350742]
 [1.91354767 1.92082663 2.0187424  1.92122967 2.04130372 1.95650708
  2.04322512 1.91591942 2.09109803 1.97043129 2.00080097]
 [2.05345497 1.99264115 2.05988423 2.01205459 2.00550938 1.99533555
  1.94278284 1.95594089 1.9842667  1.97482918 1.9860533 ]
 [2.08700997 2.08715691 2.04630761 2.06838733 2.04919903 1.92690021
  2.09686228 1.98811658 2.05795267 2.01412512 1.93251446]
 [2.0591268  2.096534   2.07069487 1.93740192 2.08436684 1.95009336
  2.00954005 2.0620874  2.08197354 1.98496192 1.98112001]
 [1.94847151 1.90648824 2.05004896 2.04861326 1.99782715 1.97573926
  2.07992764 1.95980706 2.08624978 2.00055507 2.03027652]
 [2.00329894 1.91626806 1.96290789 1.9446963  2.06516823 1.96507174
  2.04425752 2.05879354 2.01996908 1.98236408 1.90223241]
 [1.99127664 1.99243523 2.07999024 1.98108329 1.92180236 2.02767687
  2.08830092 2.0181206  2.03145306 1.93121912 1.96889009]
 [1.99013662 1.951027   1.98778639 2.00885149 1.92637782 2.00964437
  1.98049557 1.94468229 1.92315641 1.92949233 1.99259823]]
Cv: [[0.         0.         0.         0.         0.         0.
  0.         0.         0.         0.        ]
 [1.95077206 1.90936184 2.04687545 1.99204276 2.02109267 1.95709848
  2.01182301 2.07107013 2.09816638 1.9005592 ]
 [2.00482679 2.08747044 2.00441451 1.93369144 1.98376399 2.01326296
  2.07550203 2.09124938 1.93329148 2.06984675]
 [2.08211582 2.07697365 1.93926454 2.07054959 2.09496932 1.99946623
  2.03009392 1.90876553 2.08450219 1.93537894]
 [1.96441915 2.05336268 1.94410547 1.97150826 2.04842011 1.94956736
  1.98701789 2.0494797  1.96202307 1.99381853]
 [1.9372547  1.96844776 2.00738766 1.96833479 2.03335205 2.08053753
  1.97880035 1.96831301 2.06600262 1.95268111]
 [2.09467269 2.06870001 2.01527747 2.05680896 2.03278422 2.0047604
  2.00770721 2.06504215 2.01288177 2.06216302]
 [2.01942508 1.9117841  2.03803689 1.93508198 1.96897551 1.95783517
  1.95106297 2.06582289 2.0003044  1.95828659]
 [1.99519022 1.90349384 1.90783497 2.08363784 1.9647301  1.90143675
  2.06227084 1.90717656 2.06421085 1.94923939]
 [2.07097912 2.08800041 1.91822521 2.06944785 2.00033588 2.02366483
  1.96355544 1.92063217 1.96330074 1.91178701]]
Rh: [[ 5.63853869  8.07915744  4.35209676  4.56757966  4.85705455 15.95953874
   5.16599003 11.76349401 14.53381305 11.14566774 14.88233659]
 [ 6.64826531  9.41610149  4.17006631  7.14869405 11.08766804  7.91202314
   7.71544325  7.12401051  6.44886621 10.23119606  4.10470431]
 [ 5.34284806  5.97669095 10.4380963  12.37710541  6.6532441   9.96721159
   9.20568773  7.93057108  6.75192343 12.98771031  4.91798162]
 [10.97761514  8.57162269  9.59438115 12.61740427  4.33842457  7.91987162
   4.64347052  4.95687412  4.95511075 14.79314127  6.38380961]
 [ 4.85573925  7.68793718 10.83584111  4.38694781 15.13153733 13.01010906
   4.20555389  7.2749979  14.48312292  4.35836503 13.90273933]
 [10.2589417   4.74101848  7.34552604 11.105481   13.71250113  4.35340668
  13.84936494 11.78261943  6.18192904  6.78836664 14.41364728]
 [ 8.02043885  6.70080302  5.77037942  8.38062793 10.14399696 12.26826653
  15.43991633 12.39032676  7.63703775 11.38784815  8.88604756]
 [ 9.12389163  5.01321781 14.72159041  5.18790257  5.26961505  6.21448803
   5.03471325  6.01405782 11.06336733 12.99497261 14.31855426]
 [ 7.86521645  7.60690649  9.41890975 10.97769971  4.28136039 15.04038521
  15.07781382 13.42919097  6.63714678 14.88606923  5.42668583]
 [13.56797671 11.19195227 10.3235227   5.38934535  7.27942872  6.35351296
   5.5821076   8.45823896  8.78652775  6.13043406  6.85124683]]
Rv: [[ 4.3066082   5.03884532 13.06158347  4.59686766  4.82160068  9.26571684
  11.71538925  4.0388468  13.39488707 12.73264011]
 [13.07439537  6.85479657  6.30271826  5.72971089 14.83592359 11.18722603
   5.79811418 13.07343657  5.67475672  8.48196843]
 [ 5.81221773 13.32741583 11.6179261   7.25217955  4.67119876 13.74959921
   5.54698937  4.20791163 11.94443716 14.59556141]
 [ 8.23892531  6.03287917  7.62762608 12.57873337  4.60433808  9.17890213
   8.03309986  4.15797906  7.02541655 15.46045677]
 [ 5.42658072  4.65981228 15.97170098  4.75922754  9.42749155  6.80213641
  12.91886746  5.44882899  5.54032464  7.24843161]
 [10.84480856  8.5171849   9.38167846  7.81762358  7.74618989  7.43915504
   5.37114175  4.3805747   8.17331523  8.74113051]
 [ 5.72479585  8.88934661  4.13629327 13.60297685 11.99703936  4.09864941
   5.94782363 15.23804901  5.86517801  6.59970328]
 [ 4.16075689  6.41194244  7.87385227  5.76178825 14.16797108  6.46126912
   6.66846268 11.69933213 11.5151178   5.92273216]
 [ 8.73073979 10.86214875 11.51687565 12.90600938  5.84744708  4.64134133
   5.04626158 12.75745281  6.97947976 12.13155112]]