-------Running parameters--------
T = 0.001
temperature_gradient = 0.0
gap = 0.0
M = 10
N = 10
VR = 0.0
Vmin = 0.0
Vmax = 1.1
vStep = 0.001
vSym = True
repeats = 50
fileName = array_10_10_disorder_c_std_0.1_r_std_7.5_run_1
dist = exp
fullOutput = True
use_graph = False
current_map = True
plot_current_map = False
plot_binary_current_map = False
frame_norm = False
dbg = False
resume = False
sc = False
leaping = False
constQ = False
modifyR = False
double_time = False
double_loop = False
output_folder = bgu_2d_finite_temperature_different_disorders_statistics
params_path = 
VG_avg = 0.0
VG_std = 0.0
C_avg = 2.0
C_std = 0.1
CG_avg = 10.0
CG_std = 0.0
R_avg = 10.0
R_std = 7.5
custom_rh = ""
custom_rv = ""
custom_ch = ""
custom_cv = ""
RG_avg = 500.0
RG_std = 0.0
n0_avg = 0.0
n0_std = 0.0
Q0_avg = 0.0
Q0_std = 0.0
----Array Parameters-----
Rows: 10
Columns: 10
VG: [[0.]
 [0.]
 [0.]
 [0.]
 [0.]
 [0.]
 [0.]
 [0.]
 [0.]
 [0.]
 [0.]
 [0.]
 [0.]
 [0.]
 [0.]
 [0.]
 [0.]
 [0.]
 [0.]
 [0.]
 [0.]
 [0.]
 [0.]
 [0.]
 [0.]
 [0.]
 [0.]
 [0.]
 [0.]
 [0.]
 [0.]
 [0.]
 [0.]
 [0.]
 [0.]
 [0.]
 [0.]
 [0.]
 [0.]
 [0.]
 [0.]
 [0.]
 [0.]
 [0.]
 [0.]
 [0.]
 [0.]
 [0.]
 [0.]
 [0.]
 [0.]
 [0.]
 [0.]
 [0.]
 [0.]
 [0.]
 [0.]
 [0.]
 [0.]
 [0.]
 [0.]
 [0.]
 [0.]
 [0.]
 [0.]
 [0.]
 [0.]
 [0.]
 [0.]
 [0.]
 [0.]
 [0.]
 [0.]
 [0.]
 [0.]
 [0.]
 [0.]
 [0.]
 [0.]
 [0.]
 [0.]
 [0.]
 [0.]
 [0.]
 [0.]
 [0.]
 [0.]
 [0.]
 [0.]
 [0.]
 [0.]
 [0.]
 [0.]
 [0.]
 [0.]
 [0.]
 [0.]
 [0.]
 [0.]
 [0.]]
CG: [[10.]
 [10.]
 [10.]
 [10.]
 [10.]
 [10.]
 [10.]
 [10.]
 [10.]
 [10.]
 [10.]
 [10.]
 [10.]
 [10.]
 [10.]
 [10.]
 [10.]
 [10.]
 [10.]
 [10.]
 [10.]
 [10.]
 [10.]
 [10.]
 [10.]
 [10.]
 [10.]
 [10.]
 [10.]
 [10.]
 [10.]
 [10.]
 [10.]
 [10.]
 [10.]
 [10.]
 [10.]
 [10.]
 [10.]
 [10.]
 [10.]
 [10.]
 [10.]
 [10.]
 [10.]
 [10.]
 [10.]
 [10.]
 [10.]
 [10.]
 [10.]
 [10.]
 [10.]
 [10.]
 [10.]
 [10.]
 [10.]
 [10.]
 [10.]
 [10.]
 [10.]
 [10.]
 [10.]
 [10.]
 [10.]
 [10.]
 [10.]
 [10.]
 [10.]
 [10.]
 [10.]
 [10.]
 [10.]
 [10.]
 [10.]
 [10.]
 [10.]
 [10.]
 [10.]
 [10.]
 [10.]
 [10.]
 [10.]
 [10.]
 [10.]
 [10.]
 [10.]
 [10.]
 [10.]
 [10.]
 [10.]
 [10.]
 [10.]
 [10.]
 [10.]
 [10.]
 [10.]
 [10.]
 [10.]
 [10.]]
RG: [[500.]
 [500.]
 [500.]
 [500.]
 [500.]
 [500.]
 [500.]
 [500.]
 [500.]
 [500.]
 [500.]
 [500.]
 [500.]
 [500.]
 [500.]
 [500.]
 [500.]
 [500.]
 [500.]
 [500.]
 [500.]
 [500.]
 [500.]
 [500.]
 [500.]
 [500.]
 [500.]
 [500.]
 [500.]
 [500.]
 [500.]
 [500.]
 [500.]
 [500.]
 [500.]
 [500.]
 [500.]
 [500.]
 [500.]
 [500.]
 [500.]
 [500.]
 [500.]
 [500.]
 [500.]
 [500.]
 [500.]
 [500.]
 [500.]
 [500.]
 [500.]
 [500.]
 [500.]
 [500.]
 [500.]
 [500.]
 [500.]
 [500.]
 [500.]
 [500.]
 [500.]
 [500.]
 [500.]
 [500.]
 [500.]
 [500.]
 [500.]
 [500.]
 [500.]
 [500.]
 [500.]
 [500.]
 [500.]
 [500.]
 [500.]
 [500.]
 [500.]
 [500.]
 [500.]
 [500.]
 [500.]
 [500.]
 [500.]
 [500.]
 [500.]
 [500.]
 [500.]
 [500.]
 [500.]
 [500.]
 [500.]
 [500.]
 [500.]
 [500.]
 [500.]
 [500.]
 [500.]
 [500.]
 [500.]
 [500.]]
Ch: [[1.96880319 2.02970012 1.94240444 2.00843446 1.94475586 1.99141222
  2.09682033 1.94923226 2.04539907 1.95606288 1.99350038]
 [2.0296423  2.02056049 1.9380304  1.94959709 2.02767407 2.03833865
  1.95699794 1.92475726 1.92532996 1.93610486 2.03028203]
 [2.02259617 1.97485222 1.94998565 1.98604908 1.93001964 2.07737021
  2.01828822 1.9985702  1.94650367 2.01278285 1.98847037]
 [2.03839254 1.96914312 1.96082241 1.91801292 1.96723942 1.9219929
  1.9487046  1.94059833 1.97871736 2.02567065 1.96403091]
 [1.99038773 2.05416149 2.07633662 2.01948511 2.02661205 2.04301153
  1.99669066 1.92548662 1.91872525 2.03996105 1.97314067]
 [1.9641894  1.97897061 1.96000856 1.98627086 1.92865544 1.95211276
  2.09107607 1.97931451 2.03557018 1.98182589 1.92737853]
 [1.92037747 2.02080469 1.93051658 2.01008596 2.061314   1.93389125
  1.93726221 2.09860011 2.04723853 1.97112754 2.0772441 ]
 [2.02905128 1.99103005 2.01572761 1.90268687 2.00823345 2.07307651
  1.98028912 2.01262249 1.98928877 2.00646559 1.90833808]
 [1.97912221 1.99274443 2.05079087 1.94839394 1.97282291 1.98053687
  2.06292935 2.08859538 1.97382678 2.0184045  2.07271557]
 [1.9556995  2.02451331 1.97687536 1.9151257  2.07074866 2.03177426
  2.00549888 2.03447805 1.92908603 2.03462456 2.00631313]]
Cv: [[0.         0.         0.         0.         0.         0.
  0.         0.         0.         0.        ]
 [1.9134667  1.90644067 2.00040516 2.04062891 2.07472845 1.94340969
  1.97327803 1.91559126 1.91864176 1.94061788]
 [2.0246064  1.93313567 1.94934946 1.94497816 1.90425879 2.0632789
  1.93959644 2.00118549 1.97125975 2.04939733]
 [2.02557019 1.94623272 2.02815711 2.04322853 2.05945037 2.00913605
  2.07415596 2.09949168 1.97146225 2.00917486]
 [2.09692692 2.04628714 2.06028716 1.9990143  2.01755469 1.90801651
  1.94563029 1.91082609 2.02642894 1.95967713]
 [1.99722194 2.00282889 2.03658799 2.06034098 1.98581992 2.01897361
  1.91367618 1.93487643 2.06212995 2.09319203]
 [2.07607085 1.91042065 2.00835742 1.96576817 2.0739458  1.97127607
  1.91474183 2.09380116 1.95107823 1.95893649]
 [2.01466156 2.00180068 2.00923119 1.92509281 2.08049034 2.0846058
  1.97794874 1.93938932 1.9142703  2.09679967]
 [1.93011164 2.09529001 1.9663079  2.07146728 1.98226586 1.93583157
  2.08574848 1.9319145  1.90893656 2.01639563]
 [1.92244913 2.04479858 1.91241085 2.00659137 2.007707   2.04843498
  2.06204386 1.97881445 2.06712104 1.95165626]]
Rh: [[13.57897872 10.55366178 16.54856513  8.38449879 15.06622508 15.50055049
   3.59132959  2.99778963 15.24967146  4.14918415  6.64676584]
 [ 6.74239399 12.46637665  8.62206114  8.4111614   3.87940098  3.50562438
  11.03973362  3.37230278  6.3983425   7.55718778  5.6641439 ]
 [ 3.34077542  9.45138308  4.06473161  6.48837298  3.86594581 12.01580727
   6.03626293  3.38048573  3.44066532  3.26304777  7.56246986]
 [ 4.82938598 14.85566681  3.39348879  7.00239127  6.26890472  2.77817046
   2.69643058  2.91331764 15.20491915  2.92391663 12.31369579]
 [ 3.43986588  6.59477628 13.27724655  7.13241496  5.29032286  4.99289451
   2.6795867   6.26970861  3.14778302  6.28971568 14.47366507]
 [ 3.21696315  5.81246217 14.40744029  9.93462728  3.71872103  6.17337943
  11.88526845  2.89366719  3.84351731  9.15228882  8.17983891]
 [ 7.83620667  3.9111837  14.54704562  4.58964608 16.07152089  7.96548486
   3.98739387 12.29528127  5.64913254  4.31550674  4.4317931 ]
 [ 5.59662122  5.80962264  6.55279105  2.84540022 15.77099365  3.90175913
   5.36788266 12.08143862 16.04215959 17.35888018  5.39428011]
 [14.37402951  8.82181066  4.79309435  2.53721884 13.8696645  14.33879318
  10.8050544   7.09982869  6.42329714  5.27028117  4.01483127]
 [ 5.79496403 17.02262759  5.30451268  5.38856828  3.04218287 17.42770906
   2.80414789 14.99347328 12.67645055 10.70468796  6.84179686]]
Rv: [[13.4395254  12.76602652  3.24126446  7.93971766  9.49298543  3.72227543
  16.78411942 16.7409905   3.09632093  7.15263318]
 [15.52175945  4.41463522 10.82256504  7.12340376  5.62322259 14.72454923
   2.50648025  3.39513085 12.86308925 11.80692534]
 [ 5.84655548 11.22373795 12.16419134  4.96145653 14.22892548  5.03381495
   5.33362985  5.08813811  9.68374958  2.65624031]
 [ 3.57236343  4.46769954 14.94548726  2.76910614  3.22120383  5.65763879
   4.29975698  2.88380485  3.37067863  3.4250118 ]
 [ 8.59832572  5.06148769  3.9043316   7.49760191  5.64170741 10.84696809
   3.4552697   2.52120025 12.31334301  3.13072209]
 [ 2.990632    2.85822471  9.50331884  6.3236867   2.83087088  9.77782208
   3.86650949 10.51946533 13.1121352  11.3904978 ]
 [ 8.73675645  8.90855183  5.77278349 13.51271689  5.44003284  7.64382377
   9.00879261 12.6486204   7.99915854  5.27014955]
 [ 8.09532538  2.5114667   3.85971884  9.1918357  11.14504356  6.26643817
  11.33174008  6.12593834  7.59187026 11.51880678]
 [15.97853339  3.19790315  4.44825317  4.63869501  9.41370969 14.44634253
   3.80714643  9.70758377  5.20368561  9.603179  ]]