-------Running parameters--------
T = 0.001
temperature_gradient = 0.0
gap = 0.0
M = 10
N = 10
VR = 0.0
Vmin = 0.0
Vmax = 1.1
vStep = 0.001
vSym = True
repeats = 50
fileName = array_10_10_disorder_c_std_0.1_r_std_6.5_run_4
dist = exp
fullOutput = True
use_graph = False
current_map = True
plot_current_map = False
plot_binary_current_map = False
frame_norm = False
dbg = False
resume = False
sc = False
leaping = False
constQ = False
modifyR = False
double_time = False
double_loop = False
output_folder = bgu_2d_finite_temperature_different_disorders_statistics
params_path = 
VG_avg = 0.0
VG_std = 0.0
C_avg = 2.0
C_std = 0.1
CG_avg = 10.0
CG_std = 0.0
R_avg = 10.0
R_std = 6.5
custom_rh = ""
custom_rv = ""
custom_ch = ""
custom_cv = ""
RG_avg = 500.0
RG_std = 0.0
n0_avg = 0.0
n0_std = 0.0
Q0_avg = 0.0
Q0_std = 0.0
----Array Parameters-----
Rows: 10
Columns: 10
VG: [[0.]
 [0.]
 [0.]
 [0.]
 [0.]
 [0.]
 [0.]
 [0.]
 [0.]
 [0.]
 [0.]
 [0.]
 [0.]
 [0.]
 [0.]
 [0.]
 [0.]
 [0.]
 [0.]
 [0.]
 [0.]
 [0.]
 [0.]
 [0.]
 [0.]
 [0.]
 [0.]
 [0.]
 [0.]
 [0.]
 [0.]
 [0.]
 [0.]
 [0.]
 [0.]
 [0.]
 [0.]
 [0.]
 [0.]
 [0.]
 [0.]
 [0.]
 [0.]
 [0.]
 [0.]
 [0.]
 [0.]
 [0.]
 [0.]
 [0.]
 [0.]
 [0.]
 [0.]
 [0.]
 [0.]
 [0.]
 [0.]
 [0.]
 [0.]
 [0.]
 [0.]
 [0.]
 [0.]
 [0.]
 [0.]
 [0.]
 [0.]
 [0.]
 [0.]
 [0.]
 [0.]
 [0.]
 [0.]
 [0.]
 [0.]
 [0.]
 [0.]
 [0.]
 [0.]
 [0.]
 [0.]
 [0.]
 [0.]
 [0.]
 [0.]
 [0.]
 [0.]
 [0.]
 [0.]
 [0.]
 [0.]
 [0.]
 [0.]
 [0.]
 [0.]
 [0.]
 [0.]
 [0.]
 [0.]
 [0.]]
CG: [[10.]
 [10.]
 [10.]
 [10.]
 [10.]
 [10.]
 [10.]
 [10.]
 [10.]
 [10.]
 [10.]
 [10.]
 [10.]
 [10.]
 [10.]
 [10.]
 [10.]
 [10.]
 [10.]
 [10.]
 [10.]
 [10.]
 [10.]
 [10.]
 [10.]
 [10.]
 [10.]
 [10.]
 [10.]
 [10.]
 [10.]
 [10.]
 [10.]
 [10.]
 [10.]
 [10.]
 [10.]
 [10.]
 [10.]
 [10.]
 [10.]
 [10.]
 [10.]
 [10.]
 [10.]
 [10.]
 [10.]
 [10.]
 [10.]
 [10.]
 [10.]
 [10.]
 [10.]
 [10.]
 [10.]
 [10.]
 [10.]
 [10.]
 [10.]
 [10.]
 [10.]
 [10.]
 [10.]
 [10.]
 [10.]
 [10.]
 [10.]
 [10.]
 [10.]
 [10.]
 [10.]
 [10.]
 [10.]
 [10.]
 [10.]
 [10.]
 [10.]
 [10.]
 [10.]
 [10.]
 [10.]
 [10.]
 [10.]
 [10.]
 [10.]
 [10.]
 [10.]
 [10.]
 [10.]
 [10.]
 [10.]
 [10.]
 [10.]
 [10.]
 [10.]
 [10.]
 [10.]
 [10.]
 [10.]
 [10.]]
RG: [[500.]
 [500.]
 [500.]
 [500.]
 [500.]
 [500.]
 [500.]
 [500.]
 [500.]
 [500.]
 [500.]
 [500.]
 [500.]
 [500.]
 [500.]
 [500.]
 [500.]
 [500.]
 [500.]
 [500.]
 [500.]
 [500.]
 [500.]
 [500.]
 [500.]
 [500.]
 [500.]
 [500.]
 [500.]
 [500.]
 [500.]
 [500.]
 [500.]
 [500.]
 [500.]
 [500.]
 [500.]
 [500.]
 [500.]
 [500.]
 [500.]
 [500.]
 [500.]
 [500.]
 [500.]
 [500.]
 [500.]
 [500.]
 [500.]
 [500.]
 [500.]
 [500.]
 [500.]
 [500.]
 [500.]
 [500.]
 [500.]
 [500.]
 [500.]
 [500.]
 [500.]
 [500.]
 [500.]
 [500.]
 [500.]
 [500.]
 [500.]
 [500.]
 [500.]
 [500.]
 [500.]
 [500.]
 [500.]
 [500.]
 [500.]
 [500.]
 [500.]
 [500.]
 [500.]
 [500.]
 [500.]
 [500.]
 [500.]
 [500.]
 [500.]
 [500.]
 [500.]
 [500.]
 [500.]
 [500.]
 [500.]
 [500.]
 [500.]
 [500.]
 [500.]
 [500.]
 [500.]
 [500.]
 [500.]
 [500.]]
Ch: [[2.0456961  2.04816073 1.90312791 1.95681683 1.92027778 1.96588114
  2.02794081 1.92932697 1.93261831 2.05167092 2.04243806]
 [2.01544867 1.90172898 2.05935731 2.06456597 2.01024261 2.0936554
  1.92429718 2.00549898 1.92767573 2.04798164 2.06264967]
 [1.9541214  1.95626803 1.97953347 1.91405085 1.92738194 2.04388578
  2.09727304 1.96282046 2.03803623 2.01398397 2.01605119]
 [2.02922681 2.00080442 2.06875668 1.95163244 2.00500565 1.96080149
  2.02119512 1.94719611 1.92279747 1.987586   1.93849178]
 [2.0012733  2.02819763 1.92683891 2.0458606  2.02214449 1.95709614
  1.94837461 2.0358791  1.946812   1.9175297  1.90210645]
 [2.04830349 2.068035   1.97569435 2.04193072 1.94650507 2.034139
  2.0529653  2.06563453 2.06464029 2.00651317 1.90687303]
 [1.9308944  1.95939026 2.07843388 2.0103506  2.06865341 1.948541
  1.9165866  2.0945539  2.04894472 1.9242323  1.97354261]
 [2.04437368 1.92174684 1.95924663 1.95213798 2.05474195 1.97013028
  1.96018329 1.95343326 2.06947945 2.00703855 1.93457795]
 [2.03326049 2.08937064 2.07034061 1.96178057 2.08453702 1.98033386
  1.96184405 2.05389158 1.95221684 2.0144698  2.07953896]
 [1.91066558 2.01495493 1.95846708 1.97992138 1.9329625  2.02548754
  2.01394375 2.00315502 2.01722947 2.05156108 1.98506345]]
Cv: [[0.         0.         0.         0.         0.         0.
  0.         0.         0.         0.        ]
 [1.95376332 1.95040279 2.01104148 1.99267717 1.91370378 2.06507817
  2.09267834 2.07847986 2.02387124 1.9321922 ]
 [1.93139947 1.92623912 2.01905394 1.96742256 1.93012444 2.04220249
  2.08816186 1.91884408 1.9655232  1.98101017]
 [2.04439001 2.02459077 2.03496539 2.07096976 2.06181892 1.95858008
  1.94409626 1.97696237 1.90858402 2.07004647]
 [2.09981791 2.00489215 1.94437949 1.92066336 2.05780302 1.98524297
  2.03894321 1.97919143 1.973195   1.97110183]
 [1.96851694 1.91027369 2.03209537 1.97813636 1.97136744 1.91386074
  1.97832914 1.91039275 1.93340855 2.07543608]
 [1.96614602 1.95453709 1.95359797 1.92159818 2.01484132 1.99459623
  1.9833344  2.07353369 2.03739128 2.04531733]
 [1.95875726 2.0095307  2.09893314 1.97149321 1.93924211 1.96235766
  1.97156988 2.03566774 2.0892668  1.93998882]
 [1.93170243 2.0931929  1.92717899 1.92827525 2.08377977 1.91646166
  1.97660241 2.03570577 1.97398229 2.03130546]
 [2.06462794 2.09472279 1.9036033  2.09411408 1.94567827 2.0007814
  1.9100669  2.04977776 2.06330476 2.00792247]]
Rh: [[ 4.13094484  4.05866003  4.17665154  4.4576331   8.4827751   9.33640927
   7.13377453  9.73083908 12.61337796 16.15368014  3.63692329]
 [10.69964774 10.58161801  6.39665479  4.43691268 10.00873413 14.31989624
  16.1198768   6.52263841  7.59850297  4.13183459  6.22860102]
 [ 6.53543486  4.94901307  4.25389638  3.65485653 13.57823189 13.09106255
   4.90452079  3.68628085  4.14728374 13.6671197   4.53418968]
 [ 8.8159708   4.7400738   6.05792194 15.04051369  6.02774121  8.08498252
   4.46463334  6.52577079 10.71757268 14.61905325  9.00230099]
 [ 6.92117797 12.73359727  8.54630278 13.65786312  7.30101154 13.1471004
  14.47925319  4.64898858  7.04161802  6.25004395  7.19458765]
 [ 8.39230155  5.52733151  5.50884958  6.07156965  6.0676561   3.92700657
   4.97176825 15.77766195  8.55292718  6.96670846 11.61480262]
 [11.10522768  8.52716255  3.96320819 16.39455604  4.88611626 12.94328184
  12.14780677  6.87711766  7.94922465 14.07731923  4.02961118]
 [ 4.34594665  7.34239895  8.0782413   7.6418732   8.17625709  6.3715472
   8.11340431 11.84549636  4.31605239  3.68932258  9.26391385]
 [ 3.65310707 13.47847881  8.81151974  7.11172337  5.60433905  8.99663858
   7.3994264  12.18841109 10.06254595  9.64056652 12.61281223]
 [ 8.81341641 12.13628069 10.23855889  6.78269545  4.35213272 10.13069636
   7.71912681 12.03462892  8.11240906  3.79085134  4.88699464]]
Rv: [[13.09231487  7.96502959  9.89949025 13.46533574  5.62545339  8.8352856
   4.49084253 15.97864475  8.62521018 16.20515386]
 [ 9.1078062   8.0490539   4.44961565  3.56147944  6.27758871 15.06219671
   6.12685797 16.10166989  5.87459074 13.10475897]
 [ 4.30319965 13.72444343  4.19085168 14.83141981  5.90850989 15.26798239
  14.08012106  9.43992847 12.38689047  8.64404105]
 [16.10863546  5.29878115  5.69183472 14.6295781   3.63792794  7.32620743
   6.58830435 15.97111401 14.30753228  4.44226479]
 [ 4.00397887  6.18370139  8.98624375  4.99951132 10.58052599  5.63636215
  13.67878584 13.25069419 10.75766838  4.03653803]
 [ 7.2839377   4.049486    9.78040928  4.85937645  4.14957325  5.8172374
   6.38482968  6.81265254 11.79474761  5.12100385]
 [ 4.03544112  4.03871379  8.33027324  8.55423833  4.32967378  8.4621061
  15.56386968 15.11942013  7.85292293  4.23651738]
 [11.35377347  3.89638562 10.28273471 16.02119099  8.01390088 16.35928967
  15.07747747  5.1088305  14.83848428  7.02945158]
 [ 8.39237793  8.96740392 15.25896458  6.66343325  9.89788939  5.5619019
  11.33436953  4.13479859 11.83209481  8.73375338]]