-------Running parameters--------
T = 0.001
temperature_gradient = 0.0
gap = 0.0
M = 10
N = 10
VR = 0.0
Vmin = 0.0
Vmax = 1.1
vStep = 0.001
vSym = True
repeats = 50
fileName = array_10_10_disorder_c_std_0.1_r_std_7_run_1
dist = exp
fullOutput = True
use_graph = False
current_map = True
plot_current_map = False
plot_binary_current_map = False
frame_norm = False
dbg = False
resume = False
sc = False
leaping = False
constQ = False
modifyR = False
double_time = False
double_loop = False
output_folder = bgu_2d_finite_temperature_different_disorders_statistics
params_path = 
VG_avg = 0.0
VG_std = 0.0
C_avg = 2.0
C_std = 0.1
CG_avg = 10.0
CG_std = 0.0
R_avg = 10.0
R_std = 7.0
custom_rh = ""
custom_rv = ""
custom_ch = ""
custom_cv = ""
RG_avg = 500.0
RG_std = 0.0
n0_avg = 0.0
n0_std = 0.0
Q0_avg = 0.0
Q0_std = 0.0
----Array Parameters-----
Rows: 10
Columns: 10
VG: [[0.]
 [0.]
 [0.]
 [0.]
 [0.]
 [0.]
 [0.]
 [0.]
 [0.]
 [0.]
 [0.]
 [0.]
 [0.]
 [0.]
 [0.]
 [0.]
 [0.]
 [0.]
 [0.]
 [0.]
 [0.]
 [0.]
 [0.]
 [0.]
 [0.]
 [0.]
 [0.]
 [0.]
 [0.]
 [0.]
 [0.]
 [0.]
 [0.]
 [0.]
 [0.]
 [0.]
 [0.]
 [0.]
 [0.]
 [0.]
 [0.]
 [0.]
 [0.]
 [0.]
 [0.]
 [0.]
 [0.]
 [0.]
 [0.]
 [0.]
 [0.]
 [0.]
 [0.]
 [0.]
 [0.]
 [0.]
 [0.]
 [0.]
 [0.]
 [0.]
 [0.]
 [0.]
 [0.]
 [0.]
 [0.]
 [0.]
 [0.]
 [0.]
 [0.]
 [0.]
 [0.]
 [0.]
 [0.]
 [0.]
 [0.]
 [0.]
 [0.]
 [0.]
 [0.]
 [0.]
 [0.]
 [0.]
 [0.]
 [0.]
 [0.]
 [0.]
 [0.]
 [0.]
 [0.]
 [0.]
 [0.]
 [0.]
 [0.]
 [0.]
 [0.]
 [0.]
 [0.]
 [0.]
 [0.]
 [0.]]
CG: [[10.]
 [10.]
 [10.]
 [10.]
 [10.]
 [10.]
 [10.]
 [10.]
 [10.]
 [10.]
 [10.]
 [10.]
 [10.]
 [10.]
 [10.]
 [10.]
 [10.]
 [10.]
 [10.]
 [10.]
 [10.]
 [10.]
 [10.]
 [10.]
 [10.]
 [10.]
 [10.]
 [10.]
 [10.]
 [10.]
 [10.]
 [10.]
 [10.]
 [10.]
 [10.]
 [10.]
 [10.]
 [10.]
 [10.]
 [10.]
 [10.]
 [10.]
 [10.]
 [10.]
 [10.]
 [10.]
 [10.]
 [10.]
 [10.]
 [10.]
 [10.]
 [10.]
 [10.]
 [10.]
 [10.]
 [10.]
 [10.]
 [10.]
 [10.]
 [10.]
 [10.]
 [10.]
 [10.]
 [10.]
 [10.]
 [10.]
 [10.]
 [10.]
 [10.]
 [10.]
 [10.]
 [10.]
 [10.]
 [10.]
 [10.]
 [10.]
 [10.]
 [10.]
 [10.]
 [10.]
 [10.]
 [10.]
 [10.]
 [10.]
 [10.]
 [10.]
 [10.]
 [10.]
 [10.]
 [10.]
 [10.]
 [10.]
 [10.]
 [10.]
 [10.]
 [10.]
 [10.]
 [10.]
 [10.]
 [10.]]
RG: [[500.]
 [500.]
 [500.]
 [500.]
 [500.]
 [500.]
 [500.]
 [500.]
 [500.]
 [500.]
 [500.]
 [500.]
 [500.]
 [500.]
 [500.]
 [500.]
 [500.]
 [500.]
 [500.]
 [500.]
 [500.]
 [500.]
 [500.]
 [500.]
 [500.]
 [500.]
 [500.]
 [500.]
 [500.]
 [500.]
 [500.]
 [500.]
 [500.]
 [500.]
 [500.]
 [500.]
 [500.]
 [500.]
 [500.]
 [500.]
 [500.]
 [500.]
 [500.]
 [500.]
 [500.]
 [500.]
 [500.]
 [500.]
 [500.]
 [500.]
 [500.]
 [500.]
 [500.]
 [500.]
 [500.]
 [500.]
 [500.]
 [500.]
 [500.]
 [500.]
 [500.]
 [500.]
 [500.]
 [500.]
 [500.]
 [500.]
 [500.]
 [500.]
 [500.]
 [500.]
 [500.]
 [500.]
 [500.]
 [500.]
 [500.]
 [500.]
 [500.]
 [500.]
 [500.]
 [500.]
 [500.]
 [500.]
 [500.]
 [500.]
 [500.]
 [500.]
 [500.]
 [500.]
 [500.]
 [500.]
 [500.]
 [500.]
 [500.]
 [500.]
 [500.]
 [500.]
 [500.]
 [500.]
 [500.]
 [500.]]
Ch: [[1.94744934 2.03429383 1.93571498 2.04810919 1.97817406 2.01166514
  1.91019415 2.05005129 2.03839785 1.91550754 2.01039789]
 [2.08455796 1.99927581 1.93500987 1.94332574 1.96932211 1.94115997
  2.0060017  1.94185802 1.99650963 1.95807892 1.97607598]
 [2.05878487 1.97203986 2.04295192 2.07659114 2.0403347  1.97317244
  2.01511065 1.99515111 2.08683729 2.0878468  1.92519838]
 [1.93545694 1.92428039 1.95261044 1.98002157 1.95249416 2.06061097
  2.03246926 2.035201   2.03468311 1.93180416 1.93981263]
 [1.97112359 1.97882277 1.99000459 2.00732101 2.02690417 2.0454877
  1.94675445 1.93421004 1.97953004 1.9407042  1.91096088]
 [1.9683549  1.91508988 2.06654692 1.94632309 1.96910732 1.98643636
  1.96424397 1.95472846 1.90916188 2.06936436 1.95871376]
 [1.93565235 1.98312135 1.96554927 1.99981368 1.99199975 1.94142546
  2.09490154 2.06817272 2.00431992 2.06773318 1.96137125]
 [2.05951205 2.01222206 2.04598323 1.91998017 2.0223756  1.97441855
  2.0801107  1.90740722 1.99830073 2.06648382 1.91469527]
 [2.08734108 1.96282765 1.93799671 2.07869772 2.02752842 1.92280799
  1.9199612  2.05737505 2.00717091 1.92045617 2.0954346 ]
 [2.07814428 2.02753094 1.96608778 1.93846384 1.93276751 1.90674914
  2.0342189  1.94760647 1.90366867 2.00615796 1.94423522]]
Cv: [[0.         0.         0.         0.         0.         0.
  0.         0.         0.         0.        ]
 [2.05990984 2.02095144 2.00768867 1.93692173 1.97050885 1.96131757
  1.95634938 2.00279232 2.06350554 2.0935373 ]
 [1.98846242 2.09949199 1.93216992 1.96858752 1.96175767 2.02710822
  1.9885824  2.08421845 1.91177841 1.95749805]
 [1.93109532 2.02841225 1.91598775 2.06212892 2.01168934 1.95795081
  2.04914643 2.07899107 1.95109199 2.06418675]
 [2.0118297  2.03505077 1.90509149 2.07683968 1.93542355 1.99313247
  2.0489872  1.99772006 2.08950343 1.95688756]
 [1.96354736 2.02162647 1.92518205 2.06152116 1.96634299 2.09709998
  2.03481505 2.05419615 1.96580122 1.95128554]
 [2.07511388 2.02359855 1.950744   1.95397769 1.98355518 2.09979231
  1.90406579 2.05579335 2.08692152 1.97529417]
 [1.91710944 2.05832656 2.04753013 1.96095184 1.92239486 1.91572852
  2.0435246  1.90948289 2.07180656 1.9542143 ]
 [1.9084834  2.00214954 2.09227926 2.07806545 2.01840544 2.02676318
  1.91023023 2.08223444 2.09520877 2.04003162]
 [1.92147864 1.92174915 2.06332085 2.04602837 2.08178351 1.91724589
  2.06233983 2.06452826 1.99548715 1.98115396]]
Rh: [[ 6.57791179  8.00765245  4.03482997  4.60059528  3.28693288  7.09418646
  10.47369195 12.01190628 10.30927736  3.60313323  6.7310517 ]
 [ 6.28695222 13.08027941 10.40990731  4.05795745  6.51740153 11.41688595
  13.83802062  3.08865213 10.81278718  4.04264882  9.19861968]
 [13.94951303 13.54458649  9.2915569   4.19544752  3.63764609  5.18718329
   3.62769428 16.2727557   4.19327786  6.25952991  4.24493141]
 [ 9.37761434  5.55100715  3.18285561  3.12171568 11.60374866  6.08501973
  14.86344859  3.821961    3.81330007 12.53439554  3.22867903]
 [ 3.17861134  8.91016106 13.17009736  5.24866693  3.24049627  4.38324152
  15.08501961  5.22772923  7.36405097 14.65373495  7.75880643]
 [ 4.90098682  4.35687875  6.19234726  7.02040043  4.13251248 11.65059258
  10.46143652 13.55084768 12.86487303  3.29220549  4.55897304]
 [ 6.13263537  4.15644644 16.71343898 14.15819213  6.0904181   5.31509102
   4.06879168  7.42847777  5.66496216  8.93524771  4.00415262]
 [ 9.16756122  5.80254554  5.31374366  7.62733484  3.27276385  4.74012634
   3.76702216  3.59772489  6.74166825  6.32229716  9.07150886]
 [ 8.20812303  3.56162792 15.07359259  4.78094279  5.2973258   4.01994259
   3.32132373  3.94445533 12.41592972  9.53825878 14.26639525]
 [10.41536883  5.08307604  7.25486014  7.7837282   4.85447144  3.48200155
   7.58239888  6.47364139 13.67122137 10.18598071 16.43965704]]
Rv: [[ 5.27146311  3.16054746  8.61719847  9.39103103 16.88468633  3.38244262
   6.56038213 14.04441883  5.20999857  7.81503196]
 [ 4.0025527   6.09810417 12.86144105 16.35535589  4.82645478  6.09896043
   3.1901882   4.94814207  3.28175032  6.4742938 ]
 [ 6.69924815  5.76366715  3.62611013  7.98647149  6.44958804  9.54553678
  13.64888381  3.03739595  8.28682794 13.2312831 ]
 [ 8.57421094 10.33292828  3.78674625 10.97298245  8.6339896   7.60253891
   8.43071852  9.38143237 12.93179733  8.36343456]
 [ 6.57165972  8.35977801  9.10647124  7.99588885  4.68366253  4.78561621
   7.79645191 15.82423869  6.38272734  8.87929591]
 [12.13427999  7.71048475  4.08386989  7.52526378 12.63052718 16.18408552
   6.14060591 15.34021955  9.73303799  3.5340632 ]
 [10.5090773   5.80933823 11.05864107  4.81853175  8.69403001  3.56230197
  13.86961926  4.75665165 14.23184317  5.78599626]
 [10.16461933  4.15067063  8.61384638  3.78994018 10.01781879  6.81786812
  10.64908469  5.92908795 11.80511152  9.69147444]
 [11.52087256  8.32758594 13.91152126  7.54516344  3.57826435  9.5724468
   4.31341111  3.59882895 15.26739605  3.36213872]]