-------Running parameters--------
T = 0.001
temperature_gradient = 0.0
gap = 0.0
M = 10
N = 10
VR = 0.0
Vmin = 0.0
Vmax = 1.1
vStep = 0.001
vSym = True
repeats = 50
fileName = array_10_10_disorder_c_std_0.1_r_std_7.5_run_2
dist = exp
fullOutput = True
use_graph = False
current_map = True
plot_current_map = False
plot_binary_current_map = False
frame_norm = False
dbg = False
resume = False
sc = False
leaping = False
constQ = False
modifyR = False
double_time = False
double_loop = False
output_folder = bgu_2d_finite_temperature_different_disorders_statistics
params_path = 
VG_avg = 0.0
VG_std = 0.0
C_avg = 2.0
C_std = 0.1
CG_avg = 10.0
CG_std = 0.0
R_avg = 10.0
R_std = 7.5
custom_rh = ""
custom_rv = ""
custom_ch = ""
custom_cv = ""
RG_avg = 500.0
RG_std = 0.0
n0_avg = 0.0
n0_std = 0.0
Q0_avg = 0.0
Q0_std = 0.0
----Array Parameters-----
Rows: 10
Columns: 10
VG: [[0.]
 [0.]
 [0.]
 [0.]
 [0.]
 [0.]
 [0.]
 [0.]
 [0.]
 [0.]
 [0.]
 [0.]
 [0.]
 [0.]
 [0.]
 [0.]
 [0.]
 [0.]
 [0.]
 [0.]
 [0.]
 [0.]
 [0.]
 [0.]
 [0.]
 [0.]
 [0.]
 [0.]
 [0.]
 [0.]
 [0.]
 [0.]
 [0.]
 [0.]
 [0.]
 [0.]
 [0.]
 [0.]
 [0.]
 [0.]
 [0.]
 [0.]
 [0.]
 [0.]
 [0.]
 [0.]
 [0.]
 [0.]
 [0.]
 [0.]
 [0.]
 [0.]
 [0.]
 [0.]
 [0.]
 [0.]
 [0.]
 [0.]
 [0.]
 [0.]
 [0.]
 [0.]
 [0.]
 [0.]
 [0.]
 [0.]
 [0.]
 [0.]
 [0.]
 [0.]
 [0.]
 [0.]
 [0.]
 [0.]
 [0.]
 [0.]
 [0.]
 [0.]
 [0.]
 [0.]
 [0.]
 [0.]
 [0.]
 [0.]
 [0.]
 [0.]
 [0.]
 [0.]
 [0.]
 [0.]
 [0.]
 [0.]
 [0.]
 [0.]
 [0.]
 [0.]
 [0.]
 [0.]
 [0.]
 [0.]]
CG: [[10.]
 [10.]
 [10.]
 [10.]
 [10.]
 [10.]
 [10.]
 [10.]
 [10.]
 [10.]
 [10.]
 [10.]
 [10.]
 [10.]
 [10.]
 [10.]
 [10.]
 [10.]
 [10.]
 [10.]
 [10.]
 [10.]
 [10.]
 [10.]
 [10.]
 [10.]
 [10.]
 [10.]
 [10.]
 [10.]
 [10.]
 [10.]
 [10.]
 [10.]
 [10.]
 [10.]
 [10.]
 [10.]
 [10.]
 [10.]
 [10.]
 [10.]
 [10.]
 [10.]
 [10.]
 [10.]
 [10.]
 [10.]
 [10.]
 [10.]
 [10.]
 [10.]
 [10.]
 [10.]
 [10.]
 [10.]
 [10.]
 [10.]
 [10.]
 [10.]
 [10.]
 [10.]
 [10.]
 [10.]
 [10.]
 [10.]
 [10.]
 [10.]
 [10.]
 [10.]
 [10.]
 [10.]
 [10.]
 [10.]
 [10.]
 [10.]
 [10.]
 [10.]
 [10.]
 [10.]
 [10.]
 [10.]
 [10.]
 [10.]
 [10.]
 [10.]
 [10.]
 [10.]
 [10.]
 [10.]
 [10.]
 [10.]
 [10.]
 [10.]
 [10.]
 [10.]
 [10.]
 [10.]
 [10.]
 [10.]]
RG: [[500.]
 [500.]
 [500.]
 [500.]
 [500.]
 [500.]
 [500.]
 [500.]
 [500.]
 [500.]
 [500.]
 [500.]
 [500.]
 [500.]
 [500.]
 [500.]
 [500.]
 [500.]
 [500.]
 [500.]
 [500.]
 [500.]
 [500.]
 [500.]
 [500.]
 [500.]
 [500.]
 [500.]
 [500.]
 [500.]
 [500.]
 [500.]
 [500.]
 [500.]
 [500.]
 [500.]
 [500.]
 [500.]
 [500.]
 [500.]
 [500.]
 [500.]
 [500.]
 [500.]
 [500.]
 [500.]
 [500.]
 [500.]
 [500.]
 [500.]
 [500.]
 [500.]
 [500.]
 [500.]
 [500.]
 [500.]
 [500.]
 [500.]
 [500.]
 [500.]
 [500.]
 [500.]
 [500.]
 [500.]
 [500.]
 [500.]
 [500.]
 [500.]
 [500.]
 [500.]
 [500.]
 [500.]
 [500.]
 [500.]
 [500.]
 [500.]
 [500.]
 [500.]
 [500.]
 [500.]
 [500.]
 [500.]
 [500.]
 [500.]
 [500.]
 [500.]
 [500.]
 [500.]
 [500.]
 [500.]
 [500.]
 [500.]
 [500.]
 [500.]
 [500.]
 [500.]
 [500.]
 [500.]
 [500.]
 [500.]]
Ch: [[1.92186302 2.0002957  2.05291519 2.01767157 1.98918054 1.9378781
  2.04219832 2.09790359 2.07353467 1.9777666  2.02880437]
 [1.91011681 2.0169666  2.03391844 1.90809184 2.03215997 2.0993623
  1.99168688 1.91987743 2.04059014 1.94491406 1.97231309]
 [2.0021537  1.91522369 2.01078716 2.05559011 2.06151759 1.96506754
  2.04003419 2.0286473  1.99824005 1.99706994 1.99137344]
 [2.00367482 2.06766337 1.91251155 1.97498382 1.90604102 2.03081291
  1.98708797 1.96119917 1.91458267 1.99044324 1.91195575]
 [2.06649267 1.95333891 2.08003296 2.03941463 2.04584891 2.06722097
  1.93052671 1.92699229 1.92220692 2.00734468 2.02156286]
 [1.9295426  1.91572588 1.97252919 2.0020668  1.94357969 2.00635032
  1.93619655 1.97583573 2.05896025 2.0377481  2.0080881 ]
 [1.95100299 2.01309663 2.03747105 1.94060017 1.9432759  1.96685045
  1.9034303  1.9136566  1.9176199  1.9074554  1.97600723]
 [1.98019592 1.95850093 2.05205351 2.02260034 2.01429094 1.94838053
  1.97143012 2.01107684 2.01865744 2.01870598 1.95554524]
 [2.06962762 2.08188135 1.93780416 2.0379993  1.92326706 1.97825272
  2.00768905 2.09751476 1.98142489 2.07233602 1.95773215]
 [1.99364858 2.008118   1.92818365 1.92789954 1.96931072 2.06141753
  2.03727679 1.98480699 2.08282493 2.02026029 2.01562071]]
Cv: [[0.         0.         0.         0.         0.         0.
  0.         0.         0.         0.        ]
 [1.92827467 1.96020206 2.036203   1.90151259 2.07989583 2.06817907
  2.02305279 2.0099537  1.96917789 2.0566628 ]
 [1.91760695 2.02502937 1.93313961 1.93357101 2.07207115 1.92262075
  1.93028783 1.9816947  2.00394181 2.04477487]
 [2.0457511  2.03331551 1.90808514 1.99113331 2.06055612 1.94847155
  2.04694442 2.03072873 2.09482778 1.90556925]
 [1.9428276  1.90255267 1.95249528 2.09170924 2.0366178  2.06993725
  1.97965244 1.92443804 1.97717955 2.0544923 ]
 [1.97336043 2.0496218  1.99716392 1.93173487 2.00226337 1.95546065
  2.06488033 1.97430193 1.92029445 2.03812831]
 [1.91775182 2.06302025 2.00307604 1.99224271 1.99325277 2.09425606
  1.96266676 1.98395745 2.03043007 2.03211165]
 [2.00411356 1.96398031 1.96833865 1.90146813 2.09623841 2.0730042
  2.0476578  1.90858024 1.96706831 1.98687898]
 [1.93871178 1.91004589 2.01589842 2.05718103 2.09351415 1.92392908
  2.02956301 1.97196647 2.02899587 2.04695622]
 [2.06331206 1.90309272 1.96795694 2.09318196 1.958522   1.96511461
  2.04901061 2.04979923 2.01908945 1.90828163]]
Rh: [[ 2.82404075 10.67658604  7.70502791  8.03840609  6.21692625  4.85704055
   3.30559975 10.65509694  5.1981937   2.99129418  2.76574427]
 [16.22422977 13.49510804  6.38393673  4.94992141  4.5647614   8.32469639
   6.03497299  3.24389766 12.57272793  6.83775559 14.5025821 ]
 [ 9.66993283  3.05587374 14.27701982  3.81001085  7.42233886  4.12128761
   7.36364153  5.44073353  4.01179827 16.76138723  6.23364074]
 [ 4.23853791  2.96899167  6.17997342 11.3239452  11.90219258  7.3916891
   8.59479578 17.30466164 14.90395678  7.81052884  6.77226133]
 [16.14725149  3.93408687  6.68480272 11.97049794  5.77661521  9.9854959
  12.75177553  6.61225143  4.30778149  4.03618075  4.95066171]
 [15.55399814  4.69518943  5.88994003 13.01180116 12.2239317   2.65953556
   3.47839417 17.1173651  14.44433836  2.53523968  2.61206088]
 [15.67617802 15.76432102  6.64009017  2.55809737  7.056832    3.2559864
   4.89141536  5.18178123 13.98239965 13.4629712  11.32638274]
 [12.62779162 13.79048595 11.6057077   5.73798479  5.74009949 14.25226928
   6.30778541 13.13395581  5.39054156  6.43229001  7.06416239]
 [16.04933188 12.35622505  5.13699133  9.14547661  4.5541036   4.82113806
   7.60136502  6.39057334 14.62008926 11.59775449  2.93735163]
 [ 9.9514655   3.48173423  8.25284594  2.53370244  2.53793225  2.55954036
   3.50106167  9.36882137  3.05845303 10.70302681  4.62173277]]
Rv: [[ 4.70959193  6.54525968  9.11849385 15.49156413  4.02314643  3.35037577
   9.71115544 11.24308869  3.94824736  8.65246683]
 [14.50459613 15.95927453  5.17947422 16.14729868  3.84559068  4.37765224
   9.58193794 11.18014114  3.09009267 13.03195686]
 [10.98105585  3.1662885   4.55846052  5.72050664  3.72086299  3.90324196
   7.7761404  16.83847073  5.95083845  4.21544434]
 [15.44762882  2.7250375   7.28905961  4.43048563  3.74990412  4.48493844
   7.00980092  7.84639978 10.21905733  2.96886069]
 [ 2.63607586  4.70110098 11.18848514  4.90457175 10.62434697 16.3826648
  11.78812569  4.11964568 14.09571387  6.58045787]
 [ 7.72547537  2.91439093 10.00084148  4.78953898  8.43524105  3.58027605
   5.05834915 15.02845364 12.97233317  6.17680808]
 [ 2.64690772  9.21596684  3.54637417  8.86232352  4.64780598  2.54974027
   2.91050049  7.20921913 11.42357373 13.54399108]
 [ 7.68878932  8.94159248  4.93434701  4.34850467 14.71069684  4.74129549
  11.6722691   3.57863052 13.43243848  3.93138406]
 [ 2.84683394 13.41559726  3.29240046  3.45355625  7.77395837  3.98560399
  17.35503132  3.81186591  6.97179546  8.13989554]]