-------Running parameters--------
T = 0.001
temperature_gradient = 0.0
gap = 0.0
M = 10
N = 10
VR = 0.0
Vmin = 0.0
Vmax = 1.1
vStep = 0.001
vSym = True
repeats = 50
fileName = array_10_10_disorder_c_std_0.1_r_std_5.5_run_2
dist = exp
fullOutput = True
use_graph = False
current_map = True
plot_current_map = False
plot_binary_current_map = False
frame_norm = False
dbg = False
resume = False
sc = False
leaping = False
constQ = False
modifyR = False
double_time = False
double_loop = False
output_folder = bgu_2d_finite_temperature_different_disorders_statistics
params_path = 
VG_avg = 0.0
VG_std = 0.0
C_avg = 2.0
C_std = 0.1
CG_avg = 10.0
CG_std = 0.0
R_avg = 10.0
R_std = 5.5
custom_rh = ""
custom_rv = ""
custom_ch = ""
custom_cv = ""
RG_avg = 500.0
RG_std = 0.0
n0_avg = 0.0
n0_std = 0.0
Q0_avg = 0.0
Q0_std = 0.0
----Array Parameters-----
Rows: 10
Columns: 10
VG: [[0.]
 [0.]
 [0.]
 [0.]
 [0.]
 [0.]
 [0.]
 [0.]
 [0.]
 [0.]
 [0.]
 [0.]
 [0.]
 [0.]
 [0.]
 [0.]
 [0.]
 [0.]
 [0.]
 [0.]
 [0.]
 [0.]
 [0.]
 [0.]
 [0.]
 [0.]
 [0.]
 [0.]
 [0.]
 [0.]
 [0.]
 [0.]
 [0.]
 [0.]
 [0.]
 [0.]
 [0.]
 [0.]
 [0.]
 [0.]
 [0.]
 [0.]
 [0.]
 [0.]
 [0.]
 [0.]
 [0.]
 [0.]
 [0.]
 [0.]
 [0.]
 [0.]
 [0.]
 [0.]
 [0.]
 [0.]
 [0.]
 [0.]
 [0.]
 [0.]
 [0.]
 [0.]
 [0.]
 [0.]
 [0.]
 [0.]
 [0.]
 [0.]
 [0.]
 [0.]
 [0.]
 [0.]
 [0.]
 [0.]
 [0.]
 [0.]
 [0.]
 [0.]
 [0.]
 [0.]
 [0.]
 [0.]
 [0.]
 [0.]
 [0.]
 [0.]
 [0.]
 [0.]
 [0.]
 [0.]
 [0.]
 [0.]
 [0.]
 [0.]
 [0.]
 [0.]
 [0.]
 [0.]
 [0.]
 [0.]]
CG: [[10.]
 [10.]
 [10.]
 [10.]
 [10.]
 [10.]
 [10.]
 [10.]
 [10.]
 [10.]
 [10.]
 [10.]
 [10.]
 [10.]
 [10.]
 [10.]
 [10.]
 [10.]
 [10.]
 [10.]
 [10.]
 [10.]
 [10.]
 [10.]
 [10.]
 [10.]
 [10.]
 [10.]
 [10.]
 [10.]
 [10.]
 [10.]
 [10.]
 [10.]
 [10.]
 [10.]
 [10.]
 [10.]
 [10.]
 [10.]
 [10.]
 [10.]
 [10.]
 [10.]
 [10.]
 [10.]
 [10.]
 [10.]
 [10.]
 [10.]
 [10.]
 [10.]
 [10.]
 [10.]
 [10.]
 [10.]
 [10.]
 [10.]
 [10.]
 [10.]
 [10.]
 [10.]
 [10.]
 [10.]
 [10.]
 [10.]
 [10.]
 [10.]
 [10.]
 [10.]
 [10.]
 [10.]
 [10.]
 [10.]
 [10.]
 [10.]
 [10.]
 [10.]
 [10.]
 [10.]
 [10.]
 [10.]
 [10.]
 [10.]
 [10.]
 [10.]
 [10.]
 [10.]
 [10.]
 [10.]
 [10.]
 [10.]
 [10.]
 [10.]
 [10.]
 [10.]
 [10.]
 [10.]
 [10.]
 [10.]]
RG: [[500.]
 [500.]
 [500.]
 [500.]
 [500.]
 [500.]
 [500.]
 [500.]
 [500.]
 [500.]
 [500.]
 [500.]
 [500.]
 [500.]
 [500.]
 [500.]
 [500.]
 [500.]
 [500.]
 [500.]
 [500.]
 [500.]
 [500.]
 [500.]
 [500.]
 [500.]
 [500.]
 [500.]
 [500.]
 [500.]
 [500.]
 [500.]
 [500.]
 [500.]
 [500.]
 [500.]
 [500.]
 [500.]
 [500.]
 [500.]
 [500.]
 [500.]
 [500.]
 [500.]
 [500.]
 [500.]
 [500.]
 [500.]
 [500.]
 [500.]
 [500.]
 [500.]
 [500.]
 [500.]
 [500.]
 [500.]
 [500.]
 [500.]
 [500.]
 [500.]
 [500.]
 [500.]
 [500.]
 [500.]
 [500.]
 [500.]
 [500.]
 [500.]
 [500.]
 [500.]
 [500.]
 [500.]
 [500.]
 [500.]
 [500.]
 [500.]
 [500.]
 [500.]
 [500.]
 [500.]
 [500.]
 [500.]
 [500.]
 [500.]
 [500.]
 [500.]
 [500.]
 [500.]
 [500.]
 [500.]
 [500.]
 [500.]
 [500.]
 [500.]
 [500.]
 [500.]
 [500.]
 [500.]
 [500.]
 [500.]]
Ch: [[1.97529448 2.01122313 1.97436022 2.06868962 1.99156373 1.94998453
  2.0735816  1.95689373 1.91737677 1.96846649 1.91550566]
 [1.99248802 2.07492463 2.05365844 2.0380459  1.92303117 2.02147468
  2.04980977 1.95351926 2.09520064 2.08788077 1.99234227]
 [1.94834382 2.02082134 1.94526071 2.04074925 2.06974343 2.08929506
  2.01052201 1.98795744 2.08690625 2.08869623 2.03600463]
 [1.94945488 1.90742089 2.0826059  2.06866126 1.91358362 1.99268814
  1.98312527 1.90633519 2.09251256 2.05742794 2.08409735]
 [1.99160709 2.01742726 1.97128268 1.9305038  1.93990004 1.93622731
  2.03821552 1.97830593 2.01092382 1.97088321 1.96604362]
 [1.91748414 1.96390335 2.09296791 1.91081656 1.96961894 2.01827993
  1.96981234 2.0586993  2.04571762 1.93160292 2.04824486]
 [2.096831   1.91387147 1.90214511 1.95580371 2.04588993 1.96617973
  1.92901969 1.99994513 2.01620495 1.97205461 2.01035932]
 [1.9766812  1.9656283  1.91374918 1.9832579  2.05705736 1.96520637
  1.9840515  2.0222184  2.00672063 2.00979132 2.09970594]
 [1.97170826 2.00227616 1.90102952 2.06445986 2.06211774 2.0441612
  2.02747708 1.9386396  2.01166242 1.9907219  2.08599891]
 [1.97403382 2.0100716  1.98500001 2.09550907 1.95113174 2.04482603
  2.0367109  2.06003134 2.05876914 1.97452351 2.00660758]]
Cv: [[0.         0.         0.         0.         0.         0.
  0.         0.         0.         0.        ]
 [1.96375186 1.90244582 2.0837505  2.04586326 1.93733688 2.07001218
  1.97910989 2.09829721 1.94285346 1.9434713 ]
 [1.9886172  2.05206291 2.02900386 1.97293985 1.92855882 2.04147733
  2.02392461 2.01816307 2.02363861 2.01312085]
 [1.97908003 1.99549909 2.05603993 2.01406283 2.02938823 1.99564836
  1.95799388 1.95738888 2.04401624 1.92905942]
 [2.00454668 1.96458293 1.90037111 1.98593095 2.00120697 2.03226631
  2.04130173 2.09532967 2.01128345 2.02645924]
 [1.90845309 1.95032642 1.97649527 2.01555948 1.95765353 1.92977152
  1.94306599 1.90702702 1.92186786 1.92658014]
 [1.99531717 1.90154503 2.04547618 2.05411063 2.08299679 2.06640875
  1.99858595 1.92697329 2.09493674 1.92527812]
 [1.99211544 2.06503133 2.04130756 2.03250889 2.01991166 1.97723351
  1.90803051 2.0014571  1.90809035 1.97270732]
 [1.98097682 2.0559778  2.05149073 1.90485071 2.08676347 1.93058145
  2.00632922 1.93168874 2.02068793 2.08250257]
 [2.09691366 1.91488685 1.94993357 2.07523456 1.95585409 1.99709653
  1.92741233 1.92930674 2.04700383 1.99273387]]
Rh: [[ 6.52112548  6.9878661   4.6756517   6.59095392  6.74830248 10.09807045
  11.56513595  5.08776217 10.00633219  7.04802474  5.16907971]
 [10.01510982 10.5466441   5.04973165 14.47012039  6.28227685 10.51694418
  12.3062355   7.67901003 13.10340773 12.5834217  11.98716545]
 [ 7.35112501 11.98404997  4.76341103 13.39151636 14.79526473  8.71621285
   6.56170062 15.37919885  6.78288082 10.68443628  5.57176136]
 [10.24228736  9.59132179 10.62113319  5.20759373  6.15474117 11.8665406
  10.75841554 14.75801357  7.95330919  6.20809958  7.52233268]
 [12.82277493  8.18387472 14.55788428  5.64425739  8.50152231  6.69291832
  13.42497865  9.65460825  5.1929766   5.34513496 10.88194923]
 [ 5.97892026 12.55740838  7.83825591  9.92358289 10.30017327  8.08673193
   5.51341533  8.06737208  7.52814537 13.85252541  5.41601408]
 [ 7.98349228 12.27833453 15.42398937  5.41273633  9.22134314 11.40618429
   8.29442849  8.48353566  5.54088954  8.1419594   5.08917979]
 [10.29471363 14.3472748   6.76838561 12.81308205  6.17780463  5.12154589
   8.10547572 12.6493364   7.51418252  6.11517347  9.69248466]
 [ 9.5348664   5.52757482 13.04225301 10.92314244  5.77133909  9.35632198
   6.84074068 10.03715698  7.67979195  6.67237525  6.10984659]
 [ 8.01577542  5.00630833 12.27521718  7.48689264 14.05297541  9.28231179
   4.69610756  9.08196953  5.3962611  11.84752994  9.16205915]]
Rv: [[15.02598129 12.22112294  4.66220763  5.5016585  13.73991537  8.17288392
   7.72905449  5.53009069  9.96085328  6.89414042]
 [ 8.30123509  5.67817345  7.1995642  14.42783574  5.07683779 13.32581821
  14.47045393  9.44913279  7.15019045  6.3735536 ]
 [ 7.82864975  5.54221535  5.44492184 10.66702298 11.72951013 12.24917002
   6.67009631  5.56082819 14.3807509   9.77979167]
 [ 7.78316611  7.47521159  9.58895915  6.57016475  4.67532172  5.43993775
  10.84222643 11.83853009 15.3999588   8.2314088 ]
 [ 6.1606448   8.80910754  6.7447742   8.756133    5.44024059  6.64009395
  12.16158531  8.36962369  9.32703311  6.37212122]
 [ 9.15152319  5.18977501  6.84062927  5.27582347  6.85217969  5.31709067
  13.86481749  4.70837079 11.41982557 11.77066667]
 [ 4.6411623   5.9335425   6.7986974  15.19652483  5.36364213  7.30400352
  10.62071819 11.57886482 14.82808083 12.59341759]
 [14.53766775  6.31444753 12.57681272 14.89966975  4.86495043  4.70180771
  11.49755472  7.14648754  8.06269212 13.84537454]
 [14.3007     13.71785183 11.61585265  9.96800718 11.6087187  10.95503874
  14.25139521 15.12247199  4.69665412  8.63288462]]