-------Running parameters--------
T = 0.001
temperature_gradient = 0.0
gap = 0.0
M = 10
N = 10
VR = 0.0
Vmin = 0.0
Vmax = 1.1
vStep = 0.001
vSym = True
repeats = 50
fileName = array_10_10_disorder_c_std_0.1_r_std_6_run_3
dist = exp
fullOutput = True
use_graph = False
current_map = True
plot_current_map = False
plot_binary_current_map = False
frame_norm = False
dbg = False
resume = False
sc = False
leaping = False
constQ = False
modifyR = False
double_time = False
double_loop = False
output_folder = bgu_2d_finite_temperature_different_disorders_statistics
params_path = 
VG_avg = 0.0
VG_std = 0.0
C_avg = 2.0
C_std = 0.1
CG_avg = 10.0
CG_std = 0.0
R_avg = 10.0
R_std = 6.0
custom_rh = ""
custom_rv = ""
custom_ch = ""
custom_cv = ""
RG_avg = 500.0
RG_std = 0.0
n0_avg = 0.0
n0_std = 0.0
Q0_avg = 0.0
Q0_std = 0.0
----Array Parameters-----
Rows: 10
Columns: 10
VG: [[0.]
 [0.]
 [0.]
 [0.]
 [0.]
 [0.]
 [0.]
 [0.]
 [0.]
 [0.]
 [0.]
 [0.]
 [0.]
 [0.]
 [0.]
 [0.]
 [0.]
 [0.]
 [0.]
 [0.]
 [0.]
 [0.]
 [0.]
 [0.]
 [0.]
 [0.]
 [0.]
 [0.]
 [0.]
 [0.]
 [0.]
 [0.]
 [0.]
 [0.]
 [0.]
 [0.]
 [0.]
 [0.]
 [0.]
 [0.]
 [0.]
 [0.]
 [0.]
 [0.]
 [0.]
 [0.]
 [0.]
 [0.]
 [0.]
 [0.]
 [0.]
 [0.]
 [0.]
 [0.]
 [0.]
 [0.]
 [0.]
 [0.]
 [0.]
 [0.]
 [0.]
 [0.]
 [0.]
 [0.]
 [0.]
 [0.]
 [0.]
 [0.]
 [0.]
 [0.]
 [0.]
 [0.]
 [0.]
 [0.]
 [0.]
 [0.]
 [0.]
 [0.]
 [0.]
 [0.]
 [0.]
 [0.]
 [0.]
 [0.]
 [0.]
 [0.]
 [0.]
 [0.]
 [0.]
 [0.]
 [0.]
 [0.]
 [0.]
 [0.]
 [0.]
 [0.]
 [0.]
 [0.]
 [0.]
 [0.]]
CG: [[10.]
 [10.]
 [10.]
 [10.]
 [10.]
 [10.]
 [10.]
 [10.]
 [10.]
 [10.]
 [10.]
 [10.]
 [10.]
 [10.]
 [10.]
 [10.]
 [10.]
 [10.]
 [10.]
 [10.]
 [10.]
 [10.]
 [10.]
 [10.]
 [10.]
 [10.]
 [10.]
 [10.]
 [10.]
 [10.]
 [10.]
 [10.]
 [10.]
 [10.]
 [10.]
 [10.]
 [10.]
 [10.]
 [10.]
 [10.]
 [10.]
 [10.]
 [10.]
 [10.]
 [10.]
 [10.]
 [10.]
 [10.]
 [10.]
 [10.]
 [10.]
 [10.]
 [10.]
 [10.]
 [10.]
 [10.]
 [10.]
 [10.]
 [10.]
 [10.]
 [10.]
 [10.]
 [10.]
 [10.]
 [10.]
 [10.]
 [10.]
 [10.]
 [10.]
 [10.]
 [10.]
 [10.]
 [10.]
 [10.]
 [10.]
 [10.]
 [10.]
 [10.]
 [10.]
 [10.]
 [10.]
 [10.]
 [10.]
 [10.]
 [10.]
 [10.]
 [10.]
 [10.]
 [10.]
 [10.]
 [10.]
 [10.]
 [10.]
 [10.]
 [10.]
 [10.]
 [10.]
 [10.]
 [10.]
 [10.]]
RG: [[500.]
 [500.]
 [500.]
 [500.]
 [500.]
 [500.]
 [500.]
 [500.]
 [500.]
 [500.]
 [500.]
 [500.]
 [500.]
 [500.]
 [500.]
 [500.]
 [500.]
 [500.]
 [500.]
 [500.]
 [500.]
 [500.]
 [500.]
 [500.]
 [500.]
 [500.]
 [500.]
 [500.]
 [500.]
 [500.]
 [500.]
 [500.]
 [500.]
 [500.]
 [500.]
 [500.]
 [500.]
 [500.]
 [500.]
 [500.]
 [500.]
 [500.]
 [500.]
 [500.]
 [500.]
 [500.]
 [500.]
 [500.]
 [500.]
 [500.]
 [500.]
 [500.]
 [500.]
 [500.]
 [500.]
 [500.]
 [500.]
 [500.]
 [500.]
 [500.]
 [500.]
 [500.]
 [500.]
 [500.]
 [500.]
 [500.]
 [500.]
 [500.]
 [500.]
 [500.]
 [500.]
 [500.]
 [500.]
 [500.]
 [500.]
 [500.]
 [500.]
 [500.]
 [500.]
 [500.]
 [500.]
 [500.]
 [500.]
 [500.]
 [500.]
 [500.]
 [500.]
 [500.]
 [500.]
 [500.]
 [500.]
 [500.]
 [500.]
 [500.]
 [500.]
 [500.]
 [500.]
 [500.]
 [500.]
 [500.]]
Ch: [[1.97674537 1.99177783 1.95296488 2.01643272 2.03909689 2.02557453
  2.03059754 2.04405373 1.9168258  1.99415064 1.93371188]
 [2.00985492 1.98021191 2.07422247 2.02925401 1.90061698 1.99072082
  2.07996005 1.98577928 1.9085976  1.94834422 2.07562185]
 [1.99777783 1.99239285 1.9836851  2.08966354 2.03253206 2.03646314
  2.03268097 1.99498392 1.9359361  1.93218216 2.01015349]
 [1.95535375 1.9457588  1.99243967 2.07732348 2.02200351 1.91790889
  2.01633374 1.94720239 2.02184822 1.99354573 1.93742921]
 [2.05106446 2.00204732 1.93219988 1.93275649 1.92971531 2.09254334
  1.98755156 2.04131296 2.01581976 2.07234508 1.95624643]
 [2.06102715 1.9214383  2.01670036 2.09591574 2.08748242 2.00743845
  2.08524108 2.08990658 1.90369141 2.01287732 2.01931082]
 [2.07065753 2.07650387 2.04843316 1.94557378 1.99300269 1.94288523
  1.97046203 2.04008532 1.99487568 1.98399732 1.95510306]
 [1.93357456 2.05988236 2.01606325 2.02269119 2.0139156  1.91233995
  2.03393735 1.99241007 1.90815112 1.95250529 1.99182742]
 [1.94907926 2.09070475 2.07447015 1.92180432 2.02448689 1.97713368
  1.95200976 2.07708027 1.94351659 2.04020552 1.98025088]
 [2.09145703 2.06849986 1.92981074 1.98659588 2.00461177 1.98863937
  1.99408221 2.09654121 2.05432508 1.94949885 1.92850616]]
Cv: [[0.         0.         0.         0.         0.         0.
  0.         0.         0.         0.        ]
 [1.99057639 2.0166933  2.01344783 2.03170218 2.07774668 1.93151958
  2.01831474 2.02031728 2.07896662 1.98619729]
 [2.08012952 1.9997002  1.94701848 1.92189222 1.95733596 2.05104068
  2.00824776 2.02344277 2.08659172 2.06744974]
 [1.98384934 2.04710245 2.04701099 2.09468438 2.09692671 1.97672533
  1.92178034 1.91166767 1.94250323 1.91383747]
 [1.95622256 2.0568131  1.93707044 1.92426695 1.94701834 2.06296657
  2.040198   1.9962971  1.92256379 2.0463347 ]
 [2.04121596 2.08960234 2.04704577 1.91956049 1.95024288 2.0768073
  1.95555784 2.01655371 2.01255709 1.98806794]
 [1.98526449 2.01854987 2.0779197  2.00044759 1.95584637 2.00273687
  2.03710611 1.98142076 1.92723037 2.05355773]
 [2.03003199 1.90161406 2.021638   1.96929311 2.09828856 2.01498946
  2.09424716 2.06410472 2.02537079 2.01767622]
 [1.92721212 1.97857942 1.90407736 1.9340811  2.00384189 2.00645767
  1.97570209 2.01478965 2.0001331  1.97495717]
 [1.93153488 1.96904844 1.97397617 1.94163325 1.9551161  1.98797126
  2.03847148 1.9866488  2.09104398 1.93126335]]
Rh: [[ 4.02930458  4.77122388 12.54860192  5.78218967 13.20081583  9.17691382
   7.35434212  4.08151683  6.00702857 11.79207602  4.23672364]
 [10.22826004 13.65220993  7.90176739 13.10495078  9.34907549  4.1276154
   4.18976202 13.98948044  9.06483861  8.984007    4.96394094]
 [ 8.30848539 15.76616537 15.26259644 14.06703694 11.17352805  7.49573288
   9.87554081  6.60749429  4.10332359 10.31049855  8.38496204]
 [13.51971897  8.94835595 11.26199567 14.46297685  4.5299683  10.66270503
   4.46709573 12.25970991 15.06014357 14.68793978  4.53936422]
 [ 9.18685576  4.63340785 15.89258905  4.54419206 13.32749425  5.15954765
   9.09072769  5.81604595 10.96506652  4.83010907  4.68816724]
 [ 5.34912786  4.51723087  7.17453322  7.80824653  9.77769571  7.38308892
   7.98902549  7.64511021  4.81389698  5.83751918  4.13044828]
 [11.94920305  5.80383398  7.43127903 10.95947588 11.97499313  4.47954894
   8.46386063  4.15859931 12.18783733  4.32342014  5.10498504]
 [ 5.97293234  7.4292886  10.74752071  4.74053828  4.03251278  5.80824521
  11.30112946 12.97173132  7.68084888  5.85666935  6.20741626]
 [ 4.0126415   7.58370679  6.54357296  7.70260198  4.88831732  4.63110033
  14.6570824  15.0558881   4.851479   12.7347801   4.26867168]
 [ 6.14062198  6.89574987  7.90629324  7.69405301  6.23335505  5.3165132
   8.84722534  4.174831    4.75711785  6.50023404 11.29814781]]
Rv: [[14.51007999  4.2740652   8.13555329  5.09568874  4.0871389   7.53246788
  13.92605085  7.42762378  4.30399056 12.62715906]
 [14.62112708 15.46106839  7.93819321  8.47650708  7.09061785 11.3812822
  13.49249055  5.96258669 15.17204233  6.74724201]
 [ 4.70780743 13.28934937 11.41462576 12.67087127  5.20293089  8.95195294
   5.5267334   7.34130209  4.57264819  8.02637671]
 [ 6.72670594  8.99566205 10.42540156  8.27820327  4.40655174  5.44680428
  15.58298426  8.72068539  6.59004075  4.35723632]
 [ 5.6241161   9.17317914 10.7828471   6.36511093 10.34696251  9.10486924
   9.76371713 14.30745545  5.72187528  9.47875673]
 [11.03819303  6.32794247 12.25824637  8.86134015  8.03342296  4.2510672
  11.06675551 12.11420635  5.69454323  7.19513391]
 [ 6.80377361  5.62281612  5.35304887 13.4135238  10.4296037   6.01203357
   6.15971299 13.57059145  5.36356523  5.0704929 ]
 [10.83378405  9.30977671 13.8664592  10.55674268  4.43863379  4.49058116
   5.75005219  6.22758105 12.72114404  4.30113285]
 [10.43661037  4.45092936 13.54478368  5.80191989 10.00755218  8.46575126
   7.64145186  8.1650864  15.05834266 11.93450307]]