-------Running parameters--------
T = 0.001
temperature_gradient = 0.0
gap = 0.0
M = 10
N = 10
VR = 0.0
Vmin = 0.0
Vmax = 1.1
vStep = 0.001
vSym = True
repeats = 50
fileName = array_10_10_disorder_c_std_0.1_r_std_8_run_3
dist = exp
fullOutput = True
use_graph = False
current_map = True
plot_current_map = False
plot_binary_current_map = False
frame_norm = False
dbg = False
resume = False
sc = False
leaping = False
constQ = False
modifyR = False
double_time = False
double_loop = False
output_folder = bgu_2d_finite_temperature_different_disorders_statistics
params_path = 
VG_avg = 0.0
VG_std = 0.0
C_avg = 2.0
C_std = 0.1
CG_avg = 10.0
CG_std = 0.0
R_avg = 10.0
R_std = 8.0
custom_rh = ""
custom_rv = ""
custom_ch = ""
custom_cv = ""
RG_avg = 500.0
RG_std = 0.0
n0_avg = 0.0
n0_std = 0.0
Q0_avg = 0.0
Q0_std = 0.0
----Array Parameters-----
Rows: 10
Columns: 10
VG: [[0.]
 [0.]
 [0.]
 [0.]
 [0.]
 [0.]
 [0.]
 [0.]
 [0.]
 [0.]
 [0.]
 [0.]
 [0.]
 [0.]
 [0.]
 [0.]
 [0.]
 [0.]
 [0.]
 [0.]
 [0.]
 [0.]
 [0.]
 [0.]
 [0.]
 [0.]
 [0.]
 [0.]
 [0.]
 [0.]
 [0.]
 [0.]
 [0.]
 [0.]
 [0.]
 [0.]
 [0.]
 [0.]
 [0.]
 [0.]
 [0.]
 [0.]
 [0.]
 [0.]
 [0.]
 [0.]
 [0.]
 [0.]
 [0.]
 [0.]
 [0.]
 [0.]
 [0.]
 [0.]
 [0.]
 [0.]
 [0.]
 [0.]
 [0.]
 [0.]
 [0.]
 [0.]
 [0.]
 [0.]
 [0.]
 [0.]
 [0.]
 [0.]
 [0.]
 [0.]
 [0.]
 [0.]
 [0.]
 [0.]
 [0.]
 [0.]
 [0.]
 [0.]
 [0.]
 [0.]
 [0.]
 [0.]
 [0.]
 [0.]
 [0.]
 [0.]
 [0.]
 [0.]
 [0.]
 [0.]
 [0.]
 [0.]
 [0.]
 [0.]
 [0.]
 [0.]
 [0.]
 [0.]
 [0.]
 [0.]]
CG: [[10.]
 [10.]
 [10.]
 [10.]
 [10.]
 [10.]
 [10.]
 [10.]
 [10.]
 [10.]
 [10.]
 [10.]
 [10.]
 [10.]
 [10.]
 [10.]
 [10.]
 [10.]
 [10.]
 [10.]
 [10.]
 [10.]
 [10.]
 [10.]
 [10.]
 [10.]
 [10.]
 [10.]
 [10.]
 [10.]
 [10.]
 [10.]
 [10.]
 [10.]
 [10.]
 [10.]
 [10.]
 [10.]
 [10.]
 [10.]
 [10.]
 [10.]
 [10.]
 [10.]
 [10.]
 [10.]
 [10.]
 [10.]
 [10.]
 [10.]
 [10.]
 [10.]
 [10.]
 [10.]
 [10.]
 [10.]
 [10.]
 [10.]
 [10.]
 [10.]
 [10.]
 [10.]
 [10.]
 [10.]
 [10.]
 [10.]
 [10.]
 [10.]
 [10.]
 [10.]
 [10.]
 [10.]
 [10.]
 [10.]
 [10.]
 [10.]
 [10.]
 [10.]
 [10.]
 [10.]
 [10.]
 [10.]
 [10.]
 [10.]
 [10.]
 [10.]
 [10.]
 [10.]
 [10.]
 [10.]
 [10.]
 [10.]
 [10.]
 [10.]
 [10.]
 [10.]
 [10.]
 [10.]
 [10.]
 [10.]]
RG: [[500.]
 [500.]
 [500.]
 [500.]
 [500.]
 [500.]
 [500.]
 [500.]
 [500.]
 [500.]
 [500.]
 [500.]
 [500.]
 [500.]
 [500.]
 [500.]
 [500.]
 [500.]
 [500.]
 [500.]
 [500.]
 [500.]
 [500.]
 [500.]
 [500.]
 [500.]
 [500.]
 [500.]
 [500.]
 [500.]
 [500.]
 [500.]
 [500.]
 [500.]
 [500.]
 [500.]
 [500.]
 [500.]
 [500.]
 [500.]
 [500.]
 [500.]
 [500.]
 [500.]
 [500.]
 [500.]
 [500.]
 [500.]
 [500.]
 [500.]
 [500.]
 [500.]
 [500.]
 [500.]
 [500.]
 [500.]
 [500.]
 [500.]
 [500.]
 [500.]
 [500.]
 [500.]
 [500.]
 [500.]
 [500.]
 [500.]
 [500.]
 [500.]
 [500.]
 [500.]
 [500.]
 [500.]
 [500.]
 [500.]
 [500.]
 [500.]
 [500.]
 [500.]
 [500.]
 [500.]
 [500.]
 [500.]
 [500.]
 [500.]
 [500.]
 [500.]
 [500.]
 [500.]
 [500.]
 [500.]
 [500.]
 [500.]
 [500.]
 [500.]
 [500.]
 [500.]
 [500.]
 [500.]
 [500.]
 [500.]]
Ch: [[2.01278223 2.00146535 2.0165106  2.01908331 2.04637437 1.98300667
  2.00239147 2.06833163 2.00976359 1.92412896 2.02292558]
 [1.91740379 1.92372988 2.00870942 1.97041884 1.99158674 2.07435736
  1.93704063 2.07079589 2.07220339 1.95674713 2.08495223]
 [1.98213452 1.99655857 2.00283064 2.01373918 1.90137092 1.93128842
  1.96891044 1.93738467 2.03513752 2.0482616  1.95234216]
 [2.09787761 2.04848568 2.09377105 1.91752004 1.90464171 2.03957726
  1.91523737 1.98331638 1.9869026  2.06483095 2.07875628]
 [1.93381894 1.94230768 1.95141649 2.01721463 2.08429425 2.02225581
  2.01225413 1.96380885 1.95998426 1.95293362 2.01031172]
 [2.04523533 1.96740987 2.07264634 1.92815274 2.05833771 2.05943222
  1.93257201 1.93851123 2.04093704 1.96509442 1.94087595]
 [1.98867943 2.08936158 1.96396305 2.08600122 1.90541641 2.01016425
  2.02364816 1.97567385 1.96219275 1.94417846 1.94140887]
 [2.06351292 2.02471248 2.08999713 1.9590905  1.99799412 2.0684028
  1.94043101 1.90351164 2.04768558 2.08560998 2.01463601]
 [2.07114142 1.967065   2.0419391  1.95989198 2.0274959  1.92089372
  1.98445493 2.07518897 1.92156302 1.91067027 2.0879834 ]
 [2.0076392  2.0244862  2.09755318 2.08795227 1.94183399 1.94133458
  1.9951985  2.06207705 2.07424092 1.96483295 1.91375655]]
Cv: [[0.         0.         0.         0.         0.         0.
  0.         0.         0.         0.        ]
 [2.02719292 1.96704759 2.04354303 2.09622536 2.02136254 1.93603587
  2.09689839 2.06632071 1.99146658 1.90236215]
 [2.01495207 2.09889059 2.0480809  2.01917001 1.9727757  2.00161291
  2.01409492 1.98891978 1.95132024 1.96772189]
 [1.93489139 2.04622015 2.04139859 1.99006027 2.09774343 2.05743295
  1.97894044 1.93382017 1.93681894 2.08900395]
 [1.96382063 2.06060503 2.04157188 1.97139388 2.0084144  1.96171245
  2.06524801 1.98955213 2.05214128 2.07951839]
 [2.02911947 2.02027814 1.97843088 1.95364653 2.00210086 2.02475813
  1.91384832 1.91589074 1.99584387 2.01543406]
 [2.03870141 2.0814866  1.97005898 2.07340859 1.91198079 2.00103503
  1.99866103 1.94135414 2.08933754 1.92612655]
 [1.92420143 2.08530668 2.08732075 1.98785203 2.05865384 1.99414215
  1.95677377 1.90436039 1.95368972 2.02277194]
 [1.91737351 1.98186628 2.05851797 2.00428444 2.01101498 2.07612343
  2.08927335 2.09710721 2.06999362 1.9399558 ]
 [2.00355066 2.01694776 2.09826725 1.96537311 2.05255066 2.02719536
  1.92115985 2.0630449  2.0296568  2.06260086]]
Rh: [[17.45825017  8.53879191  2.42433566  3.34884616 11.25391782 11.51322357
  13.68814057 10.25204795 11.86075707  2.68636992  8.34385859]
 [11.13150233  7.99418021  2.14135691  9.2345542   2.1850861   3.95894778
  10.49146475 16.81852618  7.07279629  5.873901    3.8037633 ]
 [ 5.70897809  2.61199395  4.97550234  2.61428673 17.98105371  2.17299754
   8.13560219  2.34967614  2.07329192 12.72001875  3.01398671]
 [12.12201236  2.21153709  6.42373334 13.82769723  3.60793296  4.45824132
   3.29583295 14.31037023  2.56154677 13.02688654  2.77516678]
 [ 3.75605177  3.94660844 12.66435986 10.14021573  4.77397615  2.86511297
   5.80326031  6.99887335  3.24210308  5.10406019  9.87522066]
 [ 2.82483558  9.42937631 17.57276984  4.93829508  4.13883625  7.37093079
   9.04969919  3.91862274  7.89107866  6.58761173  5.59964158]
 [ 5.12951153 15.60655282  5.79802454  6.94097589  4.49561478  2.36861733
   3.26667412  3.66572642  7.17954776  2.43378245  3.80696402]
 [15.447603    2.80041763 14.07523619 13.51239596  4.30407822  9.37107385
   4.57689927 15.40700331  7.89843727  2.90257348 16.85139787]
 [ 6.80183387  5.18613745  5.98821576  3.2252274  11.49037756 16.5688635
   8.59723992  8.63490121  4.62652112  2.74942845  3.09961999]
 [ 6.72635078  4.00969405  6.79106241  7.44893623 11.96516676 16.7242213
   9.59856927  2.93511924  4.10429304 11.83350495  2.44388073]]
Rv: [[ 2.22674618  7.42152743  4.85833114  8.59140669 17.29390223  7.93184937
  14.16918413 14.1636241  14.15151934  2.05765311]
 [ 8.65166053  3.12997594  5.79535843  4.34936873 14.97369059  3.3917344
   3.62847043  2.49126915 12.40445856  2.78899826]
 [ 2.09827519  8.72905839  5.95940743 12.5753871   2.57533292  9.26006753
   5.80593855  2.09475952  4.05325606  4.05312084]
 [ 5.04400103  2.3588372   2.39755716  8.01717894  7.63794887  7.91164301
   4.26947969  8.08032621  3.85308449  2.05717954]
 [ 7.19439951  9.46548452  5.14611767  3.10308925 13.20578042 12.84644987
   3.09437598 17.82600793  2.08813881  5.30551526]
 [ 6.01603545  2.94504381  4.4903149  13.06119498  9.81222143  5.40905362
   2.41776958  4.43511985 17.23622608  4.52149758]
 [ 2.33798329  5.56229776 12.57832072  5.64443425 12.90338239 16.4560481
   6.92544506  6.97652336  2.62248805  3.94944601]
 [14.81714496 12.73757213 17.3453569  13.599188    6.45170348  5.27928091
   8.80229399 11.26695925 15.00424725  9.23433834]
 [14.85381055  8.89948511  7.43282326  2.59478443  4.53382526 16.02613646
   2.577576    3.29961604  5.69113627  5.70909178]]