-------Running parameters--------
T = 0.001
temperature_gradient = 0.0
gap = 0.0
M = 10
N = 10
VR = 0.0
Vmin = 0.0
Vmax = 1.1
vStep = 0.001
vSym = True
repeats = 50
fileName = array_10_10_disorder_c_std_0.1_r_std_6.5_run_2
dist = exp
fullOutput = True
use_graph = False
current_map = True
plot_current_map = False
plot_binary_current_map = False
frame_norm = False
dbg = False
resume = False
sc = False
leaping = False
constQ = False
modifyR = False
double_time = False
double_loop = False
output_folder = bgu_2d_finite_temperature_different_disorders_statistics
params_path = 
VG_avg = 0.0
VG_std = 0.0
C_avg = 2.0
C_std = 0.1
CG_avg = 10.0
CG_std = 0.0
R_avg = 10.0
R_std = 6.5
custom_rh = ""
custom_rv = ""
custom_ch = ""
custom_cv = ""
RG_avg = 500.0
RG_std = 0.0
n0_avg = 0.0
n0_std = 0.0
Q0_avg = 0.0
Q0_std = 0.0
----Array Parameters-----
Rows: 10
Columns: 10
VG: [[0.]
 [0.]
 [0.]
 [0.]
 [0.]
 [0.]
 [0.]
 [0.]
 [0.]
 [0.]
 [0.]
 [0.]
 [0.]
 [0.]
 [0.]
 [0.]
 [0.]
 [0.]
 [0.]
 [0.]
 [0.]
 [0.]
 [0.]
 [0.]
 [0.]
 [0.]
 [0.]
 [0.]
 [0.]
 [0.]
 [0.]
 [0.]
 [0.]
 [0.]
 [0.]
 [0.]
 [0.]
 [0.]
 [0.]
 [0.]
 [0.]
 [0.]
 [0.]
 [0.]
 [0.]
 [0.]
 [0.]
 [0.]
 [0.]
 [0.]
 [0.]
 [0.]
 [0.]
 [0.]
 [0.]
 [0.]
 [0.]
 [0.]
 [0.]
 [0.]
 [0.]
 [0.]
 [0.]
 [0.]
 [0.]
 [0.]
 [0.]
 [0.]
 [0.]
 [0.]
 [0.]
 [0.]
 [0.]
 [0.]
 [0.]
 [0.]
 [0.]
 [0.]
 [0.]
 [0.]
 [0.]
 [0.]
 [0.]
 [0.]
 [0.]
 [0.]
 [0.]
 [0.]
 [0.]
 [0.]
 [0.]
 [0.]
 [0.]
 [0.]
 [0.]
 [0.]
 [0.]
 [0.]
 [0.]
 [0.]]
CG: [[10.]
 [10.]
 [10.]
 [10.]
 [10.]
 [10.]
 [10.]
 [10.]
 [10.]
 [10.]
 [10.]
 [10.]
 [10.]
 [10.]
 [10.]
 [10.]
 [10.]
 [10.]
 [10.]
 [10.]
 [10.]
 [10.]
 [10.]
 [10.]
 [10.]
 [10.]
 [10.]
 [10.]
 [10.]
 [10.]
 [10.]
 [10.]
 [10.]
 [10.]
 [10.]
 [10.]
 [10.]
 [10.]
 [10.]
 [10.]
 [10.]
 [10.]
 [10.]
 [10.]
 [10.]
 [10.]
 [10.]
 [10.]
 [10.]
 [10.]
 [10.]
 [10.]
 [10.]
 [10.]
 [10.]
 [10.]
 [10.]
 [10.]
 [10.]
 [10.]
 [10.]
 [10.]
 [10.]
 [10.]
 [10.]
 [10.]
 [10.]
 [10.]
 [10.]
 [10.]
 [10.]
 [10.]
 [10.]
 [10.]
 [10.]
 [10.]
 [10.]
 [10.]
 [10.]
 [10.]
 [10.]
 [10.]
 [10.]
 [10.]
 [10.]
 [10.]
 [10.]
 [10.]
 [10.]
 [10.]
 [10.]
 [10.]
 [10.]
 [10.]
 [10.]
 [10.]
 [10.]
 [10.]
 [10.]
 [10.]]
RG: [[500.]
 [500.]
 [500.]
 [500.]
 [500.]
 [500.]
 [500.]
 [500.]
 [500.]
 [500.]
 [500.]
 [500.]
 [500.]
 [500.]
 [500.]
 [500.]
 [500.]
 [500.]
 [500.]
 [500.]
 [500.]
 [500.]
 [500.]
 [500.]
 [500.]
 [500.]
 [500.]
 [500.]
 [500.]
 [500.]
 [500.]
 [500.]
 [500.]
 [500.]
 [500.]
 [500.]
 [500.]
 [500.]
 [500.]
 [500.]
 [500.]
 [500.]
 [500.]
 [500.]
 [500.]
 [500.]
 [500.]
 [500.]
 [500.]
 [500.]
 [500.]
 [500.]
 [500.]
 [500.]
 [500.]
 [500.]
 [500.]
 [500.]
 [500.]
 [500.]
 [500.]
 [500.]
 [500.]
 [500.]
 [500.]
 [500.]
 [500.]
 [500.]
 [500.]
 [500.]
 [500.]
 [500.]
 [500.]
 [500.]
 [500.]
 [500.]
 [500.]
 [500.]
 [500.]
 [500.]
 [500.]
 [500.]
 [500.]
 [500.]
 [500.]
 [500.]
 [500.]
 [500.]
 [500.]
 [500.]
 [500.]
 [500.]
 [500.]
 [500.]
 [500.]
 [500.]
 [500.]
 [500.]
 [500.]
 [500.]]
Ch: [[2.05328971 2.06475111 2.05292597 1.94350224 2.0934115  1.94330196
  2.0139565  1.9549843  2.04606273 2.00078974 2.03505681]
 [1.90941594 2.01394531 1.95818701 2.07547451 1.95657407 2.08451267
  1.90106189 1.91713012 1.92972334 1.99818992 1.91471691]
 [1.931625   1.92441088 2.07814604 2.00037664 2.09139013 1.92906777
  2.09804189 1.94462986 1.95854969 2.04518573 1.90708348]
 [2.00648247 2.02719236 2.06838028 1.98585628 2.04470333 2.09787219
  1.99410556 1.96914254 2.09362404 1.9145973  2.064326  ]
 [1.98510684 2.04398092 1.91649494 1.95564343 2.07019008 2.09049985
  1.96299673 2.02968094 2.08746685 2.05284112 2.08928679]
 [1.9851169  2.00243967 1.97252221 1.9077985  1.98555897 2.02054535
  2.05173992 2.02284951 1.9753742  2.09537885 1.91272081]
 [2.05137674 2.03882547 1.93737805 2.03558862 1.91945079 2.09125597
  2.0834315  2.04101742 2.01393066 1.90159587 2.09884368]
 [1.97093324 2.06914909 2.06984862 1.9770682  2.01434111 1.90264004
  2.04774498 1.946699   2.0123716  2.05487659 2.00149586]
 [2.06305771 1.96947612 1.96835518 2.06355848 2.03140246 2.08363255
  1.99683794 2.01502184 1.97703295 1.97417232 2.07565505]
 [2.01749054 1.95408018 1.94909836 2.07780485 2.03269554 1.94367834
  2.09233283 2.03565804 2.04005074 1.93225311 2.05392763]]
Cv: [[0.         0.         0.         0.         0.         0.
  0.         0.         0.         0.        ]
 [1.96593777 2.03988582 1.96644844 1.96464732 1.92673723 2.03899506
  2.03194917 2.06825807 2.07504367 2.06091005]
 [2.00678208 2.07998125 1.99429074 1.97123253 1.99469701 1.9321023
  2.06291477 1.94537328 2.03964684 2.07970653]
 [2.01492749 1.97303053 2.01555956 2.03474952 1.92432397 1.93218971
  2.02936689 2.09964322 1.9758141  2.05472291]
 [2.09041368 2.02041878 2.03430691 2.08368953 2.06019971 1.92698485
  1.99354435 2.04642352 2.02177489 2.02977955]
 [2.03996203 1.99528509 1.98202871 1.98699795 1.99080526 2.04572613
  2.09453239 1.90101359 2.06979921 1.97656123]
 [2.09326682 1.98392473 2.04092087 1.97397782 2.00486755 1.94664704
  1.90396547 2.04508954 2.09357012 1.92174924]
 [2.09411119 1.9708888  1.9584635  2.05662167 2.08972558 2.0785168
  2.05005952 2.01427082 1.93924377 1.9453555 ]
 [1.9999575  1.91778549 2.07226659 1.95495626 1.99386458 2.03246988
  2.02851497 2.06905548 2.02913962 2.02386187]
 [2.0076339  2.06833823 2.02132491 2.00601974 2.09905239 1.98991504
  2.02735557 2.00685358 2.00796821 1.96662024]]
Rh: [[ 3.99624901  7.01205062  4.80427598  7.838163    4.25593401  6.95006494
   5.88643022 15.71991654 15.42560605  9.7253433  14.52276557]
 [ 5.17827716  9.63513135  5.14283079  8.853243    7.43212033 13.19926256
   3.73074857  6.45633362  9.92259097  6.05941224  5.09984926]
 [ 4.23403691  6.42449335 10.63067465  8.84680058  8.602088    7.44572633
   4.08394653 16.22655419  8.83000407  8.94134729  5.88884581]
 [ 4.27398178  7.2400217   7.02514263 10.5240479  12.29487931  5.26818889
  12.17441745  7.59234635  3.78774742  4.63369291  7.56208968]
 [ 4.32178669  5.97717648  3.93146877 10.12040369 12.7737644   8.07140288
   5.48846712  8.5795299   8.93271026  9.72198866  4.88081039]
 [ 6.55245722  5.68540852  3.69157192  4.17941688 13.32127551  8.63833922
   8.11571922 14.82281193  5.56074545  3.74088386  7.73402507]
 [14.0442507   4.97731321 10.97000068  9.03715178 10.56855575  3.88265961
   7.48951263  3.53042043  9.23598865 11.20494129 10.06317024]
 [14.9505918   9.55392339  4.683816    4.62932796  8.55422356 13.58420582
   4.72864501 14.26958093 11.99143557  5.90397278 16.49674274]
 [12.29992958  3.79831758  4.83959451  4.83448028 12.82434859  6.11463726
   9.5371829   4.71424803 13.15945518 15.17986493  4.35794518]
 [ 8.99234479  7.0705426  11.58342694 15.00737502  4.49239212  5.26415797
  12.60811533 10.17908944 15.312101   10.86269792  9.96086353]]
Rv: [[ 9.72524126 15.5808177   5.32120058 10.20060886  7.90840324 11.93117671
   5.02824508  5.11319604  3.56977795 11.40283811]
 [ 7.15598334 10.23929677  9.49546391  3.6307053   8.06735248 15.91380058
   6.81826742 13.39945436 12.85393658 10.05774216]
 [ 6.42706444  5.39400636  6.72616145 13.76595677  3.94497602  8.33595708
   7.53243726  5.13179563  7.4756627   9.27683982]
 [ 6.43446588 13.13930302  6.86708882  7.30342699 12.12836285  9.90636783
  12.95093084 13.89529681  4.30096343 14.05589565]
 [ 3.78646294 11.70554163  5.61985466 12.09783792  5.95232473 16.30717614
  11.90650953  7.64191482  4.967185   14.21780211]
 [16.16211582 15.81074595 10.52209006  7.589072   12.60289483  5.48686162
   4.69029295  9.17962942  7.34408677  5.02548836]
 [ 7.84362479 10.46848219 14.95304585 16.33643613 10.79661865  6.46134111
   9.42082578 15.03230604  3.59409335  9.62904813]
 [ 3.87593589  6.96867754  4.2355532   7.14390772  7.29326356  6.4402531
  12.36564634 10.72389442  5.08975261  9.32748207]
 [ 4.47982981  5.06465266  3.84134955 11.74447531  4.76678654  4.24775273
   7.36305644 15.56402923 12.84194114  5.24139034]]