-------Running parameters--------
T = 0.001
temperature_gradient = 0.0
gap = 0.0
M = 10
N = 10
VR = 0.0
Vmin = 0.0
Vmax = 1.1
vStep = 0.001
vSym = True
repeats = 50
fileName = array_10_10_disorder_c_std_0.1_r_std_8_run_9
dist = exp
fullOutput = True
use_graph = False
current_map = True
plot_current_map = False
plot_binary_current_map = False
frame_norm = False
dbg = False
resume = False
sc = False
leaping = False
constQ = False
modifyR = False
double_time = False
double_loop = False
output_folder = bgu_2d_finite_temperature_different_disorders_statistics
params_path = 
VG_avg = 0.0
VG_std = 0.0
C_avg = 2.0
C_std = 0.1
CG_avg = 10.0
CG_std = 0.0
R_avg = 10.0
R_std = 8.0
custom_rh = ""
custom_rv = ""
custom_ch = ""
custom_cv = ""
RG_avg = 500.0
RG_std = 0.0
n0_avg = 0.0
n0_std = 0.0
Q0_avg = 0.0
Q0_std = 0.0
----Array Parameters-----
Rows: 10
Columns: 10
VG: [[0.]
 [0.]
 [0.]
 [0.]
 [0.]
 [0.]
 [0.]
 [0.]
 [0.]
 [0.]
 [0.]
 [0.]
 [0.]
 [0.]
 [0.]
 [0.]
 [0.]
 [0.]
 [0.]
 [0.]
 [0.]
 [0.]
 [0.]
 [0.]
 [0.]
 [0.]
 [0.]
 [0.]
 [0.]
 [0.]
 [0.]
 [0.]
 [0.]
 [0.]
 [0.]
 [0.]
 [0.]
 [0.]
 [0.]
 [0.]
 [0.]
 [0.]
 [0.]
 [0.]
 [0.]
 [0.]
 [0.]
 [0.]
 [0.]
 [0.]
 [0.]
 [0.]
 [0.]
 [0.]
 [0.]
 [0.]
 [0.]
 [0.]
 [0.]
 [0.]
 [0.]
 [0.]
 [0.]
 [0.]
 [0.]
 [0.]
 [0.]
 [0.]
 [0.]
 [0.]
 [0.]
 [0.]
 [0.]
 [0.]
 [0.]
 [0.]
 [0.]
 [0.]
 [0.]
 [0.]
 [0.]
 [0.]
 [0.]
 [0.]
 [0.]
 [0.]
 [0.]
 [0.]
 [0.]
 [0.]
 [0.]
 [0.]
 [0.]
 [0.]
 [0.]
 [0.]
 [0.]
 [0.]
 [0.]
 [0.]]
CG: [[10.]
 [10.]
 [10.]
 [10.]
 [10.]
 [10.]
 [10.]
 [10.]
 [10.]
 [10.]
 [10.]
 [10.]
 [10.]
 [10.]
 [10.]
 [10.]
 [10.]
 [10.]
 [10.]
 [10.]
 [10.]
 [10.]
 [10.]
 [10.]
 [10.]
 [10.]
 [10.]
 [10.]
 [10.]
 [10.]
 [10.]
 [10.]
 [10.]
 [10.]
 [10.]
 [10.]
 [10.]
 [10.]
 [10.]
 [10.]
 [10.]
 [10.]
 [10.]
 [10.]
 [10.]
 [10.]
 [10.]
 [10.]
 [10.]
 [10.]
 [10.]
 [10.]
 [10.]
 [10.]
 [10.]
 [10.]
 [10.]
 [10.]
 [10.]
 [10.]
 [10.]
 [10.]
 [10.]
 [10.]
 [10.]
 [10.]
 [10.]
 [10.]
 [10.]
 [10.]
 [10.]
 [10.]
 [10.]
 [10.]
 [10.]
 [10.]
 [10.]
 [10.]
 [10.]
 [10.]
 [10.]
 [10.]
 [10.]
 [10.]
 [10.]
 [10.]
 [10.]
 [10.]
 [10.]
 [10.]
 [10.]
 [10.]
 [10.]
 [10.]
 [10.]
 [10.]
 [10.]
 [10.]
 [10.]
 [10.]]
RG: [[500.]
 [500.]
 [500.]
 [500.]
 [500.]
 [500.]
 [500.]
 [500.]
 [500.]
 [500.]
 [500.]
 [500.]
 [500.]
 [500.]
 [500.]
 [500.]
 [500.]
 [500.]
 [500.]
 [500.]
 [500.]
 [500.]
 [500.]
 [500.]
 [500.]
 [500.]
 [500.]
 [500.]
 [500.]
 [500.]
 [500.]
 [500.]
 [500.]
 [500.]
 [500.]
 [500.]
 [500.]
 [500.]
 [500.]
 [500.]
 [500.]
 [500.]
 [500.]
 [500.]
 [500.]
 [500.]
 [500.]
 [500.]
 [500.]
 [500.]
 [500.]
 [500.]
 [500.]
 [500.]
 [500.]
 [500.]
 [500.]
 [500.]
 [500.]
 [500.]
 [500.]
 [500.]
 [500.]
 [500.]
 [500.]
 [500.]
 [500.]
 [500.]
 [500.]
 [500.]
 [500.]
 [500.]
 [500.]
 [500.]
 [500.]
 [500.]
 [500.]
 [500.]
 [500.]
 [500.]
 [500.]
 [500.]
 [500.]
 [500.]
 [500.]
 [500.]
 [500.]
 [500.]
 [500.]
 [500.]
 [500.]
 [500.]
 [500.]
 [500.]
 [500.]
 [500.]
 [500.]
 [500.]
 [500.]
 [500.]]
Ch: [[1.99319678 1.93209376 1.91589676 2.02916437 2.06302261 2.07273708
  1.96044704 2.01306859 1.9996732  1.97789389 2.08206572]
 [1.94009366 1.96730371 1.92128971 1.90439872 1.94408735 2.04276855
  2.04443742 2.08904234 2.03101031 2.03542383 1.90945157]
 [2.08338101 1.98326159 2.07527867 1.90716934 2.03573336 2.00167295
  2.09785244 1.97319993 2.04004177 1.95229804 2.02649955]
 [2.07492277 1.98756516 2.0974808  1.97173691 2.03158115 2.07677711
  2.05391648 1.93553323 1.97181377 2.09384848 2.02106344]
 [2.05700271 2.02483249 2.04587407 2.00305603 2.0555696  2.06472982
  1.99381101 2.05747832 2.00096774 2.07567955 1.90694923]
 [2.06436439 2.00215432 2.08987327 1.93342643 1.95412153 2.09553681
  2.08812969 1.90995208 1.92524185 1.98334064 2.0750364 ]
 [1.92605173 2.06275704 1.91168394 2.09974686 2.04869218 1.95818695
  1.93676833 1.99698396 2.08669044 2.02515257 2.08911407]
 [1.90570851 1.92209437 1.92344517 1.92602065 1.93960253 2.08355038
  1.98009886 2.01012509 2.05346028 2.08618095 2.08162265]
 [1.94215234 2.03777256 2.06173729 2.03762536 2.04342366 2.09573222
  1.9107028  1.95109178 1.95162386 1.99764207 2.08768074]
 [1.96148166 2.00289466 1.95891536 2.08434546 1.98618577 2.02887345
  1.9211904  2.05338992 1.95044654 1.96222192 2.02627765]]
Cv: [[0.         0.         0.         0.         0.         0.
  0.         0.         0.         0.        ]
 [1.98417436 2.02496501 2.04464259 2.0651588  2.02718602 1.99699768
  2.09481142 1.93403302 1.9341187  2.09790222]
 [1.90070778 2.07280643 2.014527   1.99153486 1.98182748 2.08442033
  1.94645619 1.99962324 2.0706556  1.99407564]
 [2.02397772 2.04608161 2.09400894 1.95792871 1.97716154 1.91033668
  1.94231081 1.98993913 2.09701055 2.06778354]
 [2.05395265 1.99363821 2.02474406 1.93881753 1.99802031 1.96827781
  2.09620905 1.98479004 2.0575454  1.98963416]
 [2.0534561  1.97798066 1.94948898 2.0759758  2.00576298 2.09113349
  1.93110302 1.91981979 1.96127381 1.99102072]
 [2.02439161 1.95476624 2.0758246  1.95986225 1.93572148 1.90719112
  2.01041868 1.91389961 1.96389092 1.95821503]
 [2.0416632  2.01471148 2.01106291 2.09769827 1.91972248 1.96699009
  1.92965879 1.91256791 2.09770505 2.09264539]
 [1.91414871 2.04092568 1.98887797 2.073136   2.00337304 2.03418335
  2.01785243 2.08921828 1.90062072 1.99291824]
 [2.07749149 1.93383374 2.07964844 2.00594364 1.9043361  1.96542587
  1.98004623 1.98138551 1.94446939 2.04745914]]
Rh: [[10.27756844  3.14725876  2.97622593  5.97973093  6.57310308  6.03732342
   7.46088291  2.32348911  4.90872064  5.797194    7.3831199 ]
 [ 7.12919656  2.1183387   4.37583059  4.56613261  8.03019257  2.41809059
   5.87732129 16.28553975  5.33771598 13.45336165 11.57535828]
 [ 2.28047473  2.65428982  9.13064533  7.38834766  5.64775356  5.37060723
   5.87435549  7.21833661  5.94577099 10.70766444 12.12784282]
 [ 2.6890289   2.90722829  4.03462309  3.72470449  2.35241906  2.08443906
   5.33311361  4.33087304  2.95822854  6.47154922  3.02446348]
 [ 5.80756681 17.39814683  4.15272746 13.41710243  7.14225661  2.92791926
   2.57623271  4.71809778 12.61009932  3.45362117  7.11104448]
 [ 2.77998174  9.90255481  3.12045379  5.18661658  2.46284509  3.30401716
   5.21836905  9.05476806  4.82639037  3.47518722  2.94389145]
 [ 2.73079979  4.54943112  2.82426525 11.71174069 14.68148783 15.27803324
   3.5258165  17.30311682  9.16788335  2.23303231  8.11142208]
 [15.71913201 15.2750224   4.33239995  3.26639472 16.64119633 15.3711711
   3.24488813  3.52215303  8.46553946  6.0644172   5.93640575]
 [ 4.43461288  2.4399879  10.79136871  2.48628017 17.16506381  6.38993936
  17.25936077  4.51753796  2.57254603  3.1636827  12.1835876 ]
 [ 6.00442083  5.03517289  5.24593153  2.18743135 12.60402315  3.87763266
   6.23737814  4.94235778  9.51311399  2.25982513 10.75663677]]
Rv: [[ 4.85516688  4.40661788  2.08710351  9.03266907 13.165685   13.41915006
   7.44227422  2.50753068 13.49187482  5.04018065]
 [ 3.42392842  5.87610728  2.33543147  2.32326585  7.28172786  2.96081069
   3.12779025  3.51648798 11.72959501  8.37132434]
 [ 6.83339555 17.04148771 17.4863921   4.44355901 10.5155862   8.3207826
   3.97227662  3.36491509  5.42652134 17.90960337]
 [ 3.20232893 16.7977852   3.62566048  2.7583199  14.09415777  8.9676241
   2.9611141  17.92731048 10.51121373  3.67584372]
 [11.73656225  9.16886967  9.03125372 13.00466739  8.16837159  9.90014877
   2.00004061  2.39342012  5.97263707  2.87238781]
 [ 2.07593259  8.50310021  6.30583595 11.15321747  9.72216223  4.3629606
   5.6279544   7.30424478  2.21323513  6.51395548]
 [ 8.90206704  2.89287412 12.19738203  2.745361   14.25196535 17.18772506
  11.36899046  2.8762508   5.89737659 10.12211542]
 [17.99734582 14.1413284  11.12523352  6.75189838 14.33843786 10.1657972
   8.86157304  2.42472564  2.53640919  2.03171618]
 [10.33872431  6.84056509  3.34680134  2.27657811 17.10896651 10.32008159
   6.16068653  8.29874785  2.15022866 12.39656418]]