-------Running parameters--------
T = 0.001
temperature_gradient = 0.0
gap = 0.0
M = 10
N = 10
VR = 0.0
Vmin = 0.0
Vmax = 1.1
vStep = 0.001
vSym = True
repeats = 50
fileName = array_10_10_disorder_c_std_0.1_r_std_8.5_run_4
dist = exp
fullOutput = True
use_graph = False
current_map = True
plot_current_map = False
plot_binary_current_map = False
frame_norm = False
dbg = False
resume = False
sc = False
leaping = False
constQ = False
modifyR = False
double_time = False
double_loop = False
output_folder = bgu_2d_finite_temperature_different_disorders_statistics
params_path = 
VG_avg = 0.0
VG_std = 0.0
C_avg = 2.0
C_std = 0.1
CG_avg = 10.0
CG_std = 0.0
R_avg = 10.0
R_std = 8.5
custom_rh = ""
custom_rv = ""
custom_ch = ""
custom_cv = ""
RG_avg = 500.0
RG_std = 0.0
n0_avg = 0.0
n0_std = 0.0
Q0_avg = 0.0
Q0_std = 0.0
----Array Parameters-----
Rows: 10
Columns: 10
VG: [[0.]
 [0.]
 [0.]
 [0.]
 [0.]
 [0.]
 [0.]
 [0.]
 [0.]
 [0.]
 [0.]
 [0.]
 [0.]
 [0.]
 [0.]
 [0.]
 [0.]
 [0.]
 [0.]
 [0.]
 [0.]
 [0.]
 [0.]
 [0.]
 [0.]
 [0.]
 [0.]
 [0.]
 [0.]
 [0.]
 [0.]
 [0.]
 [0.]
 [0.]
 [0.]
 [0.]
 [0.]
 [0.]
 [0.]
 [0.]
 [0.]
 [0.]
 [0.]
 [0.]
 [0.]
 [0.]
 [0.]
 [0.]
 [0.]
 [0.]
 [0.]
 [0.]
 [0.]
 [0.]
 [0.]
 [0.]
 [0.]
 [0.]
 [0.]
 [0.]
 [0.]
 [0.]
 [0.]
 [0.]
 [0.]
 [0.]
 [0.]
 [0.]
 [0.]
 [0.]
 [0.]
 [0.]
 [0.]
 [0.]
 [0.]
 [0.]
 [0.]
 [0.]
 [0.]
 [0.]
 [0.]
 [0.]
 [0.]
 [0.]
 [0.]
 [0.]
 [0.]
 [0.]
 [0.]
 [0.]
 [0.]
 [0.]
 [0.]
 [0.]
 [0.]
 [0.]
 [0.]
 [0.]
 [0.]
 [0.]]
CG: [[10.]
 [10.]
 [10.]
 [10.]
 [10.]
 [10.]
 [10.]
 [10.]
 [10.]
 [10.]
 [10.]
 [10.]
 [10.]
 [10.]
 [10.]
 [10.]
 [10.]
 [10.]
 [10.]
 [10.]
 [10.]
 [10.]
 [10.]
 [10.]
 [10.]
 [10.]
 [10.]
 [10.]
 [10.]
 [10.]
 [10.]
 [10.]
 [10.]
 [10.]
 [10.]
 [10.]
 [10.]
 [10.]
 [10.]
 [10.]
 [10.]
 [10.]
 [10.]
 [10.]
 [10.]
 [10.]
 [10.]
 [10.]
 [10.]
 [10.]
 [10.]
 [10.]
 [10.]
 [10.]
 [10.]
 [10.]
 [10.]
 [10.]
 [10.]
 [10.]
 [10.]
 [10.]
 [10.]
 [10.]
 [10.]
 [10.]
 [10.]
 [10.]
 [10.]
 [10.]
 [10.]
 [10.]
 [10.]
 [10.]
 [10.]
 [10.]
 [10.]
 [10.]
 [10.]
 [10.]
 [10.]
 [10.]
 [10.]
 [10.]
 [10.]
 [10.]
 [10.]
 [10.]
 [10.]
 [10.]
 [10.]
 [10.]
 [10.]
 [10.]
 [10.]
 [10.]
 [10.]
 [10.]
 [10.]
 [10.]]
RG: [[500.]
 [500.]
 [500.]
 [500.]
 [500.]
 [500.]
 [500.]
 [500.]
 [500.]
 [500.]
 [500.]
 [500.]
 [500.]
 [500.]
 [500.]
 [500.]
 [500.]
 [500.]
 [500.]
 [500.]
 [500.]
 [500.]
 [500.]
 [500.]
 [500.]
 [500.]
 [500.]
 [500.]
 [500.]
 [500.]
 [500.]
 [500.]
 [500.]
 [500.]
 [500.]
 [500.]
 [500.]
 [500.]
 [500.]
 [500.]
 [500.]
 [500.]
 [500.]
 [500.]
 [500.]
 [500.]
 [500.]
 [500.]
 [500.]
 [500.]
 [500.]
 [500.]
 [500.]
 [500.]
 [500.]
 [500.]
 [500.]
 [500.]
 [500.]
 [500.]
 [500.]
 [500.]
 [500.]
 [500.]
 [500.]
 [500.]
 [500.]
 [500.]
 [500.]
 [500.]
 [500.]
 [500.]
 [500.]
 [500.]
 [500.]
 [500.]
 [500.]
 [500.]
 [500.]
 [500.]
 [500.]
 [500.]
 [500.]
 [500.]
 [500.]
 [500.]
 [500.]
 [500.]
 [500.]
 [500.]
 [500.]
 [500.]
 [500.]
 [500.]
 [500.]
 [500.]
 [500.]
 [500.]
 [500.]
 [500.]]
Ch: [[2.02543055 2.07199152 1.99746879 1.99848834 1.95969034 2.08165815
  1.98302576 2.01261802 2.08914851 1.91394305 1.99473892]
 [1.91373716 2.03037967 2.09994549 2.03060099 2.00967302 1.9778828
  2.00087024 1.95478033 1.90023033 2.07366611 2.00225375]
 [2.08410895 1.97832828 1.91007487 1.96146341 1.96981789 2.00088063
  1.97170715 1.97780453 1.98473768 1.93941506 2.05171952]
 [1.90380974 2.07231129 1.94337214 1.90451558 1.95940896 1.97715084
  1.91849561 1.94093495 2.02847075 2.07959148 2.07811237]
 [1.94624787 2.04706522 2.04363597 2.07781476 1.96191443 2.07083323
  2.08584297 1.90363124 1.91730892 1.99598224 2.00982109]
 [2.08490892 2.01952052 1.9203126  1.93222203 1.99666202 2.05601479
  1.94774694 2.06990718 2.00460426 1.94711812 1.93783082]
 [1.9750683  2.05165706 1.9881496  2.06854027 2.01376008 2.0545184
  1.9012632  2.09228169 1.93591229 2.03321797 1.95834225]
 [1.99966934 2.07904952 2.08568983 2.03488066 2.07495087 1.9587423
  2.04073875 1.96682494 2.05528446 2.02906855 1.9424718 ]
 [2.01969475 1.94627973 2.04827196 2.06643584 1.97240836 1.91559646
  2.03213741 2.05753421 1.90071956 1.94665718 2.01097703]
 [2.00036807 2.03226292 1.9706885  2.0265112  1.91491237 1.97353923
  2.0816612  1.9225764  2.0561592  2.0145947  1.98038312]]
Cv: [[0.         0.         0.         0.         0.         0.
  0.         0.         0.         0.        ]
 [1.90029911 1.91419636 1.95452458 2.0518411  1.90801845 2.06443835
  2.07386317 2.04696471 1.93998589 1.92789728]
 [2.00291273 1.95528363 1.98171007 2.05756015 1.94402279 1.99207466
  2.05346362 2.01598471 1.94750835 1.92837489]
 [1.92110858 2.000787   1.95347596 1.91591463 2.00973334 2.03344748
  2.04709517 1.91639181 2.0564594  1.97224793]
 [1.93614709 1.95840824 1.96607493 2.0867967  2.08037474 1.96649954
  1.979397   2.0162732  1.9061497  1.93541044]
 [1.98980457 1.9738649  2.05321164 1.97644021 1.96368527 1.98971116
  1.96648264 2.00296373 2.02904376 2.05632086]
 [1.96224786 1.99153404 2.09747337 2.02801311 1.97696036 1.9851516
  2.04032639 2.07418469 2.03000054 1.98871337]
 [1.98006321 2.0659669  2.04968778 2.00845252 2.03517793 2.06326491
  1.97504279 2.00626118 2.02265079 2.07725843]
 [1.96718688 1.96216795 2.05494647 2.08050038 1.95446679 2.01605545
  2.0316461  1.96765264 1.9468696  1.91019049]
 [2.04922955 2.06330794 1.99753002 1.98670648 1.9368365  1.94273245
  2.08399768 2.08802647 1.94396006 1.99655007]]
Rh: [[ 4.62877353  2.21908726  5.9549183  12.67899661  2.13574778 14.74925695
   1.75807008 16.8373087   3.33303706 16.47363603  2.89246758]
 [12.25701624 10.74415548  5.75080624  2.16795637  2.85821792  6.67451817
  10.542937   11.83623976  2.81511048  2.24726497  8.65033201]
 [ 8.39548007  1.83418062  2.29097986  6.44844859  2.44262883 12.25911388
   1.55115092  3.45123647  2.48558911  1.75651983  7.98715379]
 [ 6.36527269  1.78229442 14.1454309   7.97968093  6.74967279  1.95290814
   9.41718776  3.96223682  6.11709827  1.85146261 10.28078063]
 [ 9.77457327  7.06644967  8.49733453  2.66991621 12.39032625  2.00289093
   5.84554925  6.69667572  1.58610038  7.54498345  2.82863451]
 [ 9.78957736  1.50439358 17.69932318  4.9744623   3.36328259  8.79704387
  18.16891353  2.85244638  4.96216992 11.42835644  3.22036996]
 [ 1.57619974  3.01513779  3.97194347  1.69313204  2.71948944  3.81109049
   4.48989508  3.03355793  5.48103297  1.8589286   4.50306851]
 [ 9.97952874  1.73479184  1.86569332  1.74992453  2.16691084  3.1539108
   3.38822799 18.40867769 17.80862296 13.18117814 13.29226708]
 [ 1.95754066  3.925081    2.70581885 15.98121809  4.76823011 16.21503254
   2.94691069  2.31769182 12.65417149  1.94913189  3.46784764]
 [10.37988582  1.98620165  3.86667249 17.6011236   7.60804804  6.28771685
   2.5703889   4.92541662  4.6438039   4.76243635  9.45738078]]
Rv: [[10.59358007 13.48894092 11.87524728 12.34287064 17.16476516  2.82101766
   3.40779236  3.27057214  7.04861821  7.4784402 ]
 [ 5.30801612 12.77938298 14.64159442  4.8875083  10.63568034  1.85111445
   7.8569883   8.81836773 10.9158621   6.59372791]
 [11.17559051  4.04870062 11.8653214   7.83527716  4.22970444 12.62012011
   1.61305283  7.82176985  5.47786952  5.52964796]
 [10.85788774  3.87586475  5.41850471  8.53366746  6.11804294 10.2719643
   4.95355176 10.08157943 13.89173274  3.63760399]
 [ 5.11342083  2.96795751  6.79093789  1.84484711  6.16813044  7.77840691
   6.64713875  3.22818378  6.01752938 13.23539697]
 [10.55007258  6.36516103  1.54926341  8.54440835  2.36233842  7.63809829
   2.84108314  5.81937739  9.01597425  5.17518557]
 [ 3.51305321  3.76132181  5.59479262  1.83065707  7.8971683  17.45428464
  11.25461275  1.58451919  9.23048433  2.77264862]
 [ 3.30228161  1.88625069  2.74463414  9.15854559  6.74265932 16.29630166
   1.59587469  3.49211187 13.47335785  4.48856233]
 [ 1.70332078 14.66940069  2.40779473  4.98741172 15.11170041  1.61894566
   6.14251281 10.18275807  1.66895525 14.065679  ]]