-------Running parameters--------
T = 0.001
temperature_gradient = 0.0
gap = 0.0
M = 10
N = 10
VR = 0.0
Vmin = 0.0
Vmax = 1.1
vStep = 0.001
vSym = True
repeats = 50
fileName = array_10_10_disorder_c_std_0.1_r_std_10_run_1
dist = exp
fullOutput = True
use_graph = False
current_map = True
plot_current_map = False
plot_binary_current_map = False
frame_norm = False
dbg = False
resume = False
sc = False
leaping = False
constQ = False
modifyR = False
double_time = False
double_loop = False
output_folder = bgu_2d_finite_temperature_different_disorders_statistics
params_path = 
VG_avg = 0.0
VG_std = 0.0
C_avg = 2.0
C_std = 0.1
CG_avg = 10.0
CG_std = 0.0
R_avg = 20.0
R_std = 10.0
custom_rh = ""
custom_rv = ""
custom_ch = ""
custom_cv = ""
RG_avg = 500.0
RG_std = 0.0
n0_avg = 0.0
n0_std = 0.0
Q0_avg = 0.0
Q0_std = 0.0
----Array Parameters-----
Rows: 10
Columns: 10
VG: [[0.]
 [0.]
 [0.]
 [0.]
 [0.]
 [0.]
 [0.]
 [0.]
 [0.]
 [0.]
 [0.]
 [0.]
 [0.]
 [0.]
 [0.]
 [0.]
 [0.]
 [0.]
 [0.]
 [0.]
 [0.]
 [0.]
 [0.]
 [0.]
 [0.]
 [0.]
 [0.]
 [0.]
 [0.]
 [0.]
 [0.]
 [0.]
 [0.]
 [0.]
 [0.]
 [0.]
 [0.]
 [0.]
 [0.]
 [0.]
 [0.]
 [0.]
 [0.]
 [0.]
 [0.]
 [0.]
 [0.]
 [0.]
 [0.]
 [0.]
 [0.]
 [0.]
 [0.]
 [0.]
 [0.]
 [0.]
 [0.]
 [0.]
 [0.]
 [0.]
 [0.]
 [0.]
 [0.]
 [0.]
 [0.]
 [0.]
 [0.]
 [0.]
 [0.]
 [0.]
 [0.]
 [0.]
 [0.]
 [0.]
 [0.]
 [0.]
 [0.]
 [0.]
 [0.]
 [0.]
 [0.]
 [0.]
 [0.]
 [0.]
 [0.]
 [0.]
 [0.]
 [0.]
 [0.]
 [0.]
 [0.]
 [0.]
 [0.]
 [0.]
 [0.]
 [0.]
 [0.]
 [0.]
 [0.]
 [0.]]
CG: [[10.]
 [10.]
 [10.]
 [10.]
 [10.]
 [10.]
 [10.]
 [10.]
 [10.]
 [10.]
 [10.]
 [10.]
 [10.]
 [10.]
 [10.]
 [10.]
 [10.]
 [10.]
 [10.]
 [10.]
 [10.]
 [10.]
 [10.]
 [10.]
 [10.]
 [10.]
 [10.]
 [10.]
 [10.]
 [10.]
 [10.]
 [10.]
 [10.]
 [10.]
 [10.]
 [10.]
 [10.]
 [10.]
 [10.]
 [10.]
 [10.]
 [10.]
 [10.]
 [10.]
 [10.]
 [10.]
 [10.]
 [10.]
 [10.]
 [10.]
 [10.]
 [10.]
 [10.]
 [10.]
 [10.]
 [10.]
 [10.]
 [10.]
 [10.]
 [10.]
 [10.]
 [10.]
 [10.]
 [10.]
 [10.]
 [10.]
 [10.]
 [10.]
 [10.]
 [10.]
 [10.]
 [10.]
 [10.]
 [10.]
 [10.]
 [10.]
 [10.]
 [10.]
 [10.]
 [10.]
 [10.]
 [10.]
 [10.]
 [10.]
 [10.]
 [10.]
 [10.]
 [10.]
 [10.]
 [10.]
 [10.]
 [10.]
 [10.]
 [10.]
 [10.]
 [10.]
 [10.]
 [10.]
 [10.]
 [10.]]
RG: [[500.]
 [500.]
 [500.]
 [500.]
 [500.]
 [500.]
 [500.]
 [500.]
 [500.]
 [500.]
 [500.]
 [500.]
 [500.]
 [500.]
 [500.]
 [500.]
 [500.]
 [500.]
 [500.]
 [500.]
 [500.]
 [500.]
 [500.]
 [500.]
 [500.]
 [500.]
 [500.]
 [500.]
 [500.]
 [500.]
 [500.]
 [500.]
 [500.]
 [500.]
 [500.]
 [500.]
 [500.]
 [500.]
 [500.]
 [500.]
 [500.]
 [500.]
 [500.]
 [500.]
 [500.]
 [500.]
 [500.]
 [500.]
 [500.]
 [500.]
 [500.]
 [500.]
 [500.]
 [500.]
 [500.]
 [500.]
 [500.]
 [500.]
 [500.]
 [500.]
 [500.]
 [500.]
 [500.]
 [500.]
 [500.]
 [500.]
 [500.]
 [500.]
 [500.]
 [500.]
 [500.]
 [500.]
 [500.]
 [500.]
 [500.]
 [500.]
 [500.]
 [500.]
 [500.]
 [500.]
 [500.]
 [500.]
 [500.]
 [500.]
 [500.]
 [500.]
 [500.]
 [500.]
 [500.]
 [500.]
 [500.]
 [500.]
 [500.]
 [500.]
 [500.]
 [500.]
 [500.]
 [500.]
 [500.]
 [500.]]
Ch: [[1.94141092 2.02420021 1.92654894 1.94438146 1.93840946 1.9414217
  2.01061    2.03939036 1.96204819 2.05975743 2.03058717]
 [2.05586814 2.0355958  2.03019978 2.0422649  2.02603009 2.09926314
  2.02781637 2.02573395 2.01547895 2.02038628 2.02246276]
 [1.99414142 2.00143423 1.98614082 2.01982693 2.04776265 2.06788123
  2.04684682 1.96595522 1.95183015 1.94762598 2.05141297]
 [1.98929198 2.06843098 1.97589848 2.00494732 1.95667654 2.00558748
  2.01640459 1.95739779 2.01498521 1.94675724 1.95838758]
 [1.9038219  1.99646174 2.04546802 2.07469603 2.0945864  1.95641513
  1.95905162 1.90676906 1.98851262 1.90891535 1.99322758]
 [1.97618424 1.98840181 2.05268974 1.94216284 1.99117301 2.06914406
  2.07067756 2.09109591 1.95534284 2.08852838 2.04883513]
 [2.09221424 1.97555987 1.98933177 2.03558127 1.99462138 1.93966745
  2.09160577 1.93246499 2.03487656 1.95373972 1.9603993 ]
 [1.92470074 2.00620403 1.90831421 1.96255763 1.94631368 2.07270854
  1.90706466 2.05209949 1.98893105 1.96418528 1.90957031]
 [2.06838994 1.94872561 2.07052767 1.92133026 1.97327201 1.96953498
  2.04489943 2.05634338 1.9539541  1.98185033 2.05014947]
 [2.00192772 1.92649791 1.90116059 2.05549376 2.08556596 1.9575337
  2.04536834 2.0572521  1.92224405 2.03649263 2.08403925]]
Cv: [[0.         0.         0.         0.         0.         0.
  0.         0.         0.         0.        ]
 [2.01316958 1.97882456 1.94099227 1.96624232 2.01945502 1.96400265
  1.91562938 2.06786512 2.00451926 2.05370001]
 [1.97356631 1.99688183 1.90008958 1.92591486 2.05270995 1.95672285
  1.98674314 1.99258197 2.082003   1.98147581]
 [1.98107123 1.98995046 1.96308254 2.09361234 1.98243106 2.05919302
  1.98025363 2.0075621  2.02291855 2.06025152]
 [2.07884001 1.98991113 1.97917007 1.99525887 2.0508155  2.08683613
  2.03317302 2.0721058  2.02166956 1.91151013]
 [1.98583092 1.99973887 2.06974396 2.03958556 1.98681818 1.91221101
  1.93374667 1.91210354 1.90490496 1.95585056]
 [1.91879743 2.04530515 2.01880812 1.92144052 1.99035987 2.07286409
  2.01654691 1.98088616 1.941809   2.03277313]
 [1.93640174 2.07628226 1.96842001 2.04286514 1.95103886 1.92434479
  2.02589292 1.99073255 2.01021982 2.03454054]
 [1.91801128 2.03017847 2.01410472 1.9054566  2.0111032  1.9093938
  1.93643969 2.00708534 2.05531283 1.9203498 ]
 [2.04897339 1.96365715 2.06583715 1.99014128 1.90501169 1.99118135
  2.0008736  2.08808087 1.97503625 2.05097443]]
Rh: [[19.13717312 17.45107758 16.3959635  18.59564783 23.94797818 13.27835605
  21.73569097 10.14401302 21.19375687 11.68301949 22.57032478]
 [16.69014326 12.45934789 13.78832144 29.12142769 12.25522444 14.99226954
  22.07804122 20.11753909 24.25192529 17.18182699 10.56357963]
 [18.19667887 14.71336457 16.73490397 20.53651379 15.3588514  14.20326571
  28.01928326 19.70496366 22.45129971 15.62129635 10.60959943]
 [29.7353857  24.13957824 18.3721574  20.38582155 14.44849123 29.24094146
  10.46156226 11.40476666 10.55344244 10.6128879  15.17339523]
 [11.75658841 28.35254355 11.69993355 11.07743023 22.5384342  23.85253492
  14.16426282 20.37416875 27.02990225 20.34177057 17.48839921]
 [18.29639698 27.05460107 10.65888427 11.15470179 20.98024561 28.28279816
  18.86938626 11.79862367 14.56336873 23.2251578  22.52186937]
 [29.68387499 14.27955133 17.06188047 28.91759055 27.03763408 14.2047853
  29.79526516 17.47566917 21.85353722 15.82594569 14.03049302]
 [20.95192853 11.18286505 28.53685332 23.6277385  26.3651585  14.085927
  29.64436463 15.25682406 20.02848949 13.37160331 28.93991302]
 [22.11961331 16.52402129 18.18892182 10.77551105 16.8596217  22.34554095
  19.57116626 10.55536923 12.36201042 29.97845706 24.10515564]
 [10.17724993 13.94490306 26.23062721 10.05799803 19.99364658 11.43052917
  19.95399033 20.81993799 11.27260179 16.59859024 22.27966226]]
Rv: [[16.73360318 11.11860246 15.33719611 25.09978451 16.48673184 13.43183976
  19.62796523 13.8679502  14.2513602  19.764522  ]
 [22.36893121 20.34659412 10.64412237 23.94259402 17.78017434 26.98782162
  18.53435199 29.98492972 10.16553397 17.39163967]
 [11.44604564 28.68761536 12.24888275 13.61982064 14.93455629 20.94364441
  10.49819572 10.74423023 20.95351851 26.6688652 ]
 [26.84262212 28.99407091 24.92490224 13.2919123  16.21169466 28.38890325
  18.10927589 12.50520645 24.50675273 16.29690494]
 [26.35548776 10.39041401 12.77162174 18.77514137 11.01645153 17.4109444
  10.47319889 17.62025207 15.74937704 21.16478139]
 [12.8442697  20.38244542 11.74439759 10.49338495 20.25212865 17.18616442
  20.68214829 17.16892701 13.21362515 16.99880866]
 [16.15004893 14.26093515 16.14170086 20.56259853 23.28297286 20.19783172
  14.6073701  25.80049549 19.14329444 12.20724209]
 [24.35120488 12.1232231  29.20173329 19.68656179 19.99342477 29.16040589
  11.92184403 27.74415667 24.13190515 27.41222685]
 [18.14758219 15.72818936 21.56374816 17.73395402 26.21726929 13.72278919
  12.1595323  17.53861146 17.88326746 14.57139573]]