-------Running parameters--------
T = 0.001
temperature_gradient = 0.0
gap = 0.0
M = 10
N = 10
VR = 0.0
Vmin = 0.0
Vmax = 1.1
vStep = 0.001
vSym = True
repeats = 50
fileName = array_10_10_disorder_c_std_0.1_r_std_9.5_run_6
dist = exp
fullOutput = True
use_graph = False
current_map = True
plot_current_map = False
plot_binary_current_map = False
frame_norm = False
dbg = False
resume = False
sc = False
leaping = False
constQ = False
modifyR = False
double_time = False
double_loop = False
output_folder = bgu_2d_finite_temperature_different_disorders_statistics
params_path = 
VG_avg = 0.0
VG_std = 0.0
C_avg = 2.0
C_std = 0.1
CG_avg = 10.0
CG_std = 0.0
R_avg = 10.0
R_std = 9.5
custom_rh = ""
custom_rv = ""
custom_ch = ""
custom_cv = ""
RG_avg = 500.0
RG_std = 0.0
n0_avg = 0.0
n0_std = 0.0
Q0_avg = 0.0
Q0_std = 0.0
----Array Parameters-----
Rows: 10
Columns: 10
VG: [[0.]
 [0.]
 [0.]
 [0.]
 [0.]
 [0.]
 [0.]
 [0.]
 [0.]
 [0.]
 [0.]
 [0.]
 [0.]
 [0.]
 [0.]
 [0.]
 [0.]
 [0.]
 [0.]
 [0.]
 [0.]
 [0.]
 [0.]
 [0.]
 [0.]
 [0.]
 [0.]
 [0.]
 [0.]
 [0.]
 [0.]
 [0.]
 [0.]
 [0.]
 [0.]
 [0.]
 [0.]
 [0.]
 [0.]
 [0.]
 [0.]
 [0.]
 [0.]
 [0.]
 [0.]
 [0.]
 [0.]
 [0.]
 [0.]
 [0.]
 [0.]
 [0.]
 [0.]
 [0.]
 [0.]
 [0.]
 [0.]
 [0.]
 [0.]
 [0.]
 [0.]
 [0.]
 [0.]
 [0.]
 [0.]
 [0.]
 [0.]
 [0.]
 [0.]
 [0.]
 [0.]
 [0.]
 [0.]
 [0.]
 [0.]
 [0.]
 [0.]
 [0.]
 [0.]
 [0.]
 [0.]
 [0.]
 [0.]
 [0.]
 [0.]
 [0.]
 [0.]
 [0.]
 [0.]
 [0.]
 [0.]
 [0.]
 [0.]
 [0.]
 [0.]
 [0.]
 [0.]
 [0.]
 [0.]
 [0.]]
CG: [[10.]
 [10.]
 [10.]
 [10.]
 [10.]
 [10.]
 [10.]
 [10.]
 [10.]
 [10.]
 [10.]
 [10.]
 [10.]
 [10.]
 [10.]
 [10.]
 [10.]
 [10.]
 [10.]
 [10.]
 [10.]
 [10.]
 [10.]
 [10.]
 [10.]
 [10.]
 [10.]
 [10.]
 [10.]
 [10.]
 [10.]
 [10.]
 [10.]
 [10.]
 [10.]
 [10.]
 [10.]
 [10.]
 [10.]
 [10.]
 [10.]
 [10.]
 [10.]
 [10.]
 [10.]
 [10.]
 [10.]
 [10.]
 [10.]
 [10.]
 [10.]
 [10.]
 [10.]
 [10.]
 [10.]
 [10.]
 [10.]
 [10.]
 [10.]
 [10.]
 [10.]
 [10.]
 [10.]
 [10.]
 [10.]
 [10.]
 [10.]
 [10.]
 [10.]
 [10.]
 [10.]
 [10.]
 [10.]
 [10.]
 [10.]
 [10.]
 [10.]
 [10.]
 [10.]
 [10.]
 [10.]
 [10.]
 [10.]
 [10.]
 [10.]
 [10.]
 [10.]
 [10.]
 [10.]
 [10.]
 [10.]
 [10.]
 [10.]
 [10.]
 [10.]
 [10.]
 [10.]
 [10.]
 [10.]
 [10.]]
RG: [[500.]
 [500.]
 [500.]
 [500.]
 [500.]
 [500.]
 [500.]
 [500.]
 [500.]
 [500.]
 [500.]
 [500.]
 [500.]
 [500.]
 [500.]
 [500.]
 [500.]
 [500.]
 [500.]
 [500.]
 [500.]
 [500.]
 [500.]
 [500.]
 [500.]
 [500.]
 [500.]
 [500.]
 [500.]
 [500.]
 [500.]
 [500.]
 [500.]
 [500.]
 [500.]
 [500.]
 [500.]
 [500.]
 [500.]
 [500.]
 [500.]
 [500.]
 [500.]
 [500.]
 [500.]
 [500.]
 [500.]
 [500.]
 [500.]
 [500.]
 [500.]
 [500.]
 [500.]
 [500.]
 [500.]
 [500.]
 [500.]
 [500.]
 [500.]
 [500.]
 [500.]
 [500.]
 [500.]
 [500.]
 [500.]
 [500.]
 [500.]
 [500.]
 [500.]
 [500.]
 [500.]
 [500.]
 [500.]
 [500.]
 [500.]
 [500.]
 [500.]
 [500.]
 [500.]
 [500.]
 [500.]
 [500.]
 [500.]
 [500.]
 [500.]
 [500.]
 [500.]
 [500.]
 [500.]
 [500.]
 [500.]
 [500.]
 [500.]
 [500.]
 [500.]
 [500.]
 [500.]
 [500.]
 [500.]
 [500.]]
Ch: [[1.94920626 2.09200046 2.05545689 2.037779   2.02063247 1.92416723
  1.90860027 2.04254216 2.0210835  1.92011161 2.03764965]
 [2.00176849 1.94383547 2.09862946 2.03291149 2.06337449 2.03093549
  2.02841339 1.90119466 1.9647388  1.93193471 2.00427902]
 [2.09582028 1.94395444 1.994447   1.9014604  1.95670319 2.03950379
  2.08994353 2.05808943 2.0144262  1.99350464 1.95706951]
 [2.028877   1.92633039 2.03555934 1.98781394 2.06366559 2.04831755
  2.00963079 2.01708107 2.00527419 2.08639044 2.04598962]
 [1.95332795 1.95683544 1.99763279 2.0642304  2.01027888 2.02266063
  1.94790385 1.9627031  1.95552839 2.02979303 1.97968268]
 [1.96115657 1.91144849 2.09835725 2.01725376 2.00573174 2.06059523
  1.96642509 1.96918317 2.07188742 2.02700725 1.94093103]
 [2.09036004 1.95355353 1.92748477 1.93979696 2.0078217  2.08148303
  2.03903805 2.09926157 2.00776596 2.05542862 1.95786115]
 [2.03555729 2.01906401 2.00107068 2.01270885 2.07166174 1.94042731
  1.97898565 2.05962922 2.01490902 2.04639188 1.96836174]
 [2.09779363 1.99593874 1.9405114  1.91482012 2.04010609 1.98106411
  2.06154795 1.900591   2.03072682 1.93601879 2.08500808]
 [1.9368346  2.02904444 2.00684271 2.09537475 2.06079369 1.99381192
  1.95250563 2.07116833 1.97397092 1.96157013 1.98929995]]
Cv: [[0.         0.         0.         0.         0.         0.
  0.         0.         0.         0.        ]
 [2.09971656 1.9580267  2.0684656  1.93158852 1.90263158 2.00068832
  2.06764695 2.01240564 1.97252622 1.97352485]
 [1.9908613  2.06397998 2.04609578 1.91756578 1.97953312 1.90774341
  2.08467942 1.96807932 1.91960065 1.94397333]
 [2.08842727 1.95285024 1.92777197 2.03546379 1.99244348 2.08073686
  1.9532195  1.92849324 1.90214996 2.09995899]
 [1.98477105 1.98658717 1.90765653 2.04880284 1.91436212 1.90128817
  2.04713066 2.02762877 1.91973046 1.91173406]
 [1.90805882 1.96791992 1.91894842 2.04269964 2.03131363 2.08699289
  1.90716998 2.00274525 2.04276784 2.01649076]
 [1.9137576  2.08954912 1.92424171 2.03306241 1.90573286 1.98086142
  2.00945191 2.03213207 1.97742659 2.05772059]
 [2.08584103 2.05385758 1.90496273 1.90244696 2.0351286  1.90875433
  2.03631511 2.09157139 1.94632833 2.07226849]
 [2.05424409 2.00144078 2.0246244  1.93866026 2.02059911 1.94134064
  2.06907819 2.04160548 2.06701542 1.95910494]
 [2.0191233  2.09059598 2.04174188 1.96200486 2.00312597 1.9576925
  1.98869924 1.98217901 1.90922254 1.94387493]]
Rh: [[ 3.0044101   0.6361857   0.6393796  18.43090394 12.10102659  4.24102405
  16.67060523 11.96076742 11.16515453  1.01957361  8.81391143]
 [10.21116361  0.95949874  0.86967768 15.19314267  3.83877571  8.35408972
  10.79353797 10.51577631  1.31144588 15.95385238  9.1136947 ]
 [ 9.58569827  4.33307437 17.70630111  0.62784677 12.34859295  3.02484116
   9.13366071 17.50894523 14.19995988  7.30243873  4.36464692]
 [15.22900593 17.06560942  0.8165783  11.41112494  1.49842187  1.26882073
   1.15599467  1.23923024  2.02194605  0.80208369  2.19375776]
 [ 0.71153636  5.83174607  8.35285129 14.61456143 11.44273898  1.68513785
   0.87969972  1.4499188   5.09824921 13.79614839  2.73599104]
 [ 7.0712822   4.1643024   1.77012976 12.18101171  2.51258693  1.68207805
   1.05230503 12.04854541  1.70185728  2.30049644  0.62027031]
 [ 1.13126179  0.75895152  3.68069087  5.4815816   1.46242506  3.00009125
   1.57938057  0.62043673  0.63813278  1.02199522  7.03312341]
 [ 4.49337555  0.85607787  5.96532317  0.7033592   6.41599627  1.13302937
   3.80055878 16.578626   11.23135454  7.11785943  6.07933373]
 [12.29019724 12.39813274  2.33546325  2.60402968  8.4980553  15.11922237
  16.24217972  0.56977422  3.7091765  16.05164348 14.72787625]
 [ 8.37179105  4.56864478 17.35684785  0.6171343   4.92792277  2.82246402
   2.0573139   0.55507151  0.87440291  1.38831564  3.86297633]]
Rv: [[17.42035721 11.52006113  4.27813875  0.84177476  0.50888548 12.47871772
   2.09446755  5.98016804 16.5972099   1.48841162]
 [ 8.83404075 18.62137397  3.00675541  3.13734849  0.80322715  9.73170134
   0.96591003  0.90774523  0.72511783  4.8717604 ]
 [17.91310146 15.82516747  1.70762445  0.79928581  2.3140491   0.5582283
   4.50791661  1.16571541  1.11684416  0.51186956]
 [ 4.5504612   0.802189    2.85379169  2.48787155  8.04233726  0.66967438
   3.53784253  2.24196701  2.68161098  2.28050092]
 [ 2.4343765   1.90961133  0.77889269  1.02408754  2.31856845  3.45153868
   2.84504435  1.34323516  0.89360969 10.85565121]
 [ 1.45500201  1.25055539  1.36371016 12.80306838  0.71901571 11.06818035
   4.98372445 10.31662395 15.09191083  2.2384785 ]
 [13.42708048  0.80370801  1.11649983  4.00090605  0.71052213  2.66825814
   4.23518593  2.69328257  1.61856156  0.78424347]
 [ 9.88084019  0.80848895  0.8311711   5.45144817  9.31656057  3.28563702
   0.71247027  2.39869351  0.74361597  0.81845208]
 [ 1.19996788 16.32660454 13.95494019  0.52678564  9.02732918  0.55681591
   1.85093896  2.31715532  0.84042085  0.93175099]]