-------Running parameters--------
T = 0.001
temperature_gradient = 0.0
gap = 0.0
M = 10
N = 10
VR = 0.0
Vmin = 0.0
Vmax = 1.1
vStep = 0.001
vSym = True
repeats = 50
fileName = array_10_10_disorder_c_std_0.1_r_std_19_run_4
dist = exp
fullOutput = True
use_graph = False
current_map = True
plot_current_map = False
plot_binary_current_map = False
frame_norm = False
dbg = False
resume = False
sc = False
leaping = False
constQ = False
modifyR = False
double_time = False
double_loop = False
output_folder = bgu_2d_finite_temperature_different_disorders_statistics
params_path = 
VG_avg = 0.0
VG_std = 0.0
C_avg = 2.0
C_std = 0.1
CG_avg = 10.0
CG_std = 0.0
R_avg = 20.0
R_std = 19.0
custom_rh = ""
custom_rv = ""
custom_ch = ""
custom_cv = ""
RG_avg = 500.0
RG_std = 0.0
n0_avg = 0.0
n0_std = 0.0
Q0_avg = 0.0
Q0_std = 0.0
----Array Parameters-----
Rows: 10
Columns: 10
VG: [[0.]
 [0.]
 [0.]
 [0.]
 [0.]
 [0.]
 [0.]
 [0.]
 [0.]
 [0.]
 [0.]
 [0.]
 [0.]
 [0.]
 [0.]
 [0.]
 [0.]
 [0.]
 [0.]
 [0.]
 [0.]
 [0.]
 [0.]
 [0.]
 [0.]
 [0.]
 [0.]
 [0.]
 [0.]
 [0.]
 [0.]
 [0.]
 [0.]
 [0.]
 [0.]
 [0.]
 [0.]
 [0.]
 [0.]
 [0.]
 [0.]
 [0.]
 [0.]
 [0.]
 [0.]
 [0.]
 [0.]
 [0.]
 [0.]
 [0.]
 [0.]
 [0.]
 [0.]
 [0.]
 [0.]
 [0.]
 [0.]
 [0.]
 [0.]
 [0.]
 [0.]
 [0.]
 [0.]
 [0.]
 [0.]
 [0.]
 [0.]
 [0.]
 [0.]
 [0.]
 [0.]
 [0.]
 [0.]
 [0.]
 [0.]
 [0.]
 [0.]
 [0.]
 [0.]
 [0.]
 [0.]
 [0.]
 [0.]
 [0.]
 [0.]
 [0.]
 [0.]
 [0.]
 [0.]
 [0.]
 [0.]
 [0.]
 [0.]
 [0.]
 [0.]
 [0.]
 [0.]
 [0.]
 [0.]
 [0.]]
CG: [[10.]
 [10.]
 [10.]
 [10.]
 [10.]
 [10.]
 [10.]
 [10.]
 [10.]
 [10.]
 [10.]
 [10.]
 [10.]
 [10.]
 [10.]
 [10.]
 [10.]
 [10.]
 [10.]
 [10.]
 [10.]
 [10.]
 [10.]
 [10.]
 [10.]
 [10.]
 [10.]
 [10.]
 [10.]
 [10.]
 [10.]
 [10.]
 [10.]
 [10.]
 [10.]
 [10.]
 [10.]
 [10.]
 [10.]
 [10.]
 [10.]
 [10.]
 [10.]
 [10.]
 [10.]
 [10.]
 [10.]
 [10.]
 [10.]
 [10.]
 [10.]
 [10.]
 [10.]
 [10.]
 [10.]
 [10.]
 [10.]
 [10.]
 [10.]
 [10.]
 [10.]
 [10.]
 [10.]
 [10.]
 [10.]
 [10.]
 [10.]
 [10.]
 [10.]
 [10.]
 [10.]
 [10.]
 [10.]
 [10.]
 [10.]
 [10.]
 [10.]
 [10.]
 [10.]
 [10.]
 [10.]
 [10.]
 [10.]
 [10.]
 [10.]
 [10.]
 [10.]
 [10.]
 [10.]
 [10.]
 [10.]
 [10.]
 [10.]
 [10.]
 [10.]
 [10.]
 [10.]
 [10.]
 [10.]
 [10.]]
RG: [[500.]
 [500.]
 [500.]
 [500.]
 [500.]
 [500.]
 [500.]
 [500.]
 [500.]
 [500.]
 [500.]
 [500.]
 [500.]
 [500.]
 [500.]
 [500.]
 [500.]
 [500.]
 [500.]
 [500.]
 [500.]
 [500.]
 [500.]
 [500.]
 [500.]
 [500.]
 [500.]
 [500.]
 [500.]
 [500.]
 [500.]
 [500.]
 [500.]
 [500.]
 [500.]
 [500.]
 [500.]
 [500.]
 [500.]
 [500.]
 [500.]
 [500.]
 [500.]
 [500.]
 [500.]
 [500.]
 [500.]
 [500.]
 [500.]
 [500.]
 [500.]
 [500.]
 [500.]
 [500.]
 [500.]
 [500.]
 [500.]
 [500.]
 [500.]
 [500.]
 [500.]
 [500.]
 [500.]
 [500.]
 [500.]
 [500.]
 [500.]
 [500.]
 [500.]
 [500.]
 [500.]
 [500.]
 [500.]
 [500.]
 [500.]
 [500.]
 [500.]
 [500.]
 [500.]
 [500.]
 [500.]
 [500.]
 [500.]
 [500.]
 [500.]
 [500.]
 [500.]
 [500.]
 [500.]
 [500.]
 [500.]
 [500.]
 [500.]
 [500.]
 [500.]
 [500.]
 [500.]
 [500.]
 [500.]
 [500.]]
Ch: [[2.02163193 2.0537047  1.90253194 1.90434552 2.04868399 2.09837416
  1.96879709 2.04581103 2.01046986 1.94789405 2.05902025]
 [2.03203271 1.90710925 2.0353237  2.06556821 2.02569306 1.91250867
  2.04532512 1.9265598  1.99888404 1.91974376 2.06473764]
 [1.96092678 2.05630935 2.05067171 1.90958314 1.99386254 1.93533431
  2.06295243 2.06339568 2.09968654 2.08724414 1.93884669]
 [1.94166694 2.04591224 1.95801125 2.08217732 1.90022808 1.90391994
  2.03015936 1.98801117 2.03477839 2.03257007 1.97341902]
 [1.98258632 2.02625065 2.03267673 1.92567995 1.90025727 2.09121147
  2.08834051 1.91426948 1.97101488 1.95923893 1.9826071 ]
 [2.01008086 2.06941006 2.06875356 2.03034551 2.01932747 2.09518591
  2.0607262  2.08523515 1.90144314 2.09277749 1.91898429]
 [2.00684751 1.99612884 1.92618426 2.00657294 1.98863767 1.94378802
  1.99235382 1.98911747 2.00740115 1.97458391 1.98863958]
 [2.03602011 1.98600518 1.93365203 1.90325869 2.09629449 1.93194975
  2.06401236 1.95860099 2.04722136 2.05221048 1.95325522]
 [2.02521959 1.95610103 2.02819403 1.98683861 1.93814847 2.01219068
  2.02808843 1.93267705 1.90341117 2.07443647 1.93455968]
 [1.99816047 2.02538883 1.92506591 2.01079501 1.91375385 1.95338172
  2.08635012 1.90599111 1.90336283 1.96746927 1.92444133]]
Cv: [[0.         0.         0.         0.         0.         0.
  0.         0.         0.         0.        ]
 [1.94976802 1.99741525 1.93812386 1.96842684 2.06693324 2.00154793
  1.92179477 1.93442664 1.92071548 2.0862759 ]
 [2.00186732 1.91427041 1.9059917  2.05312958 2.08154894 1.9337112
  1.9785328  2.09870208 1.91490979 1.98409215]
 [2.03167258 1.9980463  1.94608267 2.09745904 2.06938954 1.99430264
  1.95956777 2.09229909 1.92910411 1.93758689]
 [1.90200938 1.96145112 1.97355477 2.08304926 1.90665414 2.0140384
  1.93584662 2.00108414 1.91560199 1.97649193]
 [2.06337445 1.98711642 2.05168204 2.01911306 2.01603643 2.01447032
  1.97168169 2.06978314 2.06649194 2.00954867]
 [1.93189474 2.04219612 1.94339419 2.04211402 2.0779688  1.9482658
  1.90638124 1.90822654 2.03033807 1.90997275]
 [1.93224619 2.07347619 1.98036164 1.98802647 2.00971244 2.05639014
  1.92965533 1.91046381 1.94122876 1.90549241]
 [1.9922126  2.01343316 2.0867345  1.99079223 2.04706547 2.06736029
  1.97850038 2.00243861 2.09313179 1.95902983]
 [2.07203128 1.95926023 1.91266946 1.92516637 1.9148224  2.07559343
  1.96186957 1.91443131 1.90980412 2.08841891]]
Rh: [[ 2.476281    1.85116048  2.37139306  7.07214475  2.88588334  3.06671334
   1.27526782 14.36553167  1.40893006  8.28656924  2.0502447 ]
 [19.67602595  3.73355121  1.24070563  5.28501771  5.63855962  2.51954061
   1.82072609 12.19856315  3.24139854 22.50402081 16.85471363]
 [25.28774176 10.33583222 12.2065885  15.65000079  2.07988122 11.49730018
  17.60307787  8.77851025 25.81023306  4.6706666   1.9138008 ]
 [38.34497204  1.28188265  5.57001042 11.93539566  9.60010467  2.30847101
  10.41509258  3.84569169  1.4754294  14.12018262  4.78870087]
 [14.76160418  2.0313419   8.54834342 26.33009528  7.99903465  5.14935603
   6.70261621  3.48556257  1.29338414  5.89760036  1.28825668]
 [ 3.6565849  28.29721619 20.81279066  1.29746283  2.90918137  6.38450278
   2.66340751  5.44395698 38.24823087 15.73973197  3.47599829]
 [ 2.13508164  1.3581981   2.29121014  4.61823079  2.19465633 37.12286462
   1.26401822  2.62522824 26.31645077 15.83161746  7.14980549]
 [ 4.51221673  4.39686007 33.73897899  4.06236431  6.70612508 16.10668526
   6.46353766  1.62121604 15.67488903  2.86907915  2.92582385]
 [ 6.19836638  1.6497533  19.46088043  3.59369958  5.86313138 28.7550732
   1.10050013 15.53125132  1.9744644   3.24793229 15.3727229 ]
 [31.13687274 13.02724797 33.3816541   7.72707497  1.6603999  20.27038157
   4.60710383 37.30405545  9.808323   16.51105158 11.93138372]]
Rv: [[ 6.16715771  2.60608317  1.36168697  5.39362194 33.78668141 23.50027725
  10.13435474  4.58006747  1.63487337 24.30046247]
 [21.73564167  9.38799687  1.07592996  3.42852397 13.08872642 13.29880327
   1.28767658 17.4201822  11.80109672  1.7410485 ]
 [ 3.83048315 19.05168304  7.37372851  1.26415773  9.58662343  3.33782204
  16.79466859  4.4745859   4.06560876 34.75008118]
 [13.56321034  2.49641262  1.70192722 19.35301886 37.95129711 27.16206794
   2.33406754 19.19817318 18.62868008  8.66381138]
 [ 7.25894493  1.29188743 11.02706948  7.7483348  32.1242112  10.42103238
  36.8230422  34.9908614   5.09280597  8.12318195]
 [ 1.34813608  2.33053308  1.07067909  1.03601513 14.72624989 14.02197756
  20.75756263 10.62925779  1.45511998  2.33957214]
 [ 3.01533128  2.96203385  4.44965669 13.44472887  2.57009974  4.55873966
   1.93102437 25.6095333  33.16875641 20.16602915]
 [ 1.60339077  8.75503308  9.40413361  3.17405395 28.12464465  1.62679277
  32.60819533  8.41216809  1.12414631 14.01195072]
 [ 4.21463338  5.04308067 11.65355485 15.61228249 22.39800492  2.93957637
   1.76748226 32.51948633  3.45241809  6.73249485]]