-------Running parameters--------
T = 0.001
temperature_gradient = 0.0
gap = 0.0
M = 10
N = 10
VR = 0.0
Vmin = 0.0
Vmax = 1.1
vStep = 0.001
vSym = True
repeats = 50
fileName = array_10_10_disorder_c_std_0.1_r_std_7_run_6
dist = exp
fullOutput = True
use_graph = False
current_map = True
plot_current_map = False
plot_binary_current_map = False
frame_norm = False
dbg = False
resume = False
sc = False
leaping = False
constQ = False
modifyR = False
double_time = False
double_loop = False
output_folder = bgu_2d_finite_temperature_different_disorders_statistics
params_path = 
VG_avg = 0.0
VG_std = 0.0
C_avg = 2.0
C_std = 0.1
CG_avg = 10.0
CG_std = 0.0
R_avg = 10.0
R_std = 7.0
custom_rh = ""
custom_rv = ""
custom_ch = ""
custom_cv = ""
RG_avg = 500.0
RG_std = 0.0
n0_avg = 0.0
n0_std = 0.0
Q0_avg = 0.0
Q0_std = 0.0
----Array Parameters-----
Rows: 10
Columns: 10
VG: [[0.]
 [0.]
 [0.]
 [0.]
 [0.]
 [0.]
 [0.]
 [0.]
 [0.]
 [0.]
 [0.]
 [0.]
 [0.]
 [0.]
 [0.]
 [0.]
 [0.]
 [0.]
 [0.]
 [0.]
 [0.]
 [0.]
 [0.]
 [0.]
 [0.]
 [0.]
 [0.]
 [0.]
 [0.]
 [0.]
 [0.]
 [0.]
 [0.]
 [0.]
 [0.]
 [0.]
 [0.]
 [0.]
 [0.]
 [0.]
 [0.]
 [0.]
 [0.]
 [0.]
 [0.]
 [0.]
 [0.]
 [0.]
 [0.]
 [0.]
 [0.]
 [0.]
 [0.]
 [0.]
 [0.]
 [0.]
 [0.]
 [0.]
 [0.]
 [0.]
 [0.]
 [0.]
 [0.]
 [0.]
 [0.]
 [0.]
 [0.]
 [0.]
 [0.]
 [0.]
 [0.]
 [0.]
 [0.]
 [0.]
 [0.]
 [0.]
 [0.]
 [0.]
 [0.]
 [0.]
 [0.]
 [0.]
 [0.]
 [0.]
 [0.]
 [0.]
 [0.]
 [0.]
 [0.]
 [0.]
 [0.]
 [0.]
 [0.]
 [0.]
 [0.]
 [0.]
 [0.]
 [0.]
 [0.]
 [0.]]
CG: [[10.]
 [10.]
 [10.]
 [10.]
 [10.]
 [10.]
 [10.]
 [10.]
 [10.]
 [10.]
 [10.]
 [10.]
 [10.]
 [10.]
 [10.]
 [10.]
 [10.]
 [10.]
 [10.]
 [10.]
 [10.]
 [10.]
 [10.]
 [10.]
 [10.]
 [10.]
 [10.]
 [10.]
 [10.]
 [10.]
 [10.]
 [10.]
 [10.]
 [10.]
 [10.]
 [10.]
 [10.]
 [10.]
 [10.]
 [10.]
 [10.]
 [10.]
 [10.]
 [10.]
 [10.]
 [10.]
 [10.]
 [10.]
 [10.]
 [10.]
 [10.]
 [10.]
 [10.]
 [10.]
 [10.]
 [10.]
 [10.]
 [10.]
 [10.]
 [10.]
 [10.]
 [10.]
 [10.]
 [10.]
 [10.]
 [10.]
 [10.]
 [10.]
 [10.]
 [10.]
 [10.]
 [10.]
 [10.]
 [10.]
 [10.]
 [10.]
 [10.]
 [10.]
 [10.]
 [10.]
 [10.]
 [10.]
 [10.]
 [10.]
 [10.]
 [10.]
 [10.]
 [10.]
 [10.]
 [10.]
 [10.]
 [10.]
 [10.]
 [10.]
 [10.]
 [10.]
 [10.]
 [10.]
 [10.]
 [10.]]
RG: [[500.]
 [500.]
 [500.]
 [500.]
 [500.]
 [500.]
 [500.]
 [500.]
 [500.]
 [500.]
 [500.]
 [500.]
 [500.]
 [500.]
 [500.]
 [500.]
 [500.]
 [500.]
 [500.]
 [500.]
 [500.]
 [500.]
 [500.]
 [500.]
 [500.]
 [500.]
 [500.]
 [500.]
 [500.]
 [500.]
 [500.]
 [500.]
 [500.]
 [500.]
 [500.]
 [500.]
 [500.]
 [500.]
 [500.]
 [500.]
 [500.]
 [500.]
 [500.]
 [500.]
 [500.]
 [500.]
 [500.]
 [500.]
 [500.]
 [500.]
 [500.]
 [500.]
 [500.]
 [500.]
 [500.]
 [500.]
 [500.]
 [500.]
 [500.]
 [500.]
 [500.]
 [500.]
 [500.]
 [500.]
 [500.]
 [500.]
 [500.]
 [500.]
 [500.]
 [500.]
 [500.]
 [500.]
 [500.]
 [500.]
 [500.]
 [500.]
 [500.]
 [500.]
 [500.]
 [500.]
 [500.]
 [500.]
 [500.]
 [500.]
 [500.]
 [500.]
 [500.]
 [500.]
 [500.]
 [500.]
 [500.]
 [500.]
 [500.]
 [500.]
 [500.]
 [500.]
 [500.]
 [500.]
 [500.]
 [500.]]
Ch: [[2.09284405 2.01189089 1.98007778 2.04616236 2.00575017 2.04330541
  2.04924669 1.98214156 1.95568041 2.06915238 1.92162311]
 [1.98873151 1.92013913 2.08195484 2.0631215  2.08774667 2.08698448
  2.02608879 1.92501961 1.97519714 2.02927354 2.08269576]
 [1.94787145 2.02052176 1.90037588 1.90728229 2.09337193 2.00392312
  2.02929236 2.08048452 1.97601144 1.99228027 1.91329777]
 [2.03448138 1.96556989 1.92731259 1.95823972 1.90710483 2.04894867
  1.99946529 1.9287385  1.93334916 2.09176006 2.0600947 ]
 [2.07385798 1.99815428 2.04310041 2.00558749 1.97191327 1.981108
  1.91868176 1.91951275 2.09468064 1.97712304 1.93211992]
 [2.03975807 1.90738264 1.95381713 2.00650049 1.96976746 1.95160993
  2.05230732 1.98898921 2.02864138 2.03007615 2.02468064]
 [2.02260702 2.0936526  1.99480436 2.03469391 1.93405796 2.05289383
  2.03059955 2.06856451 2.04796046 1.99127475 2.09677611]
 [1.92967713 2.01376314 2.09106776 1.9475865  2.06434891 1.98276295
  1.92951052 1.96249735 1.97158987 1.9409936  1.9429231 ]
 [1.91308533 1.96257041 1.98152523 2.02016026 1.94781914 2.07666358
  2.02813154 2.04003423 1.90206131 1.9001986  1.98475668]
 [2.06232892 2.03838664 1.99682017 2.06735978 1.93814079 1.9118545
  1.94238867 1.94424058 1.91227423 2.08978569 1.99617761]]
Cv: [[0.         0.         0.         0.         0.         0.
  0.         0.         0.         0.        ]
 [1.97337294 2.09405481 1.94840795 2.0311684  1.94594208 1.92550347
  2.01853221 1.93607914 2.02912293 2.03629078]
 [1.9060555  2.07290846 2.03507248 2.08561067 2.02911827 2.06163843
  1.90942299 1.90509065 1.99221032 1.9322191 ]
 [1.94387293 2.03503834 2.01723022 1.95078883 1.92513855 1.98784383
  2.00218393 1.91617084 1.98538448 2.0892928 ]
 [1.95894041 2.03795583 2.09353199 2.09828785 1.96924121 2.0060051
  1.92155554 1.90723878 2.0712647  2.02708468]
 [1.91894958 1.94495392 1.98987533 2.00661404 2.06300416 2.07625367
  2.06525671 2.09330701 1.93711026 1.95687264]
 [2.01952818 1.97616122 2.01896156 2.03719568 2.04023941 1.92426853
  1.98455641 1.94312051 2.01972845 2.00199022]
 [2.02221948 2.08705807 2.07753928 2.07318897 2.08210047 1.9929552
  1.94744489 1.97591107 2.05689132 1.99168308]
 [2.0011406  1.94431919 2.07588312 2.09735416 1.93810654 1.9103024
  1.9731695  2.074033   1.96986046 1.95290935]
 [2.05553374 1.97481839 1.97138299 1.98084277 1.93463319 2.07629939
  1.93085498 2.09202067 2.07432797 2.09681163]]
Rh: [[ 3.83785213 12.4509343   5.37631915 16.55242505  5.35740892  5.61688453
   3.41927465 14.23442618 13.19998752  3.79100805 10.88943416]
 [ 5.95165643  4.43420718  5.61682535  5.15434823 15.52287859  3.60868252
  13.76874168  3.79537249  3.90350931  4.15804429  8.08552155]
 [ 6.8230222   7.41132218  8.94152093  4.60839208  9.6961924   8.50869059
   5.69630045  4.08839697 11.32647776 16.95926185  8.32375756]
 [ 3.19782468 15.85161677  4.43944459  3.26758008  9.43378704  7.43655879
   8.7512384   5.36045063 14.41445577  9.37185638 15.8765578 ]
 [ 9.9422013  13.69435371  5.42817169  3.43635332  3.16520688 15.00339497
  15.87238735  4.75844169  3.95695413 13.10717647  4.62986899]
 [12.34384883 16.53746467  8.71549423  9.14302437 15.42935252 10.93352901
  12.9197781   5.43154144 10.9208218   7.22832167  4.51674572]
 [ 3.20291619  5.77700323  4.62725694  3.85757059 16.05793186  9.31692859
  12.45979972  7.83929137  3.20334687 13.62464353  4.15241066]
 [ 3.34945612  3.98559568 10.72034458  5.84763991  5.67000249  5.57820209
   7.40473369  8.61929281  5.6830294  13.89963139  4.57964896]
 [ 5.2126385  14.42936881 16.26625396  4.7870626   4.03577858  7.66358595
   4.45152639 12.12924944  5.71048639 11.26828492  6.42625893]
 [ 4.68546006 13.1715631   4.68553285  7.47199547 14.58370798  6.12083419
  14.98663498  6.6139741   6.06396462  3.38184924  4.46511471]]
Rv: [[11.39109522 14.42043124  5.33164051 14.54120478  3.74674551  7.90563403
  16.96434148 10.18881057 10.81620118  3.1918209 ]
 [ 4.10960862  3.08711157  5.54069644  7.36270475  4.14790273  6.03184695
   9.09344381  5.1953922   3.67133442  7.94761607]
 [ 7.8840087   9.09577238  4.08059907  6.18262791  3.02254308  3.81349111
   9.48964031  4.66877484  6.54065785  9.41338951]
 [15.02431031  3.57877566  6.22247766 11.20182307 10.41741263 13.64162206
   6.38374084  6.88492051  4.22052954  5.11231792]
 [13.99118502 14.57893026  4.38274993 13.30719075  4.81337441 16.06148173
   3.87163786 11.81167139  4.73784327  3.68748815]
 [16.70252522  3.9433279   4.82587588  6.11831318  4.66512578  5.776933
  10.08455728  7.30880692  5.09710379  4.34487272]
 [ 9.20586417  4.90179359  8.94394106  7.15509774 16.35720337  5.12617135
  13.13213466  3.57836764  4.4070773   8.76547155]
 [11.1955147  14.44033857  3.52962623 11.79796161  4.02156335  4.04821984
  10.6105241  12.62153586  5.57452572  3.79337727]
 [14.46226927  5.29246122  5.65152943 13.62841659  4.10371285 13.69340313
   7.65706315  3.78250988  4.68495189  9.58603349]]