-------Running parameters--------
T = 0.001
temperature_gradient = 0.0
gap = 0.0
M = 10
N = 10
VR = 0.0
Vmin = 0.0
Vmax = 1.1
vStep = 0.001
vSym = True
repeats = 50
fileName = array_10_10_disorder_c_std_0.1_r_std_13_run_4
dist = exp
fullOutput = True
use_graph = False
current_map = True
plot_current_map = False
plot_binary_current_map = False
frame_norm = False
dbg = False
resume = False
sc = False
leaping = False
constQ = False
modifyR = False
double_time = False
double_loop = False
output_folder = bgu_2d_finite_temperature_different_disorders_statistics
params_path = 
VG_avg = 0.0
VG_std = 0.0
C_avg = 2.0
C_std = 0.1
CG_avg = 10.0
CG_std = 0.0
R_avg = 20.0
R_std = 13.0
custom_rh = ""
custom_rv = ""
custom_ch = ""
custom_cv = ""
RG_avg = 500.0
RG_std = 0.0
n0_avg = 0.0
n0_std = 0.0
Q0_avg = 0.0
Q0_std = 0.0
----Array Parameters-----
Rows: 10
Columns: 10
VG: [[0.]
 [0.]
 [0.]
 [0.]
 [0.]
 [0.]
 [0.]
 [0.]
 [0.]
 [0.]
 [0.]
 [0.]
 [0.]
 [0.]
 [0.]
 [0.]
 [0.]
 [0.]
 [0.]
 [0.]
 [0.]
 [0.]
 [0.]
 [0.]
 [0.]
 [0.]
 [0.]
 [0.]
 [0.]
 [0.]
 [0.]
 [0.]
 [0.]
 [0.]
 [0.]
 [0.]
 [0.]
 [0.]
 [0.]
 [0.]
 [0.]
 [0.]
 [0.]
 [0.]
 [0.]
 [0.]
 [0.]
 [0.]
 [0.]
 [0.]
 [0.]
 [0.]
 [0.]
 [0.]
 [0.]
 [0.]
 [0.]
 [0.]
 [0.]
 [0.]
 [0.]
 [0.]
 [0.]
 [0.]
 [0.]
 [0.]
 [0.]
 [0.]
 [0.]
 [0.]
 [0.]
 [0.]
 [0.]
 [0.]
 [0.]
 [0.]
 [0.]
 [0.]
 [0.]
 [0.]
 [0.]
 [0.]
 [0.]
 [0.]
 [0.]
 [0.]
 [0.]
 [0.]
 [0.]
 [0.]
 [0.]
 [0.]
 [0.]
 [0.]
 [0.]
 [0.]
 [0.]
 [0.]
 [0.]
 [0.]]
CG: [[10.]
 [10.]
 [10.]
 [10.]
 [10.]
 [10.]
 [10.]
 [10.]
 [10.]
 [10.]
 [10.]
 [10.]
 [10.]
 [10.]
 [10.]
 [10.]
 [10.]
 [10.]
 [10.]
 [10.]
 [10.]
 [10.]
 [10.]
 [10.]
 [10.]
 [10.]
 [10.]
 [10.]
 [10.]
 [10.]
 [10.]
 [10.]
 [10.]
 [10.]
 [10.]
 [10.]
 [10.]
 [10.]
 [10.]
 [10.]
 [10.]
 [10.]
 [10.]
 [10.]
 [10.]
 [10.]
 [10.]
 [10.]
 [10.]
 [10.]
 [10.]
 [10.]
 [10.]
 [10.]
 [10.]
 [10.]
 [10.]
 [10.]
 [10.]
 [10.]
 [10.]
 [10.]
 [10.]
 [10.]
 [10.]
 [10.]
 [10.]
 [10.]
 [10.]
 [10.]
 [10.]
 [10.]
 [10.]
 [10.]
 [10.]
 [10.]
 [10.]
 [10.]
 [10.]
 [10.]
 [10.]
 [10.]
 [10.]
 [10.]
 [10.]
 [10.]
 [10.]
 [10.]
 [10.]
 [10.]
 [10.]
 [10.]
 [10.]
 [10.]
 [10.]
 [10.]
 [10.]
 [10.]
 [10.]
 [10.]]
RG: [[500.]
 [500.]
 [500.]
 [500.]
 [500.]
 [500.]
 [500.]
 [500.]
 [500.]
 [500.]
 [500.]
 [500.]
 [500.]
 [500.]
 [500.]
 [500.]
 [500.]
 [500.]
 [500.]
 [500.]
 [500.]
 [500.]
 [500.]
 [500.]
 [500.]
 [500.]
 [500.]
 [500.]
 [500.]
 [500.]
 [500.]
 [500.]
 [500.]
 [500.]
 [500.]
 [500.]
 [500.]
 [500.]
 [500.]
 [500.]
 [500.]
 [500.]
 [500.]
 [500.]
 [500.]
 [500.]
 [500.]
 [500.]
 [500.]
 [500.]
 [500.]
 [500.]
 [500.]
 [500.]
 [500.]
 [500.]
 [500.]
 [500.]
 [500.]
 [500.]
 [500.]
 [500.]
 [500.]
 [500.]
 [500.]
 [500.]
 [500.]
 [500.]
 [500.]
 [500.]
 [500.]
 [500.]
 [500.]
 [500.]
 [500.]
 [500.]
 [500.]
 [500.]
 [500.]
 [500.]
 [500.]
 [500.]
 [500.]
 [500.]
 [500.]
 [500.]
 [500.]
 [500.]
 [500.]
 [500.]
 [500.]
 [500.]
 [500.]
 [500.]
 [500.]
 [500.]
 [500.]
 [500.]
 [500.]
 [500.]]
Ch: [[2.04676521 2.07290172 1.90997331 1.96207148 1.9798455  1.93478194
  2.05157055 2.05062324 2.01145584 2.02794813 1.90937404]
 [2.024893   1.90035059 2.03991456 1.96634528 1.93194376 2.02324614
  1.9384852  2.02343548 2.04379789 1.93976785 1.92528718]
 [1.99803886 1.90733258 1.90066464 2.07554955 1.91420204 1.96628626
  1.92985937 2.01699351 1.90628619 2.08997105 1.93553964]
 [2.02355391 1.93121628 2.00406415 1.95449752 1.91164822 1.91200113
  1.96338363 1.95044216 1.97284974 2.09108117 2.06084777]
 [1.9020878  2.03565439 2.07153623 1.92292473 1.91097543 1.93218515
  2.06942806 2.05601584 2.04074482 1.91973876 1.98751022]
 [1.95540958 2.05011504 2.00050944 2.00839512 2.09964352 1.99279751
  1.91504005 2.02920047 1.93169877 1.99156132 1.90881733]
 [1.91223873 1.91622533 1.99471481 1.93364123 2.08489587 1.99107737
  2.0471872  1.97399667 1.98122407 1.96305875 2.04143853]
 [1.98455659 1.98070364 2.00856865 1.93185422 1.95299138 1.98571947
  2.06618996 1.90515051 1.98745632 2.0504684  1.99742225]
 [1.95899844 1.97722524 2.06159302 1.92187322 1.95129577 2.0942795
  1.93024626 1.91547493 1.91313707 1.90228045 2.03717289]
 [2.05029236 1.9390862  1.93352902 1.9637339  2.05165853 1.98643724
  1.95593425 1.98565512 2.02892011 1.92400743 1.92955324]]
Cv: [[0.         0.         0.         0.         0.         0.
  0.         0.         0.         0.        ]
 [2.03991116 1.93757168 1.95208475 2.00444988 1.9273797  2.02796664
  2.0254872  2.01841975 1.92953454 1.96116867]
 [1.95262063 2.03439712 2.08075209 2.07526799 2.09721326 2.0774803
  2.05666722 1.92084499 1.91201284 2.05707571]
 [1.90584865 1.95448458 1.93320384 2.00514248 1.9310352  1.95366522
  1.92668531 1.96508719 1.91692327 1.96144746]
 [2.04018623 1.90835207 2.04192989 1.94074413 2.0479722  1.97263284
  1.91359307 2.03433022 1.93167823 1.98363111]
 [2.06278207 2.09907697 1.91826707 1.9946705  2.07746952 2.09676631
  1.92434942 2.03271724 2.05629357 1.97521766]
 [2.00034786 1.97345746 1.98538419 2.08230521 2.00090708 2.09813561
  1.95910522 1.96857423 1.96203385 1.93464518]
 [2.05784271 1.95570976 1.95771394 2.07805394 1.98349842 2.05773316
  1.94559116 2.072461   2.06191092 2.00332061]
 [1.94334888 1.99560792 2.03386879 2.02333828 1.95016782 2.09660218
  2.01203363 2.02915397 1.93654084 1.98339532]
 [1.95397808 1.98645916 2.04618644 2.02950207 1.93350627 1.97159363
  2.06759231 2.07433239 2.02943477 2.09310843]]
Rh: [[ 8.41989702  8.5375057   7.50396829 19.10798414 31.66403318 16.37419411
  22.68720654 12.33114961  9.68442875 23.18606812 16.05152047]
 [14.78963974  7.44164817  7.65508558  7.34026279 11.86327699 15.90285622
  23.92541704 10.87571736 16.68265191 11.51296543 22.41236934]
 [28.28932344 10.52759192  9.53623351 11.21517523 23.74214991  9.34238554
   9.46511979  9.95668591  7.47466647 22.0774195  19.79302436]
 [13.87584866 11.54452188 16.13450858 16.26342912 29.18471754 16.10557048
  25.1751039  24.00918519 12.00583959 22.46294133 27.8841356 ]
 [25.48367298  9.7605211  18.30691897 21.63187503 20.35447417  8.82465323
  10.4035232   7.59451112  8.62659139 11.85694512  7.79667794]
 [ 8.89135437 24.74026399 28.37048738 21.73387276 25.01191678 18.13718558
  12.20055979 20.90781636 13.8866068  18.3539654  16.76500936]
 [32.85757626 30.50624818 11.25672092 16.31855825  7.32527145 14.17680895
  18.59406282 28.87841163 12.4864831  12.23678799 13.0818905 ]
 [15.16943711 27.26046727 11.46599211 22.21044392 17.34893927 29.95971428
  20.18756878  7.48889479 15.12479129  7.39783441 29.27423886]
 [26.41655871  8.46103825  9.0253679  24.00762992  7.56092538  8.33456139
  20.27324124 13.3231355   8.77415607 14.39060228 26.09657105]
 [15.87495033 16.01554133  8.84305053  9.7992096  32.19632928  8.36598659
  19.07152511 25.10498235 19.10848292  7.00955254  8.89606409]]
Rv: [[14.55795964 10.3522146  14.74696203 19.53599766  9.27535346 20.21541554
   8.67220057 26.32102784 14.44507357 15.35384364]
 [ 9.69443863 19.28201011 16.54343618 25.64035775 21.12599856  9.96444758
  20.9507822  10.92396918 11.03496709 18.74687477]
 [24.1128813   7.38646963 14.95402883 17.54060127 22.89856803  9.71887021
  14.96364058 30.18343739  7.0661133  12.36066559]
 [27.31338037 31.08462316  9.68456116 13.83913251 10.73254309 13.69045237
   9.41651981 22.60427126 15.73947543  8.58487071]
 [10.74234079 23.05293    21.73523321 27.40089103  8.05915696 18.23943794
  16.02055486  9.21198483 28.3903198  15.03769383]
 [29.57931739 23.86408816  7.13445942 15.53375264 13.552448    8.00666881
   7.08453714 18.51104092 10.36623642 25.4321993 ]
 [20.64776974 21.31673202  9.18726109  8.42724588 10.06581296 13.05445104
  13.71973121 24.11024972 10.61356499 14.12381899]
 [13.50465944 15.04470624 19.27350145 13.8917861  15.00251749 23.21415803
  21.67311507 15.85987441 11.04986921 25.42938617]
 [20.69865164 11.13565735 17.68029953 18.33711417 10.01129516 17.50051673
  12.08926924  8.3884266  16.23741583 18.78026413]]