-------Running parameters--------
T = 0.001
temperature_gradient = 0.0
gap = 0.0
M = 10
N = 10
VR = 0.0
Vmin = 0.0
Vmax = 1.1
vStep = 0.001
vSym = True
repeats = 50
fileName = array_10_10_disorder_c_std_0.1_r_std_12_run_4
dist = exp
fullOutput = True
use_graph = False
current_map = True
plot_current_map = False
plot_binary_current_map = False
frame_norm = False
dbg = False
resume = False
sc = False
leaping = False
constQ = False
modifyR = False
double_time = False
double_loop = False
output_folder = bgu_2d_finite_temperature_different_disorders_statistics
params_path = 
VG_avg = 0.0
VG_std = 0.0
C_avg = 2.0
C_std = 0.1
CG_avg = 10.0
CG_std = 0.0
R_avg = 20.0
R_std = 12.0
custom_rh = ""
custom_rv = ""
custom_ch = ""
custom_cv = ""
RG_avg = 500.0
RG_std = 0.0
n0_avg = 0.0
n0_std = 0.0
Q0_avg = 0.0
Q0_std = 0.0
----Array Parameters-----
Rows: 10
Columns: 10
VG: [[0.]
 [0.]
 [0.]
 [0.]
 [0.]
 [0.]
 [0.]
 [0.]
 [0.]
 [0.]
 [0.]
 [0.]
 [0.]
 [0.]
 [0.]
 [0.]
 [0.]
 [0.]
 [0.]
 [0.]
 [0.]
 [0.]
 [0.]
 [0.]
 [0.]
 [0.]
 [0.]
 [0.]
 [0.]
 [0.]
 [0.]
 [0.]
 [0.]
 [0.]
 [0.]
 [0.]
 [0.]
 [0.]
 [0.]
 [0.]
 [0.]
 [0.]
 [0.]
 [0.]
 [0.]
 [0.]
 [0.]
 [0.]
 [0.]
 [0.]
 [0.]
 [0.]
 [0.]
 [0.]
 [0.]
 [0.]
 [0.]
 [0.]
 [0.]
 [0.]
 [0.]
 [0.]
 [0.]
 [0.]
 [0.]
 [0.]
 [0.]
 [0.]
 [0.]
 [0.]
 [0.]
 [0.]
 [0.]
 [0.]
 [0.]
 [0.]
 [0.]
 [0.]
 [0.]
 [0.]
 [0.]
 [0.]
 [0.]
 [0.]
 [0.]
 [0.]
 [0.]
 [0.]
 [0.]
 [0.]
 [0.]
 [0.]
 [0.]
 [0.]
 [0.]
 [0.]
 [0.]
 [0.]
 [0.]
 [0.]]
CG: [[10.]
 [10.]
 [10.]
 [10.]
 [10.]
 [10.]
 [10.]
 [10.]
 [10.]
 [10.]
 [10.]
 [10.]
 [10.]
 [10.]
 [10.]
 [10.]
 [10.]
 [10.]
 [10.]
 [10.]
 [10.]
 [10.]
 [10.]
 [10.]
 [10.]
 [10.]
 [10.]
 [10.]
 [10.]
 [10.]
 [10.]
 [10.]
 [10.]
 [10.]
 [10.]
 [10.]
 [10.]
 [10.]
 [10.]
 [10.]
 [10.]
 [10.]
 [10.]
 [10.]
 [10.]
 [10.]
 [10.]
 [10.]
 [10.]
 [10.]
 [10.]
 [10.]
 [10.]
 [10.]
 [10.]
 [10.]
 [10.]
 [10.]
 [10.]
 [10.]
 [10.]
 [10.]
 [10.]
 [10.]
 [10.]
 [10.]
 [10.]
 [10.]
 [10.]
 [10.]
 [10.]
 [10.]
 [10.]
 [10.]
 [10.]
 [10.]
 [10.]
 [10.]
 [10.]
 [10.]
 [10.]
 [10.]
 [10.]
 [10.]
 [10.]
 [10.]
 [10.]
 [10.]
 [10.]
 [10.]
 [10.]
 [10.]
 [10.]
 [10.]
 [10.]
 [10.]
 [10.]
 [10.]
 [10.]
 [10.]]
RG: [[500.]
 [500.]
 [500.]
 [500.]
 [500.]
 [500.]
 [500.]
 [500.]
 [500.]
 [500.]
 [500.]
 [500.]
 [500.]
 [500.]
 [500.]
 [500.]
 [500.]
 [500.]
 [500.]
 [500.]
 [500.]
 [500.]
 [500.]
 [500.]
 [500.]
 [500.]
 [500.]
 [500.]
 [500.]
 [500.]
 [500.]
 [500.]
 [500.]
 [500.]
 [500.]
 [500.]
 [500.]
 [500.]
 [500.]
 [500.]
 [500.]
 [500.]
 [500.]
 [500.]
 [500.]
 [500.]
 [500.]
 [500.]
 [500.]
 [500.]
 [500.]
 [500.]
 [500.]
 [500.]
 [500.]
 [500.]
 [500.]
 [500.]
 [500.]
 [500.]
 [500.]
 [500.]
 [500.]
 [500.]
 [500.]
 [500.]
 [500.]
 [500.]
 [500.]
 [500.]
 [500.]
 [500.]
 [500.]
 [500.]
 [500.]
 [500.]
 [500.]
 [500.]
 [500.]
 [500.]
 [500.]
 [500.]
 [500.]
 [500.]
 [500.]
 [500.]
 [500.]
 [500.]
 [500.]
 [500.]
 [500.]
 [500.]
 [500.]
 [500.]
 [500.]
 [500.]
 [500.]
 [500.]
 [500.]
 [500.]]
Ch: [[2.04522575 2.09516016 1.92202817 1.94048441 1.92336296 2.02444446
  1.98390003 2.06727121 2.00839662 2.06466617 2.00652535]
 [1.91747673 1.91779807 1.97153753 1.90271779 2.066403   2.03559975
  2.05636136 1.94960807 2.09435039 1.90364143 1.91272691]
 [2.03184694 1.90294969 2.07693787 1.93514922 1.98933749 1.97987247
  1.99682921 2.01499789 2.03587875 2.08691419 2.07944734]
 [2.06026214 2.04273435 2.08851592 2.01467157 1.96467491 2.09310512
  2.01185519 2.08567843 2.08765085 2.03068281 1.91291206]
 [1.97519952 2.05029666 2.07974713 1.95517177 1.94490831 2.03023898
  2.06602788 1.94875084 2.09367933 2.00706634 1.92795677]
 [1.99233309 1.93306109 1.91872609 1.94217806 1.99348229 1.93595182
  1.95415125 2.02662321 2.08879451 1.90235687 2.08551969]
 [1.93892206 2.08457039 2.0110604  1.92766825 1.99977416 2.07521594
  2.0772131  1.9673934  2.07417612 1.93175584 2.00980032]
 [1.96698045 1.99443544 2.03836371 1.96291906 1.91879876 1.94013496
  1.95738156 1.95718742 2.09840615 2.04328921 2.07173632]
 [2.0192875  1.90685501 1.99501689 2.03752139 2.08650237 2.09395669
  1.95846444 1.97815927 1.97947774 2.03361415 2.02366171]
 [1.95848057 1.97428423 1.95678512 2.05616198 1.96656576 1.93340143
  2.07730565 1.99136043 1.92213691 1.93487031 1.912511  ]]
Cv: [[0.         0.         0.         0.         0.         0.
  0.         0.         0.         0.        ]
 [1.97248271 1.946358   1.99567104 1.95154076 1.96367112 2.0114571
  2.06308172 1.91531941 2.03051676 2.04646963]
 [2.00196237 1.99902175 2.07828556 2.08710438 1.9339168  2.00178317
  2.09938156 2.09261521 1.94675944 2.02507047]
 [1.99122203 2.08692928 1.96546245 1.97851868 1.91416144 2.04009242
  2.04677103 1.99162215 1.90271853 1.98731647]
 [1.92149993 2.05588614 1.99392325 1.98657976 2.02769091 2.0515864
  1.9025278  2.04666128 2.06362771 2.07850403]
 [2.04975569 1.99480328 2.07126616 2.02388073 1.94247383 1.9948495
  1.93855208 2.00565637 2.09857204 2.06269074]
 [2.06626604 1.96283554 1.93907017 2.03938726 2.08047849 2.01997143
  1.91695581 1.94057046 1.92487232 2.03451332]
 [1.92604285 1.99425932 1.946882   2.01345646 1.94910742 1.97230446
  1.96760027 1.9973205  1.91596696 1.99210581]
 [1.97553322 2.06027857 2.02536163 2.03810506 2.03162262 1.9030124
  1.98200226 1.91362119 1.97333012 1.92843692]
 [1.91378521 1.95119364 2.04733404 1.97587062 1.93064806 1.91163742
  2.02582527 1.96823043 1.90916974 2.04894915]]
Rh: [[17.06089405 15.07783265 31.07520996 10.03810195 25.17775967 27.95604023
  16.1620841  12.2986832  14.46738109 23.53562414 30.78422012]
 [25.25342447 16.64225879 23.93728756  9.73761783 26.03906225 11.98798996
  10.95863318 16.58306856 16.97616    28.07520711 12.08826137]
 [27.58465972 16.50645076 19.1747152  26.03262562 11.3460175  30.48826865
  19.24553415 25.70468755 26.62102221 18.05407201 30.02549845]
 [21.6270985  16.30670614 21.5933027  21.68217043  8.36485662 21.79343336
  17.37814631 27.52792986  9.45429224 20.75372969 17.58494599]
 [16.85095158 28.53211277 12.787092   15.688937   27.51403766 11.68738823
   9.50711842  8.3366212  19.47411403  8.71437771 12.16282151]
 [29.18274333 30.83681071 25.27975376 24.51733634 18.67714389 22.27875277
  25.98512496 14.27171202 28.71156972 24.62600211 18.22502156]
 [14.15323355 31.83964971 13.34233714 12.21287017 29.07309305 18.80469336
  15.12609857  8.41449335 21.6095309   9.03393579 11.54522569]
 [11.76563458 14.9455063  16.40373827 11.58266861 23.24176052 11.21993551
  16.21382352  8.70256304  8.01374034  9.80618046 16.72657426]
 [31.71364065 14.05429991 26.6868546  10.92347874  8.53439708 20.270539
  13.66419889  9.48432864 19.43645041 15.38387424 14.30996737]
 [10.24720871 16.51570361 11.34905973 22.76142767 31.88003798 15.45881855
   8.98054938 11.91487284 28.51539165 25.82016053 18.64968938]]
Rv: [[14.59306007 12.16216361  8.19492038 26.14871468 14.40753008 21.20554713
   8.19144927 22.48408254 17.30236712 13.42992431]
 [ 9.96629409 23.31601718 29.48414452 24.05064043 30.30273969 13.8885834
  26.56798674 12.9644476   9.63576652 10.59445832]
 [27.35018225 12.70714644 12.32966911  8.38073251 13.00722124 12.32300426
  13.58579946 24.91329876 14.3883895  21.38687341]
 [18.92671548 21.69231226  9.68461229 16.74437406 12.18279364 21.49847453
  13.11658753  9.26141108 10.34787459 21.48640621]
 [21.0299439  11.68833892 26.98078105  8.41013273 17.73105155 22.2705138
  30.43145805 10.48981237 13.56854258  9.58985837]
 [21.26413    20.76462002 21.88427487 16.8544751   8.31499635 17.20465969
  15.46895211 15.57180697  9.54663448  9.16018688]
 [20.5783171  26.77799633 29.81733691 28.4441574  29.26724986 11.69242522
  18.94222256 27.7250938  14.92932651 29.67043221]
 [ 8.95476782 16.20211242 11.05465648 17.70525054 10.87902617 11.91974761
  24.18651781 18.55531055 25.25289018 22.41986177]
 [12.60062619 10.70559477 14.67291053 12.31937631 15.7322397  22.65742363
  18.37559495 12.73049168 28.00474988 11.87162821]]