-------Running parameters--------
T = 0.001
temperature_gradient = 0.0
gap = 0.0
M = 10
N = 10
VR = 0.0
Vmin = 0.0
Vmax = 1.1
vStep = 0.001
vSym = True
repeats = 50
fileName = array_10_10_disorder_c_std_0.1_r_std_10_run_8
dist = exp
fullOutput = True
use_graph = False
current_map = True
plot_current_map = False
plot_binary_current_map = False
frame_norm = False
dbg = False
resume = False
sc = False
leaping = False
constQ = False
modifyR = False
double_time = False
double_loop = False
output_folder = bgu_2d_finite_temperature_different_disorders_statistics
params_path = 
VG_avg = 0.0
VG_std = 0.0
C_avg = 2.0
C_std = 0.1
CG_avg = 10.0
CG_std = 0.0
R_avg = 20.0
R_std = 10.0
custom_rh = ""
custom_rv = ""
custom_ch = ""
custom_cv = ""
RG_avg = 500.0
RG_std = 0.0
n0_avg = 0.0
n0_std = 0.0
Q0_avg = 0.0
Q0_std = 0.0
----Array Parameters-----
Rows: 10
Columns: 10
VG: [[0.]
 [0.]
 [0.]
 [0.]
 [0.]
 [0.]
 [0.]
 [0.]
 [0.]
 [0.]
 [0.]
 [0.]
 [0.]
 [0.]
 [0.]
 [0.]
 [0.]
 [0.]
 [0.]
 [0.]
 [0.]
 [0.]
 [0.]
 [0.]
 [0.]
 [0.]
 [0.]
 [0.]
 [0.]
 [0.]
 [0.]
 [0.]
 [0.]
 [0.]
 [0.]
 [0.]
 [0.]
 [0.]
 [0.]
 [0.]
 [0.]
 [0.]
 [0.]
 [0.]
 [0.]
 [0.]
 [0.]
 [0.]
 [0.]
 [0.]
 [0.]
 [0.]
 [0.]
 [0.]
 [0.]
 [0.]
 [0.]
 [0.]
 [0.]
 [0.]
 [0.]
 [0.]
 [0.]
 [0.]
 [0.]
 [0.]
 [0.]
 [0.]
 [0.]
 [0.]
 [0.]
 [0.]
 [0.]
 [0.]
 [0.]
 [0.]
 [0.]
 [0.]
 [0.]
 [0.]
 [0.]
 [0.]
 [0.]
 [0.]
 [0.]
 [0.]
 [0.]
 [0.]
 [0.]
 [0.]
 [0.]
 [0.]
 [0.]
 [0.]
 [0.]
 [0.]
 [0.]
 [0.]
 [0.]
 [0.]]
CG: [[10.]
 [10.]
 [10.]
 [10.]
 [10.]
 [10.]
 [10.]
 [10.]
 [10.]
 [10.]
 [10.]
 [10.]
 [10.]
 [10.]
 [10.]
 [10.]
 [10.]
 [10.]
 [10.]
 [10.]
 [10.]
 [10.]
 [10.]
 [10.]
 [10.]
 [10.]
 [10.]
 [10.]
 [10.]
 [10.]
 [10.]
 [10.]
 [10.]
 [10.]
 [10.]
 [10.]
 [10.]
 [10.]
 [10.]
 [10.]
 [10.]
 [10.]
 [10.]
 [10.]
 [10.]
 [10.]
 [10.]
 [10.]
 [10.]
 [10.]
 [10.]
 [10.]
 [10.]
 [10.]
 [10.]
 [10.]
 [10.]
 [10.]
 [10.]
 [10.]
 [10.]
 [10.]
 [10.]
 [10.]
 [10.]
 [10.]
 [10.]
 [10.]
 [10.]
 [10.]
 [10.]
 [10.]
 [10.]
 [10.]
 [10.]
 [10.]
 [10.]
 [10.]
 [10.]
 [10.]
 [10.]
 [10.]
 [10.]
 [10.]
 [10.]
 [10.]
 [10.]
 [10.]
 [10.]
 [10.]
 [10.]
 [10.]
 [10.]
 [10.]
 [10.]
 [10.]
 [10.]
 [10.]
 [10.]
 [10.]]
RG: [[500.]
 [500.]
 [500.]
 [500.]
 [500.]
 [500.]
 [500.]
 [500.]
 [500.]
 [500.]
 [500.]
 [500.]
 [500.]
 [500.]
 [500.]
 [500.]
 [500.]
 [500.]
 [500.]
 [500.]
 [500.]
 [500.]
 [500.]
 [500.]
 [500.]
 [500.]
 [500.]
 [500.]
 [500.]
 [500.]
 [500.]
 [500.]
 [500.]
 [500.]
 [500.]
 [500.]
 [500.]
 [500.]
 [500.]
 [500.]
 [500.]
 [500.]
 [500.]
 [500.]
 [500.]
 [500.]
 [500.]
 [500.]
 [500.]
 [500.]
 [500.]
 [500.]
 [500.]
 [500.]
 [500.]
 [500.]
 [500.]
 [500.]
 [500.]
 [500.]
 [500.]
 [500.]
 [500.]
 [500.]
 [500.]
 [500.]
 [500.]
 [500.]
 [500.]
 [500.]
 [500.]
 [500.]
 [500.]
 [500.]
 [500.]
 [500.]
 [500.]
 [500.]
 [500.]
 [500.]
 [500.]
 [500.]
 [500.]
 [500.]
 [500.]
 [500.]
 [500.]
 [500.]
 [500.]
 [500.]
 [500.]
 [500.]
 [500.]
 [500.]
 [500.]
 [500.]
 [500.]
 [500.]
 [500.]
 [500.]]
Ch: [[2.01980062 1.94041786 2.05738748 1.93740032 2.0661604  2.0273127
  1.96006018 1.9396036  1.945616   1.96381822 2.05740286]
 [2.06033305 1.9170299  1.99505672 2.07795769 2.00352744 1.90577262
  1.95017327 1.95670083 2.03443034 2.05811622 2.02604691]
 [2.08249689 1.92111097 1.93046509 2.08587814 2.07341696 2.06392996
  2.09562674 1.92470062 2.04565112 1.96552085 1.98549872]
 [2.07410045 2.09217916 1.91678464 1.9638577  1.99326721 2.08170552
  2.09046486 1.96740365 1.90653022 2.05919475 1.98260849]
 [2.05799719 2.01955862 1.90037758 1.9755541  1.9296404  2.0702179
  2.02131719 1.90955164 2.08798954 2.06831281 1.98478203]
 [1.93038318 2.0787874  2.05534305 1.93122239 2.04441358 1.94765824
  2.01686987 2.00267597 2.00343505 2.02368522 2.02337051]
 [2.06112884 2.03763423 1.96039811 1.97610419 2.0533475  2.03087371
  1.99247725 2.09115046 1.96030255 1.91488431 1.98917134]
 [2.00071003 2.03578918 2.08098682 1.95041144 1.98487785 2.093369
  1.94337044 1.95629736 1.95696096 2.0344699  2.0138023 ]
 [1.9163457  2.00151158 1.92716541 2.09638473 1.98415927 1.92629703
  2.00926525 1.9420884  2.02585643 2.03235042 2.04598655]
 [2.01078564 2.09702    2.03774087 2.02746348 1.92747023 2.05146838
  1.92887543 1.92483678 2.06176771 1.92631947 2.01918738]]
Cv: [[0.         0.         0.         0.         0.         0.
  0.         0.         0.         0.        ]
 [2.0702407  2.01060944 1.94200139 1.92773719 2.02448489 1.98332772
  2.00675899 2.02965608 2.09634035 1.91029971]
 [2.07874163 2.02659394 2.00394559 1.98186516 2.00903651 2.0546979
  2.08719522 2.05868926 2.03215922 1.92681822]
 [1.98912478 2.07747103 2.07537679 2.02804356 2.00572139 2.00486518
  2.04107219 1.9475084  1.99988972 2.01285337]
 [2.02080583 2.07884231 1.9421757  1.98268367 1.95637598 1.94840545
  1.94185445 2.01202368 2.02151948 1.93777995]
 [1.98412596 1.93286236 2.09628041 2.03390294 1.9041806  2.00271171
  1.98064953 1.91830172 2.02579961 2.04981674]
 [2.04001186 1.91981441 2.04462236 2.06451592 2.01767839 1.90132213
  1.9086809  1.9353984  2.04301537 1.966231  ]
 [1.90324793 2.06049153 1.93195389 1.91703772 1.97320514 1.95455743
  1.96232777 2.04691333 1.99081375 2.01480294]
 [2.06535425 1.9001202  1.96155585 1.94243363 1.9483026  2.04834015
  1.96466456 1.99343106 2.01477074 1.90829423]
 [2.04247985 1.98584786 2.07727698 2.01350131 1.9331134  2.08090355
  1.93360718 2.04481287 1.96495066 2.00963459]]
Rh: [[13.95253312 18.82287259 22.27693532 15.0154305  29.63068137 23.86113637
  15.75098451 28.68923488 11.84722516 25.55484405 28.56330429]
 [23.14271381 13.505737   22.30591106 21.86551599 27.59941989 19.3663132
  18.24889495 10.57882463 23.26493426 17.69386034 25.29341745]
 [29.06580614 28.85819722 10.95520905 19.08609606 15.16267143 13.29124938
  28.5608818  22.33545589 10.03797008 12.8143687  11.31653667]
 [19.46854494 15.66525287 27.93635253 12.90212211 15.57955771 25.39620856
  12.29844451 12.43595762 16.39795609 12.91092616 11.58573617]
 [12.30149304 23.36603461 13.43954002 16.75868133 11.54125253 18.24186017
  15.92734679 19.02633818 11.39396701 20.57785891 15.49040575]
 [24.61958058 28.24345664 10.38647708 27.88187394 11.44455337 27.43387666
  21.70613428 12.97630217 13.74858565 21.81843807 14.75816783]
 [13.33677485 27.89119648 10.32195015 29.02324501 19.75019907 14.05323526
  15.94379718 27.00318827 11.45280859 11.79834032 12.37049277]
 [26.13447757 22.84365654 12.25300968 14.82284681 14.99718231 10.09179434
  23.43440942 26.05170194 27.85906174 12.22731809 15.23185841]
 [11.41872595 14.53120176 27.91125581 21.94374793 13.99134947 25.5111304
  20.38743562 12.98336394 18.13125756 29.94698967 12.49409816]
 [15.54253626 27.86041098 23.37487612 19.124167   25.90894057 12.34151863
  22.40858869 11.91913632 13.34161821 15.88044174 16.06247827]]
Rv: [[16.01293948 17.32332747 13.8585904  20.25677362 11.77523096 11.18608273
  25.92427199 18.39053573 19.82254181 12.22962745]
 [21.25731991 10.63737731 19.64960653 19.87513401 24.47335053 14.1145685
  20.29812999 25.89352627 16.49143778 25.10640185]
 [17.74104387 22.10889627 28.08016408 15.87908142 20.03958351 13.77986859
  26.86119195 11.99204096 20.51420473 11.8181192 ]
 [15.49831665 21.00065436 23.18614424 21.59097706 13.43959255 17.17488313
  17.30111475 29.07822994 12.5312674  10.87309946]
 [18.7632607  22.82912569 10.00570627 12.18086735 15.78157079 18.97415113
  10.50405881 19.85954732 12.7181385  29.66311264]
 [17.84555031 23.84409016 14.77903208 10.44349816 12.46924279 15.62739442
  26.3548231  16.8391182  28.69304021 10.23918121]
 [21.69075288 23.14090649 23.12219515 18.85661891 19.36854432 16.97370612
  28.25513874 13.55779385 22.26693154 28.60796488]
 [20.97000287 21.88078303 29.49749623 13.4191957  13.34172705 14.06765504
  20.86070584 10.94037146 15.18750287 12.29177499]
 [26.15004878 15.66407727 23.12002502 17.24297054 15.10901992 10.43809632
  16.06512822 26.29950132 19.03350068 19.44049904]]