-------Running parameters--------
T = 0.001
temperature_gradient = 0.0
gap = 0.0
M = 10
N = 10
VR = 0.0
Vmin = 0.0
Vmax = 1.1
vStep = 0.001
vSym = True
repeats = 50
fileName = array_10_10_disorder_c_std_0.1_r_std_11_run_10
dist = exp
fullOutput = True
use_graph = False
current_map = True
plot_current_map = False
plot_binary_current_map = False
frame_norm = False
dbg = False
resume = False
sc = False
leaping = False
constQ = False
modifyR = False
double_time = False
double_loop = False
output_folder = bgu_2d_finite_temperature_different_disorders_statistics
params_path = 
VG_avg = 0.0
VG_std = 0.0
C_avg = 2.0
C_std = 0.1
CG_avg = 10.0
CG_std = 0.0
R_avg = 20.0
R_std = 11.0
custom_rh = ""
custom_rv = ""
custom_ch = ""
custom_cv = ""
RG_avg = 500.0
RG_std = 0.0
n0_avg = 0.0
n0_std = 0.0
Q0_avg = 0.0
Q0_std = 0.0
----Array Parameters-----
Rows: 10
Columns: 10
VG: [[0.]
 [0.]
 [0.]
 [0.]
 [0.]
 [0.]
 [0.]
 [0.]
 [0.]
 [0.]
 [0.]
 [0.]
 [0.]
 [0.]
 [0.]
 [0.]
 [0.]
 [0.]
 [0.]
 [0.]
 [0.]
 [0.]
 [0.]
 [0.]
 [0.]
 [0.]
 [0.]
 [0.]
 [0.]
 [0.]
 [0.]
 [0.]
 [0.]
 [0.]
 [0.]
 [0.]
 [0.]
 [0.]
 [0.]
 [0.]
 [0.]
 [0.]
 [0.]
 [0.]
 [0.]
 [0.]
 [0.]
 [0.]
 [0.]
 [0.]
 [0.]
 [0.]
 [0.]
 [0.]
 [0.]
 [0.]
 [0.]
 [0.]
 [0.]
 [0.]
 [0.]
 [0.]
 [0.]
 [0.]
 [0.]
 [0.]
 [0.]
 [0.]
 [0.]
 [0.]
 [0.]
 [0.]
 [0.]
 [0.]
 [0.]
 [0.]
 [0.]
 [0.]
 [0.]
 [0.]
 [0.]
 [0.]
 [0.]
 [0.]
 [0.]
 [0.]
 [0.]
 [0.]
 [0.]
 [0.]
 [0.]
 [0.]
 [0.]
 [0.]
 [0.]
 [0.]
 [0.]
 [0.]
 [0.]
 [0.]]
CG: [[10.]
 [10.]
 [10.]
 [10.]
 [10.]
 [10.]
 [10.]
 [10.]
 [10.]
 [10.]
 [10.]
 [10.]
 [10.]
 [10.]
 [10.]
 [10.]
 [10.]
 [10.]
 [10.]
 [10.]
 [10.]
 [10.]
 [10.]
 [10.]
 [10.]
 [10.]
 [10.]
 [10.]
 [10.]
 [10.]
 [10.]
 [10.]
 [10.]
 [10.]
 [10.]
 [10.]
 [10.]
 [10.]
 [10.]
 [10.]
 [10.]
 [10.]
 [10.]
 [10.]
 [10.]
 [10.]
 [10.]
 [10.]
 [10.]
 [10.]
 [10.]
 [10.]
 [10.]
 [10.]
 [10.]
 [10.]
 [10.]
 [10.]
 [10.]
 [10.]
 [10.]
 [10.]
 [10.]
 [10.]
 [10.]
 [10.]
 [10.]
 [10.]
 [10.]
 [10.]
 [10.]
 [10.]
 [10.]
 [10.]
 [10.]
 [10.]
 [10.]
 [10.]
 [10.]
 [10.]
 [10.]
 [10.]
 [10.]
 [10.]
 [10.]
 [10.]
 [10.]
 [10.]
 [10.]
 [10.]
 [10.]
 [10.]
 [10.]
 [10.]
 [10.]
 [10.]
 [10.]
 [10.]
 [10.]
 [10.]]
RG: [[500.]
 [500.]
 [500.]
 [500.]
 [500.]
 [500.]
 [500.]
 [500.]
 [500.]
 [500.]
 [500.]
 [500.]
 [500.]
 [500.]
 [500.]
 [500.]
 [500.]
 [500.]
 [500.]
 [500.]
 [500.]
 [500.]
 [500.]
 [500.]
 [500.]
 [500.]
 [500.]
 [500.]
 [500.]
 [500.]
 [500.]
 [500.]
 [500.]
 [500.]
 [500.]
 [500.]
 [500.]
 [500.]
 [500.]
 [500.]
 [500.]
 [500.]
 [500.]
 [500.]
 [500.]
 [500.]
 [500.]
 [500.]
 [500.]
 [500.]
 [500.]
 [500.]
 [500.]
 [500.]
 [500.]
 [500.]
 [500.]
 [500.]
 [500.]
 [500.]
 [500.]
 [500.]
 [500.]
 [500.]
 [500.]
 [500.]
 [500.]
 [500.]
 [500.]
 [500.]
 [500.]
 [500.]
 [500.]
 [500.]
 [500.]
 [500.]
 [500.]
 [500.]
 [500.]
 [500.]
 [500.]
 [500.]
 [500.]
 [500.]
 [500.]
 [500.]
 [500.]
 [500.]
 [500.]
 [500.]
 [500.]
 [500.]
 [500.]
 [500.]
 [500.]
 [500.]
 [500.]
 [500.]
 [500.]
 [500.]]
Ch: [[1.94141378 1.93585511 2.02802333 2.07149107 2.0381826  2.04768418
  2.05801479 2.0677323  2.05058312 1.96687026 1.97675875]
 [2.09411655 2.01717536 2.00633988 2.0938203  1.98510364 2.01707702
  2.06928893 2.08380562 2.01676979 1.91110686 1.962642  ]
 [2.05242269 2.09537083 1.95642754 1.98641844 1.90386775 2.07886088
  1.97139408 2.01727656 1.90902905 1.92987705 2.03636739]
 [1.92837867 1.93482024 2.06219201 2.08654407 2.02382912 1.96598286
  1.92324368 2.0481453  2.09767202 2.09516251 1.95087611]
 [1.96497351 1.99729314 1.91932792 2.08592556 1.98439648 1.96610073
  2.03879675 2.08814501 1.97284765 1.96870638 2.02805825]
 [1.93965854 1.92803078 2.06911114 1.98673867 1.96484795 1.98754853
  2.06857313 1.90505857 2.00921806 2.05214659 2.03362863]
 [2.03540473 2.00348779 1.99425509 2.0815421  1.99805843 1.91091994
  2.01204062 1.96890253 2.08771059 1.95049364 1.90115567]
 [2.0242979  2.07108576 1.92009377 2.04528116 1.98167342 2.05386653
  1.98644525 1.91086875 1.98566259 1.95706324 1.95305009]
 [2.02564797 1.9502335  1.91628545 1.93584337 2.08344731 2.09663525
  1.99317729 1.97002805 1.94094507 1.91706664 1.93571321]
 [1.92788405 1.98549461 1.93165591 1.94004495 2.0965345  1.99566006
  1.92939796 1.93426469 1.97142685 2.09757809 2.09023896]]
Cv: [[0.         0.         0.         0.         0.         0.
  0.         0.         0.         0.        ]
 [2.06566834 1.93461264 2.08557627 1.91468    1.92713271 1.93175418
  2.09536175 1.90785785 1.91062927 2.03333107]
 [1.99883123 1.95246616 1.99565392 2.0045735  2.03425846 1.92508269
  2.0922906  2.01991453 2.09675558 1.92349638]
 [1.99104297 2.0037469  2.00242947 1.91482318 2.01690515 2.09779063
  1.97835192 1.94804738 2.08023745 1.97375083]
 [1.99089953 2.01801074 1.90025985 2.09538346 1.90688986 1.95290139
  2.04157015 2.06349427 1.90647059 2.03303865]
 [1.93913637 1.982732   1.95068638 1.96634601 1.99758008 1.99551334
  2.06670646 2.04870104 2.07607352 2.05100763]
 [1.90505797 2.09707973 2.06083785 2.0337854  2.04915457 1.9797433
  1.93501381 2.01846241 1.98963141 2.00474359]
 [1.95493862 2.03499889 2.09786434 2.04767269 1.94849093 1.93364088
  2.09651082 1.97606812 2.03891788 2.08313212]
 [1.9842615  1.93925531 2.08187844 2.09653367 1.94870796 2.00155033
  1.96784245 2.07780804 2.06814752 2.01754692]
 [1.91159329 2.01371374 1.98712286 2.03030729 2.09021057 2.04130395
  2.04834183 2.02648458 2.0407281  2.09496145]]
Rh: [[18.12941892 26.21628397 12.50977597 12.82645277 16.89990148 23.85551376
  22.52586914 12.33301643 24.66332963 14.40663316 25.59471312]
 [12.27057671 17.70403082 11.94011394 11.78972263 10.40954297 15.16083822
  23.58346759  9.70151096 15.7984904  10.40302748 17.71742823]
 [12.99431315 16.47864321 14.44320868 28.65401651 29.46899377 18.94854511
  26.63441979 28.38136506 10.64539924 21.5580549  22.52639963]
 [11.23280547 19.86893021 23.21393108 11.21482319 29.75873673 20.71680414
  26.75667105 22.83839181 10.79145116 20.3844556  12.03569589]
 [13.69778547 16.47472787 16.63088047 21.44560264 11.2261692  22.37755146
  15.56009438 12.78383932 12.98688961 13.93023363  9.36927876]
 [21.19690469 23.03181122 17.03790628 12.35197127 18.79619375 15.33760421
  15.96257375 11.68105993  9.67121155 12.66071576 11.26867667]
 [27.29311167 13.77666859 12.0513534  14.30920209 18.87772803  9.69042789
  10.12002708 15.69827805 14.2352943  27.15996305 27.08855932]
 [14.07918397 30.85624489 10.7591899  13.74092136 12.97966993 12.00260169
  16.58172738 10.35876636 10.85891926 20.16571463 10.87550192]
 [17.78458951 11.460673   30.0959182  18.17203719 11.66089885 12.26887734
   9.24583493 20.78315871 18.03584995 21.69465672 26.0731598 ]
 [16.34495731 11.73380733 13.82035905 17.84229587 12.23018613 29.02843768
  10.2941014  11.52249445 15.90164628 30.69653393 25.29459127]]
Rv: [[10.85610819 18.81818368 14.0980528   9.45531875 17.63385974 25.39325379
  13.34385124  9.12487254 25.73795441 10.13596264]
 [27.82334389 17.86704021 16.54255753 12.30462532  9.70220012 24.87094313
  18.04983566 12.59686173 18.55579219 13.30636489]
 [25.8767121  20.44649716 21.17990699 14.10742885 12.70134719 21.85495447
  19.30880605 25.11406424 22.67992085 28.33750296]
 [15.86169851 12.19173813 21.85166998 19.2246352  30.20710984 26.54083734
  30.6449356  28.21432918 10.40584606 29.29128161]
 [15.76995775 16.62865493 22.45344395 22.63218489 21.73329204 15.38324508
  28.85519102 24.55897414 11.78901764 25.65981001]
 [12.23256314 21.15647151 15.22746613 23.90415521 14.2848982  15.34533053
   9.74040117 10.99975418 22.09446284 23.62706339]
 [26.23102004 29.04182068 18.46346787 13.96197952 11.9019009  15.23834005
  26.0669411  23.34714614 11.63188251 20.83657674]
 [26.43388484 17.51413416 17.00549872 20.01292993 26.07515508 22.99141957
  16.78608635 13.13416002 11.0783571  14.20669352]
 [22.00482832 13.22908729 22.26583197 17.22424069 20.03889967 24.95365878
  14.72272876 10.38807012 11.33982076 14.680773  ]]