-------Running parameters--------
T = 0.001
temperature_gradient = 0.0
gap = 0.0
M = 10
N = 10
VR = 0.0
Vmin = 0.0
Vmax = 1.1
vStep = 0.001
vSym = True
repeats = 50
fileName = array_10_10_disorder_c_std_0.1_r_std_8.5_run_2
dist = exp
fullOutput = True
use_graph = False
current_map = True
plot_current_map = False
plot_binary_current_map = False
frame_norm = False
dbg = False
resume = False
sc = False
leaping = False
constQ = False
modifyR = False
double_time = False
double_loop = False
output_folder = bgu_2d_finite_temperature_different_disorders_statistics
params_path = 
VG_avg = 0.0
VG_std = 0.0
C_avg = 2.0
C_std = 0.1
CG_avg = 10.0
CG_std = 0.0
R_avg = 10.0
R_std = 8.5
custom_rh = ""
custom_rv = ""
custom_ch = ""
custom_cv = ""
RG_avg = 500.0
RG_std = 0.0
n0_avg = 0.0
n0_std = 0.0
Q0_avg = 0.0
Q0_std = 0.0
----Array Parameters-----
Rows: 10
Columns: 10
VG: [[0.]
 [0.]
 [0.]
 [0.]
 [0.]
 [0.]
 [0.]
 [0.]
 [0.]
 [0.]
 [0.]
 [0.]
 [0.]
 [0.]
 [0.]
 [0.]
 [0.]
 [0.]
 [0.]
 [0.]
 [0.]
 [0.]
 [0.]
 [0.]
 [0.]
 [0.]
 [0.]
 [0.]
 [0.]
 [0.]
 [0.]
 [0.]
 [0.]
 [0.]
 [0.]
 [0.]
 [0.]
 [0.]
 [0.]
 [0.]
 [0.]
 [0.]
 [0.]
 [0.]
 [0.]
 [0.]
 [0.]
 [0.]
 [0.]
 [0.]
 [0.]
 [0.]
 [0.]
 [0.]
 [0.]
 [0.]
 [0.]
 [0.]
 [0.]
 [0.]
 [0.]
 [0.]
 [0.]
 [0.]
 [0.]
 [0.]
 [0.]
 [0.]
 [0.]
 [0.]
 [0.]
 [0.]
 [0.]
 [0.]
 [0.]
 [0.]
 [0.]
 [0.]
 [0.]
 [0.]
 [0.]
 [0.]
 [0.]
 [0.]
 [0.]
 [0.]
 [0.]
 [0.]
 [0.]
 [0.]
 [0.]
 [0.]
 [0.]
 [0.]
 [0.]
 [0.]
 [0.]
 [0.]
 [0.]
 [0.]]
CG: [[10.]
 [10.]
 [10.]
 [10.]
 [10.]
 [10.]
 [10.]
 [10.]
 [10.]
 [10.]
 [10.]
 [10.]
 [10.]
 [10.]
 [10.]
 [10.]
 [10.]
 [10.]
 [10.]
 [10.]
 [10.]
 [10.]
 [10.]
 [10.]
 [10.]
 [10.]
 [10.]
 [10.]
 [10.]
 [10.]
 [10.]
 [10.]
 [10.]
 [10.]
 [10.]
 [10.]
 [10.]
 [10.]
 [10.]
 [10.]
 [10.]
 [10.]
 [10.]
 [10.]
 [10.]
 [10.]
 [10.]
 [10.]
 [10.]
 [10.]
 [10.]
 [10.]
 [10.]
 [10.]
 [10.]
 [10.]
 [10.]
 [10.]
 [10.]
 [10.]
 [10.]
 [10.]
 [10.]
 [10.]
 [10.]
 [10.]
 [10.]
 [10.]
 [10.]
 [10.]
 [10.]
 [10.]
 [10.]
 [10.]
 [10.]
 [10.]
 [10.]
 [10.]
 [10.]
 [10.]
 [10.]
 [10.]
 [10.]
 [10.]
 [10.]
 [10.]
 [10.]
 [10.]
 [10.]
 [10.]
 [10.]
 [10.]
 [10.]
 [10.]
 [10.]
 [10.]
 [10.]
 [10.]
 [10.]
 [10.]]
RG: [[500.]
 [500.]
 [500.]
 [500.]
 [500.]
 [500.]
 [500.]
 [500.]
 [500.]
 [500.]
 [500.]
 [500.]
 [500.]
 [500.]
 [500.]
 [500.]
 [500.]
 [500.]
 [500.]
 [500.]
 [500.]
 [500.]
 [500.]
 [500.]
 [500.]
 [500.]
 [500.]
 [500.]
 [500.]
 [500.]
 [500.]
 [500.]
 [500.]
 [500.]
 [500.]
 [500.]
 [500.]
 [500.]
 [500.]
 [500.]
 [500.]
 [500.]
 [500.]
 [500.]
 [500.]
 [500.]
 [500.]
 [500.]
 [500.]
 [500.]
 [500.]
 [500.]
 [500.]
 [500.]
 [500.]
 [500.]
 [500.]
 [500.]
 [500.]
 [500.]
 [500.]
 [500.]
 [500.]
 [500.]
 [500.]
 [500.]
 [500.]
 [500.]
 [500.]
 [500.]
 [500.]
 [500.]
 [500.]
 [500.]
 [500.]
 [500.]
 [500.]
 [500.]
 [500.]
 [500.]
 [500.]
 [500.]
 [500.]
 [500.]
 [500.]
 [500.]
 [500.]
 [500.]
 [500.]
 [500.]
 [500.]
 [500.]
 [500.]
 [500.]
 [500.]
 [500.]
 [500.]
 [500.]
 [500.]
 [500.]]
Ch: [[1.98531251 1.94840882 1.97768051 1.92189879 2.0287468  2.03453396
  1.94795949 2.0999375  2.07327727 2.05496432 2.03827764]
 [1.97777484 1.9682986  2.002633   2.0530719  2.08712868 2.08539845
  2.03509842 2.0648813  1.95121268 1.96578272 2.08359683]
 [2.00563272 1.93707949 2.04283253 1.98940577 2.08825727 1.94596037
  1.9514804  1.90052349 2.0658399  2.07798475 2.01713672]
 [1.91056027 1.97078656 1.97357757 1.90769721 1.94357423 1.93220995
  1.92911318 1.9685972  2.05856755 2.00620223 1.9225806 ]
 [2.06441494 1.90041381 2.0929405  1.99242352 1.9279415  1.99034371
  1.9434301  1.92068732 2.02399986 2.04817923 2.07703792]
 [1.98189581 2.00805594 1.92359433 2.0290519  1.92054046 1.95779763
  2.05661255 1.95737186 2.07647314 2.00709369 2.09485572]
 [2.06115149 2.00901701 1.93177146 1.9025385  2.05397859 2.00185857
  1.91051803 1.96814303 2.08902442 2.00524929 2.02283044]
 [2.09377676 2.03637812 2.04052357 2.0919686  2.04683919 1.98249357
  2.01560289 1.99554028 2.01964311 1.92290865 2.01303629]
 [2.06574693 1.98487499 1.94016434 2.07448369 1.93388431 1.92245545
  1.94931338 2.06812306 2.09497949 1.95121709 1.96450928]
 [1.93146965 1.93950841 1.96759241 1.97936255 1.93435685 1.96727992
  2.02164713 2.05088203 1.98089398 2.01285615 1.92909263]]
Cv: [[0.         0.         0.         0.         0.         0.
  0.         0.         0.         0.        ]
 [2.09103712 1.97856109 1.94052996 1.97536186 2.09314052 1.96998536
  1.95573291 1.94217875 2.07773022 2.0130585 ]
 [1.91860435 2.0208619  1.9672793  2.0995419  1.92866123 2.06302857
  2.06815338 2.05521772 2.04438855 1.9830805 ]
 [2.06235608 1.93285069 1.90223884 1.93358091 1.95544816 1.97959161
  2.05544767 2.06537945 2.05751913 2.03322289]
 [1.90132039 1.96663997 2.05293335 1.96690591 1.92292422 1.91440025
  2.07521208 1.93099077 1.94332374 1.97030604]
 [2.07989003 2.06240054 1.92006239 1.98334698 1.97040067 2.03639431
  1.96263198 1.91018464 2.02537508 1.95545001]
 [2.09287877 2.02250142 2.09411848 1.9605022  1.97694289 2.08055664
  2.05252901 1.91543473 2.01997886 2.08018204]
 [1.91423141 1.9587014  1.97836484 2.06606688 2.05900611 2.08966981
  2.04943336 2.01791641 1.97194266 2.01687433]
 [1.93160514 2.02280578 1.98897549 2.05901208 1.93403766 1.90784549
  2.01823606 1.9734649  2.02227334 1.98737732]
 [2.00461106 2.08746304 2.02614241 2.05697551 1.9341869  1.98288159
  1.95977472 2.0726076  2.07400326 1.92430574]]
Rh: [[ 1.87825947 12.77588449  6.03113557 11.11671543  8.34610749  1.57297588
   3.98514008  5.41407168  6.13149899 16.18749446 17.35705865]
 [ 4.15779176  3.57188432  5.58429676  4.98063991 14.56746343  1.64419664
  14.72757533 12.37102595 13.01780937  9.49561817  2.25938716]
 [ 1.97683966  8.9722308  16.06402415  7.93301386  4.52286043  9.26831545
   3.51108548  6.16770959  1.98869797  8.43378101  2.98861231]
 [ 5.22813356  1.57178412  9.88147789  7.06195948  1.81861753  5.46571327
   1.61069808  1.94442736  2.2473549   4.74534918  1.62355132]
 [ 3.4472746   3.18071943 10.84564092  4.11291096  3.88036775  4.75869422
   2.60387906  2.45520323 15.34214841  6.40041091 17.85843642]
 [ 4.28760283  5.66684328 10.05556511  2.70247433 11.49142405 16.09587415
  15.14729449  2.08518147  9.47515176  2.68055037  4.0664155 ]
 [ 2.06416205  2.56679147  5.29935747  2.30065032  6.48927395  9.33201273
   2.94150284 13.52754765 11.75259258  6.7337413  11.10360071]
 [10.15943478 14.06831548  6.54867918  5.1649632   9.78662909  5.62978396
   7.56743624  3.33591282  2.80556914  2.76359135  4.45521409]
 [ 1.92626656  3.19727106  1.57569764 16.99587764  5.02109431 12.87049679
  11.58992032  1.80600793  6.09011121  8.06900477 11.18722457]
 [ 3.8588121   9.17176611  2.59938601  4.49305127  2.08548961  3.76155849
   4.52591672  9.77397318  2.11403133  4.99786885  2.78798733]]
Rv: [[ 6.25529086  1.60550191  9.97592204  2.19858197  8.40181462  2.61338881
   1.6532878   9.41640708  9.07892522 14.99928657]
 [ 2.97907845  9.20039519  2.94830169 14.55226031  4.8547918   4.15591771
   2.22953612 12.88012034 15.55720737  6.38453861]
 [ 2.77158098  2.10663556 15.96192265  2.11424279  8.23367275  3.02067752
   2.52535332  1.84318606  1.54042872  8.86115403]
 [ 9.28908327 14.978701   13.36169021  5.97188359  2.31143865  3.16247343
   8.93389484  2.54914466  9.08652021  2.76093655]
 [ 1.81063663  5.79144155 13.27119764  4.37185004 10.0281402   8.3095047
   4.79204939 12.230956    3.01686134  8.48452927]
 [ 7.19526174  2.8311685   1.74304417 11.86874921  3.40446005 11.80076929
   3.54702475  9.32402347  5.94180458 17.89024289]
 [ 2.27478006 14.62255505  4.03028034  3.23681268 14.77929627  3.63174424
   4.33760924 14.1448421   4.1048812   4.70868056]
 [ 2.81720702  5.20147907  8.27039723  7.3741892   8.85460509  1.65062593
   3.75816904  5.63280498  2.66207997 11.30594559]
 [ 7.22570609  9.0879098   3.05750908  2.24386464  2.48768755  7.05001672
   5.85445321  4.99507634  6.49264446  2.79877368]]