-------Running parameters--------
T = 0.001
temperature_gradient = 0.0
gap = 0.0
M = 10
N = 10
VR = 0.0
Vmin = 0.0
Vmax = 1.1
vStep = 0.001
vSym = True
repeats = 50
fileName = array_10_10_disorder_c_std_0.1_r_std_11_run_3
dist = exp
fullOutput = True
use_graph = False
current_map = True
plot_current_map = False
plot_binary_current_map = False
frame_norm = False
dbg = False
resume = False
sc = False
leaping = False
constQ = False
modifyR = False
double_time = False
double_loop = False
output_folder = bgu_2d_finite_temperature_different_disorders_statistics
params_path = 
VG_avg = 0.0
VG_std = 0.0
C_avg = 2.0
C_std = 0.1
CG_avg = 10.0
CG_std = 0.0
R_avg = 20.0
R_std = 11.0
custom_rh = ""
custom_rv = ""
custom_ch = ""
custom_cv = ""
RG_avg = 500.0
RG_std = 0.0
n0_avg = 0.0
n0_std = 0.0
Q0_avg = 0.0
Q0_std = 0.0
----Array Parameters-----
Rows: 10
Columns: 10
VG: [[0.]
 [0.]
 [0.]
 [0.]
 [0.]
 [0.]
 [0.]
 [0.]
 [0.]
 [0.]
 [0.]
 [0.]
 [0.]
 [0.]
 [0.]
 [0.]
 [0.]
 [0.]
 [0.]
 [0.]
 [0.]
 [0.]
 [0.]
 [0.]
 [0.]
 [0.]
 [0.]
 [0.]
 [0.]
 [0.]
 [0.]
 [0.]
 [0.]
 [0.]
 [0.]
 [0.]
 [0.]
 [0.]
 [0.]
 [0.]
 [0.]
 [0.]
 [0.]
 [0.]
 [0.]
 [0.]
 [0.]
 [0.]
 [0.]
 [0.]
 [0.]
 [0.]
 [0.]
 [0.]
 [0.]
 [0.]
 [0.]
 [0.]
 [0.]
 [0.]
 [0.]
 [0.]
 [0.]
 [0.]
 [0.]
 [0.]
 [0.]
 [0.]
 [0.]
 [0.]
 [0.]
 [0.]
 [0.]
 [0.]
 [0.]
 [0.]
 [0.]
 [0.]
 [0.]
 [0.]
 [0.]
 [0.]
 [0.]
 [0.]
 [0.]
 [0.]
 [0.]
 [0.]
 [0.]
 [0.]
 [0.]
 [0.]
 [0.]
 [0.]
 [0.]
 [0.]
 [0.]
 [0.]
 [0.]
 [0.]]
CG: [[10.]
 [10.]
 [10.]
 [10.]
 [10.]
 [10.]
 [10.]
 [10.]
 [10.]
 [10.]
 [10.]
 [10.]
 [10.]
 [10.]
 [10.]
 [10.]
 [10.]
 [10.]
 [10.]
 [10.]
 [10.]
 [10.]
 [10.]
 [10.]
 [10.]
 [10.]
 [10.]
 [10.]
 [10.]
 [10.]
 [10.]
 [10.]
 [10.]
 [10.]
 [10.]
 [10.]
 [10.]
 [10.]
 [10.]
 [10.]
 [10.]
 [10.]
 [10.]
 [10.]
 [10.]
 [10.]
 [10.]
 [10.]
 [10.]
 [10.]
 [10.]
 [10.]
 [10.]
 [10.]
 [10.]
 [10.]
 [10.]
 [10.]
 [10.]
 [10.]
 [10.]
 [10.]
 [10.]
 [10.]
 [10.]
 [10.]
 [10.]
 [10.]
 [10.]
 [10.]
 [10.]
 [10.]
 [10.]
 [10.]
 [10.]
 [10.]
 [10.]
 [10.]
 [10.]
 [10.]
 [10.]
 [10.]
 [10.]
 [10.]
 [10.]
 [10.]
 [10.]
 [10.]
 [10.]
 [10.]
 [10.]
 [10.]
 [10.]
 [10.]
 [10.]
 [10.]
 [10.]
 [10.]
 [10.]
 [10.]]
RG: [[500.]
 [500.]
 [500.]
 [500.]
 [500.]
 [500.]
 [500.]
 [500.]
 [500.]
 [500.]
 [500.]
 [500.]
 [500.]
 [500.]
 [500.]
 [500.]
 [500.]
 [500.]
 [500.]
 [500.]
 [500.]
 [500.]
 [500.]
 [500.]
 [500.]
 [500.]
 [500.]
 [500.]
 [500.]
 [500.]
 [500.]
 [500.]
 [500.]
 [500.]
 [500.]
 [500.]
 [500.]
 [500.]
 [500.]
 [500.]
 [500.]
 [500.]
 [500.]
 [500.]
 [500.]
 [500.]
 [500.]
 [500.]
 [500.]
 [500.]
 [500.]
 [500.]
 [500.]
 [500.]
 [500.]
 [500.]
 [500.]
 [500.]
 [500.]
 [500.]
 [500.]
 [500.]
 [500.]
 [500.]
 [500.]
 [500.]
 [500.]
 [500.]
 [500.]
 [500.]
 [500.]
 [500.]
 [500.]
 [500.]
 [500.]
 [500.]
 [500.]
 [500.]
 [500.]
 [500.]
 [500.]
 [500.]
 [500.]
 [500.]
 [500.]
 [500.]
 [500.]
 [500.]
 [500.]
 [500.]
 [500.]
 [500.]
 [500.]
 [500.]
 [500.]
 [500.]
 [500.]
 [500.]
 [500.]
 [500.]]
Ch: [[2.08583302 1.98613339 1.94059868 2.06483044 1.91365316 1.92062166
  2.09319533 2.0516411  1.92870746 1.98877255 2.01115356]
 [1.97072319 2.00237692 2.0465165  2.01975526 2.06294799 2.0202077
  1.99566402 2.04826126 1.9000093  1.97180131 1.91632367]
 [2.03627216 2.07315507 1.93850393 2.05772426 2.09574774 1.90586188
  1.93139552 2.06058083 2.05764816 2.01520459 1.96811903]
 [1.90045346 1.98268914 1.94904217 1.9061329  1.94625762 1.933345
  1.9504453  2.05921917 1.97431852 2.06859373 1.94053528]
 [1.94444293 2.04603453 1.95248253 1.92059123 2.08295743 1.98982706
  2.02626293 1.91231968 1.9442892  2.01360735 2.04244646]
 [2.0509586  2.05423873 1.97784059 1.99352622 1.97732328 1.94980197
  1.92627361 2.01756256 2.02534958 1.90756265 1.90968316]
 [1.94824273 2.0280671  1.91481562 2.05362085 2.07007222 1.99272884
  1.96430136 2.01146518 1.93613117 1.99799081 1.91300664]
 [2.06005554 2.07024855 2.00617374 1.96864959 1.92932305 1.97281496
  1.94892339 1.91438973 2.05445627 1.94435982 1.96137431]
 [1.91581223 2.057534   2.01594354 2.02183674 1.99028565 2.05558287
  1.98576551 1.93088966 1.95096843 1.9526061  1.94818746]
 [2.06042226 1.99841594 1.90366694 2.04448687 2.00832988 1.96705612
  1.9256866  1.92425838 1.9811403  1.97214105 1.96352112]]
Cv: [[0.         0.         0.         0.         0.         0.
  0.         0.         0.         0.        ]
 [2.0744933  2.08392711 2.04209041 2.06270991 2.04590542 2.02222752
  2.03698936 1.92982133 2.00919113 2.07185946]
 [2.06101745 1.91643373 1.93263416 2.09179871 2.01074758 1.94118075
  2.0986635  1.9107586  2.01938004 1.92451716]
 [1.96263416 2.06204067 1.94648767 1.99755232 2.03831498 1.92779925
  1.98916691 1.91721962 1.99248129 1.97657161]
 [2.03035474 1.94703637 2.08215397 1.96091365 1.96686389 1.92800494
  1.91724314 2.05158362 1.96660265 2.00420609]
 [2.09929158 2.08058677 1.98260252 2.00887081 2.07169349 2.00866336
  1.95361846 1.97577086 2.08891956 2.09373687]
 [2.09977106 2.00395126 2.07890959 2.03098624 1.92953098 1.98999803
  2.09887362 2.0665156  2.05738846 1.92633244]
 [2.030491   1.92086607 2.01306516 2.0859762  1.9318569  1.91167875
  2.04117378 1.95977907 2.02116111 1.93575973]
 [1.97244898 1.97506406 2.00973905 1.92144454 1.95850718 2.03356368
  1.97820248 2.09158947 1.95686553 2.0702846 ]
 [1.95204    2.08381089 1.94892548 2.01057686 1.93892325 1.96134184
  2.0926374  1.9059576  2.03016915 1.93798492]]
Rh: [[17.94510397 10.75394387 12.28826875 10.87674696 13.33539964 29.10234869
  17.23980983 18.50007491 22.42203392  9.95200448 11.90241647]
 [27.04913692  9.29670809  9.40724495 13.3780735  10.01259739 22.66328273
  11.43955152 29.27613213 19.95575302 10.87696958 21.07931926]
 [10.19114563 17.47248912 23.32501776 21.21315465 29.67290394 24.13009685
  15.17825147 28.10473965  9.48818131 11.50121808 19.85678659]
 [13.91615391 27.04637018 30.88339084 14.01453828 26.69455106 26.38603224
  23.50290121 27.02418042 24.77878648 13.82321796 15.82357412]
 [12.14662394 23.04347246 14.33500454 15.07010642 17.70907864 14.15731626
  20.2838006   9.71273114  9.81583559 22.69743725 24.38641452]
 [29.22442651 12.0849937  15.77641054 13.93627911 18.43163712 16.04660351
  30.27975605 16.94290955 19.35667984 14.88213202 17.40742657]
 [17.95900287 11.30030082  9.56788014 17.09944561 21.58767584 28.47315479
  10.48818801 11.03454607 18.38068287 13.96386408 21.3614661 ]
 [12.78752805 30.70638097 25.14856134 12.43082067 24.92629995 19.7389226
  27.97001879 21.54375819 27.14108628 10.58964531 13.43964992]
 [11.88050847 15.2098623  12.2441826  11.29834742 30.45233314 18.21117238
  11.96746544 17.10447944 25.52940726 20.21321422 17.43202674]
 [23.04449215 15.23442407 16.93031321 11.83816437 10.80697812 17.02760469
  20.82958965 19.49777242 16.06391449  9.12787793 19.48603707]]
Rv: [[13.26808946 10.08089354 28.85183377 15.52992353 23.82572884 18.05583263
  19.81588713 10.93442569  9.65603748 20.22295882]
 [ 9.97653939 17.46433081 11.50657998 21.95150924 10.03631574 10.46908881
  10.11747468 24.14527371 14.75087867 16.81051438]
 [25.46387268 22.48999777 24.96668972 11.16787983 17.17580217 19.49212236
  27.74466972 22.29898595 30.64465543 17.50499615]
 [20.43428069 25.67897825  9.48430226 20.82004799 18.35192486 30.73658243
  10.35182454 29.86275305 10.7224268  15.19873318]
 [12.56037734 14.53771176 24.4392178  11.84672452 24.26530859 17.01895278
   9.34023529 20.18220978 14.64313244 10.13081098]
 [28.8571211  26.8002941   9.61522842 13.69815335  9.17099776  9.6986095
  29.06559763 18.45212968 25.23947211 15.31808689]
 [19.79834896 14.91643157 23.85473036 12.58745789 18.34535402 28.22409153
  16.00160483 26.51601655 28.1758998  30.31036369]
 [16.57406415 14.44742175 29.28980271  9.16929807 26.84399027 16.99803415
   9.514493   19.4642452  18.05640813 19.97518184]
 [25.78495618 23.78885722  9.95148921 16.06716433 14.23652418 14.73038023
  22.23360335 21.15610444 28.48376943 11.06063194]]