-------Running parameters--------
T = 0.001
temperature_gradient = 0.0
gap = 0.0
M = 10
N = 10
VR = 0.0
Vmin = 0.0
Vmax = 1.1
vStep = 0.001
vSym = True
repeats = 50
fileName = array_10_10_disorder_c_std_0.1_r_std_8_run_2
dist = exp
fullOutput = True
use_graph = False
current_map = True
plot_current_map = False
plot_binary_current_map = False
frame_norm = False
dbg = False
resume = False
sc = False
leaping = False
constQ = False
modifyR = False
double_time = False
double_loop = False
output_folder = bgu_2d_finite_temperature_different_disorders_statistics
params_path = 
VG_avg = 0.0
VG_std = 0.0
C_avg = 2.0
C_std = 0.1
CG_avg = 10.0
CG_std = 0.0
R_avg = 10.0
R_std = 8.0
custom_rh = ""
custom_rv = ""
custom_ch = ""
custom_cv = ""
RG_avg = 500.0
RG_std = 0.0
n0_avg = 0.0
n0_std = 0.0
Q0_avg = 0.0
Q0_std = 0.0
----Array Parameters-----
Rows: 10
Columns: 10
VG: [[0.]
 [0.]
 [0.]
 [0.]
 [0.]
 [0.]
 [0.]
 [0.]
 [0.]
 [0.]
 [0.]
 [0.]
 [0.]
 [0.]
 [0.]
 [0.]
 [0.]
 [0.]
 [0.]
 [0.]
 [0.]
 [0.]
 [0.]
 [0.]
 [0.]
 [0.]
 [0.]
 [0.]
 [0.]
 [0.]
 [0.]
 [0.]
 [0.]
 [0.]
 [0.]
 [0.]
 [0.]
 [0.]
 [0.]
 [0.]
 [0.]
 [0.]
 [0.]
 [0.]
 [0.]
 [0.]
 [0.]
 [0.]
 [0.]
 [0.]
 [0.]
 [0.]
 [0.]
 [0.]
 [0.]
 [0.]
 [0.]
 [0.]
 [0.]
 [0.]
 [0.]
 [0.]
 [0.]
 [0.]
 [0.]
 [0.]
 [0.]
 [0.]
 [0.]
 [0.]
 [0.]
 [0.]
 [0.]
 [0.]
 [0.]
 [0.]
 [0.]
 [0.]
 [0.]
 [0.]
 [0.]
 [0.]
 [0.]
 [0.]
 [0.]
 [0.]
 [0.]
 [0.]
 [0.]
 [0.]
 [0.]
 [0.]
 [0.]
 [0.]
 [0.]
 [0.]
 [0.]
 [0.]
 [0.]
 [0.]]
CG: [[10.]
 [10.]
 [10.]
 [10.]
 [10.]
 [10.]
 [10.]
 [10.]
 [10.]
 [10.]
 [10.]
 [10.]
 [10.]
 [10.]
 [10.]
 [10.]
 [10.]
 [10.]
 [10.]
 [10.]
 [10.]
 [10.]
 [10.]
 [10.]
 [10.]
 [10.]
 [10.]
 [10.]
 [10.]
 [10.]
 [10.]
 [10.]
 [10.]
 [10.]
 [10.]
 [10.]
 [10.]
 [10.]
 [10.]
 [10.]
 [10.]
 [10.]
 [10.]
 [10.]
 [10.]
 [10.]
 [10.]
 [10.]
 [10.]
 [10.]
 [10.]
 [10.]
 [10.]
 [10.]
 [10.]
 [10.]
 [10.]
 [10.]
 [10.]
 [10.]
 [10.]
 [10.]
 [10.]
 [10.]
 [10.]
 [10.]
 [10.]
 [10.]
 [10.]
 [10.]
 [10.]
 [10.]
 [10.]
 [10.]
 [10.]
 [10.]
 [10.]
 [10.]
 [10.]
 [10.]
 [10.]
 [10.]
 [10.]
 [10.]
 [10.]
 [10.]
 [10.]
 [10.]
 [10.]
 [10.]
 [10.]
 [10.]
 [10.]
 [10.]
 [10.]
 [10.]
 [10.]
 [10.]
 [10.]
 [10.]]
RG: [[500.]
 [500.]
 [500.]
 [500.]
 [500.]
 [500.]
 [500.]
 [500.]
 [500.]
 [500.]
 [500.]
 [500.]
 [500.]
 [500.]
 [500.]
 [500.]
 [500.]
 [500.]
 [500.]
 [500.]
 [500.]
 [500.]
 [500.]
 [500.]
 [500.]
 [500.]
 [500.]
 [500.]
 [500.]
 [500.]
 [500.]
 [500.]
 [500.]
 [500.]
 [500.]
 [500.]
 [500.]
 [500.]
 [500.]
 [500.]
 [500.]
 [500.]
 [500.]
 [500.]
 [500.]
 [500.]
 [500.]
 [500.]
 [500.]
 [500.]
 [500.]
 [500.]
 [500.]
 [500.]
 [500.]
 [500.]
 [500.]
 [500.]
 [500.]
 [500.]
 [500.]
 [500.]
 [500.]
 [500.]
 [500.]
 [500.]
 [500.]
 [500.]
 [500.]
 [500.]
 [500.]
 [500.]
 [500.]
 [500.]
 [500.]
 [500.]
 [500.]
 [500.]
 [500.]
 [500.]
 [500.]
 [500.]
 [500.]
 [500.]
 [500.]
 [500.]
 [500.]
 [500.]
 [500.]
 [500.]
 [500.]
 [500.]
 [500.]
 [500.]
 [500.]
 [500.]
 [500.]
 [500.]
 [500.]
 [500.]]
Ch: [[1.96111495 1.96573891 2.03713289 1.92700344 2.03040146 2.0679826
  2.00747116 2.0219276  2.07159873 1.98573718 1.97848994]
 [1.97522011 2.04956866 1.94952873 1.95489733 1.96905785 2.05441667
  2.05358453 2.03031667 1.90591741 1.96636057 1.93164373]
 [1.93896748 2.01994839 1.92182753 2.08460139 2.00447221 2.07059676
  2.07532785 1.96276271 2.01978738 2.01656079 1.99584777]
 [1.92428542 2.03335012 2.04231443 1.94548619 1.99541793 2.0243779
  2.01953526 2.01118055 2.07330468 2.04822529 2.04789858]
 [2.01164123 1.97637376 1.92986203 2.01645162 2.03341698 1.9849936
  1.96599905 1.91128248 2.09641793 2.07555404 2.08881892]
 [2.07307967 1.97890711 1.94864354 2.06086487 2.06460264 1.9037348
  2.04813717 1.94953562 2.05097707 2.08134252 1.97202042]
 [1.96824286 2.07470284 2.02386648 1.97065091 1.93875445 2.02304703
  2.01514632 2.09368105 1.92130589 1.99125015 1.98296901]
 [2.02420662 1.90190156 2.00748869 2.05835962 1.95142374 1.92345569
  1.94602092 1.90857465 2.0324313  2.060945   2.02991852]
 [2.07182945 2.02808743 2.08103084 1.9680728  1.96418221 2.0939389
  1.96394634 2.00193046 2.00488232 1.94005223 1.91838961]
 [2.09340721 1.98006043 1.98843524 2.05934531 2.08755055 2.00755654
  1.97155178 2.06790207 1.99306662 2.03536669 1.99392453]]
Cv: [[0.         0.         0.         0.         0.         0.
  0.         0.         0.         0.        ]
 [2.00163703 1.97012417 2.04554264 1.93120815 2.03339301 1.95796282
  2.01235553 1.99200912 1.93133191 2.05523716]
 [1.95603875 1.90972505 1.9002922  1.90764794 1.95448314 2.04468342
  1.95002596 1.95388857 1.94372356 2.05194051]
 [1.959081   2.03213403 1.95012689 1.90022575 1.94719061 2.09796311
  2.02002614 2.02619636 2.00810615 2.04856969]
 [2.09343623 1.91728188 1.92594577 2.06493063 1.9335257  2.08081065
  1.97154203 2.00410017 1.90602598 2.00769361]
 [1.96942088 2.08769333 1.98960718 2.02523005 1.99710644 2.03042857
  1.95168219 1.92154769 2.00886176 1.98454024]
 [2.03292128 2.05164609 2.07370742 2.01748634 1.99641893 2.05582951
  1.92914933 1.95014212 1.97085839 2.00156893]
 [2.08816361 1.90205837 2.05616259 2.03245774 1.98381719 1.99055662
  1.99314629 1.91081714 1.91085424 2.05756521]
 [1.9091936  2.04227914 2.06905887 1.93992838 2.01837141 2.0985574
  2.02063836 2.09972666 2.0021624  2.03986249]
 [2.00638557 2.05843382 2.02844541 2.02307915 2.08787167 2.07988879
  2.08830321 2.04674473 2.06238017 2.08393063]]
Rh: [[13.05622203  4.18103915 15.55059894  5.1688911   3.21697094 10.76015238
   4.66035921  5.65667872  7.61873615 15.42636303 17.92327975]
 [ 5.93954433  2.67659266  5.08669531 10.50589685 11.19105429  3.50569182
  12.22729333  2.62207051 15.08543168  8.14210923  6.08475586]
 [ 6.58228819  9.31164673 12.52435463  4.52300387  8.21784692  2.73283204
   9.07408536  6.24582908 14.43348331  4.87891551 14.59702002]
 [ 9.02708357 16.44086734  8.46611242  6.34680213  5.66875988  2.15364417
   3.68629203  3.4633239  11.20727816  8.87310086 15.08421922]
 [ 5.87645977  9.07913651  3.26729926  4.05920657  7.60375355  4.56794357
   3.29614021 11.13072082  2.83176957  8.75066086 11.59334925]
 [14.16818709  2.65553293  2.79611183  4.60693307 13.01944952 11.53882234
   5.46361445  5.81475572 14.50601728  4.47000535  2.69560869]
 [13.83447718  4.55387317  7.63500801  5.60270858  5.07643018  2.06677311
  10.88051951  5.52133632  5.55084437 11.96537218  4.48407726]
 [ 7.68273614  2.61885754  5.92716929  7.86475931  2.86093836  6.27268766
   7.1405328   6.48571563  4.36279266 12.83035256  2.45365482]
 [ 2.13449322  2.69454103 15.36739589  2.41302979 14.27352408 12.61712238
  13.65231629 11.40833212 13.73028781  7.91872191  2.54005179]
 [13.30061191  5.69935428  5.22413785  2.84512116 16.2211589  15.43146155
  11.77381473 14.17210196  4.55286572  2.26322749  8.30888045]]
Rv: [[ 2.42364327  2.17862649  4.7177872   5.24470787  9.33757616 10.30524226
   2.39571043  9.78520169  2.18889082  2.06813544]
 [ 3.63709466 16.26563395 17.02365324 10.60329452  2.59853296  5.74705957
   7.35415308  2.50299559  2.13581977  4.58743988]
 [ 7.06896815 13.17912512 17.15531442  2.65500246  3.54804841 13.43838777
  12.42392308 15.10275897  9.92428603  2.13810095]
 [15.48759535  5.38529406 13.36472534  8.72679724  3.24327012 11.10785878
   5.05022943 10.44883469  9.82789146 15.89146646]
 [ 3.20716535  2.17146395  2.06546128  8.68940216  2.28937362  5.96759839
   8.34288777  2.87000963  5.36225005 16.72800391]
 [ 2.94478102  2.14243968 16.68526384  7.59000888 12.21968628  6.28770012
   6.42409898 13.94404102  2.79932826  3.22905565]
 [ 2.88382033  4.17613518  2.7807677   8.10802481 15.56371226 17.73771014
   2.29313757  2.40153198  6.43127022  5.58511731]
 [ 2.44572864  7.66376153  7.58998961 13.29985414  6.40096023 11.95642988
  10.43138979 16.77951657  2.03126405 11.75311772]
 [16.81374002  6.06381288  2.15376539  8.52684988  8.56782798 12.03109968
   4.44806967  9.62416933  6.84108782  2.44190043]]