-------Running parameters--------
T = 0.001
temperature_gradient = 0.0
gap = 0.0
M = 10
N = 10
VR = 0.0
Vmin = 0.0
Vmax = 1.1
vStep = 0.001
vSym = True
repeats = 50
fileName = array_10_10_disorder_c_std_0.1_r_std_12_run_2
dist = exp
fullOutput = True
use_graph = False
current_map = True
plot_current_map = False
plot_binary_current_map = False
frame_norm = False
dbg = False
resume = False
sc = False
leaping = False
constQ = False
modifyR = False
double_time = False
double_loop = False
output_folder = bgu_2d_finite_temperature_different_disorders_statistics
params_path = 
VG_avg = 0.0
VG_std = 0.0
C_avg = 2.0
C_std = 0.1
CG_avg = 10.0
CG_std = 0.0
R_avg = 20.0
R_std = 12.0
custom_rh = ""
custom_rv = ""
custom_ch = ""
custom_cv = ""
RG_avg = 500.0
RG_std = 0.0
n0_avg = 0.0
n0_std = 0.0
Q0_avg = 0.0
Q0_std = 0.0
----Array Parameters-----
Rows: 10
Columns: 10
VG: [[0.]
 [0.]
 [0.]
 [0.]
 [0.]
 [0.]
 [0.]
 [0.]
 [0.]
 [0.]
 [0.]
 [0.]
 [0.]
 [0.]
 [0.]
 [0.]
 [0.]
 [0.]
 [0.]
 [0.]
 [0.]
 [0.]
 [0.]
 [0.]
 [0.]
 [0.]
 [0.]
 [0.]
 [0.]
 [0.]
 [0.]
 [0.]
 [0.]
 [0.]
 [0.]
 [0.]
 [0.]
 [0.]
 [0.]
 [0.]
 [0.]
 [0.]
 [0.]
 [0.]
 [0.]
 [0.]
 [0.]
 [0.]
 [0.]
 [0.]
 [0.]
 [0.]
 [0.]
 [0.]
 [0.]
 [0.]
 [0.]
 [0.]
 [0.]
 [0.]
 [0.]
 [0.]
 [0.]
 [0.]
 [0.]
 [0.]
 [0.]
 [0.]
 [0.]
 [0.]
 [0.]
 [0.]
 [0.]
 [0.]
 [0.]
 [0.]
 [0.]
 [0.]
 [0.]
 [0.]
 [0.]
 [0.]
 [0.]
 [0.]
 [0.]
 [0.]
 [0.]
 [0.]
 [0.]
 [0.]
 [0.]
 [0.]
 [0.]
 [0.]
 [0.]
 [0.]
 [0.]
 [0.]
 [0.]
 [0.]]
CG: [[10.]
 [10.]
 [10.]
 [10.]
 [10.]
 [10.]
 [10.]
 [10.]
 [10.]
 [10.]
 [10.]
 [10.]
 [10.]
 [10.]
 [10.]
 [10.]
 [10.]
 [10.]
 [10.]
 [10.]
 [10.]
 [10.]
 [10.]
 [10.]
 [10.]
 [10.]
 [10.]
 [10.]
 [10.]
 [10.]
 [10.]
 [10.]
 [10.]
 [10.]
 [10.]
 [10.]
 [10.]
 [10.]
 [10.]
 [10.]
 [10.]
 [10.]
 [10.]
 [10.]
 [10.]
 [10.]
 [10.]
 [10.]
 [10.]
 [10.]
 [10.]
 [10.]
 [10.]
 [10.]
 [10.]
 [10.]
 [10.]
 [10.]
 [10.]
 [10.]
 [10.]
 [10.]
 [10.]
 [10.]
 [10.]
 [10.]
 [10.]
 [10.]
 [10.]
 [10.]
 [10.]
 [10.]
 [10.]
 [10.]
 [10.]
 [10.]
 [10.]
 [10.]
 [10.]
 [10.]
 [10.]
 [10.]
 [10.]
 [10.]
 [10.]
 [10.]
 [10.]
 [10.]
 [10.]
 [10.]
 [10.]
 [10.]
 [10.]
 [10.]
 [10.]
 [10.]
 [10.]
 [10.]
 [10.]
 [10.]]
RG: [[500.]
 [500.]
 [500.]
 [500.]
 [500.]
 [500.]
 [500.]
 [500.]
 [500.]
 [500.]
 [500.]
 [500.]
 [500.]
 [500.]
 [500.]
 [500.]
 [500.]
 [500.]
 [500.]
 [500.]
 [500.]
 [500.]
 [500.]
 [500.]
 [500.]
 [500.]
 [500.]
 [500.]
 [500.]
 [500.]
 [500.]
 [500.]
 [500.]
 [500.]
 [500.]
 [500.]
 [500.]
 [500.]
 [500.]
 [500.]
 [500.]
 [500.]
 [500.]
 [500.]
 [500.]
 [500.]
 [500.]
 [500.]
 [500.]
 [500.]
 [500.]
 [500.]
 [500.]
 [500.]
 [500.]
 [500.]
 [500.]
 [500.]
 [500.]
 [500.]
 [500.]
 [500.]
 [500.]
 [500.]
 [500.]
 [500.]
 [500.]
 [500.]
 [500.]
 [500.]
 [500.]
 [500.]
 [500.]
 [500.]
 [500.]
 [500.]
 [500.]
 [500.]
 [500.]
 [500.]
 [500.]
 [500.]
 [500.]
 [500.]
 [500.]
 [500.]
 [500.]
 [500.]
 [500.]
 [500.]
 [500.]
 [500.]
 [500.]
 [500.]
 [500.]
 [500.]
 [500.]
 [500.]
 [500.]
 [500.]]
Ch: [[1.90900905 2.0344904  2.05553026 2.01162764 1.98235816 1.9436874
  1.95154387 2.07752335 1.95861782 2.04972385 1.95649047]
 [1.97388071 1.95979401 1.94278783 1.9153199  2.07033695 2.07094868
  2.07875081 1.91436377 2.03225174 1.95210185 1.94251771]
 [1.97635872 1.90759263 2.0048323  2.0801435  2.0754434  2.07268058
  2.03118522 2.07276101 2.02556893 1.96746478 1.94669394]
 [2.03774303 1.94214333 1.96865708 2.05744705 1.98854728 1.93357345
  2.04545946 1.90704987 2.09782639 2.05833288 2.03894619]
 [1.99610555 1.97912992 1.90099265 1.91892486 2.09007146 2.05061462
  1.97198579 2.04289706 1.92275471 1.92585991 2.01226106]
 [1.93063677 1.90987755 1.98281078 2.03397052 2.07830468 1.9623161
  1.91772594 2.07405344 1.99777333 1.93564933 1.93895447]
 [1.98633249 2.08171719 2.06991246 2.0275232  2.09294184 2.05040379
  2.09768679 1.90423437 2.03729559 2.07393706 1.93685626]
 [1.95499552 1.95826234 1.96158032 1.90072351 2.03511217 1.98599124
  2.02080506 1.94869987 1.91099444 1.97148363 1.99643518]
 [1.93208172 1.94152344 2.06763229 2.0649914  1.9397675  1.95877807
  2.09730924 1.96601698 2.08922518 1.9132144  2.09735169]
 [1.90337638 1.98350451 2.07504065 1.92630345 1.96854812 2.03039113
  2.04273673 1.9576477  2.02986173 2.0473692  2.00259631]]
Cv: [[0.         0.         0.         0.         0.         0.
  0.         0.         0.         0.        ]
 [1.93690822 2.02547384 1.92911667 2.06626071 1.99315524 2.04055932
  1.91792858 1.95720862 1.94218398 2.09606754]
 [1.98204282 1.90876084 1.93366115 2.04216907 2.01193717 2.0324494
  1.99775703 2.09680496 2.09818791 2.05746251]
 [1.96494584 2.09707681 2.01850611 1.9729944  1.98613858 2.09893778
  2.08475248 1.99793849 1.90048146 2.09536024]
 [1.98659152 2.01944864 1.9010979  2.08477469 2.0151762  1.96352397
  1.9844747  1.9250617  2.06481944 1.97798642]
 [1.90655815 1.90962    1.97874648 1.9623371  2.02161026 2.08274572
  1.9552453  1.9890821  2.00786246 2.05439009]
 [1.99089693 2.00143086 2.06171407 2.03915258 1.97191679 2.09144899
  1.90733243 1.98887451 2.04370786 1.98212852]
 [2.07590295 2.06170081 1.99195416 2.01161817 2.08081284 1.9121047
  2.00807379 1.99391336 1.9892922  1.95230325]
 [2.0635746  2.0126232  1.96879354 2.06405727 1.93512422 2.085536
  2.09050703 1.99691773 2.05080105 1.9256273 ]
 [1.9712552  1.99469303 1.93653205 1.90291557 2.04441232 2.0110098
  1.99315835 2.07088728 1.90229109 1.91514117]]
Rh: [[11.6790463  12.98396191 17.59170594 15.58577504  8.35709119 12.62943624
  13.33666496 15.31325952 13.71934634 12.59638598 17.6384752 ]
 [ 8.14101066  9.74185372 26.25046441 10.93808823 21.99962098 10.79372641
  26.05140284 19.95488412 17.29227173 21.67318876 30.22263151]
 [30.19041715 10.21856926  8.65331579 17.88510916  8.05795482 31.91835818
  11.59570867 23.96325396  9.81051099 23.59768876 17.64708881]
 [13.54846574 19.60603476 19.25868654 10.69766197 19.71290061  8.55463641
   9.37537923 16.92618861 24.04268463  8.34015063 27.5458579 ]
 [ 9.6311674  20.4493647  29.53001968  9.72158118 25.10576352 14.49299162
  29.7863368  31.14984616  8.60183702 18.35063474 26.1225499 ]
 [29.85723809  8.27204092 14.91300372 17.66125129 25.17768624  8.09470156
   9.77750971 21.84450422 14.5822056  12.77382121  8.89834424]
 [15.03700188  9.39183849 22.21769827 14.91765072 14.71192104 13.43249389
  13.80182591 21.54847381 19.73146567 18.74354199 21.90553319]
 [14.8308065  13.44220087 18.20495093 19.54466042  9.90678841  9.15100736
  12.91377909 18.27881655 13.89216894  8.12087595  8.16761899]
 [ 8.4536881  29.74747257 10.75533018 13.77938195 30.28455868 22.00152286
  20.43270466  8.06203525 17.15118979 24.77587883 25.56364794]
 [30.28550631 15.40099858 23.43158827 22.22188061  9.27457319 18.09468909
  27.27785461 11.05241948 10.52507476 19.78307258 26.71641581]]
Rv: [[ 9.07814381 28.06569007 19.37573076 15.4443233  13.69136925 10.7393924
  14.79408888 15.49204438 30.08114026 10.6606652 ]
 [10.74960702 25.02586066 28.27015671 17.87519886 15.53280784 24.66864655
  13.9364304   9.58776369 25.73960944 26.77827841]
 [19.40990945 31.11026458 30.12771491  9.00516179 22.48248127 12.56649736
  15.73432416 22.23794779 10.33253382 10.70048319]
 [15.38684146 14.43624193 10.16393767 10.08454542  9.01073848 14.86397268
  10.15581067 10.76710429 10.47469442 17.79616829]
 [10.43581935  8.15488137  9.64744796 10.9088433  20.79935341 15.3441498
  20.40014955 15.7515227  10.45645882 25.33264498]
 [14.53380012 23.85575356 24.13625186 15.44064955 30.85146817 14.30621215
  23.67460995 16.09861568 24.11705608 10.44248087]
 [ 9.5814749  11.25617525 24.22980563 10.90061653 24.46940664 21.10164252
  19.51685151 17.08166231 11.50409693 10.19663819]
 [ 8.02462378 12.92608958  9.69564503 18.5091234  31.08283976 10.23533548
  19.70244027 12.25818161 27.34613978 25.49369394]
 [27.33202302  8.80704519 16.30478157 19.07033298 19.58944983 25.99258651
  23.69166924 18.43277797  9.85387118 15.03760957]]