-------Running parameters--------
T = 0.001
temperature_gradient = 0.0
gap = 0.0
M = 10
N = 10
VR = 0.0
Vmin = 0.0
Vmax = 1.1
vStep = 0.001
vSym = True
repeats = 50
fileName = array_10_10_disorder_c_std_0.1_r_std_8_run_5
dist = exp
fullOutput = True
use_graph = False
current_map = True
plot_current_map = False
plot_binary_current_map = False
frame_norm = False
dbg = False
resume = False
sc = False
leaping = False
constQ = False
modifyR = False
double_time = False
double_loop = False
output_folder = bgu_2d_finite_temperature_different_disorders_statistics
params_path = 
VG_avg = 0.0
VG_std = 0.0
C_avg = 2.0
C_std = 0.1
CG_avg = 10.0
CG_std = 0.0
R_avg = 10.0
R_std = 8.0
custom_rh = ""
custom_rv = ""
custom_ch = ""
custom_cv = ""
RG_avg = 500.0
RG_std = 0.0
n0_avg = 0.0
n0_std = 0.0
Q0_avg = 0.0
Q0_std = 0.0
----Array Parameters-----
Rows: 10
Columns: 10
VG: [[0.]
 [0.]
 [0.]
 [0.]
 [0.]
 [0.]
 [0.]
 [0.]
 [0.]
 [0.]
 [0.]
 [0.]
 [0.]
 [0.]
 [0.]
 [0.]
 [0.]
 [0.]
 [0.]
 [0.]
 [0.]
 [0.]
 [0.]
 [0.]
 [0.]
 [0.]
 [0.]
 [0.]
 [0.]
 [0.]
 [0.]
 [0.]
 [0.]
 [0.]
 [0.]
 [0.]
 [0.]
 [0.]
 [0.]
 [0.]
 [0.]
 [0.]
 [0.]
 [0.]
 [0.]
 [0.]
 [0.]
 [0.]
 [0.]
 [0.]
 [0.]
 [0.]
 [0.]
 [0.]
 [0.]
 [0.]
 [0.]
 [0.]
 [0.]
 [0.]
 [0.]
 [0.]
 [0.]
 [0.]
 [0.]
 [0.]
 [0.]
 [0.]
 [0.]
 [0.]
 [0.]
 [0.]
 [0.]
 [0.]
 [0.]
 [0.]
 [0.]
 [0.]
 [0.]
 [0.]
 [0.]
 [0.]
 [0.]
 [0.]
 [0.]
 [0.]
 [0.]
 [0.]
 [0.]
 [0.]
 [0.]
 [0.]
 [0.]
 [0.]
 [0.]
 [0.]
 [0.]
 [0.]
 [0.]
 [0.]]
CG: [[10.]
 [10.]
 [10.]
 [10.]
 [10.]
 [10.]
 [10.]
 [10.]
 [10.]
 [10.]
 [10.]
 [10.]
 [10.]
 [10.]
 [10.]
 [10.]
 [10.]
 [10.]
 [10.]
 [10.]
 [10.]
 [10.]
 [10.]
 [10.]
 [10.]
 [10.]
 [10.]
 [10.]
 [10.]
 [10.]
 [10.]
 [10.]
 [10.]
 [10.]
 [10.]
 [10.]
 [10.]
 [10.]
 [10.]
 [10.]
 [10.]
 [10.]
 [10.]
 [10.]
 [10.]
 [10.]
 [10.]
 [10.]
 [10.]
 [10.]
 [10.]
 [10.]
 [10.]
 [10.]
 [10.]
 [10.]
 [10.]
 [10.]
 [10.]
 [10.]
 [10.]
 [10.]
 [10.]
 [10.]
 [10.]
 [10.]
 [10.]
 [10.]
 [10.]
 [10.]
 [10.]
 [10.]
 [10.]
 [10.]
 [10.]
 [10.]
 [10.]
 [10.]
 [10.]
 [10.]
 [10.]
 [10.]
 [10.]
 [10.]
 [10.]
 [10.]
 [10.]
 [10.]
 [10.]
 [10.]
 [10.]
 [10.]
 [10.]
 [10.]
 [10.]
 [10.]
 [10.]
 [10.]
 [10.]
 [10.]]
RG: [[500.]
 [500.]
 [500.]
 [500.]
 [500.]
 [500.]
 [500.]
 [500.]
 [500.]
 [500.]
 [500.]
 [500.]
 [500.]
 [500.]
 [500.]
 [500.]
 [500.]
 [500.]
 [500.]
 [500.]
 [500.]
 [500.]
 [500.]
 [500.]
 [500.]
 [500.]
 [500.]
 [500.]
 [500.]
 [500.]
 [500.]
 [500.]
 [500.]
 [500.]
 [500.]
 [500.]
 [500.]
 [500.]
 [500.]
 [500.]
 [500.]
 [500.]
 [500.]
 [500.]
 [500.]
 [500.]
 [500.]
 [500.]
 [500.]
 [500.]
 [500.]
 [500.]
 [500.]
 [500.]
 [500.]
 [500.]
 [500.]
 [500.]
 [500.]
 [500.]
 [500.]
 [500.]
 [500.]
 [500.]
 [500.]
 [500.]
 [500.]
 [500.]
 [500.]
 [500.]
 [500.]
 [500.]
 [500.]
 [500.]
 [500.]
 [500.]
 [500.]
 [500.]
 [500.]
 [500.]
 [500.]
 [500.]
 [500.]
 [500.]
 [500.]
 [500.]
 [500.]
 [500.]
 [500.]
 [500.]
 [500.]
 [500.]
 [500.]
 [500.]
 [500.]
 [500.]
 [500.]
 [500.]
 [500.]
 [500.]]
Ch: [[1.91996657 1.96229607 2.06887489 2.03281022 2.09601099 2.07438762
  1.98054406 1.99479194 1.90118327 2.05817134 1.94572376]
 [2.05941839 2.03715273 2.01525736 2.0478227  1.93480984 2.04402117
  2.00307307 1.92651967 2.00629947 1.91169408 1.93545093]
 [2.00416184 2.0315798  1.90149689 2.0271901  1.90637164 2.06945596
  2.09397101 2.08367635 2.07256476 2.09022098 1.95460504]
 [1.93983162 1.99740726 2.02303963 1.9709075  2.04432512 1.97056464
  2.07360135 1.96577355 2.00630673 1.99719645 1.93224929]
 [1.94678998 2.06113415 1.95857707 2.09033758 2.09947904 1.9429803
  2.03803092 2.04279752 1.979907   2.04579353 1.91825974]
 [2.05747344 1.97238145 2.04220465 2.09397316 1.96499147 2.03619294
  1.90374209 1.96881018 1.98787358 1.93937418 1.91400405]
 [1.95550628 1.92617758 2.0877065  2.02869719 2.07326552 1.97847643
  2.01073278 2.010105   1.90603917 1.98948552 1.97369352]
 [2.010642   1.91109517 2.03094513 1.9763736  2.02356885 2.00290324
  1.92926178 1.95094078 1.943209   1.9044919  1.90704237]
 [2.09714044 2.09675443 2.09082518 2.03643156 1.98955708 1.92928899
  2.07275791 1.91094593 1.9899974  2.00795099 1.99441551]
 [2.00504569 2.06219232 2.05384473 1.92490504 1.92802246 2.09408509
  1.98339596 1.98545423 2.0699328  2.06255545 2.01320717]]
Cv: [[0.         0.         0.         0.         0.         0.
  0.         0.         0.         0.        ]
 [1.95256076 1.93058305 2.01288905 2.09698595 1.92657847 2.01501614
  1.97367579 2.06501085 2.03490081 1.93268965]
 [2.08974206 1.92282282 1.9015968  2.02086104 1.95163445 1.94672571
  1.97123757 1.92748531 2.07558201 1.9769079 ]
 [1.9574091  1.92851904 1.91367043 2.02067978 1.95177671 2.09543332
  1.99540812 1.92358409 2.0352511  1.92912682]
 [1.90935853 1.94117597 1.99040341 1.98927544 1.91339207 2.08857804
  2.09546304 1.98975711 2.04324845 2.05641693]
 [2.05365627 2.08006793 1.98350938 1.99735407 2.05746423 1.96881861
  1.99996423 2.01288172 2.00058122 1.97029072]
 [1.92550494 2.03738077 2.03265642 1.91568592 1.96359152 1.97806202
  1.99805275 2.0334873  2.07062513 1.92877593]
 [1.92034571 1.95791224 2.0845955  1.92161663 1.92622367 2.07520287
  2.06533064 1.98603855 1.91311992 1.99759566]
 [2.02598874 1.92371676 2.07165514 1.97925711 2.04105647 1.99106061
  1.90812198 1.95456422 2.01294774 1.91479019]
 [1.91454424 1.91807429 1.9950628  1.9374142  2.08665364 1.99652666
  1.97362717 2.06963561 1.99997201 2.05203389]]
Rh: [[ 9.41824775  5.93240973  7.41052531  4.68223652  4.22403091  9.06452604
   2.64950989  3.22843398  4.49964313  9.21225599  7.51073139]
 [ 2.91280933 13.41354823  4.69102352  4.38843788  3.26744167  7.14728445
   2.27422948  8.48236031  2.3225666   5.85090287  5.19797003]
 [ 3.01372631  3.07442459  6.17021387  2.34159246  5.28510671  5.91425249
   6.45117876  8.00679793  5.62626882  5.70455211  3.65263532]
 [ 2.02207259  2.01525604  3.30286945  7.45922043 17.26817069  2.74866382
   8.70674345  5.20857806  3.52214777  2.07203317  8.47697245]
 [ 6.94474161  6.59679199 12.25989351  4.24398327 10.24913063 15.80867731
   6.73434011  3.70914929  2.3383127   2.05385878  3.24339973]
 [ 2.58898458  5.46789336  6.857827    4.82638365 17.64654513 12.03167721
  14.3292138   2.39440538  9.12316344  3.81472993 16.48595861]
 [11.98588652  7.33466304  2.21002472 11.39333086 12.14934493  7.55652568
   2.38206042  7.0101371  10.71221012  8.16117908 10.71547084]
 [ 6.57500766  4.3353928   3.10549322 13.90838385 12.20738777 16.29801779
   4.23231928  2.31689619  6.2391078   3.27515405  2.73122292]
 [10.02348019 15.51211107  4.09862598  4.95767849  9.46931659  9.05105141
   2.17332015  4.47322137  3.52160534  7.57895828  5.48230017]
 [ 5.70265526  3.19854831  9.49512711  5.68358783 12.23529064  4.30097804
   6.34307651  7.13821517  3.10566127  2.31938614  4.83041616]]
Rv: [[ 4.94713317 12.88892326 14.7251276   2.31555247  4.43368851 10.89738764
   4.87620998  5.22465916  4.80833505  4.23656106]
 [ 6.27237039  3.76700665  4.03422484 14.17222019  3.88291888  2.48513256
  15.68787563 13.39391139  6.31600341 10.83844975]
 [ 3.13118757  2.68354494 14.39537536  5.69063586 10.15938411  9.89028588
   2.26594539  7.45188806  2.75242316 11.88865471]
 [ 4.6663702   9.74370187  5.3262079  13.55044094  6.54248745  3.2781145
   8.41332983  2.62163715 12.57245335 11.20019778]
 [11.88550721 14.47459995  5.25463945  3.06119829  8.16237585  2.39285625
   7.66944801 10.75231823  8.230696    7.50141562]
 [ 2.92698679  3.62959895  6.15429385  2.09197404  3.62419378  2.71191333
   7.153893    7.63893504  9.18084542  4.3155879 ]
 [ 6.2901981  16.09431155 10.96741899  5.59021493  7.20074907  7.61647569
   2.61532988  5.09204809 12.39883915  6.37329145]
 [ 4.05101126  3.80825735 13.04525149 14.65532587  2.19842642 12.2210883
   2.07823855 14.26097486  7.45509816  8.15902613]
 [ 5.85582695 17.64428998 15.20165216  7.93119137  3.98406284 11.41251648
   4.11509345 12.81839059  4.91484399  2.01529432]]