-------Running parameters--------
T = 0.001
temperature_gradient = 0.0
gap = 0.0
M = 10
N = 10
VR = 0.0
Vmin = 0.0
Vmax = 1.1
vStep = 0.001
vSym = True
repeats = 50
fileName = array_10_10_disorder_c_std_0.1_r_std_8.5_run_3
dist = exp
fullOutput = True
use_graph = False
current_map = True
plot_current_map = False
plot_binary_current_map = False
frame_norm = False
dbg = False
resume = False
sc = False
leaping = False
constQ = False
modifyR = False
double_time = False
double_loop = False
output_folder = bgu_2d_finite_temperature_different_disorders_statistics
params_path = 
VG_avg = 0.0
VG_std = 0.0
C_avg = 2.0
C_std = 0.1
CG_avg = 10.0
CG_std = 0.0
R_avg = 10.0
R_std = 8.5
custom_rh = ""
custom_rv = ""
custom_ch = ""
custom_cv = ""
RG_avg = 500.0
RG_std = 0.0
n0_avg = 0.0
n0_std = 0.0
Q0_avg = 0.0
Q0_std = 0.0
----Array Parameters-----
Rows: 10
Columns: 10
VG: [[0.]
 [0.]
 [0.]
 [0.]
 [0.]
 [0.]
 [0.]
 [0.]
 [0.]
 [0.]
 [0.]
 [0.]
 [0.]
 [0.]
 [0.]
 [0.]
 [0.]
 [0.]
 [0.]
 [0.]
 [0.]
 [0.]
 [0.]
 [0.]
 [0.]
 [0.]
 [0.]
 [0.]
 [0.]
 [0.]
 [0.]
 [0.]
 [0.]
 [0.]
 [0.]
 [0.]
 [0.]
 [0.]
 [0.]
 [0.]
 [0.]
 [0.]
 [0.]
 [0.]
 [0.]
 [0.]
 [0.]
 [0.]
 [0.]
 [0.]
 [0.]
 [0.]
 [0.]
 [0.]
 [0.]
 [0.]
 [0.]
 [0.]
 [0.]
 [0.]
 [0.]
 [0.]
 [0.]
 [0.]
 [0.]
 [0.]
 [0.]
 [0.]
 [0.]
 [0.]
 [0.]
 [0.]
 [0.]
 [0.]
 [0.]
 [0.]
 [0.]
 [0.]
 [0.]
 [0.]
 [0.]
 [0.]
 [0.]
 [0.]
 [0.]
 [0.]
 [0.]
 [0.]
 [0.]
 [0.]
 [0.]
 [0.]
 [0.]
 [0.]
 [0.]
 [0.]
 [0.]
 [0.]
 [0.]
 [0.]]
CG: [[10.]
 [10.]
 [10.]
 [10.]
 [10.]
 [10.]
 [10.]
 [10.]
 [10.]
 [10.]
 [10.]
 [10.]
 [10.]
 [10.]
 [10.]
 [10.]
 [10.]
 [10.]
 [10.]
 [10.]
 [10.]
 [10.]
 [10.]
 [10.]
 [10.]
 [10.]
 [10.]
 [10.]
 [10.]
 [10.]
 [10.]
 [10.]
 [10.]
 [10.]
 [10.]
 [10.]
 [10.]
 [10.]
 [10.]
 [10.]
 [10.]
 [10.]
 [10.]
 [10.]
 [10.]
 [10.]
 [10.]
 [10.]
 [10.]
 [10.]
 [10.]
 [10.]
 [10.]
 [10.]
 [10.]
 [10.]
 [10.]
 [10.]
 [10.]
 [10.]
 [10.]
 [10.]
 [10.]
 [10.]
 [10.]
 [10.]
 [10.]
 [10.]
 [10.]
 [10.]
 [10.]
 [10.]
 [10.]
 [10.]
 [10.]
 [10.]
 [10.]
 [10.]
 [10.]
 [10.]
 [10.]
 [10.]
 [10.]
 [10.]
 [10.]
 [10.]
 [10.]
 [10.]
 [10.]
 [10.]
 [10.]
 [10.]
 [10.]
 [10.]
 [10.]
 [10.]
 [10.]
 [10.]
 [10.]
 [10.]]
RG: [[500.]
 [500.]
 [500.]
 [500.]
 [500.]
 [500.]
 [500.]
 [500.]
 [500.]
 [500.]
 [500.]
 [500.]
 [500.]
 [500.]
 [500.]
 [500.]
 [500.]
 [500.]
 [500.]
 [500.]
 [500.]
 [500.]
 [500.]
 [500.]
 [500.]
 [500.]
 [500.]
 [500.]
 [500.]
 [500.]
 [500.]
 [500.]
 [500.]
 [500.]
 [500.]
 [500.]
 [500.]
 [500.]
 [500.]
 [500.]
 [500.]
 [500.]
 [500.]
 [500.]
 [500.]
 [500.]
 [500.]
 [500.]
 [500.]
 [500.]
 [500.]
 [500.]
 [500.]
 [500.]
 [500.]
 [500.]
 [500.]
 [500.]
 [500.]
 [500.]
 [500.]
 [500.]
 [500.]
 [500.]
 [500.]
 [500.]
 [500.]
 [500.]
 [500.]
 [500.]
 [500.]
 [500.]
 [500.]
 [500.]
 [500.]
 [500.]
 [500.]
 [500.]
 [500.]
 [500.]
 [500.]
 [500.]
 [500.]
 [500.]
 [500.]
 [500.]
 [500.]
 [500.]
 [500.]
 [500.]
 [500.]
 [500.]
 [500.]
 [500.]
 [500.]
 [500.]
 [500.]
 [500.]
 [500.]
 [500.]]
Ch: [[1.90234808 2.00128049 1.97188595 2.03360487 2.05958541 2.09828122
  1.93919214 1.93409984 1.94220626 1.9404362  1.93147177]
 [1.98297457 1.90589673 1.96816974 1.92270854 1.9883738  1.93859112
  1.96752721 2.00023484 2.08095892 2.0137213  1.925441  ]
 [2.00020116 1.99970288 2.01361664 2.05708612 1.91566932 1.98209289
  1.95931527 2.04016551 1.96642695 1.9817871  1.97499646]
 [1.93440718 2.08618488 1.98683112 1.90181673 1.97457646 2.08012498
  1.95780941 1.95994979 1.92366787 1.93693626 1.93187347]
 [2.07400439 2.08899295 2.08022676 2.07788814 2.00268915 1.90475013
  2.07245769 2.09192477 2.09256234 2.06433292 1.95205824]
 [2.07740033 1.92621662 1.92862534 1.95736846 1.92541442 2.05116439
  1.99233587 1.99015436 1.99142132 1.97763331 1.9150518 ]
 [2.09300699 2.05774121 2.02399649 2.02419964 1.93917923 2.07251602
  2.05657895 2.02773347 1.95922412 2.01026569 1.98496921]
 [2.00380152 1.97259678 2.00125089 2.08121336 1.90103811 2.04933431
  1.97708445 1.93977361 1.96573807 1.92526239 2.04125954]
 [1.98327696 1.95163044 1.96267044 1.9106335  2.04832629 2.0190566
  1.93614498 2.00240264 1.92305414 1.98108913 2.07440972]
 [1.94023386 2.07823495 2.00520063 2.00980114 1.94426552 2.08558719
  2.00845876 2.02637407 1.96864605 1.93597718 2.01772383]]
Cv: [[0.         0.         0.         0.         0.         0.
  0.         0.         0.         0.        ]
 [1.91686118 1.90244352 1.9954363  1.94543535 2.00773294 1.97073941
  2.01702336 2.03099698 2.09307023 1.96523567]
 [2.03724265 2.02779478 1.90653846 1.99148475 2.00301629 2.01161439
  2.05416132 2.04162435 1.91548278 2.03685008]
 [1.9547004  1.9373303  1.96166841 1.93749007 1.91529695 2.02545503
  2.05606625 2.06535325 1.99163987 1.99387735]
 [2.05465709 1.95636592 2.06031496 1.95670113 1.94766368 1.98498584
  1.98282024 1.94210927 1.92665047 1.91130874]
 [1.94093814 2.00703121 1.9315167  2.01507091 1.93686893 2.07175049
  2.03603212 2.01543189 2.05587908 2.07472402]
 [2.03393149 2.06970058 2.04419471 1.93952012 2.05179041 1.94560612
  2.08561814 1.98273105 2.03417036 2.08096575]
 [1.91494475 2.08871496 2.03496852 1.95107846 1.99347276 1.9922937
  2.06799442 1.96851148 1.987241   2.0230364 ]
 [2.02925435 1.9873292  1.99163354 2.03561011 1.98583025 1.96947074
  2.02367852 1.90414848 2.05170521 1.9191927 ]
 [1.90935622 2.09847032 1.90132044 1.91512785 1.94615063 2.07037087
  1.96289903 2.06982252 2.03253734 2.00795025]]
Rh: [[ 2.17887967 12.16996046  3.6656905   1.69597176 18.13381734  8.93381192
   3.91458456  2.9692038   6.97190638  5.2999071   1.67451819]
 [ 7.95405102  4.42885065 10.92719106  5.66938939  8.6874531  17.06942547
   5.05275064  5.11276368  4.88297167 12.89080675  6.86841831]
 [ 7.88306886  3.99900923  3.45173121  2.91647399  3.45896787  6.5323084
   2.76770492 18.02225781  6.93488386  4.64664953  8.52907668]
 [ 2.15512198  7.64760402  5.38582323  9.46728627  3.1188935   6.8330177
   3.61178189  4.1744921   1.60820121 14.3372231   2.2958721 ]
 [ 6.02870037  6.4808721  10.53182764  3.24255064 14.31645734  5.28945966
   8.8109147  16.00280698  3.85413128 13.31408105  3.40756983]
 [15.76687093  1.72601091  1.50864355 14.5636209   4.39669553  5.77130557
  13.79999416  3.88390532 10.25353391  2.08114003 13.89516901]
 [ 6.72157352  7.76498505  4.75182015 10.13350923 16.81081455  3.78519722
   5.06091351  7.86388538  4.01514676 16.40656421  3.40967156]
 [ 1.82069627  5.51195735  2.50075188  3.60147523  1.8279897   8.83269855
   3.9622361   5.08853199 16.37041327  4.05710326  6.55342064]
 [ 8.94078091 12.50213647  2.19119575  4.73508016 18.26104277  6.7655093
   9.8886797  10.38548002  7.8885979  10.64377096  4.68996955]
 [ 5.99950746  5.82788677  1.94359237  2.90517225  2.88333027  4.99014088
   4.49785902  2.5552225   2.94659956  1.64910137  8.52047593]]
Rv: [[ 8.29892574  4.23090671  6.95787114 16.89142182  4.20880097 15.20517254
   8.90776313  3.35372519  5.94449699 12.71879427]
 [ 6.89064743  2.20467022  5.02662686  8.78931382  4.40957826  9.32748615
   6.21324271  4.46471633 14.66194214  3.26756067]
 [ 4.96970303  5.00657876  2.6138531   3.5599307   9.72171936 10.64690248
   3.2579085   7.3964286   6.66281198  2.09803823]
 [ 8.63716494  2.10501272  2.84182072  3.004501    4.32371285  2.87205288
   1.83231136 16.19042213 10.03107526  5.52801677]
 [ 9.41065659  1.96764485  2.99463561  4.80091884  3.35509935  3.63902331
  10.67928787  3.08568479  3.46787589 18.06987043]
 [ 5.93143264  5.70275663  7.73225026  6.68578896  4.23942647  2.69530954
   4.21495551  9.21533935 16.52808561 14.08791058]
 [11.57230109 15.87644423  4.41798724  1.75300734  6.84741614  3.55979947
   4.21478453  1.67025264 13.68323338  3.69026079]
 [ 2.05053748 18.47452941  4.09512045 11.26309126 11.70001908  5.87617105
   9.2050325   2.81715713  7.49802646  8.58675501]
 [ 2.4109947   3.04800774  5.41565911  1.61496126  8.00406346  6.47349142
   9.30259002  4.81373898  2.64263149  3.78484752]]