-------Running parameters--------
T = 0.001
temperature_gradient = 0.0
gap = 0.0
M = 10
N = 10
VR = 0.0
Vmin = 0.0
Vmax = 1.1
vStep = 0.001
vSym = True
repeats = 50
fileName = array_10_10_disorder_c_std_0.1_r_std_7.5_run_6
dist = exp
fullOutput = True
use_graph = False
current_map = True
plot_current_map = False
plot_binary_current_map = False
frame_norm = False
dbg = False
resume = False
sc = False
leaping = False
constQ = False
modifyR = False
double_time = False
double_loop = False
output_folder = bgu_2d_finite_temperature_different_disorders_statistics
params_path = 
VG_avg = 0.0
VG_std = 0.0
C_avg = 2.0
C_std = 0.1
CG_avg = 10.0
CG_std = 0.0
R_avg = 10.0
R_std = 7.5
custom_rh = ""
custom_rv = ""
custom_ch = ""
custom_cv = ""
RG_avg = 500.0
RG_std = 0.0
n0_avg = 0.0
n0_std = 0.0
Q0_avg = 0.0
Q0_std = 0.0
----Array Parameters-----
Rows: 10
Columns: 10
VG: [[0.]
 [0.]
 [0.]
 [0.]
 [0.]
 [0.]
 [0.]
 [0.]
 [0.]
 [0.]
 [0.]
 [0.]
 [0.]
 [0.]
 [0.]
 [0.]
 [0.]
 [0.]
 [0.]
 [0.]
 [0.]
 [0.]
 [0.]
 [0.]
 [0.]
 [0.]
 [0.]
 [0.]
 [0.]
 [0.]
 [0.]
 [0.]
 [0.]
 [0.]
 [0.]
 [0.]
 [0.]
 [0.]
 [0.]
 [0.]
 [0.]
 [0.]
 [0.]
 [0.]
 [0.]
 [0.]
 [0.]
 [0.]
 [0.]
 [0.]
 [0.]
 [0.]
 [0.]
 [0.]
 [0.]
 [0.]
 [0.]
 [0.]
 [0.]
 [0.]
 [0.]
 [0.]
 [0.]
 [0.]
 [0.]
 [0.]
 [0.]
 [0.]
 [0.]
 [0.]
 [0.]
 [0.]
 [0.]
 [0.]
 [0.]
 [0.]
 [0.]
 [0.]
 [0.]
 [0.]
 [0.]
 [0.]
 [0.]
 [0.]
 [0.]
 [0.]
 [0.]
 [0.]
 [0.]
 [0.]
 [0.]
 [0.]
 [0.]
 [0.]
 [0.]
 [0.]
 [0.]
 [0.]
 [0.]
 [0.]]
CG: [[10.]
 [10.]
 [10.]
 [10.]
 [10.]
 [10.]
 [10.]
 [10.]
 [10.]
 [10.]
 [10.]
 [10.]
 [10.]
 [10.]
 [10.]
 [10.]
 [10.]
 [10.]
 [10.]
 [10.]
 [10.]
 [10.]
 [10.]
 [10.]
 [10.]
 [10.]
 [10.]
 [10.]
 [10.]
 [10.]
 [10.]
 [10.]
 [10.]
 [10.]
 [10.]
 [10.]
 [10.]
 [10.]
 [10.]
 [10.]
 [10.]
 [10.]
 [10.]
 [10.]
 [10.]
 [10.]
 [10.]
 [10.]
 [10.]
 [10.]
 [10.]
 [10.]
 [10.]
 [10.]
 [10.]
 [10.]
 [10.]
 [10.]
 [10.]
 [10.]
 [10.]
 [10.]
 [10.]
 [10.]
 [10.]
 [10.]
 [10.]
 [10.]
 [10.]
 [10.]
 [10.]
 [10.]
 [10.]
 [10.]
 [10.]
 [10.]
 [10.]
 [10.]
 [10.]
 [10.]
 [10.]
 [10.]
 [10.]
 [10.]
 [10.]
 [10.]
 [10.]
 [10.]
 [10.]
 [10.]
 [10.]
 [10.]
 [10.]
 [10.]
 [10.]
 [10.]
 [10.]
 [10.]
 [10.]
 [10.]]
RG: [[500.]
 [500.]
 [500.]
 [500.]
 [500.]
 [500.]
 [500.]
 [500.]
 [500.]
 [500.]
 [500.]
 [500.]
 [500.]
 [500.]
 [500.]
 [500.]
 [500.]
 [500.]
 [500.]
 [500.]
 [500.]
 [500.]
 [500.]
 [500.]
 [500.]
 [500.]
 [500.]
 [500.]
 [500.]
 [500.]
 [500.]
 [500.]
 [500.]
 [500.]
 [500.]
 [500.]
 [500.]
 [500.]
 [500.]
 [500.]
 [500.]
 [500.]
 [500.]
 [500.]
 [500.]
 [500.]
 [500.]
 [500.]
 [500.]
 [500.]
 [500.]
 [500.]
 [500.]
 [500.]
 [500.]
 [500.]
 [500.]
 [500.]
 [500.]
 [500.]
 [500.]
 [500.]
 [500.]
 [500.]
 [500.]
 [500.]
 [500.]
 [500.]
 [500.]
 [500.]
 [500.]
 [500.]
 [500.]
 [500.]
 [500.]
 [500.]
 [500.]
 [500.]
 [500.]
 [500.]
 [500.]
 [500.]
 [500.]
 [500.]
 [500.]
 [500.]
 [500.]
 [500.]
 [500.]
 [500.]
 [500.]
 [500.]
 [500.]
 [500.]
 [500.]
 [500.]
 [500.]
 [500.]
 [500.]
 [500.]]
Ch: [[2.01989063 1.95948986 1.92955124 2.08167231 2.08724599 1.9035443
  2.07713926 2.00313996 1.99645475 1.9547909  1.91446011]
 [2.04229239 1.99916838 2.02690144 2.09375559 2.01741185 2.06961514
  1.93937578 2.04703132 2.08763969 2.02260952 2.04742643]
 [1.90152408 1.96274544 1.90975624 2.01950602 2.02063174 1.99941947
  1.95876854 2.03570911 2.09557974 1.99285016 1.99843486]
 [1.97536202 1.97872402 1.97069205 2.08279756 2.09871784 2.08638329
  2.04410664 1.93800147 1.91456011 2.01989575 2.04340268]
 [1.94140146 1.95388993 1.98628627 2.08217971 1.98171612 1.9909013
  2.07729968 2.04977313 2.09453245 1.90536427 1.9498969 ]
 [1.96150691 2.0220746  1.94753768 1.95838318 2.05163613 1.98192785
  2.08090621 2.01341235 1.92463841 1.97894987 1.94496732]
 [1.92258433 2.09454009 1.92146384 1.9296266  2.00143315 1.99277309
  1.94846987 1.94602289 2.06341295 2.09696946 1.92082914]
 [1.97571569 1.90998492 2.0927428  1.90199137 2.06944967 2.0819282
  2.02668985 1.99751142 1.96322653 1.91678217 1.90171621]
 [2.07438653 1.91990579 1.92179433 2.03771818 2.07829269 2.00824135
  2.07064005 1.92417352 2.02198267 2.0438568  1.93792669]
 [1.99517906 1.95967041 1.98428668 1.9117636  2.01083731 1.92613688
  2.09679551 1.97325958 1.94793291 2.02545399 2.02902319]]
Cv: [[0.         0.         0.         0.         0.         0.
  0.         0.         0.         0.        ]
 [2.06394231 2.07332464 1.96350132 2.01305946 1.94710776 1.94011576
  1.93585012 2.02448194 2.0880542  2.00014942]
 [2.01782079 2.02191005 2.04854623 1.91825077 1.98959991 2.09079541
  2.04347908 2.03966718 2.01377152 2.05647023]
 [2.07044341 2.09762189 2.07711602 1.98850614 2.06181216 2.00381239
  2.03822459 2.00820448 1.93743597 1.91538418]
 [1.92561566 1.96420499 2.02702806 2.06887    2.01143403 1.98495212
  1.93233487 1.95072176 1.90996554 2.00024361]
 [1.94046804 2.06706207 1.90149332 2.06284222 1.92330534 2.04569603
  2.06276947 1.96196493 2.08326934 1.92271459]
 [2.03975857 2.0756792  2.07689357 1.93361222 1.90520649 1.92347275
  2.04886633 2.01765484 2.06714856 1.98041073]
 [2.02668638 2.06800866 2.06094825 2.02251803 1.94952889 1.91800122
  2.0018332  2.06569944 2.09708789 1.91966823]
 [1.92646202 1.93700685 2.05316376 1.90763633 1.90609645 1.97904344
  1.99498157 1.9968502  1.93922313 2.00831979]
 [1.91477671 1.94162474 2.01628656 2.04703179 1.96004346 2.04548939
  2.01897907 1.94553433 2.02050587 2.06801351]]
Rh: [[ 7.28701441  7.33875462 15.86530656  8.87649889  2.74785176  2.59303774
   7.4248237   6.63207848  7.06009409  4.31680177  4.19986566]
 [ 5.06508281  7.03028981  3.32258028 11.30450566  6.74477101 10.17417014
   6.4200609   2.62864901  4.11030018  7.83775355  4.55318738]
 [ 9.88214126  4.70769867  4.27320571  2.742592    3.24381909  2.79038554
   3.41707731 13.5597673   5.69663181 14.86892282  3.49807374]
 [ 4.22254346 14.34646682 11.5738501  10.19788694 11.43286045  2.6190886
  12.77782323  3.59040034  9.63036128 13.78479944  9.20517472]
 [14.57112086  6.59493871  9.29188114  4.24195189  2.98812383  4.19566387
  10.48748248  2.59751203  4.6971502   8.57564162  5.32988683]
 [ 5.53239469 10.12164565  6.93017731 14.95056913 15.39514669  3.90868734
   5.78724514  5.10309262 16.98891578  3.59025261  4.35631848]
 [ 9.22575699  5.16360584  3.71509682  6.38049781  6.4772057   8.44649168
  10.0566666  12.18368979  7.17815638 15.60655706 11.04200763]
 [ 3.39482357 13.85275763  4.32570445 16.31551741  3.05416373  7.38414578
   7.98619666  2.57832473  2.61691787  4.58196718  3.26331217]
 [ 2.65514632 11.8607774  12.16968356 11.07782906  9.19200907  7.32771864
  17.44731611  5.2679073   2.86644438 10.20088572  5.14626522]
 [ 4.4070384  12.99485964 11.93414538  5.39661178  3.62760666  7.14920818
  12.99420552  3.2798955   4.3252134   4.69497377  9.90869372]]
Rv: [[ 3.28677529  6.44657248  4.4608009   5.28997934  6.37600472  3.0070759
   4.73604447  2.63271472  3.26173606 11.88731579]
 [10.09988623  3.42210575 16.93540586 13.33538348  7.54495241  2.92548817
   4.66399543  6.66612445  3.25217894 10.88790751]
 [10.70627055 14.25554249  9.76790208  6.89549602  3.48208021  3.23018934
  12.23492391 16.07704431 16.09558425 11.58614422]
 [15.57288642  7.47274262  3.79449097  7.59334751  7.1799817   8.77560509
  14.45820634  6.3744277   5.58777495 10.03249406]
 [ 8.26806385  8.8856643   9.12252051  4.14760229 14.96941956  4.62978503
   8.87461757  5.89343641  6.97952922 13.18969182]
 [11.90127371 13.148903    5.33310477  9.83651795 16.17097229  2.55636278
   2.93580996  7.60344161  2.67000459  3.9677851 ]
 [ 4.43081226  6.91595985 10.92453515  3.22110854 11.99967212 16.58816782
  12.67980521  4.51758691  4.46907753  3.36135595]
 [ 4.71663521  8.77256951  6.80046817  3.70667279  9.30387792  3.54140995
   8.388393    7.92018078  3.3533925   4.86894601]
 [ 9.41744604 10.52798703  4.20614527  3.19341138  2.98606368 11.58126922
  10.16073925  6.96805848  3.66882293  5.85501352]]