-------Running parameters--------
T = 0.001
temperature_gradient = 0.0
gap = 0.0
M = 10
N = 10
VR = 0.0
Vmin = 0.0
Vmax = 1.1
vStep = 0.001
vSym = True
repeats = 50
fileName = array_10_10_disorder_c_std_0.1_r_std_7_run_4
dist = exp
fullOutput = True
use_graph = False
current_map = True
plot_current_map = False
plot_binary_current_map = False
frame_norm = False
dbg = False
resume = False
sc = False
leaping = False
constQ = False
modifyR = False
double_time = False
double_loop = False
output_folder = bgu_2d_finite_temperature_different_disorders_statistics
params_path = 
VG_avg = 0.0
VG_std = 0.0
C_avg = 2.0
C_std = 0.1
CG_avg = 10.0
CG_std = 0.0
R_avg = 10.0
R_std = 7.0
custom_rh = ""
custom_rv = ""
custom_ch = ""
custom_cv = ""
RG_avg = 500.0
RG_std = 0.0
n0_avg = 0.0
n0_std = 0.0
Q0_avg = 0.0
Q0_std = 0.0
----Array Parameters-----
Rows: 10
Columns: 10
VG: [[0.]
 [0.]
 [0.]
 [0.]
 [0.]
 [0.]
 [0.]
 [0.]
 [0.]
 [0.]
 [0.]
 [0.]
 [0.]
 [0.]
 [0.]
 [0.]
 [0.]
 [0.]
 [0.]
 [0.]
 [0.]
 [0.]
 [0.]
 [0.]
 [0.]
 [0.]
 [0.]
 [0.]
 [0.]
 [0.]
 [0.]
 [0.]
 [0.]
 [0.]
 [0.]
 [0.]
 [0.]
 [0.]
 [0.]
 [0.]
 [0.]
 [0.]
 [0.]
 [0.]
 [0.]
 [0.]
 [0.]
 [0.]
 [0.]
 [0.]
 [0.]
 [0.]
 [0.]
 [0.]
 [0.]
 [0.]
 [0.]
 [0.]
 [0.]
 [0.]
 [0.]
 [0.]
 [0.]
 [0.]
 [0.]
 [0.]
 [0.]
 [0.]
 [0.]
 [0.]
 [0.]
 [0.]
 [0.]
 [0.]
 [0.]
 [0.]
 [0.]
 [0.]
 [0.]
 [0.]
 [0.]
 [0.]
 [0.]
 [0.]
 [0.]
 [0.]
 [0.]
 [0.]
 [0.]
 [0.]
 [0.]
 [0.]
 [0.]
 [0.]
 [0.]
 [0.]
 [0.]
 [0.]
 [0.]
 [0.]]
CG: [[10.]
 [10.]
 [10.]
 [10.]
 [10.]
 [10.]
 [10.]
 [10.]
 [10.]
 [10.]
 [10.]
 [10.]
 [10.]
 [10.]
 [10.]
 [10.]
 [10.]
 [10.]
 [10.]
 [10.]
 [10.]
 [10.]
 [10.]
 [10.]
 [10.]
 [10.]
 [10.]
 [10.]
 [10.]
 [10.]
 [10.]
 [10.]
 [10.]
 [10.]
 [10.]
 [10.]
 [10.]
 [10.]
 [10.]
 [10.]
 [10.]
 [10.]
 [10.]
 [10.]
 [10.]
 [10.]
 [10.]
 [10.]
 [10.]
 [10.]
 [10.]
 [10.]
 [10.]
 [10.]
 [10.]
 [10.]
 [10.]
 [10.]
 [10.]
 [10.]
 [10.]
 [10.]
 [10.]
 [10.]
 [10.]
 [10.]
 [10.]
 [10.]
 [10.]
 [10.]
 [10.]
 [10.]
 [10.]
 [10.]
 [10.]
 [10.]
 [10.]
 [10.]
 [10.]
 [10.]
 [10.]
 [10.]
 [10.]
 [10.]
 [10.]
 [10.]
 [10.]
 [10.]
 [10.]
 [10.]
 [10.]
 [10.]
 [10.]
 [10.]
 [10.]
 [10.]
 [10.]
 [10.]
 [10.]
 [10.]]
RG: [[500.]
 [500.]
 [500.]
 [500.]
 [500.]
 [500.]
 [500.]
 [500.]
 [500.]
 [500.]
 [500.]
 [500.]
 [500.]
 [500.]
 [500.]
 [500.]
 [500.]
 [500.]
 [500.]
 [500.]
 [500.]
 [500.]
 [500.]
 [500.]
 [500.]
 [500.]
 [500.]
 [500.]
 [500.]
 [500.]
 [500.]
 [500.]
 [500.]
 [500.]
 [500.]
 [500.]
 [500.]
 [500.]
 [500.]
 [500.]
 [500.]
 [500.]
 [500.]
 [500.]
 [500.]
 [500.]
 [500.]
 [500.]
 [500.]
 [500.]
 [500.]
 [500.]
 [500.]
 [500.]
 [500.]
 [500.]
 [500.]
 [500.]
 [500.]
 [500.]
 [500.]
 [500.]
 [500.]
 [500.]
 [500.]
 [500.]
 [500.]
 [500.]
 [500.]
 [500.]
 [500.]
 [500.]
 [500.]
 [500.]
 [500.]
 [500.]
 [500.]
 [500.]
 [500.]
 [500.]
 [500.]
 [500.]
 [500.]
 [500.]
 [500.]
 [500.]
 [500.]
 [500.]
 [500.]
 [500.]
 [500.]
 [500.]
 [500.]
 [500.]
 [500.]
 [500.]
 [500.]
 [500.]
 [500.]
 [500.]]
Ch: [[1.95594265 2.06454376 2.07159534 2.06918304 1.92861037 2.02549775
  2.03538781 2.0231915  2.07744145 2.02821623 1.95202107]
 [2.03901598 1.91833894 1.95829723 1.97210132 1.91652477 1.91707697
  2.09154538 1.97315631 2.05483314 2.0349404  2.00799962]
 [1.98973283 2.05912887 1.9124961  2.09603345 1.96047296 2.03642243
  2.01068441 1.92422993 2.09143499 1.98651441 2.08348772]
 [2.06172491 1.98283031 2.01123304 2.09936832 2.08258915 2.0557439
  2.05586276 2.08394296 1.97044448 1.96957634 2.02220658]
 [1.99143027 2.01578332 1.96167746 2.02028073 2.03397705 1.93970093
  1.92200036 1.90163742 2.02918982 1.92143203 2.09308655]
 [1.9501824  2.07687065 1.90115567 2.00256229 2.01975915 1.97542975
  1.99890106 1.90577029 1.97368042 2.03948874 1.90453432]
 [1.97291816 1.90507205 1.96845203 1.91738797 1.99618729 1.97055371
  1.95151805 1.99236229 2.01038894 2.03170632 1.96325521]
 [2.05430945 1.97925304 1.90895009 2.03867499 1.90587391 2.02857925
  2.07373107 2.04518405 1.91248493 2.05666712 2.03117054]
 [1.94160942 2.04189002 1.94995706 1.99158591 1.91408459 1.98726885
  1.9449358  1.93923114 1.99718308 1.97024953 1.9727063 ]
 [1.96022362 2.02937818 2.05473608 1.98452797 1.92830021 1.90471482
  2.01675282 2.05651286 2.04231305 2.00111513 2.06870699]]
Cv: [[0.         0.         0.         0.         0.         0.
  0.         0.         0.         0.        ]
 [1.9326192  1.97612724 2.06291376 2.01127726 2.07634399 1.91889165
  1.91798466 2.02140439 2.01563377 1.91748365]
 [2.0350878  2.07354076 2.02788812 1.96355283 2.03300397 2.04462927
  2.09388466 1.96281923 1.95583785 1.94287894]
 [1.95483373 1.94958637 1.98978391 1.96614467 2.00777719 1.9116025
  1.98966521 2.06548766 2.07200201 2.08059293]
 [1.96096332 2.02037022 2.04160142 1.98752102 1.91677218 2.04692055
  2.05601024 2.03423847 2.00512034 2.01865706]
 [2.04822506 1.96954911 2.02188076 1.91929149 1.98800757 2.04922686
  1.95808834 2.06654746 1.97802868 2.03803664]
 [2.0498076  2.09744453 1.93356242 2.02254245 1.92471326 2.07280089
  1.93500686 1.9922758  1.94243722 1.98953234]
 [2.0689832  2.06600425 2.06356365 1.97255191 1.91959776 1.90634575
  1.91088239 1.99975221 2.00848459 2.06454508]
 [2.07257912 1.95126376 2.09573774 1.99120525 1.99447367 2.06984725
  2.06463369 2.03676564 1.99299104 2.0640283 ]
 [2.08484348 2.00924059 2.07461932 2.01878808 1.90031398 2.05144236
  1.97895617 2.08209096 1.97665875 2.05147918]]
Rh: [[12.27123372  4.99918641  3.0133757  13.75678788 13.17347799  5.95439727
   7.14675511  7.90825276  3.93416939  3.65774955  6.35292454]
 [ 6.8623744  10.36455162  7.40619792  4.11130354 16.52683341  3.79274396
  16.93769542 13.55206362  6.26343558  7.77790166  5.67036051]
 [ 3.71952518  4.04406246 13.31981555  7.36612799 14.99289183  3.12166257
   3.0258777  15.60012829 12.47775068  3.01928603  9.53694388]
 [ 8.23303513 15.97358581  6.94868193 14.45328291  3.13095458  3.37745658
   4.60116505  3.1931578   3.51003236  5.23699427  7.74071111]
 [16.48969114  4.60043969 13.9370622   4.43494988 11.37244177  4.73275032
   9.63598088  3.63880099  3.44800769  6.3028397   4.60468567]
 [ 5.15420453  3.87998011  8.16459923  8.05883419  9.20665753  3.19957113
  13.72110847 12.53514805  3.86147831 15.03613378  4.98647326]
 [ 9.48105636 10.05816955 10.82924692  3.27635701  8.24740195  6.00672085
   4.51894317  4.15620548  6.88231349 15.6215533   5.13532875]
 [16.32292219  5.32823873 13.24027884  8.55948215 11.35284178  7.32017831
  14.45325281  3.62044315  3.22011655 14.32513337 12.41824588]
 [15.59612912 12.27982168  3.78244658  8.42665117 16.26604829 14.48974702
  15.63858484  4.42252405 14.2360659   3.74242714  6.55574398]
 [ 3.7866249   7.15791058  3.04057438 15.3049626   4.30578986  9.45858264
  15.27644022  4.83364675  3.09443118  3.30305145  3.56172068]]
Rv: [[ 3.7047215   3.32200377  3.55643176  6.04641868 10.41904327  3.73796345
   5.61286544  8.35335207 14.5223491  12.85484824]
 [ 3.76586974 16.0157997   9.76733972  4.23175332 11.441026    7.61823155
   6.34797049 11.2544856   9.84779901 14.63039921]
 [ 5.70033866  4.14132965 13.03657263  9.33117438  5.75412247 13.449376
   4.00577464 10.02138489 10.60468581  3.62813391]
 [ 3.89096697  6.75292043  3.48943844  3.4498133   7.51294527  3.66157966
   4.64779782  3.33095914  7.35504301  8.7677562 ]
 [ 3.91424068  7.77894784  7.16317256 16.44570539 12.11286886  9.66228646
   3.29179409 11.64803659  5.49134034 12.72074533]
 [ 6.13364458 12.61144414  4.3797069  13.20433291  6.30867956  5.47540348
   4.08675223 10.89536485  4.00584167  6.16202076]
 [ 9.38160644  3.43184496 12.12633527  5.66221411 13.71512286  7.02921325
  11.54531262  3.68762895 12.55964095  3.98954066]
 [11.28753847 13.40732949  4.77799071  3.41295863  8.00472787  9.5313152
   4.94230869 16.53260955 11.38822108 15.69679236]
 [ 5.4145865   7.96598619  5.064109    5.5784872  13.79078769  8.32718443
  14.12872184  5.15287863 12.7071999   4.84672225]]