-------Running parameters--------
T = 0.001
temperature_gradient = 0.0
gap = 0.0
M = 10
N = 10
VR = 0.0
Vmin = 0.0
Vmax = 1.1
vStep = 0.001
vSym = True
repeats = 50
fileName = array_10_10_disorder_c_std_0.1_r_std_5_run_7
dist = exp
fullOutput = True
use_graph = False
current_map = True
plot_current_map = False
plot_binary_current_map = False
frame_norm = False
dbg = False
resume = False
sc = False
leaping = False
constQ = False
modifyR = False
double_time = False
double_loop = False
output_folder = bgu_2d_finite_temperature_different_disorders_statistics
params_path = 
VG_avg = 0.0
VG_std = 0.0
C_avg = 2.0
C_std = 0.1
CG_avg = 10.0
CG_std = 0.0
R_avg = 10.0
R_std = 5.0
custom_rh = ""
custom_rv = ""
custom_ch = ""
custom_cv = ""
RG_avg = 500.0
RG_std = 0.0
n0_avg = 0.0
n0_std = 0.0
Q0_avg = 0.0
Q0_std = 0.0
----Array Parameters-----
Rows: 10
Columns: 10
VG: [[0.]
 [0.]
 [0.]
 [0.]
 [0.]
 [0.]
 [0.]
 [0.]
 [0.]
 [0.]
 [0.]
 [0.]
 [0.]
 [0.]
 [0.]
 [0.]
 [0.]
 [0.]
 [0.]
 [0.]
 [0.]
 [0.]
 [0.]
 [0.]
 [0.]
 [0.]
 [0.]
 [0.]
 [0.]
 [0.]
 [0.]
 [0.]
 [0.]
 [0.]
 [0.]
 [0.]
 [0.]
 [0.]
 [0.]
 [0.]
 [0.]
 [0.]
 [0.]
 [0.]
 [0.]
 [0.]
 [0.]
 [0.]
 [0.]
 [0.]
 [0.]
 [0.]
 [0.]
 [0.]
 [0.]
 [0.]
 [0.]
 [0.]
 [0.]
 [0.]
 [0.]
 [0.]
 [0.]
 [0.]
 [0.]
 [0.]
 [0.]
 [0.]
 [0.]
 [0.]
 [0.]
 [0.]
 [0.]
 [0.]
 [0.]
 [0.]
 [0.]
 [0.]
 [0.]
 [0.]
 [0.]
 [0.]
 [0.]
 [0.]
 [0.]
 [0.]
 [0.]
 [0.]
 [0.]
 [0.]
 [0.]
 [0.]
 [0.]
 [0.]
 [0.]
 [0.]
 [0.]
 [0.]
 [0.]
 [0.]]
CG: [[10.]
 [10.]
 [10.]
 [10.]
 [10.]
 [10.]
 [10.]
 [10.]
 [10.]
 [10.]
 [10.]
 [10.]
 [10.]
 [10.]
 [10.]
 [10.]
 [10.]
 [10.]
 [10.]
 [10.]
 [10.]
 [10.]
 [10.]
 [10.]
 [10.]
 [10.]
 [10.]
 [10.]
 [10.]
 [10.]
 [10.]
 [10.]
 [10.]
 [10.]
 [10.]
 [10.]
 [10.]
 [10.]
 [10.]
 [10.]
 [10.]
 [10.]
 [10.]
 [10.]
 [10.]
 [10.]
 [10.]
 [10.]
 [10.]
 [10.]
 [10.]
 [10.]
 [10.]
 [10.]
 [10.]
 [10.]
 [10.]
 [10.]
 [10.]
 [10.]
 [10.]
 [10.]
 [10.]
 [10.]
 [10.]
 [10.]
 [10.]
 [10.]
 [10.]
 [10.]
 [10.]
 [10.]
 [10.]
 [10.]
 [10.]
 [10.]
 [10.]
 [10.]
 [10.]
 [10.]
 [10.]
 [10.]
 [10.]
 [10.]
 [10.]
 [10.]
 [10.]
 [10.]
 [10.]
 [10.]
 [10.]
 [10.]
 [10.]
 [10.]
 [10.]
 [10.]
 [10.]
 [10.]
 [10.]
 [10.]]
RG: [[500.]
 [500.]
 [500.]
 [500.]
 [500.]
 [500.]
 [500.]
 [500.]
 [500.]
 [500.]
 [500.]
 [500.]
 [500.]
 [500.]
 [500.]
 [500.]
 [500.]
 [500.]
 [500.]
 [500.]
 [500.]
 [500.]
 [500.]
 [500.]
 [500.]
 [500.]
 [500.]
 [500.]
 [500.]
 [500.]
 [500.]
 [500.]
 [500.]
 [500.]
 [500.]
 [500.]
 [500.]
 [500.]
 [500.]
 [500.]
 [500.]
 [500.]
 [500.]
 [500.]
 [500.]
 [500.]
 [500.]
 [500.]
 [500.]
 [500.]
 [500.]
 [500.]
 [500.]
 [500.]
 [500.]
 [500.]
 [500.]
 [500.]
 [500.]
 [500.]
 [500.]
 [500.]
 [500.]
 [500.]
 [500.]
 [500.]
 [500.]
 [500.]
 [500.]
 [500.]
 [500.]
 [500.]
 [500.]
 [500.]
 [500.]
 [500.]
 [500.]
 [500.]
 [500.]
 [500.]
 [500.]
 [500.]
 [500.]
 [500.]
 [500.]
 [500.]
 [500.]
 [500.]
 [500.]
 [500.]
 [500.]
 [500.]
 [500.]
 [500.]
 [500.]
 [500.]
 [500.]
 [500.]
 [500.]
 [500.]]
Ch: [[2.01859642 2.06789019 1.99327153 2.01168136 1.93874304 2.04721216
  2.00628834 2.05739156 2.0405616  1.90704898 1.98279471]
 [1.99675794 1.99821898 1.97089179 1.99885471 1.97700164 2.03636731
  2.06054802 1.95806284 1.92118765 1.94027096 1.96535951]
 [1.93403185 1.94716022 2.08351446 1.9074997  1.98457923 1.92870965
  1.98988616 1.94136474 2.03011408 2.02938612 2.0039192 ]
 [1.99805566 1.924883   1.94106997 2.06378646 2.0077043  2.05239177
  2.04835778 2.03994603 1.96809942 2.0772573  2.0901364 ]
 [1.90292389 2.04344204 1.92346987 2.0077173  2.01365541 2.01695594
  1.91054523 1.95099842 1.96355289 2.02812079 1.9817094 ]
 [2.09659633 2.06094228 1.97979022 1.95250408 1.97545377 1.92889982
  1.97795401 2.04487011 1.91431958 2.05982229 2.08987846]
 [1.94372871 1.92707359 2.06972279 1.94465132 2.00334665 2.04543557
  2.07335308 1.9051841  1.92799954 2.01071591 1.93299264]
 [2.05107015 2.00757335 1.90715856 1.99320475 1.91740876 2.00689638
  2.09429308 2.05389574 1.95806534 1.93940106 2.04240089]
 [1.95929612 1.9674892  1.95441967 1.96393979 1.96930939 2.05995846
  2.04794685 2.0073777  1.91783955 1.91190703 2.03437488]
 [2.0795288  2.05357518 2.09302032 1.95597335 1.95477023 1.99665133
  1.9689837  2.06949173 1.98113826 1.95848087 2.04877831]]
Cv: [[0.         0.         0.         0.         0.         0.
  0.         0.         0.         0.        ]
 [2.07440923 2.06789939 1.92894482 1.99342331 2.04394493 2.05273458
  2.0732683  1.98750334 1.98379275 2.07549577]
 [1.99756259 1.9229336  1.92566488 1.92472496 2.02387285 2.02162359
  1.92945306 2.03269301 2.03407717 1.92528222]
 [1.91456936 2.09857158 1.95065058 2.02580373 1.90316326 2.09054095
  1.92650999 2.04163032 1.95107779 1.91569608]
 [1.97417763 1.90397434 1.91589488 1.97808079 2.02170726 2.00500278
  2.09767197 2.03647854 1.91370017 2.03056057]
 [1.99132624 1.97408519 1.9575606  1.94467861 2.03102175 1.92478737
  1.99027306 2.01303284 2.0447595  1.99438819]
 [1.91948328 1.94008359 1.94214547 1.98691348 2.0668967  2.06272862
  1.93144459 2.0548681  2.09277197 2.0120735 ]
 [1.90223449 1.98195699 1.98150232 1.99749    2.01943409 1.91755281
  1.98062517 1.9951789  2.01560065 2.03599959]
 [1.94214427 2.02761212 2.03911509 2.06533365 2.06620081 1.99413988
  2.03779783 1.98982156 1.99762678 1.99717591]
 [1.9257001  2.03513758 2.03148298 2.03606781 1.9523453  1.93269856
  1.95303976 2.06296929 2.04927905 2.08475692]]
Rh: [[ 5.97182794  9.3392923   7.30520993  5.48565913  7.68973216 12.92657577
   9.33642289  7.5416161  11.02852095 10.69857764 13.90859243]
 [ 7.54406375  5.20426884  5.47801245  5.13951845  9.29199815  6.2936762
  14.74426739  7.8313375  11.11869078  7.69086815 14.68414206]
 [ 7.4132353   7.69838777 11.56894142 12.04695151 12.12203595 13.28719262
   7.38347212  8.94462788 11.97615252 11.364136    5.08829795]
 [ 5.76770662 14.02544251  9.32215586 12.31995701  5.48144413  6.21523041
   5.95024219  5.43903226  5.19113847 10.36202648 12.42155724]
 [ 8.11673822 12.38054825  6.82625052 10.69436995  7.22869937  5.10202424
   7.57438794  8.45541323  6.4897744   8.85802352 11.38539296]
 [ 6.76056533 10.61193526 10.44113164  5.42428453 11.25920276 14.94959024
   7.13723137 12.97147434  5.06817535 14.9899111   5.82110972]
 [ 6.41852576 11.96439309 10.18415529  8.98632607  7.26519099 11.18218213
  11.63067641  7.11476469 11.61152676 14.49369787 12.45666513]
 [11.54547081 10.62334969  5.63653007 14.05247344  6.06403612 10.30829282
  10.91867244  9.66007604  6.21204345  5.07525638  5.96267477]
 [ 9.44222582  5.40760529 11.28458933  6.22182079  7.11833608  6.55904318
   5.14011432  6.1709464   5.48132044  7.62070115 14.56769558]
 [ 5.90822923 12.65611717  6.20377057  5.9293509   6.35737072  9.62451731
  10.6495157   6.57180011 12.98907748  7.6423561   8.21268159]]
Rv: [[ 5.14272039  6.18161576  5.67559311 13.48129194  7.11664558  6.18634388
   8.71928849 10.29579287  9.2791265  13.89919094]
 [ 7.66433149 14.22936842  8.16947477 12.72295309  5.30307379 11.51209626
   7.22366981  6.29454313 12.3740536  11.56832054]
 [ 5.27634154  9.80892801  9.16747752  8.29130207  9.63318211 14.14826244
   6.14441695 12.13477875  5.79098774  6.77192098]
 [13.1595782   6.54358847  6.19514561  9.05071976  9.21783601  8.89098831
   5.48815629  6.75587883  8.91131919  7.75762024]
 [13.59955999 10.74516806  5.07198864  5.4769719  13.55569631 13.55829379
  10.76078395 14.16297755  8.33243227  8.27196428]
 [12.73310868  6.70175509  7.16406549  9.03680404  8.28499932 10.21078159
   5.62973772 12.4396495  10.56281517 10.30240148]
 [13.28685262 10.04069139  7.52986067  6.64186063 10.5226264  10.6461595
   9.62098107 12.77322174  5.16052566  8.73777808]
 [ 6.86750326 10.38912191 10.13426616  6.53777372  5.40889523  5.11313088
   7.45271623 12.61056746  9.34363592  9.32722951]
 [14.26595283 12.22266696  9.51658022  9.28160747  9.04540954  5.49090327
  10.18814076  5.83484359 13.79036944  9.1094874 ]]