-------Running parameters--------
T = 0.001
temperature_gradient = 0.0
gap = 0.0
M = 10
N = 10
VR = 0.0
Vmin = 0.0
Vmax = 1.1
vStep = 0.001
vSym = True
repeats = 50
fileName = array_10_10_disorder_c_std_0.1_r_std_10_run_7
dist = exp
fullOutput = True
use_graph = False
current_map = True
plot_current_map = False
plot_binary_current_map = False
frame_norm = False
dbg = False
resume = False
sc = False
leaping = False
constQ = False
modifyR = False
double_time = False
double_loop = False
output_folder = bgu_2d_finite_temperature_different_disorders_statistics
params_path = 
VG_avg = 0.0
VG_std = 0.0
C_avg = 2.0
C_std = 0.1
CG_avg = 10.0
CG_std = 0.0
R_avg = 20.0
R_std = 10.0
custom_rh = ""
custom_rv = ""
custom_ch = ""
custom_cv = ""
RG_avg = 500.0
RG_std = 0.0
n0_avg = 0.0
n0_std = 0.0
Q0_avg = 0.0
Q0_std = 0.0
----Array Parameters-----
Rows: 10
Columns: 10
VG: [[0.]
 [0.]
 [0.]
 [0.]
 [0.]
 [0.]
 [0.]
 [0.]
 [0.]
 [0.]
 [0.]
 [0.]
 [0.]
 [0.]
 [0.]
 [0.]
 [0.]
 [0.]
 [0.]
 [0.]
 [0.]
 [0.]
 [0.]
 [0.]
 [0.]
 [0.]
 [0.]
 [0.]
 [0.]
 [0.]
 [0.]
 [0.]
 [0.]
 [0.]
 [0.]
 [0.]
 [0.]
 [0.]
 [0.]
 [0.]
 [0.]
 [0.]
 [0.]
 [0.]
 [0.]
 [0.]
 [0.]
 [0.]
 [0.]
 [0.]
 [0.]
 [0.]
 [0.]
 [0.]
 [0.]
 [0.]
 [0.]
 [0.]
 [0.]
 [0.]
 [0.]
 [0.]
 [0.]
 [0.]
 [0.]
 [0.]
 [0.]
 [0.]
 [0.]
 [0.]
 [0.]
 [0.]
 [0.]
 [0.]
 [0.]
 [0.]
 [0.]
 [0.]
 [0.]
 [0.]
 [0.]
 [0.]
 [0.]
 [0.]
 [0.]
 [0.]
 [0.]
 [0.]
 [0.]
 [0.]
 [0.]
 [0.]
 [0.]
 [0.]
 [0.]
 [0.]
 [0.]
 [0.]
 [0.]
 [0.]]
CG: [[10.]
 [10.]
 [10.]
 [10.]
 [10.]
 [10.]
 [10.]
 [10.]
 [10.]
 [10.]
 [10.]
 [10.]
 [10.]
 [10.]
 [10.]
 [10.]
 [10.]
 [10.]
 [10.]
 [10.]
 [10.]
 [10.]
 [10.]
 [10.]
 [10.]
 [10.]
 [10.]
 [10.]
 [10.]
 [10.]
 [10.]
 [10.]
 [10.]
 [10.]
 [10.]
 [10.]
 [10.]
 [10.]
 [10.]
 [10.]
 [10.]
 [10.]
 [10.]
 [10.]
 [10.]
 [10.]
 [10.]
 [10.]
 [10.]
 [10.]
 [10.]
 [10.]
 [10.]
 [10.]
 [10.]
 [10.]
 [10.]
 [10.]
 [10.]
 [10.]
 [10.]
 [10.]
 [10.]
 [10.]
 [10.]
 [10.]
 [10.]
 [10.]
 [10.]
 [10.]
 [10.]
 [10.]
 [10.]
 [10.]
 [10.]
 [10.]
 [10.]
 [10.]
 [10.]
 [10.]
 [10.]
 [10.]
 [10.]
 [10.]
 [10.]
 [10.]
 [10.]
 [10.]
 [10.]
 [10.]
 [10.]
 [10.]
 [10.]
 [10.]
 [10.]
 [10.]
 [10.]
 [10.]
 [10.]
 [10.]]
RG: [[500.]
 [500.]
 [500.]
 [500.]
 [500.]
 [500.]
 [500.]
 [500.]
 [500.]
 [500.]
 [500.]
 [500.]
 [500.]
 [500.]
 [500.]
 [500.]
 [500.]
 [500.]
 [500.]
 [500.]
 [500.]
 [500.]
 [500.]
 [500.]
 [500.]
 [500.]
 [500.]
 [500.]
 [500.]
 [500.]
 [500.]
 [500.]
 [500.]
 [500.]
 [500.]
 [500.]
 [500.]
 [500.]
 [500.]
 [500.]
 [500.]
 [500.]
 [500.]
 [500.]
 [500.]
 [500.]
 [500.]
 [500.]
 [500.]
 [500.]
 [500.]
 [500.]
 [500.]
 [500.]
 [500.]
 [500.]
 [500.]
 [500.]
 [500.]
 [500.]
 [500.]
 [500.]
 [500.]
 [500.]
 [500.]
 [500.]
 [500.]
 [500.]
 [500.]
 [500.]
 [500.]
 [500.]
 [500.]
 [500.]
 [500.]
 [500.]
 [500.]
 [500.]
 [500.]
 [500.]
 [500.]
 [500.]
 [500.]
 [500.]
 [500.]
 [500.]
 [500.]
 [500.]
 [500.]
 [500.]
 [500.]
 [500.]
 [500.]
 [500.]
 [500.]
 [500.]
 [500.]
 [500.]
 [500.]
 [500.]]
Ch: [[1.96559161 2.03820223 1.91231883 1.98098275 2.05336393 1.95869345
  1.94983605 1.99629101 2.02784665 1.97025897 2.09951943]
 [2.03603612 2.07863764 1.94547778 2.03881223 1.91437485 1.91850948
  2.02296474 2.09421701 1.93390376 2.08588152 1.95582192]
 [1.90026893 2.00251052 1.90757761 2.08973757 1.98002659 2.05319039
  2.0483332  1.95519349 1.92920702 2.00633734 1.98288969]
 [1.96675927 1.90505753 1.90841855 1.99678965 2.02682007 2.00967154
  1.92030757 1.99947227 2.09886557 2.0746838  2.03902473]
 [1.91897701 1.92739131 1.93532518 2.01472276 2.01599535 2.01723552
  1.9621319  2.09686254 2.03955193 1.97335942 1.97699036]
 [2.08252473 1.95021686 2.05576638 2.03410287 1.96694394 1.9703587
  2.0080479  2.08164089 2.03071726 1.93785509 2.01234574]
 [2.0576369  2.03015271 1.95105499 1.93981098 2.00427232 1.97825959
  1.91910745 1.96770032 2.03135367 2.09284242 1.97076979]
 [1.9528107  2.08240871 1.98227951 1.94684616 2.00564422 1.90251987
  1.97418831 1.90972352 2.05362318 2.03420295 2.0461696 ]
 [1.97595011 1.95715967 1.93936482 1.91767099 1.99492176 1.94088884
  1.97816069 2.00078446 1.95887729 2.03942767 2.05387993]
 [2.07422557 1.95939065 1.96299464 1.97777829 2.03527394 2.07036953
  1.90761068 1.90515187 2.02840394 2.08659874 2.09581033]]
Cv: [[0.         0.         0.         0.         0.         0.
  0.         0.         0.         0.        ]
 [1.95615764 1.90884378 1.97704717 1.97593815 2.06862875 2.0414994
  1.9610752  1.91439069 1.98432254 1.97246702]
 [1.966553   1.90526679 1.90911809 1.91310109 2.06822212 2.03098844
  2.02571324 1.90142457 1.9104125  2.06459645]
 [2.00716177 1.93604013 1.99463242 1.92660016 2.00165099 2.07398274
  2.00128058 1.99811383 2.06748147 1.99277671]
 [1.95216359 2.04192185 2.0668236  2.01510629 2.01477849 1.99449929
  2.07188957 2.09566823 1.96361024 2.09234693]
 [2.02564394 2.04488241 2.03730679 1.98255289 1.92407185 1.98489862
  2.04938882 2.02707662 1.96662661 2.02141568]
 [1.90301748 1.92459145 2.03474404 1.9206595  2.02722567 2.05434549
  1.99476177 1.98429313 2.0858742  2.0262369 ]
 [2.00088327 2.09681759 1.95448767 1.99835546 1.96131008 1.91025056
  1.92598133 2.04602926 2.01056646 2.08177016]
 [1.91185447 1.91847685 2.07982352 2.08188892 2.02211343 1.94224418
  1.95491119 1.99173059 1.98632125 1.90241853]
 [2.07279593 1.95899869 2.09442314 1.90114105 1.99713396 2.07303617
  1.98189042 1.93299566 2.09441413 1.93478668]]
Rh: [[13.94000274 10.12733017 29.3734532  18.9550168  27.73729489 17.67372664
  14.72702683 22.18613928 26.59383624 10.16388289 10.10773439]
 [24.83262234 15.49474312 15.05788717 19.06469973 14.63358681 13.65288081
  15.50725864 24.22644441 22.76652241 12.3643024  21.3845099 ]
 [22.00969625 16.48461886 12.27593043 21.39969719 10.30245007 29.0893961
  13.63589205 17.02093662 25.32079454 10.34462305 15.42807739]
 [14.93036407 14.60591492 11.92989534 17.39790139 14.96910799 23.91379535
  18.38043922 21.48925532 25.80940682 21.4161667  22.74508858]
 [15.26482095 13.92669659 18.28910205 24.05932895 11.03162577 15.07784641
  10.1778702  29.55713393 17.01650024 27.02482242 14.43692595]
 [13.83232462 21.40291429 18.99121678 19.14798675 18.17891997 23.99483258
  11.82145211 18.1286398  10.91411394 16.19911658 25.02324708]
 [11.27134577 24.91436975 12.84668994 13.64482136 22.32616506 24.65704456
  26.50291377 11.30284394 15.37860426 13.44872971 12.07574233]
 [29.82945946 21.12416576 12.43752967 10.55148757 28.82161534 15.75094084
  14.39951477 11.48335087 20.84024362 24.08547506 19.43203607]
 [13.19842583 26.59179045 27.66862027 29.8613817  15.13226859 10.27580298
  17.70574525 16.94665248 12.47070042 28.94521989 12.34761242]
 [16.47204222 17.41939243 10.9670013  14.62304275 13.35925271 23.04873685
  15.17543161 11.53018082 14.71989459 26.80031029 10.06219731]]
Rv: [[24.06805429 10.16137804 22.72582509 11.97967595 17.44999564 12.7497487
  21.39622084 28.86046356 12.59962342 19.66956719]
 [16.5699602  18.80940259 22.77955881 29.66688265 12.18848276 25.50250972
  27.26660375 22.98031977 21.78298794 11.96975534]
 [26.07107031 12.0438043  14.45432717 15.07201105 23.56761186 18.15051732
  20.10005968 19.35932841 21.31357339 19.17933935]
 [22.24938319 11.01348176 26.18998108 28.44111293 10.74310359 14.77038112
  12.38595225 11.02975743 16.7018415  13.58613901]
 [17.9426778  24.2799665  14.85340645 16.77098151 25.02629789 10.74523049
  10.72294447 24.24580496 10.23649385 18.38233588]
 [14.67346113 12.27855543 25.20094522 21.49705797 20.31616385 12.56455337
  17.10661976 10.26481725 16.71989173 17.3991401 ]
 [15.1814802  20.99134317 22.57536661 29.92725657 17.88234041 16.67270349
  14.66963438 14.45291285 29.64924212 22.0326127 ]
 [16.21391002 10.71751524 12.52379969 18.36142852 13.81463463 24.77267685
  14.42625174 14.07862143 22.14470844 17.97121812]
 [21.90535361 10.25753227 26.13564177 22.40048769 14.0711232  26.08917188
  23.21518698 10.9851648  23.56746309 14.67478274]]