-------Running parameters--------
T = 0.001
temperature_gradient = 0.0
gap = 0.0
M = 10
N = 10
VR = 0.0
Vmin = 0.0
Vmax = 1.1
vStep = 0.001
vSym = True
repeats = 50
fileName = array_10_10_disorder_c_std_0.1_r_std_10_run_3
dist = exp
fullOutput = True
use_graph = False
current_map = True
plot_current_map = False
plot_binary_current_map = False
frame_norm = False
dbg = False
resume = False
sc = False
leaping = False
constQ = False
modifyR = False
double_time = False
double_loop = False
output_folder = bgu_2d_finite_temperature_different_disorders_statistics
params_path = 
VG_avg = 0.0
VG_std = 0.0
C_avg = 2.0
C_std = 0.1
CG_avg = 10.0
CG_std = 0.0
R_avg = 20.0
R_std = 10.0
custom_rh = ""
custom_rv = ""
custom_ch = ""
custom_cv = ""
RG_avg = 500.0
RG_std = 0.0
n0_avg = 0.0
n0_std = 0.0
Q0_avg = 0.0
Q0_std = 0.0
----Array Parameters-----
Rows: 10
Columns: 10
VG: [[0.]
 [0.]
 [0.]
 [0.]
 [0.]
 [0.]
 [0.]
 [0.]
 [0.]
 [0.]
 [0.]
 [0.]
 [0.]
 [0.]
 [0.]
 [0.]
 [0.]
 [0.]
 [0.]
 [0.]
 [0.]
 [0.]
 [0.]
 [0.]
 [0.]
 [0.]
 [0.]
 [0.]
 [0.]
 [0.]
 [0.]
 [0.]
 [0.]
 [0.]
 [0.]
 [0.]
 [0.]
 [0.]
 [0.]
 [0.]
 [0.]
 [0.]
 [0.]
 [0.]
 [0.]
 [0.]
 [0.]
 [0.]
 [0.]
 [0.]
 [0.]
 [0.]
 [0.]
 [0.]
 [0.]
 [0.]
 [0.]
 [0.]
 [0.]
 [0.]
 [0.]
 [0.]
 [0.]
 [0.]
 [0.]
 [0.]
 [0.]
 [0.]
 [0.]
 [0.]
 [0.]
 [0.]
 [0.]
 [0.]
 [0.]
 [0.]
 [0.]
 [0.]
 [0.]
 [0.]
 [0.]
 [0.]
 [0.]
 [0.]
 [0.]
 [0.]
 [0.]
 [0.]
 [0.]
 [0.]
 [0.]
 [0.]
 [0.]
 [0.]
 [0.]
 [0.]
 [0.]
 [0.]
 [0.]
 [0.]]
CG: [[10.]
 [10.]
 [10.]
 [10.]
 [10.]
 [10.]
 [10.]
 [10.]
 [10.]
 [10.]
 [10.]
 [10.]
 [10.]
 [10.]
 [10.]
 [10.]
 [10.]
 [10.]
 [10.]
 [10.]
 [10.]
 [10.]
 [10.]
 [10.]
 [10.]
 [10.]
 [10.]
 [10.]
 [10.]
 [10.]
 [10.]
 [10.]
 [10.]
 [10.]
 [10.]
 [10.]
 [10.]
 [10.]
 [10.]
 [10.]
 [10.]
 [10.]
 [10.]
 [10.]
 [10.]
 [10.]
 [10.]
 [10.]
 [10.]
 [10.]
 [10.]
 [10.]
 [10.]
 [10.]
 [10.]
 [10.]
 [10.]
 [10.]
 [10.]
 [10.]
 [10.]
 [10.]
 [10.]
 [10.]
 [10.]
 [10.]
 [10.]
 [10.]
 [10.]
 [10.]
 [10.]
 [10.]
 [10.]
 [10.]
 [10.]
 [10.]
 [10.]
 [10.]
 [10.]
 [10.]
 [10.]
 [10.]
 [10.]
 [10.]
 [10.]
 [10.]
 [10.]
 [10.]
 [10.]
 [10.]
 [10.]
 [10.]
 [10.]
 [10.]
 [10.]
 [10.]
 [10.]
 [10.]
 [10.]
 [10.]]
RG: [[500.]
 [500.]
 [500.]
 [500.]
 [500.]
 [500.]
 [500.]
 [500.]
 [500.]
 [500.]
 [500.]
 [500.]
 [500.]
 [500.]
 [500.]
 [500.]
 [500.]
 [500.]
 [500.]
 [500.]
 [500.]
 [500.]
 [500.]
 [500.]
 [500.]
 [500.]
 [500.]
 [500.]
 [500.]
 [500.]
 [500.]
 [500.]
 [500.]
 [500.]
 [500.]
 [500.]
 [500.]
 [500.]
 [500.]
 [500.]
 [500.]
 [500.]
 [500.]
 [500.]
 [500.]
 [500.]
 [500.]
 [500.]
 [500.]
 [500.]
 [500.]
 [500.]
 [500.]
 [500.]
 [500.]
 [500.]
 [500.]
 [500.]
 [500.]
 [500.]
 [500.]
 [500.]
 [500.]
 [500.]
 [500.]
 [500.]
 [500.]
 [500.]
 [500.]
 [500.]
 [500.]
 [500.]
 [500.]
 [500.]
 [500.]
 [500.]
 [500.]
 [500.]
 [500.]
 [500.]
 [500.]
 [500.]
 [500.]
 [500.]
 [500.]
 [500.]
 [500.]
 [500.]
 [500.]
 [500.]
 [500.]
 [500.]
 [500.]
 [500.]
 [500.]
 [500.]
 [500.]
 [500.]
 [500.]
 [500.]]
Ch: [[1.98018631 2.01815365 1.92319885 2.06047243 1.97210829 1.98243416
  2.09267109 2.00397808 1.91664696 2.09335197 1.99290459]
 [1.93964175 1.90626154 1.97535643 1.90259162 2.00203366 1.95300538
  2.02731589 2.04678888 1.9649101  2.01903143 2.03900121]
 [1.93621586 2.07534138 2.08243792 1.94962651 1.90528328 1.91537279
  2.08627234 2.06350498 1.95151347 1.93074905 2.00397967]
 [1.96711558 1.99654056 2.0736692  2.078959   2.08398453 2.09144842
  2.04719206 1.99993935 1.95666635 1.94397158 1.97769649]
 [2.01142925 2.04480805 1.90064383 2.09707692 2.05334961 2.07590341
  1.98858306 2.00927147 2.02570358 1.93277911 2.04457597]
 [2.02502361 2.0770566  2.06170954 2.00250642 2.00161216 2.02164283
  1.95306011 1.96616227 2.02290128 2.05017678 1.9967594 ]
 [2.06694012 2.02547555 2.0829108  2.03602397 2.0878362  2.08894899
  1.90783339 1.9731302  1.96537578 1.98979    1.95198785]
 [1.90033675 1.97280979 1.99819741 2.05618721 1.92762154 1.95826804
  2.09653241 1.90254293 2.03785483 1.99458981 2.08268545]
 [2.03005463 1.957404   2.07841463 2.07401887 1.91252501 1.96369796
  2.04583983 1.98113805 1.95884157 2.08171656 1.95410507]
 [1.96458969 1.98285326 2.06958944 1.94420277 2.03231602 1.9626335
  1.99976419 2.06803872 1.93860901 1.97353737 1.95262427]]
Cv: [[0.         0.         0.         0.         0.         0.
  0.         0.         0.         0.        ]
 [1.90078226 2.09787193 1.90349265 2.00133802 1.96289471 2.09843103
  1.95475067 1.93588924 2.04373894 1.94077188]
 [2.00046863 1.99457244 2.02882804 2.09593206 2.01380757 2.02346422
  2.0839168  1.94378657 1.98183585 1.9900331 ]
 [1.94199154 2.04998613 2.04099777 1.91130237 1.97921562 2.03120823
  2.01583497 2.02689834 1.94243221 2.07043698]
 [1.93956629 1.98003604 2.0456872  2.09931303 1.96573303 1.92802193
  1.98292699 1.91140462 2.07953684 1.91970764]
 [2.0957835  2.02154384 2.04438076 1.98824274 2.07157838 1.91215208
  1.9805075  2.00942905 1.95450192 2.04107112]
 [1.95980954 1.99928314 1.91252836 2.06732415 2.06471071 2.05718063
  1.9414199  2.08851524 1.91794888 2.0118631 ]
 [2.08796271 1.918693   2.02687425 2.0445285  2.07248435 2.08046169
  2.09028213 2.0782563  2.04068451 2.09458472]
 [2.04796641 1.92227749 1.9574976  1.95278584 1.93903017 1.9093482
  2.02198068 1.93892601 1.91205727 1.9797742 ]
 [2.05244305 2.07576901 2.00535707 1.93935364 1.95647587 1.97281817
  2.03541174 2.07708481 1.96285832 1.95207495]]
Rh: [[15.56617941 18.86679277 28.20027873 22.31851737 15.51031971 19.76009314
  20.17834379 17.00857959 27.83610254 17.02570805 18.76209762]
 [22.2907487  21.10604975 10.20500888 11.60562673 27.32652365 13.69957558
  17.98269828 23.3783349  28.03621337 14.66469421 13.90883385]
 [19.69831122 19.2604892  24.76335549 13.81498889 29.2968114  22.11473571
  13.5846036  29.45638632 25.02906942 12.66954383 23.3628416 ]
 [26.40967084 26.81197008 13.90943044 15.82654462 27.08718501 15.62474339
  23.12908063 18.07903707 22.52795801 29.22762147 29.62430195]
 [20.6043031  18.37226784 16.30733707 18.26118245 24.02043261 21.46012685
  27.71586258 20.97302581 12.72292652 14.89384769 21.9948554 ]
 [28.98497875 14.17685038 21.03067769 21.95440408 29.9454762  24.91430255
  26.62287034 25.72282287 26.66995803 20.00104426 12.50974964]
 [28.83905327 27.36809518 13.23364837 15.54113703 15.50951414 17.65698453
  10.88783967 14.83826205 29.83679223 18.34829693 23.30600899]
 [10.95175721 18.85561645 18.86299629 21.95954089 19.75013223 12.37704985
  22.33743562 22.55513583 21.4099621  19.2525095  11.53798985]
 [13.7981429  11.38197278 12.09780669 15.45145431 10.66337709 19.48893355
  10.28830819 12.69394888 27.51208171 25.39896662 23.83523305]
 [14.60015116 11.12133019 29.03625976 22.32222189 10.19241901 27.1563841
  24.52857118 14.83488983 16.51502179 25.81438707 11.74616016]]
Rv: [[14.0034753  14.54723793 16.41271493 23.28569213 18.81457457 25.59962082
  24.22626554 25.71520305 14.84050033 17.38318501]
 [11.47921924 19.4757114  17.90732133 16.22700746 17.07442691 18.25219546
  11.40589135 22.4868111  14.97506413 11.88885558]
 [11.56699734 22.96850743 11.81008294 23.7677953  12.50038145 26.01136306
  12.87460739 14.96369573 11.74067896 19.77102836]
 [26.8068392  29.93956964 17.48355151 19.92073108 20.5887415  15.37201031
  11.36090897 16.55984385 11.40768557 27.98567876]
 [11.65192972 22.00225341 13.48307667 21.39145882 28.96892637 12.00458033
  15.74838917 11.79521922 20.95338267 14.08994599]
 [16.13864304 22.9870848  27.80591822 21.65400696 24.49896716 14.29719109
  10.90805733 15.51287475 29.42692014 17.77386847]
 [23.75664705 13.60294629 13.65961122 17.00257358 11.91979678 16.19976961
  14.44215159 24.17006905 18.97876136 18.97143096]
 [29.89568861 29.51223444 10.91137328 13.97811187 22.56666633 23.64666983
  20.41678871 18.7778436  12.59461239 11.66893712]
 [24.56035874 14.95388428 12.15429062 19.09013957 10.28787366 17.69767637
  13.34032353 14.32066123 10.77572698 18.69908154]]