-------Running parameters--------
T = 0.001
temperature_gradient = 0.0
gap = 0.0
M = 10
N = 10
VR = 0.0
Vmin = 0.0
Vmax = 1.1
vStep = 0.001
vSym = True
repeats = 50
fileName = array_10_10_disorder_c_std_0.1_r_std_8_run_8
dist = exp
fullOutput = True
use_graph = False
current_map = True
plot_current_map = False
plot_binary_current_map = False
frame_norm = False
dbg = False
resume = False
sc = False
leaping = False
constQ = False
modifyR = False
double_time = False
double_loop = False
output_folder = bgu_2d_finite_temperature_different_disorders_statistics
params_path = 
VG_avg = 0.0
VG_std = 0.0
C_avg = 2.0
C_std = 0.1
CG_avg = 10.0
CG_std = 0.0
R_avg = 10.0
R_std = 8.0
custom_rh = ""
custom_rv = ""
custom_ch = ""
custom_cv = ""
RG_avg = 500.0
RG_std = 0.0
n0_avg = 0.0
n0_std = 0.0
Q0_avg = 0.0
Q0_std = 0.0
----Array Parameters-----
Rows: 10
Columns: 10
VG: [[0.]
 [0.]
 [0.]
 [0.]
 [0.]
 [0.]
 [0.]
 [0.]
 [0.]
 [0.]
 [0.]
 [0.]
 [0.]
 [0.]
 [0.]
 [0.]
 [0.]
 [0.]
 [0.]
 [0.]
 [0.]
 [0.]
 [0.]
 [0.]
 [0.]
 [0.]
 [0.]
 [0.]
 [0.]
 [0.]
 [0.]
 [0.]
 [0.]
 [0.]
 [0.]
 [0.]
 [0.]
 [0.]
 [0.]
 [0.]
 [0.]
 [0.]
 [0.]
 [0.]
 [0.]
 [0.]
 [0.]
 [0.]
 [0.]
 [0.]
 [0.]
 [0.]
 [0.]
 [0.]
 [0.]
 [0.]
 [0.]
 [0.]
 [0.]
 [0.]
 [0.]
 [0.]
 [0.]
 [0.]
 [0.]
 [0.]
 [0.]
 [0.]
 [0.]
 [0.]
 [0.]
 [0.]
 [0.]
 [0.]
 [0.]
 [0.]
 [0.]
 [0.]
 [0.]
 [0.]
 [0.]
 [0.]
 [0.]
 [0.]
 [0.]
 [0.]
 [0.]
 [0.]
 [0.]
 [0.]
 [0.]
 [0.]
 [0.]
 [0.]
 [0.]
 [0.]
 [0.]
 [0.]
 [0.]
 [0.]]
CG: [[10.]
 [10.]
 [10.]
 [10.]
 [10.]
 [10.]
 [10.]
 [10.]
 [10.]
 [10.]
 [10.]
 [10.]
 [10.]
 [10.]
 [10.]
 [10.]
 [10.]
 [10.]
 [10.]
 [10.]
 [10.]
 [10.]
 [10.]
 [10.]
 [10.]
 [10.]
 [10.]
 [10.]
 [10.]
 [10.]
 [10.]
 [10.]
 [10.]
 [10.]
 [10.]
 [10.]
 [10.]
 [10.]
 [10.]
 [10.]
 [10.]
 [10.]
 [10.]
 [10.]
 [10.]
 [10.]
 [10.]
 [10.]
 [10.]
 [10.]
 [10.]
 [10.]
 [10.]
 [10.]
 [10.]
 [10.]
 [10.]
 [10.]
 [10.]
 [10.]
 [10.]
 [10.]
 [10.]
 [10.]
 [10.]
 [10.]
 [10.]
 [10.]
 [10.]
 [10.]
 [10.]
 [10.]
 [10.]
 [10.]
 [10.]
 [10.]
 [10.]
 [10.]
 [10.]
 [10.]
 [10.]
 [10.]
 [10.]
 [10.]
 [10.]
 [10.]
 [10.]
 [10.]
 [10.]
 [10.]
 [10.]
 [10.]
 [10.]
 [10.]
 [10.]
 [10.]
 [10.]
 [10.]
 [10.]
 [10.]]
RG: [[500.]
 [500.]
 [500.]
 [500.]
 [500.]
 [500.]
 [500.]
 [500.]
 [500.]
 [500.]
 [500.]
 [500.]
 [500.]
 [500.]
 [500.]
 [500.]
 [500.]
 [500.]
 [500.]
 [500.]
 [500.]
 [500.]
 [500.]
 [500.]
 [500.]
 [500.]
 [500.]
 [500.]
 [500.]
 [500.]
 [500.]
 [500.]
 [500.]
 [500.]
 [500.]
 [500.]
 [500.]
 [500.]
 [500.]
 [500.]
 [500.]
 [500.]
 [500.]
 [500.]
 [500.]
 [500.]
 [500.]
 [500.]
 [500.]
 [500.]
 [500.]
 [500.]
 [500.]
 [500.]
 [500.]
 [500.]
 [500.]
 [500.]
 [500.]
 [500.]
 [500.]
 [500.]
 [500.]
 [500.]
 [500.]
 [500.]
 [500.]
 [500.]
 [500.]
 [500.]
 [500.]
 [500.]
 [500.]
 [500.]
 [500.]
 [500.]
 [500.]
 [500.]
 [500.]
 [500.]
 [500.]
 [500.]
 [500.]
 [500.]
 [500.]
 [500.]
 [500.]
 [500.]
 [500.]
 [500.]
 [500.]
 [500.]
 [500.]
 [500.]
 [500.]
 [500.]
 [500.]
 [500.]
 [500.]
 [500.]]
Ch: [[1.97681419 1.92223839 1.9519532  1.95181132 2.08043632 1.92604855
  2.09334357 2.04112969 1.99304336 1.93311598 2.05284792]
 [1.96555429 1.98543592 2.0051746  2.099935   2.08996153 2.05966775
  1.99151825 2.0909321  1.92624952 2.0518862  2.00486176]
 [2.07000397 1.91564766 2.03359615 2.01592445 2.03521729 2.08601851
  2.05741479 2.0856928  2.05910052 1.91121016 2.08842621]
 [1.97038972 2.09438982 1.96500821 1.92530774 1.92061887 2.05224975
  2.01712673 2.04429085 2.08008267 1.93014529 1.97581697]
 [1.94912363 2.09899553 2.05482135 2.08410398 1.92128284 2.00719677
  1.99729153 2.06732668 1.90727544 2.05791703 2.01711642]
 [2.00560244 1.96008066 2.03433976 2.00302008 1.99419706 1.92392548
  2.00566055 2.08755779 1.91301986 2.01639984 2.086462  ]
 [2.08573446 1.92490535 1.98650689 1.99491176 2.04461822 1.90053228
  1.95227151 1.92127177 1.93681713 2.08877759 1.92277944]
 [1.95849526 2.01673307 2.0674804  1.98439776 1.91465073 1.98466537
  2.03106404 2.03576478 2.01377748 2.0311116  2.04476067]
 [2.06738208 1.97234218 2.05739452 1.96358205 1.95470091 2.04827882
  2.02036016 2.0802044  1.98215705 1.91950827 1.93453724]
 [1.93307516 2.00838643 1.97952576 1.91157827 1.9405754  2.00616179
  2.02351485 2.04836141 1.93031253 1.99531692 1.9958252 ]]
Cv: [[0.         0.         0.         0.         0.         0.
  0.         0.         0.         0.        ]
 [2.07752881 2.08120202 1.97408106 2.09115149 1.90471255 1.96079321
  2.09607677 2.03822901 1.99098002 1.99880189]
 [1.93189078 2.00498879 2.005676   2.09597547 2.05933204 2.04815397
  2.03638578 1.93172116 2.02202644 2.04172793]
 [2.01945998 1.96853842 1.94253581 2.00912269 1.96724599 1.92616798
  2.04856483 2.06675517 2.09902867 2.09486804]
 [2.01209124 1.94494332 2.07306609 1.97910054 2.04703138 1.98925822
  1.96109796 1.90755246 1.93829673 2.02413054]
 [1.90625374 2.06033477 1.98694898 1.96240041 2.01435995 2.09416837
  1.93063327 2.08863549 1.98278649 2.0948859 ]
 [1.90770036 1.97267423 2.00078094 2.09278522 1.99773174 2.01754566
  2.01152739 1.9256424  1.94709976 2.05632437]
 [2.07726236 1.92107785 2.05594285 1.99068243 1.9573371  2.0049945
  1.94803239 1.93255936 1.92639866 2.07408468]
 [1.9943383  2.05183289 2.00641445 1.95942357 1.94920894 1.99812577
  2.03016834 2.05913601 2.07546725 2.0325127 ]
 [1.92635293 1.9096538  1.91580006 1.95574509 1.96310683 2.00912911
  2.09908291 1.92738478 1.98915202 1.95297466]]
Rh: [[ 2.74907933  3.20393796  4.26478348  3.36623675  2.97393665  5.06083434
   5.57138563  2.99194016  2.15098298  6.63049343  7.58109692]
 [ 4.58880486 16.19486501  4.30713848 12.11889994 17.33339074  2.11123792
  14.21928315  4.25544461  5.6492662   2.00771928  3.72685798]
 [ 3.52387896  7.41838919  7.54897906 12.04721422  2.09985812  9.28749233
  16.80838278 12.17715652 15.81456845  4.63516244  3.62589967]
 [10.51109727  4.59701136 16.06112173 10.30540866 15.10581096  3.54495063
   2.22092068 16.22059502  7.29066233  6.80670572  3.09406232]
 [ 2.75654903  3.82931484  5.3665114   4.69472847  2.3189858   8.74365472
  11.43868226 16.28553594  5.10262571  4.77587901  2.14517615]
 [ 9.34140224 13.05610305 13.69403677  2.27346468  8.21761332 12.02020812
   4.03734863  3.08051421  9.0159448   4.61618981 17.09595165]
 [10.68304392  2.11257729  3.78299064  8.06209515  2.19272468 16.94352408
   4.18047478  2.47892667  4.79192214  4.40428662 14.01079471]
 [10.8109492   2.95846409  4.87632466  8.73086954  7.1549581   2.45038147
  11.08985232 12.05176385 11.29180546  3.08216431  4.8318359 ]
 [10.20105769  8.19712267  2.71636313 12.84341463  2.32813414  5.10185633
   2.76624271  7.43151677 16.86548692  7.03401846  2.83160346]
 [ 9.87516776  6.03901119  5.23943004  2.53237908  2.5255802  10.2135292
   5.35516279  2.63131369  2.4577258   4.41807986  7.9595261 ]]
Rv: [[15.95146264  6.03329114  3.09964855  8.00811662  2.79706037  2.29969062
   8.70569506  4.21918295  9.05878413  3.20884423]
 [ 7.9065078   5.47776006  3.61014345  3.23493246  2.97958703  2.27112918
   2.95261916 13.05083533 12.51558021 15.60843347]
 [ 3.70670201  4.63222026  2.62064447  2.13592332 13.92036051 11.58135577
   3.29807999 12.55387744 10.63931751  9.43604528]
 [ 7.20145213  3.35914228  7.07843782 12.55555517 13.19556043  4.00870596
   5.13011669  5.51305514  4.52191698  6.71690626]
 [16.70832944 11.14250149  7.17411844 12.16073911  3.81388771 14.8555983
   4.79720379  8.89101369 13.59877226  3.03343447]
 [15.66277721  3.11037566  3.12019767 17.71831285  3.43771217  2.26544954
  11.19815234  4.21156727 14.01814309 12.35503288]
 [ 2.73490009  5.61597405 11.11592085  3.97086072  8.40200036  3.7182265
   2.32893171  2.24729263  5.07128288 10.75486382]
 [15.2350363   6.49417228  9.50001371  6.88561129  7.55775365  2.34316632
   7.09946736  4.51114078  5.69791988  2.99012958]
 [17.20390289  9.10071068 12.1566511   3.83855297  2.33142731 12.60261434
   9.11837412  3.92461161  5.64791747 12.37294226]]