-------Running parameters--------
T = 0.001
temperature_gradient = 0.0
gap = 0.0
M = 10
N = 10
VR = 0.0
Vmin = 0.0
Vmax = 1.1
vStep = 0.001
vSym = True
repeats = 50
fileName = array_10_10_disorder_c_std_0.1_r_std_8_run_10
dist = exp
fullOutput = True
use_graph = False
current_map = True
plot_current_map = False
plot_binary_current_map = False
frame_norm = False
dbg = False
resume = False
sc = False
leaping = False
constQ = False
modifyR = False
double_time = False
double_loop = False
output_folder = bgu_2d_finite_temperature_different_disorders_statistics
params_path = 
VG_avg = 0.0
VG_std = 0.0
C_avg = 2.0
C_std = 0.1
CG_avg = 10.0
CG_std = 0.0
R_avg = 10.0
R_std = 8.0
custom_rh = ""
custom_rv = ""
custom_ch = ""
custom_cv = ""
RG_avg = 500.0
RG_std = 0.0
n0_avg = 0.0
n0_std = 0.0
Q0_avg = 0.0
Q0_std = 0.0
----Array Parameters-----
Rows: 10
Columns: 10
VG: [[0.]
 [0.]
 [0.]
 [0.]
 [0.]
 [0.]
 [0.]
 [0.]
 [0.]
 [0.]
 [0.]
 [0.]
 [0.]
 [0.]
 [0.]
 [0.]
 [0.]
 [0.]
 [0.]
 [0.]
 [0.]
 [0.]
 [0.]
 [0.]
 [0.]
 [0.]
 [0.]
 [0.]
 [0.]
 [0.]
 [0.]
 [0.]
 [0.]
 [0.]
 [0.]
 [0.]
 [0.]
 [0.]
 [0.]
 [0.]
 [0.]
 [0.]
 [0.]
 [0.]
 [0.]
 [0.]
 [0.]
 [0.]
 [0.]
 [0.]
 [0.]
 [0.]
 [0.]
 [0.]
 [0.]
 [0.]
 [0.]
 [0.]
 [0.]
 [0.]
 [0.]
 [0.]
 [0.]
 [0.]
 [0.]
 [0.]
 [0.]
 [0.]
 [0.]
 [0.]
 [0.]
 [0.]
 [0.]
 [0.]
 [0.]
 [0.]
 [0.]
 [0.]
 [0.]
 [0.]
 [0.]
 [0.]
 [0.]
 [0.]
 [0.]
 [0.]
 [0.]
 [0.]
 [0.]
 [0.]
 [0.]
 [0.]
 [0.]
 [0.]
 [0.]
 [0.]
 [0.]
 [0.]
 [0.]
 [0.]]
CG: [[10.]
 [10.]
 [10.]
 [10.]
 [10.]
 [10.]
 [10.]
 [10.]
 [10.]
 [10.]
 [10.]
 [10.]
 [10.]
 [10.]
 [10.]
 [10.]
 [10.]
 [10.]
 [10.]
 [10.]
 [10.]
 [10.]
 [10.]
 [10.]
 [10.]
 [10.]
 [10.]
 [10.]
 [10.]
 [10.]
 [10.]
 [10.]
 [10.]
 [10.]
 [10.]
 [10.]
 [10.]
 [10.]
 [10.]
 [10.]
 [10.]
 [10.]
 [10.]
 [10.]
 [10.]
 [10.]
 [10.]
 [10.]
 [10.]
 [10.]
 [10.]
 [10.]
 [10.]
 [10.]
 [10.]
 [10.]
 [10.]
 [10.]
 [10.]
 [10.]
 [10.]
 [10.]
 [10.]
 [10.]
 [10.]
 [10.]
 [10.]
 [10.]
 [10.]
 [10.]
 [10.]
 [10.]
 [10.]
 [10.]
 [10.]
 [10.]
 [10.]
 [10.]
 [10.]
 [10.]
 [10.]
 [10.]
 [10.]
 [10.]
 [10.]
 [10.]
 [10.]
 [10.]
 [10.]
 [10.]
 [10.]
 [10.]
 [10.]
 [10.]
 [10.]
 [10.]
 [10.]
 [10.]
 [10.]
 [10.]]
RG: [[500.]
 [500.]
 [500.]
 [500.]
 [500.]
 [500.]
 [500.]
 [500.]
 [500.]
 [500.]
 [500.]
 [500.]
 [500.]
 [500.]
 [500.]
 [500.]
 [500.]
 [500.]
 [500.]
 [500.]
 [500.]
 [500.]
 [500.]
 [500.]
 [500.]
 [500.]
 [500.]
 [500.]
 [500.]
 [500.]
 [500.]
 [500.]
 [500.]
 [500.]
 [500.]
 [500.]
 [500.]
 [500.]
 [500.]
 [500.]
 [500.]
 [500.]
 [500.]
 [500.]
 [500.]
 [500.]
 [500.]
 [500.]
 [500.]
 [500.]
 [500.]
 [500.]
 [500.]
 [500.]
 [500.]
 [500.]
 [500.]
 [500.]
 [500.]
 [500.]
 [500.]
 [500.]
 [500.]
 [500.]
 [500.]
 [500.]
 [500.]
 [500.]
 [500.]
 [500.]
 [500.]
 [500.]
 [500.]
 [500.]
 [500.]
 [500.]
 [500.]
 [500.]
 [500.]
 [500.]
 [500.]
 [500.]
 [500.]
 [500.]
 [500.]
 [500.]
 [500.]
 [500.]
 [500.]
 [500.]
 [500.]
 [500.]
 [500.]
 [500.]
 [500.]
 [500.]
 [500.]
 [500.]
 [500.]
 [500.]]
Ch: [[2.057896   1.9756714  1.92443393 2.07677372 1.96707361 2.02550701
  2.04156907 2.01023625 1.98272893 1.96678056 2.08327362]
 [2.08955272 1.93955805 1.94830783 2.07777766 1.95121617 1.99251006
  1.96518085 2.04000122 1.91974211 1.99360052 2.03847939]
 [2.08612834 2.00444488 2.07290666 2.09419103 1.93165029 2.00709637
  1.90017698 1.94490826 1.91010822 1.99164274 1.93589122]
 [1.9782211  2.03010124 1.9940634  1.91913095 1.94918322 2.0194776
  1.95032059 2.04744343 1.90097417 1.94989177 1.9313079 ]
 [2.05683516 2.03228833 2.02183975 1.94993705 1.91748806 2.0041371
  2.04435892 2.079311   2.0391837  2.09560187 1.98630094]
 [2.01849325 2.02298439 1.90129633 1.95212727 2.07146582 1.9072491
  1.95116877 2.07285413 2.00648041 2.03815983 2.01232171]
 [2.09684315 2.074496   1.9784236  1.97757574 1.99473876 1.92359773
  2.09183092 2.09644567 1.93255025 1.94782173 1.98885084]
 [2.06039394 1.9493862  2.01105807 2.04645015 2.04669776 2.09984708
  1.90519316 2.01823259 2.00784569 2.07215707 1.99210268]
 [1.95006549 2.04813751 1.95913352 2.00686985 1.94029706 1.93852955
  2.04393671 2.0426284  2.09730177 2.0074023  1.98668401]
 [1.93886817 1.98898968 1.96988144 2.03397098 1.98162891 1.95950077
  2.07669468 2.00873452 1.92742917 1.93560905 1.92575467]]
Cv: [[0.         0.         0.         0.         0.         0.
  0.         0.         0.         0.        ]
 [1.91500506 2.02440325 1.98003489 2.09051686 2.02279687 2.04270466
  2.0223284  1.99072519 1.93245117 1.940319  ]
 [2.04849684 1.98727104 2.03053879 1.94624036 1.94057857 1.9394017
  1.9767672  1.92675221 2.01933307 1.92790967]
 [1.99127106 2.06711803 1.98339581 1.97223419 2.02789104 1.96180955
  1.9594831  1.96122505 2.09562332 1.94299369]
 [2.09418527 2.08538674 1.91296526 2.07120313 2.04549478 1.93868478
  1.90494966 2.0320193  1.95193981 2.06186052]
 [1.91360573 2.02262424 2.07626394 1.93509483 1.94361485 2.07777325
  2.00103227 2.00500203 2.08784851 2.0984004 ]
 [1.99120713 1.92158381 1.9739422  1.98631677 1.99213221 2.08631119
  2.07099422 1.94937959 1.96838798 1.91827109]
 [2.010231   1.97477349 2.00159245 2.09371236 1.9305364  2.07701089
  1.92120893 1.97971523 1.94458734 2.08133833]
 [2.06716051 2.02805775 2.04632842 1.95562287 2.02465691 2.02602544
  1.98249011 1.95063384 2.01495969 2.00236056]
 [1.91182248 1.97375672 1.97342173 2.09988095 1.97797764 1.90415201
  2.06590229 2.08090048 2.08806867 2.03857019]]
Rh: [[ 3.9812327   4.76098719  3.35764438 10.92484579  3.1829819   3.24418192
   8.82160578  9.44955988  4.4474594   4.18171763  4.0085178 ]
 [ 3.84956707 15.95590645  8.56897715 16.02509743  4.85675076 15.47221756
   9.29210277 16.39560116  7.06972203 12.85433949 12.97472384]
 [ 4.20195612  3.57695993  2.46935222  3.91725487  5.75829134  7.48009044
   2.55235732  2.47443342 16.16336304  6.8210589   7.20792295]
 [ 2.23161263  8.5364356  17.36783904  2.51276135  6.25397221 13.34675316
   4.61155486  8.21597458  7.5896819   2.36266352  9.45668404]
 [ 3.10026467  9.40514262  7.38758998  2.55728484  8.34166062  4.32716588
  10.44044483  6.26131818 11.76118497  9.63942241 13.28388015]
 [11.18990738  2.650855   14.97455118  4.54072487  7.1327795   3.91079829
   6.39556276  2.81181042  3.96130152  2.82877255 11.74091424]
 [ 3.02596326 14.54011927  4.04066926  5.36512868  9.87317974  4.37221259
   9.0406411  17.99598165 14.03789497  3.00293972 11.57394374]
 [ 5.78099841 10.23198203  4.81949245  8.92760683  3.85111334  6.65691982
  15.58940117  3.527408    3.4885868   8.43393486  2.51816764]
 [14.57549635  3.71205651 14.9282417   9.73537917  8.21986024 11.32647403
  17.89725813  6.28253038 16.60933067  6.63003232  8.65006997]
 [ 2.93342131 11.69274222  5.66765329  4.82270432  8.04101155  7.88211754
  11.94610916  3.98979959 12.33958573  4.22318072  4.07321416]]
Rv: [[ 2.38616187 13.21725928  9.14995468  4.00707997  3.49553023 10.15260952
  10.39975837 14.68491106  3.56260557  4.57703413]
 [ 5.77974219  6.47223474 10.9608155   2.63909828  6.26013418  4.45256562
   2.38082399  2.06741159  5.09617304  5.80453012]
 [14.50205657  6.11340837  8.38219754  9.5854666   3.74260971  9.88524411
  11.66731808  3.86791808 11.62158188  3.51156273]
 [ 4.19678023 15.0918726  17.31718756 10.56669825 17.74453329  2.72312403
   2.92351608  3.09552667  2.02768948  7.99425412]
 [ 8.18828035  2.3285985   3.11090721  2.82911293  3.46926111  2.55967063
   2.90863634  2.67203447  2.7966362   2.16180075]
 [ 5.48253937 16.46892961  4.31043445  2.19272499  9.867826    2.1484365
   4.06906846 11.05797056  7.32396814  2.05490133]
 [ 4.1660216  16.174248    6.8444713   6.08131972  2.83338898 12.89134572
   7.70013384  2.76782543  5.11466218  4.27110263]
 [ 2.14086452  2.89751018 10.77787747  2.34570733  2.0938296   3.21828585
   5.70522939  2.75418857  2.40432339  2.37022796]
 [ 9.73120818 14.86334     5.0890786  16.15400242  2.43354804  9.51838883
   2.7403481   5.59888896  5.25375086  2.45413844]]