-------Running parameters--------
T = 0.001
temperature_gradient = 0.0
gap = 0.0
M = 10
N = 10
VR = 0.0
Vmin = 0.0
Vmax = 1.1
vStep = 0.001
vSym = True
repeats = 50
fileName = array_10_10_disorder_c_std_0.1_r_std_19_run_1
dist = exp
fullOutput = True
use_graph = False
current_map = True
plot_current_map = False
plot_binary_current_map = False
frame_norm = False
dbg = False
resume = False
sc = False
leaping = False
constQ = False
modifyR = False
double_time = False
double_loop = False
output_folder = bgu_2d_finite_temperature_different_disorders_statistics
params_path = 
VG_avg = 0.0
VG_std = 0.0
C_avg = 2.0
C_std = 0.1
CG_avg = 10.0
CG_std = 0.0
R_avg = 20.0
R_std = 19.0
custom_rh = ""
custom_rv = ""
custom_ch = ""
custom_cv = ""
RG_avg = 500.0
RG_std = 0.0
n0_avg = 0.0
n0_std = 0.0
Q0_avg = 0.0
Q0_std = 0.0
----Array Parameters-----
Rows: 10
Columns: 10
VG: [[0.]
 [0.]
 [0.]
 [0.]
 [0.]
 [0.]
 [0.]
 [0.]
 [0.]
 [0.]
 [0.]
 [0.]
 [0.]
 [0.]
 [0.]
 [0.]
 [0.]
 [0.]
 [0.]
 [0.]
 [0.]
 [0.]
 [0.]
 [0.]
 [0.]
 [0.]
 [0.]
 [0.]
 [0.]
 [0.]
 [0.]
 [0.]
 [0.]
 [0.]
 [0.]
 [0.]
 [0.]
 [0.]
 [0.]
 [0.]
 [0.]
 [0.]
 [0.]
 [0.]
 [0.]
 [0.]
 [0.]
 [0.]
 [0.]
 [0.]
 [0.]
 [0.]
 [0.]
 [0.]
 [0.]
 [0.]
 [0.]
 [0.]
 [0.]
 [0.]
 [0.]
 [0.]
 [0.]
 [0.]
 [0.]
 [0.]
 [0.]
 [0.]
 [0.]
 [0.]
 [0.]
 [0.]
 [0.]
 [0.]
 [0.]
 [0.]
 [0.]
 [0.]
 [0.]
 [0.]
 [0.]
 [0.]
 [0.]
 [0.]
 [0.]
 [0.]
 [0.]
 [0.]
 [0.]
 [0.]
 [0.]
 [0.]
 [0.]
 [0.]
 [0.]
 [0.]
 [0.]
 [0.]
 [0.]
 [0.]]
CG: [[10.]
 [10.]
 [10.]
 [10.]
 [10.]
 [10.]
 [10.]
 [10.]
 [10.]
 [10.]
 [10.]
 [10.]
 [10.]
 [10.]
 [10.]
 [10.]
 [10.]
 [10.]
 [10.]
 [10.]
 [10.]
 [10.]
 [10.]
 [10.]
 [10.]
 [10.]
 [10.]
 [10.]
 [10.]
 [10.]
 [10.]
 [10.]
 [10.]
 [10.]
 [10.]
 [10.]
 [10.]
 [10.]
 [10.]
 [10.]
 [10.]
 [10.]
 [10.]
 [10.]
 [10.]
 [10.]
 [10.]
 [10.]
 [10.]
 [10.]
 [10.]
 [10.]
 [10.]
 [10.]
 [10.]
 [10.]
 [10.]
 [10.]
 [10.]
 [10.]
 [10.]
 [10.]
 [10.]
 [10.]
 [10.]
 [10.]
 [10.]
 [10.]
 [10.]
 [10.]
 [10.]
 [10.]
 [10.]
 [10.]
 [10.]
 [10.]
 [10.]
 [10.]
 [10.]
 [10.]
 [10.]
 [10.]
 [10.]
 [10.]
 [10.]
 [10.]
 [10.]
 [10.]
 [10.]
 [10.]
 [10.]
 [10.]
 [10.]
 [10.]
 [10.]
 [10.]
 [10.]
 [10.]
 [10.]
 [10.]]
RG: [[500.]
 [500.]
 [500.]
 [500.]
 [500.]
 [500.]
 [500.]
 [500.]
 [500.]
 [500.]
 [500.]
 [500.]
 [500.]
 [500.]
 [500.]
 [500.]
 [500.]
 [500.]
 [500.]
 [500.]
 [500.]
 [500.]
 [500.]
 [500.]
 [500.]
 [500.]
 [500.]
 [500.]
 [500.]
 [500.]
 [500.]
 [500.]
 [500.]
 [500.]
 [500.]
 [500.]
 [500.]
 [500.]
 [500.]
 [500.]
 [500.]
 [500.]
 [500.]
 [500.]
 [500.]
 [500.]
 [500.]
 [500.]
 [500.]
 [500.]
 [500.]
 [500.]
 [500.]
 [500.]
 [500.]
 [500.]
 [500.]
 [500.]
 [500.]
 [500.]
 [500.]
 [500.]
 [500.]
 [500.]
 [500.]
 [500.]
 [500.]
 [500.]
 [500.]
 [500.]
 [500.]
 [500.]
 [500.]
 [500.]
 [500.]
 [500.]
 [500.]
 [500.]
 [500.]
 [500.]
 [500.]
 [500.]
 [500.]
 [500.]
 [500.]
 [500.]
 [500.]
 [500.]
 [500.]
 [500.]
 [500.]
 [500.]
 [500.]
 [500.]
 [500.]
 [500.]
 [500.]
 [500.]
 [500.]
 [500.]]
Ch: [[1.90616958 1.99212539 1.90457584 2.03275317 2.00513659 1.97342862
  2.04261484 2.07607117 2.07982632 1.924906   1.96986334]
 [1.99792853 1.99875146 2.00030897 1.96537625 1.90914103 2.02451576
  1.97032459 1.91199444 1.92982752 1.94750609 2.00774902]
 [2.08172047 1.9264138  1.95219118 1.99196543 1.91029712 1.99462557
  2.04091761 2.08006931 2.0926826  2.06664089 2.00926282]
 [1.93242922 1.92492349 2.04113231 1.90852281 2.00734657 1.97940192
  1.92697936 2.03221895 2.09567834 1.98076049 1.95360753]
 [2.07045138 1.95467185 2.07950508 1.92000105 1.90024426 2.04230498
  1.99493345 2.00931868 1.91623107 1.9055807  1.9501568 ]
 [1.95762869 1.92470054 1.90497285 1.90818763 2.02894807 2.04022581
  1.9302102  1.96436703 2.09343351 2.07814553 1.9638604 ]
 [1.99076276 2.02886133 1.9534997  2.02010319 1.9079976  1.91576367
  1.98148859 1.94750907 2.05801436 2.04969365 1.99728356]
 [1.93023616 1.90410732 2.04607496 1.91393911 1.99234549 1.96815807
  2.06825034 2.04711666 1.91365572 1.91754026 2.02829954]
 [1.9831609  1.93591559 2.00745    1.98768313 2.09293369 1.95379251
  1.98798955 2.09103179 1.93557119 1.99189318 1.98218953]
 [2.07038379 2.05602282 1.91529323 1.92441071 1.94137221 2.05040404
  2.06772423 1.97533666 1.93567212 2.07256429 2.09845604]]
Cv: [[0.         0.         0.         0.         0.         0.
  0.         0.         0.         0.        ]
 [1.92619539 2.01219312 1.96972187 1.90487703 1.94082689 1.90364177
  2.07617713 2.0551372  2.06940477 2.06752131]
 [1.93394375 1.92440323 2.06103092 1.95036325 2.00464466 1.99429581
  2.04282227 2.05145456 2.0603271  2.00561795]
 [1.97801696 1.91595184 1.95567652 2.07971637 2.07852334 2.09237432
  1.91926678 1.96467333 2.04426674 2.01580084]
 [1.99715179 2.04272242 2.04365963 1.96884949 1.91777949 2.08656953
  2.09674598 2.01158374 2.0467771  2.03883161]
 [2.00580728 2.03900074 2.04185805 2.04074679 2.02449643 2.06979976
  1.93090394 2.01590695 2.06311847 2.05843474]
 [2.08595331 1.97546515 2.07821776 2.0355283  2.09279856 1.98548086
  2.00311839 2.07444598 1.9160291  2.00089792]
 [2.00314892 1.98198609 2.06698136 1.95184043 2.04405925 1.91894438
  2.02287299 1.90348682 2.08972717 2.04246786]
 [2.01496808 1.9130952  1.90514077 2.02456022 1.91461301 1.99069825
  2.00502305 2.01681773 2.06959599 1.99637755]
 [2.02915838 1.95418497 1.98711823 1.99233019 2.03195994 2.06480627
  2.03033668 2.08426253 2.08186932 1.90719081]]
Rh: [[12.82783269  3.95753239  1.62089685  1.73808244 28.50039382  1.26530462
  19.28819391  1.31688097  1.60439685 18.19881785 12.82453164]
 [23.41233987 27.1066977  23.66533585  5.23650153  3.98149213  6.63333648
   8.35586624  3.15076382  2.70862173 16.70782481  1.95685109]
 [38.34243097  8.52341595  3.49110379  7.98888732 38.75278396  1.9105536
  13.78360018  7.13923547 22.17400963  1.56716655  9.96536022]
 [10.31927219  1.34602722  3.05419056  1.32310795  1.29185001  2.27967239
  33.31384144 13.74732868  6.46749145 10.64378524  4.7969584 ]
 [ 1.76305392  7.20030669  5.39532474  4.63067889 15.25843001  6.22219877
   7.40310297  4.46938146  7.53857128  1.05925945  1.47750893]
 [ 1.44703941  6.90817543  6.11216148  1.73124147 14.76838815 21.2246082
   1.01096767  3.69371224  6.33220738  7.67106809  3.07762844]
 [ 2.02444206  3.53160417 20.99873953 28.85983802  8.6690616   1.9355267
   3.93037952  4.62736763  1.4725804   6.92916848 12.94556878]
 [16.08780156  7.06596915 12.18069189  6.00434198  3.56312299  3.13385378
   8.33404063 33.95443356  9.55884571 33.79218908 18.04237176]
 [ 1.59326128  6.37637282  4.50453248 11.21290865  6.4714399   2.5312757
   7.65703869  8.32268066  5.46968352  8.25936826 11.1001822 ]
 [ 2.72533571  2.19444252  1.39233898  3.88073415  2.65601415 21.18578791
   1.09949951  2.42453006  4.93802884  5.2267266   9.90345035]]
Rv: [[ 5.59784493 18.72683913  5.19648742  2.51130004 35.77232487  1.05401388
   3.62589061 12.85027808 29.3430124   4.68843457]
 [ 7.48820329 34.30724306  7.61042053 10.63644784  1.24133909 15.26712039
  35.71912469  3.48168303 13.76068475 18.48519354]
 [ 5.98962094 11.09970808 20.52906402 11.88980585  8.13619107  1.42204311
   3.13543064  1.20111224 22.03994328 13.76959328]
 [ 3.0736503  34.39920634 11.14726515 23.84398882  5.42919151 23.73293813
   4.20660265  3.37346023 18.75267456 20.30325889]
 [18.67331811 28.10251532 23.60721706 11.75497677 17.21636185  4.47841893
  10.69181337  9.3399805   6.21285531  3.75020715]
 [30.94044847  3.2639024   3.28612915  8.63215125  1.30614512 12.33508662
   1.77079857  1.89498774 19.46710325  2.31645899]
 [ 1.13394186 14.91814959  2.45201717 12.35862936  1.42873173 17.10849773
   9.08310284 28.53468652 15.78048031  4.40595847]
 [18.34143426  2.52220675 11.2564042  17.51541309 11.46561736  2.34286004
   2.20602874  1.4579247   3.03750346 34.81679772]
 [ 1.60869205  1.96657895  2.21349172  1.07997565  2.48583387  3.10530663
   1.22559864 38.34267108  9.68792097 22.19576765]]