-------Running parameters--------
T = 0.001
temperature_gradient = 0.0
gap = 0.0
M = 10
N = 10
VR = 0.0
Vmin = 0.0
Vmax = 1.1
vStep = 0.001
vSym = True
repeats = 50
fileName = array_10_10_disorder_c_std_0.1_r_std_8.5_run_1
dist = exp
fullOutput = True
use_graph = False
current_map = True
plot_current_map = False
plot_binary_current_map = False
frame_norm = False
dbg = False
resume = False
sc = False
leaping = False
constQ = False
modifyR = False
double_time = False
double_loop = False
output_folder = bgu_2d_finite_temperature_different_disorders_statistics
params_path = 
VG_avg = 0.0
VG_std = 0.0
C_avg = 2.0
C_std = 0.1
CG_avg = 10.0
CG_std = 0.0
R_avg = 10.0
R_std = 8.5
custom_rh = ""
custom_rv = ""
custom_ch = ""
custom_cv = ""
RG_avg = 500.0
RG_std = 0.0
n0_avg = 0.0
n0_std = 0.0
Q0_avg = 0.0
Q0_std = 0.0
----Array Parameters-----
Rows: 10
Columns: 10
VG: [[0.]
 [0.]
 [0.]
 [0.]
 [0.]
 [0.]
 [0.]
 [0.]
 [0.]
 [0.]
 [0.]
 [0.]
 [0.]
 [0.]
 [0.]
 [0.]
 [0.]
 [0.]
 [0.]
 [0.]
 [0.]
 [0.]
 [0.]
 [0.]
 [0.]
 [0.]
 [0.]
 [0.]
 [0.]
 [0.]
 [0.]
 [0.]
 [0.]
 [0.]
 [0.]
 [0.]
 [0.]
 [0.]
 [0.]
 [0.]
 [0.]
 [0.]
 [0.]
 [0.]
 [0.]
 [0.]
 [0.]
 [0.]
 [0.]
 [0.]
 [0.]
 [0.]
 [0.]
 [0.]
 [0.]
 [0.]
 [0.]
 [0.]
 [0.]
 [0.]
 [0.]
 [0.]
 [0.]
 [0.]
 [0.]
 [0.]
 [0.]
 [0.]
 [0.]
 [0.]
 [0.]
 [0.]
 [0.]
 [0.]
 [0.]
 [0.]
 [0.]
 [0.]
 [0.]
 [0.]
 [0.]
 [0.]
 [0.]
 [0.]
 [0.]
 [0.]
 [0.]
 [0.]
 [0.]
 [0.]
 [0.]
 [0.]
 [0.]
 [0.]
 [0.]
 [0.]
 [0.]
 [0.]
 [0.]
 [0.]]
CG: [[10.]
 [10.]
 [10.]
 [10.]
 [10.]
 [10.]
 [10.]
 [10.]
 [10.]
 [10.]
 [10.]
 [10.]
 [10.]
 [10.]
 [10.]
 [10.]
 [10.]
 [10.]
 [10.]
 [10.]
 [10.]
 [10.]
 [10.]
 [10.]
 [10.]
 [10.]
 [10.]
 [10.]
 [10.]
 [10.]
 [10.]
 [10.]
 [10.]
 [10.]
 [10.]
 [10.]
 [10.]
 [10.]
 [10.]
 [10.]
 [10.]
 [10.]
 [10.]
 [10.]
 [10.]
 [10.]
 [10.]
 [10.]
 [10.]
 [10.]
 [10.]
 [10.]
 [10.]
 [10.]
 [10.]
 [10.]
 [10.]
 [10.]
 [10.]
 [10.]
 [10.]
 [10.]
 [10.]
 [10.]
 [10.]
 [10.]
 [10.]
 [10.]
 [10.]
 [10.]
 [10.]
 [10.]
 [10.]
 [10.]
 [10.]
 [10.]
 [10.]
 [10.]
 [10.]
 [10.]
 [10.]
 [10.]
 [10.]
 [10.]
 [10.]
 [10.]
 [10.]
 [10.]
 [10.]
 [10.]
 [10.]
 [10.]
 [10.]
 [10.]
 [10.]
 [10.]
 [10.]
 [10.]
 [10.]
 [10.]]
RG: [[500.]
 [500.]
 [500.]
 [500.]
 [500.]
 [500.]
 [500.]
 [500.]
 [500.]
 [500.]
 [500.]
 [500.]
 [500.]
 [500.]
 [500.]
 [500.]
 [500.]
 [500.]
 [500.]
 [500.]
 [500.]
 [500.]
 [500.]
 [500.]
 [500.]
 [500.]
 [500.]
 [500.]
 [500.]
 [500.]
 [500.]
 [500.]
 [500.]
 [500.]
 [500.]
 [500.]
 [500.]
 [500.]
 [500.]
 [500.]
 [500.]
 [500.]
 [500.]
 [500.]
 [500.]
 [500.]
 [500.]
 [500.]
 [500.]
 [500.]
 [500.]
 [500.]
 [500.]
 [500.]
 [500.]
 [500.]
 [500.]
 [500.]
 [500.]
 [500.]
 [500.]
 [500.]
 [500.]
 [500.]
 [500.]
 [500.]
 [500.]
 [500.]
 [500.]
 [500.]
 [500.]
 [500.]
 [500.]
 [500.]
 [500.]
 [500.]
 [500.]
 [500.]
 [500.]
 [500.]
 [500.]
 [500.]
 [500.]
 [500.]
 [500.]
 [500.]
 [500.]
 [500.]
 [500.]
 [500.]
 [500.]
 [500.]
 [500.]
 [500.]
 [500.]
 [500.]
 [500.]
 [500.]
 [500.]
 [500.]]
Ch: [[1.96681555 2.0178494  2.0473443  1.90692404 2.04526421 2.02592102
  1.97872798 2.08795026 2.02404241 2.00983945 1.90811125]
 [1.94180783 1.97246959 1.99810507 1.99002161 2.05661833 1.96233427
  1.99716789 1.978851   1.99170701 2.07467664 2.069278  ]
 [2.06152966 1.96117548 2.01841848 2.03023735 2.04306913 1.92622555
  2.03777741 2.00253588 1.94322076 2.09632121 1.90518939]
 [2.06302098 2.09211419 1.97896844 1.90662441 1.98633584 1.99851133
  1.90101142 2.00017721 2.02769257 1.95703769 1.92981107]
 [2.08979333 2.04784049 2.05671592 1.99388353 2.05903456 2.05157612
  1.90080412 1.99426131 1.94237754 2.08945514 2.04700123]
 [1.95223484 2.04450908 1.93538998 1.9582532  2.00418236 2.031083
  1.92063332 1.9396825  1.99483647 1.95427819 2.06986089]
 [2.02318881 1.90086153 1.9741781  1.97821959 2.04972311 1.98001929
  2.07668789 1.94251143 1.982447   1.92052107 2.02212043]
 [2.06835033 1.96025858 1.90053561 2.05954133 2.06913601 1.95232731
  1.91375107 1.95938212 1.98424098 1.92592329 1.96537508]
 [1.97740776 1.96119839 1.96448684 2.02414514 2.09226708 2.01371673
  2.08164402 2.01052677 2.03146918 1.96522059 2.04406945]
 [1.98996928 2.08346899 2.06640118 1.9569147  1.92450472 1.99019954
  2.03392333 2.07376151 1.93219609 1.90461904 2.01667617]]
Cv: [[0.         0.         0.         0.         0.         0.
  0.         0.         0.         0.        ]
 [1.99265288 1.98574901 1.91167721 2.00481147 2.04999932 2.01578041
  1.95933282 1.97175713 1.91845955 1.98410063]
 [2.04874568 2.0757646  2.04917364 1.94141007 2.01962239 1.94429617
  2.00737563 2.00013934 1.99390587 1.99692714]
 [2.01154278 1.99391361 2.01641096 2.04899485 2.00102381 2.09536812
  1.94620545 1.94000995 1.99054879 2.02216188]
 [1.94602005 2.06867439 1.99113225 2.01106548 2.02464526 1.94005545
  2.06423303 2.02953184 1.94439961 1.98863526]
 [1.96992137 2.05502242 1.98514454 2.08900684 1.95966879 2.03838432
  1.94329457 2.0623583  1.92890267 2.05530846]
 [1.97615046 2.03975491 2.03723988 2.01818579 1.92114116 1.96664382
  2.00620721 2.03526783 2.03149827 2.06270967]
 [1.9672853  2.09980074 1.9375803  2.0068812  2.0035545  2.08093008
  2.07757101 2.01403382 1.9310892  2.09472929]
 [1.95801908 2.09202065 2.03296057 2.0688392  1.98643354 2.07930965
  2.02970804 1.943059   1.98838186 1.90325729]
 [1.99279933 1.97478838 1.91200795 2.02231701 2.03992193 2.088934
  1.92544705 1.9584963  1.95190836 1.97458059]]
Rh: [[ 2.33951313  4.35934974  4.45359642  1.84779223  6.05366019  3.43889653
   2.01900824  4.02080255  3.29681875  1.53495411 11.86190855]
 [ 3.30127501 13.58498033  4.53937352  4.06872711  6.16932869 10.5654604
   2.01623243 15.3955694   5.21703398  1.61501662  5.38603353]
 [11.71524652  2.08964231  5.04941923  2.86103734  4.18831365  1.53202256
   5.72464625  1.66011848 15.42305106  2.34637339  2.80830212]
 [ 1.88909001  3.61691395  1.81589754  1.52031775  6.41252984  8.198269
   3.86320418 15.83058252  2.25094249  1.6263727   8.04813948]
 [ 2.85756634  3.19020116  1.73650535  4.8254316   1.58012286  2.16181302
   1.84682035  1.80580312  3.60942971  4.0284666   2.18813868]
 [ 3.10412544  5.94680342  3.79947362  6.63504008  1.84889785  2.28086293
   9.25250544  4.15527536  8.12857363  2.26191958 10.46376643]
 [ 2.42461031  5.14589243  2.02456243 18.33112954  6.5935395   2.65848312
   3.62538928  6.0869799   4.97983501  1.58626702  8.03116931]
 [15.75706361  7.83759271  1.88502667  3.14594801 13.9366038   5.44431793
   2.91114473  3.62520371  4.56121049  5.73950682  8.8320776 ]
 [ 5.29950684  3.60466658 11.37434408 12.02444315  4.0864608   2.22511938
   1.95800574 12.56522654 17.16751377  1.69845305  5.3249362 ]
 [ 2.21507354  1.56853144  7.34143266  7.85377949  1.60480078  3.38430235
   3.85995302  9.16172074 16.73077663  9.49839664  5.6128531 ]]
Rv: [[ 2.36673508 10.34474738  3.96579665  4.15384491  6.717606    7.28030351
   3.21001056 17.12276275  5.71945627  5.81642294]
 [13.89942522 16.03517854  2.97429487  2.79482236 11.82455672  8.38281521
   2.57216062 16.18886046 11.61885906  1.60520545]
 [ 4.6881494   2.29784651  6.66449592  2.77881445  4.87668685  6.11752467
   8.73528745  2.95837648  7.19539573  3.9170072 ]
 [14.56417815  3.7298876   3.10627323  2.79499317 11.36540066  4.22055866
   6.36196554  9.30261869  7.31516774 11.66111981]
 [ 4.76239534  4.51224204 17.53386571  7.16742933  4.70883121 16.69701856
   7.07101549  1.61621019 10.01382967  9.22990666]
 [ 1.96675178  4.23163572  2.22337768  2.26308743  1.81498072  1.57691801
   3.44437712  8.11482935  2.67194038  8.56693219]
 [ 7.69166705 11.79546025  3.75383173 10.55952569 11.38484391 16.62430163
   7.31477955  9.50972863  3.10030162  4.00287559]
 [10.96325564  2.06892023  3.89271258  1.54675876  9.92350965 11.55133517
   2.06779627 13.72804119  1.93697259  5.8381957 ]
 [ 2.28123083  4.78642812  1.51115524  6.11973204  3.2259497   3.21268171
   7.57950979 12.07569249  3.92060688  2.6520843 ]]