-------Running parameters--------
T = 0.001
temperature_gradient = 0.0
gap = 0.0
M = 10
N = 10
VR = 0.0
Vmin = 0.0
Vmax = 1.1
vStep = 0.001
vSym = True
repeats = 50
fileName = array_10_10_disorder_c_std_0.1_r_std_5.5_run_8
dist = exp
fullOutput = True
use_graph = False
current_map = True
plot_current_map = False
plot_binary_current_map = False
frame_norm = False
dbg = False
resume = False
sc = False
leaping = False
constQ = False
modifyR = False
double_time = False
double_loop = False
output_folder = bgu_2d_finite_temperature_different_disorders_statistics
params_path = 
VG_avg = 0.0
VG_std = 0.0
C_avg = 2.0
C_std = 0.1
CG_avg = 10.0
CG_std = 0.0
R_avg = 10.0
R_std = 5.5
custom_rh = ""
custom_rv = ""
custom_ch = ""
custom_cv = ""
RG_avg = 500.0
RG_std = 0.0
n0_avg = 0.0
n0_std = 0.0
Q0_avg = 0.0
Q0_std = 0.0
----Array Parameters-----
Rows: 10
Columns: 10
VG: [[0.]
 [0.]
 [0.]
 [0.]
 [0.]
 [0.]
 [0.]
 [0.]
 [0.]
 [0.]
 [0.]
 [0.]
 [0.]
 [0.]
 [0.]
 [0.]
 [0.]
 [0.]
 [0.]
 [0.]
 [0.]
 [0.]
 [0.]
 [0.]
 [0.]
 [0.]
 [0.]
 [0.]
 [0.]
 [0.]
 [0.]
 [0.]
 [0.]
 [0.]
 [0.]
 [0.]
 [0.]
 [0.]
 [0.]
 [0.]
 [0.]
 [0.]
 [0.]
 [0.]
 [0.]
 [0.]
 [0.]
 [0.]
 [0.]
 [0.]
 [0.]
 [0.]
 [0.]
 [0.]
 [0.]
 [0.]
 [0.]
 [0.]
 [0.]
 [0.]
 [0.]
 [0.]
 [0.]
 [0.]
 [0.]
 [0.]
 [0.]
 [0.]
 [0.]
 [0.]
 [0.]
 [0.]
 [0.]
 [0.]
 [0.]
 [0.]
 [0.]
 [0.]
 [0.]
 [0.]
 [0.]
 [0.]
 [0.]
 [0.]
 [0.]
 [0.]
 [0.]
 [0.]
 [0.]
 [0.]
 [0.]
 [0.]
 [0.]
 [0.]
 [0.]
 [0.]
 [0.]
 [0.]
 [0.]
 [0.]]
CG: [[10.]
 [10.]
 [10.]
 [10.]
 [10.]
 [10.]
 [10.]
 [10.]
 [10.]
 [10.]
 [10.]
 [10.]
 [10.]
 [10.]
 [10.]
 [10.]
 [10.]
 [10.]
 [10.]
 [10.]
 [10.]
 [10.]
 [10.]
 [10.]
 [10.]
 [10.]
 [10.]
 [10.]
 [10.]
 [10.]
 [10.]
 [10.]
 [10.]
 [10.]
 [10.]
 [10.]
 [10.]
 [10.]
 [10.]
 [10.]
 [10.]
 [10.]
 [10.]
 [10.]
 [10.]
 [10.]
 [10.]
 [10.]
 [10.]
 [10.]
 [10.]
 [10.]
 [10.]
 [10.]
 [10.]
 [10.]
 [10.]
 [10.]
 [10.]
 [10.]
 [10.]
 [10.]
 [10.]
 [10.]
 [10.]
 [10.]
 [10.]
 [10.]
 [10.]
 [10.]
 [10.]
 [10.]
 [10.]
 [10.]
 [10.]
 [10.]
 [10.]
 [10.]
 [10.]
 [10.]
 [10.]
 [10.]
 [10.]
 [10.]
 [10.]
 [10.]
 [10.]
 [10.]
 [10.]
 [10.]
 [10.]
 [10.]
 [10.]
 [10.]
 [10.]
 [10.]
 [10.]
 [10.]
 [10.]
 [10.]]
RG: [[500.]
 [500.]
 [500.]
 [500.]
 [500.]
 [500.]
 [500.]
 [500.]
 [500.]
 [500.]
 [500.]
 [500.]
 [500.]
 [500.]
 [500.]
 [500.]
 [500.]
 [500.]
 [500.]
 [500.]
 [500.]
 [500.]
 [500.]
 [500.]
 [500.]
 [500.]
 [500.]
 [500.]
 [500.]
 [500.]
 [500.]
 [500.]
 [500.]
 [500.]
 [500.]
 [500.]
 [500.]
 [500.]
 [500.]
 [500.]
 [500.]
 [500.]
 [500.]
 [500.]
 [500.]
 [500.]
 [500.]
 [500.]
 [500.]
 [500.]
 [500.]
 [500.]
 [500.]
 [500.]
 [500.]
 [500.]
 [500.]
 [500.]
 [500.]
 [500.]
 [500.]
 [500.]
 [500.]
 [500.]
 [500.]
 [500.]
 [500.]
 [500.]
 [500.]
 [500.]
 [500.]
 [500.]
 [500.]
 [500.]
 [500.]
 [500.]
 [500.]
 [500.]
 [500.]
 [500.]
 [500.]
 [500.]
 [500.]
 [500.]
 [500.]
 [500.]
 [500.]
 [500.]
 [500.]
 [500.]
 [500.]
 [500.]
 [500.]
 [500.]
 [500.]
 [500.]
 [500.]
 [500.]
 [500.]
 [500.]]
Ch: [[2.0350656  2.05821366 2.00925596 1.91986404 1.99311622 2.07818697
  2.03475191 2.08372216 2.06801049 2.05104385 2.06008496]
 [1.97411407 1.9083554  1.96149876 2.05329213 1.94785148 1.95933567
  1.95358611 1.97365839 1.9608557  1.95243245 1.90508362]
 [1.97646337 2.07656765 2.03734646 1.9829173  2.09363986 2.00893036
  1.93754445 1.95196092 1.96910759 2.0901457  1.94940138]
 [1.97122054 2.01614726 2.01096684 2.07214237 1.91566578 2.00794712
  1.97971123 1.92511248 2.03373574 1.98890162 1.94267896]
 [1.91366299 1.91458639 1.96983276 1.98428582 2.04668102 1.99566755
  1.90408308 2.02683344 1.99779738 2.04417764 2.07320146]
 [2.05956211 1.97215542 2.01572345 1.93847574 2.02656541 2.01505507
  2.0827515  2.09412724 2.0506262  2.0775696  2.02902523]
 [1.97228809 1.9423385  1.91364458 2.00318752 2.07739751 1.98769763
  1.97495291 1.99329487 2.00239969 1.95302288 1.91648649]
 [2.01583042 2.05593963 1.95182111 2.04090875 2.01722508 2.02799852
  2.04591619 1.99717666 1.90582174 1.96581533 2.0811205 ]
 [2.00255925 1.90403527 2.05591537 1.96508338 2.01984809 1.98802064
  1.91512682 2.01733907 2.00973884 1.92913059 2.08264013]
 [2.04775323 1.90385406 1.90808598 2.04628733 2.03918766 1.97591748
  2.00206923 1.97369753 2.03719333 2.00106564 1.91153503]]
Cv: [[0.         0.         0.         0.         0.         0.
  0.         0.         0.         0.        ]
 [2.06571637 1.93700475 2.07293878 1.97124304 1.9179723  1.97108949
  1.93868502 1.92813674 2.07139752 1.9078854 ]
 [2.08621116 1.97565206 2.00503409 2.02433008 1.94309352 1.92612988
  1.90224797 2.05054717 1.98849593 1.90161812]
 [1.93570356 2.01482374 2.09751736 1.92775141 2.07235594 2.03291985
  2.01884986 2.04480275 1.92012866 2.08334532]
 [1.91402643 2.02379453 2.02320183 2.02131275 2.03768647 1.96261754
  2.08439165 2.02800633 2.09955442 1.90193965]
 [2.02303253 1.90316337 2.01289951 1.9900502  1.99077614 1.93524689
  2.00918136 2.09209043 2.02053435 2.02510957]
 [2.06086656 2.01126924 2.06886016 1.99117323 1.93771876 1.92347763
  2.07396656 1.97776795 1.96166036 1.97418063]
 [2.04897499 2.09722834 2.03740551 2.02832873 2.08260418 2.09016383
  2.02846542 1.94107712 1.9481486  1.91778135]
 [2.06990964 1.96871124 1.95079625 1.93323345 1.9567369  1.91664537
  2.01139667 1.94990796 1.95069665 2.06670523]
 [1.92962098 1.91772337 1.96215999 2.06645088 2.01216271 2.08347772
  1.99051474 2.07825887 1.99608901 2.09272006]]
Rh: [[ 9.46325084 14.31023001  8.4543855   7.24507564  4.76140171  6.4057241
   4.56547255  7.16316347 11.12605188 10.82230424  5.51025561]
 [ 8.02445934  6.59993821 11.0399827  10.00417888  5.79751702  5.44981779
   5.0854909   5.81811029  9.85288012  7.81631673  4.80495002]
 [ 5.14506606  6.06606612 13.82308548  9.99002232  5.37135173  6.37100828
   8.10588473  6.62737394 11.15856868 11.40124022 13.05515809]
 [ 9.15018503  5.57695105  4.89356025  7.66666888 13.53630881  4.79577669
  11.16800401 10.79911016  4.54969685  7.92950943  4.7998107 ]
 [ 6.92820481  6.41160364  5.40042115  5.19862749  8.47449055  8.10170679
  14.28750774  7.35829065 13.56995426 11.39993226  4.70746523]
 [ 4.55976434 10.64857409  7.05376185  6.85214704  7.13554766  9.33583546
   5.35782897  5.54480027  8.36856382 11.30513094  5.6587214 ]
 [ 6.43436295  9.89112061 14.44196191  8.60395754 12.50330549 11.64310894
  15.44823575 12.04249292  5.00377316  6.67497406  9.4742337 ]
 [13.06030512 10.05303772  8.42870152 11.42851136  8.02462775 15.13593569
   6.67210545  8.11832386  6.96049562  8.24734632 12.1873541 ]
 [ 5.08382296 12.03156129  7.83835751  8.52423403  7.06226405 10.76321608
   6.08651506  5.45303142 11.10018523  7.04700869 15.4231962 ]
 [13.82014255 10.37750184  6.68239796  7.13089368  8.45742023 15.33092175
  10.93618939  5.95337455  7.96311884  7.78107574 11.01324669]]
Rv: [[ 5.61423233 13.20126848 13.29290596 10.81375624  5.05564864 14.76449713
   5.72293587 10.92226325  8.4070181  10.59003898]
 [ 5.08396364  7.57395969  9.03199428 14.4407082   6.28114628 15.17592241
   4.79398382  9.93646106  5.72186222  7.57901306]
 [ 5.21515764  5.72491338  4.88225735  8.37078429 15.2968184   4.62484582
  13.77565643  9.0551955   5.93899209  9.66621276]
 [ 9.52109306 13.42453384 10.52253907  8.45386639 12.26466428  5.82691129
  10.17041155  7.66139423 13.78077678  7.28844576]
 [ 4.85998703  7.59830545  7.21819108 12.01965522  6.00203935  7.5835607
   5.72112755  4.80070863  9.25063714 14.50098369]
 [ 5.56750158 11.92325453  5.68106312  4.95580355  5.49314831  9.3497988
   7.51058306  9.47156602 14.79330273  4.53896323]
 [ 4.91595373  4.85353182 10.70068334 15.11728117  7.71540015  9.96561085
  10.66716642 13.04158666  9.02929342 11.8083628 ]
 [ 5.928889    8.92923663  7.17126838  6.68659455  9.37859043  9.54274623
   9.82116532 12.67824452 11.46027214  4.8849895 ]
 [ 8.56747544  9.49037808 15.25529981  8.13610939  8.74710514  9.18868316
   8.11056612  7.42996017  4.61056885  8.13480721]]