-------Running parameters--------
T = 0.001
temperature_gradient = 0.0
gap = 0.0
M = 10
N = 10
VR = 0.0
Vmin = 0.0
Vmax = 1.1
vStep = 0.001
vSym = True
repeats = 50
fileName = array_10_10_disorder_c_std_0.1_r_std_6.5_run_5
dist = exp
fullOutput = True
use_graph = False
current_map = True
plot_current_map = False
plot_binary_current_map = False
frame_norm = False
dbg = False
resume = False
sc = False
leaping = False
constQ = False
modifyR = False
double_time = False
double_loop = False
output_folder = bgu_2d_finite_temperature_different_disorders_statistics
params_path = 
VG_avg = 0.0
VG_std = 0.0
C_avg = 2.0
C_std = 0.1
CG_avg = 10.0
CG_std = 0.0
R_avg = 10.0
R_std = 6.5
custom_rh = ""
custom_rv = ""
custom_ch = ""
custom_cv = ""
RG_avg = 500.0
RG_std = 0.0
n0_avg = 0.0
n0_std = 0.0
Q0_avg = 0.0
Q0_std = 0.0
----Array Parameters-----
Rows: 10
Columns: 10
VG: [[0.]
 [0.]
 [0.]
 [0.]
 [0.]
 [0.]
 [0.]
 [0.]
 [0.]
 [0.]
 [0.]
 [0.]
 [0.]
 [0.]
 [0.]
 [0.]
 [0.]
 [0.]
 [0.]
 [0.]
 [0.]
 [0.]
 [0.]
 [0.]
 [0.]
 [0.]
 [0.]
 [0.]
 [0.]
 [0.]
 [0.]
 [0.]
 [0.]
 [0.]
 [0.]
 [0.]
 [0.]
 [0.]
 [0.]
 [0.]
 [0.]
 [0.]
 [0.]
 [0.]
 [0.]
 [0.]
 [0.]
 [0.]
 [0.]
 [0.]
 [0.]
 [0.]
 [0.]
 [0.]
 [0.]
 [0.]
 [0.]
 [0.]
 [0.]
 [0.]
 [0.]
 [0.]
 [0.]
 [0.]
 [0.]
 [0.]
 [0.]
 [0.]
 [0.]
 [0.]
 [0.]
 [0.]
 [0.]
 [0.]
 [0.]
 [0.]
 [0.]
 [0.]
 [0.]
 [0.]
 [0.]
 [0.]
 [0.]
 [0.]
 [0.]
 [0.]
 [0.]
 [0.]
 [0.]
 [0.]
 [0.]
 [0.]
 [0.]
 [0.]
 [0.]
 [0.]
 [0.]
 [0.]
 [0.]
 [0.]]
CG: [[10.]
 [10.]
 [10.]
 [10.]
 [10.]
 [10.]
 [10.]
 [10.]
 [10.]
 [10.]
 [10.]
 [10.]
 [10.]
 [10.]
 [10.]
 [10.]
 [10.]
 [10.]
 [10.]
 [10.]
 [10.]
 [10.]
 [10.]
 [10.]
 [10.]
 [10.]
 [10.]
 [10.]
 [10.]
 [10.]
 [10.]
 [10.]
 [10.]
 [10.]
 [10.]
 [10.]
 [10.]
 [10.]
 [10.]
 [10.]
 [10.]
 [10.]
 [10.]
 [10.]
 [10.]
 [10.]
 [10.]
 [10.]
 [10.]
 [10.]
 [10.]
 [10.]
 [10.]
 [10.]
 [10.]
 [10.]
 [10.]
 [10.]
 [10.]
 [10.]
 [10.]
 [10.]
 [10.]
 [10.]
 [10.]
 [10.]
 [10.]
 [10.]
 [10.]
 [10.]
 [10.]
 [10.]
 [10.]
 [10.]
 [10.]
 [10.]
 [10.]
 [10.]
 [10.]
 [10.]
 [10.]
 [10.]
 [10.]
 [10.]
 [10.]
 [10.]
 [10.]
 [10.]
 [10.]
 [10.]
 [10.]
 [10.]
 [10.]
 [10.]
 [10.]
 [10.]
 [10.]
 [10.]
 [10.]
 [10.]]
RG: [[500.]
 [500.]
 [500.]
 [500.]
 [500.]
 [500.]
 [500.]
 [500.]
 [500.]
 [500.]
 [500.]
 [500.]
 [500.]
 [500.]
 [500.]
 [500.]
 [500.]
 [500.]
 [500.]
 [500.]
 [500.]
 [500.]
 [500.]
 [500.]
 [500.]
 [500.]
 [500.]
 [500.]
 [500.]
 [500.]
 [500.]
 [500.]
 [500.]
 [500.]
 [500.]
 [500.]
 [500.]
 [500.]
 [500.]
 [500.]
 [500.]
 [500.]
 [500.]
 [500.]
 [500.]
 [500.]
 [500.]
 [500.]
 [500.]
 [500.]
 [500.]
 [500.]
 [500.]
 [500.]
 [500.]
 [500.]
 [500.]
 [500.]
 [500.]
 [500.]
 [500.]
 [500.]
 [500.]
 [500.]
 [500.]
 [500.]
 [500.]
 [500.]
 [500.]
 [500.]
 [500.]
 [500.]
 [500.]
 [500.]
 [500.]
 [500.]
 [500.]
 [500.]
 [500.]
 [500.]
 [500.]
 [500.]
 [500.]
 [500.]
 [500.]
 [500.]
 [500.]
 [500.]
 [500.]
 [500.]
 [500.]
 [500.]
 [500.]
 [500.]
 [500.]
 [500.]
 [500.]
 [500.]
 [500.]
 [500.]]
Ch: [[1.97413603 2.07558781 2.05199469 1.96475836 1.97132551 1.94947901
  1.98353334 1.97550342 2.07377259 1.94041293 2.0021734 ]
 [1.94200628 1.97366564 1.9048703  1.90162268 1.94549394 2.0195431
  2.06378489 1.99862008 2.07896904 2.07328197 2.09739389]
 [2.06670485 2.00277394 1.997879   1.9000603  2.01224622 1.95044276
  1.9205445  2.02366689 2.00049606 1.99723515 1.94584666]
 [1.90114494 1.9238978  1.94229762 1.90828796 2.06507803 2.07734231
  1.99509129 2.05288891 1.91901331 2.07467657 2.09237761]
 [1.94612358 2.07678542 2.04335637 2.0275901  2.04211205 2.09948744
  1.95268677 1.93226558 1.90177461 2.06180406 1.96002229]
 [2.09943458 2.08512175 2.0073665  1.92886454 1.95611633 2.01568242
  2.03863254 2.05991163 1.93783039 1.93280555 2.09597603]
 [2.04828583 1.94823794 1.93011241 1.93770751 1.97799876 2.00420285
  2.0710339  1.96311354 2.06925373 1.90451488 2.09074148]
 [2.08672264 2.05884874 2.09276275 2.05603778 1.94966402 2.01962806
  1.90354368 1.93126237 1.98196495 2.06949574 1.9012934 ]
 [1.94848717 2.03726558 1.9284484  1.97592651 1.93976778 1.98402786
  1.93125563 1.90673342 2.06150634 1.91034995 1.90019113]
 [2.0786994  2.09481977 1.94719565 2.07482467 2.09662748 1.98124088
  2.08783421 1.92810982 1.91334283 2.05215043 2.05671408]]
Cv: [[0.         0.         0.         0.         0.         0.
  0.         0.         0.         0.        ]
 [1.9667314  1.97037813 2.05812586 1.93858137 1.9091503  2.08909012
  2.00735329 2.02025075 1.97046477 2.01815488]
 [2.08839275 1.99534435 1.96362519 2.04859563 2.05923556 2.0166464
  1.96599276 2.03141324 2.07141912 2.07361752]
 [1.98230838 1.90901385 1.90545406 1.93456222 2.09358078 1.95661552
  1.92575367 2.04868326 1.99700753 1.94032351]
 [2.01797884 2.04772578 1.93278375 1.96870569 1.91036908 1.93384578
  1.91453329 1.91705098 1.93059044 2.06035662]
 [2.06957932 2.01794427 2.03957973 2.0424984  1.99386507 2.09811437
  2.03750082 2.0924564  1.94168576 2.08409116]
 [1.92198117 2.00081009 2.05518215 2.09266025 1.95584061 1.94060219
  1.90703295 2.05469185 1.93792721 1.96937992]
 [1.92628689 1.97194593 2.02835632 1.94056556 2.05500147 2.05614593
  2.01331814 1.96689322 1.90564201 1.96057059]
 [1.93901859 2.0391708  2.0853033  2.01213118 1.9705476  2.06442049
  1.93341364 2.09229679 1.90701408 2.08130632]
 [1.91026443 1.99232658 1.91609425 1.92536103 1.97711464 2.08451203
  1.93529656 1.90735425 1.90062719 1.96194971]]
Rh: [[ 6.71068146 12.07671493 10.31623132  8.74520819  7.91560108 10.34155283
   5.922337   13.95342974 14.1414187  11.27170727  4.37411371]
 [11.14715384 12.1623374   4.27930091 16.13534146 12.89900022  7.42156988
   9.32107083  9.4000259  14.48759213  9.00460659 11.61013366]
 [11.82811357  6.51706214  5.35745677 15.71521338  4.42462494 11.6339217
   7.91092026  4.07514121  3.66013835 10.96543443  8.57048057]
 [ 8.08597538  8.18028767  6.09960709 15.5868417   9.33493393 10.33821877
  14.85125972 12.65902822  6.15533434  9.24252237  7.00865028]
 [ 5.4823028  11.30988611  8.54568026  7.00288504 16.15038794  8.66679901
   4.16901351  6.25049387 10.38177471  8.78660263  8.94249988]
 [ 6.84661166  4.93969826  3.8777921   7.84908895 14.60840438  5.5130332
   4.87308812 11.94141961  5.41133673  6.44603448  4.80260803]
 [13.90035658  6.3180095  12.35375256  4.03191762 11.64141572 11.4019649
   7.67757508  5.96050375 11.93493289  6.5173847   5.47069939]
 [ 4.65218151  5.66660158  5.1655295   6.63498373 14.38348726  4.21266666
  14.93459577  4.06687555 12.83926296  6.91921536  4.2295935 ]
 [ 5.95399817  4.8613444   7.84972373 10.1642809   6.25094816  8.58657593
  14.52202802 13.24118449  9.0624723   9.78077116  4.35392023]
 [ 5.46472739 11.84815074  3.84378255  6.05889561 15.33406026 10.331224
   7.29267946 13.11573985  4.96621314  5.97217699  3.77534141]]
Rv: [[ 4.40607016 16.02218771  5.70684629  8.19870097  9.3842503   5.068444
  13.7576437  10.15133643  4.25332877 16.33147375]
 [12.54595515 12.82948369 11.83251556  8.28596556  9.61801762 10.09530178
   5.06778816  3.79084089  5.41085482  6.93750045]
 [ 8.12353759  3.75871097  3.81550075  8.61036511  5.08980889 13.229293
  11.87642114  4.97500458  4.01460875  5.37648194]
 [15.99410328  5.47098424  8.3841922  16.31453996  8.70891754 11.1049862
   5.06973122  4.09981156  3.68521934  5.4087237 ]
 [ 9.09884727  7.62329371  9.0292251   7.2326386  11.81109542  7.79259431
  14.50589136 13.82954051  6.82710695  5.81278054]
 [13.43314775  3.63395839  8.24278745  6.50204193 13.20726837  4.56689498
  15.45883232  9.07745144  5.29626533  8.85571768]
 [10.54005673 15.84244186  6.41720858 10.11689014  6.20016167 15.79660865
  15.31673389  4.0372198  11.11455654  7.89297817]
 [ 4.97175401  4.11395544 15.48086386  5.09822353  3.67725566  7.8446324
  10.73471722  4.27432948  3.77361675  4.13040408]
 [ 5.29368581  9.63159207  7.46786811  6.14152855 15.75756739  5.58046598
   5.99531957 14.82451163  8.26107253 13.88820426]]