-------Running parameters--------
T = 0.001
temperature_gradient = 0.0
gap = 0.0
M = 10
N = 10
VR = 0.0
Vmin = 0.0
Vmax = 1.1
vStep = 0.001
vSym = True
repeats = 50
fileName = array_10_10_disorder_c_std_0.1_r_std_7.5_run_7
dist = exp
fullOutput = True
use_graph = False
current_map = True
plot_current_map = False
plot_binary_current_map = False
frame_norm = False
dbg = False
resume = False
sc = False
leaping = False
constQ = False
modifyR = False
double_time = False
double_loop = False
output_folder = bgu_2d_finite_temperature_different_disorders_statistics
params_path = 
VG_avg = 0.0
VG_std = 0.0
C_avg = 2.0
C_std = 0.1
CG_avg = 10.0
CG_std = 0.0
R_avg = 10.0
R_std = 7.5
custom_rh = ""
custom_rv = ""
custom_ch = ""
custom_cv = ""
RG_avg = 500.0
RG_std = 0.0
n0_avg = 0.0
n0_std = 0.0
Q0_avg = 0.0
Q0_std = 0.0
----Array Parameters-----
Rows: 10
Columns: 10
VG: [[0.]
 [0.]
 [0.]
 [0.]
 [0.]
 [0.]
 [0.]
 [0.]
 [0.]
 [0.]
 [0.]
 [0.]
 [0.]
 [0.]
 [0.]
 [0.]
 [0.]
 [0.]
 [0.]
 [0.]
 [0.]
 [0.]
 [0.]
 [0.]
 [0.]
 [0.]
 [0.]
 [0.]
 [0.]
 [0.]
 [0.]
 [0.]
 [0.]
 [0.]
 [0.]
 [0.]
 [0.]
 [0.]
 [0.]
 [0.]
 [0.]
 [0.]
 [0.]
 [0.]
 [0.]
 [0.]
 [0.]
 [0.]
 [0.]
 [0.]
 [0.]
 [0.]
 [0.]
 [0.]
 [0.]
 [0.]
 [0.]
 [0.]
 [0.]
 [0.]
 [0.]
 [0.]
 [0.]
 [0.]
 [0.]
 [0.]
 [0.]
 [0.]
 [0.]
 [0.]
 [0.]
 [0.]
 [0.]
 [0.]
 [0.]
 [0.]
 [0.]
 [0.]
 [0.]
 [0.]
 [0.]
 [0.]
 [0.]
 [0.]
 [0.]
 [0.]
 [0.]
 [0.]
 [0.]
 [0.]
 [0.]
 [0.]
 [0.]
 [0.]
 [0.]
 [0.]
 [0.]
 [0.]
 [0.]
 [0.]]
CG: [[10.]
 [10.]
 [10.]
 [10.]
 [10.]
 [10.]
 [10.]
 [10.]
 [10.]
 [10.]
 [10.]
 [10.]
 [10.]
 [10.]
 [10.]
 [10.]
 [10.]
 [10.]
 [10.]
 [10.]
 [10.]
 [10.]
 [10.]
 [10.]
 [10.]
 [10.]
 [10.]
 [10.]
 [10.]
 [10.]
 [10.]
 [10.]
 [10.]
 [10.]
 [10.]
 [10.]
 [10.]
 [10.]
 [10.]
 [10.]
 [10.]
 [10.]
 [10.]
 [10.]
 [10.]
 [10.]
 [10.]
 [10.]
 [10.]
 [10.]
 [10.]
 [10.]
 [10.]
 [10.]
 [10.]
 [10.]
 [10.]
 [10.]
 [10.]
 [10.]
 [10.]
 [10.]
 [10.]
 [10.]
 [10.]
 [10.]
 [10.]
 [10.]
 [10.]
 [10.]
 [10.]
 [10.]
 [10.]
 [10.]
 [10.]
 [10.]
 [10.]
 [10.]
 [10.]
 [10.]
 [10.]
 [10.]
 [10.]
 [10.]
 [10.]
 [10.]
 [10.]
 [10.]
 [10.]
 [10.]
 [10.]
 [10.]
 [10.]
 [10.]
 [10.]
 [10.]
 [10.]
 [10.]
 [10.]
 [10.]]
RG: [[500.]
 [500.]
 [500.]
 [500.]
 [500.]
 [500.]
 [500.]
 [500.]
 [500.]
 [500.]
 [500.]
 [500.]
 [500.]
 [500.]
 [500.]
 [500.]
 [500.]
 [500.]
 [500.]
 [500.]
 [500.]
 [500.]
 [500.]
 [500.]
 [500.]
 [500.]
 [500.]
 [500.]
 [500.]
 [500.]
 [500.]
 [500.]
 [500.]
 [500.]
 [500.]
 [500.]
 [500.]
 [500.]
 [500.]
 [500.]
 [500.]
 [500.]
 [500.]
 [500.]
 [500.]
 [500.]
 [500.]
 [500.]
 [500.]
 [500.]
 [500.]
 [500.]
 [500.]
 [500.]
 [500.]
 [500.]
 [500.]
 [500.]
 [500.]
 [500.]
 [500.]
 [500.]
 [500.]
 [500.]
 [500.]
 [500.]
 [500.]
 [500.]
 [500.]
 [500.]
 [500.]
 [500.]
 [500.]
 [500.]
 [500.]
 [500.]
 [500.]
 [500.]
 [500.]
 [500.]
 [500.]
 [500.]
 [500.]
 [500.]
 [500.]
 [500.]
 [500.]
 [500.]
 [500.]
 [500.]
 [500.]
 [500.]
 [500.]
 [500.]
 [500.]
 [500.]
 [500.]
 [500.]
 [500.]
 [500.]]
Ch: [[2.07742202 1.98435103 1.92099439 1.95666042 1.93526228 2.09773534
  2.04481797 2.08628868 2.08152032 1.93639179 1.92104856]
 [2.01975755 1.98005041 1.97686177 2.02786453 2.07162128 1.91985916
  1.95275811 1.97685414 1.95468995 2.0396612  1.98086342]
 [2.03180805 1.92838838 2.05876828 2.02969487 2.08648705 1.90308318
  2.07250025 2.06902037 2.04103467 1.93581107 2.08305195]
 [1.99921295 2.05535938 1.92358509 1.9036602  2.08381249 1.92029374
  2.06805279 2.08465814 1.90240527 2.04940652 1.93486968]
 [1.93361446 1.9291741  2.0365075  1.90751184 1.90753048 1.96367637
  1.93591772 2.030006   1.96500309 2.07466286 2.02136729]
 [2.05317083 1.93431496 2.05650356 1.95864412 2.01297093 1.98501786
  2.01231371 1.96176394 1.98015819 1.90506435 1.93323731]
 [1.91667934 1.96090442 2.07018917 1.93783204 1.95470097 1.99950863
  2.05033573 1.92944946 1.95168959 1.97531789 2.0055194 ]
 [2.01087076 2.08337335 2.02546455 2.03962535 2.08287029 2.0758643
  2.00470434 2.04170346 1.98193942 1.93452555 2.0447933 ]
 [2.03133426 2.06419411 2.0572699  1.98037144 1.93110485 2.04355017
  2.06958286 2.06590278 1.92392844 2.09731144 1.91604671]
 [2.00560596 2.06241186 1.99155812 2.03089657 1.98681475 1.9852456
  1.91850304 1.94698492 2.08500542 1.91720352 2.09177167]]
Cv: [[0.         0.         0.         0.         0.         0.
  0.         0.         0.         0.        ]
 [2.08062022 2.04527255 1.90909254 2.01255524 2.03647849 2.09813656
  2.01608836 2.09554981 2.02834942 1.9748106 ]
 [1.95872791 2.08442665 2.04344662 1.99957264 1.93566041 1.95683883
  1.98427176 1.9477477  2.00987995 2.05625546]
 [2.03336232 1.96792276 1.95485016 1.99406493 1.9986647  1.92647373
  2.02746549 1.94716203 2.06423225 2.03467815]
 [1.99612916 2.09898159 1.91979091 1.92028208 2.04387931 1.92497299
  2.08752845 1.90417736 2.07875538 1.97570198]
 [1.91243841 2.05103189 1.91563991 1.96145243 1.9772773  2.09718374
  1.93647069 2.01729034 1.99032184 1.92012452]
 [2.09403939 2.02796929 1.93927548 1.98531253 1.9509988  2.08954733
  2.07866945 1.95547216 2.06718735 2.06867517]
 [1.92906009 2.01426604 1.97151572 2.03485956 2.05116377 1.93278386
  1.98939999 1.97562468 2.0060961  2.08961312]
 [1.9253844  1.93550817 2.09983961 2.07992721 1.94126184 2.00545868
  2.08460608 2.08243472 1.99606863 1.96400533]
 [2.0252774  1.9800372  2.07922527 2.08464227 1.95519755 1.97215515
  2.03923019 1.95683294 2.04591939 2.09324057]]
Rh: [[ 5.02666758 12.46389079 15.24628365  8.95835596 10.02986029  4.94289552
   7.37390045  5.58733383  3.63421014  6.66679847  5.35898601]
 [ 7.10032945  5.25713591 12.95838758  9.25813444 15.7324014   4.17188127
  14.67878981  6.06006502  3.12216064  4.62414222  7.33835496]
 [ 3.01854482  9.05330303  5.95313552 14.06570937  2.59315585  9.8865953
   2.73095518  8.32519519  6.11531545  4.03417606  2.57612096]
 [ 3.02801368  3.02482794  3.06520139  8.49565726  7.16516749  3.56043824
   8.69694114  6.11448404 12.66074201  2.80819918 11.13940852]
 [14.30370436  9.81657241 11.49126358  2.90821995  2.64531583  3.18442895
   5.4461911   3.21611602  5.5776696   3.26132813  4.29374039]
 [10.78342531  5.92866754  6.99008604  2.55561956 11.31613157  3.8815321
  11.90655034 14.75468056 14.23144816  3.62305997  3.63239503]
 [15.0801062   9.88933147 15.13383867  4.3280012   3.59522641  6.25240162
   7.10709282  2.55252266  2.79730466  2.91791202  4.60226553]
 [10.48800646  4.38982466  5.22972801 11.64123767 13.20403533  6.47633655
   7.19522969 15.99242562  2.97726431  6.68499094  7.23649623]
 [ 3.73357354  6.31217694  8.07926817 15.69713309 15.52959917  5.54058998
   4.20447192 11.00516775  2.68511757  4.48199558 13.33422796]
 [15.24954984  4.19882386  8.78808049  7.40294712  4.49403648 15.99176072
   2.64399251 17.05726415  5.96766134  6.11818141  8.01161022]]
Rv: [[11.60099147 11.38694176  5.61182115  6.07238266 17.41004593 10.93430618
  10.01215327  6.68793929  3.20696962  5.50885849]
 [ 5.71071208  2.60803533  7.52843003  3.68100821  7.23940065  7.6787485
  16.63694507  3.08094978 16.67794371  8.21673178]
 [ 8.39597459  5.99035028  2.75881271 11.13584356  3.89027522  2.86450302
   3.61585594 13.47042537 11.0113556  17.1650525 ]
 [ 4.09265774 11.17524749 15.68629317 17.18852305 13.73602135  9.53228683
  15.80013229 16.01607179  5.43144575 16.71292383]
 [ 3.93196169  3.40974535  5.48459804  2.8568719   3.78129171 15.16873623
  14.61273794  7.83501701  7.46523117  5.10675509]
 [ 3.30376121  2.92016184 10.30263698  8.53345588  5.31151914  7.313829
  14.44961733 11.60733466  3.34853083  2.96506221]
 [ 4.426378   14.27366091 16.89915905 14.38173847  4.79199627  8.89603196
   2.84603771  3.21636565 12.21692659  8.37036542]
 [ 3.63189289  3.91499533  3.91341146  4.04441105 14.01256956  3.02593283
  10.00149857  8.69315881  2.61487767 13.29949572]
 [ 2.94847898  4.24845432 10.910546    7.38135811  8.57557997  3.70660458
   5.00974234 12.06175178  5.9681165   2.69764415]]