-------Running parameters--------
T = 0.001
temperature_gradient = 0.0
gap = 0.0
M = 10
N = 10
VR = 0.0
Vmin = 0.0
Vmax = 1.1
vStep = 0.001
vSym = True
repeats = 50
fileName = array_10_10_disorder_c_std_0.1_r_std_9_run_8
dist = exp
fullOutput = True
use_graph = False
current_map = True
plot_current_map = False
plot_binary_current_map = False
frame_norm = False
dbg = False
resume = False
sc = False
leaping = False
constQ = False
modifyR = False
double_time = False
double_loop = False
output_folder = bgu_2d_finite_temperature_different_disorders_statistics
params_path = 
VG_avg = 0.0
VG_std = 0.0
C_avg = 2.0
C_std = 0.1
CG_avg = 10.0
CG_std = 0.0
R_avg = 10.0
R_std = 9.0
custom_rh = ""
custom_rv = ""
custom_ch = ""
custom_cv = ""
RG_avg = 500.0
RG_std = 0.0
n0_avg = 0.0
n0_std = 0.0
Q0_avg = 0.0
Q0_std = 0.0
----Array Parameters-----
Rows: 10
Columns: 10
VG: [[0.]
 [0.]
 [0.]
 [0.]
 [0.]
 [0.]
 [0.]
 [0.]
 [0.]
 [0.]
 [0.]
 [0.]
 [0.]
 [0.]
 [0.]
 [0.]
 [0.]
 [0.]
 [0.]
 [0.]
 [0.]
 [0.]
 [0.]
 [0.]
 [0.]
 [0.]
 [0.]
 [0.]
 [0.]
 [0.]
 [0.]
 [0.]
 [0.]
 [0.]
 [0.]
 [0.]
 [0.]
 [0.]
 [0.]
 [0.]
 [0.]
 [0.]
 [0.]
 [0.]
 [0.]
 [0.]
 [0.]
 [0.]
 [0.]
 [0.]
 [0.]
 [0.]
 [0.]
 [0.]
 [0.]
 [0.]
 [0.]
 [0.]
 [0.]
 [0.]
 [0.]
 [0.]
 [0.]
 [0.]
 [0.]
 [0.]
 [0.]
 [0.]
 [0.]
 [0.]
 [0.]
 [0.]
 [0.]
 [0.]
 [0.]
 [0.]
 [0.]
 [0.]
 [0.]
 [0.]
 [0.]
 [0.]
 [0.]
 [0.]
 [0.]
 [0.]
 [0.]
 [0.]
 [0.]
 [0.]
 [0.]
 [0.]
 [0.]
 [0.]
 [0.]
 [0.]
 [0.]
 [0.]
 [0.]
 [0.]]
CG: [[10.]
 [10.]
 [10.]
 [10.]
 [10.]
 [10.]
 [10.]
 [10.]
 [10.]
 [10.]
 [10.]
 [10.]
 [10.]
 [10.]
 [10.]
 [10.]
 [10.]
 [10.]
 [10.]
 [10.]
 [10.]
 [10.]
 [10.]
 [10.]
 [10.]
 [10.]
 [10.]
 [10.]
 [10.]
 [10.]
 [10.]
 [10.]
 [10.]
 [10.]
 [10.]
 [10.]
 [10.]
 [10.]
 [10.]
 [10.]
 [10.]
 [10.]
 [10.]
 [10.]
 [10.]
 [10.]
 [10.]
 [10.]
 [10.]
 [10.]
 [10.]
 [10.]
 [10.]
 [10.]
 [10.]
 [10.]
 [10.]
 [10.]
 [10.]
 [10.]
 [10.]
 [10.]
 [10.]
 [10.]
 [10.]
 [10.]
 [10.]
 [10.]
 [10.]
 [10.]
 [10.]
 [10.]
 [10.]
 [10.]
 [10.]
 [10.]
 [10.]
 [10.]
 [10.]
 [10.]
 [10.]
 [10.]
 [10.]
 [10.]
 [10.]
 [10.]
 [10.]
 [10.]
 [10.]
 [10.]
 [10.]
 [10.]
 [10.]
 [10.]
 [10.]
 [10.]
 [10.]
 [10.]
 [10.]
 [10.]]
RG: [[500.]
 [500.]
 [500.]
 [500.]
 [500.]
 [500.]
 [500.]
 [500.]
 [500.]
 [500.]
 [500.]
 [500.]
 [500.]
 [500.]
 [500.]
 [500.]
 [500.]
 [500.]
 [500.]
 [500.]
 [500.]
 [500.]
 [500.]
 [500.]
 [500.]
 [500.]
 [500.]
 [500.]
 [500.]
 [500.]
 [500.]
 [500.]
 [500.]
 [500.]
 [500.]
 [500.]
 [500.]
 [500.]
 [500.]
 [500.]
 [500.]
 [500.]
 [500.]
 [500.]
 [500.]
 [500.]
 [500.]
 [500.]
 [500.]
 [500.]
 [500.]
 [500.]
 [500.]
 [500.]
 [500.]
 [500.]
 [500.]
 [500.]
 [500.]
 [500.]
 [500.]
 [500.]
 [500.]
 [500.]
 [500.]
 [500.]
 [500.]
 [500.]
 [500.]
 [500.]
 [500.]
 [500.]
 [500.]
 [500.]
 [500.]
 [500.]
 [500.]
 [500.]
 [500.]
 [500.]
 [500.]
 [500.]
 [500.]
 [500.]
 [500.]
 [500.]
 [500.]
 [500.]
 [500.]
 [500.]
 [500.]
 [500.]
 [500.]
 [500.]
 [500.]
 [500.]
 [500.]
 [500.]
 [500.]
 [500.]]
Ch: [[2.06193295 1.94445332 2.05959593 2.03885547 1.91782639 2.06774625
  2.07551147 1.95892246 2.02220158 1.94014243 1.90820192]
 [2.0333775  2.08105058 1.95730454 1.98314846 2.03870024 2.0637598
  1.97789872 1.9681585  1.94487049 1.99985973 1.97599202]
 [1.90156908 2.02724458 1.93842903 2.00091628 2.04323452 2.07189778
  2.09050135 1.93299127 1.92181379 2.04536026 2.03023802]
 [2.0495514  2.02453246 2.01934026 1.908533   2.03873538 2.00298938
  2.01464814 1.94431379 1.94313495 2.07458256 1.98586087]
 [1.9793172  1.94068926 2.07821563 2.00212352 2.023129   2.08069558
  2.00148689 2.09950534 1.96739466 2.00238707 1.94014516]
 [1.94059172 2.07969479 2.00577612 2.00755352 2.06082671 1.94504349
  1.94233954 2.01308869 2.08546066 2.0539602  2.01914611]
 [2.0493585  1.98464893 2.007202   1.99362011 2.09948453 1.90026423
  1.99277174 1.99172809 2.03617561 1.95281693 1.99729028]
 [1.91134159 2.00108259 2.00483732 1.93921479 1.99767786 2.02838788
  1.93467878 1.90586743 2.07011938 1.91391268 1.91152464]
 [1.98839916 2.0064883  1.90701024 2.01865713 1.9920847  1.96919447
  2.0714026  2.09041073 2.09026117 1.98643104 2.01295257]
 [2.0328163  1.97039217 2.00168307 1.99073578 1.92448847 1.96948983
  2.01192317 2.0721817  1.93927332 1.97628741 2.00411693]]
Cv: [[0.         0.         0.         0.         0.         0.
  0.         0.         0.         0.        ]
 [1.92071247 1.99649879 2.0360855  1.92640592 2.02719033 2.01147749
  1.95055369 2.0032652  1.95522528 1.95768967]
 [2.08116712 1.96574647 2.01723342 1.94408774 1.98608118 2.01989771
  1.96193321 1.9049167  2.05246889 2.01283802]
 [1.97267079 2.04918138 1.95620903 1.9246427  1.91706479 1.99201331
  1.96362876 2.06909009 1.92131142 2.0142493 ]
 [1.99892194 2.0645291  1.99994618 2.00351658 2.04007008 2.01537809
  1.97163747 1.91278245 1.96322734 1.91400758]
 [1.96471766 2.04015625 1.90195948 1.91460536 2.0598621  1.91318528
  2.09934291 2.06009558 2.07386074 2.0557913 ]
 [1.98144545 2.01018011 1.95699077 2.04778327 2.09269494 1.92135975
  1.95386112 2.08775485 2.05677454 2.07291837]
 [1.95648064 1.95962473 1.99317337 1.92517401 1.91642196 2.07085136
  1.90485831 1.96349051 1.91149577 1.93620319]
 [2.07083975 1.98107415 2.07040861 2.09952708 2.07427223 2.05304925
  1.90391614 1.93402869 1.99041347 1.94512785]
 [1.99980618 2.05643186 2.08558857 2.08133939 2.06738846 1.99400486
  1.9149129  2.0437671  2.06259711 1.95971775]]
Rh: [[11.7496416  10.60928042  3.64215985  1.57321725  1.43751056  1.1494778
   7.08567622 10.61393421  3.72433438  1.46081458  6.04060945]
 [ 1.60054367  2.41480872  3.53145213 10.61015067  4.45700497  5.34615501
   5.67239133  2.71854634 13.07196693 15.72585125  1.55836662]
 [ 3.42021909  1.78820371  1.81609653  4.66382594  3.16711574  1.87175222
   5.43993122  1.01130729  3.37852387  3.26105449  1.50357717]
 [ 5.14104558 14.35499301  8.47156571  1.71354679  3.5901925   9.62595534
   3.22812117  3.61763174  1.33421492  3.77339118  6.91869634]
 [ 1.84372665  1.5851825   4.25361619  2.33391259  5.35210263  5.35467411
  11.27773462  4.35209065 10.77911745  3.49735796 13.90778486]
 [ 5.7952158   6.27198728 11.4204903   2.04498352  4.43066226  3.16777681
  11.50560985  9.89071655  1.19062282  3.11659704  2.63433037]
 [ 7.22452572 13.27888058 11.14381687  7.93118392  1.14250852 13.04337576
   7.30805775  1.76745361 12.65465231  6.61443213  9.82384036]
 [ 3.16104608 11.95323743  1.21614762  8.20822804  9.12648326 11.02466002
   2.71444354 15.8824974  18.9715932   3.46574844  1.16639202]
 [ 6.59810856  6.18636643 17.1143177  13.22283277  1.9571124   1.10627996
   1.63847615  1.05935299 14.33051596 10.3128847   6.2781519 ]
 [ 3.66763291  2.10511562 18.01804952  6.46757944  5.80784501  3.16448577
  16.24251938 12.35593026 11.26486079  3.46261651  2.41126676]]
Rv: [[ 1.02806263  3.49353695  2.05525653  2.27066104  7.06025375  2.19046669
   1.21081587  1.32684234  1.52696489 15.75049788]
 [ 2.84639823 18.20161521  1.18666651  4.34998648 12.54603609  1.16127475
   1.39221134  1.43872477  4.14807303  8.74804889]
 [ 5.4255227   2.32019966  1.11668552 11.25409061  3.68044089  2.31909726
  17.04014937  1.17882385  6.29170304  1.29791378]
 [ 1.61723594  1.27344098  2.05114667  3.87728653  3.60378049  1.19261714
   2.07055658  6.45712092  4.11722092  1.52028427]
 [ 3.72936481  6.26822752  2.72688009  9.65510395 10.34032172  8.24092301
   2.4991948   9.99565261 12.13438702  4.93245385]
 [11.64226348 13.76099308  5.78402363  4.31563567 17.74910108  8.04875403
   6.06250998  2.06165313  1.24116197 12.17334792]
 [18.14562951  1.82531948 10.20390321  1.5493061   4.45722066  6.18359915
   5.76220166 11.56653967  5.43475812  1.05567007]
 [ 4.74347016  3.52562648 10.66871127  3.14337958  2.5894878   4.74483408
  10.25774595  8.1285496   4.24738629  1.4940381 ]
 [ 5.16671987  2.28177078  4.72549801 14.64490853 11.73932852  6.21167625
   1.32541467  5.68384856  6.38631939  3.27739328]]