-------Running parameters--------
T = 0.001
temperature_gradient = 0.0
gap = 0.0
M = 10
N = 10
VR = 0.0
Vmin = 0.0
Vmax = 1.1
vStep = 0.001
vSym = True
repeats = 50
fileName = array_10_10_disorder_c_std_0.1_r_std_10_run_4
dist = exp
fullOutput = True
use_graph = False
current_map = True
plot_current_map = False
plot_binary_current_map = False
frame_norm = False
dbg = False
resume = False
sc = False
leaping = False
constQ = False
modifyR = False
double_time = False
double_loop = False
output_folder = bgu_2d_finite_temperature_different_disorders_statistics
params_path = 
VG_avg = 0.0
VG_std = 0.0
C_avg = 2.0
C_std = 0.1
CG_avg = 10.0
CG_std = 0.0
R_avg = 20.0
R_std = 10.0
custom_rh = ""
custom_rv = ""
custom_ch = ""
custom_cv = ""
RG_avg = 500.0
RG_std = 0.0
n0_avg = 0.0
n0_std = 0.0
Q0_avg = 0.0
Q0_std = 0.0
----Array Parameters-----
Rows: 10
Columns: 10
VG: [[0.]
 [0.]
 [0.]
 [0.]
 [0.]
 [0.]
 [0.]
 [0.]
 [0.]
 [0.]
 [0.]
 [0.]
 [0.]
 [0.]
 [0.]
 [0.]
 [0.]
 [0.]
 [0.]
 [0.]
 [0.]
 [0.]
 [0.]
 [0.]
 [0.]
 [0.]
 [0.]
 [0.]
 [0.]
 [0.]
 [0.]
 [0.]
 [0.]
 [0.]
 [0.]
 [0.]
 [0.]
 [0.]
 [0.]
 [0.]
 [0.]
 [0.]
 [0.]
 [0.]
 [0.]
 [0.]
 [0.]
 [0.]
 [0.]
 [0.]
 [0.]
 [0.]
 [0.]
 [0.]
 [0.]
 [0.]
 [0.]
 [0.]
 [0.]
 [0.]
 [0.]
 [0.]
 [0.]
 [0.]
 [0.]
 [0.]
 [0.]
 [0.]
 [0.]
 [0.]
 [0.]
 [0.]
 [0.]
 [0.]
 [0.]
 [0.]
 [0.]
 [0.]
 [0.]
 [0.]
 [0.]
 [0.]
 [0.]
 [0.]
 [0.]
 [0.]
 [0.]
 [0.]
 [0.]
 [0.]
 [0.]
 [0.]
 [0.]
 [0.]
 [0.]
 [0.]
 [0.]
 [0.]
 [0.]
 [0.]]
CG: [[10.]
 [10.]
 [10.]
 [10.]
 [10.]
 [10.]
 [10.]
 [10.]
 [10.]
 [10.]
 [10.]
 [10.]
 [10.]
 [10.]
 [10.]
 [10.]
 [10.]
 [10.]
 [10.]
 [10.]
 [10.]
 [10.]
 [10.]
 [10.]
 [10.]
 [10.]
 [10.]
 [10.]
 [10.]
 [10.]
 [10.]
 [10.]
 [10.]
 [10.]
 [10.]
 [10.]
 [10.]
 [10.]
 [10.]
 [10.]
 [10.]
 [10.]
 [10.]
 [10.]
 [10.]
 [10.]
 [10.]
 [10.]
 [10.]
 [10.]
 [10.]
 [10.]
 [10.]
 [10.]
 [10.]
 [10.]
 [10.]
 [10.]
 [10.]
 [10.]
 [10.]
 [10.]
 [10.]
 [10.]
 [10.]
 [10.]
 [10.]
 [10.]
 [10.]
 [10.]
 [10.]
 [10.]
 [10.]
 [10.]
 [10.]
 [10.]
 [10.]
 [10.]
 [10.]
 [10.]
 [10.]
 [10.]
 [10.]
 [10.]
 [10.]
 [10.]
 [10.]
 [10.]
 [10.]
 [10.]
 [10.]
 [10.]
 [10.]
 [10.]
 [10.]
 [10.]
 [10.]
 [10.]
 [10.]
 [10.]]
RG: [[500.]
 [500.]
 [500.]
 [500.]
 [500.]
 [500.]
 [500.]
 [500.]
 [500.]
 [500.]
 [500.]
 [500.]
 [500.]
 [500.]
 [500.]
 [500.]
 [500.]
 [500.]
 [500.]
 [500.]
 [500.]
 [500.]
 [500.]
 [500.]
 [500.]
 [500.]
 [500.]
 [500.]
 [500.]
 [500.]
 [500.]
 [500.]
 [500.]
 [500.]
 [500.]
 [500.]
 [500.]
 [500.]
 [500.]
 [500.]
 [500.]
 [500.]
 [500.]
 [500.]
 [500.]
 [500.]
 [500.]
 [500.]
 [500.]
 [500.]
 [500.]
 [500.]
 [500.]
 [500.]
 [500.]
 [500.]
 [500.]
 [500.]
 [500.]
 [500.]
 [500.]
 [500.]
 [500.]
 [500.]
 [500.]
 [500.]
 [500.]
 [500.]
 [500.]
 [500.]
 [500.]
 [500.]
 [500.]
 [500.]
 [500.]
 [500.]
 [500.]
 [500.]
 [500.]
 [500.]
 [500.]
 [500.]
 [500.]
 [500.]
 [500.]
 [500.]
 [500.]
 [500.]
 [500.]
 [500.]
 [500.]
 [500.]
 [500.]
 [500.]
 [500.]
 [500.]
 [500.]
 [500.]
 [500.]
 [500.]]
Ch: [[1.90874866 1.98097514 2.07984614 2.05737627 2.04950855 2.08605919
  1.97766871 1.99548129 1.95525268 2.0462194  2.01685862]
 [1.93609447 2.08673972 2.03457663 2.08261015 1.95907062 2.04850542
  2.0130983  1.91467316 2.03302324 1.90094605 2.05412997]
 [1.98730214 2.06878131 1.91412885 2.00336867 2.01554067 1.93407262
  2.02543588 2.02236778 1.95370375 2.05598363 1.91853665]
 [1.90926402 1.90826281 2.05890821 2.05069577 2.03925363 1.94550352
  2.08046142 1.90895643 1.91105001 1.99614105 2.03601402]
 [1.92090756 2.01498608 2.05957421 1.90164366 2.05615123 2.03500002
  1.95009295 2.08995522 2.03110848 2.08992604 2.08038315]
 [1.92923172 2.04224248 1.93173084 1.94381609 2.07471249 1.93697999
  2.05344412 1.99571228 2.02919661 2.08681158 2.034643  ]
 [1.91246958 1.97149397 2.09732922 1.90117712 2.08718356 1.90527368
  2.04580369 1.97763037 2.08413087 2.03465778 2.04244431]
 [2.06735998 2.01187855 2.00681433 2.085235   2.00479901 2.07415024
  1.92365928 2.01436034 1.90823465 2.05800723 1.92048263]
 [1.90476396 1.99750174 2.09206329 1.97082189 1.97224291 1.95503929
  2.08140867 1.99080617 2.0404636  1.96996249 1.93967385]
 [2.07022938 2.00068327 2.04946135 2.01231123 2.03017386 1.94837314
  1.93019874 2.00590741 2.06154952 1.96618578 2.01319768]]
Cv: [[0.         0.         0.         0.         0.         0.
  0.         0.         0.         0.        ]
 [1.90167305 1.93606878 1.97150785 1.95120155 1.91468122 1.98312817
  1.90011946 1.9607448  2.06613602 1.96302541]
 [2.08517184 2.06491157 1.91607559 1.90066598 1.98663763 2.04396701
  1.90442859 1.99617608 1.9120825  1.95811353]
 [2.0968272  2.0628974  2.08972589 2.09564664 2.03086104 1.93880361
  2.02054401 1.97419419 2.02082309 2.09123217]
 [2.08456413 2.0940997  2.09410324 1.99483358 2.09706043 1.98715229
  2.04793531 1.93898376 2.07932175 2.02443777]
 [1.95978191 1.9998859  1.98831411 1.93630717 1.91645178 2.06908428
  1.95357506 2.03523217 2.01434039 2.07850776]
 [1.95803873 1.98754207 2.0361009  1.92299213 1.97005952 2.08837385
  1.9971223  1.91959559 1.98529209 2.02367365]
 [1.92444735 2.08196953 2.09956976 1.97750057 2.05434322 2.09296298
  1.97863696 1.92610564 1.97235481 1.91646925]
 [2.01534181 2.02865427 1.92296671 1.98168081 2.09469308 1.90010071
  1.90592832 1.98566311 2.09956066 1.99813868]
 [2.00508811 2.06617992 2.01087319 1.9412106  1.94366296 2.08750169
  2.0499858  2.01972476 1.92252285 2.00510827]]
Rh: [[20.22599407 17.04555061 12.16320592 25.85561542 18.14442779 14.51646198
  17.07945657 12.87993479 19.55529183 14.88883552 10.12521209]
 [24.14656083 18.6693682  29.619549   21.74576594 15.26013223 10.40254627
  21.92994004 19.83921115 12.54007301 12.38903803 22.21532335]
 [11.33686336 27.42392734 26.0538921  13.89501302 11.70699686 20.01748412
  10.98146526 17.76318357 11.96054215 16.82967006 13.86788424]
 [19.69382849 12.02266377 24.15812402 26.06209416 29.48361179 15.91276434
  17.02091906 10.58526459 16.35387649 15.35460168 13.19333264]
 [18.66878709 17.52133824 14.1335882  12.84145565 21.68471213 11.90435677
  12.13694536 21.28748429 11.76653789 11.09777993 29.85058064]
 [17.64479912 13.53384351 13.52431294 17.546052   23.85619953 25.76102626
  23.41297199 18.30639622 14.8513517  17.98646759 11.24083408]
 [17.65427556 12.47265146 11.03695889 21.63578582 15.0982886  22.77695446
  13.19466654 10.17525562 16.95385558 13.72103243 12.58653189]
 [20.22180276 29.37794772 14.0670109  17.32504417 10.64820049 22.58723109
  28.44483621 24.2886553  10.94070643 22.82172206 16.60025118]
 [29.16954835 11.50031989 16.69223485 21.65125305 26.79039082 17.65409927
  26.57649691 18.18553066 25.31703796 13.17593112 16.16623676]
 [16.23103938 17.93718295 19.72224742 26.28887313 10.90314307 13.076208
  11.84897051 22.4458125  15.3840582  16.77918323 12.84064794]]
Rv: [[19.14849462 14.85670801 16.68949589 12.24365596 11.0611141  14.28977611
  26.14102518 14.55948688 22.58967326 14.18104467]
 [19.60874454 19.1900867  10.50447497 18.33499561 14.43988457 16.53625872
  15.51213662 22.64618832 23.44474373 11.62586375]
 [24.57615298 13.70033312 23.11950121 27.20497257 11.68940732 20.53806536
  15.180266   20.10152056 17.57162187 13.28228323]
 [19.09271487 19.53603507 19.44599585 12.90565298 10.03198687 27.07102253
  26.9702173  12.42098603 17.01316194 16.23521222]
 [13.51821203 23.70630339 11.47909659 14.05827104 21.79525841 23.29076986
  16.55760105 17.58089018 18.73567368 13.43427549]
 [12.83931774 17.22464278 19.34686488 10.69534144 13.40621241 16.41980062
  20.25460907 23.73069558 21.33373228 18.57163569]
 [23.5849471  19.38012743 11.47831819 18.35744177 21.28935133 16.42889946
  21.45622773 26.37530004 23.13374842 23.77562945]
 [15.99233619 14.72153439 10.24009178 10.99957991 14.55450966 11.19177708
  26.98833394 22.20262053 17.76279792 13.96330741]
 [13.64586849 26.80980021 10.58718664 24.34711775 16.5193591  16.95186304
  18.31292643 15.68357876 18.11996839 17.31941462]]