-------Running parameters--------
T = 0.001
temperature_gradient = 0.0
gap = 0.0
M = 10
N = 10
VR = 0.0
Vmin = 0.0
Vmax = 1.1
vStep = 0.001
vSym = True
repeats = 50
fileName = array_10_10_disorder_c_std_0.1_r_std_11_run_7
dist = exp
fullOutput = True
use_graph = False
current_map = True
plot_current_map = False
plot_binary_current_map = False
frame_norm = False
dbg = False
resume = False
sc = False
leaping = False
constQ = False
modifyR = False
double_time = False
double_loop = False
output_folder = bgu_2d_finite_temperature_different_disorders_statistics
params_path = 
VG_avg = 0.0
VG_std = 0.0
C_avg = 2.0
C_std = 0.1
CG_avg = 10.0
CG_std = 0.0
R_avg = 20.0
R_std = 11.0
custom_rh = ""
custom_rv = ""
custom_ch = ""
custom_cv = ""
RG_avg = 500.0
RG_std = 0.0
n0_avg = 0.0
n0_std = 0.0
Q0_avg = 0.0
Q0_std = 0.0
----Array Parameters-----
Rows: 10
Columns: 10
VG: [[0.]
 [0.]
 [0.]
 [0.]
 [0.]
 [0.]
 [0.]
 [0.]
 [0.]
 [0.]
 [0.]
 [0.]
 [0.]
 [0.]
 [0.]
 [0.]
 [0.]
 [0.]
 [0.]
 [0.]
 [0.]
 [0.]
 [0.]
 [0.]
 [0.]
 [0.]
 [0.]
 [0.]
 [0.]
 [0.]
 [0.]
 [0.]
 [0.]
 [0.]
 [0.]
 [0.]
 [0.]
 [0.]
 [0.]
 [0.]
 [0.]
 [0.]
 [0.]
 [0.]
 [0.]
 [0.]
 [0.]
 [0.]
 [0.]
 [0.]
 [0.]
 [0.]
 [0.]
 [0.]
 [0.]
 [0.]
 [0.]
 [0.]
 [0.]
 [0.]
 [0.]
 [0.]
 [0.]
 [0.]
 [0.]
 [0.]
 [0.]
 [0.]
 [0.]
 [0.]
 [0.]
 [0.]
 [0.]
 [0.]
 [0.]
 [0.]
 [0.]
 [0.]
 [0.]
 [0.]
 [0.]
 [0.]
 [0.]
 [0.]
 [0.]
 [0.]
 [0.]
 [0.]
 [0.]
 [0.]
 [0.]
 [0.]
 [0.]
 [0.]
 [0.]
 [0.]
 [0.]
 [0.]
 [0.]
 [0.]]
CG: [[10.]
 [10.]
 [10.]
 [10.]
 [10.]
 [10.]
 [10.]
 [10.]
 [10.]
 [10.]
 [10.]
 [10.]
 [10.]
 [10.]
 [10.]
 [10.]
 [10.]
 [10.]
 [10.]
 [10.]
 [10.]
 [10.]
 [10.]
 [10.]
 [10.]
 [10.]
 [10.]
 [10.]
 [10.]
 [10.]
 [10.]
 [10.]
 [10.]
 [10.]
 [10.]
 [10.]
 [10.]
 [10.]
 [10.]
 [10.]
 [10.]
 [10.]
 [10.]
 [10.]
 [10.]
 [10.]
 [10.]
 [10.]
 [10.]
 [10.]
 [10.]
 [10.]
 [10.]
 [10.]
 [10.]
 [10.]
 [10.]
 [10.]
 [10.]
 [10.]
 [10.]
 [10.]
 [10.]
 [10.]
 [10.]
 [10.]
 [10.]
 [10.]
 [10.]
 [10.]
 [10.]
 [10.]
 [10.]
 [10.]
 [10.]
 [10.]
 [10.]
 [10.]
 [10.]
 [10.]
 [10.]
 [10.]
 [10.]
 [10.]
 [10.]
 [10.]
 [10.]
 [10.]
 [10.]
 [10.]
 [10.]
 [10.]
 [10.]
 [10.]
 [10.]
 [10.]
 [10.]
 [10.]
 [10.]
 [10.]]
RG: [[500.]
 [500.]
 [500.]
 [500.]
 [500.]
 [500.]
 [500.]
 [500.]
 [500.]
 [500.]
 [500.]
 [500.]
 [500.]
 [500.]
 [500.]
 [500.]
 [500.]
 [500.]
 [500.]
 [500.]
 [500.]
 [500.]
 [500.]
 [500.]
 [500.]
 [500.]
 [500.]
 [500.]
 [500.]
 [500.]
 [500.]
 [500.]
 [500.]
 [500.]
 [500.]
 [500.]
 [500.]
 [500.]
 [500.]
 [500.]
 [500.]
 [500.]
 [500.]
 [500.]
 [500.]
 [500.]
 [500.]
 [500.]
 [500.]
 [500.]
 [500.]
 [500.]
 [500.]
 [500.]
 [500.]
 [500.]
 [500.]
 [500.]
 [500.]
 [500.]
 [500.]
 [500.]
 [500.]
 [500.]
 [500.]
 [500.]
 [500.]
 [500.]
 [500.]
 [500.]
 [500.]
 [500.]
 [500.]
 [500.]
 [500.]
 [500.]
 [500.]
 [500.]
 [500.]
 [500.]
 [500.]
 [500.]
 [500.]
 [500.]
 [500.]
 [500.]
 [500.]
 [500.]
 [500.]
 [500.]
 [500.]
 [500.]
 [500.]
 [500.]
 [500.]
 [500.]
 [500.]
 [500.]
 [500.]
 [500.]]
Ch: [[2.06845753 1.9714853  1.96222955 2.0104814  2.01937069 2.09837951
  2.08841001 1.92284508 2.05799466 1.90486385 2.08487663]
 [1.90505707 2.00619689 1.92272778 1.94648213 2.02643715 2.02566164
  1.98360486 1.9935238  2.06396205 2.02233456 1.93315219]
 [2.03300122 2.06219693 1.92548361 1.97829727 1.96474964 2.08017246
  2.00211848 2.00241189 1.93499517 2.04284851 1.95508709]
 [1.9149564  2.02724589 2.07517267 1.91116595 1.96394886 2.03639222
  1.92485547 1.95659555 1.9547734  1.94181339 2.07922956]
 [1.98818701 1.95431237 1.95975326 1.91033632 1.94612834 1.97990206
  2.06583598 1.9199765  1.93638488 2.02750857 2.03921983]
 [1.96682245 2.07167563 1.9901854  1.99636871 1.96722963 1.95590244
  2.0783437  2.09121382 2.07173626 1.96222127 1.93751284]
 [2.06279935 1.97904615 1.93393287 1.97372723 2.01533625 2.06662025
  1.95940755 2.02161738 1.97597647 2.04775949 1.95079002]
 [1.999219   2.0125206  2.05184303 2.0652885  2.07307503 2.0848359
  2.07524679 2.05022029 2.06624933 2.04967509 2.0595759 ]
 [2.09913135 1.94650596 2.09359119 1.98334983 2.02468066 1.93481392
  2.0515863  1.97000185 2.03817925 2.07893674 2.00964287]
 [2.06598508 2.01089905 1.90502127 2.07244006 2.03287305 1.99819188
  2.05762009 1.99846759 1.9360871  2.04898394 1.99412414]]
Cv: [[0.         0.         0.         0.         0.         0.
  0.         0.         0.         0.        ]
 [1.98629924 2.09291591 2.09592097 2.02199086 1.94332027 2.04880207
  1.92129683 1.96999134 1.9041121  1.9001575 ]
 [2.06240924 2.07489927 2.06740886 2.06266513 2.06378115 1.99012432
  1.91416102 2.09416343 1.93541705 1.9811598 ]
 [1.90667394 2.01314083 2.03019406 1.9607748  2.00057966 1.91588355
  2.05113393 2.04172239 1.95360393 1.95120116]
 [1.9108724  1.96338435 2.04996191 2.05961448 1.97891876 1.9127783
  1.9977354  2.03651444 1.99887354 2.00736642]
 [1.90562387 2.08609208 2.03249286 1.93713002 1.90282449 1.93608613
  2.0825628  2.02269015 1.91189001 2.03253428]
 [2.0250397  1.95562451 1.94347299 1.92284605 2.01408234 2.06553638
  1.95962157 2.00529783 1.97692214 2.07098428]
 [2.00670797 2.05107984 2.07659785 2.01921005 1.9603187  1.95976616
  1.93270174 2.02389588 2.04844925 1.98278756]
 [1.9094452  2.00641644 1.91490357 2.04801928 2.04888667 1.92043562
  1.91690977 2.08432345 2.04470553 1.96058981]
 [1.98317853 2.04608224 1.98312195 2.04859332 1.91859469 1.92407126
  1.93988834 1.96635736 1.9985519  1.91635976]]
Rh: [[12.29493857 21.1444556   9.59683758 20.01438217 14.75926608 20.65311162
  16.78801765 29.43015007 15.75664156 12.12090142 25.70707532]
 [10.467127   19.51068887 20.31731009 14.21117433 26.15383909 23.32876743
  21.64435176  9.3837221  21.63895694 16.70908447 23.22689993]
 [10.99425986 10.33599763 14.2773994  12.67369326 15.83636153 11.94303245
  26.44627149 27.97448524 23.18326456 16.51593037 28.26177957]
 [11.65255294 27.4485671  11.34262354 23.71376542 20.34905364 28.18065306
   9.37911043 15.54770267 14.41792043 21.09733084 21.29668504]
 [13.3023776  21.2470799  16.25386193 15.71413019 14.30641826 11.0964521
  15.31489491 19.04151473 12.09612401  9.51851274 14.75234088]
 [24.39266783 18.95071715 17.85655975 19.2596023  10.19797818 15.3380196
  13.63299155 15.84138547 12.54581516 18.71546697 10.22276925]
 [12.9309387  29.11695573 28.40491453 12.53601398 26.27062209 29.73555253
  12.30814449 10.26098086 16.10544064 15.88017127 21.64100301]
 [21.00772206 15.21543549 19.05027315 10.75398245 19.33135204 19.9484688
  15.95029881 28.86009222 23.64708386  9.33728441 21.77544418]
 [14.19454218  9.17571865 13.4541385  19.12333719 29.1821747  12.04258025
   9.40455157 11.31938866 18.38367186 16.58842641 14.15028454]
 [25.58079578 22.9535789  18.49538278 16.7356227  12.69553064 20.64094103
  18.36600537 26.24872864 14.14881456 21.00702233 16.04973455]]
Rv: [[20.24097134 21.43184899 10.32673664 19.13421439 10.43668787 11.41576145
  30.22125555 20.36023304 18.30793038 20.04197783]
 [20.41083098 10.98224585 13.31422178 18.69779471 11.09329057 11.60996935
  17.87657134 13.63767349 24.71523206 11.06016688]
 [11.29402653 24.65025373 24.56083906 15.3786942  15.44009925 10.58611273
  10.57475524 17.94259707 21.15753868 28.31456194]
 [30.68818907 19.42761206 15.10667111  9.31868438 14.28848801 13.74066414
  12.7713813  14.02842713 22.75491124 14.700052  ]
 [16.28288881 21.75894219  9.770643   22.07694599 11.95335651 16.10516369
  11.71882194 15.61790215 26.6963858  13.96322009]
 [28.17813678 16.00784232 21.36859498 19.17523905 11.72066629 20.78018539
  22.37107631  9.70965163 17.50417947 20.76753813]
 [27.46530126 11.40375304 18.84705047 22.88957616 10.95432928 22.04501092
  13.82567335 15.77489403 15.92629495 18.01730768]
 [21.2555708  14.29752434 10.5882344  18.65492305 18.57706394 21.32426929
  25.50508914 16.64603465 20.75084933 24.26001194]
 [10.07365924 14.26802076 19.44996165 28.00298341 17.39151118 13.63460804
  22.03261709 13.2181733  13.15574919 10.01013561]]