-------Running parameters--------
T = 0.001
temperature_gradient = 0.0
gap = 0.0
M = 10
N = 10
VR = 0.0
Vmin = 0.0
Vmax = 1.1
vStep = 0.001
vSym = True
repeats = 50
fileName = array_10_10_disorder_c_std_0.1_r_std_11_run_1
dist = exp
fullOutput = True
use_graph = False
current_map = True
plot_current_map = False
plot_binary_current_map = False
frame_norm = False
dbg = False
resume = False
sc = False
leaping = False
constQ = False
modifyR = False
double_time = False
double_loop = False
output_folder = bgu_2d_finite_temperature_different_disorders_statistics
params_path = 
VG_avg = 0.0
VG_std = 0.0
C_avg = 2.0
C_std = 0.1
CG_avg = 10.0
CG_std = 0.0
R_avg = 20.0
R_std = 11.0
custom_rh = ""
custom_rv = ""
custom_ch = ""
custom_cv = ""
RG_avg = 500.0
RG_std = 0.0
n0_avg = 0.0
n0_std = 0.0
Q0_avg = 0.0
Q0_std = 0.0
----Array Parameters-----
Rows: 10
Columns: 10
VG: [[0.]
 [0.]
 [0.]
 [0.]
 [0.]
 [0.]
 [0.]
 [0.]
 [0.]
 [0.]
 [0.]
 [0.]
 [0.]
 [0.]
 [0.]
 [0.]
 [0.]
 [0.]
 [0.]
 [0.]
 [0.]
 [0.]
 [0.]
 [0.]
 [0.]
 [0.]
 [0.]
 [0.]
 [0.]
 [0.]
 [0.]
 [0.]
 [0.]
 [0.]
 [0.]
 [0.]
 [0.]
 [0.]
 [0.]
 [0.]
 [0.]
 [0.]
 [0.]
 [0.]
 [0.]
 [0.]
 [0.]
 [0.]
 [0.]
 [0.]
 [0.]
 [0.]
 [0.]
 [0.]
 [0.]
 [0.]
 [0.]
 [0.]
 [0.]
 [0.]
 [0.]
 [0.]
 [0.]
 [0.]
 [0.]
 [0.]
 [0.]
 [0.]
 [0.]
 [0.]
 [0.]
 [0.]
 [0.]
 [0.]
 [0.]
 [0.]
 [0.]
 [0.]
 [0.]
 [0.]
 [0.]
 [0.]
 [0.]
 [0.]
 [0.]
 [0.]
 [0.]
 [0.]
 [0.]
 [0.]
 [0.]
 [0.]
 [0.]
 [0.]
 [0.]
 [0.]
 [0.]
 [0.]
 [0.]
 [0.]]
CG: [[10.]
 [10.]
 [10.]
 [10.]
 [10.]
 [10.]
 [10.]
 [10.]
 [10.]
 [10.]
 [10.]
 [10.]
 [10.]
 [10.]
 [10.]
 [10.]
 [10.]
 [10.]
 [10.]
 [10.]
 [10.]
 [10.]
 [10.]
 [10.]
 [10.]
 [10.]
 [10.]
 [10.]
 [10.]
 [10.]
 [10.]
 [10.]
 [10.]
 [10.]
 [10.]
 [10.]
 [10.]
 [10.]
 [10.]
 [10.]
 [10.]
 [10.]
 [10.]
 [10.]
 [10.]
 [10.]
 [10.]
 [10.]
 [10.]
 [10.]
 [10.]
 [10.]
 [10.]
 [10.]
 [10.]
 [10.]
 [10.]
 [10.]
 [10.]
 [10.]
 [10.]
 [10.]
 [10.]
 [10.]
 [10.]
 [10.]
 [10.]
 [10.]
 [10.]
 [10.]
 [10.]
 [10.]
 [10.]
 [10.]
 [10.]
 [10.]
 [10.]
 [10.]
 [10.]
 [10.]
 [10.]
 [10.]
 [10.]
 [10.]
 [10.]
 [10.]
 [10.]
 [10.]
 [10.]
 [10.]
 [10.]
 [10.]
 [10.]
 [10.]
 [10.]
 [10.]
 [10.]
 [10.]
 [10.]
 [10.]]
RG: [[500.]
 [500.]
 [500.]
 [500.]
 [500.]
 [500.]
 [500.]
 [500.]
 [500.]
 [500.]
 [500.]
 [500.]
 [500.]
 [500.]
 [500.]
 [500.]
 [500.]
 [500.]
 [500.]
 [500.]
 [500.]
 [500.]
 [500.]
 [500.]
 [500.]
 [500.]
 [500.]
 [500.]
 [500.]
 [500.]
 [500.]
 [500.]
 [500.]
 [500.]
 [500.]
 [500.]
 [500.]
 [500.]
 [500.]
 [500.]
 [500.]
 [500.]
 [500.]
 [500.]
 [500.]
 [500.]
 [500.]
 [500.]
 [500.]
 [500.]
 [500.]
 [500.]
 [500.]
 [500.]
 [500.]
 [500.]
 [500.]
 [500.]
 [500.]
 [500.]
 [500.]
 [500.]
 [500.]
 [500.]
 [500.]
 [500.]
 [500.]
 [500.]
 [500.]
 [500.]
 [500.]
 [500.]
 [500.]
 [500.]
 [500.]
 [500.]
 [500.]
 [500.]
 [500.]
 [500.]
 [500.]
 [500.]
 [500.]
 [500.]
 [500.]
 [500.]
 [500.]
 [500.]
 [500.]
 [500.]
 [500.]
 [500.]
 [500.]
 [500.]
 [500.]
 [500.]
 [500.]
 [500.]
 [500.]
 [500.]]
Ch: [[1.93269067 1.91048708 1.99612767 1.90686562 2.07636105 1.99382174
  1.96267454 1.97757234 1.95119    1.96736335 2.03003074]
 [2.03470419 2.0764981  1.90544677 1.95947636 1.90973923 2.00268062
  2.05582701 2.04256026 2.07206168 1.91547588 2.00309094]
 [1.90966248 1.95035107 2.03778062 1.97622636 1.99200059 1.93417774
  2.09485739 1.99827203 1.90693675 2.06117932 2.03368002]
 [1.9039176  1.9678851  1.93674669 2.06253989 1.99478361 2.09331195
  1.94054331 1.92925404 2.07628978 1.90136244 2.02501441]
 [1.91173463 1.95568004 1.99567486 1.98759765 2.07973595 2.0411423
  2.01469192 1.99814089 1.90685178 2.07346952 2.05692187]
 [1.96935316 2.08000755 1.93705532 2.07696089 1.9809912  1.90476103
  2.08722594 1.92974571 2.03228198 1.92259356 2.09588213]
 [1.9394345  2.05379956 1.97508758 1.97626752 2.05533172 1.93168385
  2.07335337 1.9904239  2.01104605 1.98213581 2.01813568]
 [2.02371735 2.09687641 1.9188641  1.90036356 1.94727786 2.03362778
  2.0766089  1.940298   1.95022278 1.91023412 2.05760354]
 [1.93421044 2.02822292 2.05240934 1.98656268 1.9485213  1.99689224
  2.04643132 2.05820656 1.98239039 2.03188977 2.08560082]
 [1.95497394 1.98170645 2.08617606 1.941595   1.92811844 1.91248953
  2.00447743 2.09811432 2.06007774 1.99977149 1.9017062 ]]
Cv: [[0.         0.         0.         0.         0.         0.
  0.         0.         0.         0.        ]
 [1.97861134 1.93210235 1.95826271 1.95378954 2.03949212 2.04058728
  2.05093139 1.91933543 2.06988796 2.06981692]
 [1.96028242 1.96109919 1.95730786 2.01729519 1.9107358  1.91314541
  2.09025709 1.91805487 1.93701549 2.08319733]
 [2.02124556 1.98106161 1.95986861 2.02778904 1.98808496 1.98072031
  1.92945702 2.07668798 1.94131514 2.00185189]
 [1.9072804  1.97804928 2.06880106 1.96507238 1.90578044 1.91162284
  1.92031865 2.04801571 2.03731339 1.93477276]
 [2.00708727 1.93620868 2.02747951 1.98051932 2.00721728 1.92560871
  2.03998249 1.90921094 2.00566765 2.00648985]
 [1.90085804 1.98060639 2.03525313 1.96995618 1.94220675 2.09132203
  2.03340398 1.90523721 2.02375697 1.91266607]
 [1.95849946 1.97032957 1.99524849 1.92880374 2.03040966 1.98765728
  2.0770953  2.09616052 1.93786441 1.95692706]
 [1.92102362 1.90585821 1.91671493 1.96302187 2.04797129 2.08864414
  2.03199538 1.90427811 1.93280728 2.09296067]
 [1.99064918 1.96628599 2.02341347 2.09952502 1.91285285 2.02318797
  1.96760191 1.97165452 2.01856651 2.00438739]]
Rh: [[26.67836092 26.50458422 29.15109386 28.56550636 28.09521764 22.02527874
  24.49858381 15.1713815   9.12774717 27.83911326 19.928971  ]
 [24.49179649 26.14403862 29.31568041 23.95357208 10.02638003 19.89969946
  30.90131782 13.40862924 23.79824214 13.38264366 15.54613686]
 [24.15137055 24.03309283 23.66831304 10.98578581 21.80611533 21.01731422
  14.09205056 10.72051884 16.27639656 14.40005439 18.77535053]
 [15.55742113  9.0330307  29.71192618 21.01450562 14.41459454 21.75601436
  10.64078475 21.2073248  12.57718424 10.66012793 22.0725467 ]
 [13.91801747 27.00173203  9.46348397 29.44714252 12.37727631 22.57712227
  30.60884958 22.09643264 10.77875321 11.31623583 18.14435379]
 [17.96164677 11.36130077  9.87079185 10.30371266 27.99580647 19.81758899
  23.67958061 22.94031415 21.94034474 18.05619154 20.57913656]
 [21.91118964 21.96006037 27.46970344 13.64837265 30.0399699  12.0697383
  12.65084248 15.03627081 12.36391269 23.37525323 24.67693318]
 [26.9997871  17.53900707 27.7040659  18.32852138 30.49026082  9.50759755
  20.34755931 14.70959944 18.36046568 28.10950484 11.46151379]
 [13.21964732 11.40479647 21.15485263 13.92825311 19.01501987 20.34332532
  25.96555229 14.75848382 14.53426617 27.87132208 29.36366792]
 [20.97635614 20.63793011 15.32534257 24.85800068 16.35460885 14.51965144
  12.11319475 17.79736239 15.2057652  14.02887663 25.92911454]]
Rv: [[14.8715685  14.76347259 24.66872821  9.14374847 12.02408819 26.70664724
  20.99056543 29.4521178  24.13951239 11.45944266]
 [30.56762281 20.72050783 18.06678656 16.95471977 12.85554887 22.81839145
  23.2959289  18.85067123 22.85038937 13.25761305]
 [18.39135973 13.75721618 15.09320305 11.20922273 10.07368609  9.47751457
  21.53285044 12.58008293 18.53974945 12.61743345]
 [25.71007898 13.95692232 16.02457237 23.56643926 11.4278575  28.39208872
  25.12622693 30.34226172 19.42169737 18.48405563]
 [26.62155173  9.11062397 22.13713866 17.09710137 15.73368917  9.81510188
  13.76013462 19.93958623 26.32771609 29.04483497]
 [18.94794773 20.5144071  19.53594065 29.23668568 10.1393678  10.68424056
  10.46572824 10.69976657  9.32046543 12.88779931]
 [16.53602066 13.32452349 18.1975498  30.77097382 28.25934018 11.46378619
  21.13762165 11.4989563  15.72361778 23.35250972]
 [18.67172113 21.67157977 11.1389585  26.18654719  9.34494722 17.86844665
  28.42281216 21.32912441 15.87806643 30.28217341]
 [20.27674188 12.72697358 14.82075542 13.27420803  9.58179131 11.13395447
  12.98383684 22.85288106 15.57172083 10.40148717]]