-------Running parameters--------
T = 0.001
temperature_gradient = 0.0
gap = 0.0
M = 10
N = 10
VR = 0.0
Vmin = 0.0
Vmax = 1.1
vStep = 0.001
vSym = True
repeats = 50
fileName = array_10_10_disorder_c_std_0.1_r_std_13_run_9
dist = exp
fullOutput = True
use_graph = False
current_map = True
plot_current_map = False
plot_binary_current_map = False
frame_norm = False
dbg = False
resume = False
sc = False
leaping = False
constQ = False
modifyR = False
double_time = False
double_loop = False
output_folder = bgu_2d_finite_temperature_different_disorders_statistics
params_path = 
VG_avg = 0.0
VG_std = 0.0
C_avg = 2.0
C_std = 0.1
CG_avg = 10.0
CG_std = 0.0
R_avg = 20.0
R_std = 13.0
custom_rh = ""
custom_rv = ""
custom_ch = ""
custom_cv = ""
RG_avg = 500.0
RG_std = 0.0
n0_avg = 0.0
n0_std = 0.0
Q0_avg = 0.0
Q0_std = 0.0
----Array Parameters-----
Rows: 10
Columns: 10
VG: [[0.]
 [0.]
 [0.]
 [0.]
 [0.]
 [0.]
 [0.]
 [0.]
 [0.]
 [0.]
 [0.]
 [0.]
 [0.]
 [0.]
 [0.]
 [0.]
 [0.]
 [0.]
 [0.]
 [0.]
 [0.]
 [0.]
 [0.]
 [0.]
 [0.]
 [0.]
 [0.]
 [0.]
 [0.]
 [0.]
 [0.]
 [0.]
 [0.]
 [0.]
 [0.]
 [0.]
 [0.]
 [0.]
 [0.]
 [0.]
 [0.]
 [0.]
 [0.]
 [0.]
 [0.]
 [0.]
 [0.]
 [0.]
 [0.]
 [0.]
 [0.]
 [0.]
 [0.]
 [0.]
 [0.]
 [0.]
 [0.]
 [0.]
 [0.]
 [0.]
 [0.]
 [0.]
 [0.]
 [0.]
 [0.]
 [0.]
 [0.]
 [0.]
 [0.]
 [0.]
 [0.]
 [0.]
 [0.]
 [0.]
 [0.]
 [0.]
 [0.]
 [0.]
 [0.]
 [0.]
 [0.]
 [0.]
 [0.]
 [0.]
 [0.]
 [0.]
 [0.]
 [0.]
 [0.]
 [0.]
 [0.]
 [0.]
 [0.]
 [0.]
 [0.]
 [0.]
 [0.]
 [0.]
 [0.]
 [0.]]
CG: [[10.]
 [10.]
 [10.]
 [10.]
 [10.]
 [10.]
 [10.]
 [10.]
 [10.]
 [10.]
 [10.]
 [10.]
 [10.]
 [10.]
 [10.]
 [10.]
 [10.]
 [10.]
 [10.]
 [10.]
 [10.]
 [10.]
 [10.]
 [10.]
 [10.]
 [10.]
 [10.]
 [10.]
 [10.]
 [10.]
 [10.]
 [10.]
 [10.]
 [10.]
 [10.]
 [10.]
 [10.]
 [10.]
 [10.]
 [10.]
 [10.]
 [10.]
 [10.]
 [10.]
 [10.]
 [10.]
 [10.]
 [10.]
 [10.]
 [10.]
 [10.]
 [10.]
 [10.]
 [10.]
 [10.]
 [10.]
 [10.]
 [10.]
 [10.]
 [10.]
 [10.]
 [10.]
 [10.]
 [10.]
 [10.]
 [10.]
 [10.]
 [10.]
 [10.]
 [10.]
 [10.]
 [10.]
 [10.]
 [10.]
 [10.]
 [10.]
 [10.]
 [10.]
 [10.]
 [10.]
 [10.]
 [10.]
 [10.]
 [10.]
 [10.]
 [10.]
 [10.]
 [10.]
 [10.]
 [10.]
 [10.]
 [10.]
 [10.]
 [10.]
 [10.]
 [10.]
 [10.]
 [10.]
 [10.]
 [10.]]
RG: [[500.]
 [500.]
 [500.]
 [500.]
 [500.]
 [500.]
 [500.]
 [500.]
 [500.]
 [500.]
 [500.]
 [500.]
 [500.]
 [500.]
 [500.]
 [500.]
 [500.]
 [500.]
 [500.]
 [500.]
 [500.]
 [500.]
 [500.]
 [500.]
 [500.]
 [500.]
 [500.]
 [500.]
 [500.]
 [500.]
 [500.]
 [500.]
 [500.]
 [500.]
 [500.]
 [500.]
 [500.]
 [500.]
 [500.]
 [500.]
 [500.]
 [500.]
 [500.]
 [500.]
 [500.]
 [500.]
 [500.]
 [500.]
 [500.]
 [500.]
 [500.]
 [500.]
 [500.]
 [500.]
 [500.]
 [500.]
 [500.]
 [500.]
 [500.]
 [500.]
 [500.]
 [500.]
 [500.]
 [500.]
 [500.]
 [500.]
 [500.]
 [500.]
 [500.]
 [500.]
 [500.]
 [500.]
 [500.]
 [500.]
 [500.]
 [500.]
 [500.]
 [500.]
 [500.]
 [500.]
 [500.]
 [500.]
 [500.]
 [500.]
 [500.]
 [500.]
 [500.]
 [500.]
 [500.]
 [500.]
 [500.]
 [500.]
 [500.]
 [500.]
 [500.]
 [500.]
 [500.]
 [500.]
 [500.]
 [500.]]
Ch: [[1.9420488  2.02065261 1.9326174  1.95789704 1.95494242 1.91632397
  1.90551063 2.00504365 2.03641481 1.92043495 1.96307002]
 [1.9877366  2.02588493 2.06009961 2.07117946 2.04054919 1.97433048
  2.06580708 1.91663651 1.96279877 1.91072326 1.93655509]
 [1.91653989 1.9434591  2.03837055 2.09922562 1.94258669 2.00637393
  2.03524271 1.9381097  1.97008086 2.08141044 1.9725433 ]
 [1.9270839  1.97264586 1.98898141 1.98281027 1.96389941 2.00087232
  1.90989401 2.05787956 2.06727365 2.08715233 1.93554613]
 [1.94548375 2.07527779 2.0967668  2.05775036 2.05152241 1.93405794
  1.91856856 2.02250036 2.08765589 1.97918766 2.05595427]
 [1.94467953 1.94149605 2.05055366 1.91113949 2.06894295 1.9993016
  2.08125323 2.02145287 1.91101392 1.9066639  2.02767293]
 [1.92407698 1.94440089 2.01893362 2.08501265 2.01343309 2.07505832
  2.02373558 2.04193627 2.00801245 1.93741804 1.93875774]
 [1.95113566 2.00761811 2.09608806 2.00994426 1.91860314 1.96190933
  1.98185732 1.93345666 2.0842647  1.9518298  1.98717939]
 [1.96066387 2.06012824 2.07711917 1.9796088  1.96093828 2.0603203
  1.97214101 2.05620739 1.95224568 1.98430777 1.90428771]
 [2.09767265 1.99983934 1.97068258 2.06875262 1.92727069 2.02466476
  2.0349502  1.9575903  2.03525389 2.05031121 1.97799085]]
Cv: [[0.         0.         0.         0.         0.         0.
  0.         0.         0.         0.        ]
 [1.90191429 2.07086552 2.09895986 2.02114391 1.94712088 1.9788025
  2.0706896  1.97692859 2.09837703 2.05838753]
 [2.02917589 2.07502796 1.96490885 2.07970476 2.07620115 1.9608684
  2.0274405  1.91880426 1.95405619 1.91174876]
 [2.03122375 2.05258925 1.9542441  1.96111608 2.05303765 2.03006411
  1.91732307 2.07167422 1.94262619 2.05357685]
 [1.93028398 1.95845686 1.97678091 1.96129864 1.93352549 1.97456867
  1.94045004 1.97518909 2.02981574 1.90520916]
 [1.98246977 1.99156774 1.90037012 2.0017044  2.05484474 2.00850091
  1.96080898 1.91541982 1.97560914 1.94619683]
 [1.99083817 1.94066184 1.91015364 1.91536452 2.07188298 1.92706385
  1.90391896 1.99484379 2.0429114  1.92168021]
 [2.01718153 2.04684691 1.92055955 2.08849862 2.05095625 2.03507223
  1.93731914 1.95718165 1.91608563 1.90075627]
 [1.98455191 1.95271781 2.03593784 1.9849857  2.00877928 2.05017016
  2.0892919  1.92245365 1.91607613 2.08088513]
 [2.07580817 1.97688639 2.06133573 1.93473012 2.00238077 2.06874097
  1.95789901 1.90050281 2.08487933 1.94689896]]
Rh: [[11.97190512  8.92748642  7.26954606  9.35124901  7.42884276 26.5961954
   7.19965589 10.17207755 18.2380423  31.79465825 23.47786886]
 [ 8.8274368  13.45030531 13.00077399 10.40309079 15.66394213 19.59754777
  16.51681041 17.10993794 19.71028748 17.10128256 11.07944313]
 [11.96010659 19.24897494  7.5012485  11.29859377  7.09322777 32.76285597
  16.492195   24.13637054 12.69692039 24.41852086 30.035383  ]
 [21.51428367 19.62979535 10.41204146 20.88853573 14.77321949  9.12615527
   8.93769564 13.03342285 15.00720512 31.71654226 16.71579508]
 [21.20849364 10.56581073 20.2689478   7.55132654 23.19017591  8.47060535
  10.71974458 25.65831884  8.1789971  13.75119415  8.53525037]
 [23.55110983 13.87507194 18.42108677 30.6743798   7.70896738  8.0314257
  23.57047119  7.88575663 10.49519006 10.31193908 20.64560078]
 [22.60592292 15.23544926 10.44738381  9.82982437  9.22979641  9.99911943
  19.66132393 21.90017798 28.77633986  9.70027137 25.91134877]
 [ 9.76192202 19.11720947 23.59537305 14.76758941 12.86424804  7.42125276
   9.17536113 24.65931316 10.48660699 31.21040542 32.77319932]
 [15.96903388 19.47185255 32.58256611  8.22453949  8.62303191 30.49465413
   7.97658533 22.83968902  7.08092768 30.98155677 16.26515751]
 [18.20428149 18.24248753 21.01529021 19.74370913 24.27961167 27.78377848
  12.47666037 11.7682901  28.79668755 23.80487142 11.0746376 ]]
Rv: [[ 8.87592198 11.54341128  8.51701619 26.19447644  9.19573489 10.86513992
  10.9558683   8.10851342 13.27320756  9.12016878]
 [26.38713891  9.23679502  9.50683262 30.35016503 20.68962614 13.13104753
  11.34788334 15.55620152  8.76263305 13.46968128]
 [ 7.78378518 26.49078973  8.97176718 13.5683081  10.13085519 15.57223807
  18.69342756 30.45718461 16.72763399 12.37064214]
 [10.68593271 31.07344247 17.37737326 20.44557857  7.63592377 14.34155856
  32.18614587 13.48654055 15.03525863 17.12263486]
 [ 9.60128265 20.28081966 28.5191005  10.4255893  16.7576519   8.70955758
  13.96667527 12.1318249   7.36871164 31.05351682]
 [ 9.10984588 13.30982373 25.44368592  8.01241672 25.00321617 13.03858245
  32.15143619 14.95106659 16.66940724 20.30066146]
 [27.73861014  9.51392242 11.72091247 18.6319836  22.12438415 27.69915453
   9.43379025  9.8528233   8.27805788 10.11023392]
 [20.27053877 20.31852497 12.56908601  7.80867381 19.09058427 12.99700599
  22.60775609 15.41945199 11.66870573 19.87884362]
 [19.98781796 12.5279043  30.24935331 12.85652981 15.98621128 14.34938416
   9.0585688  28.4846988  17.42735927 11.41012614]]