-------Running parameters--------
T = 0.001
temperature_gradient = 0.0
gap = 0.0
M = 10
N = 10
VR = 0.0
Vmin = 0.0
Vmax = 1.1
vStep = 0.001
vSym = True
repeats = 50
fileName = array_10_10_disorder_c_std_0.1_r_std_19_run_8
dist = exp
fullOutput = True
use_graph = False
current_map = True
plot_current_map = False
plot_binary_current_map = False
frame_norm = False
dbg = False
resume = False
sc = False
leaping = False
constQ = False
modifyR = False
double_time = False
double_loop = False
output_folder = bgu_2d_finite_temperature_different_disorders_statistics
params_path = 
VG_avg = 0.0
VG_std = 0.0
C_avg = 2.0
C_std = 0.1
CG_avg = 10.0
CG_std = 0.0
R_avg = 20.0
R_std = 19.0
custom_rh = ""
custom_rv = ""
custom_ch = ""
custom_cv = ""
RG_avg = 500.0
RG_std = 0.0
n0_avg = 0.0
n0_std = 0.0
Q0_avg = 0.0
Q0_std = 0.0
----Array Parameters-----
Rows: 10
Columns: 10
VG: [[0.]
 [0.]
 [0.]
 [0.]
 [0.]
 [0.]
 [0.]
 [0.]
 [0.]
 [0.]
 [0.]
 [0.]
 [0.]
 [0.]
 [0.]
 [0.]
 [0.]
 [0.]
 [0.]
 [0.]
 [0.]
 [0.]
 [0.]
 [0.]
 [0.]
 [0.]
 [0.]
 [0.]
 [0.]
 [0.]
 [0.]
 [0.]
 [0.]
 [0.]
 [0.]
 [0.]
 [0.]
 [0.]
 [0.]
 [0.]
 [0.]
 [0.]
 [0.]
 [0.]
 [0.]
 [0.]
 [0.]
 [0.]
 [0.]
 [0.]
 [0.]
 [0.]
 [0.]
 [0.]
 [0.]
 [0.]
 [0.]
 [0.]
 [0.]
 [0.]
 [0.]
 [0.]
 [0.]
 [0.]
 [0.]
 [0.]
 [0.]
 [0.]
 [0.]
 [0.]
 [0.]
 [0.]
 [0.]
 [0.]
 [0.]
 [0.]
 [0.]
 [0.]
 [0.]
 [0.]
 [0.]
 [0.]
 [0.]
 [0.]
 [0.]
 [0.]
 [0.]
 [0.]
 [0.]
 [0.]
 [0.]
 [0.]
 [0.]
 [0.]
 [0.]
 [0.]
 [0.]
 [0.]
 [0.]
 [0.]]
CG: [[10.]
 [10.]
 [10.]
 [10.]
 [10.]
 [10.]
 [10.]
 [10.]
 [10.]
 [10.]
 [10.]
 [10.]
 [10.]
 [10.]
 [10.]
 [10.]
 [10.]
 [10.]
 [10.]
 [10.]
 [10.]
 [10.]
 [10.]
 [10.]
 [10.]
 [10.]
 [10.]
 [10.]
 [10.]
 [10.]
 [10.]
 [10.]
 [10.]
 [10.]
 [10.]
 [10.]
 [10.]
 [10.]
 [10.]
 [10.]
 [10.]
 [10.]
 [10.]
 [10.]
 [10.]
 [10.]
 [10.]
 [10.]
 [10.]
 [10.]
 [10.]
 [10.]
 [10.]
 [10.]
 [10.]
 [10.]
 [10.]
 [10.]
 [10.]
 [10.]
 [10.]
 [10.]
 [10.]
 [10.]
 [10.]
 [10.]
 [10.]
 [10.]
 [10.]
 [10.]
 [10.]
 [10.]
 [10.]
 [10.]
 [10.]
 [10.]
 [10.]
 [10.]
 [10.]
 [10.]
 [10.]
 [10.]
 [10.]
 [10.]
 [10.]
 [10.]
 [10.]
 [10.]
 [10.]
 [10.]
 [10.]
 [10.]
 [10.]
 [10.]
 [10.]
 [10.]
 [10.]
 [10.]
 [10.]
 [10.]]
RG: [[500.]
 [500.]
 [500.]
 [500.]
 [500.]
 [500.]
 [500.]
 [500.]
 [500.]
 [500.]
 [500.]
 [500.]
 [500.]
 [500.]
 [500.]
 [500.]
 [500.]
 [500.]
 [500.]
 [500.]
 [500.]
 [500.]
 [500.]
 [500.]
 [500.]
 [500.]
 [500.]
 [500.]
 [500.]
 [500.]
 [500.]
 [500.]
 [500.]
 [500.]
 [500.]
 [500.]
 [500.]
 [500.]
 [500.]
 [500.]
 [500.]
 [500.]
 [500.]
 [500.]
 [500.]
 [500.]
 [500.]
 [500.]
 [500.]
 [500.]
 [500.]
 [500.]
 [500.]
 [500.]
 [500.]
 [500.]
 [500.]
 [500.]
 [500.]
 [500.]
 [500.]
 [500.]
 [500.]
 [500.]
 [500.]
 [500.]
 [500.]
 [500.]
 [500.]
 [500.]
 [500.]
 [500.]
 [500.]
 [500.]
 [500.]
 [500.]
 [500.]
 [500.]
 [500.]
 [500.]
 [500.]
 [500.]
 [500.]
 [500.]
 [500.]
 [500.]
 [500.]
 [500.]
 [500.]
 [500.]
 [500.]
 [500.]
 [500.]
 [500.]
 [500.]
 [500.]
 [500.]
 [500.]
 [500.]
 [500.]]
Ch: [[1.9927137  1.92547011 2.01334805 1.97032266 1.95409882 2.02379054
  2.01141934 1.98644969 2.01943427 1.96178373 2.0190589 ]
 [2.0876499  1.94699429 2.07028525 2.01168696 1.93178259 2.09195655
  2.06063866 1.97771557 1.95548512 2.08931417 1.91662161]
 [2.08254903 2.01758372 1.95372922 2.04050654 1.94907956 2.0922277
  1.91285151 2.01253575 2.01370046 1.9455863  1.97468719]
 [2.0164518  1.99138162 2.05075745 1.98673223 1.96024826 2.05010814
  1.94440091 1.94131509 2.06289963 2.07341163 1.96935714]
 [1.94682119 1.94856398 1.90553032 2.01174715 2.08150384 2.00390902
  1.90235857 2.02457342 2.0385494  1.90258209 1.90103382]
 [1.93631908 1.90472344 1.94405389 2.07953557 2.06751146 1.99814178
  1.92549852 1.9839794  1.95073284 2.03713702 1.997009  ]
 [1.9444404  2.03473893 2.01502552 2.04151963 2.07685365 2.05266136
  2.04873596 2.00972703 2.02046655 2.04668103 2.02598218]
 [1.9267371  1.90261348 1.92376864 1.9543399  2.04151742 1.93050537
  1.98915872 2.00209361 1.9750114  1.92127425 1.90591269]
 [2.09176792 2.07325248 1.90434816 1.95832499 1.96950389 1.96183906
  2.04788864 1.95686178 1.92759901 2.09597609 1.9683091 ]
 [2.03022175 1.94016081 2.06822836 2.09555258 1.9042918  2.0643936
  1.96677824 2.08396938 2.04698934 2.03487664 1.95792568]]
Cv: [[0.         0.         0.         0.         0.         0.
  0.         0.         0.         0.        ]
 [2.08873206 2.00509056 2.0826527  2.05467047 2.03331186 1.99388822
  1.93592529 2.00229263 1.93923474 2.03043655]
 [2.0638434  2.05658009 2.07148081 1.96237162 2.01923457 1.9608851
  2.03564413 1.99951532 1.91077328 2.05556849]
 [1.92706013 1.9538432  1.93206761 1.95032842 2.03473265 1.94461529
  1.92224383 1.98447012 2.05780462 1.99175269]
 [2.09265468 1.98150843 2.00438425 2.017932   1.91648474 2.07010221
  1.98360516 1.92571907 1.97044223 1.95289073]
 [2.01735861 2.01723244 2.00257557 2.01767457 1.90740719 1.92896084
  1.98522656 2.06148799 1.92783349 1.94184296]
 [2.09787057 1.95331684 1.93857202 1.95619595 1.95113127 1.9080014
  1.96210659 1.9122798  2.03871156 1.90988464]
 [1.95256706 2.0388853  2.05233343 1.91586502 1.96488096 1.93601916
  2.02697134 2.02231252 2.06112931 1.95978498]
 [1.9429688  1.95085128 1.9321445  2.00811346 2.05943622 2.06096017
  1.99800501 2.00806194 2.06991243 2.09364089]
 [1.90555191 2.04189008 2.06314202 1.9381216  1.97572123 1.92567885
  2.0796647  2.08521055 2.0313051  2.03163098]]
Rh: [[15.75555803 18.78334649 33.94275212  2.46514602  3.68185686  7.7378809
   1.24363571  4.39504131 17.33897468 27.81909656  4.06923951]
 [ 1.71009076  5.81783923  4.68139414 32.75732278  2.14028901  2.30059619
   1.43818634  2.10737574  2.07218611 35.43461801  3.70169895]
 [18.12477274  5.8745509   1.57726494  3.79513213 10.72495474 28.89882738
  18.27433128  6.55919462 23.1364278   1.15668961  6.50296279]
 [ 1.32789671  2.90697577 34.06404078  1.8060794  29.27660541 21.69931237
   2.67561273  5.80978692 27.88543448 37.44414751  7.7056447 ]
 [ 5.37872911 22.88528041  5.93212263  2.54610502 12.69446054  7.31788883
  11.33426335  2.05424349  1.51240713  1.00675896  1.73204187]
 [11.989193   11.34312655 22.24813753 38.00491336  1.08272027  4.05890631
   1.86513418  2.25177687 14.29612218  1.68874102  4.14306388]
 [ 1.97188955  1.13049411 20.54021178  5.83893031 11.69171543  2.69891868
   2.74522002  8.84789295 17.42998011 11.41336046  1.1677106 ]
 [ 9.72433599 17.198218   16.2297944   1.25241136  1.36125362  1.10134765
  14.71231263 17.42759319 17.22418036  1.11401592  3.97711515]
 [19.06439848  7.71605778 28.09127866 14.47598364 35.26586447  1.14703249
   1.68816061 10.24035321 21.7671137   1.54029322  2.5754364 ]
 [16.53425743  3.3052384   7.1076535  13.22137913  4.88896647 34.01211812
   1.28039438  4.63879392  3.00589322  5.30388351  2.1741836 ]]
Rv: [[ 7.77748297  6.79247054 13.7323694   1.22568669 28.39198596 19.18969517
   1.46012575  4.15477928  1.93056389  2.06457462]
 [11.29981769 19.72302265  4.6514331   3.44031966 21.5789823  12.90123415
   1.13668117 28.57274736 13.50414191  1.78299873]
 [ 7.5019717   3.97852154 15.81783116 11.64277898  2.70172029 15.56044067
   6.13725717  4.48476952 12.9636083   2.06814197]
 [ 4.02093787  6.86477176  3.65314406  6.96865142  6.52210802  9.0100452
  31.39325561  5.49096383  9.78305656  1.89605448]
 [ 9.47127068 18.68059021  3.67338145  4.81743737  6.90984463  4.70527676
  29.94395892  1.13146349  4.96016237  9.35755006]
 [ 3.35977449  4.85287925 26.75288524  1.29608962  5.96416371 12.60165122
  12.00334699  1.92055295 27.11636823  5.74317311]
 [ 1.95069769 15.55688673 12.75803757  1.81752826  2.69813321  2.53899561
   1.58006174  1.6371028   5.29122847 23.79854514]
 [33.23020543  5.09162315 26.28462955  8.83873851  1.3912805  29.37804694
   9.32471903 33.35712202 36.64225967 13.82821633]
 [ 3.46063491 12.51000116  4.10956004  2.71279585 13.49601616 23.09923154
  35.82486727 11.25999677  1.98263059  7.37799845]]