-------Running parameters--------
T = 0.001
temperature_gradient = 0.0
gap = 0.0
M = 10
N = 10
VR = 0.0
Vmin = 0.0
Vmax = 1.1
vStep = 0.001
vSym = True
repeats = 50
fileName = array_10_10_disorder_c_std_0.1_r_std_9_run_10
dist = exp
fullOutput = True
use_graph = False
current_map = True
plot_current_map = False
plot_binary_current_map = False
frame_norm = False
dbg = False
resume = False
sc = False
leaping = False
constQ = False
modifyR = False
double_time = False
double_loop = False
output_folder = bgu_2d_finite_temperature_different_disorders_statistics
params_path = 
VG_avg = 0.0
VG_std = 0.0
C_avg = 2.0
C_std = 0.1
CG_avg = 10.0
CG_std = 0.0
R_avg = 10.0
R_std = 9.0
custom_rh = ""
custom_rv = ""
custom_ch = ""
custom_cv = ""
RG_avg = 500.0
RG_std = 0.0
n0_avg = 0.0
n0_std = 0.0
Q0_avg = 0.0
Q0_std = 0.0
----Array Parameters-----
Rows: 10
Columns: 10
VG: [[0.]
 [0.]
 [0.]
 [0.]
 [0.]
 [0.]
 [0.]
 [0.]
 [0.]
 [0.]
 [0.]
 [0.]
 [0.]
 [0.]
 [0.]
 [0.]
 [0.]
 [0.]
 [0.]
 [0.]
 [0.]
 [0.]
 [0.]
 [0.]
 [0.]
 [0.]
 [0.]
 [0.]
 [0.]
 [0.]
 [0.]
 [0.]
 [0.]
 [0.]
 [0.]
 [0.]
 [0.]
 [0.]
 [0.]
 [0.]
 [0.]
 [0.]
 [0.]
 [0.]
 [0.]
 [0.]
 [0.]
 [0.]
 [0.]
 [0.]
 [0.]
 [0.]
 [0.]
 [0.]
 [0.]
 [0.]
 [0.]
 [0.]
 [0.]
 [0.]
 [0.]
 [0.]
 [0.]
 [0.]
 [0.]
 [0.]
 [0.]
 [0.]
 [0.]
 [0.]
 [0.]
 [0.]
 [0.]
 [0.]
 [0.]
 [0.]
 [0.]
 [0.]
 [0.]
 [0.]
 [0.]
 [0.]
 [0.]
 [0.]
 [0.]
 [0.]
 [0.]
 [0.]
 [0.]
 [0.]
 [0.]
 [0.]
 [0.]
 [0.]
 [0.]
 [0.]
 [0.]
 [0.]
 [0.]
 [0.]]
CG: [[10.]
 [10.]
 [10.]
 [10.]
 [10.]
 [10.]
 [10.]
 [10.]
 [10.]
 [10.]
 [10.]
 [10.]
 [10.]
 [10.]
 [10.]
 [10.]
 [10.]
 [10.]
 [10.]
 [10.]
 [10.]
 [10.]
 [10.]
 [10.]
 [10.]
 [10.]
 [10.]
 [10.]
 [10.]
 [10.]
 [10.]
 [10.]
 [10.]
 [10.]
 [10.]
 [10.]
 [10.]
 [10.]
 [10.]
 [10.]
 [10.]
 [10.]
 [10.]
 [10.]
 [10.]
 [10.]
 [10.]
 [10.]
 [10.]
 [10.]
 [10.]
 [10.]
 [10.]
 [10.]
 [10.]
 [10.]
 [10.]
 [10.]
 [10.]
 [10.]
 [10.]
 [10.]
 [10.]
 [10.]
 [10.]
 [10.]
 [10.]
 [10.]
 [10.]
 [10.]
 [10.]
 [10.]
 [10.]
 [10.]
 [10.]
 [10.]
 [10.]
 [10.]
 [10.]
 [10.]
 [10.]
 [10.]
 [10.]
 [10.]
 [10.]
 [10.]
 [10.]
 [10.]
 [10.]
 [10.]
 [10.]
 [10.]
 [10.]
 [10.]
 [10.]
 [10.]
 [10.]
 [10.]
 [10.]
 [10.]]
RG: [[500.]
 [500.]
 [500.]
 [500.]
 [500.]
 [500.]
 [500.]
 [500.]
 [500.]
 [500.]
 [500.]
 [500.]
 [500.]
 [500.]
 [500.]
 [500.]
 [500.]
 [500.]
 [500.]
 [500.]
 [500.]
 [500.]
 [500.]
 [500.]
 [500.]
 [500.]
 [500.]
 [500.]
 [500.]
 [500.]
 [500.]
 [500.]
 [500.]
 [500.]
 [500.]
 [500.]
 [500.]
 [500.]
 [500.]
 [500.]
 [500.]
 [500.]
 [500.]
 [500.]
 [500.]
 [500.]
 [500.]
 [500.]
 [500.]
 [500.]
 [500.]
 [500.]
 [500.]
 [500.]
 [500.]
 [500.]
 [500.]
 [500.]
 [500.]
 [500.]
 [500.]
 [500.]
 [500.]
 [500.]
 [500.]
 [500.]
 [500.]
 [500.]
 [500.]
 [500.]
 [500.]
 [500.]
 [500.]
 [500.]
 [500.]
 [500.]
 [500.]
 [500.]
 [500.]
 [500.]
 [500.]
 [500.]
 [500.]
 [500.]
 [500.]
 [500.]
 [500.]
 [500.]
 [500.]
 [500.]
 [500.]
 [500.]
 [500.]
 [500.]
 [500.]
 [500.]
 [500.]
 [500.]
 [500.]
 [500.]]
Ch: [[1.97800413 2.05815503 1.90268628 1.92459537 1.94351676 2.09344838
  1.90144572 1.95265193 2.09134912 2.07620523 1.97731121]
 [2.06364926 1.93969341 2.07178039 1.99015204 1.98622825 1.93552567
  1.97037421 2.06678535 2.06038182 1.90691084 2.09330098]
 [2.02373589 1.91213044 1.90294254 1.93292923 2.07753437 2.05660903
  1.90867714 1.90484093 2.06373764 1.91792713 1.93079576]
 [1.95942714 2.06775008 2.00484888 1.98687961 1.98512916 2.01844057
  2.03813802 2.03198329 1.91710724 1.93937188 1.91769428]
 [2.02048193 2.0789184  2.06043057 2.02805695 1.96435927 1.9630303
  1.92561779 1.98001404 2.0805043  2.03844292 2.04252382]
 [1.95699426 1.92531432 2.02794374 2.06095471 1.94469064 1.97535092
  1.92919824 2.07579858 2.0503362  2.03349775 2.09031273]
 [1.95762027 2.09398934 1.99217066 1.99723    1.93700287 2.03143531
  2.04281935 2.08384391 2.02535199 1.96988477 2.0767719 ]
 [1.90802791 1.90576759 2.05637351 2.07108143 1.94622305 1.91522307
  2.07046753 2.07075538 2.06305786 1.93719336 1.99396131]
 [1.92846937 1.94345399 1.94105569 2.07742649 2.08753134 1.9511901
  2.03016639 1.93158664 1.94340667 1.9961296  2.00796359]
 [1.91221364 1.91705727 1.93414169 2.05296732 2.05095009 1.92459143
  2.01017008 2.04445835 1.94660406 1.90730904 2.01179681]]
Cv: [[0.         0.         0.         0.         0.         0.
  0.         0.         0.         0.        ]
 [1.93774047 1.94273077 2.06463261 2.01918657 2.09425392 2.07984361
  1.98368804 1.9772463  1.99113917 1.94237069]
 [1.95037261 2.03669102 1.92195394 1.93154473 2.00744966 1.99279578
  1.91871892 1.96592285 1.97363093 2.04706706]
 [2.06822236 2.04212286 2.03422499 2.07212554 1.92727595 2.01667254
  2.05442848 1.97586914 1.93416883 1.96313051]
 [2.00361108 2.07685242 1.96413066 1.9236414  1.95985978 2.06065595
  2.07289652 1.9230392  1.99796087 2.01539305]
 [2.024642   2.07834998 2.06988953 1.90071854 2.06484797 1.95024844
  2.02546326 2.06507681 1.98707191 2.03759145]
 [1.90798187 2.01596683 2.08089671 1.98882196 2.0304942  1.96923245
  2.05199165 1.98825899 1.97946322 1.97879701]
 [1.92122229 2.01948648 1.90073792 1.9350196  1.91807401 1.90914855
  1.98330259 1.97698591 1.98379384 1.96913122]
 [2.05190109 2.06082392 1.95087786 1.91914085 2.05836897 1.94050404
  1.92182529 2.00329781 2.05879667 1.92753463]
 [2.07709509 2.08860363 1.92877074 1.93101272 1.94682997 2.06407577
  1.98374906 1.96465835 1.93169356 2.06658585]]
Rh: [[ 1.7754955   9.54712646  4.35717076  1.51669118  2.47144967  5.8206944
   1.32550831  6.01208029 13.94385523  1.67269567  2.21420181]
 [ 6.10402263 11.50305767 11.52576711  1.01045418  1.13341796 10.5653145
   2.78700155  1.0209634   2.48307137  1.22590526  1.43814415]
 [ 3.82077031  1.26688895  1.87907342 11.44622423  4.32255612 16.14810845
   4.97040713  3.39994479  1.34418006 14.09443943  5.24040928]
 [ 3.45128915  5.06821482 13.69114346  2.60075044  3.32592021  3.97323265
   1.13611678  1.05198462  3.05566864  2.13263363  2.2489488 ]
 [ 1.63515834  4.04012376  2.37011016  1.31585354  1.96147327 11.71342642
  18.20307505  4.90167759 15.88375634 17.56206101  7.52969536]
 [11.71876331  1.13769091  3.84170627  6.56905336 17.90736236 17.03355627
   9.30910354  1.145171    6.99229558  1.75458859  3.72921651]
 [13.56419717  5.71196753 13.65790782 12.34601729 14.00197547 15.02414964
  16.48595943  6.57052078  2.29482396  8.33334014 10.17342887]
 [ 5.7447706   6.93503055  2.12292763 12.22644228  1.89001938  1.23549814
   5.00109029  9.13398645  8.33810002  5.41773638  4.32284915]
 [11.24550074  8.31502055  9.88040095 15.31372587  8.52085033  5.08079822
   5.38734934  1.81060956 10.63618327 10.45729848  7.95462308]
 [ 4.20164306  1.67653879  6.56476847  1.05163849  2.47634015 13.06115792
   2.27317196  3.44815646 10.64348509  2.2978657   4.49468081]]
Rv: [[ 2.28499117  2.56655549 10.03985542  4.60590071  2.00700934  3.48080256
   1.99016587  1.28524907  1.55357499 12.98835785]
 [ 1.01727072  1.07244774 10.85848635 11.49064195  9.58724336  1.86057895
   2.1057094   1.14587246  1.99288462  4.17414377]
 [ 2.70628203 18.27665652  4.28197939 17.50381929  1.90196045 10.85030489
   9.54919112  3.17675501  1.26297545  1.61348054]
 [ 1.18103531  2.39974727  6.44528098 11.07359694  1.21389092  3.58034608
  10.40346597  1.12462215  8.88284568  1.50089565]
 [ 4.39917526  2.27978174  6.02002734 11.60838884  2.59395774  4.01099469
   1.45237459  2.56141292  7.30594975  5.43153365]
 [ 2.68442802  3.42725329  1.97956611  1.93396887  5.25695475  7.15110182
   3.56434945 10.98723944  6.49710168  6.46624582]
 [ 3.93611595 18.79054655  1.84612179 15.74512881  3.09115632  2.61427492
   2.76993543  9.73823037  1.66461123  7.71068179]
 [10.16686945 14.2124156   4.46770033  2.37740248 11.53534967  8.75385486
   5.48858772  5.33146209  2.18834345  7.0377387 ]
 [ 8.04640393  5.64088323 16.33959049 16.46096849  2.26346418  1.49386804
  14.7178706   5.14597123  2.42837637  1.1860378 ]]