-------Running parameters--------
T = 0.001
temperature_gradient = 0.0
gap = 0.0
M = 10
N = 10
VR = 0.0
Vmin = 0.0
Vmax = 1.1
vStep = 0.001
vSym = True
repeats = 50
fileName = array_10_10_disorder_c_std_0.1_r_std_6.5_run_7
dist = exp
fullOutput = True
use_graph = False
current_map = True
plot_current_map = False
plot_binary_current_map = False
frame_norm = False
dbg = False
resume = False
sc = False
leaping = False
constQ = False
modifyR = False
double_time = False
double_loop = False
output_folder = bgu_2d_finite_temperature_different_disorders_statistics
params_path = 
VG_avg = 0.0
VG_std = 0.0
C_avg = 2.0
C_std = 0.1
CG_avg = 10.0
CG_std = 0.0
R_avg = 10.0
R_std = 6.5
custom_rh = ""
custom_rv = ""
custom_ch = ""
custom_cv = ""
RG_avg = 500.0
RG_std = 0.0
n0_avg = 0.0
n0_std = 0.0
Q0_avg = 0.0
Q0_std = 0.0
----Array Parameters-----
Rows: 10
Columns: 10
VG: [[0.]
 [0.]
 [0.]
 [0.]
 [0.]
 [0.]
 [0.]
 [0.]
 [0.]
 [0.]
 [0.]
 [0.]
 [0.]
 [0.]
 [0.]
 [0.]
 [0.]
 [0.]
 [0.]
 [0.]
 [0.]
 [0.]
 [0.]
 [0.]
 [0.]
 [0.]
 [0.]
 [0.]
 [0.]
 [0.]
 [0.]
 [0.]
 [0.]
 [0.]
 [0.]
 [0.]
 [0.]
 [0.]
 [0.]
 [0.]
 [0.]
 [0.]
 [0.]
 [0.]
 [0.]
 [0.]
 [0.]
 [0.]
 [0.]
 [0.]
 [0.]
 [0.]
 [0.]
 [0.]
 [0.]
 [0.]
 [0.]
 [0.]
 [0.]
 [0.]
 [0.]
 [0.]
 [0.]
 [0.]
 [0.]
 [0.]
 [0.]
 [0.]
 [0.]
 [0.]
 [0.]
 [0.]
 [0.]
 [0.]
 [0.]
 [0.]
 [0.]
 [0.]
 [0.]
 [0.]
 [0.]
 [0.]
 [0.]
 [0.]
 [0.]
 [0.]
 [0.]
 [0.]
 [0.]
 [0.]
 [0.]
 [0.]
 [0.]
 [0.]
 [0.]
 [0.]
 [0.]
 [0.]
 [0.]
 [0.]]
CG: [[10.]
 [10.]
 [10.]
 [10.]
 [10.]
 [10.]
 [10.]
 [10.]
 [10.]
 [10.]
 [10.]
 [10.]
 [10.]
 [10.]
 [10.]
 [10.]
 [10.]
 [10.]
 [10.]
 [10.]
 [10.]
 [10.]
 [10.]
 [10.]
 [10.]
 [10.]
 [10.]
 [10.]
 [10.]
 [10.]
 [10.]
 [10.]
 [10.]
 [10.]
 [10.]
 [10.]
 [10.]
 [10.]
 [10.]
 [10.]
 [10.]
 [10.]
 [10.]
 [10.]
 [10.]
 [10.]
 [10.]
 [10.]
 [10.]
 [10.]
 [10.]
 [10.]
 [10.]
 [10.]
 [10.]
 [10.]
 [10.]
 [10.]
 [10.]
 [10.]
 [10.]
 [10.]
 [10.]
 [10.]
 [10.]
 [10.]
 [10.]
 [10.]
 [10.]
 [10.]
 [10.]
 [10.]
 [10.]
 [10.]
 [10.]
 [10.]
 [10.]
 [10.]
 [10.]
 [10.]
 [10.]
 [10.]
 [10.]
 [10.]
 [10.]
 [10.]
 [10.]
 [10.]
 [10.]
 [10.]
 [10.]
 [10.]
 [10.]
 [10.]
 [10.]
 [10.]
 [10.]
 [10.]
 [10.]
 [10.]]
RG: [[500.]
 [500.]
 [500.]
 [500.]
 [500.]
 [500.]
 [500.]
 [500.]
 [500.]
 [500.]
 [500.]
 [500.]
 [500.]
 [500.]
 [500.]
 [500.]
 [500.]
 [500.]
 [500.]
 [500.]
 [500.]
 [500.]
 [500.]
 [500.]
 [500.]
 [500.]
 [500.]
 [500.]
 [500.]
 [500.]
 [500.]
 [500.]
 [500.]
 [500.]
 [500.]
 [500.]
 [500.]
 [500.]
 [500.]
 [500.]
 [500.]
 [500.]
 [500.]
 [500.]
 [500.]
 [500.]
 [500.]
 [500.]
 [500.]
 [500.]
 [500.]
 [500.]
 [500.]
 [500.]
 [500.]
 [500.]
 [500.]
 [500.]
 [500.]
 [500.]
 [500.]
 [500.]
 [500.]
 [500.]
 [500.]
 [500.]
 [500.]
 [500.]
 [500.]
 [500.]
 [500.]
 [500.]
 [500.]
 [500.]
 [500.]
 [500.]
 [500.]
 [500.]
 [500.]
 [500.]
 [500.]
 [500.]
 [500.]
 [500.]
 [500.]
 [500.]
 [500.]
 [500.]
 [500.]
 [500.]
 [500.]
 [500.]
 [500.]
 [500.]
 [500.]
 [500.]
 [500.]
 [500.]
 [500.]
 [500.]]
Ch: [[2.00734684 2.02480705 1.97210374 1.94115833 1.97165566 2.085718
  1.91497809 1.91181777 2.06957346 1.90425322 1.9901557 ]
 [2.05693709 2.09852137 2.08101408 1.9356268  2.07692968 2.07108502
  1.90811292 2.02865371 1.97712563 2.06606108 2.04782516]
 [1.96604049 1.92350531 1.95635458 2.09548769 2.04797682 1.99463543
  1.9985562  1.95145374 1.97094834 1.9050482  2.05354003]
 [2.06709816 2.04554165 2.05380411 1.94766201 2.00320533 2.09778474
  1.94362065 1.93675002 2.04293745 2.08051157 2.04622943]
 [1.98603987 2.08490925 1.92071404 2.06786194 1.93915861 2.01987696
  1.99385799 1.93880744 2.0329516  1.98980191 1.98684702]
 [2.07969951 1.94724748 2.05231895 1.94089142 1.96575392 1.95239457
  1.94255919 2.00844871 2.00000462 2.02066187 1.97005381]
 [1.9181826  1.9205268  1.92859539 1.96898506 1.9109092  1.98207659
  1.99741993 1.96173477 1.94986131 2.05126808 2.02023291]
 [1.92509733 1.95612487 1.92011682 2.07291149 2.0004654  2.03293479
  2.01397302 1.94287555 2.02147155 2.06330211 2.04812143]
 [1.90098217 2.00328875 2.01024293 1.93637444 1.96862692 2.03744397
  1.94274265 2.01486972 1.95930717 1.9452992  2.07324942]
 [2.0303513  2.09507496 1.98572911 1.91078859 2.03044878 1.99546213
  1.90073378 2.05955115 2.054714   1.96999704 2.04541464]]
Cv: [[0.         0.         0.         0.         0.         0.
  0.         0.         0.         0.        ]
 [2.09581187 1.95617646 2.0517277  1.90694181 1.91785153 1.91804308
  2.00629819 2.07913416 1.92610692 2.02584916]
 [1.9118379  1.96809805 1.94908446 2.02235108 1.92214587 1.98282762
  1.90423191 1.90899622 1.9849569  2.08267337]
 [1.96328959 2.03023188 2.07641194 2.02919444 1.98569141 1.96560423
  2.01316631 2.01890505 1.96802966 2.05845161]
 [2.07397338 1.9979398  1.9607633  1.97124181 1.98738817 1.91657027
  2.08051573 1.9547111  1.92030402 2.0712056 ]
 [1.92074202 1.90907803 2.07910109 2.03691293 1.93135284 2.02361742
  1.99087831 1.90450003 1.91175813 1.95299042]
 [2.05618008 2.03740606 1.94257799 2.01199248 2.04916556 1.95181472
  1.9529656  1.91583319 1.91336195 1.96359174]
 [1.94451991 2.02095137 1.94689655 2.09975456 2.07532383 1.95149715
  1.90827449 2.0531484  2.05494668 1.98848744]
 [1.94867224 2.0880591  2.06972224 1.91960913 2.07115583 2.05032751
  1.97876784 1.99175614 2.0750047  1.90986671]
 [1.99514048 1.90551703 1.99280045 1.9065854  1.99736512 1.97702214
  2.05309497 1.93040496 2.07040277 2.01841734]]
Rh: [[ 4.05297175  4.42733045  9.75252137 12.50193891  9.67784117  8.90260754
   3.75431561 11.71263579  4.51781498 12.46772037  4.92150294]
 [15.14963762  7.18680742  4.04001399  6.87866488  8.50381041  7.71741073
   6.93939847  8.15647271 15.91467477  8.19464666  9.54276132]
 [ 5.69384205  3.99847399  8.48445531 15.66390175 11.28421109  8.800261
   9.56647712  4.28638366  3.80790892 10.05799581 16.16680725]
 [12.19757269 12.28623705 11.21022037  3.61566913 12.01945682  5.95084021
  15.22608918  6.77356369  6.39480677 12.75671185  9.76538047]
 [12.10599373  5.09493206  7.66986482  6.89763588  6.31246968  7.45538908
   4.2572368  15.83478069  4.79560683 10.74485506 14.81588408]
 [ 9.23855455  9.58832578 12.81598952 11.33724218 15.75459792  3.65422751
   5.43988501  7.47224524 11.42344092 12.17777095  4.91065625]
 [ 6.56970158 11.67627789  5.1820228   3.79891239  4.15625412  8.29032016
   9.74465078  4.8060829   6.89530421  8.73581475  6.38825351]
 [ 3.97022779 13.09382581  3.54334352  9.35976857  9.0444442   8.95978294
   8.55621112  5.58480637  3.82456309  3.85167359 11.59221508]
 [13.04567755  7.54130006 12.74764345  5.41107752  5.56365164  3.89093221
  10.0843055   4.22287887  9.70999587  5.81932168 13.08328045]
 [ 5.57687124  8.77192504  4.76651547  3.5569192   7.36354678  3.78023706
   4.97697725  3.76534498  7.7149355  10.58121124 15.56346624]]
Rv: [[14.31954174  9.03909611  7.43915237  7.04359883  6.40687996  3.5088619
  11.47022786  3.99643286  3.75524331  3.78291108]
 [10.69797099  5.49741953  6.1732489   3.56231361  3.61729696  4.85801685
  13.65496591 11.37314484  8.48004359  4.31793165]
 [ 7.05375896  3.59348393  6.80198481  3.66257638  6.60018599  5.91617717
   3.60101254 14.32601486  4.69840215  3.93340845]
 [10.36665446  4.07316968 15.90428996 13.08070908  4.45977906 12.53880961
   5.58493714 13.0401921   5.45771276 15.80600236]
 [ 6.36293515  3.61635731 13.23910204  7.20248006  5.7138672  12.79799041
   4.93688891 13.82908066  4.07050378 11.19158696]
 [11.78661946  6.77460414  7.2379581   8.39489547  8.89843712  6.37841439
   6.37829604  8.02753838 13.2751758  15.89660796]
 [ 4.05352236  6.92727867  3.53581678  4.50298208  8.51828883  9.3664318
   9.16358277  6.56193614  9.87415822 10.69187817]
 [ 9.32957079  5.53668745  4.24409258 11.76457652  9.50918881  5.16115922
  15.77457143 12.99691101  4.65856252  5.30862281]
 [15.78975643  7.86018054  5.40237134  3.51983561  7.84796155  4.54796864
   5.23908957  8.89633962  7.38569844  6.90502937]]