-------Running parameters--------
T = 0.001
temperature_gradient = 0.0
gap = 0.0
M = 10
N = 10
VR = 0.0
Vmin = 0.0
Vmax = 1.1
vStep = 0.001
vSym = True
repeats = 50
fileName = array_10_10_disorder_c_std_0.1_r_std_7.5_run_3
dist = exp
fullOutput = True
use_graph = False
current_map = True
plot_current_map = False
plot_binary_current_map = False
frame_norm = False
dbg = False
resume = False
sc = False
leaping = False
constQ = False
modifyR = False
double_time = False
double_loop = False
output_folder = bgu_2d_finite_temperature_different_disorders_statistics
params_path = 
VG_avg = 0.0
VG_std = 0.0
C_avg = 2.0
C_std = 0.1
CG_avg = 10.0
CG_std = 0.0
R_avg = 10.0
R_std = 7.5
custom_rh = ""
custom_rv = ""
custom_ch = ""
custom_cv = ""
RG_avg = 500.0
RG_std = 0.0
n0_avg = 0.0
n0_std = 0.0
Q0_avg = 0.0
Q0_std = 0.0
----Array Parameters-----
Rows: 10
Columns: 10
VG: [[0.]
 [0.]
 [0.]
 [0.]
 [0.]
 [0.]
 [0.]
 [0.]
 [0.]
 [0.]
 [0.]
 [0.]
 [0.]
 [0.]
 [0.]
 [0.]
 [0.]
 [0.]
 [0.]
 [0.]
 [0.]
 [0.]
 [0.]
 [0.]
 [0.]
 [0.]
 [0.]
 [0.]
 [0.]
 [0.]
 [0.]
 [0.]
 [0.]
 [0.]
 [0.]
 [0.]
 [0.]
 [0.]
 [0.]
 [0.]
 [0.]
 [0.]
 [0.]
 [0.]
 [0.]
 [0.]
 [0.]
 [0.]
 [0.]
 [0.]
 [0.]
 [0.]
 [0.]
 [0.]
 [0.]
 [0.]
 [0.]
 [0.]
 [0.]
 [0.]
 [0.]
 [0.]
 [0.]
 [0.]
 [0.]
 [0.]
 [0.]
 [0.]
 [0.]
 [0.]
 [0.]
 [0.]
 [0.]
 [0.]
 [0.]
 [0.]
 [0.]
 [0.]
 [0.]
 [0.]
 [0.]
 [0.]
 [0.]
 [0.]
 [0.]
 [0.]
 [0.]
 [0.]
 [0.]
 [0.]
 [0.]
 [0.]
 [0.]
 [0.]
 [0.]
 [0.]
 [0.]
 [0.]
 [0.]
 [0.]]
CG: [[10.]
 [10.]
 [10.]
 [10.]
 [10.]
 [10.]
 [10.]
 [10.]
 [10.]
 [10.]
 [10.]
 [10.]
 [10.]
 [10.]
 [10.]
 [10.]
 [10.]
 [10.]
 [10.]
 [10.]
 [10.]
 [10.]
 [10.]
 [10.]
 [10.]
 [10.]
 [10.]
 [10.]
 [10.]
 [10.]
 [10.]
 [10.]
 [10.]
 [10.]
 [10.]
 [10.]
 [10.]
 [10.]
 [10.]
 [10.]
 [10.]
 [10.]
 [10.]
 [10.]
 [10.]
 [10.]
 [10.]
 [10.]
 [10.]
 [10.]
 [10.]
 [10.]
 [10.]
 [10.]
 [10.]
 [10.]
 [10.]
 [10.]
 [10.]
 [10.]
 [10.]
 [10.]
 [10.]
 [10.]
 [10.]
 [10.]
 [10.]
 [10.]
 [10.]
 [10.]
 [10.]
 [10.]
 [10.]
 [10.]
 [10.]
 [10.]
 [10.]
 [10.]
 [10.]
 [10.]
 [10.]
 [10.]
 [10.]
 [10.]
 [10.]
 [10.]
 [10.]
 [10.]
 [10.]
 [10.]
 [10.]
 [10.]
 [10.]
 [10.]
 [10.]
 [10.]
 [10.]
 [10.]
 [10.]
 [10.]]
RG: [[500.]
 [500.]
 [500.]
 [500.]
 [500.]
 [500.]
 [500.]
 [500.]
 [500.]
 [500.]
 [500.]
 [500.]
 [500.]
 [500.]
 [500.]
 [500.]
 [500.]
 [500.]
 [500.]
 [500.]
 [500.]
 [500.]
 [500.]
 [500.]
 [500.]
 [500.]
 [500.]
 [500.]
 [500.]
 [500.]
 [500.]
 [500.]
 [500.]
 [500.]
 [500.]
 [500.]
 [500.]
 [500.]
 [500.]
 [500.]
 [500.]
 [500.]
 [500.]
 [500.]
 [500.]
 [500.]
 [500.]
 [500.]
 [500.]
 [500.]
 [500.]
 [500.]
 [500.]
 [500.]
 [500.]
 [500.]
 [500.]
 [500.]
 [500.]
 [500.]
 [500.]
 [500.]
 [500.]
 [500.]
 [500.]
 [500.]
 [500.]
 [500.]
 [500.]
 [500.]
 [500.]
 [500.]
 [500.]
 [500.]
 [500.]
 [500.]
 [500.]
 [500.]
 [500.]
 [500.]
 [500.]
 [500.]
 [500.]
 [500.]
 [500.]
 [500.]
 [500.]
 [500.]
 [500.]
 [500.]
 [500.]
 [500.]
 [500.]
 [500.]
 [500.]
 [500.]
 [500.]
 [500.]
 [500.]
 [500.]]
Ch: [[1.90847504 2.08236783 1.94401321 1.96542422 1.94201282 1.95143362
  2.07269679 2.01009143 2.03956307 1.91954337 1.94076942]
 [2.07954924 2.01201599 1.9758253  1.94784729 2.0267745  1.94467791
  1.91514687 2.00075133 1.99490281 1.99405192 1.95257034]
 [2.02989908 2.07780898 2.05975564 1.97391422 2.06029249 2.03125443
  2.09123642 1.91161253 2.0453571  1.99340164 1.99525224]
 [2.01409644 2.00261908 2.07044872 2.02536301 2.05555571 2.03641434
  2.06662217 2.09439863 2.00953843 2.01606726 1.90819277]
 [1.9942197  2.06978402 1.94347127 2.01323687 2.00796357 2.01097662
  2.0597014  1.90068529 1.90954859 1.90733147 1.93006889]
 [1.94560353 2.04999507 1.90255001 1.99566425 1.9291399  2.00270387
  2.05436216 1.90803803 1.94253071 1.95179588 1.97782548]
 [2.06293302 2.0124243  1.94155923 2.00600016 1.94413262 1.9163956
  1.95016278 2.09108918 1.94798743 2.0493633  2.01650361]
 [2.04115162 1.97155103 1.90451297 2.05442991 1.97927421 2.07278773
  2.08109713 1.96290509 1.91356901 1.98393074 1.93012571]
 [1.99646878 1.92250969 2.06496207 1.906987   2.06836809 2.00171064
  2.00633219 2.04283927 2.03939003 1.9004562  2.04485995]
 [2.06966737 2.00963116 2.0852226  2.03455569 2.052534   1.94330086
  1.97501824 2.02767683 2.04770801 2.01654431 2.04734014]]
Cv: [[0.         0.         0.         0.         0.         0.
  0.         0.         0.         0.        ]
 [1.99005044 1.99786481 1.98041033 1.91289843 2.09413829 1.92232649
  2.05038724 2.09674301 1.93815728 2.03138524]
 [1.9623147  2.00880396 1.97272758 1.99419041 1.92235766 1.91963238
  1.98324207 2.02383067 2.0215025  2.08123524]
 [2.08123854 2.03369384 1.92269314 2.04657133 1.95012389 2.04299328
  2.08140719 2.02817824 2.07692107 2.00030685]
 [1.90870083 2.06876899 1.93855815 1.90102312 2.06002892 2.01550739
  1.94267243 1.90246407 2.06076842 1.97364558]
 [1.90979788 1.98622295 2.03338266 1.99516269 2.05228138 2.011597
  1.9739071  2.00545755 1.96339363 1.94234632]
 [1.92698893 2.0124634  2.00016354 1.9913618  1.93825471 1.97633454
  2.05610072 1.9424116  1.94799256 1.90829315]
 [2.09485268 2.09783689 2.02079961 1.99652919 1.94400521 2.09559326
  1.95950537 1.92379878 1.95504175 2.09604582]
 [2.0900141  1.98670155 1.91179785 1.96915152 1.96951135 2.00260258
  2.08441438 1.92035901 1.92740301 1.98061124]
 [2.03355276 1.92094613 2.05531437 2.06874006 1.94507398 1.90142811
  1.910367   1.95137504 2.06052248 2.00738645]]
Rh: [[13.15929045 12.90280875  8.69291615  4.7734914   5.10033285  4.57490136
   4.80354595  3.18651226 14.44207077  3.51003028 11.09719026]
 [ 2.82982332 14.55895588  2.52873502  7.7017374  16.02250606  4.19652753
  12.37204636  7.1145222   9.16868395  7.50200054  2.88915304]
 [13.17302954 15.31389842  4.54649119  6.99369727  7.31962539  6.14473446
   6.64682539  3.21262459  4.957844    5.35187868 14.16333924]
 [ 3.15103771  6.66893695  2.66765178  3.38080944 12.9861911   2.5622824
   3.068201    2.6362058   3.42065227  5.74713677  6.0923074 ]
 [ 4.20120817  2.733924    5.15840899 11.40567098  6.33849099  9.39430105
   4.58813841 14.31205579  8.17165462  5.17744101 17.38232969]
 [ 3.79715899  5.91639194  4.0668985   4.54696456  2.77920962  8.14089095
  10.24184727  5.41173308  6.0034573   3.36779494  2.86198942]
 [ 5.19864902  4.87910061 13.09375376  5.18291103  9.86999746  3.73713281
   4.67501764  6.73159979  9.07950818  6.73534892 12.5210117 ]
 [ 7.27967502 15.49523246  9.86590535 13.85664899 15.75221501 11.03232563
   3.47415169  5.10540256  5.7974654   3.80869598  8.48570707]
 [ 6.8789933  14.30109944  2.51495263  3.85982774  3.27480101  5.95584972
   2.59492209 16.92352659  5.6895393   7.48151168 11.52074806]
 [ 2.53360023  2.75123214  6.09896836  8.5508664   5.08127543  3.58551525
  12.43001254  7.71957901  3.71768801 12.02374172  3.78544342]]
Rv: [[ 3.56417129 13.05743057  9.22171489  6.03826267 12.2369567   2.75939099
   7.70570503  2.53778154  3.07848358  8.29547467]
 [ 3.21269161 15.32663588 17.30549334 13.3630866   6.57399513  8.02963501
   4.5688222  11.01300635  8.32027045 11.28414565]
 [10.50015015  7.31808468  4.67136358  2.95518291  2.85694728  8.57065795
   3.46585383  2.80302332  4.6260411   3.32019007]
 [ 4.09655263  5.84154544  3.48321949  9.23181296  2.6827298   8.97383839
   2.51334862  9.33227907  3.75110478 12.05029459]
 [ 4.73452629  3.71269784  3.21358908 17.39051146  8.27913893  4.70923036
   4.95231227  3.53170918 10.38356123  8.7775815 ]
 [ 7.53946327  3.63986988 12.79988672  4.77137856  5.26528205 10.72750938
  13.97400391  7.22174236  2.99066068  3.26070297]
 [11.75633004 13.26087624  7.09294059 10.66832353  5.56329702 11.31574249
   2.62501097  3.93662283 12.38426222  8.77992398]
 [ 3.69027174 14.71808485  3.38693125 16.49331835  8.73158025  4.88174508
   7.75118393  4.67444485 13.11407632 12.17846086]
 [ 8.63396487  5.04120085  4.62860627 10.26450498 15.00920841 14.66733162
   4.04559834 13.25735383  4.95931259 10.00001492]]