-------Running parameters--------
T = 0.001
temperature_gradient = 0.0
gap = 0.0
M = 10
N = 10
VR = 0.0
Vmin = 0.0
Vmax = 1.1
vStep = 0.001
vSym = True
repeats = 50
fileName = array_10_10_disorder_c_std_0.1_r_std_7_run_5
dist = exp
fullOutput = True
use_graph = False
current_map = True
plot_current_map = False
plot_binary_current_map = False
frame_norm = False
dbg = False
resume = False
sc = False
leaping = False
constQ = False
modifyR = False
double_time = False
double_loop = False
output_folder = bgu_2d_finite_temperature_different_disorders_statistics
params_path = 
VG_avg = 0.0
VG_std = 0.0
C_avg = 2.0
C_std = 0.1
CG_avg = 10.0
CG_std = 0.0
R_avg = 10.0
R_std = 7.0
custom_rh = ""
custom_rv = ""
custom_ch = ""
custom_cv = ""
RG_avg = 500.0
RG_std = 0.0
n0_avg = 0.0
n0_std = 0.0
Q0_avg = 0.0
Q0_std = 0.0
----Array Parameters-----
Rows: 10
Columns: 10
VG: [[0.]
 [0.]
 [0.]
 [0.]
 [0.]
 [0.]
 [0.]
 [0.]
 [0.]
 [0.]
 [0.]
 [0.]
 [0.]
 [0.]
 [0.]
 [0.]
 [0.]
 [0.]
 [0.]
 [0.]
 [0.]
 [0.]
 [0.]
 [0.]
 [0.]
 [0.]
 [0.]
 [0.]
 [0.]
 [0.]
 [0.]
 [0.]
 [0.]
 [0.]
 [0.]
 [0.]
 [0.]
 [0.]
 [0.]
 [0.]
 [0.]
 [0.]
 [0.]
 [0.]
 [0.]
 [0.]
 [0.]
 [0.]
 [0.]
 [0.]
 [0.]
 [0.]
 [0.]
 [0.]
 [0.]
 [0.]
 [0.]
 [0.]
 [0.]
 [0.]
 [0.]
 [0.]
 [0.]
 [0.]
 [0.]
 [0.]
 [0.]
 [0.]
 [0.]
 [0.]
 [0.]
 [0.]
 [0.]
 [0.]
 [0.]
 [0.]
 [0.]
 [0.]
 [0.]
 [0.]
 [0.]
 [0.]
 [0.]
 [0.]
 [0.]
 [0.]
 [0.]
 [0.]
 [0.]
 [0.]
 [0.]
 [0.]
 [0.]
 [0.]
 [0.]
 [0.]
 [0.]
 [0.]
 [0.]
 [0.]]
CG: [[10.]
 [10.]
 [10.]
 [10.]
 [10.]
 [10.]
 [10.]
 [10.]
 [10.]
 [10.]
 [10.]
 [10.]
 [10.]
 [10.]
 [10.]
 [10.]
 [10.]
 [10.]
 [10.]
 [10.]
 [10.]
 [10.]
 [10.]
 [10.]
 [10.]
 [10.]
 [10.]
 [10.]
 [10.]
 [10.]
 [10.]
 [10.]
 [10.]
 [10.]
 [10.]
 [10.]
 [10.]
 [10.]
 [10.]
 [10.]
 [10.]
 [10.]
 [10.]
 [10.]
 [10.]
 [10.]
 [10.]
 [10.]
 [10.]
 [10.]
 [10.]
 [10.]
 [10.]
 [10.]
 [10.]
 [10.]
 [10.]
 [10.]
 [10.]
 [10.]
 [10.]
 [10.]
 [10.]
 [10.]
 [10.]
 [10.]
 [10.]
 [10.]
 [10.]
 [10.]
 [10.]
 [10.]
 [10.]
 [10.]
 [10.]
 [10.]
 [10.]
 [10.]
 [10.]
 [10.]
 [10.]
 [10.]
 [10.]
 [10.]
 [10.]
 [10.]
 [10.]
 [10.]
 [10.]
 [10.]
 [10.]
 [10.]
 [10.]
 [10.]
 [10.]
 [10.]
 [10.]
 [10.]
 [10.]
 [10.]]
RG: [[500.]
 [500.]
 [500.]
 [500.]
 [500.]
 [500.]
 [500.]
 [500.]
 [500.]
 [500.]
 [500.]
 [500.]
 [500.]
 [500.]
 [500.]
 [500.]
 [500.]
 [500.]
 [500.]
 [500.]
 [500.]
 [500.]
 [500.]
 [500.]
 [500.]
 [500.]
 [500.]
 [500.]
 [500.]
 [500.]
 [500.]
 [500.]
 [500.]
 [500.]
 [500.]
 [500.]
 [500.]
 [500.]
 [500.]
 [500.]
 [500.]
 [500.]
 [500.]
 [500.]
 [500.]
 [500.]
 [500.]
 [500.]
 [500.]
 [500.]
 [500.]
 [500.]
 [500.]
 [500.]
 [500.]
 [500.]
 [500.]
 [500.]
 [500.]
 [500.]
 [500.]
 [500.]
 [500.]
 [500.]
 [500.]
 [500.]
 [500.]
 [500.]
 [500.]
 [500.]
 [500.]
 [500.]
 [500.]
 [500.]
 [500.]
 [500.]
 [500.]
 [500.]
 [500.]
 [500.]
 [500.]
 [500.]
 [500.]
 [500.]
 [500.]
 [500.]
 [500.]
 [500.]
 [500.]
 [500.]
 [500.]
 [500.]
 [500.]
 [500.]
 [500.]
 [500.]
 [500.]
 [500.]
 [500.]
 [500.]]
Ch: [[1.97220342 1.94640633 1.9478406  2.00548996 2.08016272 1.92758979
  1.94694169 2.05993114 2.08075386 1.91192967 2.03311376]
 [2.06625143 2.00576451 2.02070682 2.05609079 1.96651727 1.95830243
  1.95826844 2.00274036 2.02246069 1.9893445  1.97737884]
 [1.96471181 2.06296621 2.09576329 1.9873653  1.93703829 1.98567778
  2.02717715 1.99868059 1.95608644 2.05967928 1.95912557]
 [1.9181968  1.92754772 2.04680158 1.99564367 2.00645756 2.04109262
  2.02283223 2.09206598 1.91254417 1.93848232 1.97069011]
 [1.9101388  2.07125859 2.01595322 1.91594008 2.02457809 2.06366574
  2.05083142 2.01733946 2.03923126 1.98688614 1.91647293]
 [1.93754222 2.05900284 2.0113955  2.05246039 1.96837254 2.05407362
  1.93754912 1.9546151  2.0415893  2.00303792 1.95958969]
 [2.00520375 2.03685079 2.04781278 2.08233725 2.02922692 2.06181565
  2.09172833 2.04219395 2.01794238 2.02137865 1.94456128]
 [1.91962906 2.05574258 2.09603677 1.93907639 1.92341488 1.94524982
  1.9260363  1.92473877 2.07857885 1.90398277 2.08198288]
 [1.96748262 2.00309211 1.98504714 1.91849018 2.05032241 2.07233367
  2.005632   2.08222722 2.05140998 1.94065524 2.02396807]
 [1.91953929 2.03541516 1.97096262 1.9723227  2.09363103 1.90287426
  1.9366899  1.91175555 1.99795364 2.04901008 2.00931684]]
Cv: [[0.         0.         0.         0.         0.         0.
  0.         0.         0.         0.        ]
 [1.93572641 1.90538527 2.01161318 1.90789106 2.03420511 2.00636975
  2.0208366  1.94841864 2.02149778 2.04846564]
 [2.04835629 1.90237508 2.0412243  1.97925316 1.98780722 1.92483457
  1.90875375 2.08471311 1.94977386 2.02793472]
 [2.07323065 2.06265136 2.07930665 2.05575861 2.00407033 2.07981937
  2.08300752 2.03886108 2.09702761 1.92122298]
 [1.99281689 1.95160988 1.92485406 1.96804046 2.02444814 1.96838286
  2.05505157 1.94911543 1.96931267 1.9540279 ]
 [2.00956645 1.92706342 2.01868459 1.99738535 2.01698067 1.93788067
  1.90519354 2.0663234  2.03545528 1.91592915]
 [2.01289062 2.03693224 1.94961954 1.9699257  1.92833233 2.00938391
  2.08673793 2.08493355 2.00807073 2.06960772]
 [2.06014173 2.06006376 1.91879944 1.93704336 1.95302318 1.9307979
  1.97979881 1.90448045 2.0425884  1.94908014]
 [1.96171195 1.96430869 1.99885187 1.93214635 2.01773706 1.98640817
  1.92030017 1.90141602 1.94074788 2.03877194]
 [2.07665851 2.00568523 1.9851256  2.07663397 2.02023415 1.94953038
  1.95520968 1.91225889 2.01131706 1.93053799]]
Rh: [[15.24570676  6.05117535 13.67218741 11.10261575  3.04321238  5.94991175
   5.3147918  10.32034146  9.59797642  7.20188916  7.40301283]
 [ 3.21984575  7.71205785  6.63524379  4.07284575 10.95681151  6.8356676
  13.9206372   6.95413944  6.20548998 10.51185366  4.65634181]
 [ 4.94339057  3.00157145 13.02656754  3.9747081   4.46467778  3.47433574
   5.02471333 10.69248799 10.8344302  11.77354758  8.84323913]
 [13.46422502  8.42813356  7.04985848  7.30642391  6.23186415 14.55729371
   7.05978903  7.86141617 16.57105757  9.71019617  8.8645404 ]
 [ 4.59247115  8.14442628  7.37573504 10.28850551  8.16434548  4.18693015
  13.43428809  5.37725962 16.80815397  8.25783399 10.32596676]
 [14.88110223  4.58218692  8.83780515  7.7279998   4.93111531  3.15544606
  15.37506011  6.93101826  6.58446539 10.43351149  9.05142214]
 [12.65347274  6.36669041  3.61649309  6.02123361  4.02006762  6.90436798
   7.10151739 16.47950214  5.48699212 12.42947804  5.37446992]
 [ 3.54928262  6.20292931 13.70473186  8.77705619 10.13320948  8.80955906
  15.90162355 12.12322861  3.11753998 11.47342358  7.76339161]
 [ 4.92589873 12.77361417  3.36382895  4.30566597  5.5320462  12.2244297
   3.30513467 10.41290019 13.28129361  5.30737303 12.0685113 ]
 [ 7.79109144 15.897146    3.03716877 12.51366893  4.53231692  4.77492494
  16.06532944  5.10396111  8.15440449  3.10456364  4.14282251]]
Rv: [[ 5.31269382 12.61616148 15.14303542 10.63561274 16.50001259  8.87847882
   9.18213251  5.86630388 16.92249165 16.14949894]
 [15.51638861  6.18666178  8.54955384 12.19951522 11.61368061 12.07223071
   7.37986542  3.78143928  6.36059505  3.81313885]
 [10.85788625  4.7143659   6.06454362  5.92451585  7.19023839  7.88217577
   3.81363184 11.42967764 13.42853528  3.68803553]
 [13.89997743  5.59170645  4.44581937  3.50372157  6.4810078   3.52026564
  10.70101551 15.91910693 13.07078321  6.31067349]
 [ 6.12872715 10.30595287 15.08421492  3.02505971 13.14790809  9.0604996
  10.59916301  3.75381683  6.55592286  3.11120835]
 [ 4.42819876 11.11336163 10.79046803  3.52025446  3.64801731  7.33088154
   3.48431095  4.60480625  5.71322421 11.25290663]
 [12.97835646 14.514713    4.40413336  4.88209828  6.89092236  5.49089566
   8.75417766  5.53775248 11.6519143   6.41134855]
 [13.60097879  9.13158717  3.16077402  7.96340516  9.29173082 10.03518131
  15.39414087  4.78377773  3.0820248   6.52736057]
 [ 3.58888064  7.83641402  6.79478114  8.17086156  5.65131969  5.27590928
   3.18217366  5.81514809  6.77393839 14.25631745]]