-------Running parameters--------
T = 0.001
temperature_gradient = 0.0
gap = 0.0
M = 10
N = 10
VR = 0.0
Vmin = 0.0
Vmax = 1.1
vStep = 0.001
vSym = True
repeats = 50
fileName = array_10_10_disorder_c_std_0.1_r_std_13_run_7
dist = exp
fullOutput = True
use_graph = False
current_map = True
plot_current_map = False
plot_binary_current_map = False
frame_norm = False
dbg = False
resume = False
sc = False
leaping = False
constQ = False
modifyR = False
double_time = False
double_loop = False
output_folder = bgu_2d_finite_temperature_different_disorders_statistics
params_path = 
VG_avg = 0.0
VG_std = 0.0
C_avg = 2.0
C_std = 0.1
CG_avg = 10.0
CG_std = 0.0
R_avg = 20.0
R_std = 13.0
custom_rh = ""
custom_rv = ""
custom_ch = ""
custom_cv = ""
RG_avg = 500.0
RG_std = 0.0
n0_avg = 0.0
n0_std = 0.0
Q0_avg = 0.0
Q0_std = 0.0
----Array Parameters-----
Rows: 10
Columns: 10
VG: [[0.]
 [0.]
 [0.]
 [0.]
 [0.]
 [0.]
 [0.]
 [0.]
 [0.]
 [0.]
 [0.]
 [0.]
 [0.]
 [0.]
 [0.]
 [0.]
 [0.]
 [0.]
 [0.]
 [0.]
 [0.]
 [0.]
 [0.]
 [0.]
 [0.]
 [0.]
 [0.]
 [0.]
 [0.]
 [0.]
 [0.]
 [0.]
 [0.]
 [0.]
 [0.]
 [0.]
 [0.]
 [0.]
 [0.]
 [0.]
 [0.]
 [0.]
 [0.]
 [0.]
 [0.]
 [0.]
 [0.]
 [0.]
 [0.]
 [0.]
 [0.]
 [0.]
 [0.]
 [0.]
 [0.]
 [0.]
 [0.]
 [0.]
 [0.]
 [0.]
 [0.]
 [0.]
 [0.]
 [0.]
 [0.]
 [0.]
 [0.]
 [0.]
 [0.]
 [0.]
 [0.]
 [0.]
 [0.]
 [0.]
 [0.]
 [0.]
 [0.]
 [0.]
 [0.]
 [0.]
 [0.]
 [0.]
 [0.]
 [0.]
 [0.]
 [0.]
 [0.]
 [0.]
 [0.]
 [0.]
 [0.]
 [0.]
 [0.]
 [0.]
 [0.]
 [0.]
 [0.]
 [0.]
 [0.]
 [0.]]
CG: [[10.]
 [10.]
 [10.]
 [10.]
 [10.]
 [10.]
 [10.]
 [10.]
 [10.]
 [10.]
 [10.]
 [10.]
 [10.]
 [10.]
 [10.]
 [10.]
 [10.]
 [10.]
 [10.]
 [10.]
 [10.]
 [10.]
 [10.]
 [10.]
 [10.]
 [10.]
 [10.]
 [10.]
 [10.]
 [10.]
 [10.]
 [10.]
 [10.]
 [10.]
 [10.]
 [10.]
 [10.]
 [10.]
 [10.]
 [10.]
 [10.]
 [10.]
 [10.]
 [10.]
 [10.]
 [10.]
 [10.]
 [10.]
 [10.]
 [10.]
 [10.]
 [10.]
 [10.]
 [10.]
 [10.]
 [10.]
 [10.]
 [10.]
 [10.]
 [10.]
 [10.]
 [10.]
 [10.]
 [10.]
 [10.]
 [10.]
 [10.]
 [10.]
 [10.]
 [10.]
 [10.]
 [10.]
 [10.]
 [10.]
 [10.]
 [10.]
 [10.]
 [10.]
 [10.]
 [10.]
 [10.]
 [10.]
 [10.]
 [10.]
 [10.]
 [10.]
 [10.]
 [10.]
 [10.]
 [10.]
 [10.]
 [10.]
 [10.]
 [10.]
 [10.]
 [10.]
 [10.]
 [10.]
 [10.]
 [10.]]
RG: [[500.]
 [500.]
 [500.]
 [500.]
 [500.]
 [500.]
 [500.]
 [500.]
 [500.]
 [500.]
 [500.]
 [500.]
 [500.]
 [500.]
 [500.]
 [500.]
 [500.]
 [500.]
 [500.]
 [500.]
 [500.]
 [500.]
 [500.]
 [500.]
 [500.]
 [500.]
 [500.]
 [500.]
 [500.]
 [500.]
 [500.]
 [500.]
 [500.]
 [500.]
 [500.]
 [500.]
 [500.]
 [500.]
 [500.]
 [500.]
 [500.]
 [500.]
 [500.]
 [500.]
 [500.]
 [500.]
 [500.]
 [500.]
 [500.]
 [500.]
 [500.]
 [500.]
 [500.]
 [500.]
 [500.]
 [500.]
 [500.]
 [500.]
 [500.]
 [500.]
 [500.]
 [500.]
 [500.]
 [500.]
 [500.]
 [500.]
 [500.]
 [500.]
 [500.]
 [500.]
 [500.]
 [500.]
 [500.]
 [500.]
 [500.]
 [500.]
 [500.]
 [500.]
 [500.]
 [500.]
 [500.]
 [500.]
 [500.]
 [500.]
 [500.]
 [500.]
 [500.]
 [500.]
 [500.]
 [500.]
 [500.]
 [500.]
 [500.]
 [500.]
 [500.]
 [500.]
 [500.]
 [500.]
 [500.]
 [500.]]
Ch: [[2.07111499 2.04164226 1.90559712 2.07729135 1.94855423 2.07023889
  1.966098   1.90774144 1.99928132 2.0539974  1.92497428]
 [1.9075644  2.01351961 2.04621608 2.08665378 1.95082741 1.92862616
  1.98066371 1.91845321 2.04964676 2.09770622 2.03675351]
 [1.93322168 1.94116074 2.08574562 2.01472241 1.94766332 1.97815717
  2.03829054 2.08031226 2.08680111 2.06140445 2.07753741]
 [2.06620887 2.05679174 2.00690319 2.07151819 2.01308546 2.06283482
  1.94540784 1.93221784 2.05208883 1.98062558 1.99135285]
 [1.93182177 2.07344128 2.05758972 2.08006457 1.90085964 2.02343017
  1.90466288 1.97890867 1.97421262 2.07584424 2.04672586]
 [1.99993066 1.92652709 1.96775406 2.00572958 2.0172311  1.99794246
  1.9828782  2.00739218 2.06714496 2.02387501 1.92866652]
 [1.95297212 2.0244207  1.91549041 1.94935754 1.93240008 1.9521986
  1.95912443 1.93834051 1.94460293 1.92182587 1.98653825]
 [2.09175466 2.03374188 2.03632191 1.98707302 1.96536621 1.95440042
  2.00430939 2.06592287 1.9212327  1.94929049 1.99028371]
 [2.04969151 2.09779566 1.98423192 2.06832108 1.95173203 2.06984813
  2.05017911 2.00500058 2.04262956 2.01894446 1.98259945]
 [1.99102342 2.03807509 2.05075473 2.08658147 1.99998195 2.09882914
  1.91650741 1.97105182 1.98492759 2.09501353 2.0513919 ]]
Cv: [[0.         0.         0.         0.         0.         0.
  0.         0.         0.         0.        ]
 [1.92969497 2.02222657 2.08946549 2.00688012 1.96390104 1.9634022
  2.06818256 2.06092823 2.00352586 1.90785523]
 [1.99779234 1.90868029 2.04346997 1.99296783 1.96736719 1.98148906
  1.96422978 2.0212957  1.90081626 1.94126101]
 [1.95067575 2.0203165  2.06839265 2.08325949 1.9567079  1.91767776
  1.90009937 2.06671059 2.00447244 2.0055799 ]
 [1.94480107 1.93201104 2.0042236  1.92656043 1.97073868 2.01567004
  2.05553394 1.90777985 1.98042745 2.02267964]
 [2.01678691 1.99487303 2.04647073 1.90749062 2.08974946 1.95547801
  1.95702434 2.00076068 2.08059541 1.91943928]
 [1.95494105 2.07448293 1.93752708 2.02583035 2.07883838 2.0340675
  1.98305486 2.03877366 2.00755767 2.00286761]
 [2.01318704 1.99226328 2.01733687 2.06851891 2.04126077 2.05052483
  1.99804533 1.93038928 2.07078446 2.00815335]
 [1.9067124  2.00269761 2.07877944 1.94681078 1.99665359 1.92678327
  1.92149218 2.06636361 2.05794152 2.09020053]
 [2.0661917  2.001432   1.91109776 2.03615453 2.06342421 2.07666371
  1.94529744 2.01014858 1.95971423 2.0825152 ]]
Rh: [[ 7.1596301   7.5866926  25.2393984  18.9449339  12.00101935  7.45188336
   7.12887188  7.48841541  9.67053558  7.22070069 21.14705816]
 [ 7.3698117  31.69578747 32.94235815 16.84830429 22.25724378 10.38825919
  23.89791097 30.84520336 30.29178262  8.44901422 17.97750058]
 [13.30234251 20.53852497 14.56754708  7.78273974 13.53997368 32.20830914
  23.25010842 27.78356509 25.36496337 21.77622526 23.78688174]
 [29.40479578  7.24008875 18.24611784 17.30215926 30.11101104 11.20113288
  10.49964102 16.8807352   8.43041264 17.34377321 15.79292647]
 [10.01011541 14.43154263 14.99417149 18.00262001  7.76293905 24.53427237
  30.37437356 11.87857834 29.19458632  8.36771592 27.7579643 ]
 [ 7.18785612  7.6410732  16.05511262 16.76525015 11.49480137 11.94716616
   8.030288   29.82625377 18.39261215  7.42558309 10.44094068]
 [26.51574058 28.72428313  9.03365297 22.35583541 23.43877977 17.20592859
  26.07741686 11.14256256 20.45348982  9.48046079 29.65942911]
 [17.89272473 29.16354649 19.94471617 30.94709785 26.30737489  8.29712487
  28.38751536 29.82408515 23.11143487 12.47876573 22.55521914]
 [ 8.1069571  32.39300039 32.26420887 19.385979   18.33920772  9.99497128
  14.93418186 12.66682642  7.09543371  7.71505421 11.2162665 ]
 [14.87202195 25.34890649 10.65195655 11.18143582 17.98259049 10.05481192
  11.63238352  9.68496838 29.31230418 12.81815154 12.8813438 ]]
Rv: [[11.03383377 12.35810871 23.24173879 12.39527379  9.09881519 29.37488372
  19.33652761 23.14317149 11.6091331  19.52391724]
 [10.86407884  9.24471056  8.64642447 18.62105618 12.14761952 10.05777234
  10.29565612 28.59255362 30.66795302 15.9632132 ]
 [ 9.0922492   9.43533012 19.75704594  8.08218524 16.45793136  8.35315706
   8.9528967   8.00214248  7.6407797   9.22237815]
 [26.72687927  8.00735496 22.68242974 32.47267903 14.14183047 31.051415
  21.6384697  18.46594553  9.50032492 13.86873995]
 [14.35660961 18.09082582 30.52753313 14.99037548 17.6104954   8.47505394
   7.65350582  8.66457897 13.01196931 25.42562965]
 [12.75582992  7.51437507 13.69909027 27.36636245  9.00747574  9.59087916
  12.49218127 32.15056375  7.92947002  8.31569407]
 [29.54775047 19.29345043 32.30726478 11.3762904  16.75262222 17.6794875
  15.12912012 10.93964299  8.01598426 17.49963568]
 [13.71761086 26.47743079 12.18251292 10.32769739  9.90929559 16.37759951
  22.60929601 31.47270524  7.58592641 27.79174759]
 [22.26137894  8.23751379  9.08061661  9.72254748  7.57874968 10.51186755
  19.38702838 30.05514844 15.4514378  31.15008553]]