-------Running parameters--------
T = 0.001
temperature_gradient = 0.0
gap = 0.0
M = 10
N = 10
VR = 0.0
Vmin = 0.0
Vmax = 1.1
vStep = 0.001
vSym = True
repeats = 50
fileName = array_10_10_disorder_c_std_0.1_r_std_7_run_3
dist = exp
fullOutput = True
use_graph = False
current_map = True
plot_current_map = False
plot_binary_current_map = False
frame_norm = False
dbg = False
resume = False
sc = False
leaping = False
constQ = False
modifyR = False
double_time = False
double_loop = False
output_folder = bgu_2d_finite_temperature_different_disorders_statistics
params_path = 
VG_avg = 0.0
VG_std = 0.0
C_avg = 2.0
C_std = 0.1
CG_avg = 10.0
CG_std = 0.0
R_avg = 10.0
R_std = 7.0
custom_rh = ""
custom_rv = ""
custom_ch = ""
custom_cv = ""
RG_avg = 500.0
RG_std = 0.0
n0_avg = 0.0
n0_std = 0.0
Q0_avg = 0.0
Q0_std = 0.0
----Array Parameters-----
Rows: 10
Columns: 10
VG: [[0.]
 [0.]
 [0.]
 [0.]
 [0.]
 [0.]
 [0.]
 [0.]
 [0.]
 [0.]
 [0.]
 [0.]
 [0.]
 [0.]
 [0.]
 [0.]
 [0.]
 [0.]
 [0.]
 [0.]
 [0.]
 [0.]
 [0.]
 [0.]
 [0.]
 [0.]
 [0.]
 [0.]
 [0.]
 [0.]
 [0.]
 [0.]
 [0.]
 [0.]
 [0.]
 [0.]
 [0.]
 [0.]
 [0.]
 [0.]
 [0.]
 [0.]
 [0.]
 [0.]
 [0.]
 [0.]
 [0.]
 [0.]
 [0.]
 [0.]
 [0.]
 [0.]
 [0.]
 [0.]
 [0.]
 [0.]
 [0.]
 [0.]
 [0.]
 [0.]
 [0.]
 [0.]
 [0.]
 [0.]
 [0.]
 [0.]
 [0.]
 [0.]
 [0.]
 [0.]
 [0.]
 [0.]
 [0.]
 [0.]
 [0.]
 [0.]
 [0.]
 [0.]
 [0.]
 [0.]
 [0.]
 [0.]
 [0.]
 [0.]
 [0.]
 [0.]
 [0.]
 [0.]
 [0.]
 [0.]
 [0.]
 [0.]
 [0.]
 [0.]
 [0.]
 [0.]
 [0.]
 [0.]
 [0.]
 [0.]]
CG: [[10.]
 [10.]
 [10.]
 [10.]
 [10.]
 [10.]
 [10.]
 [10.]
 [10.]
 [10.]
 [10.]
 [10.]
 [10.]
 [10.]
 [10.]
 [10.]
 [10.]
 [10.]
 [10.]
 [10.]
 [10.]
 [10.]
 [10.]
 [10.]
 [10.]
 [10.]
 [10.]
 [10.]
 [10.]
 [10.]
 [10.]
 [10.]
 [10.]
 [10.]
 [10.]
 [10.]
 [10.]
 [10.]
 [10.]
 [10.]
 [10.]
 [10.]
 [10.]
 [10.]
 [10.]
 [10.]
 [10.]
 [10.]
 [10.]
 [10.]
 [10.]
 [10.]
 [10.]
 [10.]
 [10.]
 [10.]
 [10.]
 [10.]
 [10.]
 [10.]
 [10.]
 [10.]
 [10.]
 [10.]
 [10.]
 [10.]
 [10.]
 [10.]
 [10.]
 [10.]
 [10.]
 [10.]
 [10.]
 [10.]
 [10.]
 [10.]
 [10.]
 [10.]
 [10.]
 [10.]
 [10.]
 [10.]
 [10.]
 [10.]
 [10.]
 [10.]
 [10.]
 [10.]
 [10.]
 [10.]
 [10.]
 [10.]
 [10.]
 [10.]
 [10.]
 [10.]
 [10.]
 [10.]
 [10.]
 [10.]]
RG: [[500.]
 [500.]
 [500.]
 [500.]
 [500.]
 [500.]
 [500.]
 [500.]
 [500.]
 [500.]
 [500.]
 [500.]
 [500.]
 [500.]
 [500.]
 [500.]
 [500.]
 [500.]
 [500.]
 [500.]
 [500.]
 [500.]
 [500.]
 [500.]
 [500.]
 [500.]
 [500.]
 [500.]
 [500.]
 [500.]
 [500.]
 [500.]
 [500.]
 [500.]
 [500.]
 [500.]
 [500.]
 [500.]
 [500.]
 [500.]
 [500.]
 [500.]
 [500.]
 [500.]
 [500.]
 [500.]
 [500.]
 [500.]
 [500.]
 [500.]
 [500.]
 [500.]
 [500.]
 [500.]
 [500.]
 [500.]
 [500.]
 [500.]
 [500.]
 [500.]
 [500.]
 [500.]
 [500.]
 [500.]
 [500.]
 [500.]
 [500.]
 [500.]
 [500.]
 [500.]
 [500.]
 [500.]
 [500.]
 [500.]
 [500.]
 [500.]
 [500.]
 [500.]
 [500.]
 [500.]
 [500.]
 [500.]
 [500.]
 [500.]
 [500.]
 [500.]
 [500.]
 [500.]
 [500.]
 [500.]
 [500.]
 [500.]
 [500.]
 [500.]
 [500.]
 [500.]
 [500.]
 [500.]
 [500.]
 [500.]]
Ch: [[1.97520877 2.04076288 1.9649864  1.93756325 2.01738127 1.90363184
  2.01197143 1.93889743 1.9348403  2.02548132 1.97017293]
 [1.92430175 1.95917833 1.92993729 1.93155661 1.90304353 1.9295604
  1.98867308 2.07758575 1.90548435 1.94916854 1.91814854]
 [2.03265516 1.97440395 2.09265561 2.01715209 2.05460141 2.0329453
  1.92791725 1.98098117 2.0830289  1.94623213 2.02331866]
 [2.04152495 2.04288437 1.96021285 1.94350764 1.92963063 1.90209656
  1.93864298 1.96894612 2.01402102 2.0359591  2.05450915]
 [2.00512811 1.98089983 2.02725594 2.03564965 2.01719024 2.05797628
  1.98176146 2.00767852 1.99056253 1.93341252 1.9171915 ]
 [1.99622338 2.08510264 2.03723389 2.05853669 1.99358641 1.99873411
  1.94160305 2.01307119 2.06697429 1.94200646 1.99185785]
 [1.93456988 1.99345884 2.05974184 1.97263691 1.9656956  2.03293047
  2.03299861 2.06872627 1.98633011 2.00488691 2.05649684]
 [1.91000525 2.09764067 2.02537335 1.92134061 2.06698377 2.07261536
  1.99452172 1.99382545 1.97817634 2.04321067 2.04128638]
 [1.94071649 1.97019063 1.90018423 2.07388015 2.08728504 1.91581143
  1.92984266 2.01857575 1.96532745 2.0463871  2.0889048 ]
 [1.95138456 2.03553029 1.9960108  2.0054621  1.91750453 1.99466032
  1.91971042 1.92689893 1.93475144 2.07641784 2.04018101]]
Cv: [[0.         0.         0.         0.         0.         0.
  0.         0.         0.         0.        ]
 [1.96602873 1.9078334  2.09870605 1.91680245 1.99094496 1.93272012
  1.91602406 1.92587482 1.99327174 2.01341527]
 [2.0280623  1.95530848 2.02544134 1.94517258 1.90416462 1.97586325
  1.9062951  1.96845363 2.05559244 2.02595819]
 [1.91241681 1.99369945 2.08060548 1.91484444 2.08008727 2.0368992
  2.09574841 2.07084616 1.96735904 2.02803203]
 [2.0717378  2.04420715 2.01575751 2.06132949 1.90096012 1.94767747
  2.09937579 2.08672085 1.94947336 2.05319963]
 [1.92842074 1.94296239 2.02003097 1.91603299 2.01352166 1.92301147
  1.92286281 2.07181689 1.97897284 2.03986673]
 [1.94028822 1.98641021 1.90573487 2.08662939 2.05966975 1.93877234
  2.04326782 1.92152247 1.9247187  2.05599639]
 [1.95895527 2.01671721 1.92318733 1.9132899  2.00312427 1.96811054
  2.00355885 1.92494644 1.92129539 2.06686352]
 [2.08240292 2.07748286 2.0709484  1.92562406 2.00104721 1.96035521
  2.02739314 1.99146837 1.9342323  1.9728317 ]
 [1.94104489 2.04412356 2.09567826 2.01523502 2.03179708 1.98690283
  1.90151212 1.9051718  2.06250032 1.94765444]]
Rh: [[ 9.78486614  4.98302754 15.10024625  5.806704    4.71266398  4.10211363
   4.53592475 10.91101194  6.35675702  3.03243717  5.55929583]
 [ 9.9705966   9.81805268  5.3290607   7.01598619  3.02070385  7.01977178
   9.95539508 11.48009943  4.78780426  9.59863097  3.75094422]
 [ 8.4403191   5.23146276  5.09965757  7.92626886 16.78423412  8.53987863
   9.65300139  5.45394677 11.49118046  4.22684909  3.27043324]
 [ 6.52318018  4.26066504 14.46641493 16.40697229  8.7271732  15.255416
   5.54058302 15.5291573  11.24346121  3.18737637  5.32814634]
 [ 6.50768786  6.72756538  3.02574443  4.59106269  6.99301891 16.32536123
   5.15122147 13.37808363 15.99006921 14.75852519 12.87108984]
 [14.41402833  7.66456197  4.37828859  5.36280039 15.51283791  7.46359447
  16.65564494  7.27712811  3.20863656 14.10353267  5.14335304]
 [ 4.24128873  4.17925246  4.69801488  6.33874361  3.58495712  9.63122734
   3.75254897 14.4727608   4.68985059 13.01297827  4.610643  ]
 [ 7.82286815  8.21857164 16.34439124  4.92813949  8.43372448  3.48528811
   3.90143413 10.52384242  6.57617972 12.65303683  4.0428377 ]
 [10.31066395  8.22749443 10.51167674  4.43109474  7.11517683  8.73933201
   5.05518725  7.40794423  9.78816135  3.37293038  9.16179997]
 [ 6.51617918  5.62836694 16.23634492  3.42827896  5.8184409   6.96146464
   6.86666048 10.96195624  5.02594884  5.3783999  12.46896299]]
Rv: [[ 3.67414353  4.33582708  9.91648879  9.87170165 11.94229931  5.56879617
   3.22015718 11.85684188 10.29979827  3.23754664]
 [16.0220617  11.13301435  5.81942523  3.75085353  3.76790189  4.94380324
  15.00591866  3.33235133  3.17100471  8.40581106]
 [ 5.55793223  4.55557104  7.37448487  4.13724805  7.64226455  4.59179964
  14.70903684  8.57806271 12.19555412  5.81785348]
 [ 9.8788515   7.43955884 13.55273165 11.98816848 15.36223128 13.97797798
   9.8917204   4.90823126  4.31146277  6.28023738]
 [ 3.71653419 14.38145624 12.54694616  9.51219303  3.22227261  5.13846405
   4.67021638 11.5507137   6.31032489  6.78611456]
 [ 9.32094735  4.50334043 10.86033729  6.14413868  7.6466342   7.55441868
  14.59087784  3.79520331  5.52751052 14.63626033]
 [ 6.82501166 13.39325388  7.11602543  6.59240983  3.94964069 13.5881261
   7.13633537  7.07298562  4.9302962  13.41714127]
 [ 3.01509563  3.95942602 13.76648125  3.35021255  7.5488961   3.2613905
  11.92527156  4.50218781  6.59451676  8.50292071]
 [ 3.05959196  6.67451435  3.31184957 14.08864191  7.86283664 13.62774399
   3.67669431  6.82184097  3.64343973  4.5476509 ]]