-------Running parameters--------
T = 0.001
temperature_gradient = 0.005
gap = 0
M = 10
N = 10
VR = 0.0
Vmin = 0.0
Vmax = 1.1
vStep = 0.01
vSym = True
repeats = 20
fileName = array_10_10_disorder_t_grad_0.005_run_2
dist = exp
fullOutput = True
use_graph = False
current_map = True
plot_current_map = False
plot_binary_current_map = False
frame_norm = False
dbg = False
resume = False
sc = False
leaping = False
constQ = False
modifyR = False
double_time = False
double_loop = False
output_folder = bgu_2d_array_temperature_gradient
params_path = 
VG_avg = 0.0
VG_std = 0.0
C_avg = 2.0
C_std = 1.0
CG_avg = 10.0
CG_std = 0.0
R_avg = 10.0
R_std = 9.0
custom_rh = ""
custom_rv = ""
custom_ch = ""
custom_cv = ""
RG_avg = 500.0
RG_std = 0.0
n0_avg = 0.0
n0_std = 0.0
Q0_avg = 0.0
Q0_std = 0.0
----Array Parameters-----
Rows: 10
Columns: 10
VG: [[0.]
 [0.]
 [0.]
 [0.]
 [0.]
 [0.]
 [0.]
 [0.]
 [0.]
 [0.]
 [0.]
 [0.]
 [0.]
 [0.]
 [0.]
 [0.]
 [0.]
 [0.]
 [0.]
 [0.]
 [0.]
 [0.]
 [0.]
 [0.]
 [0.]
 [0.]
 [0.]
 [0.]
 [0.]
 [0.]
 [0.]
 [0.]
 [0.]
 [0.]
 [0.]
 [0.]
 [0.]
 [0.]
 [0.]
 [0.]
 [0.]
 [0.]
 [0.]
 [0.]
 [0.]
 [0.]
 [0.]
 [0.]
 [0.]
 [0.]
 [0.]
 [0.]
 [0.]
 [0.]
 [0.]
 [0.]
 [0.]
 [0.]
 [0.]
 [0.]
 [0.]
 [0.]
 [0.]
 [0.]
 [0.]
 [0.]
 [0.]
 [0.]
 [0.]
 [0.]
 [0.]
 [0.]
 [0.]
 [0.]
 [0.]
 [0.]
 [0.]
 [0.]
 [0.]
 [0.]
 [0.]
 [0.]
 [0.]
 [0.]
 [0.]
 [0.]
 [0.]
 [0.]
 [0.]
 [0.]
 [0.]
 [0.]
 [0.]
 [0.]
 [0.]
 [0.]
 [0.]
 [0.]
 [0.]
 [0.]]
CG: [[10.]
 [10.]
 [10.]
 [10.]
 [10.]
 [10.]
 [10.]
 [10.]
 [10.]
 [10.]
 [10.]
 [10.]
 [10.]
 [10.]
 [10.]
 [10.]
 [10.]
 [10.]
 [10.]
 [10.]
 [10.]
 [10.]
 [10.]
 [10.]
 [10.]
 [10.]
 [10.]
 [10.]
 [10.]
 [10.]
 [10.]
 [10.]
 [10.]
 [10.]
 [10.]
 [10.]
 [10.]
 [10.]
 [10.]
 [10.]
 [10.]
 [10.]
 [10.]
 [10.]
 [10.]
 [10.]
 [10.]
 [10.]
 [10.]
 [10.]
 [10.]
 [10.]
 [10.]
 [10.]
 [10.]
 [10.]
 [10.]
 [10.]
 [10.]
 [10.]
 [10.]
 [10.]
 [10.]
 [10.]
 [10.]
 [10.]
 [10.]
 [10.]
 [10.]
 [10.]
 [10.]
 [10.]
 [10.]
 [10.]
 [10.]
 [10.]
 [10.]
 [10.]
 [10.]
 [10.]
 [10.]
 [10.]
 [10.]
 [10.]
 [10.]
 [10.]
 [10.]
 [10.]
 [10.]
 [10.]
 [10.]
 [10.]
 [10.]
 [10.]
 [10.]
 [10.]
 [10.]
 [10.]
 [10.]
 [10.]]
RG: [[500.]
 [500.]
 [500.]
 [500.]
 [500.]
 [500.]
 [500.]
 [500.]
 [500.]
 [500.]
 [500.]
 [500.]
 [500.]
 [500.]
 [500.]
 [500.]
 [500.]
 [500.]
 [500.]
 [500.]
 [500.]
 [500.]
 [500.]
 [500.]
 [500.]
 [500.]
 [500.]
 [500.]
 [500.]
 [500.]
 [500.]
 [500.]
 [500.]
 [500.]
 [500.]
 [500.]
 [500.]
 [500.]
 [500.]
 [500.]
 [500.]
 [500.]
 [500.]
 [500.]
 [500.]
 [500.]
 [500.]
 [500.]
 [500.]
 [500.]
 [500.]
 [500.]
 [500.]
 [500.]
 [500.]
 [500.]
 [500.]
 [500.]
 [500.]
 [500.]
 [500.]
 [500.]
 [500.]
 [500.]
 [500.]
 [500.]
 [500.]
 [500.]
 [500.]
 [500.]
 [500.]
 [500.]
 [500.]
 [500.]
 [500.]
 [500.]
 [500.]
 [500.]
 [500.]
 [500.]
 [500.]
 [500.]
 [500.]
 [500.]
 [500.]
 [500.]
 [500.]
 [500.]
 [500.]
 [500.]
 [500.]
 [500.]
 [500.]
 [500.]
 [500.]
 [500.]
 [500.]
 [500.]
 [500.]
 [500.]]
Ch: [[1.60428957 1.84428767 1.476006   1.95392361 1.62009666 1.29992439
  2.08720117 1.88619317 1.28533811 2.39069755 2.70458578]
 [1.24928621 1.22190238 1.35532767 1.24660513 2.15721314 1.5005127
  2.0351694  1.2023748  2.61424912 2.14071457 2.36084819]
 [1.78662626 2.29842854 1.8679355  1.39122198 2.54518653 1.47033212
  1.24258218 1.30531711 2.62956406 1.6690993  1.37847288]
 [1.01082909 1.02764257 2.71131329 1.11445849 2.25382429 1.56506539
  2.29541711 2.78033922 1.04026744 1.68394817 1.14512695]
 [1.03179598 2.50964199 1.49704776 2.33578001 1.96936371 2.54935137
  1.08802802 1.52969542 1.29432661 1.12165407 1.29786194]
 [1.32874892 2.13818871 1.67809512 1.32424893 1.61575882 2.21496719
  2.47331792 1.83242094 1.26950405 2.41763079 1.64349833]
 [1.53783025 1.95961215 1.25297797 1.04494568 2.15351584 1.14321438
  2.28213617 1.34621699 1.29616281 1.70805467 2.94057767]
 [2.59623269 2.73613683 1.07718056 2.99775311 1.91920411 2.14912623
  2.08981254 1.06001451 2.18512829 1.58942605 1.11886982]
 [2.40977337 1.39847688 1.3897442  2.78628256 1.19776591 1.45202149
  1.7550448  2.98951817 2.12950435 1.3106797  1.23695823]
 [2.30728127 1.15380231 1.04121424 2.28682716 1.96937226 1.07695832
  1.17291347 1.99753057 1.12399532 1.03327164 1.03871042]]
Cv: [[0.         0.         0.         0.         0.         0.
  0.         0.         0.         0.        ]
 [2.02049598 2.03966011 1.17856337 1.19433211 1.04076304 1.27261243
  2.5843344  2.19710122 1.95205268 2.04790041]
 [1.91069723 2.02229462 2.84013286 1.05104337 1.56193345 2.33389978
  2.05283778 1.50224362 1.80537969 1.27734993]
 [1.31768289 2.06400623 1.57205312 2.37018284 2.45591909 1.99056827
  1.51821439 1.31720962 1.27046005 2.37027719]
 [1.15580968 1.34742895 2.04658639 1.1285352  1.8368221  1.74979795
  1.72197043 1.51956065 1.28373513 1.26586564]
 [2.41930017 1.83627508 2.52366551 1.76825257 2.42363663 1.88374318
  1.29886229 2.80395926 1.20084456 1.7008948 ]
 [2.31336107 2.81638346 2.76175198 2.68041012 2.47862714 1.28876434
  2.60001431 2.7028897  1.20665798 1.51998247]
 [1.14096633 1.34262352 1.16550674 1.93832752 1.3706592  1.14212317
  2.31832884 1.80473058 1.4979055  1.53100195]
 [2.20354044 1.66828678 1.80977758 1.90283011 1.24519068 2.71309857
  1.57562598 1.44757784 2.2256222  1.30231828]
 [1.01232379 1.77495866 1.0807321  1.42553009 2.02994074 1.17234743
  1.58372225 1.22462524 2.13973937 1.99954123]]
Rh: [[ 3.95912526 11.21574566 16.07781663  2.25896807  4.83241135 10.87869525
  10.44462714  3.57451576  8.62429581 15.2131006   4.47322104]
 [ 8.92692703 13.14391323 10.36544124  2.4157101  15.8349321   9.0279225
   7.19492487 10.90510783  1.60052088  4.39762927  6.46550687]
 [ 1.97619737  1.63730114  1.28670633  1.33316308  4.91579787  2.06661873
   2.77484599  4.88252693 13.04222506  1.45334614  1.4181918 ]
 [ 7.49751781  6.59852151  3.44978765  4.07122325 14.48683632  7.16624591
   6.44651637  1.82881033  1.08465528  2.33606241  3.06673923]
 [ 5.51753788  8.82382567  6.17779264  1.03944468 13.11687035 14.8387518
  10.15399399 11.66857833  1.04803442  6.69481802  2.16825752]
 [18.26783919  3.78158616  2.39297113  2.6303008   2.53220139  2.59767366
   5.77584033  1.41851069  1.75548696 11.70819156  1.03880722]
 [ 1.59358726  4.19583031  5.65532284  2.75211228  5.06186589  1.0864737
   2.1751327   4.52162196  4.6459845   1.09708096  3.94341083]
 [ 2.10847151  1.8120232   1.27745196  1.01299844 14.61500707  9.54699317
   4.05812082 13.61683165  1.34165958 11.77264469  1.43379843]
 [ 6.79974739  1.70278372  4.47346737  4.64259128  4.97674859  5.96889737
  16.92551539  4.00578078  2.79691105  8.19857965  6.24448349]
 [ 2.59024589 14.73876185 15.24897239 16.45354661  3.9815289   4.05092541
   7.19103992 10.1569504   4.77016476  9.80073298  1.22088838]]
Rv: [[ 3.89451547 10.66971057  4.72676017  9.24836448  3.36950491  1.37926084
   8.10589656 16.44318263  6.82662219  3.23086214]
 [ 1.01906341  2.17771667  6.37102713  2.75693956 18.4536695   1.07405266
   9.37991966 16.03966291  1.92371962 13.30202908]
 [10.48032436  1.55024774  1.64451081 18.3376909  14.59973973  1.15373752
   2.20562347 18.03366449 17.9544834   6.85074961]
 [ 1.1138659   9.43610412  1.20974905  8.5170656   3.74995816  4.80934089
   6.14582974  9.12993173  1.15550643  2.4426925 ]
 [ 2.20585256  9.21243676  5.63200933  2.94341352  1.31816635  6.25556573
   3.56911898  3.10418813 12.71614405  8.04760989]
 [10.99911077  3.43673872  5.90490637 11.77397541  1.21029531 10.02397882
   4.96430728  3.56129109  8.50970778  6.51756374]
 [ 1.15407164  1.69807578  4.15717645  8.966756    1.95789706  3.89554173
   6.03887269  8.07998342 13.2753913   1.31793232]
 [ 5.78731747  3.41870377 16.78480531 15.46437657  1.33018001  1.61140913
   1.34700955 10.23918934  9.66230929  1.29295491]
 [ 1.40793653  2.96917837  1.85596405  2.13172376  1.09328964  3.82475461
   1.50866877  2.89045095  3.30020705  6.72433407]]