-------Running parameters--------
T = 0.001
temperature_gradient = 0.0
gap = 0
M = 10
N = 10
VR = 0.0
Vmin = 0.0
Vmax = 1.1
vStep = 0.01
vSym = True
repeats = 20
fileName = array_10_10_disorder_t_grad_0_run_2
dist = exp
fullOutput = True
use_graph = False
current_map = True
plot_current_map = False
plot_binary_current_map = False
frame_norm = False
dbg = False
resume = False
sc = False
leaping = False
constQ = False
modifyR = False
double_time = False
double_loop = False
output_folder = bgu_2d_array_temperature_gradient
params_path = 
VG_avg = 0.0
VG_std = 0.0
C_avg = 2.0
C_std = 1.0
CG_avg = 10.0
CG_std = 0.0
R_avg = 10.0
R_std = 9.0
custom_rh = ""
custom_rv = ""
custom_ch = ""
custom_cv = ""
RG_avg = 500.0
RG_std = 0.0
n0_avg = 0.0
n0_std = 0.0
Q0_avg = 0.0
Q0_std = 0.0
----Array Parameters-----
Rows: 10
Columns: 10
VG: [[0.]
 [0.]
 [0.]
 [0.]
 [0.]
 [0.]
 [0.]
 [0.]
 [0.]
 [0.]
 [0.]
 [0.]
 [0.]
 [0.]
 [0.]
 [0.]
 [0.]
 [0.]
 [0.]
 [0.]
 [0.]
 [0.]
 [0.]
 [0.]
 [0.]
 [0.]
 [0.]
 [0.]
 [0.]
 [0.]
 [0.]
 [0.]
 [0.]
 [0.]
 [0.]
 [0.]
 [0.]
 [0.]
 [0.]
 [0.]
 [0.]
 [0.]
 [0.]
 [0.]
 [0.]
 [0.]
 [0.]
 [0.]
 [0.]
 [0.]
 [0.]
 [0.]
 [0.]
 [0.]
 [0.]
 [0.]
 [0.]
 [0.]
 [0.]
 [0.]
 [0.]
 [0.]
 [0.]
 [0.]
 [0.]
 [0.]
 [0.]
 [0.]
 [0.]
 [0.]
 [0.]
 [0.]
 [0.]
 [0.]
 [0.]
 [0.]
 [0.]
 [0.]
 [0.]
 [0.]
 [0.]
 [0.]
 [0.]
 [0.]
 [0.]
 [0.]
 [0.]
 [0.]
 [0.]
 [0.]
 [0.]
 [0.]
 [0.]
 [0.]
 [0.]
 [0.]
 [0.]
 [0.]
 [0.]
 [0.]]
CG: [[10.]
 [10.]
 [10.]
 [10.]
 [10.]
 [10.]
 [10.]
 [10.]
 [10.]
 [10.]
 [10.]
 [10.]
 [10.]
 [10.]
 [10.]
 [10.]
 [10.]
 [10.]
 [10.]
 [10.]
 [10.]
 [10.]
 [10.]
 [10.]
 [10.]
 [10.]
 [10.]
 [10.]
 [10.]
 [10.]
 [10.]
 [10.]
 [10.]
 [10.]
 [10.]
 [10.]
 [10.]
 [10.]
 [10.]
 [10.]
 [10.]
 [10.]
 [10.]
 [10.]
 [10.]
 [10.]
 [10.]
 [10.]
 [10.]
 [10.]
 [10.]
 [10.]
 [10.]
 [10.]
 [10.]
 [10.]
 [10.]
 [10.]
 [10.]
 [10.]
 [10.]
 [10.]
 [10.]
 [10.]
 [10.]
 [10.]
 [10.]
 [10.]
 [10.]
 [10.]
 [10.]
 [10.]
 [10.]
 [10.]
 [10.]
 [10.]
 [10.]
 [10.]
 [10.]
 [10.]
 [10.]
 [10.]
 [10.]
 [10.]
 [10.]
 [10.]
 [10.]
 [10.]
 [10.]
 [10.]
 [10.]
 [10.]
 [10.]
 [10.]
 [10.]
 [10.]
 [10.]
 [10.]
 [10.]
 [10.]]
RG: [[500.]
 [500.]
 [500.]
 [500.]
 [500.]
 [500.]
 [500.]
 [500.]
 [500.]
 [500.]
 [500.]
 [500.]
 [500.]
 [500.]
 [500.]
 [500.]
 [500.]
 [500.]
 [500.]
 [500.]
 [500.]
 [500.]
 [500.]
 [500.]
 [500.]
 [500.]
 [500.]
 [500.]
 [500.]
 [500.]
 [500.]
 [500.]
 [500.]
 [500.]
 [500.]
 [500.]
 [500.]
 [500.]
 [500.]
 [500.]
 [500.]
 [500.]
 [500.]
 [500.]
 [500.]
 [500.]
 [500.]
 [500.]
 [500.]
 [500.]
 [500.]
 [500.]
 [500.]
 [500.]
 [500.]
 [500.]
 [500.]
 [500.]
 [500.]
 [500.]
 [500.]
 [500.]
 [500.]
 [500.]
 [500.]
 [500.]
 [500.]
 [500.]
 [500.]
 [500.]
 [500.]
 [500.]
 [500.]
 [500.]
 [500.]
 [500.]
 [500.]
 [500.]
 [500.]
 [500.]
 [500.]
 [500.]
 [500.]
 [500.]
 [500.]
 [500.]
 [500.]
 [500.]
 [500.]
 [500.]
 [500.]
 [500.]
 [500.]
 [500.]
 [500.]
 [500.]
 [500.]
 [500.]
 [500.]
 [500.]]
Ch: [[1.04278634 2.67904296 1.82207746 1.04734029 1.63643787 1.1153476
  2.23064103 2.26240706 1.3265695  1.48640464 1.1260873 ]
 [2.7707458  1.05534832 1.99321642 2.69819738 1.29983907 2.53847305
  1.13739957 1.24151832 1.11213996 2.20293891 1.2250633 ]
 [1.20569447 2.63920825 1.52648027 1.24753464 2.89605951 1.41449807
  2.46768688 1.95845924 2.83231442 2.29276182 2.27799383]
 [1.43019868 1.57970055 1.8171961  1.59244312 1.75416946 2.42241371
  1.84278873 2.57916927 1.88478104 2.86829069 1.74246752]
 [1.24893666 1.34336937 1.26514696 1.41855495 1.91196478 1.35589925
  2.04000677 1.76658719 2.46457004 2.70135859 1.08739852]
 [1.13975543 1.09327729 2.4453208  1.72319171 1.86186997 1.6462491
  2.73126583 1.93063006 2.65928967 1.65156533 2.84649425]
 [2.18778059 2.12601885 1.36844409 1.21032119 1.63844441 2.75342737
  1.26863669 1.3796306  1.58558043 1.82985624 2.30542415]
 [1.30776097 1.518491   2.69382145 1.77874864 2.97458963 1.11164077
  1.99997056 2.01455251 1.05847008 1.0280024  2.65228921]
 [2.20872287 1.14907239 2.6564175  1.24124868 1.95009555 2.74531282
  1.91136846 1.32300964 1.98496855 2.97927934 2.45518758]
 [1.52323871 1.00193194 1.44721481 1.10284532 1.66044613 1.32162341
  1.28981346 1.55359694 2.50503498 2.56099187 1.96589547]]
Cv: [[0.         0.         0.         0.         0.         0.
  0.         0.         0.         0.        ]
 [1.41880791 1.97024978 2.43417496 1.35108151 1.21146327 1.09912585
  2.29029387 2.21069324 1.21215077 2.59158674]
 [1.38329742 1.20319302 1.6138524  1.83347817 2.29714872 2.63541444
  2.9889837  1.1070119  1.97694735 1.05258473]
 [1.78403487 1.66916424 1.57934876 1.80889116 1.09392755 2.02203875
  1.97250855 1.86163156 1.9572595  1.58030228]
 [2.4085223  1.89651133 1.28038837 1.08852837 1.12460687 1.17892125
  2.07685766 2.5733581  1.47089689 1.87516313]
 [2.73512744 1.56041998 1.21947818 1.1051699  2.78116093 1.39549229
  2.19550259 1.5434721  2.03615763 1.06079367]
 [1.12184845 1.9016578  1.93832246 2.24440684 2.98695528 1.84166935
  1.19320055 1.57543058 2.38866052 2.97786008]
 [1.11470785 1.24626351 1.21664151 1.18252694 2.31384832 2.217187
  1.33411295 1.31353445 2.45647148 1.60724958]
 [1.23558371 2.3945219  1.27792323 1.78281806 1.16239692 1.08296672
  1.12569439 1.05084629 2.11520314 2.64343854]
 [1.14364642 2.30777545 2.57840146 1.38502947 1.58336134 1.71819993
  1.73835735 2.50239449 1.30445539 2.78895649]]
Rh: [[ 1.59535572  6.79478786  5.8112172   3.84386544  9.8248202  13.437898
   1.76394289  1.52557559  2.05082595  4.49535391  3.98967175]
 [ 3.50607971  1.54940655  8.78887833  4.51009531 12.1363047   8.95995583
   3.82435606 12.62262116  4.30466634  3.58904538  7.78299123]
 [ 4.31709103  6.07428536  1.21489889 16.2306654  14.98148251  1.01309614
   3.48776787  3.57013338  1.55837236  6.14569005  4.31275871]
 [ 7.23987614  1.20983823  8.76242559  2.56388432 16.78410319  7.0388959
  11.80815023  2.98321875  1.52576738 15.36348658  1.46085676]
 [17.15720345 17.36298019 10.03717609  3.0694834   1.35274655  8.09726571
  15.54806061  1.23900708  1.97638913  3.62558385  3.26972006]
 [ 1.32219768 12.79367498  3.83847564  3.05939598  1.56193855  3.06123445
  10.18649231  5.99751005  1.00541213  3.01698619  2.2281902 ]
 [ 4.50403223  1.08859686 17.09079655  4.0747469   4.17921473 16.87031553
   4.17803191  3.58424695  1.13097132 14.49706992  5.33530155]
 [ 3.36236098  2.4550601   1.68221513 16.55401719  1.2084822  14.88741088
   7.50952533  6.24046915 13.59012964  6.20677436  3.08697143]
 [ 4.99288299  2.39111732  6.53649733  4.68045585 15.6546089   1.58223287
   7.9076639   5.14082788 16.30740689  8.15442552  1.99181025]
 [ 2.43562456 16.53318508  3.4460295   5.36383719  3.05318727  3.99271074
  15.73696533  2.79322087 17.52437499  3.70284813  1.80719582]]
Rv: [[ 1.53931685  1.76240684  8.12428254  3.09439891  2.99710404  3.74166354
   2.72740375  2.17344692 14.69173039 11.36489701]
 [ 2.19651115  8.27027841  3.4559733   4.0109612   2.06715926  2.10977829
   1.72628666  1.60884277  1.79538538  1.64012387]
 [ 2.71784556  4.40199405 14.38235109 13.72678895  3.83593995  4.89369374
   1.24532982  8.94745578  3.02138228  1.47742406]
 [ 4.45253879  4.18842292  1.46980593  2.57365601  1.66936896  7.2881575
  17.18073351  1.44548735 15.42890032  3.12229846]
 [ 1.55836482  9.19967954  3.52383717  2.10891948  7.19072929 12.67823289
   4.03161544  1.20819896  2.06343294  5.85242459]
 [ 1.60613323  1.12540887  4.31587076  2.62615249  1.17154522  5.72342074
   1.07855766 17.34512706  3.84096518  1.04448729]
 [ 3.13200519  2.10951313  7.65090944  1.25717171  6.74804242  1.8817102
   1.97809024  1.64716572  5.83281304  3.2702329 ]
 [16.38509237  2.44354225 17.42374686  2.47345183  6.60383603 17.71230503
   7.45407886  1.32353314 12.46492182  7.45458847]
 [17.94570362  1.26707289  4.81076215  8.65515181  7.12337083  7.56502857
   2.3746903   2.32008945  2.10632665 18.10102528]]