-------Running parameters--------
T = 0.0
gap = 0
M = 10
N = 10
VR = 0.0
Vmin = 0.0
Vmax = 3.0
vStep = 0.01
vSym = True
repeats = 20
fileName = array_10_10_r_disorder_run_1
dist = exp
fullOutput = True
use_graph = False
current_map = True
plot_current_map = False
dbg = False
resume = False
sc = False
leaping = False
constQ = False
modifyR = False
output_folder = 2d_array_bgu
params_path = 
VG_avg = 0.0
VG_std = 0.0
C_avg = 1.0
C_std = 0.0
CG_avg = 10.0
CG_std = 0.0
R_avg = 10.0
R_std = 9.0
custom_rh = ""
custom_rv = ""
custom_ch = ""
custom_cv = ""
RG_avg = 1000.0
RG_std = 0.0
n0_avg = 0.0
n0_std = 0.0
Q0_avg = 0.0
Q0_std = 0.0
----Array Parameters-----
Rows: 10
Columns: 10
VG: [[0.]
 [0.]
 [0.]
 [0.]
 [0.]
 [0.]
 [0.]
 [0.]
 [0.]
 [0.]
 [0.]
 [0.]
 [0.]
 [0.]
 [0.]
 [0.]
 [0.]
 [0.]
 [0.]
 [0.]
 [0.]
 [0.]
 [0.]
 [0.]
 [0.]
 [0.]
 [0.]
 [0.]
 [0.]
 [0.]
 [0.]
 [0.]
 [0.]
 [0.]
 [0.]
 [0.]
 [0.]
 [0.]
 [0.]
 [0.]
 [0.]
 [0.]
 [0.]
 [0.]
 [0.]
 [0.]
 [0.]
 [0.]
 [0.]
 [0.]
 [0.]
 [0.]
 [0.]
 [0.]
 [0.]
 [0.]
 [0.]
 [0.]
 [0.]
 [0.]
 [0.]
 [0.]
 [0.]
 [0.]
 [0.]
 [0.]
 [0.]
 [0.]
 [0.]
 [0.]
 [0.]
 [0.]
 [0.]
 [0.]
 [0.]
 [0.]
 [0.]
 [0.]
 [0.]
 [0.]
 [0.]
 [0.]
 [0.]
 [0.]
 [0.]
 [0.]
 [0.]
 [0.]
 [0.]
 [0.]
 [0.]
 [0.]
 [0.]
 [0.]
 [0.]
 [0.]
 [0.]
 [0.]
 [0.]
 [0.]]
CG: [[10.]
 [10.]
 [10.]
 [10.]
 [10.]
 [10.]
 [10.]
 [10.]
 [10.]
 [10.]
 [10.]
 [10.]
 [10.]
 [10.]
 [10.]
 [10.]
 [10.]
 [10.]
 [10.]
 [10.]
 [10.]
 [10.]
 [10.]
 [10.]
 [10.]
 [10.]
 [10.]
 [10.]
 [10.]
 [10.]
 [10.]
 [10.]
 [10.]
 [10.]
 [10.]
 [10.]
 [10.]
 [10.]
 [10.]
 [10.]
 [10.]
 [10.]
 [10.]
 [10.]
 [10.]
 [10.]
 [10.]
 [10.]
 [10.]
 [10.]
 [10.]
 [10.]
 [10.]
 [10.]
 [10.]
 [10.]
 [10.]
 [10.]
 [10.]
 [10.]
 [10.]
 [10.]
 [10.]
 [10.]
 [10.]
 [10.]
 [10.]
 [10.]
 [10.]
 [10.]
 [10.]
 [10.]
 [10.]
 [10.]
 [10.]
 [10.]
 [10.]
 [10.]
 [10.]
 [10.]
 [10.]
 [10.]
 [10.]
 [10.]
 [10.]
 [10.]
 [10.]
 [10.]
 [10.]
 [10.]
 [10.]
 [10.]
 [10.]
 [10.]
 [10.]
 [10.]
 [10.]
 [10.]
 [10.]
 [10.]]
RG: [[1000.]
 [1000.]
 [1000.]
 [1000.]
 [1000.]
 [1000.]
 [1000.]
 [1000.]
 [1000.]
 [1000.]
 [1000.]
 [1000.]
 [1000.]
 [1000.]
 [1000.]
 [1000.]
 [1000.]
 [1000.]
 [1000.]
 [1000.]
 [1000.]
 [1000.]
 [1000.]
 [1000.]
 [1000.]
 [1000.]
 [1000.]
 [1000.]
 [1000.]
 [1000.]
 [1000.]
 [1000.]
 [1000.]
 [1000.]
 [1000.]
 [1000.]
 [1000.]
 [1000.]
 [1000.]
 [1000.]
 [1000.]
 [1000.]
 [1000.]
 [1000.]
 [1000.]
 [1000.]
 [1000.]
 [1000.]
 [1000.]
 [1000.]
 [1000.]
 [1000.]
 [1000.]
 [1000.]
 [1000.]
 [1000.]
 [1000.]
 [1000.]
 [1000.]
 [1000.]
 [1000.]
 [1000.]
 [1000.]
 [1000.]
 [1000.]
 [1000.]
 [1000.]
 [1000.]
 [1000.]
 [1000.]
 [1000.]
 [1000.]
 [1000.]
 [1000.]
 [1000.]
 [1000.]
 [1000.]
 [1000.]
 [1000.]
 [1000.]
 [1000.]
 [1000.]
 [1000.]
 [1000.]
 [1000.]
 [1000.]
 [1000.]
 [1000.]
 [1000.]
 [1000.]
 [1000.]
 [1000.]
 [1000.]
 [1000.]
 [1000.]
 [1000.]
 [1000.]
 [1000.]
 [1000.]
 [1000.]]
Ch: [[1. 1. 1. 1. 1. 1. 1. 1. 1. 1. 1.]
 [1. 1. 1. 1. 1. 1. 1. 1. 1. 1. 1.]
 [1. 1. 1. 1. 1. 1. 1. 1. 1. 1. 1.]
 [1. 1. 1. 1. 1. 1. 1. 1. 1. 1. 1.]
 [1. 1. 1. 1. 1. 1. 1. 1. 1. 1. 1.]
 [1. 1. 1. 1. 1. 1. 1. 1. 1. 1. 1.]
 [1. 1. 1. 1. 1. 1. 1. 1. 1. 1. 1.]
 [1. 1. 1. 1. 1. 1. 1. 1. 1. 1. 1.]
 [1. 1. 1. 1. 1. 1. 1. 1. 1. 1. 1.]
 [1. 1. 1. 1. 1. 1. 1. 1. 1. 1. 1.]]
Cv: [[0. 0. 0. 0. 0. 0. 0. 0. 0. 0.]
 [1. 1. 1. 1. 1. 1. 1. 1. 1. 1.]
 [1. 1. 1. 1. 1. 1. 1. 1. 1. 1.]
 [1. 1. 1. 1. 1. 1. 1. 1. 1. 1.]
 [1. 1. 1. 1. 1. 1. 1. 1. 1. 1.]
 [1. 1. 1. 1. 1. 1. 1. 1. 1. 1.]
 [1. 1. 1. 1. 1. 1. 1. 1. 1. 1.]
 [1. 1. 1. 1. 1. 1. 1. 1. 1. 1.]
 [1. 1. 1. 1. 1. 1. 1. 1. 1. 1.]
 [1. 1. 1. 1. 1. 1. 1. 1. 1. 1.]]
Rh: [[ 8.59253636  7.22616589  2.24450983  3.26534484  5.63226172 18.63413896
   3.48834653  3.1614448  12.79970932  6.66729501  5.10625233]
 [ 7.03540341 12.12808988  5.08158599  7.47012132  1.06892678 16.81580325
   5.77488405  5.37468487  1.43757915  3.67774934  1.16775511]
 [ 1.18843346  5.1581782   3.49123826  3.03952376 11.16510436 11.7864926
   7.77808599 15.58642444  3.49336254  1.46571854  1.05775065]
 [ 5.81924296  6.59217923  2.45281322  1.74956096  7.6635862   2.7047366
  11.75054152  2.83398732  2.89852266  5.36387273  3.48307602]
 [ 4.83207361  3.54399624  1.47421681  7.74472107  1.23450478  1.57726342
   1.23751621  5.59593633  2.087513    2.52497664 17.09009603]
 [ 3.26522546 14.34417383  3.58638879  7.72825525 17.34982951 14.22515304
   3.10641534  1.27551078  2.4586928   2.6769757   1.30500203]
 [ 1.58947704  3.50964851  1.81433456  9.33851125  4.30961919  6.37293721
   3.41128631  5.37256853 12.02341199  1.94080749  7.38849762]
 [ 1.57654372  1.89917791  1.2919369   2.33438941  4.82171249  1.48723067
  12.58505578 16.84777804  5.94283397  9.75828964 14.08324494]
 [ 1.64924343  2.83277898  1.38969219  4.96224445  7.37674678  2.56195713
   2.99891126  7.06430716  1.09616266  6.03852642  3.40232113]
 [ 1.35194388  1.85361722  2.27110153  2.81045108  5.81420611  8.61997542
   1.64365339  1.3740487   1.17739217 10.53284396  1.91476498]]
Rv: [[ 8.95372627  5.86238417 14.00027163  1.72427454  1.48827735  2.36334239
   2.64351928  1.28849905  3.21359195  2.70971234]
 [17.45346543  8.92406273  1.46058108  1.99529325 12.02968996  1.0095393
   1.30355927  1.34784447  1.15287161 17.34831711]
 [ 8.63419545  7.05581079  1.87478945  2.82162314  8.46621988  6.30927337
   9.58145739  8.62751534  2.74411455 11.11585314]
 [ 4.23791367  2.53677158  2.42591951  1.42377688  1.00076452 18.71011115
   2.29195672  3.55801773  6.03966932 18.66591712]
 [ 1.27682473  4.03115533  2.5558256   1.12850113 15.73502902  8.81773587
   5.95339401  3.05310387  3.98952633  1.48445244]
 [ 2.30912786  8.26837402  1.38038817  1.87902872 15.83147774  5.51382556
   1.12904507 13.38617936 11.66898894  1.0096334 ]
 [ 6.59349352  7.14165754  9.38737676  6.80671694  6.76657666  1.83470006
   1.9799323   9.85342179  1.09371274 12.71997975]
 [17.90673743  2.09076615  8.44367994 11.67962859  7.05378817  1.26965322
   2.73021432  6.03733222 17.60614572  5.22027071]
 [17.30016452  1.10391896  8.24923977  4.07319906  8.42129588  7.51459284
   1.56256877  2.13854832  9.72932927  9.28507371]]