-------Running parameters--------
T = 0.0
gap = 0
M = 10
N = 10
VR = 0.0
Vmin = 0.0
Vmax = 3.0
vStep = 0.01
vSym = True
repeats = 20
fileName = array_10_10_r_disorder_run_3
dist = exp
fullOutput = True
use_graph = False
current_map = True
plot_current_map = False
dbg = False
resume = True
sc = False
leaping = False
constQ = False
modifyR = False
output_folder = 2d_array_bgu
params_path = 
VG_avg = 0.0
VG_std = 0.0
C_avg = 1.0
C_std = 0.0
CG_avg = 10.0
CG_std = 0.0
R_avg = 10.0
R_std = 9.0
custom_rh = ""
custom_rv = ""
custom_ch = ""
custom_cv = ""
RG_avg = 1000.0
RG_std = 0.0
n0_avg = 0.0
n0_std = 0.0
Q0_avg = 0.0
Q0_std = 0.0
----Array Parameters-----
Rows: 10
Columns: 10
VG: [[0.]
 [0.]
 [0.]
 [0.]
 [0.]
 [0.]
 [0.]
 [0.]
 [0.]
 [0.]
 [0.]
 [0.]
 [0.]
 [0.]
 [0.]
 [0.]
 [0.]
 [0.]
 [0.]
 [0.]
 [0.]
 [0.]
 [0.]
 [0.]
 [0.]
 [0.]
 [0.]
 [0.]
 [0.]
 [0.]
 [0.]
 [0.]
 [0.]
 [0.]
 [0.]
 [0.]
 [0.]
 [0.]
 [0.]
 [0.]
 [0.]
 [0.]
 [0.]
 [0.]
 [0.]
 [0.]
 [0.]
 [0.]
 [0.]
 [0.]
 [0.]
 [0.]
 [0.]
 [0.]
 [0.]
 [0.]
 [0.]
 [0.]
 [0.]
 [0.]
 [0.]
 [0.]
 [0.]
 [0.]
 [0.]
 [0.]
 [0.]
 [0.]
 [0.]
 [0.]
 [0.]
 [0.]
 [0.]
 [0.]
 [0.]
 [0.]
 [0.]
 [0.]
 [0.]
 [0.]
 [0.]
 [0.]
 [0.]
 [0.]
 [0.]
 [0.]
 [0.]
 [0.]
 [0.]
 [0.]
 [0.]
 [0.]
 [0.]
 [0.]
 [0.]
 [0.]
 [0.]
 [0.]
 [0.]
 [0.]]
CG: [[10.]
 [10.]
 [10.]
 [10.]
 [10.]
 [10.]
 [10.]
 [10.]
 [10.]
 [10.]
 [10.]
 [10.]
 [10.]
 [10.]
 [10.]
 [10.]
 [10.]
 [10.]
 [10.]
 [10.]
 [10.]
 [10.]
 [10.]
 [10.]
 [10.]
 [10.]
 [10.]
 [10.]
 [10.]
 [10.]
 [10.]
 [10.]
 [10.]
 [10.]
 [10.]
 [10.]
 [10.]
 [10.]
 [10.]
 [10.]
 [10.]
 [10.]
 [10.]
 [10.]
 [10.]
 [10.]
 [10.]
 [10.]
 [10.]
 [10.]
 [10.]
 [10.]
 [10.]
 [10.]
 [10.]
 [10.]
 [10.]
 [10.]
 [10.]
 [10.]
 [10.]
 [10.]
 [10.]
 [10.]
 [10.]
 [10.]
 [10.]
 [10.]
 [10.]
 [10.]
 [10.]
 [10.]
 [10.]
 [10.]
 [10.]
 [10.]
 [10.]
 [10.]
 [10.]
 [10.]
 [10.]
 [10.]
 [10.]
 [10.]
 [10.]
 [10.]
 [10.]
 [10.]
 [10.]
 [10.]
 [10.]
 [10.]
 [10.]
 [10.]
 [10.]
 [10.]
 [10.]
 [10.]
 [10.]
 [10.]]
RG: [[1000.]
 [1000.]
 [1000.]
 [1000.]
 [1000.]
 [1000.]
 [1000.]
 [1000.]
 [1000.]
 [1000.]
 [1000.]
 [1000.]
 [1000.]
 [1000.]
 [1000.]
 [1000.]
 [1000.]
 [1000.]
 [1000.]
 [1000.]
 [1000.]
 [1000.]
 [1000.]
 [1000.]
 [1000.]
 [1000.]
 [1000.]
 [1000.]
 [1000.]
 [1000.]
 [1000.]
 [1000.]
 [1000.]
 [1000.]
 [1000.]
 [1000.]
 [1000.]
 [1000.]
 [1000.]
 [1000.]
 [1000.]
 [1000.]
 [1000.]
 [1000.]
 [1000.]
 [1000.]
 [1000.]
 [1000.]
 [1000.]
 [1000.]
 [1000.]
 [1000.]
 [1000.]
 [1000.]
 [1000.]
 [1000.]
 [1000.]
 [1000.]
 [1000.]
 [1000.]
 [1000.]
 [1000.]
 [1000.]
 [1000.]
 [1000.]
 [1000.]
 [1000.]
 [1000.]
 [1000.]
 [1000.]
 [1000.]
 [1000.]
 [1000.]
 [1000.]
 [1000.]
 [1000.]
 [1000.]
 [1000.]
 [1000.]
 [1000.]
 [1000.]
 [1000.]
 [1000.]
 [1000.]
 [1000.]
 [1000.]
 [1000.]
 [1000.]
 [1000.]
 [1000.]
 [1000.]
 [1000.]
 [1000.]
 [1000.]
 [1000.]
 [1000.]
 [1000.]
 [1000.]
 [1000.]
 [1000.]]
Ch: [[1. 1. 1. 1. 1. 1. 1. 1. 1. 1. 1.]
 [1. 1. 1. 1. 1. 1. 1. 1. 1. 1. 1.]
 [1. 1. 1. 1. 1. 1. 1. 1. 1. 1. 1.]
 [1. 1. 1. 1. 1. 1. 1. 1. 1. 1. 1.]
 [1. 1. 1. 1. 1. 1. 1. 1. 1. 1. 1.]
 [1. 1. 1. 1. 1. 1. 1. 1. 1. 1. 1.]
 [1. 1. 1. 1. 1. 1. 1. 1. 1. 1. 1.]
 [1. 1. 1. 1. 1. 1. 1. 1. 1. 1. 1.]
 [1. 1. 1. 1. 1. 1. 1. 1. 1. 1. 1.]
 [1. 1. 1. 1. 1. 1. 1. 1. 1. 1. 1.]]
Cv: [[0. 0. 0. 0. 0. 0. 0. 0. 0. 0.]
 [1. 1. 1. 1. 1. 1. 1. 1. 1. 1.]
 [1. 1. 1. 1. 1. 1. 1. 1. 1. 1.]
 [1. 1. 1. 1. 1. 1. 1. 1. 1. 1.]
 [1. 1. 1. 1. 1. 1. 1. 1. 1. 1.]
 [1. 1. 1. 1. 1. 1. 1. 1. 1. 1.]
 [1. 1. 1. 1. 1. 1. 1. 1. 1. 1.]
 [1. 1. 1. 1. 1. 1. 1. 1. 1. 1.]
 [1. 1. 1. 1. 1. 1. 1. 1. 1. 1.]
 [1. 1. 1. 1. 1. 1. 1. 1. 1. 1.]]
Rh: [[ 4.85533089  2.98519236  1.66700972  3.13627189  5.4068665   3.64926424
  10.138999    2.08625225  1.20509774  5.15592923 10.57362367]
 [ 1.03129583  5.14485894  1.62744509  8.34120178  6.65078449 10.14061554
   6.18381611  2.64024365  2.84693272  1.01373252  5.73842609]
 [10.25817446 11.77138147  5.56031444  2.40292996  1.41924921  1.13857371
  13.06510392  8.98214474  7.56458559  1.3362501   6.86514998]
 [ 1.03334115  5.22678455 17.46731952  5.18823527 15.48458473 12.45763029
   2.48477025 13.52258871  5.2499577   3.42378539  1.58771902]
 [ 1.27333915  2.70034885  2.16025374  1.76784629  2.76047495 10.77520341
   5.55170962  4.59372396  2.58323132 17.03423728  2.91630298]
 [ 9.16847105  1.67506049 15.15787463  6.81476149  9.57656482 10.72176054
   1.46060921  9.71531614  3.40797194  1.50261413 15.7454965 ]
 [ 7.30179558  3.80274727  1.65455494  3.90944315 14.77646616 15.0763328
   2.55640723  2.75005255 15.53778172 17.12477935  1.99029077]
 [ 2.11691265  6.15500068 18.26379483  2.64535517  3.39488439  1.38093685
  11.73363963  1.0443591   2.54981186  2.58187856  1.70356009]
 [ 1.08703744 15.18273659  3.96815047 18.4862636   5.19228916  6.54480001
   6.20043273  6.23089081 17.46525092  1.8438662   8.7395343 ]
 [ 1.1100806  11.6186679   1.13371384  1.45993505  7.24963856 12.85561491
   1.07480466 15.00436948  3.37422991  7.68388035  4.79909673]]
Rv: [[11.58467319  2.10508472 14.51515429  5.2469466   3.14629371  3.91481201
  16.40676113  1.23711892  1.41252657 13.91503458]
 [ 1.34090805  4.05412557 13.17994495  4.19502892  1.04251026  5.06723486
  16.10263498  4.74351091  2.05000556  9.00069556]
 [ 5.14750482 11.0581193   1.4930728  12.15276284 18.66263377  1.01391908
   3.62982341 11.03957285  7.27025083  2.84511539]
 [ 2.35530423  7.35669117  3.14777593 14.5432775   2.09012173  4.29263389
   2.33850772 14.49232357 16.88021533  2.26982513]
 [ 1.31438294 10.56657238  9.28880627  9.05155991  9.17342512  1.11585307
   4.27357083  1.94004163 12.38106452  5.21477082]
 [11.04562896  2.35828882  3.06403724 11.00138888  2.06791931  5.37682652
   6.32470666  1.77220452  7.58301714 13.62302566]
 [ 2.50503377  2.05571673  1.44371022  1.83057364  1.54882217  1.38436606
   1.38081255  1.59900737  3.45350958  6.56806075]
 [ 4.94408999  1.31829715 17.9455432   9.13042058  2.34061884  2.67506691
   7.0896866   3.60043423  1.89274944  3.38101634]
 [ 2.02410651 14.81375728  5.89903961  1.83012937  1.93065626 10.76428516
   2.52419972 14.83172335  2.98632536  4.24484026]]