-------Running parameters--------
T = 0.0
gap = 0
M = 5
N = 10
VR = 0.0
Vmin = 0.0
Vmax = 4.0
vStep = 0.01
vSym = True
repeats = 20
fileName = array_5_10_r_disorder_variable_ef_run_1
dist = exp
fullOutput = True
use_graph = False
current_map = True
plot_current_map = False
dbg = False
resume = True
sc = False
leaping = False
constQ = False
modifyR = True
output_folder = 2d_array_bgu
params_path = 
VG_avg = 0.0
VG_std = 0.0
C_avg = 1.0
C_std = 0.0
CG_avg = 10.0
CG_std = 0.0
R_avg = 10.0
R_std = 9.0
custom_rh = ""
custom_rv = ""
custom_ch = ""
custom_cv = ""
RG_avg = 100.0
RG_std = 0.0
n0_avg = 0.0
n0_std = 0.0
Q0_avg = 0.0
Q0_std = 0.0
----Array Parameters-----
Rows: 5
Columns: 10
VG: [[0.]
 [0.]
 [0.]
 [0.]
 [0.]
 [0.]
 [0.]
 [0.]
 [0.]
 [0.]
 [0.]
 [0.]
 [0.]
 [0.]
 [0.]
 [0.]
 [0.]
 [0.]
 [0.]
 [0.]
 [0.]
 [0.]
 [0.]
 [0.]
 [0.]
 [0.]
 [0.]
 [0.]
 [0.]
 [0.]
 [0.]
 [0.]
 [0.]
 [0.]
 [0.]
 [0.]
 [0.]
 [0.]
 [0.]
 [0.]
 [0.]
 [0.]
 [0.]
 [0.]
 [0.]
 [0.]
 [0.]
 [0.]
 [0.]
 [0.]]
CG: [[10.]
 [10.]
 [10.]
 [10.]
 [10.]
 [10.]
 [10.]
 [10.]
 [10.]
 [10.]
 [10.]
 [10.]
 [10.]
 [10.]
 [10.]
 [10.]
 [10.]
 [10.]
 [10.]
 [10.]
 [10.]
 [10.]
 [10.]
 [10.]
 [10.]
 [10.]
 [10.]
 [10.]
 [10.]
 [10.]
 [10.]
 [10.]
 [10.]
 [10.]
 [10.]
 [10.]
 [10.]
 [10.]
 [10.]
 [10.]
 [10.]
 [10.]
 [10.]
 [10.]
 [10.]
 [10.]
 [10.]
 [10.]
 [10.]
 [10.]]
RG: [[100.]
 [100.]
 [100.]
 [100.]
 [100.]
 [100.]
 [100.]
 [100.]
 [100.]
 [100.]
 [100.]
 [100.]
 [100.]
 [100.]
 [100.]
 [100.]
 [100.]
 [100.]
 [100.]
 [100.]
 [100.]
 [100.]
 [100.]
 [100.]
 [100.]
 [100.]
 [100.]
 [100.]
 [100.]
 [100.]
 [100.]
 [100.]
 [100.]
 [100.]
 [100.]
 [100.]
 [100.]
 [100.]
 [100.]
 [100.]
 [100.]
 [100.]
 [100.]
 [100.]
 [100.]
 [100.]
 [100.]
 [100.]
 [100.]
 [100.]]
Ch: [[1. 1. 1. 1. 1. 1. 1. 1. 1. 1. 1.]
 [1. 1. 1. 1. 1. 1. 1. 1. 1. 1. 1.]
 [1. 1. 1. 1. 1. 1. 1. 1. 1. 1. 1.]
 [1. 1. 1. 1. 1. 1. 1. 1. 1. 1. 1.]
 [1. 1. 1. 1. 1. 1. 1. 1. 1. 1. 1.]]
Cv: [[0. 0. 0. 0. 0. 0. 0. 0. 0. 0.]
 [1. 1. 1. 1. 1. 1. 1. 1. 1. 1.]
 [1. 1. 1. 1. 1. 1. 1. 1. 1. 1.]
 [1. 1. 1. 1. 1. 1. 1. 1. 1. 1.]
 [1. 1. 1. 1. 1. 1. 1. 1. 1. 1.]]
Rh: [[ 2.41319679  1.65446056  8.63149173  2.05948882  5.78545153  3.04321863
   7.5759337   2.13688039  9.27761855  4.97900232 13.05723552]
 [16.1280869   1.91293519  6.97264051 12.05897614  9.15207925  6.62276384
   4.69106633  2.68201951 12.88607155 18.18143291  1.67669054]
 [ 3.70249198  1.7970652   4.69357909  5.61248148  1.56742163 12.3827864
   2.34577822  8.47585853 18.43749287  8.82640763  1.87854701]
 [ 4.45487669  1.53727602 10.44972391  1.17630496  2.60635397 15.85855408
   1.07783877  3.07933311  6.64268225  7.72035797  2.42884927]
 [ 9.84487481  2.31773988  9.58538079 10.61636574  5.54896574  6.43487443
   6.33378735  1.09866623  9.24118266 14.31701009  1.36202057]]
Rv: [[10.85578741  1.36808326  1.70197642  8.47392447  1.77716718 16.65070403
   6.85053817  7.1152723   5.96245314  1.45920978]
 [ 7.03067227 11.26848116  2.17641983  2.66743126 12.19993974  8.05907735
   1.9100862   1.67129077  2.49076439  8.90603791]
 [ 7.48305315  3.42547315  4.08180988  3.32136612  3.35855675  1.17111687
   4.8528604   1.05015519  6.87526332  2.75758389]
 [ 1.20863359  3.58693102  8.57077289 13.42255603  2.43592047 11.75080649
   5.18379355  5.15457485  1.68615881  2.61087199]]