-------Running parameters--------
T = 0.0
gap = 0
M = 10
N = 10
VR = 0.0
Vmin = 0.0
Vmax = 3.0
vStep = 0.01
vSym = True
repeats = 20
fileName = array_10_10_r_disorder_cg_disorder_run_1
dist = exp
fullOutput = True
use_graph = False
current_map = True
plot_current_map = False
dbg = False
resume = True
sc = False
leaping = False
constQ = False
modifyR = False
output_folder = 2d_array_bgu
params_path = 
VG_avg = 0.0
VG_std = 0.0
C_avg = 1.0
C_std = 0.0
CG_avg = 10.0
CG_std = 3.0
R_avg = 10.0
R_std = 9.0
custom_rh = ""
custom_rv = ""
custom_ch = ""
custom_cv = ""
RG_avg = 1000.0
RG_std = 0.0
n0_avg = 0.0
n0_std = 0.0
Q0_avg = 0.0
Q0_std = 0.0
----Array Parameters-----
Rows: 10
Columns: 10
VG: [[0.]
 [0.]
 [0.]
 [0.]
 [0.]
 [0.]
 [0.]
 [0.]
 [0.]
 [0.]
 [0.]
 [0.]
 [0.]
 [0.]
 [0.]
 [0.]
 [0.]
 [0.]
 [0.]
 [0.]
 [0.]
 [0.]
 [0.]
 [0.]
 [0.]
 [0.]
 [0.]
 [0.]
 [0.]
 [0.]
 [0.]
 [0.]
 [0.]
 [0.]
 [0.]
 [0.]
 [0.]
 [0.]
 [0.]
 [0.]
 [0.]
 [0.]
 [0.]
 [0.]
 [0.]
 [0.]
 [0.]
 [0.]
 [0.]
 [0.]
 [0.]
 [0.]
 [0.]
 [0.]
 [0.]
 [0.]
 [0.]
 [0.]
 [0.]
 [0.]
 [0.]
 [0.]
 [0.]
 [0.]
 [0.]
 [0.]
 [0.]
 [0.]
 [0.]
 [0.]
 [0.]
 [0.]
 [0.]
 [0.]
 [0.]
 [0.]
 [0.]
 [0.]
 [0.]
 [0.]
 [0.]
 [0.]
 [0.]
 [0.]
 [0.]
 [0.]
 [0.]
 [0.]
 [0.]
 [0.]
 [0.]
 [0.]
 [0.]
 [0.]
 [0.]
 [0.]
 [0.]
 [0.]
 [0.]
 [0.]]
CG: [[12.94959606]
 [11.37545863]
 [ 9.13320306]
 [ 7.85649043]
 [ 7.21909576]
 [ 9.03023049]
 [ 8.20079143]
 [ 7.2908055 ]
 [ 9.95190715]
 [11.2604429 ]
 [10.73888262]
 [ 7.33493932]
 [12.32250241]
 [ 8.83199379]
 [11.39283329]
 [12.34234393]
 [12.28358864]
 [ 9.03255318]
 [10.26002825]
 [11.25782566]
 [11.1963381 ]
 [10.60506717]
 [ 7.54068112]
 [ 8.27454696]
 [ 7.32215539]
 [ 7.73219254]
 [ 8.59025631]
 [ 7.9437424 ]
 [ 9.15905307]
 [ 8.8198889 ]
 [11.47033327]
 [ 8.18395436]
 [11.52089657]
 [12.80510348]
 [ 8.8732744 ]
 [ 7.03286951]
 [11.10933882]
 [ 7.21097582]
 [ 9.23426217]
 [ 8.96697041]
 [ 8.81222547]
 [ 8.41802619]
 [12.17697934]
 [ 9.27499596]
 [11.61350771]
 [ 7.03067386]
 [ 7.95377621]
 [ 8.74398309]
 [11.90051375]
 [11.0171597 ]
 [ 8.48164053]
 [12.76629197]
 [ 9.55020802]
 [ 7.08874676]
 [ 9.26109072]
 [ 9.36664788]
 [ 9.43856477]
 [11.48754297]
 [ 7.69007825]
 [10.30932976]
 [ 7.7060882 ]
 [12.19954314]
 [12.05462582]
 [11.55822105]
 [12.53909515]
 [10.4429166 ]
 [ 8.91907624]
 [ 8.52118812]
 [ 8.93537924]
 [ 7.37185033]
 [ 9.90627612]
 [12.83302652]
 [ 7.06063175]
 [ 9.39257737]
 [ 9.74845409]
 [10.64363192]
 [12.52594443]
 [ 8.43272138]
 [ 8.14056202]
 [10.00850505]
 [ 7.78525473]
 [10.25645627]
 [ 9.31442599]
 [10.60329805]
 [ 9.24952713]
 [ 8.6585754 ]
 [ 7.65059456]
 [12.50603981]
 [12.50749762]
 [ 9.67843101]
 [12.99621841]
 [ 7.7300254 ]
 [11.62502926]
 [ 9.02467678]
 [10.43387343]
 [12.43809284]
 [ 8.51883491]
 [ 8.39801251]
 [ 7.00140286]
 [11.54990495]]
RG: [[1000.]
 [1000.]
 [1000.]
 [1000.]
 [1000.]
 [1000.]
 [1000.]
 [1000.]
 [1000.]
 [1000.]
 [1000.]
 [1000.]
 [1000.]
 [1000.]
 [1000.]
 [1000.]
 [1000.]
 [1000.]
 [1000.]
 [1000.]
 [1000.]
 [1000.]
 [1000.]
 [1000.]
 [1000.]
 [1000.]
 [1000.]
 [1000.]
 [1000.]
 [1000.]
 [1000.]
 [1000.]
 [1000.]
 [1000.]
 [1000.]
 [1000.]
 [1000.]
 [1000.]
 [1000.]
 [1000.]
 [1000.]
 [1000.]
 [1000.]
 [1000.]
 [1000.]
 [1000.]
 [1000.]
 [1000.]
 [1000.]
 [1000.]
 [1000.]
 [1000.]
 [1000.]
 [1000.]
 [1000.]
 [1000.]
 [1000.]
 [1000.]
 [1000.]
 [1000.]
 [1000.]
 [1000.]
 [1000.]
 [1000.]
 [1000.]
 [1000.]
 [1000.]
 [1000.]
 [1000.]
 [1000.]
 [1000.]
 [1000.]
 [1000.]
 [1000.]
 [1000.]
 [1000.]
 [1000.]
 [1000.]
 [1000.]
 [1000.]
 [1000.]
 [1000.]
 [1000.]
 [1000.]
 [1000.]
 [1000.]
 [1000.]
 [1000.]
 [1000.]
 [1000.]
 [1000.]
 [1000.]
 [1000.]
 [1000.]
 [1000.]
 [1000.]
 [1000.]
 [1000.]
 [1000.]
 [1000.]]
Ch: [[1. 1. 1. 1. 1. 1. 1. 1. 1. 1. 1.]
 [1. 1. 1. 1. 1. 1. 1. 1. 1. 1. 1.]
 [1. 1. 1. 1. 1. 1. 1. 1. 1. 1. 1.]
 [1. 1. 1. 1. 1. 1. 1. 1. 1. 1. 1.]
 [1. 1. 1. 1. 1. 1. 1. 1. 1. 1. 1.]
 [1. 1. 1. 1. 1. 1. 1. 1. 1. 1. 1.]
 [1. 1. 1. 1. 1. 1. 1. 1. 1. 1. 1.]
 [1. 1. 1. 1. 1. 1. 1. 1. 1. 1. 1.]
 [1. 1. 1. 1. 1. 1. 1. 1. 1. 1. 1.]
 [1. 1. 1. 1. 1. 1. 1. 1. 1. 1. 1.]]
Cv: [[0. 0. 0. 0. 0. 0. 0. 0. 0. 0.]
 [1. 1. 1. 1. 1. 1. 1. 1. 1. 1.]
 [1. 1. 1. 1. 1. 1. 1. 1. 1. 1.]
 [1. 1. 1. 1. 1. 1. 1. 1. 1. 1.]
 [1. 1. 1. 1. 1. 1. 1. 1. 1. 1.]
 [1. 1. 1. 1. 1. 1. 1. 1. 1. 1.]
 [1. 1. 1. 1. 1. 1. 1. 1. 1. 1.]
 [1. 1. 1. 1. 1. 1. 1. 1. 1. 1.]
 [1. 1. 1. 1. 1. 1. 1. 1. 1. 1.]
 [1. 1. 1. 1. 1. 1. 1. 1. 1. 1.]]
Rh: [[13.46859407 12.10929139  1.96964951  2.21025088  4.92185114 17.38536019
   2.02419768  6.9045292  14.55646368 13.3929838  18.14169735]
 [ 9.60094254  1.95417967  3.38949792  3.22174314  3.99757958 11.07032705
   4.04874473  9.64715173  8.59391795  2.77829466 14.07481175]
 [ 7.63755881  3.00418487  4.66026322 14.3193348   1.6475762  14.11246553
   3.47281975 11.25628643  9.45096427  3.06425437  2.30984802]
 [ 1.91386575  1.61251619 16.95843184  1.81110689  6.73998961 14.63602239
   1.67616748  1.09033771  1.31417546  1.92231161  1.05511558]
 [ 3.91425563  4.61952982  3.20182063  3.4595777  13.51569277  2.6932319
   8.3469856   6.0025127   2.21402486 11.39474037  3.22607298]
 [ 1.5839941  11.92493853 12.06178103  2.37581768  1.97714421  1.24711849
  16.64103709 10.52124272 18.11452334 11.94936993  3.94911471]
 [ 2.08235186  4.25329312  1.3915577   2.80440479 11.72360733  1.45662938
  15.96930859  6.13779369  1.27976417  7.83824736 18.6466945 ]
 [10.86114208  5.16222856  1.69936413  1.52765529  4.12524188  1.92863432
   3.99597773  1.38978062  1.64660132  1.63857325  4.6149951 ]
 [ 5.19604861  2.07868288  3.62929774  7.77177993 13.78973321  1.55114762
   2.66403076  3.59462771  5.1006696   3.07822356 15.99556183]
 [17.74160927  8.348129   11.32625843  7.04081542  6.26081304 14.2691028
   6.70095568 17.31934349  5.80689142  6.80310596  4.58291665]]
Rv: [[ 5.58132923  2.53690211  1.29068719 14.96317712  9.33316598  4.30853279
   1.1859851   1.02310615 11.32933903  2.76668267]
 [10.56058519 11.7795272   2.40933369  3.51983975  7.05804076 18.84003386
   2.30044177  9.96612835 10.76747616  2.62180603]
 [ 2.61637127 14.04080691  2.2587105  10.00700319  9.68003764  3.5196147
  13.39881423 16.40519701  7.91159216  9.85845766]
 [10.40292481  2.24531129  1.34774269 18.36519023  9.67537633  2.00107472
  13.60339967  3.7821632   5.4347344   2.67781788]
 [ 2.62492668  2.94029635  4.2731437  12.53325709 11.06561541  3.74778201
   4.93582599  1.24921543 10.69057281  2.32908748]
 [ 2.14938792  3.73390342  7.03722312 16.67606326  1.5257074  15.17869825
   4.15457867 12.39400963  1.035635    6.30033904]
 [ 3.35702314  1.41573344  2.79950859  3.51126214  1.59280988  1.26539195
   8.76838745  9.66139444  5.95488272  2.41052896]
 [ 5.61622901 12.29936595  2.47572711 17.41769666  1.28183781 16.83757904
   4.27664046  1.56924302  2.68840386  1.84026615]
 [ 7.50780993  1.24308633  8.50151127  5.31991367  1.70652009 12.13189456
   2.36069892  6.51175461 12.67191645  1.11907847]]