-------Running parameters--------
T = 0.0
gap = 0
M = 10
N = 10
VR = 0.0
Vmin = 0.0
Vmax = 3.0
vStep = 0.01
vSym = True
repeats = 20
fileName = array_10_10_r_disorder_run_2
dist = exp
fullOutput = True
use_graph = False
current_map = True
plot_current_map = False
dbg = False
resume = True
sc = False
leaping = False
constQ = False
modifyR = False
output_folder = 2d_array_bgu
params_path = 
VG_avg = 0.0
VG_std = 0.0
C_avg = 1.0
C_std = 0.0
CG_avg = 10.0
CG_std = 0.0
R_avg = 10.0
R_std = 9.0
custom_rh = ""
custom_rv = ""
custom_ch = ""
custom_cv = ""
RG_avg = 1000.0
RG_std = 0.0
n0_avg = 0.0
n0_std = 0.0
Q0_avg = 0.0
Q0_std = 0.0
----Array Parameters-----
Rows: 10
Columns: 10
VG: [[0.]
 [0.]
 [0.]
 [0.]
 [0.]
 [0.]
 [0.]
 [0.]
 [0.]
 [0.]
 [0.]
 [0.]
 [0.]
 [0.]
 [0.]
 [0.]
 [0.]
 [0.]
 [0.]
 [0.]
 [0.]
 [0.]
 [0.]
 [0.]
 [0.]
 [0.]
 [0.]
 [0.]
 [0.]
 [0.]
 [0.]
 [0.]
 [0.]
 [0.]
 [0.]
 [0.]
 [0.]
 [0.]
 [0.]
 [0.]
 [0.]
 [0.]
 [0.]
 [0.]
 [0.]
 [0.]
 [0.]
 [0.]
 [0.]
 [0.]
 [0.]
 [0.]
 [0.]
 [0.]
 [0.]
 [0.]
 [0.]
 [0.]
 [0.]
 [0.]
 [0.]
 [0.]
 [0.]
 [0.]
 [0.]
 [0.]
 [0.]
 [0.]
 [0.]
 [0.]
 [0.]
 [0.]
 [0.]
 [0.]
 [0.]
 [0.]
 [0.]
 [0.]
 [0.]
 [0.]
 [0.]
 [0.]
 [0.]
 [0.]
 [0.]
 [0.]
 [0.]
 [0.]
 [0.]
 [0.]
 [0.]
 [0.]
 [0.]
 [0.]
 [0.]
 [0.]
 [0.]
 [0.]
 [0.]
 [0.]]
CG: [[10.]
 [10.]
 [10.]
 [10.]
 [10.]
 [10.]
 [10.]
 [10.]
 [10.]
 [10.]
 [10.]
 [10.]
 [10.]
 [10.]
 [10.]
 [10.]
 [10.]
 [10.]
 [10.]
 [10.]
 [10.]
 [10.]
 [10.]
 [10.]
 [10.]
 [10.]
 [10.]
 [10.]
 [10.]
 [10.]
 [10.]
 [10.]
 [10.]
 [10.]
 [10.]
 [10.]
 [10.]
 [10.]
 [10.]
 [10.]
 [10.]
 [10.]
 [10.]
 [10.]
 [10.]
 [10.]
 [10.]
 [10.]
 [10.]
 [10.]
 [10.]
 [10.]
 [10.]
 [10.]
 [10.]
 [10.]
 [10.]
 [10.]
 [10.]
 [10.]
 [10.]
 [10.]
 [10.]
 [10.]
 [10.]
 [10.]
 [10.]
 [10.]
 [10.]
 [10.]
 [10.]
 [10.]
 [10.]
 [10.]
 [10.]
 [10.]
 [10.]
 [10.]
 [10.]
 [10.]
 [10.]
 [10.]
 [10.]
 [10.]
 [10.]
 [10.]
 [10.]
 [10.]
 [10.]
 [10.]
 [10.]
 [10.]
 [10.]
 [10.]
 [10.]
 [10.]
 [10.]
 [10.]
 [10.]
 [10.]]
RG: [[1000.]
 [1000.]
 [1000.]
 [1000.]
 [1000.]
 [1000.]
 [1000.]
 [1000.]
 [1000.]
 [1000.]
 [1000.]
 [1000.]
 [1000.]
 [1000.]
 [1000.]
 [1000.]
 [1000.]
 [1000.]
 [1000.]
 [1000.]
 [1000.]
 [1000.]
 [1000.]
 [1000.]
 [1000.]
 [1000.]
 [1000.]
 [1000.]
 [1000.]
 [1000.]
 [1000.]
 [1000.]
 [1000.]
 [1000.]
 [1000.]
 [1000.]
 [1000.]
 [1000.]
 [1000.]
 [1000.]
 [1000.]
 [1000.]
 [1000.]
 [1000.]
 [1000.]
 [1000.]
 [1000.]
 [1000.]
 [1000.]
 [1000.]
 [1000.]
 [1000.]
 [1000.]
 [1000.]
 [1000.]
 [1000.]
 [1000.]
 [1000.]
 [1000.]
 [1000.]
 [1000.]
 [1000.]
 [1000.]
 [1000.]
 [1000.]
 [1000.]
 [1000.]
 [1000.]
 [1000.]
 [1000.]
 [1000.]
 [1000.]
 [1000.]
 [1000.]
 [1000.]
 [1000.]
 [1000.]
 [1000.]
 [1000.]
 [1000.]
 [1000.]
 [1000.]
 [1000.]
 [1000.]
 [1000.]
 [1000.]
 [1000.]
 [1000.]
 [1000.]
 [1000.]
 [1000.]
 [1000.]
 [1000.]
 [1000.]
 [1000.]
 [1000.]
 [1000.]
 [1000.]
 [1000.]
 [1000.]]
Ch: [[1. 1. 1. 1. 1. 1. 1. 1. 1. 1. 1.]
 [1. 1. 1. 1. 1. 1. 1. 1. 1. 1. 1.]
 [1. 1. 1. 1. 1. 1. 1. 1. 1. 1. 1.]
 [1. 1. 1. 1. 1. 1. 1. 1. 1. 1. 1.]
 [1. 1. 1. 1. 1. 1. 1. 1. 1. 1. 1.]
 [1. 1. 1. 1. 1. 1. 1. 1. 1. 1. 1.]
 [1. 1. 1. 1. 1. 1. 1. 1. 1. 1. 1.]
 [1. 1. 1. 1. 1. 1. 1. 1. 1. 1. 1.]
 [1. 1. 1. 1. 1. 1. 1. 1. 1. 1. 1.]
 [1. 1. 1. 1. 1. 1. 1. 1. 1. 1. 1.]]
Cv: [[0. 0. 0. 0. 0. 0. 0. 0. 0. 0.]
 [1. 1. 1. 1. 1. 1. 1. 1. 1. 1.]
 [1. 1. 1. 1. 1. 1. 1. 1. 1. 1.]
 [1. 1. 1. 1. 1. 1. 1. 1. 1. 1.]
 [1. 1. 1. 1. 1. 1. 1. 1. 1. 1.]
 [1. 1. 1. 1. 1. 1. 1. 1. 1. 1.]
 [1. 1. 1. 1. 1. 1. 1. 1. 1. 1.]
 [1. 1. 1. 1. 1. 1. 1. 1. 1. 1.]
 [1. 1. 1. 1. 1. 1. 1. 1. 1. 1.]
 [1. 1. 1. 1. 1. 1. 1. 1. 1. 1.]]
Rh: [[11.6891964   3.01852423  1.08993208  1.83082879  2.47564563  2.43669827
   9.10522391  9.0171095  17.55022645  3.7861216   2.22911853]
 [ 2.09094173 10.30549021  1.57167424  1.08446692  2.20443581  3.62595966
   6.98252973  5.9812126   3.58329057  1.10344593  6.99127084]
 [12.09988703  5.25411222  3.280874    1.37416149  1.93420777  1.45817338
   1.1714728   5.47467032  2.94990563  7.96238352 18.69287721]
 [ 1.45260538 17.30572876  1.05052937  4.45072336 16.50212947  2.97559663
  13.01334618  6.04674306  1.36693101  9.77256749 18.71947067]
 [ 3.40425726  1.50080379 14.28731826  2.04162352 18.4717871   1.84039786
  10.95420946  3.70453107  1.47760435  3.76245207  6.12531914]
 [ 4.03481377 14.45277647  4.18499949 11.11297341  1.4451263   2.44379086
   8.7690564   1.49934902  2.09480482  1.67952673  1.77038512]
 [ 1.72650994  4.62916808  8.64217299  4.16015996  6.57567422 14.75183322
  17.47378165  1.25599498  8.71593837  4.72783933 12.66960645]
 [13.0230027   3.22319522  2.21675431  8.66616358 13.18155093  1.21760347
   9.73237073  4.73709067  2.0438255   1.06176093 14.91264946]
 [ 2.45776721 15.57260782  9.39383438  5.67830396  5.06382137  8.46806721
   1.05291382  9.02897378  1.65901686  3.24428978  6.45737716]
 [10.76275121  3.22771014  3.97554323 16.42103248  2.42310035  6.32337703
   5.68757223  6.4008659   4.83991849  5.2587932   8.11199173]]
Rv: [[ 3.5891138   1.88320571  1.17368001  1.09314546 13.08679662  6.8091554
   1.20057263  6.56500709  1.88719272  2.43843164]
 [ 5.52425912  1.96361737  3.92425754  7.54720181  1.32453864  1.13267927
   1.86411883  1.08106165  4.77340017  8.68240928]
 [16.26075971  2.9800933   5.50478627 15.24892196  3.62669412  1.77276352
   1.9141698   4.48317084  7.68021975  6.05750552]
 [ 3.70077626 14.21408346  4.89367112  1.96644566  6.77509575  2.98442738
  11.48347949  5.96120642  2.92097902  1.08613895]
 [ 7.38541665  2.30297858  1.32242643 18.93534241 10.93830897 12.25484105
   1.44304942  3.67097273  3.335944    7.21939817]
 [10.10915375  2.29721074  1.15863959  1.21861967 11.5158475   1.52188439
   6.19319322 18.31885084  7.32189037  2.85879329]
 [10.0437073   6.54857125  1.45228761  7.30389161  1.48368735  8.61987022
   3.55036632  8.99912695  3.95674367  9.41855771]
 [15.71499765 18.34816939  8.19030632 11.83796977  4.79777611  3.36142762
   2.83453491 16.21072706  2.44511629  1.75160624]
 [15.87580813  2.31575131  1.99976623 11.33180767 14.21958066  1.50240095
   1.58547043  3.80221313 12.44066224 12.60217089]]