-------Running parameters--------
T = 0.0
gap = 0
M = 10
N = 10
VR = 0.0
Vmin = 0.0
Vmax = 3.0
vStep = 0.01
vSym = True
repeats = 20
fileName = array_10_10_r_disorder_variable_ef_run_2
dist = exp
fullOutput = True
use_graph = False
current_map = True
plot_current_map = False
dbg = False
resume = True
sc = False
leaping = False
constQ = False
modifyR = True
output_folder = 2d_array_bgu
params_path = 
VG_avg = 0.0
VG_std = 0.0
C_avg = 1.0
C_std = 0.0
CG_avg = 10.0
CG_std = 0.0
R_avg = 10.0
R_std = 9.0
custom_rh = ""
custom_rv = ""
custom_ch = ""
custom_cv = ""
RG_avg = 1000.0
RG_std = 0.0
n0_avg = 0.0
n0_std = 0.0
Q0_avg = 0.0
Q0_std = 0.0
----Array Parameters-----
Rows: 10
Columns: 10
VG: [[0.]
 [0.]
 [0.]
 [0.]
 [0.]
 [0.]
 [0.]
 [0.]
 [0.]
 [0.]
 [0.]
 [0.]
 [0.]
 [0.]
 [0.]
 [0.]
 [0.]
 [0.]
 [0.]
 [0.]
 [0.]
 [0.]
 [0.]
 [0.]
 [0.]
 [0.]
 [0.]
 [0.]
 [0.]
 [0.]
 [0.]
 [0.]
 [0.]
 [0.]
 [0.]
 [0.]
 [0.]
 [0.]
 [0.]
 [0.]
 [0.]
 [0.]
 [0.]
 [0.]
 [0.]
 [0.]
 [0.]
 [0.]
 [0.]
 [0.]
 [0.]
 [0.]
 [0.]
 [0.]
 [0.]
 [0.]
 [0.]
 [0.]
 [0.]
 [0.]
 [0.]
 [0.]
 [0.]
 [0.]
 [0.]
 [0.]
 [0.]
 [0.]
 [0.]
 [0.]
 [0.]
 [0.]
 [0.]
 [0.]
 [0.]
 [0.]
 [0.]
 [0.]
 [0.]
 [0.]
 [0.]
 [0.]
 [0.]
 [0.]
 [0.]
 [0.]
 [0.]
 [0.]
 [0.]
 [0.]
 [0.]
 [0.]
 [0.]
 [0.]
 [0.]
 [0.]
 [0.]
 [0.]
 [0.]
 [0.]]
CG: [[10.]
 [10.]
 [10.]
 [10.]
 [10.]
 [10.]
 [10.]
 [10.]
 [10.]
 [10.]
 [10.]
 [10.]
 [10.]
 [10.]
 [10.]
 [10.]
 [10.]
 [10.]
 [10.]
 [10.]
 [10.]
 [10.]
 [10.]
 [10.]
 [10.]
 [10.]
 [10.]
 [10.]
 [10.]
 [10.]
 [10.]
 [10.]
 [10.]
 [10.]
 [10.]
 [10.]
 [10.]
 [10.]
 [10.]
 [10.]
 [10.]
 [10.]
 [10.]
 [10.]
 [10.]
 [10.]
 [10.]
 [10.]
 [10.]
 [10.]
 [10.]
 [10.]
 [10.]
 [10.]
 [10.]
 [10.]
 [10.]
 [10.]
 [10.]
 [10.]
 [10.]
 [10.]
 [10.]
 [10.]
 [10.]
 [10.]
 [10.]
 [10.]
 [10.]
 [10.]
 [10.]
 [10.]
 [10.]
 [10.]
 [10.]
 [10.]
 [10.]
 [10.]
 [10.]
 [10.]
 [10.]
 [10.]
 [10.]
 [10.]
 [10.]
 [10.]
 [10.]
 [10.]
 [10.]
 [10.]
 [10.]
 [10.]
 [10.]
 [10.]
 [10.]
 [10.]
 [10.]
 [10.]
 [10.]
 [10.]]
RG: [[1000.]
 [1000.]
 [1000.]
 [1000.]
 [1000.]
 [1000.]
 [1000.]
 [1000.]
 [1000.]
 [1000.]
 [1000.]
 [1000.]
 [1000.]
 [1000.]
 [1000.]
 [1000.]
 [1000.]
 [1000.]
 [1000.]
 [1000.]
 [1000.]
 [1000.]
 [1000.]
 [1000.]
 [1000.]
 [1000.]
 [1000.]
 [1000.]
 [1000.]
 [1000.]
 [1000.]
 [1000.]
 [1000.]
 [1000.]
 [1000.]
 [1000.]
 [1000.]
 [1000.]
 [1000.]
 [1000.]
 [1000.]
 [1000.]
 [1000.]
 [1000.]
 [1000.]
 [1000.]
 [1000.]
 [1000.]
 [1000.]
 [1000.]
 [1000.]
 [1000.]
 [1000.]
 [1000.]
 [1000.]
 [1000.]
 [1000.]
 [1000.]
 [1000.]
 [1000.]
 [1000.]
 [1000.]
 [1000.]
 [1000.]
 [1000.]
 [1000.]
 [1000.]
 [1000.]
 [1000.]
 [1000.]
 [1000.]
 [1000.]
 [1000.]
 [1000.]
 [1000.]
 [1000.]
 [1000.]
 [1000.]
 [1000.]
 [1000.]
 [1000.]
 [1000.]
 [1000.]
 [1000.]
 [1000.]
 [1000.]
 [1000.]
 [1000.]
 [1000.]
 [1000.]
 [1000.]
 [1000.]
 [1000.]
 [1000.]
 [1000.]
 [1000.]
 [1000.]
 [1000.]
 [1000.]
 [1000.]]
Ch: [[1. 1. 1. 1. 1. 1. 1. 1. 1. 1. 1.]
 [1. 1. 1. 1. 1. 1. 1. 1. 1. 1. 1.]
 [1. 1. 1. 1. 1. 1. 1. 1. 1. 1. 1.]
 [1. 1. 1. 1. 1. 1. 1. 1. 1. 1. 1.]
 [1. 1. 1. 1. 1. 1. 1. 1. 1. 1. 1.]
 [1. 1. 1. 1. 1. 1. 1. 1. 1. 1. 1.]
 [1. 1. 1. 1. 1. 1. 1. 1. 1. 1. 1.]
 [1. 1. 1. 1. 1. 1. 1. 1. 1. 1. 1.]
 [1. 1. 1. 1. 1. 1. 1. 1. 1. 1. 1.]
 [1. 1. 1. 1. 1. 1. 1. 1. 1. 1. 1.]]
Cv: [[0. 0. 0. 0. 0. 0. 0. 0. 0. 0.]
 [1. 1. 1. 1. 1. 1. 1. 1. 1. 1.]
 [1. 1. 1. 1. 1. 1. 1. 1. 1. 1.]
 [1. 1. 1. 1. 1. 1. 1. 1. 1. 1.]
 [1. 1. 1. 1. 1. 1. 1. 1. 1. 1.]
 [1. 1. 1. 1. 1. 1. 1. 1. 1. 1.]
 [1. 1. 1. 1. 1. 1. 1. 1. 1. 1.]
 [1. 1. 1. 1. 1. 1. 1. 1. 1. 1.]
 [1. 1. 1. 1. 1. 1. 1. 1. 1. 1.]
 [1. 1. 1. 1. 1. 1. 1. 1. 1. 1.]]
Rh: [[ 3.40878985 17.61560927 17.05277032  8.12501909 12.75163807 13.31923025
   1.33893856 18.88984147  2.85525174  3.0659575   2.76950012]
 [ 9.88279853  2.33153147 14.55980785  5.21314018  1.68229825  5.58971346
   2.15445296  2.19455921  6.00400633  3.6675362   1.05218726]
 [ 5.95292623 15.03071425  1.31735346  2.81120808  6.82330316  2.66716898
   8.86621504  6.8263114   3.18410328  1.50545417  8.57363122]
 [ 1.27550497  7.3470309   1.79434683  2.92775279  1.43821712  6.09530135
   1.3971273   1.69883687  7.07144046  4.61222496  7.12908168]
 [ 5.3430099  12.59416152  1.20970484  1.82952874 11.36570892 16.19899921
   4.70261187  1.70854935 17.00826993  8.9101695   1.07413052]
 [14.84241961 14.69238381  9.00368449  2.14560513  5.831205    1.46262683
   4.45886019  8.74547444  3.69435958  6.78246765  6.58895171]
 [11.52364832  2.40720809  2.65871481  1.46942311 10.14487935 13.42567252
   2.05860375  5.91229751  1.57844802 14.1720806   4.73386272]
 [ 7.52871458  6.04528803 16.59789962 10.9464621   8.0785496   1.08118846
   1.26385875  1.6212945   2.70289138  6.48377188 15.43999547]
 [10.54931306 12.96363756  6.47477457  1.25811909  2.40030909  1.49188804
  11.33795976 12.00367847  6.60844101 13.30140801 12.98987513]
 [ 1.60741392  2.0671394   1.31300297  2.94548764  3.86442942  6.89329373
   6.72122427  1.05695914  2.50429894  3.13846106  6.69320365]]
Rv: [[14.89171836  9.27106496 12.16346621 12.30223433  5.31203323  2.85730477
  13.79510582  1.12655555  1.88627394  2.81737479]
 [18.44809079  7.33644568  1.52694513  2.93209416  2.08602892  3.29452421
   2.29920324  1.03966979  9.81243753  1.23356077]
 [11.87942848  4.34499504  5.63469525  6.54698854 16.20828751  2.88501736
   3.65863311  5.94615049  8.45606123  1.08394988]
 [ 3.03409179 18.2003877  14.97617513  9.95397854  6.56155939 11.08867376
   1.63191609 13.47491401  1.19653826  7.73039252]
 [ 1.95203814 16.28988047  2.43775115  1.94723803 11.90247701  4.01393041
   7.23590931  2.35333607  1.36168326  3.12317522]
 [ 9.15131844  2.70557231  2.31196563  5.0270159   8.54345662  3.06543717
   3.65702586  3.25580327  4.00207968  6.55382452]
 [ 7.33026367  1.72426197  4.58690184  4.75598093  1.20426048  1.91771904
  17.76235952  2.77460532 14.87025714  3.87678784]
 [ 3.72805962  2.55921609  4.5253711  13.7949904  17.92463497  6.577531
  10.80352919  5.42097395  1.05461904 11.84531086]
 [ 3.95323349  5.93938304  2.49726603  6.87374281 11.85568436  2.54215547
  15.1174866   7.08408977  5.08243357  1.9065846 ]]