-------Running parameters--------
T = 0.0
gap = 0
M = 5
N = 10
VR = 0.0
Vmin = 0.0
Vmax = 4.0
vStep = 0.01
vSym = True
repeats = 20
fileName = array_5_10_r_disorder_cg_disorder_variable_ef_run_3
dist = exp
fullOutput = True
use_graph = False
current_map = True
plot_current_map = False
dbg = False
resume = True
sc = False
leaping = False
constQ = False
modifyR = True
output_folder = 2d_array_bgu
params_path = 
VG_avg = 0.0
VG_std = 0.0
C_avg = 1.0
C_std = 0.0
CG_avg = 10.0
CG_std = 3.0
R_avg = 10.0
R_std = 9.0
custom_rh = ""
custom_rv = ""
custom_ch = ""
custom_cv = ""
RG_avg = 100.0
RG_std = 0.0
n0_avg = 0.0
n0_std = 0.0
Q0_avg = 0.0
Q0_std = 0.0
----Array Parameters-----
Rows: 5
Columns: 10
VG: [[0.]
 [0.]
 [0.]
 [0.]
 [0.]
 [0.]
 [0.]
 [0.]
 [0.]
 [0.]
 [0.]
 [0.]
 [0.]
 [0.]
 [0.]
 [0.]
 [0.]
 [0.]
 [0.]
 [0.]
 [0.]
 [0.]
 [0.]
 [0.]
 [0.]
 [0.]
 [0.]
 [0.]
 [0.]
 [0.]
 [0.]
 [0.]
 [0.]
 [0.]
 [0.]
 [0.]
 [0.]
 [0.]
 [0.]
 [0.]
 [0.]
 [0.]
 [0.]
 [0.]
 [0.]
 [0.]
 [0.]
 [0.]
 [0.]
 [0.]]
CG: [[11.03194315]
 [11.93886303]
 [ 7.02574936]
 [ 8.91163189]
 [12.14004339]
 [ 9.18284578]
 [12.75283839]
 [ 7.39946179]
 [10.24538496]
 [ 9.71742352]
 [ 7.32718449]
 [ 9.63946376]
 [ 9.74956227]
 [ 9.87298023]
 [11.1451667 ]
 [ 8.28740243]
 [10.58694228]
 [ 8.41045881]
 [11.47722895]
 [ 8.29006238]
 [12.72072309]
 [ 7.63912707]
 [11.23229904]
 [12.6758768 ]
 [10.14454562]
 [ 7.27054477]
 [ 8.3227996 ]
 [10.14269623]
 [ 7.85017568]
 [11.18772405]
 [ 8.98957671]
 [12.11669258]
 [10.05504071]
 [ 8.47860343]
 [ 9.85128714]
 [ 8.77593795]
 [ 7.5873917 ]
 [ 7.84627672]
 [ 8.41237743]
 [ 9.62403793]
 [ 7.80390504]
 [ 7.03054443]
 [ 9.60625613]
 [ 9.12074848]
 [ 7.67500227]
 [11.55292253]
 [ 7.63388509]
 [12.74172137]
 [ 7.00147615]
 [11.36811526]]
RG: [[100.]
 [100.]
 [100.]
 [100.]
 [100.]
 [100.]
 [100.]
 [100.]
 [100.]
 [100.]
 [100.]
 [100.]
 [100.]
 [100.]
 [100.]
 [100.]
 [100.]
 [100.]
 [100.]
 [100.]
 [100.]
 [100.]
 [100.]
 [100.]
 [100.]
 [100.]
 [100.]
 [100.]
 [100.]
 [100.]
 [100.]
 [100.]
 [100.]
 [100.]
 [100.]
 [100.]
 [100.]
 [100.]
 [100.]
 [100.]
 [100.]
 [100.]
 [100.]
 [100.]
 [100.]
 [100.]
 [100.]
 [100.]
 [100.]
 [100.]]
Ch: [[1. 1. 1. 1. 1. 1. 1. 1. 1. 1. 1.]
 [1. 1. 1. 1. 1. 1. 1. 1. 1. 1. 1.]
 [1. 1. 1. 1. 1. 1. 1. 1. 1. 1. 1.]
 [1. 1. 1. 1. 1. 1. 1. 1. 1. 1. 1.]
 [1. 1. 1. 1. 1. 1. 1. 1. 1. 1. 1.]]
Cv: [[0. 0. 0. 0. 0. 0. 0. 0. 0. 0.]
 [1. 1. 1. 1. 1. 1. 1. 1. 1. 1.]
 [1. 1. 1. 1. 1. 1. 1. 1. 1. 1.]
 [1. 1. 1. 1. 1. 1. 1. 1. 1. 1.]
 [1. 1. 1. 1. 1. 1. 1. 1. 1. 1.]]
Rh: [[ 3.89901323  8.02981935  2.2517255   5.0765808   6.33566561  6.12346747
   3.23210962 14.91078126  8.95245129  6.69105699  5.04066044]
 [18.64542765  2.52349557  2.48410991  1.44423259  8.82521479 15.00118282
   9.23847847 15.37124105  4.3919396   9.6085892  16.31376766]
 [ 7.21905978  1.58947768  2.53929693  2.32455098  4.62042183  1.84600548
   1.25584557  1.47001305  6.64368576  9.38183604  7.26012929]
 [13.32862839 15.43863052  1.36371117  5.99839898  6.57510281  3.38767049
   8.82714269  1.08229164  1.01176174 13.50931217  1.07675292]
 [ 1.07405498  1.35394095  1.32435811  5.23503536  8.32366414  9.27754213
   1.96873159  5.74374422  9.23086047  1.14764359  6.45744552]]
Rv: [[16.03771037  2.32555639  1.12405895 14.14950405 10.65648846  3.09100287
   1.69310441  1.09340245 17.07563747  2.11326436]
 [ 1.04975197  4.30305475 17.72055009  1.84890648  9.96423462 15.98869761
  11.88182827 16.82585735  2.70446417 10.3561441 ]
 [17.70707081  5.31727765  1.98977815  3.20452854  4.38234698 10.17213299
   4.55141119  4.13826896  7.38502971  6.0485769 ]
 [ 1.60775824  1.1890486   1.15390497  1.63327098  1.49639046 10.03566981
   8.6400178   3.09391651  1.06741879  3.80903759]]