-------Running parameters--------
T = 0.0
gap = 0
M = 10
N = 10
VR = 0.0
Vmin = 0.0
Vmax = 3.0
vStep = 0.01
vSym = True
repeats = 20
fileName = array_10_10_r_disorder_cg_disorder_run_2
dist = exp
fullOutput = True
use_graph = False
current_map = True
plot_current_map = False
dbg = False
resume = True
sc = False
leaping = False
constQ = False
modifyR = False
output_folder = 2d_array_bgu
params_path = 
VG_avg = 0.0
VG_std = 0.0
C_avg = 1.0
C_std = 0.0
CG_avg = 10.0
CG_std = 3.0
R_avg = 10.0
R_std = 9.0
custom_rh = ""
custom_rv = ""
custom_ch = ""
custom_cv = ""
RG_avg = 1000.0
RG_std = 0.0
n0_avg = 0.0
n0_std = 0.0
Q0_avg = 0.0
Q0_std = 0.0
----Array Parameters-----
Rows: 10
Columns: 10
VG: [[0.]
 [0.]
 [0.]
 [0.]
 [0.]
 [0.]
 [0.]
 [0.]
 [0.]
 [0.]
 [0.]
 [0.]
 [0.]
 [0.]
 [0.]
 [0.]
 [0.]
 [0.]
 [0.]
 [0.]
 [0.]
 [0.]
 [0.]
 [0.]
 [0.]
 [0.]
 [0.]
 [0.]
 [0.]
 [0.]
 [0.]
 [0.]
 [0.]
 [0.]
 [0.]
 [0.]
 [0.]
 [0.]
 [0.]
 [0.]
 [0.]
 [0.]
 [0.]
 [0.]
 [0.]
 [0.]
 [0.]
 [0.]
 [0.]
 [0.]
 [0.]
 [0.]
 [0.]
 [0.]
 [0.]
 [0.]
 [0.]
 [0.]
 [0.]
 [0.]
 [0.]
 [0.]
 [0.]
 [0.]
 [0.]
 [0.]
 [0.]
 [0.]
 [0.]
 [0.]
 [0.]
 [0.]
 [0.]
 [0.]
 [0.]
 [0.]
 [0.]
 [0.]
 [0.]
 [0.]
 [0.]
 [0.]
 [0.]
 [0.]
 [0.]
 [0.]
 [0.]
 [0.]
 [0.]
 [0.]
 [0.]
 [0.]
 [0.]
 [0.]
 [0.]
 [0.]
 [0.]
 [0.]
 [0.]
 [0.]]
CG: [[ 9.67464733]
 [11.62227771]
 [11.90895501]
 [10.38940888]
 [ 8.7817926 ]
 [ 7.22888301]
 [ 8.5630647 ]
 [ 7.54581736]
 [ 9.9465112 ]
 [11.11274343]
 [ 9.35958931]
 [ 8.64095975]
 [12.88033198]
 [12.31371009]
 [ 8.95433779]
 [ 9.78952513]
 [12.27373711]
 [ 8.04050164]
 [ 8.93063927]
 [ 8.63842306]
 [10.24815066]
 [ 8.4299625 ]
 [10.28847291]
 [10.15102963]
 [12.60031539]
 [ 9.1540614 ]
 [ 8.56401565]
 [11.1149441 ]
 [ 9.08668605]
 [12.49107773]
 [11.32936176]
 [ 7.00229682]
 [ 7.25104312]
 [11.02317749]
 [ 8.45621014]
 [ 9.86920232]
 [12.07239828]
 [11.31792994]
 [12.47394777]
 [10.85460713]
 [12.89536606]
 [12.20053164]
 [ 8.54795637]
 [11.1396201 ]
 [ 8.21387386]
 [ 7.00821814]
 [11.31821147]
 [11.81303352]
 [10.40937468]
 [11.02901424]
 [10.44113699]
 [ 7.81726433]
 [12.02626318]
 [ 8.89078197]
 [10.09761394]
 [12.88035838]
 [ 7.71030631]
 [11.24892807]
 [ 7.7456502 ]
 [11.01866359]
 [11.74855552]
 [ 7.85412775]
 [11.68270905]
 [ 8.39984502]
 [ 7.734388  ]
 [12.04546811]
 [11.44623496]
 [12.10365074]
 [ 8.95376745]
 [ 7.47877781]
 [ 7.01056565]
 [11.55987744]
 [ 8.54425442]
 [ 9.63520768]
 [10.07908393]
 [ 9.46082973]
 [10.57221705]
 [ 8.86999772]
 [ 7.63488196]
 [11.81275285]
 [ 8.30614495]
 [10.42653303]
 [ 8.75053553]
 [ 8.05426401]
 [11.42609273]
 [ 7.62306663]
 [ 9.05979099]
 [ 9.92172702]
 [ 7.28694638]
 [ 9.03807614]
 [ 7.17171058]
 [ 9.48146496]
 [11.05599163]
 [10.63953364]
 [11.05980349]
 [12.64540527]
 [ 9.65512348]
 [ 8.36704328]
 [ 9.95579618]
 [10.46671774]]
RG: [[1000.]
 [1000.]
 [1000.]
 [1000.]
 [1000.]
 [1000.]
 [1000.]
 [1000.]
 [1000.]
 [1000.]
 [1000.]
 [1000.]
 [1000.]
 [1000.]
 [1000.]
 [1000.]
 [1000.]
 [1000.]
 [1000.]
 [1000.]
 [1000.]
 [1000.]
 [1000.]
 [1000.]
 [1000.]
 [1000.]
 [1000.]
 [1000.]
 [1000.]
 [1000.]
 [1000.]
 [1000.]
 [1000.]
 [1000.]
 [1000.]
 [1000.]
 [1000.]
 [1000.]
 [1000.]
 [1000.]
 [1000.]
 [1000.]
 [1000.]
 [1000.]
 [1000.]
 [1000.]
 [1000.]
 [1000.]
 [1000.]
 [1000.]
 [1000.]
 [1000.]
 [1000.]
 [1000.]
 [1000.]
 [1000.]
 [1000.]
 [1000.]
 [1000.]
 [1000.]
 [1000.]
 [1000.]
 [1000.]
 [1000.]
 [1000.]
 [1000.]
 [1000.]
 [1000.]
 [1000.]
 [1000.]
 [1000.]
 [1000.]
 [1000.]
 [1000.]
 [1000.]
 [1000.]
 [1000.]
 [1000.]
 [1000.]
 [1000.]
 [1000.]
 [1000.]
 [1000.]
 [1000.]
 [1000.]
 [1000.]
 [1000.]
 [1000.]
 [1000.]
 [1000.]
 [1000.]
 [1000.]
 [1000.]
 [1000.]
 [1000.]
 [1000.]
 [1000.]
 [1000.]
 [1000.]
 [1000.]]
Ch: [[1. 1. 1. 1. 1. 1. 1. 1. 1. 1. 1.]
 [1. 1. 1. 1. 1. 1. 1. 1. 1. 1. 1.]
 [1. 1. 1. 1. 1. 1. 1. 1. 1. 1. 1.]
 [1. 1. 1. 1. 1. 1. 1. 1. 1. 1. 1.]
 [1. 1. 1. 1. 1. 1. 1. 1. 1. 1. 1.]
 [1. 1. 1. 1. 1. 1. 1. 1. 1. 1. 1.]
 [1. 1. 1. 1. 1. 1. 1. 1. 1. 1. 1.]
 [1. 1. 1. 1. 1. 1. 1. 1. 1. 1. 1.]
 [1. 1. 1. 1. 1. 1. 1. 1. 1. 1. 1.]
 [1. 1. 1. 1. 1. 1. 1. 1. 1. 1. 1.]]
Cv: [[0. 0. 0. 0. 0. 0. 0. 0. 0. 0.]
 [1. 1. 1. 1. 1. 1. 1. 1. 1. 1.]
 [1. 1. 1. 1. 1. 1. 1. 1. 1. 1.]
 [1. 1. 1. 1. 1. 1. 1. 1. 1. 1.]
 [1. 1. 1. 1. 1. 1. 1. 1. 1. 1.]
 [1. 1. 1. 1. 1. 1. 1. 1. 1. 1.]
 [1. 1. 1. 1. 1. 1. 1. 1. 1. 1.]
 [1. 1. 1. 1. 1. 1. 1. 1. 1. 1.]
 [1. 1. 1. 1. 1. 1. 1. 1. 1. 1.]
 [1. 1. 1. 1. 1. 1. 1. 1. 1. 1.]]
Rh: [[ 6.50601708  1.63690602  4.02584968  7.92345366  2.60124693  1.05869602
   3.93407067  1.78767927  2.34443611  1.59589277 13.54766908]
 [ 1.58394199  6.76024161 10.81850216  9.14457794  6.5092859   6.84714481
  12.8965144   1.21383341  2.31210578  1.06741306  7.34239663]
 [ 8.44185265  4.8520814   1.08840199  3.60143011  4.79907799 13.10103277
   1.35935101  1.25285995 13.89697845 11.37236908  1.90425104]
 [ 1.57664335  3.83028837 15.30606034  5.39534493  3.57613537  2.90962361
   5.84634324  6.07269758  1.11404705  1.37469782 10.61169161]
 [ 1.84543482 13.32421424  2.28927162  1.14680057  2.93244769 12.2476326
   2.80002776 12.54917445  4.67232555 12.21435163  4.51403036]
 [ 8.45283814 12.00557144  1.65548832  3.4512376   4.12161346  6.57539099
   3.85281616 15.33301117  8.30245059  6.97307012  5.5684391 ]
 [ 6.51357828 10.21990639 10.05085787  9.13015473  5.48268829  3.01015457
   1.69128777  4.51534286 15.19238606 16.00009872  2.79814379]
 [16.12374984 10.69989409 17.15878842  2.40516082  1.06179502  1.61144209
  16.42202982  4.25811404 14.95730261  6.58961842  6.48873779]
 [ 7.46957435  9.30309988 16.14955547 17.34371751  3.97053684 18.74039357
   4.93726308  2.37476078  4.39285099  6.18810215  1.24928158]
 [ 1.04845378  3.03881918  5.69104967  4.90713314  9.58138948 17.94736375
   7.61803555  1.01860705  1.65526347  1.71077701  4.28422801]]
Rv: [[10.08261781  3.26270682  6.51157538  4.59191995 17.18672404  1.4282984
   4.87393461  7.77339483  8.2391767  10.7278429 ]
 [ 3.86039854  2.38703991  2.60276898 15.13139161  2.76467051  5.75342613
   3.09987079  2.42404705  3.61450244  2.32869793]
 [18.36680726  2.00163947  7.1461195  11.82707748  3.34272747  8.06098938
   1.43080074  1.04457968  2.31843236  5.77717042]
 [ 3.26682568  9.20422769  6.17173187  1.73067525  9.77378728 18.48611379
  10.68747425  2.2048736   3.37130631  2.52839048]
 [ 1.29460898  5.5615214   7.72346168 10.98680104  3.98797737  4.2595149
  15.36421637 12.45066886  4.8467553   3.03813209]
 [ 2.78516969  3.45943962  4.97136722  4.01043864  1.31181082  1.39580254
   2.51856863  1.31206781  3.33481216  9.4470912 ]
 [ 2.05871582  2.53193593  7.48292777  3.69737555  1.58102259 13.14724827
   4.42481518 13.00575249  6.2964931   2.22671688]
 [10.96072762  1.12472001  1.61467028 11.70403102 16.58155961  7.7192391
  13.15487728  1.91973702  8.79924123  1.42846738]
 [ 2.84278702  7.09892528  9.14652621  1.41109892  2.25062147  4.54507445
   2.9132883   3.54814239 12.04192154  9.61923617]]