-------Running parameters--------
T = 0.0
gap = 0
M = 10
N = 10
VR = 0.0
Vmin = 0.0
Vmax = 3.0
vStep = 0.01
vSym = True
repeats = 20
fileName = array_10_10_r_disorder_cg_disorder_variable_ef_run_3
dist = exp
fullOutput = True
use_graph = False
current_map = True
plot_current_map = False
dbg = False
resume = True
sc = False
leaping = False
constQ = False
modifyR = True
output_folder = 2d_array_bgu
params_path = 
VG_avg = 0.0
VG_std = 0.0
C_avg = 1.0
C_std = 0.0
CG_avg = 10.0
CG_std = 3.0
R_avg = 10.0
R_std = 9.0
custom_rh = ""
custom_rv = ""
custom_ch = ""
custom_cv = ""
RG_avg = 1000.0
RG_std = 0.0
n0_avg = 0.0
n0_std = 0.0
Q0_avg = 0.0
Q0_std = 0.0
----Array Parameters-----
Rows: 10
Columns: 10
VG: [[0.]
 [0.]
 [0.]
 [0.]
 [0.]
 [0.]
 [0.]
 [0.]
 [0.]
 [0.]
 [0.]
 [0.]
 [0.]
 [0.]
 [0.]
 [0.]
 [0.]
 [0.]
 [0.]
 [0.]
 [0.]
 [0.]
 [0.]
 [0.]
 [0.]
 [0.]
 [0.]
 [0.]
 [0.]
 [0.]
 [0.]
 [0.]
 [0.]
 [0.]
 [0.]
 [0.]
 [0.]
 [0.]
 [0.]
 [0.]
 [0.]
 [0.]
 [0.]
 [0.]
 [0.]
 [0.]
 [0.]
 [0.]
 [0.]
 [0.]
 [0.]
 [0.]
 [0.]
 [0.]
 [0.]
 [0.]
 [0.]
 [0.]
 [0.]
 [0.]
 [0.]
 [0.]
 [0.]
 [0.]
 [0.]
 [0.]
 [0.]
 [0.]
 [0.]
 [0.]
 [0.]
 [0.]
 [0.]
 [0.]
 [0.]
 [0.]
 [0.]
 [0.]
 [0.]
 [0.]
 [0.]
 [0.]
 [0.]
 [0.]
 [0.]
 [0.]
 [0.]
 [0.]
 [0.]
 [0.]
 [0.]
 [0.]
 [0.]
 [0.]
 [0.]
 [0.]
 [0.]
 [0.]
 [0.]
 [0.]]
CG: [[ 8.87191074]
 [ 8.37597179]
 [ 8.45493405]
 [ 8.50573008]
 [ 7.82706093]
 [ 7.04456412]
 [ 8.78632822]
 [ 7.10634804]
 [ 7.57918658]
 [12.89857748]
 [ 8.63066223]
 [11.29117993]
 [ 7.62520651]
 [ 9.18809834]
 [ 7.31828561]
 [ 9.96451406]
 [10.58406976]
 [11.17225854]
 [12.79216011]
 [ 7.0835492 ]
 [ 7.36198936]
 [10.28233922]
 [10.50391973]
 [ 9.37960871]
 [ 9.84674473]
 [ 7.41101335]
 [ 9.56287583]
 [11.51061639]
 [ 9.05647555]
 [11.53361268]
 [ 8.81287034]
 [ 7.04538382]
 [10.09100021]
 [10.08592196]
 [ 7.3197346 ]
 [12.9170427 ]
 [ 7.12750438]
 [ 8.36046685]
 [12.22073144]
 [ 7.59776344]
 [ 9.63097336]
 [ 8.44701168]
 [10.79953196]
 [10.73429596]
 [ 7.02480042]
 [ 8.33933887]
 [ 9.90844348]
 [ 8.72898725]
 [ 8.82254219]
 [12.11504606]
 [ 7.54977809]
 [ 7.57568499]
 [ 8.82507251]
 [ 8.16280873]
 [ 7.8729281 ]
 [11.46638701]
 [10.05730571]
 [ 7.42849678]
 [ 9.58940051]
 [ 7.63283319]
 [11.82380092]
 [ 8.96013284]
 [12.2508147 ]
 [ 7.43603077]
 [ 7.94031039]
 [10.20835338]
 [11.06935057]
 [10.51077916]
 [ 8.72981952]
 [ 8.1007862 ]
 [ 7.73069795]
 [11.78544782]
 [10.63385023]
 [ 7.97540931]
 [ 7.75830211]
 [11.86377196]
 [ 7.7789872 ]
 [12.55780763]
 [ 8.92331833]
 [ 8.53335761]
 [ 7.94766387]
 [ 8.99534982]
 [11.20418044]
 [10.058642  ]
 [ 9.22131215]
 [ 7.12473308]
 [ 7.47780028]
 [ 7.86298416]
 [10.35787965]
 [ 9.50407778]
 [ 9.67474818]
 [ 9.08279063]
 [ 8.60575084]
 [11.65329451]
 [11.2968703 ]
 [11.52494663]
 [ 7.83288534]
 [ 7.18912532]
 [ 8.56064532]
 [ 7.13392365]]
RG: [[1000.]
 [1000.]
 [1000.]
 [1000.]
 [1000.]
 [1000.]
 [1000.]
 [1000.]
 [1000.]
 [1000.]
 [1000.]
 [1000.]
 [1000.]
 [1000.]
 [1000.]
 [1000.]
 [1000.]
 [1000.]
 [1000.]
 [1000.]
 [1000.]
 [1000.]
 [1000.]
 [1000.]
 [1000.]
 [1000.]
 [1000.]
 [1000.]
 [1000.]
 [1000.]
 [1000.]
 [1000.]
 [1000.]
 [1000.]
 [1000.]
 [1000.]
 [1000.]
 [1000.]
 [1000.]
 [1000.]
 [1000.]
 [1000.]
 [1000.]
 [1000.]
 [1000.]
 [1000.]
 [1000.]
 [1000.]
 [1000.]
 [1000.]
 [1000.]
 [1000.]
 [1000.]
 [1000.]
 [1000.]
 [1000.]
 [1000.]
 [1000.]
 [1000.]
 [1000.]
 [1000.]
 [1000.]
 [1000.]
 [1000.]
 [1000.]
 [1000.]
 [1000.]
 [1000.]
 [1000.]
 [1000.]
 [1000.]
 [1000.]
 [1000.]
 [1000.]
 [1000.]
 [1000.]
 [1000.]
 [1000.]
 [1000.]
 [1000.]
 [1000.]
 [1000.]
 [1000.]
 [1000.]
 [1000.]
 [1000.]
 [1000.]
 [1000.]
 [1000.]
 [1000.]
 [1000.]
 [1000.]
 [1000.]
 [1000.]
 [1000.]
 [1000.]
 [1000.]
 [1000.]
 [1000.]
 [1000.]]
Ch: [[1. 1. 1. 1. 1. 1. 1. 1. 1. 1. 1.]
 [1. 1. 1. 1. 1. 1. 1. 1. 1. 1. 1.]
 [1. 1. 1. 1. 1. 1. 1. 1. 1. 1. 1.]
 [1. 1. 1. 1. 1. 1. 1. 1. 1. 1. 1.]
 [1. 1. 1. 1. 1. 1. 1. 1. 1. 1. 1.]
 [1. 1. 1. 1. 1. 1. 1. 1. 1. 1. 1.]
 [1. 1. 1. 1. 1. 1. 1. 1. 1. 1. 1.]
 [1. 1. 1. 1. 1. 1. 1. 1. 1. 1. 1.]
 [1. 1. 1. 1. 1. 1. 1. 1. 1. 1. 1.]
 [1. 1. 1. 1. 1. 1. 1. 1. 1. 1. 1.]]
Cv: [[0. 0. 0. 0. 0. 0. 0. 0. 0. 0.]
 [1. 1. 1. 1. 1. 1. 1. 1. 1. 1.]
 [1. 1. 1. 1. 1. 1. 1. 1. 1. 1.]
 [1. 1. 1. 1. 1. 1. 1. 1. 1. 1.]
 [1. 1. 1. 1. 1. 1. 1. 1. 1. 1.]
 [1. 1. 1. 1. 1. 1. 1. 1. 1. 1.]
 [1. 1. 1. 1. 1. 1. 1. 1. 1. 1.]
 [1. 1. 1. 1. 1. 1. 1. 1. 1. 1.]
 [1. 1. 1. 1. 1. 1. 1. 1. 1. 1.]
 [1. 1. 1. 1. 1. 1. 1. 1. 1. 1.]]
Rh: [[ 7.68795593  3.91549214 11.91701684  6.30865678  9.06746399  2.64571541
   5.9866153   2.81493345  8.82084818  3.7460526   2.29334357]
 [ 7.0908055   1.77247639  8.72617409  1.01241876  1.66889002  7.44332062
  14.25885321  8.07592302  1.09648893  2.80571488  6.37396514]
 [ 3.93131087  7.50614661  8.48669805  3.12864346 13.8777098   2.22020704
   8.55563769  1.34535883  1.56330144  3.66322763  5.10623547]
 [14.7300189   3.22362499  6.36243925  1.93834829  3.89378546  1.37291182
   3.283968   14.15001448  5.44863865 10.28652269 13.22238048]
 [ 1.70658491  7.07480469  5.55759514 10.5280459  11.7230756  10.5709595
   1.99439482  1.99362023  9.44428002  1.46382623  1.64930583]
 [ 1.01788623  6.32718304  3.88037206  1.15136543  5.17460824  3.04123412
   1.05107537 17.24520885  1.05579985  8.45903278  5.46573754]
 [ 5.48230578  5.09806983  6.89558104  1.52819006  1.38308614  3.88564295
   7.54837161  4.92666758 11.5237533   1.49188689  4.15907393]
 [ 5.02524177 17.20354925  2.54994361  3.59915066  8.22724253 10.76486155
   6.43080108 17.42595319  1.69767018 15.93368234 11.0772806 ]
 [ 5.53798041  1.953505    2.17171028  1.35731998 14.9174531  13.70160392
   6.66484764  7.18684305  9.26158275  1.51295439  1.51758584]
 [ 1.43113941  1.70330924  7.55744114 12.88708625 12.65509974  1.60059135
   5.71147078 16.90626836  2.55570182  3.92429799 10.56581446]]
Rv: [[ 5.90956548 12.47103176  3.41978785 13.23577548  5.85157408  3.79254627
   5.82461419  8.34822069  1.78069984 12.96508355]
 [ 6.31631926  1.78609761  4.94398838  7.11698178 13.44462285 10.26707722
  14.52631294 13.62179041  5.29352011  1.01456685]
 [ 3.55149621 14.85696585 17.76694078  1.83422844  3.18261048  5.58604482
   2.36864151  8.10612182  1.726644    8.50503966]
 [ 1.73901624  4.83870474  2.3714859   1.93006557  1.50399393  5.78242941
  15.60635749  1.08782109  2.6648696   1.4460546 ]
 [ 6.88344084  7.27566374 16.10991753 14.39910586  2.74306819 15.38011756
   1.8462195   2.21063276  2.01310907 10.74861944]
 [ 8.34974836  7.80820983  1.2588599   8.70618923  5.29118975 12.09585598
   1.08540013  4.3702614   2.67787447  2.15443397]
 [ 1.4028153   1.59547425  2.55267215  1.50052263  2.93963699  5.93782388
   1.74621936  1.71019852 15.2226212   2.38065641]
 [ 2.60317427  2.40634193  1.10641428 10.10329958  3.34084282  2.26110402
  10.5452071  18.65259486 15.88529473  4.90367179]
 [15.46837806  1.13861143  2.70129242 13.77985952 17.78670895  1.77756675
   1.13298704  8.29062398  4.86452439  6.9774849 ]]