-------Running parameters--------
T = 0.0
gap = 0
M = 10
N = 10
VR = 0.0
Vmin = 0.0
Vmax = 3.0
vStep = 0.01
vSym = True
repeats = 20
fileName = array_10_10_r_disorder_variable_ef_run_1
dist = exp
fullOutput = True
use_graph = False
current_map = True
plot_current_map = False
dbg = False
resume = True
sc = False
leaping = False
constQ = False
modifyR = True
output_folder = 2d_array_bgu
params_path = 
VG_avg = 0.0
VG_std = 0.0
C_avg = 1.0
C_std = 0.0
CG_avg = 10.0
CG_std = 0.0
R_avg = 10.0
R_std = 9.0
custom_rh = ""
custom_rv = ""
custom_ch = ""
custom_cv = ""
RG_avg = 1000.0
RG_std = 0.0
n0_avg = 0.0
n0_std = 0.0
Q0_avg = 0.0
Q0_std = 0.0
----Array Parameters-----
Rows: 10
Columns: 10
VG: [[0.]
 [0.]
 [0.]
 [0.]
 [0.]
 [0.]
 [0.]
 [0.]
 [0.]
 [0.]
 [0.]
 [0.]
 [0.]
 [0.]
 [0.]
 [0.]
 [0.]
 [0.]
 [0.]
 [0.]
 [0.]
 [0.]
 [0.]
 [0.]
 [0.]
 [0.]
 [0.]
 [0.]
 [0.]
 [0.]
 [0.]
 [0.]
 [0.]
 [0.]
 [0.]
 [0.]
 [0.]
 [0.]
 [0.]
 [0.]
 [0.]
 [0.]
 [0.]
 [0.]
 [0.]
 [0.]
 [0.]
 [0.]
 [0.]
 [0.]
 [0.]
 [0.]
 [0.]
 [0.]
 [0.]
 [0.]
 [0.]
 [0.]
 [0.]
 [0.]
 [0.]
 [0.]
 [0.]
 [0.]
 [0.]
 [0.]
 [0.]
 [0.]
 [0.]
 [0.]
 [0.]
 [0.]
 [0.]
 [0.]
 [0.]
 [0.]
 [0.]
 [0.]
 [0.]
 [0.]
 [0.]
 [0.]
 [0.]
 [0.]
 [0.]
 [0.]
 [0.]
 [0.]
 [0.]
 [0.]
 [0.]
 [0.]
 [0.]
 [0.]
 [0.]
 [0.]
 [0.]
 [0.]
 [0.]
 [0.]]
CG: [[10.]
 [10.]
 [10.]
 [10.]
 [10.]
 [10.]
 [10.]
 [10.]
 [10.]
 [10.]
 [10.]
 [10.]
 [10.]
 [10.]
 [10.]
 [10.]
 [10.]
 [10.]
 [10.]
 [10.]
 [10.]
 [10.]
 [10.]
 [10.]
 [10.]
 [10.]
 [10.]
 [10.]
 [10.]
 [10.]
 [10.]
 [10.]
 [10.]
 [10.]
 [10.]
 [10.]
 [10.]
 [10.]
 [10.]
 [10.]
 [10.]
 [10.]
 [10.]
 [10.]
 [10.]
 [10.]
 [10.]
 [10.]
 [10.]
 [10.]
 [10.]
 [10.]
 [10.]
 [10.]
 [10.]
 [10.]
 [10.]
 [10.]
 [10.]
 [10.]
 [10.]
 [10.]
 [10.]
 [10.]
 [10.]
 [10.]
 [10.]
 [10.]
 [10.]
 [10.]
 [10.]
 [10.]
 [10.]
 [10.]
 [10.]
 [10.]
 [10.]
 [10.]
 [10.]
 [10.]
 [10.]
 [10.]
 [10.]
 [10.]
 [10.]
 [10.]
 [10.]
 [10.]
 [10.]
 [10.]
 [10.]
 [10.]
 [10.]
 [10.]
 [10.]
 [10.]
 [10.]
 [10.]
 [10.]
 [10.]]
RG: [[1000.]
 [1000.]
 [1000.]
 [1000.]
 [1000.]
 [1000.]
 [1000.]
 [1000.]
 [1000.]
 [1000.]
 [1000.]
 [1000.]
 [1000.]
 [1000.]
 [1000.]
 [1000.]
 [1000.]
 [1000.]
 [1000.]
 [1000.]
 [1000.]
 [1000.]
 [1000.]
 [1000.]
 [1000.]
 [1000.]
 [1000.]
 [1000.]
 [1000.]
 [1000.]
 [1000.]
 [1000.]
 [1000.]
 [1000.]
 [1000.]
 [1000.]
 [1000.]
 [1000.]
 [1000.]
 [1000.]
 [1000.]
 [1000.]
 [1000.]
 [1000.]
 [1000.]
 [1000.]
 [1000.]
 [1000.]
 [1000.]
 [1000.]
 [1000.]
 [1000.]
 [1000.]
 [1000.]
 [1000.]
 [1000.]
 [1000.]
 [1000.]
 [1000.]
 [1000.]
 [1000.]
 [1000.]
 [1000.]
 [1000.]
 [1000.]
 [1000.]
 [1000.]
 [1000.]
 [1000.]
 [1000.]
 [1000.]
 [1000.]
 [1000.]
 [1000.]
 [1000.]
 [1000.]
 [1000.]
 [1000.]
 [1000.]
 [1000.]
 [1000.]
 [1000.]
 [1000.]
 [1000.]
 [1000.]
 [1000.]
 [1000.]
 [1000.]
 [1000.]
 [1000.]
 [1000.]
 [1000.]
 [1000.]
 [1000.]
 [1000.]
 [1000.]
 [1000.]
 [1000.]
 [1000.]
 [1000.]]
Ch: [[1. 1. 1. 1. 1. 1. 1. 1. 1. 1. 1.]
 [1. 1. 1. 1. 1. 1. 1. 1. 1. 1. 1.]
 [1. 1. 1. 1. 1. 1. 1. 1. 1. 1. 1.]
 [1. 1. 1. 1. 1. 1. 1. 1. 1. 1. 1.]
 [1. 1. 1. 1. 1. 1. 1. 1. 1. 1. 1.]
 [1. 1. 1. 1. 1. 1. 1. 1. 1. 1. 1.]
 [1. 1. 1. 1. 1. 1. 1. 1. 1. 1. 1.]
 [1. 1. 1. 1. 1. 1. 1. 1. 1. 1. 1.]
 [1. 1. 1. 1. 1. 1. 1. 1. 1. 1. 1.]
 [1. 1. 1. 1. 1. 1. 1. 1. 1. 1. 1.]]
Cv: [[0. 0. 0. 0. 0. 0. 0. 0. 0. 0.]
 [1. 1. 1. 1. 1. 1. 1. 1. 1. 1.]
 [1. 1. 1. 1. 1. 1. 1. 1. 1. 1.]
 [1. 1. 1. 1. 1. 1. 1. 1. 1. 1.]
 [1. 1. 1. 1. 1. 1. 1. 1. 1. 1.]
 [1. 1. 1. 1. 1. 1. 1. 1. 1. 1.]
 [1. 1. 1. 1. 1. 1. 1. 1. 1. 1.]
 [1. 1. 1. 1. 1. 1. 1. 1. 1. 1.]
 [1. 1. 1. 1. 1. 1. 1. 1. 1. 1.]
 [1. 1. 1. 1. 1. 1. 1. 1. 1. 1.]]
Rh: [[ 5.5504611   3.53189208  3.21915866  6.99548963 15.50043686  7.98743866
   1.0238511  10.68480053  4.80399947  4.02117323  6.18077776]
 [ 9.35237745 10.486368    4.61261184  3.68230412 14.48229769  1.6080032
  13.44976865  2.54692095 10.28395437 11.53901553  2.11605229]
 [11.82072265  9.67915384  2.79268764  6.60054091  9.19618175  7.97089375
  17.9835052   2.81167873 14.71828237 15.68833145 17.87468055]
 [ 5.5096008   4.79091505  2.91760154  4.12014723  2.40508279  1.62117188
  13.39105952  4.26763175  5.17594361  7.13819548  7.54856262]
 [ 3.03682105  8.01764976  1.08379683 10.81439358  1.13194931  1.86889617
   1.66856947  2.66876451  5.62473035  3.90897392  8.69573598]
 [ 8.66966771  2.29243255  2.062982    5.93310843  2.44866376  9.31586176
  10.89453927  1.79498824  1.37626107  8.34645341  9.06378996]
 [12.35725356  1.38567856 11.02215428  2.48538763  2.43500093  3.35692053
   7.27688229  6.84729032  2.82751981 12.56971359  1.041458  ]
 [ 9.42577958  2.16220503 12.25649553 18.91093209 15.12090398  1.18330627
   7.9513258   9.86723085  5.99645496  3.40365915 15.21183163]
 [ 1.66597725  9.66361985  1.3837288   3.64830574  5.93308686  7.55846163
   7.41546817  1.20538906  3.27886986  2.21989926  4.34200096]
 [ 1.09442545  7.81068436  7.14421913  9.18458378  1.87694854 11.54113489
   3.81963641  1.41330506  5.82847675  2.17404431  8.70888676]]
Rv: [[ 1.40574713  2.48813875 17.54655225  9.08036069  2.57347792  6.6603247
   2.34561342  9.19168478 18.21867085  5.65863735]
 [ 4.68174555 15.74603331  1.66805679  3.4838256  18.6405393   4.1195961
   8.76309004  4.36242535  4.94266977 11.25794069]
 [ 3.22359186  7.0272343   1.5618261   3.93995483 14.86206007  7.58314765
   1.54133392  6.64472835  3.61355372  5.6416446 ]
 [ 5.16801154  1.84305972  9.80643142  1.00996758  7.31185433  5.23196861
  11.83132045  4.5014215   3.72017976  2.9374594 ]
 [ 3.92146803  6.06267605  3.39245287  2.82413285  4.808059    2.81071174
   8.1512939   2.09070467  6.46985379 14.34878981]
 [ 8.35947656  1.32605304  8.31069332  5.33073419 12.78902734  1.22733727
   1.47792201  4.00299242  2.19161053  4.29205481]
 [ 2.86893481  3.55018428  1.66057706 12.2930953   4.19835479 11.87269806
   4.87956077  5.49161544  5.92537207  8.56093059]
 [ 7.55403819  5.11366297  1.72463335  2.51083718  1.839944    8.29301416
   2.24363645  1.50152757  8.40537095  3.65701912]
 [12.80294629  7.92280841 15.72846063  6.83483385 12.80872845 10.07082948
  10.56198709 18.26661483  8.02215895  1.13894113]]