-------Running parameters--------
T = 0.0
gap = 0
M = 10
N = 10
VR = 0.0
Vmin = 0.0
Vmax = 4.0
vStep = 0.1
vSym = True
repeats = 1
fileName = array_10_10_dbg_1
dist = exp
fullOutput = True
use_graph = False
current_map = False
plot_current_map = False
dbg = True
resume = False
sc = False
leaping = False
constQ = False
modifyR = False
output_folder = 2d_array_bgu
params_path = 
VG_avg = 0.0
VG_std = 0.0
C_avg = 1.0
C_std = 0.0
CG_avg = 10.0
CG_std = 0.0
R_avg = 10.0
R_std = 9.0
custom_rh = 
custom_rv = 
custom_ch = 
custom_cv = 
RG_avg = 100.0
RG_std = 0.0
n0_avg = 0.0
n0_std = 0.0
Q0_avg = 0.0
Q0_std = 0.0
----Array Parameters-----
Rows: 10
Columns: 10
VG: [[0.]
 [0.]
 [0.]
 [0.]
 [0.]
 [0.]
 [0.]
 [0.]
 [0.]
 [0.]
 [0.]
 [0.]
 [0.]
 [0.]
 [0.]
 [0.]
 [0.]
 [0.]
 [0.]
 [0.]
 [0.]
 [0.]
 [0.]
 [0.]
 [0.]
 [0.]
 [0.]
 [0.]
 [0.]
 [0.]
 [0.]
 [0.]
 [0.]
 [0.]
 [0.]
 [0.]
 [0.]
 [0.]
 [0.]
 [0.]
 [0.]
 [0.]
 [0.]
 [0.]
 [0.]
 [0.]
 [0.]
 [0.]
 [0.]
 [0.]
 [0.]
 [0.]
 [0.]
 [0.]
 [0.]
 [0.]
 [0.]
 [0.]
 [0.]
 [0.]
 [0.]
 [0.]
 [0.]
 [0.]
 [0.]
 [0.]
 [0.]
 [0.]
 [0.]
 [0.]
 [0.]
 [0.]
 [0.]
 [0.]
 [0.]
 [0.]
 [0.]
 [0.]
 [0.]
 [0.]
 [0.]
 [0.]
 [0.]
 [0.]
 [0.]
 [0.]
 [0.]
 [0.]
 [0.]
 [0.]
 [0.]
 [0.]
 [0.]
 [0.]
 [0.]
 [0.]
 [0.]
 [0.]
 [0.]
 [0.]]
CG: [[10.]
 [10.]
 [10.]
 [10.]
 [10.]
 [10.]
 [10.]
 [10.]
 [10.]
 [10.]
 [10.]
 [10.]
 [10.]
 [10.]
 [10.]
 [10.]
 [10.]
 [10.]
 [10.]
 [10.]
 [10.]
 [10.]
 [10.]
 [10.]
 [10.]
 [10.]
 [10.]
 [10.]
 [10.]
 [10.]
 [10.]
 [10.]
 [10.]
 [10.]
 [10.]
 [10.]
 [10.]
 [10.]
 [10.]
 [10.]
 [10.]
 [10.]
 [10.]
 [10.]
 [10.]
 [10.]
 [10.]
 [10.]
 [10.]
 [10.]
 [10.]
 [10.]
 [10.]
 [10.]
 [10.]
 [10.]
 [10.]
 [10.]
 [10.]
 [10.]
 [10.]
 [10.]
 [10.]
 [10.]
 [10.]
 [10.]
 [10.]
 [10.]
 [10.]
 [10.]
 [10.]
 [10.]
 [10.]
 [10.]
 [10.]
 [10.]
 [10.]
 [10.]
 [10.]
 [10.]
 [10.]
 [10.]
 [10.]
 [10.]
 [10.]
 [10.]
 [10.]
 [10.]
 [10.]
 [10.]
 [10.]
 [10.]
 [10.]
 [10.]
 [10.]
 [10.]
 [10.]
 [10.]
 [10.]
 [10.]]
RG: [[100.]
 [100.]
 [100.]
 [100.]
 [100.]
 [100.]
 [100.]
 [100.]
 [100.]
 [100.]
 [100.]
 [100.]
 [100.]
 [100.]
 [100.]
 [100.]
 [100.]
 [100.]
 [100.]
 [100.]
 [100.]
 [100.]
 [100.]
 [100.]
 [100.]
 [100.]
 [100.]
 [100.]
 [100.]
 [100.]
 [100.]
 [100.]
 [100.]
 [100.]
 [100.]
 [100.]
 [100.]
 [100.]
 [100.]
 [100.]
 [100.]
 [100.]
 [100.]
 [100.]
 [100.]
 [100.]
 [100.]
 [100.]
 [100.]
 [100.]
 [100.]
 [100.]
 [100.]
 [100.]
 [100.]
 [100.]
 [100.]
 [100.]
 [100.]
 [100.]
 [100.]
 [100.]
 [100.]
 [100.]
 [100.]
 [100.]
 [100.]
 [100.]
 [100.]
 [100.]
 [100.]
 [100.]
 [100.]
 [100.]
 [100.]
 [100.]
 [100.]
 [100.]
 [100.]
 [100.]
 [100.]
 [100.]
 [100.]
 [100.]
 [100.]
 [100.]
 [100.]
 [100.]
 [100.]
 [100.]
 [100.]
 [100.]
 [100.]
 [100.]
 [100.]
 [100.]
 [100.]
 [100.]
 [100.]
 [100.]]
Ch: [[1. 1. 1. 1. 1. 1. 1. 1. 1. 1. 1.]
 [1. 1. 1. 1. 1. 1. 1. 1. 1. 1. 1.]
 [1. 1. 1. 1. 1. 1. 1. 1. 1. 1. 1.]
 [1. 1. 1. 1. 1. 1. 1. 1. 1. 1. 1.]
 [1. 1. 1. 1. 1. 1. 1. 1. 1. 1. 1.]
 [1. 1. 1. 1. 1. 1. 1. 1. 1. 1. 1.]
 [1. 1. 1. 1. 1. 1. 1. 1. 1. 1. 1.]
 [1. 1. 1. 1. 1. 1. 1. 1. 1. 1. 1.]
 [1. 1. 1. 1. 1. 1. 1. 1. 1. 1. 1.]
 [1. 1. 1. 1. 1. 1. 1. 1. 1. 1. 1.]]
Cv: [[0. 0. 0. 0. 0. 0. 0. 0. 0. 0.]
 [1. 1. 1. 1. 1. 1. 1. 1. 1. 1.]
 [1. 1. 1. 1. 1. 1. 1. 1. 1. 1.]
 [1. 1. 1. 1. 1. 1. 1. 1. 1. 1.]
 [1. 1. 1. 1. 1. 1. 1. 1. 1. 1.]
 [1. 1. 1. 1. 1. 1. 1. 1. 1. 1.]
 [1. 1. 1. 1. 1. 1. 1. 1. 1. 1.]
 [1. 1. 1. 1. 1. 1. 1. 1. 1. 1.]
 [1. 1. 1. 1. 1. 1. 1. 1. 1. 1.]
 [1. 1. 1. 1. 1. 1. 1. 1. 1. 1.]]
Rh: [[ 5.89352366  3.83339425  4.8657793   9.15260385  3.93584929  1.81273484
   1.4985165   6.56013117 17.44906989  3.72208803  2.11233506]
 [12.25991303  3.40644376  7.43797385 16.52534941 16.84504365  4.41947131
  12.3436678   7.07031398  1.86794994 11.93757489  1.83107815]
 [13.20156963  1.63739122 13.49684782  3.75416474  2.77380264 13.72329045
   3.36241635  2.69250933  2.31753816  1.62267549  1.35111269]
 [17.66530905  4.68214951  1.36339574  2.45652076 14.94172873 12.29245042
  16.93561495  3.86280943  5.19358557 18.91390542  3.41078058]
 [ 7.26625389  2.86998138  6.05006857  4.17405312  6.57715308  1.92537254
   7.12991392  1.2230784  16.76747608 14.67821525  7.02001675]
 [ 2.46412228  1.75096707 15.35007509  2.44994427  3.8640178   1.0011956
  12.87593698  9.48989309  2.26223553  5.933477   12.55007238]
 [ 6.55155279  3.52923155  2.21946981  1.03299734 18.27139829  2.50272873
  16.45075679  1.99486503  3.62073509  1.69342918  9.15816151]
 [ 2.55584831 12.11825939  1.97875947  1.39283635 13.4877665   9.22242578
   2.06809158 13.98827869  2.09841336  2.41139793  6.50927038]
 [ 8.34288252 10.22619286  8.54640291  2.82156237  1.81198458  4.43284173
   3.3017405   7.85050821  1.20344968  5.4156251   4.93712442]
 [15.18866909  1.62925138 11.39429184  8.46353667  7.7306544   3.02641276
   1.39597742  2.27649694  1.21645415 13.03162084 10.9879377 ]]
Rv: [[ 9.48498618  7.23771363  4.6323215   1.49697223 17.12967213  2.36914036
   2.26127813  2.87612813  1.63183633  4.37245222]
 [ 1.18595659 10.51556604  1.11578312  3.05916817  1.14212238  5.96937247
   1.49196026  7.87112456  5.41520445  1.25233217]
 [ 1.31573762  9.32893939  2.87855222  8.74943694  1.55193584 11.86612432
  14.57203225  3.1862573  10.17852574  1.36899176]
 [ 6.18422027 18.02791996  8.53032352  4.84455517  1.0165571   1.56011908
  16.50035436  2.45955274  8.50332949 11.42806963]
 [13.16537264 10.60615864 11.39016795  2.49858322  1.2677408   1.36549796
   1.52024767  2.01991175  3.08069725 11.6147208 ]
 [12.28992534  2.78854535  5.52009026  6.90917463  1.32885547  1.08490385
  12.48984228  1.14281928 14.70968716  2.51782846]
 [ 1.01854544  1.4072436  15.12197044  9.71294667  3.05833729 17.2232237
   1.04936603  5.94377673  6.67583374  2.85152844]
 [ 7.27291389  9.35171914  6.14972045 10.24421567  5.77752491  9.69746396
   3.34553192 10.84018944  1.11962895  6.95172279]
 [ 1.40878525  8.2347726   2.76494477  2.20544783 11.10317506 11.55574714
   5.93741332  2.92683114  6.37360969 10.34710495]]