-------Running parameters--------
T = 0.0
gap = 0
M = 10
N = 10
VR = 0.0
Vmin = 0.0
Vmax = 3.0
vStep = 0.01
vSym = True
repeats = 20
fileName = array_10_10_r_disorder_cg_disorder_variable_ef_run_2
dist = exp
fullOutput = True
use_graph = False
current_map = True
plot_current_map = False
dbg = False
resume = True
sc = False
leaping = False
constQ = False
modifyR = True
output_folder = 2d_array_bgu
params_path = 
VG_avg = 0.0
VG_std = 0.0
C_avg = 1.0
C_std = 0.0
CG_avg = 10.0
CG_std = 3.0
R_avg = 10.0
R_std = 9.0
custom_rh = ""
custom_rv = ""
custom_ch = ""
custom_cv = ""
RG_avg = 1000.0
RG_std = 0.0
n0_avg = 0.0
n0_std = 0.0
Q0_avg = 0.0
Q0_std = 0.0
----Array Parameters-----
Rows: 10
Columns: 10
VG: [[0.]
 [0.]
 [0.]
 [0.]
 [0.]
 [0.]
 [0.]
 [0.]
 [0.]
 [0.]
 [0.]
 [0.]
 [0.]
 [0.]
 [0.]
 [0.]
 [0.]
 [0.]
 [0.]
 [0.]
 [0.]
 [0.]
 [0.]
 [0.]
 [0.]
 [0.]
 [0.]
 [0.]
 [0.]
 [0.]
 [0.]
 [0.]
 [0.]
 [0.]
 [0.]
 [0.]
 [0.]
 [0.]
 [0.]
 [0.]
 [0.]
 [0.]
 [0.]
 [0.]
 [0.]
 [0.]
 [0.]
 [0.]
 [0.]
 [0.]
 [0.]
 [0.]
 [0.]
 [0.]
 [0.]
 [0.]
 [0.]
 [0.]
 [0.]
 [0.]
 [0.]
 [0.]
 [0.]
 [0.]
 [0.]
 [0.]
 [0.]
 [0.]
 [0.]
 [0.]
 [0.]
 [0.]
 [0.]
 [0.]
 [0.]
 [0.]
 [0.]
 [0.]
 [0.]
 [0.]
 [0.]
 [0.]
 [0.]
 [0.]
 [0.]
 [0.]
 [0.]
 [0.]
 [0.]
 [0.]
 [0.]
 [0.]
 [0.]
 [0.]
 [0.]
 [0.]
 [0.]
 [0.]
 [0.]
 [0.]]
CG: [[ 7.56588431]
 [ 9.92052516]
 [ 7.37822892]
 [ 7.98335261]
 [ 9.46242714]
 [ 7.01605936]
 [ 9.44368816]
 [10.86588141]
 [ 8.96458798]
 [10.86885322]
 [ 8.24447109]
 [ 9.63610566]
 [10.36084999]
 [12.96970256]
 [10.34277595]
 [10.24665705]
 [10.60952892]
 [ 7.08008626]
 [12.78993174]
 [12.97773712]
 [11.72084672]
 [ 7.56518872]
 [ 7.75441764]
 [10.8494561 ]
 [ 7.09594839]
 [12.67398403]
 [11.56901347]
 [12.31069325]
 [ 9.04853533]
 [12.06431794]
 [ 9.33366418]
 [10.89612936]
 [ 9.06725984]
 [ 8.56640785]
 [ 9.34665318]
 [ 8.22552364]
 [ 9.35347263]
 [10.49123282]
 [ 8.90873841]
 [ 7.12679329]
 [ 8.04228576]
 [ 9.62862003]
 [ 8.0256506 ]
 [ 8.46660022]
 [10.86030121]
 [ 8.2495615 ]
 [12.42668007]
 [12.53544972]
 [ 7.33525607]
 [10.42621956]
 [ 9.86100639]
 [10.1534293 ]
 [ 8.38142276]
 [11.63356069]
 [11.82567488]
 [11.67431232]
 [ 8.93812974]
 [ 7.30208449]
 [ 7.62593723]
 [ 7.00870742]
 [11.55983404]
 [ 9.6513098 ]
 [10.05701055]
 [ 7.82530878]
 [10.53811259]
 [ 7.55051579]
 [11.8673272 ]
 [ 8.04057536]
 [ 8.3424989 ]
 [ 7.62476239]
 [ 7.65814958]
 [11.51231053]
 [ 8.04668187]
 [12.48146033]
 [ 7.96185599]
 [ 9.16132275]
 [ 7.45723886]
 [ 7.88223379]
 [ 9.10156526]
 [12.46963329]
 [ 7.86398147]
 [ 9.29651929]
 [ 7.38627322]
 [ 8.63211033]
 [ 8.78617028]
 [ 8.13073578]
 [12.2127568 ]
 [ 8.08711057]
 [ 8.10838273]
 [12.72143635]
 [11.86223142]
 [ 8.91958917]
 [ 8.6857372 ]
 [ 7.81593118]
 [11.70776564]
 [ 7.66714498]
 [11.17148573]
 [ 9.22345652]
 [10.41972185]
 [ 9.47135159]]
RG: [[1000.]
 [1000.]
 [1000.]
 [1000.]
 [1000.]
 [1000.]
 [1000.]
 [1000.]
 [1000.]
 [1000.]
 [1000.]
 [1000.]
 [1000.]
 [1000.]
 [1000.]
 [1000.]
 [1000.]
 [1000.]
 [1000.]
 [1000.]
 [1000.]
 [1000.]
 [1000.]
 [1000.]
 [1000.]
 [1000.]
 [1000.]
 [1000.]
 [1000.]
 [1000.]
 [1000.]
 [1000.]
 [1000.]
 [1000.]
 [1000.]
 [1000.]
 [1000.]
 [1000.]
 [1000.]
 [1000.]
 [1000.]
 [1000.]
 [1000.]
 [1000.]
 [1000.]
 [1000.]
 [1000.]
 [1000.]
 [1000.]
 [1000.]
 [1000.]
 [1000.]
 [1000.]
 [1000.]
 [1000.]
 [1000.]
 [1000.]
 [1000.]
 [1000.]
 [1000.]
 [1000.]
 [1000.]
 [1000.]
 [1000.]
 [1000.]
 [1000.]
 [1000.]
 [1000.]
 [1000.]
 [1000.]
 [1000.]
 [1000.]
 [1000.]
 [1000.]
 [1000.]
 [1000.]
 [1000.]
 [1000.]
 [1000.]
 [1000.]
 [1000.]
 [1000.]
 [1000.]
 [1000.]
 [1000.]
 [1000.]
 [1000.]
 [1000.]
 [1000.]
 [1000.]
 [1000.]
 [1000.]
 [1000.]
 [1000.]
 [1000.]
 [1000.]
 [1000.]
 [1000.]
 [1000.]
 [1000.]]
Ch: [[1. 1. 1. 1. 1. 1. 1. 1. 1. 1. 1.]
 [1. 1. 1. 1. 1. 1. 1. 1. 1. 1. 1.]
 [1. 1. 1. 1. 1. 1. 1. 1. 1. 1. 1.]
 [1. 1. 1. 1. 1. 1. 1. 1. 1. 1. 1.]
 [1. 1. 1. 1. 1. 1. 1. 1. 1. 1. 1.]
 [1. 1. 1. 1. 1. 1. 1. 1. 1. 1. 1.]
 [1. 1. 1. 1. 1. 1. 1. 1. 1. 1. 1.]
 [1. 1. 1. 1. 1. 1. 1. 1. 1. 1. 1.]
 [1. 1. 1. 1. 1. 1. 1. 1. 1. 1. 1.]
 [1. 1. 1. 1. 1. 1. 1. 1. 1. 1. 1.]]
Cv: [[0. 0. 0. 0. 0. 0. 0. 0. 0. 0.]
 [1. 1. 1. 1. 1. 1. 1. 1. 1. 1.]
 [1. 1. 1. 1. 1. 1. 1. 1. 1. 1.]
 [1. 1. 1. 1. 1. 1. 1. 1. 1. 1.]
 [1. 1. 1. 1. 1. 1. 1. 1. 1. 1.]
 [1. 1. 1. 1. 1. 1. 1. 1. 1. 1.]
 [1. 1. 1. 1. 1. 1. 1. 1. 1. 1.]
 [1. 1. 1. 1. 1. 1. 1. 1. 1. 1.]
 [1. 1. 1. 1. 1. 1. 1. 1. 1. 1.]
 [1. 1. 1. 1. 1. 1. 1. 1. 1. 1.]]
Rh: [[ 6.04099203  1.36420779  7.92250848 10.01979605  1.32128898  6.31840221
   8.19411159  7.99931353 17.18690383  1.03143253 14.68283722]
 [ 1.96796798  1.76403172  1.18483628  3.81566168  2.55155678 10.18988743
   8.32015737  2.30600438 14.53982068  1.27529082  1.66230786]
 [ 3.95129308 13.04768989  1.38279831  1.55956835  7.50312637  8.23997103
   1.93091767  1.77697676  1.33115238  2.79317754  7.26855952]
 [ 3.98838786  2.01670441  8.50786634  9.02802678  1.15001544  8.88173179
   1.55641311  2.62592018  1.29352044 18.67769432  2.40598712]
 [10.58909757  8.31404194  1.84408893  8.28127781  9.27821881  4.99799229
   6.59410888 10.12867148 10.29078999  2.64902073  1.89575194]
 [ 1.29878056  7.13083299  1.27413318  1.28661382  2.41186421 15.41445236
   8.39889594  2.8665496   5.94044279 11.00217213  2.44283658]
 [ 2.31008925  9.30002837  5.74103241 11.80849947  9.24824756  6.01459635
  11.12246026  8.40624801  2.49988554  3.64063489  3.84656014]
 [ 1.73530778  1.77963589  1.42005606  1.90076979  1.43012171  7.72269058
   9.99509906 14.26902589  4.38225212  2.71822808  3.64845253]
 [14.14926858  1.86481628  6.11148934  5.90229027  1.15599073  9.56879924
   1.33026637  8.25140126  9.58368453  2.0513972   3.89061671]
 [ 6.17642544 10.90684698  5.04780238 13.37482904  3.38851777  3.19541005
   9.38423582  5.10275539 15.63952429  8.5871253   8.14200599]]
Rv: [[ 9.00985903  8.70072944  1.44337871  2.25502645 10.79646739  1.60053467
   1.52865969  5.82723039  1.33795786  2.3525698 ]
 [ 2.41436629  1.1656413   9.44315529  1.67230546  6.27404658  3.24959166
  16.12276416  1.3467696  12.98813806  7.56630474]
 [11.54410968  3.84322283  3.06316629 17.72486647  3.260203   13.77987089
   1.88444535 16.79629139  4.27831059 13.41341605]
 [ 2.45025305  3.27197479  1.40474691  4.50984839  3.5847334   2.04421333
  12.67008635  2.04617288 11.89675953 16.8934476 ]
 [16.91057609  1.89634428 15.4617702   2.57676599  3.38482778  9.7175493
  14.52811962  1.53745866  1.77129291  1.55517167]
 [ 6.24234915 15.87991961  1.56226462  2.37832457  4.60701851  2.69232786
  13.17015227  1.56028276 14.43553704  1.35327294]
 [ 4.70474114  7.203262   17.41727493  4.84295147  4.76827386  9.58758645
   4.03480784  6.60767503  2.10495367  7.50768227]
 [ 7.27755678  8.14905353 16.93971949  1.04771741  2.62795951  5.55239288
   1.56290943  3.52765179  4.48986058  4.02850564]
 [ 9.40129918  2.58151551  8.11752193 11.26297547  9.96436771  2.88254865
   4.76674173  7.21049749  1.80890773  1.6550404 ]]