-------Running parameters--------
T = 0.0
gap = 0
M = 10
N = 10
VR = 0.0
Vmin = 0.0
Vmax = 3.0
vStep = 0.01
vSym = True
repeats = 20
fileName = array_10_10_r_disorder_cg_disorder_variable_ef_run_1
dist = exp
fullOutput = True
use_graph = False
current_map = True
plot_current_map = False
dbg = False
resume = True
sc = False
leaping = False
constQ = False
modifyR = True
output_folder = 2d_array_bgu
params_path = 
VG_avg = 0.0
VG_std = 0.0
C_avg = 1.0
C_std = 0.0
CG_avg = 10.0
CG_std = 3.0
R_avg = 10.0
R_std = 9.0
custom_rh = ""
custom_rv = ""
custom_ch = ""
custom_cv = ""
RG_avg = 1000.0
RG_std = 0.0
n0_avg = 0.0
n0_std = 0.0
Q0_avg = 0.0
Q0_std = 0.0
----Array Parameters-----
Rows: 10
Columns: 10
VG: [[0.]
 [0.]
 [0.]
 [0.]
 [0.]
 [0.]
 [0.]
 [0.]
 [0.]
 [0.]
 [0.]
 [0.]
 [0.]
 [0.]
 [0.]
 [0.]
 [0.]
 [0.]
 [0.]
 [0.]
 [0.]
 [0.]
 [0.]
 [0.]
 [0.]
 [0.]
 [0.]
 [0.]
 [0.]
 [0.]
 [0.]
 [0.]
 [0.]
 [0.]
 [0.]
 [0.]
 [0.]
 [0.]
 [0.]
 [0.]
 [0.]
 [0.]
 [0.]
 [0.]
 [0.]
 [0.]
 [0.]
 [0.]
 [0.]
 [0.]
 [0.]
 [0.]
 [0.]
 [0.]
 [0.]
 [0.]
 [0.]
 [0.]
 [0.]
 [0.]
 [0.]
 [0.]
 [0.]
 [0.]
 [0.]
 [0.]
 [0.]
 [0.]
 [0.]
 [0.]
 [0.]
 [0.]
 [0.]
 [0.]
 [0.]
 [0.]
 [0.]
 [0.]
 [0.]
 [0.]
 [0.]
 [0.]
 [0.]
 [0.]
 [0.]
 [0.]
 [0.]
 [0.]
 [0.]
 [0.]
 [0.]
 [0.]
 [0.]
 [0.]
 [0.]
 [0.]
 [0.]
 [0.]
 [0.]
 [0.]]
CG: [[ 8.7257883 ]
 [10.18255354]
 [ 8.17008755]
 [ 8.64823307]
 [ 8.32031848]
 [11.97869424]
 [ 8.54332082]
 [ 9.43322287]
 [12.02134572]
 [ 8.55076518]
 [10.23248618]
 [ 9.91402909]
 [10.45144316]
 [11.91386043]
 [11.91161573]
 [11.2712238 ]
 [ 7.47800923]
 [12.82079949]
 [12.20882558]
 [ 7.42627291]
 [10.41505993]
 [ 7.66437304]
 [11.0917051 ]
 [10.12489587]
 [10.33193487]
 [11.90809348]
 [12.68409252]
 [10.96125282]
 [ 9.47012643]
 [12.64912302]
 [ 8.2409552 ]
 [ 7.70170871]
 [12.62075959]
 [ 7.51299594]
 [ 8.81532879]
 [12.89466979]
 [ 8.93358432]
 [10.27488188]
 [10.65865973]
 [ 9.60726803]
 [ 8.74480036]
 [ 7.20452512]
 [12.19819192]
 [ 7.53690376]
 [11.53841127]
 [11.43627951]
 [10.72374836]
 [10.17470882]
 [ 9.43598865]
 [ 7.96630797]
 [ 7.91241727]
 [11.48408633]
 [11.66845304]
 [ 9.01087625]
 [ 7.86646534]
 [ 9.0200848 ]
 [10.60394156]
 [11.75986993]
 [12.32290059]
 [ 7.5457702 ]
 [ 7.76742228]
 [ 9.87735789]
 [ 7.0648432 ]
 [ 9.7391107 ]
 [ 7.25148184]
 [ 8.41814779]
 [10.69688503]
 [11.25879801]
 [ 8.74559999]
 [ 7.08587346]
 [11.34529029]
 [ 9.5515079 ]
 [11.75472138]
 [ 8.6996438 ]
 [ 7.46454445]
 [ 9.39755462]
 [10.81035814]
 [ 7.10492151]
 [11.90846148]
 [ 8.5602174 ]
 [11.19829284]
 [10.65294511]
 [10.62630339]
 [ 7.58195856]
 [ 7.06950455]
 [12.34370348]
 [ 9.9115409 ]
 [ 7.37158853]
 [ 7.41103216]
 [10.84028685]
 [ 7.12731539]
 [ 9.39223662]
 [ 8.12106156]
 [ 8.33342369]
 [ 8.09691675]
 [ 8.27845105]
 [ 8.42140562]
 [11.17026918]
 [12.01655349]
 [ 9.1257174 ]]
RG: [[1000.]
 [1000.]
 [1000.]
 [1000.]
 [1000.]
 [1000.]
 [1000.]
 [1000.]
 [1000.]
 [1000.]
 [1000.]
 [1000.]
 [1000.]
 [1000.]
 [1000.]
 [1000.]
 [1000.]
 [1000.]
 [1000.]
 [1000.]
 [1000.]
 [1000.]
 [1000.]
 [1000.]
 [1000.]
 [1000.]
 [1000.]
 [1000.]
 [1000.]
 [1000.]
 [1000.]
 [1000.]
 [1000.]
 [1000.]
 [1000.]
 [1000.]
 [1000.]
 [1000.]
 [1000.]
 [1000.]
 [1000.]
 [1000.]
 [1000.]
 [1000.]
 [1000.]
 [1000.]
 [1000.]
 [1000.]
 [1000.]
 [1000.]
 [1000.]
 [1000.]
 [1000.]
 [1000.]
 [1000.]
 [1000.]
 [1000.]
 [1000.]
 [1000.]
 [1000.]
 [1000.]
 [1000.]
 [1000.]
 [1000.]
 [1000.]
 [1000.]
 [1000.]
 [1000.]
 [1000.]
 [1000.]
 [1000.]
 [1000.]
 [1000.]
 [1000.]
 [1000.]
 [1000.]
 [1000.]
 [1000.]
 [1000.]
 [1000.]
 [1000.]
 [1000.]
 [1000.]
 [1000.]
 [1000.]
 [1000.]
 [1000.]
 [1000.]
 [1000.]
 [1000.]
 [1000.]
 [1000.]
 [1000.]
 [1000.]
 [1000.]
 [1000.]
 [1000.]
 [1000.]
 [1000.]
 [1000.]]
Ch: [[1. 1. 1. 1. 1. 1. 1. 1. 1. 1. 1.]
 [1. 1. 1. 1. 1. 1. 1. 1. 1. 1. 1.]
 [1. 1. 1. 1. 1. 1. 1. 1. 1. 1. 1.]
 [1. 1. 1. 1. 1. 1. 1. 1. 1. 1. 1.]
 [1. 1. 1. 1. 1. 1. 1. 1. 1. 1. 1.]
 [1. 1. 1. 1. 1. 1. 1. 1. 1. 1. 1.]
 [1. 1. 1. 1. 1. 1. 1. 1. 1. 1. 1.]
 [1. 1. 1. 1. 1. 1. 1. 1. 1. 1. 1.]
 [1. 1. 1. 1. 1. 1. 1. 1. 1. 1. 1.]
 [1. 1. 1. 1. 1. 1. 1. 1. 1. 1. 1.]]
Cv: [[0. 0. 0. 0. 0. 0. 0. 0. 0. 0.]
 [1. 1. 1. 1. 1. 1. 1. 1. 1. 1.]
 [1. 1. 1. 1. 1. 1. 1. 1. 1. 1.]
 [1. 1. 1. 1. 1. 1. 1. 1. 1. 1.]
 [1. 1. 1. 1. 1. 1. 1. 1. 1. 1.]
 [1. 1. 1. 1. 1. 1. 1. 1. 1. 1.]
 [1. 1. 1. 1. 1. 1. 1. 1. 1. 1.]
 [1. 1. 1. 1. 1. 1. 1. 1. 1. 1.]
 [1. 1. 1. 1. 1. 1. 1. 1. 1. 1.]
 [1. 1. 1. 1. 1. 1. 1. 1. 1. 1.]]
Rh: [[14.39212061 10.65378354  2.57526256 11.28201111 18.77087694  1.42874211
   1.9615945   5.82391405 18.89966672  4.60486552  3.10476336]
 [ 3.47909603  2.82292699  9.30293073  2.14235522  1.11642709  6.95325671
   4.78395488  4.82545741 13.10141065  1.8576904   4.3301399 ]
 [ 6.33004431 13.38565612  1.3778026   1.22120845  3.36834108 11.32827698
   9.4950618  14.93589523 16.89424281 11.11959523  1.08493567]
 [ 3.1045338   7.04268745 10.3238567   1.50747424 12.22249551  8.28264447
   1.91485357  1.14273131  1.13060971  1.17405472  6.49274326]
 [ 7.23430103  7.91143395  1.2111535   1.11651889  8.83697108  2.16995663
   7.5238449   2.75600282 10.07017286 13.9059193   7.33870605]
 [14.25008679  8.86893902 14.8450446  16.00991897  9.31624653 13.72136241
  16.41221392  2.81543418  3.15406932 11.90906522  7.55989915]
 [18.23109247  2.44575554  6.69812811  3.00683961  1.23432405  6.01993596
  17.26411036  5.54092767  4.0324979   8.35777701 16.28577582]
 [ 4.62984016  3.97087919  7.68302832  1.05345499  2.66234584  7.19491734
   8.82769433  1.72948264 13.16976901  5.68896018 12.53671476]
 [ 7.75509928  3.11472994  3.56822026  1.36156612 17.86888251  2.2793301
   7.33058092  9.3451309   3.05117108  6.20785854  4.1627697 ]
 [11.06942078  1.60681704  3.02150813  3.70959579  2.38061365  6.75710412
   1.03623075  7.4794763   8.4248226   1.04744362 17.18462405]]
Rv: [[ 3.4673373  18.47352001 17.66860701  7.58068962  8.01155648 18.59767582
   2.23660878  7.45207489  7.69896206  6.94958213]
 [12.96444812 17.96159693  5.2097717   2.45036565  3.78693747  2.24638547
   1.05316963  1.39752713  1.00265635  3.12396696]
 [ 1.14224582 16.28434813  4.9039179  16.72565786  1.41207866  5.81849809
   1.70582028  1.64067385 16.30705378  3.28975165]
 [10.72544003  5.49574298  7.66223048  1.1253512   4.99095437  6.40814304
  13.26320735  1.59761044  7.7048327   2.38150751]
 [ 9.3903321   2.03758434 15.0437467  15.52620349  2.45610167 11.24746573
   1.04939929  2.15791774  7.54519835  1.71158924]
 [ 1.66507198 17.06472018 10.37723624  8.2731271   2.63970933  1.16204434
   5.15338096  1.07386929  2.66625153  7.38860012]
 [ 4.15709081  1.56171265  2.91719297 17.28452827  6.63021612  2.52830117
   1.43343834  4.39562644 17.26032468  2.1622959 ]
 [ 1.45026473  1.11372351  3.98862112 14.67049216 17.349512    2.36626766
  18.5887599  12.35021245  3.09775888  5.59176246]
 [ 1.33341243  5.6160694   6.16942213  1.3208123   6.31038378 12.00394308
   1.86059687  3.57754627  2.46899447  1.5858908 ]]