-------Running parameters--------
T = 0.0
gap = 0
M = 10
N = 10
VR = 0.0
Vmin = 0.0
Vmax = 3.0
vStep = 0.01
vSym = True
repeats = 20
fileName = array_10_10_r_disorder_cg_disorder_run_3
dist = exp
fullOutput = True
use_graph = False
current_map = True
plot_current_map = False
dbg = False
resume = False
sc = False
leaping = False
constQ = False
modifyR = False
output_folder = 2d_array_bgu
params_path = 
VG_avg = 0.0
VG_std = 0.0
C_avg = 1.0
C_std = 0.0
CG_avg = 10.0
CG_std = 3.0
R_avg = 10.0
R_std = 9.0
custom_rh = ""
custom_rv = ""
custom_ch = ""
custom_cv = ""
RG_avg = 1000.0
RG_std = 0.0
n0_avg = 0.0
n0_std = 0.0
Q0_avg = 0.0
Q0_std = 0.0
----Array Parameters-----
Rows: 10
Columns: 10
VG: [[0.]
 [0.]
 [0.]
 [0.]
 [0.]
 [0.]
 [0.]
 [0.]
 [0.]
 [0.]
 [0.]
 [0.]
 [0.]
 [0.]
 [0.]
 [0.]
 [0.]
 [0.]
 [0.]
 [0.]
 [0.]
 [0.]
 [0.]
 [0.]
 [0.]
 [0.]
 [0.]
 [0.]
 [0.]
 [0.]
 [0.]
 [0.]
 [0.]
 [0.]
 [0.]
 [0.]
 [0.]
 [0.]
 [0.]
 [0.]
 [0.]
 [0.]
 [0.]
 [0.]
 [0.]
 [0.]
 [0.]
 [0.]
 [0.]
 [0.]
 [0.]
 [0.]
 [0.]
 [0.]
 [0.]
 [0.]
 [0.]
 [0.]
 [0.]
 [0.]
 [0.]
 [0.]
 [0.]
 [0.]
 [0.]
 [0.]
 [0.]
 [0.]
 [0.]
 [0.]
 [0.]
 [0.]
 [0.]
 [0.]
 [0.]
 [0.]
 [0.]
 [0.]
 [0.]
 [0.]
 [0.]
 [0.]
 [0.]
 [0.]
 [0.]
 [0.]
 [0.]
 [0.]
 [0.]
 [0.]
 [0.]
 [0.]
 [0.]
 [0.]
 [0.]
 [0.]
 [0.]
 [0.]
 [0.]
 [0.]]
CG: [[12.58666088]
 [ 9.01723309]
 [11.21981098]
 [ 7.98280092]
 [ 7.04690944]
 [11.06936076]
 [10.08894328]
 [10.24072504]
 [ 8.05475233]
 [12.17634775]
 [11.18667807]
 [ 9.50620522]
 [ 8.87710662]
 [12.17122683]
 [ 8.42439233]
 [ 7.74331246]
 [10.26024141]
 [12.20767407]
 [ 7.82076118]
 [ 8.90068474]
 [11.76008176]
 [12.16597967]
 [12.53517639]
 [10.05833333]
 [ 9.25557914]
 [ 8.74351016]
 [ 7.99670763]
 [12.74473157]
 [ 9.43794934]
 [ 9.38365392]
 [11.84058346]
 [11.920814  ]
 [ 9.49486314]
 [ 8.98176552]
 [ 9.08982239]
 [10.39462291]
 [10.90023593]
 [ 8.66200969]
 [ 7.01918406]
 [ 9.82484936]
 [10.11827727]
 [ 7.96557256]
 [12.85112656]
 [ 7.48839583]
 [ 7.25909478]
 [ 7.64823117]
 [ 8.46240357]
 [10.07961441]
 [12.68883115]
 [11.14098865]
 [10.9701951 ]
 [12.10199201]
 [11.99775197]
 [ 9.34598235]
 [ 7.65985924]
 [ 8.15701058]
 [ 9.35156356]
 [11.60330961]
 [12.10043368]
 [12.78291117]
 [ 7.28761556]
 [ 7.5183752 ]
 [10.10970236]
 [ 7.79572248]
 [ 7.98623792]
 [ 8.33463761]
 [ 9.30479373]
 [10.31202595]
 [12.69109085]
 [ 7.77350381]
 [ 7.04180195]
 [ 8.35927082]
 [10.59071722]
 [ 8.2866491 ]
 [ 9.49915235]
 [ 7.61089885]
 [ 9.8709435 ]
 [11.45713354]
 [11.54403282]
 [11.97814716]
 [10.2117995 ]
 [ 9.49535784]
 [ 7.72245931]
 [ 9.55528499]
 [11.35575998]
 [ 8.93372054]
 [ 7.6931377 ]
 [10.82390066]
 [ 8.50387358]
 [12.22850756]
 [ 8.56696599]
 [10.15110202]
 [ 7.19497696]
 [11.38993211]
 [ 8.33817791]
 [ 9.84471626]
 [12.91285215]
 [10.669177  ]
 [11.82462943]
 [ 7.71917447]]
RG: [[1000.]
 [1000.]
 [1000.]
 [1000.]
 [1000.]
 [1000.]
 [1000.]
 [1000.]
 [1000.]
 [1000.]
 [1000.]
 [1000.]
 [1000.]
 [1000.]
 [1000.]
 [1000.]
 [1000.]
 [1000.]
 [1000.]
 [1000.]
 [1000.]
 [1000.]
 [1000.]
 [1000.]
 [1000.]
 [1000.]
 [1000.]
 [1000.]
 [1000.]
 [1000.]
 [1000.]
 [1000.]
 [1000.]
 [1000.]
 [1000.]
 [1000.]
 [1000.]
 [1000.]
 [1000.]
 [1000.]
 [1000.]
 [1000.]
 [1000.]
 [1000.]
 [1000.]
 [1000.]
 [1000.]
 [1000.]
 [1000.]
 [1000.]
 [1000.]
 [1000.]
 [1000.]
 [1000.]
 [1000.]
 [1000.]
 [1000.]
 [1000.]
 [1000.]
 [1000.]
 [1000.]
 [1000.]
 [1000.]
 [1000.]
 [1000.]
 [1000.]
 [1000.]
 [1000.]
 [1000.]
 [1000.]
 [1000.]
 [1000.]
 [1000.]
 [1000.]
 [1000.]
 [1000.]
 [1000.]
 [1000.]
 [1000.]
 [1000.]
 [1000.]
 [1000.]
 [1000.]
 [1000.]
 [1000.]
 [1000.]
 [1000.]
 [1000.]
 [1000.]
 [1000.]
 [1000.]
 [1000.]
 [1000.]
 [1000.]
 [1000.]
 [1000.]
 [1000.]
 [1000.]
 [1000.]
 [1000.]]
Ch: [[1. 1. 1. 1. 1. 1. 1. 1. 1. 1. 1.]
 [1. 1. 1. 1. 1. 1. 1. 1. 1. 1. 1.]
 [1. 1. 1. 1. 1. 1. 1. 1. 1. 1. 1.]
 [1. 1. 1. 1. 1. 1. 1. 1. 1. 1. 1.]
 [1. 1. 1. 1. 1. 1. 1. 1. 1. 1. 1.]
 [1. 1. 1. 1. 1. 1. 1. 1. 1. 1. 1.]
 [1. 1. 1. 1. 1. 1. 1. 1. 1. 1. 1.]
 [1. 1. 1. 1. 1. 1. 1. 1. 1. 1. 1.]
 [1. 1. 1. 1. 1. 1. 1. 1. 1. 1. 1.]
 [1. 1. 1. 1. 1. 1. 1. 1. 1. 1. 1.]]
Cv: [[0. 0. 0. 0. 0. 0. 0. 0. 0. 0.]
 [1. 1. 1. 1. 1. 1. 1. 1. 1. 1.]
 [1. 1. 1. 1. 1. 1. 1. 1. 1. 1.]
 [1. 1. 1. 1. 1. 1. 1. 1. 1. 1.]
 [1. 1. 1. 1. 1. 1. 1. 1. 1. 1.]
 [1. 1. 1. 1. 1. 1. 1. 1. 1. 1.]
 [1. 1. 1. 1. 1. 1. 1. 1. 1. 1.]
 [1. 1. 1. 1. 1. 1. 1. 1. 1. 1.]
 [1. 1. 1. 1. 1. 1. 1. 1. 1. 1.]
 [1. 1. 1. 1. 1. 1. 1. 1. 1. 1.]]
Rh: [[ 1.47030018  8.59794931  1.05849804  2.30240888  1.08981661  5.233892
   8.55302261  3.67979471  4.70149129  8.43153959 13.22460989]
 [ 1.18222189 12.91394935  2.42856328 14.38299999  1.03870365  4.10905907
  15.23062381 14.94178508  1.28767823  3.4944169   5.49675948]
 [12.62627638  1.50521854  1.66505246 10.80782586  4.08422754  2.94462723
   3.757919    6.30665434  1.47256728  3.00818167  2.59850853]
 [ 4.47597118 10.89892724 16.23525805  5.79124967  4.85120931  1.74261447
   3.41153516  1.27795421  1.11488615  7.10136828  1.76505905]
 [ 1.35180598  5.27344129  4.69011265  1.5964153  14.83026994  5.99370895
   8.31267564  1.40578349  1.26254634 14.70508491  2.79226377]
 [13.53487932  2.23011522  1.05855046  2.23595767  3.19997084  4.42336179
   1.27058     6.96673392 11.79540814  1.90163299 16.02803771]
 [ 1.04770209  1.6469469   2.94177235  2.77153863  3.97642375  5.40436838
   5.61191228  3.0769619   1.08380578  1.92386441  1.12847769]
 [ 4.54459761 16.05196445  8.35393656  1.13862805  4.58726229  1.86280732
   1.21981629  3.13583539  2.3822781   4.07280783  4.99512971]
 [ 5.97758857  5.8636139   5.10586523  3.93114386  5.30803959  1.48464772
   1.91754783 15.85285838  2.09425889  1.49349248  3.35239049]
 [13.77014196  2.88191276  2.87173738  4.5561872   3.49794931  1.99379271
  13.19349467  1.98716088  8.93241184  1.00636954 13.09173151]]
Rv: [[ 2.71197784  1.31160137  4.72120419  5.18857666  1.26152804  2.19557438
  11.42823126  5.01688319  8.64713347 15.10293284]
 [12.89828289  3.91154869  1.6436998   1.25191602 14.10407344 10.72352573
  15.86625841 10.25813026  6.2911583   1.21678603]
 [ 7.07735309 15.31499343 18.84702561 13.30696394  2.88806033  7.71755462
   2.54455387  5.57290455  4.00492523  9.76516924]
 [ 2.22987208 12.12695827 18.75416737  7.60747976 17.86675871  6.20936524
  17.92274801  3.00311588  4.35049267  4.51204552]
 [ 1.19555919  4.51397802  6.79746805  3.65809092  3.29634488  9.18698873
   4.26842767  2.78309255 11.88489777  4.88893067]
 [11.85760102  2.11991324  1.03806273  4.90561932  4.70981713  4.46141664
   1.1690594   2.75296311 14.5996668   2.75644607]
 [ 1.66980059  2.93564744  4.81069228  4.22240801 14.12253923  3.19648698
   2.59858038  6.48290488  3.07883413 13.26194782]
 [ 1.67584516  2.40545168 17.52460593  1.54325227  1.16330268  8.55869302
  15.15731883  1.15033263  2.16938404  1.18113059]
 [ 3.06243538 10.79400115  5.02648531  2.65724479  9.25399     1.13548937
   1.30621889  2.52735513  4.13518763  2.53809996]]