-------Running parameters--------
T = 0.0
gap = 0
M = 10
N = 10
VR = 0.0
Vmin = 0.0
Vmax = 3.0
vStep = 0.01
vSym = True
repeats = 20
fileName = array_10_10_r_disorder_variable_ef_run_3
dist = exp
fullOutput = True
use_graph = False
current_map = True
plot_current_map = False
dbg = False
resume = True
sc = False
leaping = False
constQ = False
modifyR = True
output_folder = 2d_array_bgu
params_path = 
VG_avg = 0.0
VG_std = 0.0
C_avg = 1.0
C_std = 0.0
CG_avg = 10.0
CG_std = 0.0
R_avg = 10.0
R_std = 9.0
custom_rh = ""
custom_rv = ""
custom_ch = ""
custom_cv = ""
RG_avg = 1000.0
RG_std = 0.0
n0_avg = 0.0
n0_std = 0.0
Q0_avg = 0.0
Q0_std = 0.0
----Array Parameters-----
Rows: 10
Columns: 10
VG: [[0.]
 [0.]
 [0.]
 [0.]
 [0.]
 [0.]
 [0.]
 [0.]
 [0.]
 [0.]
 [0.]
 [0.]
 [0.]
 [0.]
 [0.]
 [0.]
 [0.]
 [0.]
 [0.]
 [0.]
 [0.]
 [0.]
 [0.]
 [0.]
 [0.]
 [0.]
 [0.]
 [0.]
 [0.]
 [0.]
 [0.]
 [0.]
 [0.]
 [0.]
 [0.]
 [0.]
 [0.]
 [0.]
 [0.]
 [0.]
 [0.]
 [0.]
 [0.]
 [0.]
 [0.]
 [0.]
 [0.]
 [0.]
 [0.]
 [0.]
 [0.]
 [0.]
 [0.]
 [0.]
 [0.]
 [0.]
 [0.]
 [0.]
 [0.]
 [0.]
 [0.]
 [0.]
 [0.]
 [0.]
 [0.]
 [0.]
 [0.]
 [0.]
 [0.]
 [0.]
 [0.]
 [0.]
 [0.]
 [0.]
 [0.]
 [0.]
 [0.]
 [0.]
 [0.]
 [0.]
 [0.]
 [0.]
 [0.]
 [0.]
 [0.]
 [0.]
 [0.]
 [0.]
 [0.]
 [0.]
 [0.]
 [0.]
 [0.]
 [0.]
 [0.]
 [0.]
 [0.]
 [0.]
 [0.]
 [0.]]
CG: [[10.]
 [10.]
 [10.]
 [10.]
 [10.]
 [10.]
 [10.]
 [10.]
 [10.]
 [10.]
 [10.]
 [10.]
 [10.]
 [10.]
 [10.]
 [10.]
 [10.]
 [10.]
 [10.]
 [10.]
 [10.]
 [10.]
 [10.]
 [10.]
 [10.]
 [10.]
 [10.]
 [10.]
 [10.]
 [10.]
 [10.]
 [10.]
 [10.]
 [10.]
 [10.]
 [10.]
 [10.]
 [10.]
 [10.]
 [10.]
 [10.]
 [10.]
 [10.]
 [10.]
 [10.]
 [10.]
 [10.]
 [10.]
 [10.]
 [10.]
 [10.]
 [10.]
 [10.]
 [10.]
 [10.]
 [10.]
 [10.]
 [10.]
 [10.]
 [10.]
 [10.]
 [10.]
 [10.]
 [10.]
 [10.]
 [10.]
 [10.]
 [10.]
 [10.]
 [10.]
 [10.]
 [10.]
 [10.]
 [10.]
 [10.]
 [10.]
 [10.]
 [10.]
 [10.]
 [10.]
 [10.]
 [10.]
 [10.]
 [10.]
 [10.]
 [10.]
 [10.]
 [10.]
 [10.]
 [10.]
 [10.]
 [10.]
 [10.]
 [10.]
 [10.]
 [10.]
 [10.]
 [10.]
 [10.]
 [10.]]
RG: [[1000.]
 [1000.]
 [1000.]
 [1000.]
 [1000.]
 [1000.]
 [1000.]
 [1000.]
 [1000.]
 [1000.]
 [1000.]
 [1000.]
 [1000.]
 [1000.]
 [1000.]
 [1000.]
 [1000.]
 [1000.]
 [1000.]
 [1000.]
 [1000.]
 [1000.]
 [1000.]
 [1000.]
 [1000.]
 [1000.]
 [1000.]
 [1000.]
 [1000.]
 [1000.]
 [1000.]
 [1000.]
 [1000.]
 [1000.]
 [1000.]
 [1000.]
 [1000.]
 [1000.]
 [1000.]
 [1000.]
 [1000.]
 [1000.]
 [1000.]
 [1000.]
 [1000.]
 [1000.]
 [1000.]
 [1000.]
 [1000.]
 [1000.]
 [1000.]
 [1000.]
 [1000.]
 [1000.]
 [1000.]
 [1000.]
 [1000.]
 [1000.]
 [1000.]
 [1000.]
 [1000.]
 [1000.]
 [1000.]
 [1000.]
 [1000.]
 [1000.]
 [1000.]
 [1000.]
 [1000.]
 [1000.]
 [1000.]
 [1000.]
 [1000.]
 [1000.]
 [1000.]
 [1000.]
 [1000.]
 [1000.]
 [1000.]
 [1000.]
 [1000.]
 [1000.]
 [1000.]
 [1000.]
 [1000.]
 [1000.]
 [1000.]
 [1000.]
 [1000.]
 [1000.]
 [1000.]
 [1000.]
 [1000.]
 [1000.]
 [1000.]
 [1000.]
 [1000.]
 [1000.]
 [1000.]
 [1000.]]
Ch: [[1. 1. 1. 1. 1. 1. 1. 1. 1. 1. 1.]
 [1. 1. 1. 1. 1. 1. 1. 1. 1. 1. 1.]
 [1. 1. 1. 1. 1. 1. 1. 1. 1. 1. 1.]
 [1. 1. 1. 1. 1. 1. 1. 1. 1. 1. 1.]
 [1. 1. 1. 1. 1. 1. 1. 1. 1. 1. 1.]
 [1. 1. 1. 1. 1. 1. 1. 1. 1. 1. 1.]
 [1. 1. 1. 1. 1. 1. 1. 1. 1. 1. 1.]
 [1. 1. 1. 1. 1. 1. 1. 1. 1. 1. 1.]
 [1. 1. 1. 1. 1. 1. 1. 1. 1. 1. 1.]
 [1. 1. 1. 1. 1. 1. 1. 1. 1. 1. 1.]]
Cv: [[0. 0. 0. 0. 0. 0. 0. 0. 0. 0.]
 [1. 1. 1. 1. 1. 1. 1. 1. 1. 1.]
 [1. 1. 1. 1. 1. 1. 1. 1. 1. 1.]
 [1. 1. 1. 1. 1. 1. 1. 1. 1. 1.]
 [1. 1. 1. 1. 1. 1. 1. 1. 1. 1.]
 [1. 1. 1. 1. 1. 1. 1. 1. 1. 1.]
 [1. 1. 1. 1. 1. 1. 1. 1. 1. 1.]
 [1. 1. 1. 1. 1. 1. 1. 1. 1. 1.]
 [1. 1. 1. 1. 1. 1. 1. 1. 1. 1.]
 [1. 1. 1. 1. 1. 1. 1. 1. 1. 1.]]
Rh: [[ 4.05989583 10.49754027  1.74877711  4.31665195  7.22987949  1.33480431
  16.33366636  1.04849534  5.389154    5.7805578  13.82069452]
 [ 1.97307382  1.84012929 10.84548206 15.02180296  4.40580003  7.62852717
   2.83639968  8.46776348  4.21296364  5.74650405  2.85743299]
 [ 9.1295497   6.96874666  3.10288974  4.43113357  5.12967986  3.82686662
   7.78540081  3.73774854  2.18875705  1.10842043  4.68476673]
 [ 3.75261518  9.29323214  2.50939158  7.35671943  5.4346028  16.05914103
   9.40916963  1.80686694 15.08389379  1.77766393 11.24704484]
 [ 8.61168963  4.5324336   1.02308505  7.53009938 10.57161111  2.36888467
   1.42698969  6.87368948  2.45819588  2.53136366 13.04599066]
 [13.43196476  5.5260774   6.78830607 12.92069753  9.50950666  3.28254364
  15.55649687 15.85437343 17.07130216  7.17484699 15.52195417]
 [ 4.45090407  7.3646604   4.10124441 18.69240217 17.85485088  7.50988744
   2.00499592  3.37657416  2.28510503 10.89534968 13.88027143]
 [ 1.31267093  2.93903439 11.90224574  1.23230131 10.84872007 12.18723877
   1.77135422  4.43179067  3.38319634  2.97110469 13.92496224]
 [15.32696505  1.18321628  2.33237545  1.25690214  5.38836598  6.61739304
  16.40648289  1.01880489  6.27464531  1.5023309   6.44264614]
 [14.19667305 13.36517772  1.25837675  2.11909564  3.5557115   1.29803122
  10.0498538   1.74631815  4.09629123 17.83414666 17.14677992]]
Rv: [[ 1.89347843 12.1739626   4.24747207  2.77481008  6.47711409 12.36696177
  14.32951883  8.75628053  1.22253411  1.04221887]
 [ 1.82010421  2.80114776  2.84277626  2.23431322 14.49577631  1.30128666
   1.94365897  1.27237097  7.72773012  1.59084757]
 [13.40012862 18.41187775  7.33929254 17.03695158 17.03968654  3.96102699
   1.29780376  4.6616911  18.1266017   1.67868269]
 [ 1.06408316  2.53051213 13.31773338 12.13543455  1.11619797  2.03484859
   1.0065812   8.58325781  4.81429326  1.2984361 ]
 [14.3367374   2.55285362  4.46518652  3.10774878  1.27567768  2.91693606
   1.85552701  1.42414258 10.66707978  1.69279471]
 [ 1.90598079  1.55470984  9.56383    10.81734656  3.72863984  6.79222265
  13.86081865 11.88407134  1.2239927   2.08809572]
 [ 3.90281802  1.97513552 11.51873725  5.79940417  1.88233293  3.5546031
   8.12938237  2.32055679  1.54104887 16.33935454]
 [ 1.29248952  4.33545162  1.0092768   6.04100826  2.51368439  4.24569692
   1.08181998  3.72397189  1.02461792  2.30111839]
 [ 1.1808725   1.93336869  3.28083495  3.78884608  2.2770151   4.26254936
   1.20492116  2.05909844  8.58503182  1.65186136]]