-------Running parameters--------
T = 0.001
temperature_gradient = 0.0
gap = 0.2
M = 10
N = 10
VR = 0.0
Vmin = 0.0
Vmax = 1.2
vStep = 0.001
vSym = True
repeats = 20
fileName = array_10_10_disorder_c_std_0_r_std_1_run_5
dist = exp
fullOutput = True
use_graph = False
current_map = True
plot_current_map = False
plot_binary_current_map = False
frame_norm = False
dbg = False
resume = False
sc = True
leaping = False
constQ = False
modifyR = False
double_time = False
double_loop = False
output_folder = bgu_2d_superconducting_array
params_path = 
VG_avg = 0.0
VG_std = 0.0
C_avg = 2.0
C_std = 0.0
CG_avg = 10.0
CG_std = 0.0
R_avg = 10.0
R_std = 1.0
custom_rh = ""
custom_rv = ""
custom_ch = ""
custom_cv = ""
RG_avg = 500.0
RG_std = 0.0
n0_avg = 0.0
n0_std = 0.0
Q0_avg = 0.0
Q0_std = 0.0
----Array Parameters-----
Rows: 10
Columns: 10
VG: [[0.]
 [0.]
 [0.]
 [0.]
 [0.]
 [0.]
 [0.]
 [0.]
 [0.]
 [0.]
 [0.]
 [0.]
 [0.]
 [0.]
 [0.]
 [0.]
 [0.]
 [0.]
 [0.]
 [0.]
 [0.]
 [0.]
 [0.]
 [0.]
 [0.]
 [0.]
 [0.]
 [0.]
 [0.]
 [0.]
 [0.]
 [0.]
 [0.]
 [0.]
 [0.]
 [0.]
 [0.]
 [0.]
 [0.]
 [0.]
 [0.]
 [0.]
 [0.]
 [0.]
 [0.]
 [0.]
 [0.]
 [0.]
 [0.]
 [0.]
 [0.]
 [0.]
 [0.]
 [0.]
 [0.]
 [0.]
 [0.]
 [0.]
 [0.]
 [0.]
 [0.]
 [0.]
 [0.]
 [0.]
 [0.]
 [0.]
 [0.]
 [0.]
 [0.]
 [0.]
 [0.]
 [0.]
 [0.]
 [0.]
 [0.]
 [0.]
 [0.]
 [0.]
 [0.]
 [0.]
 [0.]
 [0.]
 [0.]
 [0.]
 [0.]
 [0.]
 [0.]
 [0.]
 [0.]
 [0.]
 [0.]
 [0.]
 [0.]
 [0.]
 [0.]
 [0.]
 [0.]
 [0.]
 [0.]
 [0.]]
CG: [[10.]
 [10.]
 [10.]
 [10.]
 [10.]
 [10.]
 [10.]
 [10.]
 [10.]
 [10.]
 [10.]
 [10.]
 [10.]
 [10.]
 [10.]
 [10.]
 [10.]
 [10.]
 [10.]
 [10.]
 [10.]
 [10.]
 [10.]
 [10.]
 [10.]
 [10.]
 [10.]
 [10.]
 [10.]
 [10.]
 [10.]
 [10.]
 [10.]
 [10.]
 [10.]
 [10.]
 [10.]
 [10.]
 [10.]
 [10.]
 [10.]
 [10.]
 [10.]
 [10.]
 [10.]
 [10.]
 [10.]
 [10.]
 [10.]
 [10.]
 [10.]
 [10.]
 [10.]
 [10.]
 [10.]
 [10.]
 [10.]
 [10.]
 [10.]
 [10.]
 [10.]
 [10.]
 [10.]
 [10.]
 [10.]
 [10.]
 [10.]
 [10.]
 [10.]
 [10.]
 [10.]
 [10.]
 [10.]
 [10.]
 [10.]
 [10.]
 [10.]
 [10.]
 [10.]
 [10.]
 [10.]
 [10.]
 [10.]
 [10.]
 [10.]
 [10.]
 [10.]
 [10.]
 [10.]
 [10.]
 [10.]
 [10.]
 [10.]
 [10.]
 [10.]
 [10.]
 [10.]
 [10.]
 [10.]
 [10.]]
RG: [[500.]
 [500.]
 [500.]
 [500.]
 [500.]
 [500.]
 [500.]
 [500.]
 [500.]
 [500.]
 [500.]
 [500.]
 [500.]
 [500.]
 [500.]
 [500.]
 [500.]
 [500.]
 [500.]
 [500.]
 [500.]
 [500.]
 [500.]
 [500.]
 [500.]
 [500.]
 [500.]
 [500.]
 [500.]
 [500.]
 [500.]
 [500.]
 [500.]
 [500.]
 [500.]
 [500.]
 [500.]
 [500.]
 [500.]
 [500.]
 [500.]
 [500.]
 [500.]
 [500.]
 [500.]
 [500.]
 [500.]
 [500.]
 [500.]
 [500.]
 [500.]
 [500.]
 [500.]
 [500.]
 [500.]
 [500.]
 [500.]
 [500.]
 [500.]
 [500.]
 [500.]
 [500.]
 [500.]
 [500.]
 [500.]
 [500.]
 [500.]
 [500.]
 [500.]
 [500.]
 [500.]
 [500.]
 [500.]
 [500.]
 [500.]
 [500.]
 [500.]
 [500.]
 [500.]
 [500.]
 [500.]
 [500.]
 [500.]
 [500.]
 [500.]
 [500.]
 [500.]
 [500.]
 [500.]
 [500.]
 [500.]
 [500.]
 [500.]
 [500.]
 [500.]
 [500.]
 [500.]
 [500.]
 [500.]
 [500.]]
Ch: [[2. 2. 2. 2. 2. 2. 2. 2. 2. 2. 2.]
 [2. 2. 2. 2. 2. 2. 2. 2. 2. 2. 2.]
 [2. 2. 2. 2. 2. 2. 2. 2. 2. 2. 2.]
 [2. 2. 2. 2. 2. 2. 2. 2. 2. 2. 2.]
 [2. 2. 2. 2. 2. 2. 2. 2. 2. 2. 2.]
 [2. 2. 2. 2. 2. 2. 2. 2. 2. 2. 2.]
 [2. 2. 2. 2. 2. 2. 2. 2. 2. 2. 2.]
 [2. 2. 2. 2. 2. 2. 2. 2. 2. 2. 2.]
 [2. 2. 2. 2. 2. 2. 2. 2. 2. 2. 2.]
 [2. 2. 2. 2. 2. 2. 2. 2. 2. 2. 2.]]
Cv: [[0. 0. 0. 0. 0. 0. 0. 0. 0. 0.]
 [2. 2. 2. 2. 2. 2. 2. 2. 2. 2.]
 [2. 2. 2. 2. 2. 2. 2. 2. 2. 2.]
 [2. 2. 2. 2. 2. 2. 2. 2. 2. 2.]
 [2. 2. 2. 2. 2. 2. 2. 2. 2. 2.]
 [2. 2. 2. 2. 2. 2. 2. 2. 2. 2.]
 [2. 2. 2. 2. 2. 2. 2. 2. 2. 2.]
 [2. 2. 2. 2. 2. 2. 2. 2. 2. 2.]
 [2. 2. 2. 2. 2. 2. 2. 2. 2. 2.]
 [2. 2. 2. 2. 2. 2. 2. 2. 2. 2.]]
Rh: [[10.17593495  9.23096795 10.54496504 10.17113505  9.89779298  9.33873559
  10.47461989 10.4620755   9.11483103  9.29698485  9.09549845]
 [ 9.30965382 10.32571175  9.12584219 10.80818501  9.23184958  9.74082611
  10.70190836 10.05345752  9.79401898  9.40587735 10.63287167]
 [10.66568466  9.87736942  9.65848375 10.88026594 10.84105495 10.50291668
   9.57081206  9.51246933 10.88870923  9.06089372  9.20697207]
 [ 9.46211708  9.36624373 10.06712853 10.02949517  9.18150605  9.33675439
  10.99749345  9.27759714 10.43543907 10.78635225  9.3622801 ]
 [ 9.66325677  9.88695248  9.08747398  9.71515263 10.30204543  9.18520052
  10.87123039  9.49507507 10.11685095 10.39821325 10.3158343 ]
 [ 9.99910567 10.7968174  10.67620304  9.01641327 10.08720053 10.57748937
   9.76836332 10.74676674 10.17733373 10.34345035  9.12897265]
 [ 9.77431723 10.16857642 10.79020595  9.00562934 10.35182925  9.82378319
   9.83619281  9.04622265  9.61277684 10.87594013  9.51533867]
 [10.77082526 10.34953612  9.6679605  10.95766365 10.37360367 10.19635666
  10.57571411  9.95097532  9.43689957  9.78445435 10.35151562]
 [10.58568275  9.19120772 10.59893841  9.47984948 10.97345666 10.91548607
   9.05127323 10.37395463  9.65806218 10.27362205 10.93666647]
 [ 9.45285931  9.54114879  9.34117654 10.89180978  9.50599713 10.13451076
  10.7341494  10.35316903 10.74308306 10.78501069  9.83934564]]
Rv: [[10.04481208  9.22035562  9.04588112 10.59171133  9.55613532 10.06645459
   9.0301345  10.89369716 10.80160911  9.25137431]
 [ 9.34332902  9.73148901 10.36573891  9.58293704 10.81768169 10.58759689
  10.51291686 10.52113589 10.99521552 10.61741748]
 [10.98260304 10.37776575 10.99280055 10.60601723 10.29819876  9.69309087
   9.65576817 10.1600326   9.20418592  9.49362369]
 [ 9.48512087  9.97456373  9.19421268 10.09523238  9.15690538  9.42734912
  10.48103071  9.05404089  9.9072059   9.51307947]
 [10.9069363   9.09467555 10.13037414  9.82925997 10.11171118 10.24803169
  10.38321685 10.55175604  9.25065879 10.08793728]
 [10.93706192  9.95653487  9.1750517   9.78715767  9.13285654  9.84199693
   9.31472027 10.71809554  9.6897718   9.67260042]
 [ 9.39371954 10.79492286 10.5175629   9.04514225  9.5714838  10.56219463
   9.74280752  9.87969973  9.04914955 10.93451031]
 [ 9.88827641  9.60355993 10.5861016   9.16862338  9.7983407  10.46215573
  10.26775319  9.43005686  9.39530578 10.32160352]
 [ 9.56081621 10.40463197 10.77606789 10.86390493 10.23792448 10.54392735
  10.14680729 10.4898801  10.99333018 10.29089602]]