-------Running parameters--------
T = 0.001
temperature_gradient = 0.0
gap = 0.2
M = 10
N = 10
VR = 0.0
Vmin = 0.0
Vmax = 1.2
vStep = 0.001
vSym = True
repeats = 20
fileName = array_10_10_disorder_c_std_0.5_r_std_9_run_1
dist = exp
fullOutput = True
use_graph = False
current_map = True
plot_current_map = False
plot_binary_current_map = False
frame_norm = False
dbg = False
resume = False
sc = True
leaping = False
constQ = False
modifyR = False
double_time = False
double_loop = False
output_folder = bgu_2d_superconducting_array
params_path = 
VG_avg = 0.0
VG_std = 0.0
C_avg = 2.0
C_std = 0.5
CG_avg = 10.0
CG_std = 0.0
R_avg = 10.0
R_std = 9.0
custom_rh = ""
custom_rv = ""
custom_ch = ""
custom_cv = ""
RG_avg = 500.0
RG_std = 0.0
n0_avg = 0.0
n0_std = 0.0
Q0_avg = 0.0
Q0_std = 0.0
----Array Parameters-----
Rows: 10
Columns: 10
VG: [[0.]
 [0.]
 [0.]
 [0.]
 [0.]
 [0.]
 [0.]
 [0.]
 [0.]
 [0.]
 [0.]
 [0.]
 [0.]
 [0.]
 [0.]
 [0.]
 [0.]
 [0.]
 [0.]
 [0.]
 [0.]
 [0.]
 [0.]
 [0.]
 [0.]
 [0.]
 [0.]
 [0.]
 [0.]
 [0.]
 [0.]
 [0.]
 [0.]
 [0.]
 [0.]
 [0.]
 [0.]
 [0.]
 [0.]
 [0.]
 [0.]
 [0.]
 [0.]
 [0.]
 [0.]
 [0.]
 [0.]
 [0.]
 [0.]
 [0.]
 [0.]
 [0.]
 [0.]
 [0.]
 [0.]
 [0.]
 [0.]
 [0.]
 [0.]
 [0.]
 [0.]
 [0.]
 [0.]
 [0.]
 [0.]
 [0.]
 [0.]
 [0.]
 [0.]
 [0.]
 [0.]
 [0.]
 [0.]
 [0.]
 [0.]
 [0.]
 [0.]
 [0.]
 [0.]
 [0.]
 [0.]
 [0.]
 [0.]
 [0.]
 [0.]
 [0.]
 [0.]
 [0.]
 [0.]
 [0.]
 [0.]
 [0.]
 [0.]
 [0.]
 [0.]
 [0.]
 [0.]
 [0.]
 [0.]
 [0.]]
CG: [[10.]
 [10.]
 [10.]
 [10.]
 [10.]
 [10.]
 [10.]
 [10.]
 [10.]
 [10.]
 [10.]
 [10.]
 [10.]
 [10.]
 [10.]
 [10.]
 [10.]
 [10.]
 [10.]
 [10.]
 [10.]
 [10.]
 [10.]
 [10.]
 [10.]
 [10.]
 [10.]
 [10.]
 [10.]
 [10.]
 [10.]
 [10.]
 [10.]
 [10.]
 [10.]
 [10.]
 [10.]
 [10.]
 [10.]
 [10.]
 [10.]
 [10.]
 [10.]
 [10.]
 [10.]
 [10.]
 [10.]
 [10.]
 [10.]
 [10.]
 [10.]
 [10.]
 [10.]
 [10.]
 [10.]
 [10.]
 [10.]
 [10.]
 [10.]
 [10.]
 [10.]
 [10.]
 [10.]
 [10.]
 [10.]
 [10.]
 [10.]
 [10.]
 [10.]
 [10.]
 [10.]
 [10.]
 [10.]
 [10.]
 [10.]
 [10.]
 [10.]
 [10.]
 [10.]
 [10.]
 [10.]
 [10.]
 [10.]
 [10.]
 [10.]
 [10.]
 [10.]
 [10.]
 [10.]
 [10.]
 [10.]
 [10.]
 [10.]
 [10.]
 [10.]
 [10.]
 [10.]
 [10.]
 [10.]
 [10.]]
RG: [[500.]
 [500.]
 [500.]
 [500.]
 [500.]
 [500.]
 [500.]
 [500.]
 [500.]
 [500.]
 [500.]
 [500.]
 [500.]
 [500.]
 [500.]
 [500.]
 [500.]
 [500.]
 [500.]
 [500.]
 [500.]
 [500.]
 [500.]
 [500.]
 [500.]
 [500.]
 [500.]
 [500.]
 [500.]
 [500.]
 [500.]
 [500.]
 [500.]
 [500.]
 [500.]
 [500.]
 [500.]
 [500.]
 [500.]
 [500.]
 [500.]
 [500.]
 [500.]
 [500.]
 [500.]
 [500.]
 [500.]
 [500.]
 [500.]
 [500.]
 [500.]
 [500.]
 [500.]
 [500.]
 [500.]
 [500.]
 [500.]
 [500.]
 [500.]
 [500.]
 [500.]
 [500.]
 [500.]
 [500.]
 [500.]
 [500.]
 [500.]
 [500.]
 [500.]
 [500.]
 [500.]
 [500.]
 [500.]
 [500.]
 [500.]
 [500.]
 [500.]
 [500.]
 [500.]
 [500.]
 [500.]
 [500.]
 [500.]
 [500.]
 [500.]
 [500.]
 [500.]
 [500.]
 [500.]
 [500.]
 [500.]
 [500.]
 [500.]
 [500.]
 [500.]
 [500.]
 [500.]
 [500.]
 [500.]
 [500.]]
Ch: [[2.45694262 1.89089379 1.98387922 1.85083819 2.28241589 2.04028948
  2.47516175 2.26834275 2.03598763 2.06801649 1.70818389]
 [1.68852927 2.42421956 2.390502   2.48888249 2.05977264 2.01710554
  2.24145119 2.07735127 1.50855298 1.66797871 1.8811622 ]
 [2.1015512  2.43999876 2.21951949 1.95912027 1.71173236 2.46727972
  1.70112432 1.68954665 2.0090878  2.28389661 1.70156732]
 [2.33761479 1.79808953 1.81189377 2.34934282 1.64664836 2.24156575
  2.35751631 2.27540977 2.27701245 2.02703922 2.28732335]
 [1.90259971 2.47069247 1.72184094 2.10047211 2.3435608  1.58719799
  1.838991   2.04129422 2.31205387 1.55598028 1.53034146]
 [2.14356769 1.81237697 1.63895845 2.45148876 1.51540886 1.6237596
  2.3523075  1.88732858 2.11097059 1.81531531 2.29132068]
 [1.54354048 1.98953869 1.74196467 2.30105004 1.61270858 2.49053352
  2.10193157 2.34605744 1.90969216 2.37515442 2.00292472]
 [1.72869167 1.98968442 2.27650212 1.96494138 1.63762072 1.66720655
  1.96885215 2.0477907  1.68963167 1.57977739 2.46407016]
 [2.39101516 2.2235463  2.10625551 1.84822657 1.71019001 1.51524763
  1.99163256 2.26822814 1.93539726 1.71776633 1.79913675]
 [2.05793065 1.73410723 1.5191758  1.70295323 1.87497917 2.12381232
  2.07706873 2.23912478 1.96950785 2.00284541 1.93483421]]
Cv: [[0.         0.         0.         0.         0.         0.
  0.         0.         0.         0.        ]
 [1.81572168 2.08285566 1.96415143 2.00015053 1.59809617 2.34232886
  1.81519955 1.8077606  1.83379412 1.83703225]
 [2.10135862 2.25010285 1.73958539 2.02615884 1.89448748 2.35502982
  1.7675552  1.89836128 2.0254133  2.04882811]
 [2.29589639 1.7206462  1.67832574 2.13508743 1.61902856 1.76262279
  2.11769576 2.28634944 2.04099198 1.57033755]
 [1.9546188  2.49326551 1.99988602 2.056364   1.5692179  1.93906939
  2.00981935 1.56708799 2.08044295 2.4067995 ]
 [1.97115632 1.81823601 2.07472581 2.18559778 1.60815713 1.9757112
  2.07175654 2.26955854 2.21008456 1.82549036]
 [2.3945432  2.3147814  1.58303172 1.89478578 1.75107271 1.75796849
  1.51670502 1.98640801 2.19656117 1.62087133]
 [1.78704783 2.26041085 1.6236944  1.92039446 2.17055271 2.47831996
  1.73495262 2.11579893 1.67664014 1.59441945]
 [2.26972055 2.17990327 1.57560626 1.83134229 2.04982091 1.70631149
  2.08652988 1.52790114 2.40871424 2.04376159]
 [1.95833689 1.68924705 1.94011236 1.83596712 2.35482024 2.46466193
  1.73044527 2.33528755 1.6889634  2.38572418]]
Rh: [[ 3.35874552 15.97912246  9.89432239  3.52868212  6.21800094  3.60118353
   9.74793268 11.23745426 12.50854496  1.34695641  8.55547722]
 [ 6.27649202  2.49959489  2.00532343  1.32438133  8.27250604 13.75142103
   2.23936189  7.27651286  1.07693816 16.39247202  4.59374904]
 [ 2.36566407  9.69386756  8.11269174  1.0544809   7.847518   10.68938004
   2.74138243  4.03887904  2.03114208  1.75547824  6.66117866]
 [14.18021303 17.79932431 11.93932276  1.26260069  5.22600637  2.81892749
  17.54862619  3.27047911 11.94939649  6.14668243  2.18401916]
 [ 1.64200826  1.38700208  2.31951065 17.10218806  2.0642945  10.183997
   7.4253175  11.50292597  1.09389003  5.35584801  1.16365272]
 [14.42333918 15.84434381  3.97084417  2.5682431   8.76155758  2.89096135
   5.85258698  3.59074055  3.08028858  1.071808    4.73823962]
 [ 2.99010234 10.6400323   1.21257983  8.92659002  2.44078668  9.78191489
   6.18250462  1.35683292  2.43840496 12.61864271  3.11780493]
 [ 1.68541816  3.48767644  3.26540123  1.08158358  4.78753083  2.12315201
  10.25893337  1.54009558 18.9465448   7.32043164 12.69288866]
 [18.05445095  2.4182342   3.38576616 18.59558768  2.41754965  5.61959553
   4.322244    2.77074727  2.43250445  2.47696207 10.45011497]
 [ 2.36631134 10.71872762  5.99867836  2.91663226  2.22097247  3.33744424
  10.1590335   3.77734324  5.66227106  1.35250255  4.29991864]]
Rv: [[ 5.59771426  5.80224564 10.81832163  3.8098101   3.13693912  8.05167164
  15.60147692  3.26997153  5.8879199   4.21638734]
 [ 7.40885271  1.64317597 10.62629373  1.14631719  3.88776215 18.63660291
   6.56836458  1.97770801  3.66216456  9.48145298]
 [ 1.16183158 15.46465009 14.58193697 14.02903978  3.4694707   1.64288493
   9.33761415  1.14630874 12.63076474  3.26400894]
 [ 6.88213938  2.64364632  4.49149764  3.35389155  4.88512765  1.44934515
  15.33209398  1.81282932  2.64408122  2.4238982 ]
 [ 5.02200406  1.33377596  2.00787632  8.92574849 10.24584535  1.21720295
   1.51455185  1.37744964  6.56221788 14.00930141]
 [14.79892686  1.7978146   3.36426182  8.3025205  15.46206357  3.68428772
   7.98543504  1.07112331  2.46570469 13.78414904]
 [ 6.08156306  2.66060977 15.46249314  1.65101532  1.07885441  2.3962511
   8.10457604 11.76935926 11.91467357 17.36145516]
 [ 1.84356643  1.86708392 13.1934945   1.06474226  2.52325256 14.55896324
  16.67907927  2.21959664 15.79475445 18.33967997]
 [ 1.25560052  3.44760046  2.03252569  3.20236843  7.07156657  1.0273153
  10.35775603 10.16589233 12.13675795 13.5641141 ]]