-------Running parameters--------
T = 0.001
temperature_gradient = 0.0
gap = 0.2
M = 10
N = 10
VR = 0.0
Vmin = 0.0
Vmax = 1.2
vStep = 0.001
vSym = True
repeats = 20
fileName = array_10_10_disorder_c_std_0_r_std_9_run_5
dist = exp
fullOutput = True
use_graph = False
current_map = True
plot_current_map = False
plot_binary_current_map = False
frame_norm = False
dbg = False
resume = False
sc = True
leaping = False
constQ = False
modifyR = False
double_time = False
double_loop = False
output_folder = bgu_2d_superconducting_array
params_path = 
VG_avg = 0.0
VG_std = 0.0
C_avg = 2.0
C_std = 0.0
CG_avg = 10.0
CG_std = 0.0
R_avg = 10.0
R_std = 9.0
custom_rh = ""
custom_rv = ""
custom_ch = ""
custom_cv = ""
RG_avg = 500.0
RG_std = 0.0
n0_avg = 0.0
n0_std = 0.0
Q0_avg = 0.0
Q0_std = 0.0
----Array Parameters-----
Rows: 10
Columns: 10
VG: [[0.]
 [0.]
 [0.]
 [0.]
 [0.]
 [0.]
 [0.]
 [0.]
 [0.]
 [0.]
 [0.]
 [0.]
 [0.]
 [0.]
 [0.]
 [0.]
 [0.]
 [0.]
 [0.]
 [0.]
 [0.]
 [0.]
 [0.]
 [0.]
 [0.]
 [0.]
 [0.]
 [0.]
 [0.]
 [0.]
 [0.]
 [0.]
 [0.]
 [0.]
 [0.]
 [0.]
 [0.]
 [0.]
 [0.]
 [0.]
 [0.]
 [0.]
 [0.]
 [0.]
 [0.]
 [0.]
 [0.]
 [0.]
 [0.]
 [0.]
 [0.]
 [0.]
 [0.]
 [0.]
 [0.]
 [0.]
 [0.]
 [0.]
 [0.]
 [0.]
 [0.]
 [0.]
 [0.]
 [0.]
 [0.]
 [0.]
 [0.]
 [0.]
 [0.]
 [0.]
 [0.]
 [0.]
 [0.]
 [0.]
 [0.]
 [0.]
 [0.]
 [0.]
 [0.]
 [0.]
 [0.]
 [0.]
 [0.]
 [0.]
 [0.]
 [0.]
 [0.]
 [0.]
 [0.]
 [0.]
 [0.]
 [0.]
 [0.]
 [0.]
 [0.]
 [0.]
 [0.]
 [0.]
 [0.]
 [0.]]
CG: [[10.]
 [10.]
 [10.]
 [10.]
 [10.]
 [10.]
 [10.]
 [10.]
 [10.]
 [10.]
 [10.]
 [10.]
 [10.]
 [10.]
 [10.]
 [10.]
 [10.]
 [10.]
 [10.]
 [10.]
 [10.]
 [10.]
 [10.]
 [10.]
 [10.]
 [10.]
 [10.]
 [10.]
 [10.]
 [10.]
 [10.]
 [10.]
 [10.]
 [10.]
 [10.]
 [10.]
 [10.]
 [10.]
 [10.]
 [10.]
 [10.]
 [10.]
 [10.]
 [10.]
 [10.]
 [10.]
 [10.]
 [10.]
 [10.]
 [10.]
 [10.]
 [10.]
 [10.]
 [10.]
 [10.]
 [10.]
 [10.]
 [10.]
 [10.]
 [10.]
 [10.]
 [10.]
 [10.]
 [10.]
 [10.]
 [10.]
 [10.]
 [10.]
 [10.]
 [10.]
 [10.]
 [10.]
 [10.]
 [10.]
 [10.]
 [10.]
 [10.]
 [10.]
 [10.]
 [10.]
 [10.]
 [10.]
 [10.]
 [10.]
 [10.]
 [10.]
 [10.]
 [10.]
 [10.]
 [10.]
 [10.]
 [10.]
 [10.]
 [10.]
 [10.]
 [10.]
 [10.]
 [10.]
 [10.]
 [10.]]
RG: [[500.]
 [500.]
 [500.]
 [500.]
 [500.]
 [500.]
 [500.]
 [500.]
 [500.]
 [500.]
 [500.]
 [500.]
 [500.]
 [500.]
 [500.]
 [500.]
 [500.]
 [500.]
 [500.]
 [500.]
 [500.]
 [500.]
 [500.]
 [500.]
 [500.]
 [500.]
 [500.]
 [500.]
 [500.]
 [500.]
 [500.]
 [500.]
 [500.]
 [500.]
 [500.]
 [500.]
 [500.]
 [500.]
 [500.]
 [500.]
 [500.]
 [500.]
 [500.]
 [500.]
 [500.]
 [500.]
 [500.]
 [500.]
 [500.]
 [500.]
 [500.]
 [500.]
 [500.]
 [500.]
 [500.]
 [500.]
 [500.]
 [500.]
 [500.]
 [500.]
 [500.]
 [500.]
 [500.]
 [500.]
 [500.]
 [500.]
 [500.]
 [500.]
 [500.]
 [500.]
 [500.]
 [500.]
 [500.]
 [500.]
 [500.]
 [500.]
 [500.]
 [500.]
 [500.]
 [500.]
 [500.]
 [500.]
 [500.]
 [500.]
 [500.]
 [500.]
 [500.]
 [500.]
 [500.]
 [500.]
 [500.]
 [500.]
 [500.]
 [500.]
 [500.]
 [500.]
 [500.]
 [500.]
 [500.]
 [500.]]
Ch: [[2. 2. 2. 2. 2. 2. 2. 2. 2. 2. 2.]
 [2. 2. 2. 2. 2. 2. 2. 2. 2. 2. 2.]
 [2. 2. 2. 2. 2. 2. 2. 2. 2. 2. 2.]
 [2. 2. 2. 2. 2. 2. 2. 2. 2. 2. 2.]
 [2. 2. 2. 2. 2. 2. 2. 2. 2. 2. 2.]
 [2. 2. 2. 2. 2. 2. 2. 2. 2. 2. 2.]
 [2. 2. 2. 2. 2. 2. 2. 2. 2. 2. 2.]
 [2. 2. 2. 2. 2. 2. 2. 2. 2. 2. 2.]
 [2. 2. 2. 2. 2. 2. 2. 2. 2. 2. 2.]
 [2. 2. 2. 2. 2. 2. 2. 2. 2. 2. 2.]]
Cv: [[0. 0. 0. 0. 0. 0. 0. 0. 0. 0.]
 [2. 2. 2. 2. 2. 2. 2. 2. 2. 2.]
 [2. 2. 2. 2. 2. 2. 2. 2. 2. 2.]
 [2. 2. 2. 2. 2. 2. 2. 2. 2. 2.]
 [2. 2. 2. 2. 2. 2. 2. 2. 2. 2.]
 [2. 2. 2. 2. 2. 2. 2. 2. 2. 2.]
 [2. 2. 2. 2. 2. 2. 2. 2. 2. 2.]
 [2. 2. 2. 2. 2. 2. 2. 2. 2. 2.]
 [2. 2. 2. 2. 2. 2. 2. 2. 2. 2.]
 [2. 2. 2. 2. 2. 2. 2. 2. 2. 2.]]
Rh: [[18.24776983  6.85680207  7.08233184  8.24153482  3.79225673 12.67540496
  15.76041314  4.08666419 11.87846881  4.60096666  5.40981284]
 [ 4.12257461  1.52871769  7.14146413  5.63124389  1.37353206 13.06366696
  11.07915651 12.28118828  3.26655022  7.19545784  9.81708541]
 [ 7.25039233 10.14575605  2.03847203 17.99873575  7.50023681  2.47390942
   4.17897934  7.61239858  6.356832    2.85025656  1.49054986]
 [ 9.46632082 10.2414294   2.14861222  5.36744419  1.09131202  3.57577064
   3.0436364   9.80577931  8.69104082  5.03669686  7.94149721]
 [14.64388922  2.09896885  1.54491777  7.9776193  12.32458512  4.22151166
   6.87409982  4.3963189   9.61399679  2.46981829  4.99764762]
 [ 2.17959758  5.91155039  8.21741113 13.74160807 15.58598993 11.59527106
   3.71066821  3.5239565  17.31542588  3.05497136  8.78327894]
 [13.38988452  5.3537472   3.62719561  6.97904433  1.84976521 12.74218186
  11.83287738 16.43913298  5.57866711  8.45591505  5.03130719]
 [ 1.53952849  4.11355641  3.19250928  7.56344529  2.42644865 18.41660724
   2.04706133 17.35755292 13.1042909   1.09412451  2.87842244]
 [ 2.56557474  1.81830775 14.28191743  5.89853258  1.2316712   2.86369112
   2.24364616  3.01412186  3.00238703  1.4420671   4.23885481]
 [ 1.4473741   1.79855634  1.39891878  3.36528356  5.12910619  5.97961216
   6.66307519  1.56652103  4.40594214  3.78011272  9.84713121]]
Rv: [[13.59179502 10.59701502  2.16954664  5.16380015 14.56655542  6.20419578
   4.01455513  2.06215604  1.42707593  8.04648395]
 [ 2.94214591  3.34025387  1.34881338 18.8996377   1.09877099  3.03464661
   1.52046771  2.72400007  1.70736463  6.49569219]
 [ 1.17569855  1.31683234 14.65221891  1.22328294  3.77465212  3.27811557
  17.953866   17.18071298  4.27987584 10.29061048]
 [ 6.88314166  3.65093378 10.05796025  3.51559066  4.71797037 16.9163462
  13.11766153  4.37727176  4.63977725  9.39278671]
 [ 9.74197846  5.33440672  2.38497182 17.87127925  4.75427971  2.15907126
  12.07378346  9.07453517  6.936021    1.06553083]
 [ 8.62058347  5.56822896  4.46626685  3.00287278  2.50977871 11.39202967
  17.96047444  3.48867791  6.46476222  4.45520718]
 [ 2.89350013  4.23121622  1.99525983  1.14808556 14.92945516  1.5191642
  13.97456102  1.67733628 13.76744215 10.30826577]
 [ 4.69208653 12.8524442   3.80315828  4.48082913  6.79775489  2.90804249
  13.74341258 16.53626053  6.05193763  5.39747647]
 [ 2.60007399  6.49036589  2.50198191  4.14811699 12.95079572  4.99869474
   2.50684624  2.15979418  3.2519143   4.18995664]]