-------Running parameters--------
T = 0.001
temperature_gradient = 0.0
gap = 0.2
M = 10
N = 10
VR = 0.0
Vmin = 0.0
Vmax = 1.2
vStep = 0.001
vSym = True
repeats = 20
fileName = array_10_10_disorder_c_std_0.5_r_std_9_run_3
dist = exp
fullOutput = True
use_graph = False
current_map = True
plot_current_map = False
plot_binary_current_map = False
frame_norm = False
dbg = False
resume = False
sc = True
leaping = False
constQ = False
modifyR = False
double_time = False
double_loop = False
output_folder = bgu_2d_superconducting_array
params_path = 
VG_avg = 0.0
VG_std = 0.0
C_avg = 2.0
C_std = 0.5
CG_avg = 10.0
CG_std = 0.0
R_avg = 10.0
R_std = 9.0
custom_rh = ""
custom_rv = ""
custom_ch = ""
custom_cv = ""
RG_avg = 500.0
RG_std = 0.0
n0_avg = 0.0
n0_std = 0.0
Q0_avg = 0.0
Q0_std = 0.0
----Array Parameters-----
Rows: 10
Columns: 10
VG: [[0.]
 [0.]
 [0.]
 [0.]
 [0.]
 [0.]
 [0.]
 [0.]
 [0.]
 [0.]
 [0.]
 [0.]
 [0.]
 [0.]
 [0.]
 [0.]
 [0.]
 [0.]
 [0.]
 [0.]
 [0.]
 [0.]
 [0.]
 [0.]
 [0.]
 [0.]
 [0.]
 [0.]
 [0.]
 [0.]
 [0.]
 [0.]
 [0.]
 [0.]
 [0.]
 [0.]
 [0.]
 [0.]
 [0.]
 [0.]
 [0.]
 [0.]
 [0.]
 [0.]
 [0.]
 [0.]
 [0.]
 [0.]
 [0.]
 [0.]
 [0.]
 [0.]
 [0.]
 [0.]
 [0.]
 [0.]
 [0.]
 [0.]
 [0.]
 [0.]
 [0.]
 [0.]
 [0.]
 [0.]
 [0.]
 [0.]
 [0.]
 [0.]
 [0.]
 [0.]
 [0.]
 [0.]
 [0.]
 [0.]
 [0.]
 [0.]
 [0.]
 [0.]
 [0.]
 [0.]
 [0.]
 [0.]
 [0.]
 [0.]
 [0.]
 [0.]
 [0.]
 [0.]
 [0.]
 [0.]
 [0.]
 [0.]
 [0.]
 [0.]
 [0.]
 [0.]
 [0.]
 [0.]
 [0.]
 [0.]]
CG: [[10.]
 [10.]
 [10.]
 [10.]
 [10.]
 [10.]
 [10.]
 [10.]
 [10.]
 [10.]
 [10.]
 [10.]
 [10.]
 [10.]
 [10.]
 [10.]
 [10.]
 [10.]
 [10.]
 [10.]
 [10.]
 [10.]
 [10.]
 [10.]
 [10.]
 [10.]
 [10.]
 [10.]
 [10.]
 [10.]
 [10.]
 [10.]
 [10.]
 [10.]
 [10.]
 [10.]
 [10.]
 [10.]
 [10.]
 [10.]
 [10.]
 [10.]
 [10.]
 [10.]
 [10.]
 [10.]
 [10.]
 [10.]
 [10.]
 [10.]
 [10.]
 [10.]
 [10.]
 [10.]
 [10.]
 [10.]
 [10.]
 [10.]
 [10.]
 [10.]
 [10.]
 [10.]
 [10.]
 [10.]
 [10.]
 [10.]
 [10.]
 [10.]
 [10.]
 [10.]
 [10.]
 [10.]
 [10.]
 [10.]
 [10.]
 [10.]
 [10.]
 [10.]
 [10.]
 [10.]
 [10.]
 [10.]
 [10.]
 [10.]
 [10.]
 [10.]
 [10.]
 [10.]
 [10.]
 [10.]
 [10.]
 [10.]
 [10.]
 [10.]
 [10.]
 [10.]
 [10.]
 [10.]
 [10.]
 [10.]]
RG: [[500.]
 [500.]
 [500.]
 [500.]
 [500.]
 [500.]
 [500.]
 [500.]
 [500.]
 [500.]
 [500.]
 [500.]
 [500.]
 [500.]
 [500.]
 [500.]
 [500.]
 [500.]
 [500.]
 [500.]
 [500.]
 [500.]
 [500.]
 [500.]
 [500.]
 [500.]
 [500.]
 [500.]
 [500.]
 [500.]
 [500.]
 [500.]
 [500.]
 [500.]
 [500.]
 [500.]
 [500.]
 [500.]
 [500.]
 [500.]
 [500.]
 [500.]
 [500.]
 [500.]
 [500.]
 [500.]
 [500.]
 [500.]
 [500.]
 [500.]
 [500.]
 [500.]
 [500.]
 [500.]
 [500.]
 [500.]
 [500.]
 [500.]
 [500.]
 [500.]
 [500.]
 [500.]
 [500.]
 [500.]
 [500.]
 [500.]
 [500.]
 [500.]
 [500.]
 [500.]
 [500.]
 [500.]
 [500.]
 [500.]
 [500.]
 [500.]
 [500.]
 [500.]
 [500.]
 [500.]
 [500.]
 [500.]
 [500.]
 [500.]
 [500.]
 [500.]
 [500.]
 [500.]
 [500.]
 [500.]
 [500.]
 [500.]
 [500.]
 [500.]
 [500.]
 [500.]
 [500.]
 [500.]
 [500.]
 [500.]]
Ch: [[1.56735681 1.68185341 2.15902632 2.20642416 2.1732747  2.42544997
  1.94078676 2.05723486 1.90536603 1.71315115 2.0518402 ]
 [2.36556544 1.74233888 1.61835474 1.66769051 1.79202658 1.91790409
  1.88938755 1.73996385 1.57884095 2.37144755 2.20035146]
 [1.84780388 1.70517724 1.63605953 2.45939676 2.39610422 1.93255475
  1.86731113 1.69962599 1.57305583 1.61494095 2.02783799]
 [2.35883357 1.65171516 2.33626433 2.04857408 1.87664922 2.48009821
  1.96127561 2.09753822 2.13423826 1.72458443 2.23651064]
 [2.3368087  1.98370254 2.19838305 2.22764642 2.10827375 2.04111773
  1.85075211 1.75848946 1.50555552 1.8381933  1.68765017]
 [1.5405632  1.53448275 2.21411751 2.19088299 2.40071457 2.47451557
  1.74736718 2.00387361 1.88057296 2.1877138  2.28993577]
 [2.00302692 2.19573442 1.59545294 1.91246248 2.40495331 1.75204632
  2.083375   1.86625951 1.64114603 1.94361481 2.46333109]
 [1.96789293 1.95910058 2.14861019 1.6317582  2.49333652 2.00254606
  1.84374558 1.69562568 2.30261697 2.31968169 1.87479368]
 [2.27904196 2.23737055 1.75270919 2.08223051 1.51280778 1.56095722
  1.85591715 1.59790043 2.3459675  2.41862885 2.38338578]
 [1.57987049 2.03297401 1.52513129 1.76195442 2.04774587 2.09583102
  1.83178012 2.43036431 2.03618531 1.83150662 1.73258039]]
Cv: [[0.         0.         0.         0.         0.         0.
  0.         0.         0.         0.        ]
 [2.2948886  1.69444768 2.23577352 2.44607239 1.82522404 1.74511562
  1.73544156 1.85499136 2.30029883 2.24838704]
 [2.41228704 1.80977353 1.89404912 1.57694438 2.13441034 2.27004348
  1.55975605 1.98002019 1.56974677 1.81491638]
 [2.13780997 2.32559406 1.56282576 1.74569667 2.45609423 2.06903012
  2.45831402 1.81747299 1.90160787 2.48216346]
 [1.7737668  1.86614592 1.53436149 1.63534466 1.71794728 2.240238
  2.25483236 2.29058801 2.35586248 2.29569714]
 [1.66108011 1.68050638 1.55364058 2.10873577 2.22676766 2.09648463
  2.13856986 1.7526604  1.81012982 1.50515364]
 [1.75563212 2.02190673 2.18320186 1.68480868 1.6012482  1.76414064
  2.101236   2.33516365 1.53820757 2.16239228]
 [1.7719059  1.58802982 1.94677997 2.49470463 1.77857411 1.51697824
  2.31067104 1.77386777 1.56878948 2.47994359]
 [1.71944892 2.25261685 2.37935796 2.03652424 1.68319165 1.74344309
  1.60677034 1.79057264 1.9456609  1.61499762]
 [2.03124399 1.87314717 1.87970639 1.95641533 1.83061908 1.84684996
  2.06593566 2.22274815 2.04833515 1.54922323]]
Rh: [[ 2.34768536  8.94105654  9.43291434  5.37249473 10.43864985 18.84807105
   4.33019315  1.5644283   6.97283458  1.22376792 13.78936977]
 [ 3.69577007  3.00468071  2.00290383  3.24982052  6.40551127  3.44002025
   3.5286725   1.0370974   1.24723365  9.93465251  1.77736109]
 [15.55787194  1.67000522  1.96382545  7.67722876  2.04399263 17.70736741
   1.39468746  3.86275884  1.92457377  7.2262184   1.42462905]
 [11.38965131 10.6757275   5.63253274 10.69389682  3.70560523  3.56506725
   2.46660103  3.32614009  3.10310202  5.64539794  4.03113471]
 [ 2.65464071 17.11133472  2.65806341  9.7697577  12.47021613  9.68080194
   1.61381531  7.05308106 11.50177806 16.14957862  1.08947499]
 [ 8.88874948  2.88388351  1.156935   10.11875474  1.59667568  1.18403919
   9.358954   13.17117865  2.67481338  1.33768482  9.15484066]
 [ 4.02465374  3.9155942   2.01149     4.61698007  3.3145544   3.56598444
   1.52583771  9.04858978  3.17256484  1.48469222  2.19995938]
 [12.73117459  1.42569174  8.0309962   4.64445685  3.48169924  1.9509832
   9.67304027 16.67054224  1.82124476  2.3345609   2.94661695]
 [ 3.26310499 12.94232608 15.31672594  4.35527951  8.30384334  5.21338376
   3.35282407  4.67706443 17.33202566  1.47670347  5.11584654]
 [ 6.42211955  1.30625505 12.09031167  6.13767244 11.55975668  1.06880309
   1.62327881  2.56502047  4.31051865  9.47115144  4.27829974]]
Rv: [[ 8.29442665  3.51402323  1.64378313  5.14838493  1.78527212  5.00349535
   1.72410699  4.34145531  8.18200538  6.25431186]
 [13.32261023  1.37091374  8.19044541  4.54188256  7.50692469  1.22495564
   8.64424274 17.90745976  2.32653742  2.89182727]
 [16.98897271  6.83014333  2.03724489 12.13639693 17.93242068  2.83198071
   2.07818951  3.19079652  8.08558201  8.08085623]
 [13.62378509  9.19211045  2.2818034  10.51348627  1.33432648  8.95907713
   1.23504284  2.59565881  4.51215915  1.95150128]
 [ 7.55475065  6.02142173  2.06170841  1.56478999 12.00326334  1.32523808
   4.36044844  8.31805644  6.69552672 16.64307176]
 [ 1.56936348  7.81320483  6.65426763 17.22232261  2.41281005  1.02702826
   3.56319287  3.76512453  3.10472612  1.88820342]
 [ 2.77258725  3.50195199  3.29513553 12.58599555  1.96321003  3.8121363
   3.5824163  17.67125307 10.84066847  7.32075203]
 [ 1.23606822 11.14280904  6.04145596  7.87424024  6.2440987   1.27529188
   1.41642093  1.82937577 16.33812072  5.09332009]
 [10.22583417  8.39201313  7.27275233  2.46019987 17.73667787  7.39739745
  10.41908976  2.29783621  1.1533754   1.53783477]]