-------Running parameters--------
T = 0.001
temperature_gradient = 0.0
gap = 0.2
M = 10
N = 10
VR = 0.0
Vmin = 0.0
Vmax = 1.2
vStep = 0.001
vSym = True
repeats = 20
fileName = array_10_10_disorder_c_std_0_r_std_9_run_1
dist = exp
fullOutput = True
use_graph = False
current_map = True
plot_current_map = False
plot_binary_current_map = False
frame_norm = False
dbg = False
resume = False
sc = True
leaping = False
constQ = False
modifyR = False
double_time = False
double_loop = False
output_folder = bgu_2d_superconducting_array
params_path = 
VG_avg = 0.0
VG_std = 0.0
C_avg = 2.0
C_std = 0.0
CG_avg = 10.0
CG_std = 0.0
R_avg = 10.0
R_std = 9.0
custom_rh = ""
custom_rv = ""
custom_ch = ""
custom_cv = ""
RG_avg = 500.0
RG_std = 0.0
n0_avg = 0.0
n0_std = 0.0
Q0_avg = 0.0
Q0_std = 0.0
----Array Parameters-----
Rows: 10
Columns: 10
VG: [[0.]
 [0.]
 [0.]
 [0.]
 [0.]
 [0.]
 [0.]
 [0.]
 [0.]
 [0.]
 [0.]
 [0.]
 [0.]
 [0.]
 [0.]
 [0.]
 [0.]
 [0.]
 [0.]
 [0.]
 [0.]
 [0.]
 [0.]
 [0.]
 [0.]
 [0.]
 [0.]
 [0.]
 [0.]
 [0.]
 [0.]
 [0.]
 [0.]
 [0.]
 [0.]
 [0.]
 [0.]
 [0.]
 [0.]
 [0.]
 [0.]
 [0.]
 [0.]
 [0.]
 [0.]
 [0.]
 [0.]
 [0.]
 [0.]
 [0.]
 [0.]
 [0.]
 [0.]
 [0.]
 [0.]
 [0.]
 [0.]
 [0.]
 [0.]
 [0.]
 [0.]
 [0.]
 [0.]
 [0.]
 [0.]
 [0.]
 [0.]
 [0.]
 [0.]
 [0.]
 [0.]
 [0.]
 [0.]
 [0.]
 [0.]
 [0.]
 [0.]
 [0.]
 [0.]
 [0.]
 [0.]
 [0.]
 [0.]
 [0.]
 [0.]
 [0.]
 [0.]
 [0.]
 [0.]
 [0.]
 [0.]
 [0.]
 [0.]
 [0.]
 [0.]
 [0.]
 [0.]
 [0.]
 [0.]
 [0.]]
CG: [[10.]
 [10.]
 [10.]
 [10.]
 [10.]
 [10.]
 [10.]
 [10.]
 [10.]
 [10.]
 [10.]
 [10.]
 [10.]
 [10.]
 [10.]
 [10.]
 [10.]
 [10.]
 [10.]
 [10.]
 [10.]
 [10.]
 [10.]
 [10.]
 [10.]
 [10.]
 [10.]
 [10.]
 [10.]
 [10.]
 [10.]
 [10.]
 [10.]
 [10.]
 [10.]
 [10.]
 [10.]
 [10.]
 [10.]
 [10.]
 [10.]
 [10.]
 [10.]
 [10.]
 [10.]
 [10.]
 [10.]
 [10.]
 [10.]
 [10.]
 [10.]
 [10.]
 [10.]
 [10.]
 [10.]
 [10.]
 [10.]
 [10.]
 [10.]
 [10.]
 [10.]
 [10.]
 [10.]
 [10.]
 [10.]
 [10.]
 [10.]
 [10.]
 [10.]
 [10.]
 [10.]
 [10.]
 [10.]
 [10.]
 [10.]
 [10.]
 [10.]
 [10.]
 [10.]
 [10.]
 [10.]
 [10.]
 [10.]
 [10.]
 [10.]
 [10.]
 [10.]
 [10.]
 [10.]
 [10.]
 [10.]
 [10.]
 [10.]
 [10.]
 [10.]
 [10.]
 [10.]
 [10.]
 [10.]
 [10.]]
RG: [[500.]
 [500.]
 [500.]
 [500.]
 [500.]
 [500.]
 [500.]
 [500.]
 [500.]
 [500.]
 [500.]
 [500.]
 [500.]
 [500.]
 [500.]
 [500.]
 [500.]
 [500.]
 [500.]
 [500.]
 [500.]
 [500.]
 [500.]
 [500.]
 [500.]
 [500.]
 [500.]
 [500.]
 [500.]
 [500.]
 [500.]
 [500.]
 [500.]
 [500.]
 [500.]
 [500.]
 [500.]
 [500.]
 [500.]
 [500.]
 [500.]
 [500.]
 [500.]
 [500.]
 [500.]
 [500.]
 [500.]
 [500.]
 [500.]
 [500.]
 [500.]
 [500.]
 [500.]
 [500.]
 [500.]
 [500.]
 [500.]
 [500.]
 [500.]
 [500.]
 [500.]
 [500.]
 [500.]
 [500.]
 [500.]
 [500.]
 [500.]
 [500.]
 [500.]
 [500.]
 [500.]
 [500.]
 [500.]
 [500.]
 [500.]
 [500.]
 [500.]
 [500.]
 [500.]
 [500.]
 [500.]
 [500.]
 [500.]
 [500.]
 [500.]
 [500.]
 [500.]
 [500.]
 [500.]
 [500.]
 [500.]
 [500.]
 [500.]
 [500.]
 [500.]
 [500.]
 [500.]
 [500.]
 [500.]
 [500.]]
Ch: [[2. 2. 2. 2. 2. 2. 2. 2. 2. 2. 2.]
 [2. 2. 2. 2. 2. 2. 2. 2. 2. 2. 2.]
 [2. 2. 2. 2. 2. 2. 2. 2. 2. 2. 2.]
 [2. 2. 2. 2. 2. 2. 2. 2. 2. 2. 2.]
 [2. 2. 2. 2. 2. 2. 2. 2. 2. 2. 2.]
 [2. 2. 2. 2. 2. 2. 2. 2. 2. 2. 2.]
 [2. 2. 2. 2. 2. 2. 2. 2. 2. 2. 2.]
 [2. 2. 2. 2. 2. 2. 2. 2. 2. 2. 2.]
 [2. 2. 2. 2. 2. 2. 2. 2. 2. 2. 2.]
 [2. 2. 2. 2. 2. 2. 2. 2. 2. 2. 2.]]
Cv: [[0. 0. 0. 0. 0. 0. 0. 0. 0. 0.]
 [2. 2. 2. 2. 2. 2. 2. 2. 2. 2.]
 [2. 2. 2. 2. 2. 2. 2. 2. 2. 2.]
 [2. 2. 2. 2. 2. 2. 2. 2. 2. 2.]
 [2. 2. 2. 2. 2. 2. 2. 2. 2. 2.]
 [2. 2. 2. 2. 2. 2. 2. 2. 2. 2.]
 [2. 2. 2. 2. 2. 2. 2. 2. 2. 2.]
 [2. 2. 2. 2. 2. 2. 2. 2. 2. 2.]
 [2. 2. 2. 2. 2. 2. 2. 2. 2. 2.]
 [2. 2. 2. 2. 2. 2. 2. 2. 2. 2.]]
Rh: [[ 3.61390202 16.14514567  2.14428553  7.81690914  7.90958133  2.23761654
  18.41535883  3.80767929  3.30992638  2.50751298  2.61208359]
 [ 6.44137481  2.60077182  1.86526784  1.84770165 13.25297844  1.91238468
  13.5742689   6.61264032  1.39258586  8.55905752  9.26744874]
 [11.23596387  3.17996019  1.35877371 14.90211785  2.36841828  8.74076329
  12.35921708  2.08054146  3.37173107  2.65325832  1.28260583]
 [ 1.08743238  1.89836187  5.33044524  1.08957675  3.95175412  1.69164701
  12.40810903 12.79218713  1.99117605  2.51019374  1.81194671]
 [ 8.22841818  9.22415613 11.43489539 11.10833783  1.79685251  7.1105775
   1.44838698  7.98983866  2.39219083  1.47887551  2.22866492]
 [ 6.1369021   2.8378088   1.83697873  1.4026473   1.04512579  1.23603383
   7.74107477  1.67971177 10.00738324  8.18267476  1.65658286]
 [ 5.19507807 17.95106654 16.49947418  1.00656559  4.10672325  1.54450025
   2.23598275 16.97250374  1.89102023  2.18459985  3.28011727]
 [ 4.84580537  2.65663078  1.60135221  9.73063795  3.42552737 12.00741521
   4.78205232  1.06410541  9.37542446  1.53134185  9.39016235]
 [ 3.89814438 10.98879145  1.98295636 12.02597569  3.18470113  2.40686196
  13.31424284  3.86746167  1.66864823  1.60198013  9.1786297 ]
 [14.00058047  1.60475517  1.35212435 18.62887988  4.66669855 14.23338893
   2.9404579   1.06249928 18.79813111  3.37758051  1.58742313]]
Rv: [[ 5.93902469  1.25899844 18.75669489  1.72728045  5.34977203  3.54673147
   1.91438336  2.78541716  3.08465644  5.52506147]
 [ 1.92568503  2.38533135  6.39387032  2.11862674  7.98014523  1.21649941
   3.91413937  4.25890551  1.0576129  13.78329349]
 [ 1.75292037  2.66308567 11.83585957  3.64692833  1.25075161  1.37700833
   3.31520168  4.12535627  4.04138854 12.45223393]
 [11.38281037 10.94568059  2.12743348  1.54785515  4.55379608  5.35350019
   1.18622252  4.92589688  7.91579877 11.3464651 ]
 [10.56057196  2.98209223  6.94546555 12.81811319  2.24747164  3.24346428
   1.0118197   3.98217737 10.52444596  3.74019896]
 [13.33640349  3.80332672  2.84698841  5.4147512   1.27392655 15.49317026
   8.92151536  3.28773264  3.76691368 12.14335188]
 [ 5.14110937 12.23254459 16.40845041  6.69636695  1.68962553  5.62158665
  16.37105053  6.59666166  1.61733119  1.14506353]
 [12.77617791  1.50175365  1.88855006  4.49343013 10.36484589 14.18487566
   3.64787169  2.75759378  6.30476302  2.26288143]
 [ 4.95093351  2.70029275 15.68088932  3.44009894  7.86188164  2.34111734
   7.37893651 18.35715194 12.015542    4.08620976]]