-------Running parameters--------
T = 0.001
temperature_gradient = 0.0
gap = 0.2
M = 10
N = 10
VR = 0.0
Vmin = 0.0
Vmax = 1.2
vStep = 0.001
vSym = True
repeats = 20
fileName = array_10_10_disorder_c_std_0.1_r_std_5_run_3
dist = exp
fullOutput = True
use_graph = False
current_map = True
plot_current_map = False
plot_binary_current_map = False
frame_norm = False
dbg = False
resume = False
sc = True
leaping = False
constQ = False
modifyR = False
double_time = False
double_loop = False
output_folder = bgu_2d_superconducting_array
params_path = 
VG_avg = 0.0
VG_std = 0.0
C_avg = 2.0
C_std = 0.1
CG_avg = 10.0
CG_std = 0.0
R_avg = 10.0
R_std = 5.0
custom_rh = ""
custom_rv = ""
custom_ch = ""
custom_cv = ""
RG_avg = 500.0
RG_std = 0.0
n0_avg = 0.0
n0_std = 0.0
Q0_avg = 0.0
Q0_std = 0.0
----Array Parameters-----
Rows: 10
Columns: 10
VG: [[0.]
 [0.]
 [0.]
 [0.]
 [0.]
 [0.]
 [0.]
 [0.]
 [0.]
 [0.]
 [0.]
 [0.]
 [0.]
 [0.]
 [0.]
 [0.]
 [0.]
 [0.]
 [0.]
 [0.]
 [0.]
 [0.]
 [0.]
 [0.]
 [0.]
 [0.]
 [0.]
 [0.]
 [0.]
 [0.]
 [0.]
 [0.]
 [0.]
 [0.]
 [0.]
 [0.]
 [0.]
 [0.]
 [0.]
 [0.]
 [0.]
 [0.]
 [0.]
 [0.]
 [0.]
 [0.]
 [0.]
 [0.]
 [0.]
 [0.]
 [0.]
 [0.]
 [0.]
 [0.]
 [0.]
 [0.]
 [0.]
 [0.]
 [0.]
 [0.]
 [0.]
 [0.]
 [0.]
 [0.]
 [0.]
 [0.]
 [0.]
 [0.]
 [0.]
 [0.]
 [0.]
 [0.]
 [0.]
 [0.]
 [0.]
 [0.]
 [0.]
 [0.]
 [0.]
 [0.]
 [0.]
 [0.]
 [0.]
 [0.]
 [0.]
 [0.]
 [0.]
 [0.]
 [0.]
 [0.]
 [0.]
 [0.]
 [0.]
 [0.]
 [0.]
 [0.]
 [0.]
 [0.]
 [0.]
 [0.]]
CG: [[10.]
 [10.]
 [10.]
 [10.]
 [10.]
 [10.]
 [10.]
 [10.]
 [10.]
 [10.]
 [10.]
 [10.]
 [10.]
 [10.]
 [10.]
 [10.]
 [10.]
 [10.]
 [10.]
 [10.]
 [10.]
 [10.]
 [10.]
 [10.]
 [10.]
 [10.]
 [10.]
 [10.]
 [10.]
 [10.]
 [10.]
 [10.]
 [10.]
 [10.]
 [10.]
 [10.]
 [10.]
 [10.]
 [10.]
 [10.]
 [10.]
 [10.]
 [10.]
 [10.]
 [10.]
 [10.]
 [10.]
 [10.]
 [10.]
 [10.]
 [10.]
 [10.]
 [10.]
 [10.]
 [10.]
 [10.]
 [10.]
 [10.]
 [10.]
 [10.]
 [10.]
 [10.]
 [10.]
 [10.]
 [10.]
 [10.]
 [10.]
 [10.]
 [10.]
 [10.]
 [10.]
 [10.]
 [10.]
 [10.]
 [10.]
 [10.]
 [10.]
 [10.]
 [10.]
 [10.]
 [10.]
 [10.]
 [10.]
 [10.]
 [10.]
 [10.]
 [10.]
 [10.]
 [10.]
 [10.]
 [10.]
 [10.]
 [10.]
 [10.]
 [10.]
 [10.]
 [10.]
 [10.]
 [10.]
 [10.]]
RG: [[500.]
 [500.]
 [500.]
 [500.]
 [500.]
 [500.]
 [500.]
 [500.]
 [500.]
 [500.]
 [500.]
 [500.]
 [500.]
 [500.]
 [500.]
 [500.]
 [500.]
 [500.]
 [500.]
 [500.]
 [500.]
 [500.]
 [500.]
 [500.]
 [500.]
 [500.]
 [500.]
 [500.]
 [500.]
 [500.]
 [500.]
 [500.]
 [500.]
 [500.]
 [500.]
 [500.]
 [500.]
 [500.]
 [500.]
 [500.]
 [500.]
 [500.]
 [500.]
 [500.]
 [500.]
 [500.]
 [500.]
 [500.]
 [500.]
 [500.]
 [500.]
 [500.]
 [500.]
 [500.]
 [500.]
 [500.]
 [500.]
 [500.]
 [500.]
 [500.]
 [500.]
 [500.]
 [500.]
 [500.]
 [500.]
 [500.]
 [500.]
 [500.]
 [500.]
 [500.]
 [500.]
 [500.]
 [500.]
 [500.]
 [500.]
 [500.]
 [500.]
 [500.]
 [500.]
 [500.]
 [500.]
 [500.]
 [500.]
 [500.]
 [500.]
 [500.]
 [500.]
 [500.]
 [500.]
 [500.]
 [500.]
 [500.]
 [500.]
 [500.]
 [500.]
 [500.]
 [500.]
 [500.]
 [500.]
 [500.]]
Ch: [[2.05201287 1.95109417 1.97995563 1.90533574 1.98906827 2.03269974
  1.90237451 1.91582223 1.97157168 1.95666901 2.00650864]
 [1.99860522 1.92701279 2.08129361 2.01747343 1.99318656 2.05009403
  2.03478276 1.90092552 2.07803821 2.04897123 1.98533381]
 [1.91143915 2.02985656 1.96396264 1.90456836 2.09322619 2.07897026
  1.92565721 2.01136366 2.0075278  2.03561278 2.09337111]
 [1.94205664 1.94306799 1.95678127 2.01726948 2.07993056 1.98788
  1.96555529 2.02545764 2.06771631 2.06471075 1.95619468]
 [1.97817941 1.96123697 2.05688216 2.08720788 2.07730531 2.00030393
  2.04109898 1.93060175 2.05316499 1.94105725 1.93023748]
 [1.98022626 1.99789817 1.91661345 1.99961517 2.03842277 2.00127619
  2.04182547 2.03850305 1.95435536 1.93103987 1.99681145]
 [1.98229652 1.96210005 1.93561196 2.03467912 1.92980676 1.93724915
  1.921043   2.0099656  2.00996194 2.08190939 2.04730179]
 [2.05030735 1.91239388 2.04161785 1.97403866 2.01888249 2.01317349
  2.0489636  2.07216796 2.05828887 1.99857476 2.0054701 ]
 [1.97184012 1.98666394 1.9070913  2.01753908 2.05605232 1.97798494
  1.93564569 2.01219236 2.01677348 1.91550683 1.90826755]
 [2.02457956 1.94600214 1.93339165 2.08542562 2.06959106 1.96916539
  1.92316066 2.0460199  1.94050337 2.08242808 2.07682286]]
Cv: [[0.         0.         0.         0.         0.         0.
  0.         0.         0.         0.        ]
 [1.99739334 2.00435766 1.97415623 1.93874534 2.02716189 1.95216085
  2.01375418 2.01363844 2.05232444 2.06162488]
 [1.94285307 2.00599814 2.05627892 1.91091041 2.01137208 1.93942781
  2.00354529 1.98219434 1.97773686 1.93634675]
 [2.09385928 1.98397923 2.08885876 2.02293286 1.9071326  1.97481065
  1.99498007 2.00012596 1.921416   2.03116045]
 [1.98287767 1.93561663 2.07936572 2.01177147 2.07829708 2.00421199
  1.92272695 1.97597787 1.97093261 1.9907188 ]
 [1.99413661 1.97358503 1.99203641 1.99183249 2.07124468 1.97352741
  2.06958691 2.01346595 1.96838724 2.07798753]
 [2.00808341 2.09564087 2.03212962 2.04626494 1.96691451 2.05923053
  2.08731211 2.0017492  1.9019393  1.99304546]
 [1.90407802 2.01507923 2.02022341 2.03279161 2.03402979 1.99915615
  2.06442377 1.93969805 2.07872672 1.90010299]
 [1.98199873 1.95213493 2.08286794 1.99978298 2.08890183 1.96653394
  1.98403004 1.98452002 2.00539159 2.09261467]
 [1.98374729 2.07357304 1.97980431 1.97671218 2.02705017 1.95127132
  2.06427595 1.94547461 1.98305535 1.90070127]]
Rh: [[10.33922467  7.49748783  8.90153029 14.36871643  5.00223591  7.46851759
   6.46730207  5.13414376  7.02445599 13.84461324 11.18249271]
 [ 7.81068891 14.6852528   5.60824733  7.9118188   8.9283274   5.03962924
   5.60002389 13.69573627 10.75712604 13.01003523 12.48484652]
 [ 5.17497443  7.91020913  5.37942829  5.67908587 12.4965714  14.7093217
   6.50377041 11.21744622 12.51972839  5.05959518  5.78107276]
 [ 9.4582491   9.61016654  7.16027988 11.98841881  5.89951962  5.33644842
  12.46805719  9.84425579  5.12787078  6.72299828  5.05945125]
 [ 5.58525788  8.611344   14.57842639  8.35767025  5.30572619 11.71504982
   6.9392905   7.79139094  7.4492921  14.64886961 12.08207229]
 [ 7.73779931 14.08963942 10.32952801  9.3951991  10.13189524  6.63642292
   6.698554    5.86599635 10.73166168  8.10463158  8.18174184]
 [ 8.67214297 11.48263806 10.44439949 11.25297047  6.59723187 10.67815111
   7.9429714  11.70044443  5.3530502   5.51134346  9.54593687]
 [14.79225132  6.0000635   9.96330143  9.17565579  5.47655918  9.36623104
  10.4680445   9.39796551  9.33527572  7.61762936  9.92573266]
 [ 5.46017    11.67094919  6.16445228 10.4366006  11.35721807 10.6674196
  11.9664612   5.37467491  5.07370198  6.71836177 10.58040925]
 [ 8.61481475 11.62454708  6.09462304  5.15110826  8.62503924 13.59057798
  11.61023726  5.47011044 10.13522752  6.5517281  11.80760978]]
Rv: [[ 7.63529127  8.22589696  5.67812598 12.33361342  6.48180545  6.0925184
   5.8694765   6.79195873  6.82934679  7.63093596]
 [12.91389315 12.86978455  6.00251008  6.29607332  9.17140962  7.88567901
   9.3169555   7.75548708 14.24285899  6.79965772]
 [ 9.1631781   6.39274571  7.27207194  5.89228031  9.75752792 12.69207087
  11.15743794  7.96978113 11.42382355 10.14375667]
 [ 7.53488797 13.15133803 12.28903023 14.51905644 14.52394788  5.45864981
  10.87912995  5.16284448  9.62991346  8.36021095]
 [ 6.30331664  5.48822527 14.94769523 13.82310044  6.69629973  7.80603784
   8.27221594 14.90168045 13.42417445  7.73009967]
 [11.87144896  5.13891711  9.09429314  6.56940153  7.24313212  7.60944965
   5.11447273  9.44449436  6.51802934  9.87227443]
 [11.68407128  5.57985286  8.73116058 10.62309167  9.10449438  6.58497419
   5.28097085  5.72198623  6.86177081 11.92447934]
 [ 6.68020742 12.51861276  6.73025395  5.60993893 12.58863466 13.13096295
  14.36080398 11.63766863  7.53664917  6.28567281]
 [ 9.97380377  8.04383653 11.796403    6.69400208  7.60589128  9.07393565
   7.80332459  5.97232968 12.66791014  5.26371476]]