-------Running parameters--------
T = 0.001
temperature_gradient = 0.0
gap = 0.2
M = 10
N = 10
VR = 0.0
Vmin = 0.0
Vmax = 1.2
vStep = 0.001
vSym = True
repeats = 20
fileName = array_10_10_disorder_c_std_0.5_r_std_1_run_4
dist = exp
fullOutput = True
use_graph = False
current_map = True
plot_current_map = False
plot_binary_current_map = False
frame_norm = False
dbg = False
resume = False
sc = True
leaping = False
constQ = False
modifyR = False
double_time = False
double_loop = False
output_folder = bgu_2d_superconducting_array
params_path = 
VG_avg = 0.0
VG_std = 0.0
C_avg = 2.0
C_std = 0.5
CG_avg = 10.0
CG_std = 0.0
R_avg = 10.0
R_std = 1.0
custom_rh = ""
custom_rv = ""
custom_ch = ""
custom_cv = ""
RG_avg = 500.0
RG_std = 0.0
n0_avg = 0.0
n0_std = 0.0
Q0_avg = 0.0
Q0_std = 0.0
----Array Parameters-----
Rows: 10
Columns: 10
VG: [[0.]
 [0.]
 [0.]
 [0.]
 [0.]
 [0.]
 [0.]
 [0.]
 [0.]
 [0.]
 [0.]
 [0.]
 [0.]
 [0.]
 [0.]
 [0.]
 [0.]
 [0.]
 [0.]
 [0.]
 [0.]
 [0.]
 [0.]
 [0.]
 [0.]
 [0.]
 [0.]
 [0.]
 [0.]
 [0.]
 [0.]
 [0.]
 [0.]
 [0.]
 [0.]
 [0.]
 [0.]
 [0.]
 [0.]
 [0.]
 [0.]
 [0.]
 [0.]
 [0.]
 [0.]
 [0.]
 [0.]
 [0.]
 [0.]
 [0.]
 [0.]
 [0.]
 [0.]
 [0.]
 [0.]
 [0.]
 [0.]
 [0.]
 [0.]
 [0.]
 [0.]
 [0.]
 [0.]
 [0.]
 [0.]
 [0.]
 [0.]
 [0.]
 [0.]
 [0.]
 [0.]
 [0.]
 [0.]
 [0.]
 [0.]
 [0.]
 [0.]
 [0.]
 [0.]
 [0.]
 [0.]
 [0.]
 [0.]
 [0.]
 [0.]
 [0.]
 [0.]
 [0.]
 [0.]
 [0.]
 [0.]
 [0.]
 [0.]
 [0.]
 [0.]
 [0.]
 [0.]
 [0.]
 [0.]
 [0.]]
CG: [[10.]
 [10.]
 [10.]
 [10.]
 [10.]
 [10.]
 [10.]
 [10.]
 [10.]
 [10.]
 [10.]
 [10.]
 [10.]
 [10.]
 [10.]
 [10.]
 [10.]
 [10.]
 [10.]
 [10.]
 [10.]
 [10.]
 [10.]
 [10.]
 [10.]
 [10.]
 [10.]
 [10.]
 [10.]
 [10.]
 [10.]
 [10.]
 [10.]
 [10.]
 [10.]
 [10.]
 [10.]
 [10.]
 [10.]
 [10.]
 [10.]
 [10.]
 [10.]
 [10.]
 [10.]
 [10.]
 [10.]
 [10.]
 [10.]
 [10.]
 [10.]
 [10.]
 [10.]
 [10.]
 [10.]
 [10.]
 [10.]
 [10.]
 [10.]
 [10.]
 [10.]
 [10.]
 [10.]
 [10.]
 [10.]
 [10.]
 [10.]
 [10.]
 [10.]
 [10.]
 [10.]
 [10.]
 [10.]
 [10.]
 [10.]
 [10.]
 [10.]
 [10.]
 [10.]
 [10.]
 [10.]
 [10.]
 [10.]
 [10.]
 [10.]
 [10.]
 [10.]
 [10.]
 [10.]
 [10.]
 [10.]
 [10.]
 [10.]
 [10.]
 [10.]
 [10.]
 [10.]
 [10.]
 [10.]
 [10.]]
RG: [[500.]
 [500.]
 [500.]
 [500.]
 [500.]
 [500.]
 [500.]
 [500.]
 [500.]
 [500.]
 [500.]
 [500.]
 [500.]
 [500.]
 [500.]
 [500.]
 [500.]
 [500.]
 [500.]
 [500.]
 [500.]
 [500.]
 [500.]
 [500.]
 [500.]
 [500.]
 [500.]
 [500.]
 [500.]
 [500.]
 [500.]
 [500.]
 [500.]
 [500.]
 [500.]
 [500.]
 [500.]
 [500.]
 [500.]
 [500.]
 [500.]
 [500.]
 [500.]
 [500.]
 [500.]
 [500.]
 [500.]
 [500.]
 [500.]
 [500.]
 [500.]
 [500.]
 [500.]
 [500.]
 [500.]
 [500.]
 [500.]
 [500.]
 [500.]
 [500.]
 [500.]
 [500.]
 [500.]
 [500.]
 [500.]
 [500.]
 [500.]
 [500.]
 [500.]
 [500.]
 [500.]
 [500.]
 [500.]
 [500.]
 [500.]
 [500.]
 [500.]
 [500.]
 [500.]
 [500.]
 [500.]
 [500.]
 [500.]
 [500.]
 [500.]
 [500.]
 [500.]
 [500.]
 [500.]
 [500.]
 [500.]
 [500.]
 [500.]
 [500.]
 [500.]
 [500.]
 [500.]
 [500.]
 [500.]
 [500.]]
Ch: [[2.07152719 2.01085663 2.44051959 1.5613719  1.55503821 1.8347585
  2.38644448 1.54512891 2.39249996 2.12323705 1.96258173]
 [1.7408146  1.52502261 2.38636183 2.10357053 1.76184468 1.6465851
  1.62286561 1.58701251 2.36059137 1.70770167 1.73691968]
 [1.55223193 2.27987748 1.75863766 2.20132817 2.0266047  2.23694499
  2.43476373 1.89517442 2.20632115 1.61657461 1.82101317]
 [1.75302878 2.42194785 2.20110208 2.46608446 1.54034373 1.75964804
  2.45413043 1.52685327 1.91831961 1.53541995 1.86328423]
 [1.64863366 1.98340523 1.99216618 2.41587959 2.10626005 1.70087838
  2.44487032 2.18137561 2.07526152 1.93806158 2.28847555]
 [1.98649978 1.93398857 2.48595172 2.37591659 2.09174234 2.24953963
  1.67691838 1.6323017  2.36125474 2.11631375 1.85479974]
 [2.13417844 1.53881639 1.56015642 1.72428034 1.79614601 1.53432582
  1.98097496 1.61761562 2.33843443 1.77737016 1.67980247]
 [2.35495025 1.6575094  1.97032859 1.70569488 2.22592561 1.81505118
  2.28359149 2.03204921 1.86670241 1.94589856 1.92909727]
 [1.66567918 1.76621162 1.58848059 2.36873419 1.66700581 2.35507932
  2.20419191 1.93323095 1.7508716  1.87959355 2.00669112]
 [1.76116646 2.08363176 1.88694362 1.72552025 2.38063127 1.82603528
  2.28943164 1.60208639 1.6131333  1.6068235  1.71324136]]
Cv: [[0.         0.         0.         0.         0.         0.
  0.         0.         0.         0.        ]
 [1.50987823 2.07616662 1.83913318 1.55711288 2.24893171 2.07255654
  1.78531929 2.24475952 1.72087921 1.67599119]
 [2.10940712 1.69367713 1.80958901 1.76777831 1.85840279 1.68660648
  1.53281333 1.66833372 1.84455832 2.15964528]
 [1.85076674 1.750412   1.79917529 1.96005474 1.52628687 2.05721185
  1.8836329  2.39194282 1.68966136 1.54792026]
 [1.78506664 1.67229156 1.6237746  2.24355383 2.38466958 1.6914953
  1.8424292  2.45008017 2.18177105 2.06699007]
 [1.74717153 1.67414694 1.67837084 2.28231187 1.66888909 2.30506782
  1.96687393 2.06813067 2.22043572 1.5449079 ]
 [1.53686629 2.35173299 1.90224758 2.1802133  2.07027837 1.68597172
  1.85354556 2.18024433 2.19756528 1.7604616 ]
 [1.96920228 1.52568525 2.22013153 2.33174328 2.2787235  1.98598214
  2.23805519 2.44075177 1.58746268 1.54371699]
 [2.16329146 1.62643718 2.09737383 2.34342811 1.70266095 1.61352794
  2.42775496 1.53788987 1.50447665 1.79092856]
 [2.2710196  1.5151137  1.6018698  1.56073976 1.68426455 1.80353386
  2.08305629 1.7474256  1.62332922 1.52716732]]
Rh: [[10.45835248  9.13915272 10.07210257 10.2706503  10.71529805 10.71216755
   9.02662364  9.86091993  9.49018375  9.20646392  9.87183512]
 [10.52210964  9.08960755  9.65762841 10.60257106  9.26586267  9.62681236
   9.39949408 10.66597921 10.50522238  9.74098785  9.52638609]
 [ 9.12061238 10.61189446 10.63793216  9.82965104 10.81165287 10.18041738
   9.97471258 10.09524339  9.0019145   9.45390539 10.59956657]
 [ 9.27983839 10.26567013  9.10770981  9.43107059 10.56761092 10.88411359
  10.47842504 10.43731354 10.88920242 10.09057968  9.4259901 ]
 [ 9.2804137   9.55958951 10.38096514 10.53016103 10.65339308  9.09840893
   9.83300356 10.66073326 10.36278304 10.78981806 10.46019444]
 [10.80758993 10.56408696 10.01415729  9.92063164  9.09739951 10.83932738
   9.77170724 10.8677207  10.56873534 10.03470349 10.51325121]
 [10.55844436 10.9072071  10.6654634   9.22504899  9.15595497 10.88764996
  10.71050105  9.4429029   9.16300412  9.24728686  9.19101697]
 [ 9.21254555 10.45312079  9.22099959  9.87935778  9.32016533  9.42900393
   9.43035193 10.78563662  9.26127515 10.40434937  9.90236276]
 [ 9.87128995  9.32788674 10.55853728 10.32988119 10.87260702 10.81954308
   9.86405619  9.08684312  9.04434776 10.65964486 10.0037556 ]
 [10.32819529 10.63765047  9.5922688  10.4927379  10.4536561   9.54326881
   9.34876201 10.2093001  10.21576024 10.45437148 10.58508138]]
Rv: [[10.98916703  9.80258561  9.64531545  9.74433965 10.30793414  9.15128852
  10.58945558 10.83021439  9.62895333  9.61319796]
 [ 9.52033625  9.52984946 10.33410703  9.09320075  9.40679297 10.63525472
  10.49375385 10.31547658  9.4058235   9.22072242]
 [ 9.614335   10.11555562  9.01945593  9.63302475  9.36827884  9.55813712
   9.21524813 10.00403708  9.66361152 10.24799023]
 [10.91142026 10.97517028  9.19313906 10.45906339 10.49906316  9.90642973
  10.96161143 10.38988382 10.07990456  9.01425148]
 [10.38047149  9.72890865 10.13043604 10.66311432 10.4011435   9.47592899
   9.3949049  10.934034    9.41355354 10.058485  ]
 [ 9.16089023 10.8424651  10.37270923  9.6382093  10.25847388 10.10275863
   9.14462266  9.68787987 10.22796517 10.24966768]
 [ 9.17114654 10.46339883 10.13965132  9.71374458 10.77143642  9.07063518
   9.90416855 10.23364383 10.78700508  9.74553014]
 [10.9687905  10.92325221  9.12953387  9.3469845  10.35619697 10.74158448
   9.53286067  9.96569557  9.01922986  9.40883605]
 [10.59559653  9.39469061 10.59852589 10.5189817   9.18200756  9.30628603
  10.56338487 10.45710805 10.42167441  9.86273869]]