-------Running parameters--------
T = 0.001
temperature_gradient = 0.0
gap = 0.2
M = 10
N = 10
VR = 0.0
Vmin = 0.0
Vmax = 1.2
vStep = 0.001
vSym = True
repeats = 20
fileName = array_10_10_disorder_c_std_0.5_r_std_1_run_5
dist = exp
fullOutput = True
use_graph = False
current_map = True
plot_current_map = False
plot_binary_current_map = False
frame_norm = False
dbg = False
resume = False
sc = True
leaping = False
constQ = False
modifyR = False
double_time = False
double_loop = False
output_folder = bgu_2d_superconducting_array
params_path = 
VG_avg = 0.0
VG_std = 0.0
C_avg = 2.0
C_std = 0.5
CG_avg = 10.0
CG_std = 0.0
R_avg = 10.0
R_std = 1.0
custom_rh = ""
custom_rv = ""
custom_ch = ""
custom_cv = ""
RG_avg = 500.0
RG_std = 0.0
n0_avg = 0.0
n0_std = 0.0
Q0_avg = 0.0
Q0_std = 0.0
----Array Parameters-----
Rows: 10
Columns: 10
VG: [[0.]
 [0.]
 [0.]
 [0.]
 [0.]
 [0.]
 [0.]
 [0.]
 [0.]
 [0.]
 [0.]
 [0.]
 [0.]
 [0.]
 [0.]
 [0.]
 [0.]
 [0.]
 [0.]
 [0.]
 [0.]
 [0.]
 [0.]
 [0.]
 [0.]
 [0.]
 [0.]
 [0.]
 [0.]
 [0.]
 [0.]
 [0.]
 [0.]
 [0.]
 [0.]
 [0.]
 [0.]
 [0.]
 [0.]
 [0.]
 [0.]
 [0.]
 [0.]
 [0.]
 [0.]
 [0.]
 [0.]
 [0.]
 [0.]
 [0.]
 [0.]
 [0.]
 [0.]
 [0.]
 [0.]
 [0.]
 [0.]
 [0.]
 [0.]
 [0.]
 [0.]
 [0.]
 [0.]
 [0.]
 [0.]
 [0.]
 [0.]
 [0.]
 [0.]
 [0.]
 [0.]
 [0.]
 [0.]
 [0.]
 [0.]
 [0.]
 [0.]
 [0.]
 [0.]
 [0.]
 [0.]
 [0.]
 [0.]
 [0.]
 [0.]
 [0.]
 [0.]
 [0.]
 [0.]
 [0.]
 [0.]
 [0.]
 [0.]
 [0.]
 [0.]
 [0.]
 [0.]
 [0.]
 [0.]
 [0.]]
CG: [[10.]
 [10.]
 [10.]
 [10.]
 [10.]
 [10.]
 [10.]
 [10.]
 [10.]
 [10.]
 [10.]
 [10.]
 [10.]
 [10.]
 [10.]
 [10.]
 [10.]
 [10.]
 [10.]
 [10.]
 [10.]
 [10.]
 [10.]
 [10.]
 [10.]
 [10.]
 [10.]
 [10.]
 [10.]
 [10.]
 [10.]
 [10.]
 [10.]
 [10.]
 [10.]
 [10.]
 [10.]
 [10.]
 [10.]
 [10.]
 [10.]
 [10.]
 [10.]
 [10.]
 [10.]
 [10.]
 [10.]
 [10.]
 [10.]
 [10.]
 [10.]
 [10.]
 [10.]
 [10.]
 [10.]
 [10.]
 [10.]
 [10.]
 [10.]
 [10.]
 [10.]
 [10.]
 [10.]
 [10.]
 [10.]
 [10.]
 [10.]
 [10.]
 [10.]
 [10.]
 [10.]
 [10.]
 [10.]
 [10.]
 [10.]
 [10.]
 [10.]
 [10.]
 [10.]
 [10.]
 [10.]
 [10.]
 [10.]
 [10.]
 [10.]
 [10.]
 [10.]
 [10.]
 [10.]
 [10.]
 [10.]
 [10.]
 [10.]
 [10.]
 [10.]
 [10.]
 [10.]
 [10.]
 [10.]
 [10.]]
RG: [[500.]
 [500.]
 [500.]
 [500.]
 [500.]
 [500.]
 [500.]
 [500.]
 [500.]
 [500.]
 [500.]
 [500.]
 [500.]
 [500.]
 [500.]
 [500.]
 [500.]
 [500.]
 [500.]
 [500.]
 [500.]
 [500.]
 [500.]
 [500.]
 [500.]
 [500.]
 [500.]
 [500.]
 [500.]
 [500.]
 [500.]
 [500.]
 [500.]
 [500.]
 [500.]
 [500.]
 [500.]
 [500.]
 [500.]
 [500.]
 [500.]
 [500.]
 [500.]
 [500.]
 [500.]
 [500.]
 [500.]
 [500.]
 [500.]
 [500.]
 [500.]
 [500.]
 [500.]
 [500.]
 [500.]
 [500.]
 [500.]
 [500.]
 [500.]
 [500.]
 [500.]
 [500.]
 [500.]
 [500.]
 [500.]
 [500.]
 [500.]
 [500.]
 [500.]
 [500.]
 [500.]
 [500.]
 [500.]
 [500.]
 [500.]
 [500.]
 [500.]
 [500.]
 [500.]
 [500.]
 [500.]
 [500.]
 [500.]
 [500.]
 [500.]
 [500.]
 [500.]
 [500.]
 [500.]
 [500.]
 [500.]
 [500.]
 [500.]
 [500.]
 [500.]
 [500.]
 [500.]
 [500.]
 [500.]
 [500.]]
Ch: [[2.17858241 2.04922108 2.11717934 1.98723724 2.0911302  2.28031583
  2.49575856 1.51893123 2.39502258 2.39256057 1.66858663]
 [2.26018553 1.57279481 2.27755008 1.99509216 1.64818758 1.75534534
  1.5747197  1.85172115 1.94351678 1.71273093 1.70654103]
 [2.04379148 1.79952326 1.62350983 2.42819412 1.57889953 2.45071909
  1.84122135 2.01289443 1.87969485 2.42314508 2.07766564]
 [1.6612634  1.70029812 2.22375615 2.14943653 1.60092505 1.76331367
  2.02520377 1.82284693 2.17523217 1.80111521 1.59407067]
 [2.08129952 1.61737401 1.88476952 1.72712852 1.72943605 1.76323356
  2.30157341 2.13524962 1.91478942 1.66996181 2.00083935]
 [1.53549899 1.56637902 2.4054703  1.59239568 2.19547501 1.72420453
  1.71952607 2.15928686 1.59573956 1.54849164 2.23905329]
 [1.53572943 1.64347766 2.21599768 1.95221852 1.67923298 2.13883881
  1.68832647 1.60252663 2.34825071 2.1677552  1.96576028]
 [2.05377579 2.17038782 2.15707509 2.0065584  2.0973064  2.0035253
  1.90451073 2.12197535 1.52382053 1.6741845  2.18169352]
 [2.27968082 1.81572259 1.51306863 2.14906156 2.4179694  1.96790561
  2.26867297 1.59818623 2.44390891 1.56360991 2.30629271]
 [2.36454603 1.77813453 1.74916101 2.31209126 2.47544509 1.60054975
  2.18771133 1.62337584 1.84865606 1.54319309 1.58000826]]
Cv: [[0.         0.         0.         0.         0.         0.
  0.         0.         0.         0.        ]
 [2.2984085  2.2473428  1.53558838 1.96306187 1.83594648 1.8453995
  2.33163934 1.71479309 2.4140872  1.76638151]
 [2.41464477 1.87196226 2.14786278 1.77176161 2.34447316 1.68785704
  1.93001288 1.95920504 1.63267121 2.40716949]
 [1.71021545 1.72205645 2.061531   2.1130406  2.22484491 1.73748898
  1.88170339 2.48089799 2.03856361 1.81843051]
 [2.43754625 2.28084151 2.04230868 2.07715173 1.67063977 1.79028105
  1.55022936 2.25438034 2.2234093  1.58957926]
 [1.56802171 2.32829697 2.02056573 2.11486592 1.55922185 1.7250508
  1.55375037 2.34561888 1.70615933 1.6659449 ]
 [1.88092792 1.62757954 2.22502732 1.55580293 2.21130614 1.85330452
  1.82332654 1.85295591 1.56540437 1.75269282]
 [1.91771318 1.9164115  1.81804426 1.66154341 1.58584864 1.87549792
  2.49905449 1.81829893 2.11834811 2.38810185]
 [2.26483904 1.76820291 2.18534677 1.97619407 1.94400398 1.69637949
  1.7411124  1.87945696 1.50520022 2.12761359]
 [1.61972581 1.73268737 1.60077066 2.34523885 2.33069329 2.15310719
  2.21555364 1.55310066 2.14462393 1.73824431]]
Rh: [[10.49513666 10.42101478 10.84935317  9.05475532  9.17546226  9.8774875
   9.49952592  9.55625177 10.79796433 10.22088506  9.32283568]
 [10.80987032  9.41379251 10.1142001  10.21282943 10.30666285  9.93709904
   9.18393275  9.05898203  9.89960898  9.8137374  10.1625576 ]
 [10.1939468  10.5175191  10.37191402  9.65217212 10.58998072  9.96152312
   9.28555782 10.53226905  9.70904429 10.88009905 10.32506807]
 [10.56438485 10.70565085  9.25508125  9.26537239  9.25262109 10.44740252
   9.48653452 10.11255344 10.38292491 10.50970019 10.17715538]
 [10.76461777  9.61193199  9.45424192 10.12566328 10.84323355  9.87097898
   9.59548982 10.56468642  9.133537   10.32801972  9.35105153]
 [10.96718193 10.07630054  9.39112605  9.08732077 10.36128437  9.78744896
   9.00639592  9.37267538  9.31224097 10.31958593  9.19642482]
 [ 9.39721943 10.93845534 10.75614518 10.69737685  9.88014161 10.09479967
   9.81665986 10.32366419  9.34092703 10.43878064  9.40629696]
 [ 9.92058314 10.07403896  9.77247324 10.44016055 10.10027526 10.60982526
  10.10189918  9.07236255  9.48941309 10.03525849  9.09770175]
 [10.36585135  9.8835899  10.42765091  9.11144509 10.79415302  9.34636639
  10.59566217  9.71879278  9.67707765  9.31683346 10.82037841]
 [10.74338175  9.05765653 10.71743091  9.28906743  9.9552962   9.28672915
  10.13773877 10.1415856   9.79590688 10.53385569  9.30749003]]
Rv: [[ 9.99702204  9.93816301  9.4400789   9.18534089 10.51956322  9.16399114
   9.71010432  9.71827819  9.51592258 10.27078616]
 [ 9.44931721 10.37629517  9.39748909  9.17936135  9.55299695 10.28361451
  10.45658117  9.90134336  9.20470125 10.1012569 ]
 [10.50736847  9.50370967 10.43323542  9.61471757 10.85685847  9.89264613
   9.42265811  9.82628482  9.97270465  9.35716378]
 [ 9.70040959 10.24270284 10.6942933   9.32445092  9.16797684  9.63554345
  10.09479761 10.80503978  9.47071968  9.30250265]
 [ 9.33905364  9.05507992 10.9187489  10.66746239  9.48458734 10.80619973
  10.3158723  10.764094   10.28671626  9.86760428]
 [10.73507745 10.07512331 10.87932759 10.36858123  9.28909784  9.97733047
   9.87721013 10.1055032   9.50141187 10.19923713]
 [10.49284154 10.5164972  10.62195457  9.75780456  9.5687742   9.25790368
   9.35115902 10.21218653  9.41143811 10.88659944]
 [10.17179837 10.59628294  9.59532736 10.07011555  9.19512359  9.17747303
  10.42570643  9.17740498 10.19616572  9.90117526]
 [10.07603381 10.24394631  9.23632218 10.55112848  9.88931459 10.0208449
   9.46034323  9.10112456 10.60618986 10.93076828]]