-------Running parameters--------
T = 0.001
temperature_gradient = 0.0
gap = 0.2
M = 10
N = 10
VR = 0.0
Vmin = 0.0
Vmax = 1.2
vStep = 0.001
vSym = True
repeats = 20
fileName = array_10_10_disorder_c_std_1_r_std_9_run_3
dist = exp
fullOutput = True
use_graph = False
current_map = True
plot_current_map = False
plot_binary_current_map = False
frame_norm = False
dbg = False
resume = False
sc = True
leaping = False
constQ = False
modifyR = False
double_time = False
double_loop = False
output_folder = bgu_2d_superconducting_array
params_path = 
VG_avg = 0.0
VG_std = 0.0
C_avg = 2.0
C_std = 1.0
CG_avg = 10.0
CG_std = 0.0
R_avg = 10.0
R_std = 9.0
custom_rh = ""
custom_rv = ""
custom_ch = ""
custom_cv = ""
RG_avg = 500.0
RG_std = 0.0
n0_avg = 0.0
n0_std = 0.0
Q0_avg = 0.0
Q0_std = 0.0
----Array Parameters-----
Rows: 10
Columns: 10
VG: [[0.]
 [0.]
 [0.]
 [0.]
 [0.]
 [0.]
 [0.]
 [0.]
 [0.]
 [0.]
 [0.]
 [0.]
 [0.]
 [0.]
 [0.]
 [0.]
 [0.]
 [0.]
 [0.]
 [0.]
 [0.]
 [0.]
 [0.]
 [0.]
 [0.]
 [0.]
 [0.]
 [0.]
 [0.]
 [0.]
 [0.]
 [0.]
 [0.]
 [0.]
 [0.]
 [0.]
 [0.]
 [0.]
 [0.]
 [0.]
 [0.]
 [0.]
 [0.]
 [0.]
 [0.]
 [0.]
 [0.]
 [0.]
 [0.]
 [0.]
 [0.]
 [0.]
 [0.]
 [0.]
 [0.]
 [0.]
 [0.]
 [0.]
 [0.]
 [0.]
 [0.]
 [0.]
 [0.]
 [0.]
 [0.]
 [0.]
 [0.]
 [0.]
 [0.]
 [0.]
 [0.]
 [0.]
 [0.]
 [0.]
 [0.]
 [0.]
 [0.]
 [0.]
 [0.]
 [0.]
 [0.]
 [0.]
 [0.]
 [0.]
 [0.]
 [0.]
 [0.]
 [0.]
 [0.]
 [0.]
 [0.]
 [0.]
 [0.]
 [0.]
 [0.]
 [0.]
 [0.]
 [0.]
 [0.]
 [0.]]
CG: [[10.]
 [10.]
 [10.]
 [10.]
 [10.]
 [10.]
 [10.]
 [10.]
 [10.]
 [10.]
 [10.]
 [10.]
 [10.]
 [10.]
 [10.]
 [10.]
 [10.]
 [10.]
 [10.]
 [10.]
 [10.]
 [10.]
 [10.]
 [10.]
 [10.]
 [10.]
 [10.]
 [10.]
 [10.]
 [10.]
 [10.]
 [10.]
 [10.]
 [10.]
 [10.]
 [10.]
 [10.]
 [10.]
 [10.]
 [10.]
 [10.]
 [10.]
 [10.]
 [10.]
 [10.]
 [10.]
 [10.]
 [10.]
 [10.]
 [10.]
 [10.]
 [10.]
 [10.]
 [10.]
 [10.]
 [10.]
 [10.]
 [10.]
 [10.]
 [10.]
 [10.]
 [10.]
 [10.]
 [10.]
 [10.]
 [10.]
 [10.]
 [10.]
 [10.]
 [10.]
 [10.]
 [10.]
 [10.]
 [10.]
 [10.]
 [10.]
 [10.]
 [10.]
 [10.]
 [10.]
 [10.]
 [10.]
 [10.]
 [10.]
 [10.]
 [10.]
 [10.]
 [10.]
 [10.]
 [10.]
 [10.]
 [10.]
 [10.]
 [10.]
 [10.]
 [10.]
 [10.]
 [10.]
 [10.]
 [10.]]
RG: [[500.]
 [500.]
 [500.]
 [500.]
 [500.]
 [500.]
 [500.]
 [500.]
 [500.]
 [500.]
 [500.]
 [500.]
 [500.]
 [500.]
 [500.]
 [500.]
 [500.]
 [500.]
 [500.]
 [500.]
 [500.]
 [500.]
 [500.]
 [500.]
 [500.]
 [500.]
 [500.]
 [500.]
 [500.]
 [500.]
 [500.]
 [500.]
 [500.]
 [500.]
 [500.]
 [500.]
 [500.]
 [500.]
 [500.]
 [500.]
 [500.]
 [500.]
 [500.]
 [500.]
 [500.]
 [500.]
 [500.]
 [500.]
 [500.]
 [500.]
 [500.]
 [500.]
 [500.]
 [500.]
 [500.]
 [500.]
 [500.]
 [500.]
 [500.]
 [500.]
 [500.]
 [500.]
 [500.]
 [500.]
 [500.]
 [500.]
 [500.]
 [500.]
 [500.]
 [500.]
 [500.]
 [500.]
 [500.]
 [500.]
 [500.]
 [500.]
 [500.]
 [500.]
 [500.]
 [500.]
 [500.]
 [500.]
 [500.]
 [500.]
 [500.]
 [500.]
 [500.]
 [500.]
 [500.]
 [500.]
 [500.]
 [500.]
 [500.]
 [500.]
 [500.]
 [500.]
 [500.]
 [500.]
 [500.]
 [500.]]
Ch: [[1.75934808 2.57653828 2.29165096 2.79650817 1.04864936 2.90907589
  1.16258192 1.65802747 1.34599195 1.22405876 1.06842674]
 [2.78954036 1.79744698 2.02686735 1.08430665 2.53581351 1.41330122
  2.93964706 1.16386434 1.51982362 1.08765413 1.01563934]
 [2.19284923 2.01969695 2.80454427 1.42131286 1.50713666 1.65110056
  1.02683497 1.17911235 1.63049658 1.2370841  1.25689253]
 [2.20184443 2.83466267 1.11153764 2.06968884 2.15642253 1.73167997
  2.54976964 1.16302057 1.00205402 2.31679038 1.2628216 ]
 [2.93276569 1.08206968 1.98677993 1.1798369  2.18848821 2.26330037
  1.93467463 2.37516395 1.01637161 2.13876816 2.91380118]
 [1.93020448 1.14518441 1.5530745  2.34540855 1.25699238 2.28892128
  2.44094592 2.07432326 1.88989038 1.35243538 1.03273535]
 [2.96238516 1.39758345 2.95880241 1.91765627 2.76193931 1.65117956
  2.81703396 1.01404941 1.93196116 1.88177193 2.16684972]
 [1.87397874 1.11740788 1.62442512 2.87796285 1.85548761 1.11573283
  1.08946853 1.80799689 1.11692702 1.27359434 2.19345904]
 [2.23948186 1.10894743 1.33418642 2.73733871 1.14438216 1.36592891
  2.27297931 1.76283114 2.88273295 2.66680991 1.73581235]
 [2.05413509 1.79694159 2.13779183 2.16088931 1.39747947 2.47664137
  1.44168506 1.24492954 1.14058987 1.1491692  2.34210631]]
Cv: [[0.         0.         0.         0.         0.         0.
  0.         0.         0.         0.        ]
 [2.89084147 1.70682631 1.73421775 1.38451084 1.9933627  1.55169355
  2.09257779 1.47636291 1.83321146 2.46218223]
 [1.08480422 1.10780036 2.89109618 1.14231673 1.2324131  2.612488
  1.09188317 1.59532968 2.31415594 2.37679141]
 [1.56503936 1.49678954 2.33337925 2.62205731 1.62073187 1.58977931
  1.13013595 2.98072383 2.29295944 1.66538092]
 [1.83841483 1.81010931 2.46658288 2.60734008 2.56083057 1.01777803
  1.46403703 2.12916936 1.03299184 1.09843999]
 [1.31487849 1.22356674 1.68844354 2.23536904 2.43075661 1.78339582
  1.5450369  1.6901867  1.64995556 1.2043062 ]
 [2.7238543  1.44128471 2.25279225 1.55572326 2.1406783  1.62412785
  2.45046166 1.95560516 1.26127408 1.71069511]
 [1.08538164 1.7908147  1.43285798 1.87186208 2.5821403  1.40920417
  2.28316932 1.24470436 2.53208619 1.01519096]
 [1.70675493 2.38322091 1.3830289  1.46760174 1.2028626  1.37607776
  2.92480812 1.64715409 2.77997571 1.13579236]
 [1.42596242 1.62033341 1.06478499 2.50484886 2.58514953 2.51003853
  1.05262531 2.83236676 2.08841259 2.97993212]]
Rh: [[ 4.99829069  7.40398735  8.10482001  3.13059427  1.70372439 17.90679964
  13.75070645  9.16248755  1.08872786  2.68399631  5.15023821]
 [17.60676338 14.64550061 10.80759815 15.1291102  12.20275538  3.57996896
   3.09279549  8.03685111  2.30643924 10.89921119  3.5673226 ]
 [ 8.22554589  2.5246659   2.65372409  5.32874428  1.30042609 10.39673434
   4.89833198  2.43676605  1.48833857  8.50523422  2.30082011]
 [ 3.00140454  1.56482925  1.30111053  2.43603084 10.64426584  2.07579164
   3.26147543 11.89942302 10.45383752  5.07789876  1.43914202]
 [ 6.00413854  1.04946031  4.26113495 16.21269558  4.8969931   5.02244267
  14.35774415  1.09413531 11.03581034 11.85968246 10.98341506]
 [ 1.08178378 18.72937456  5.26004437 14.25346281  1.67928429  5.08321529
   1.41670163  4.88750349 13.70435259 15.14424076  1.16929071]
 [ 2.66258294  1.09380182  1.77771619  2.09610958  1.16311775  1.09355696
   7.65550528  1.85689277  4.32174575 12.11281999  4.30524106]
 [ 4.98078664  2.82768269  1.90724576  3.58159052  1.06441178  9.54372454
  12.93552668  1.46523103  7.95021257  3.47538306 10.29236102]
 [ 5.18254477 15.29620699  9.18487246  1.03253488  7.38333856  4.9991878
   3.09148613  1.67316494 13.33589303  8.94095511 12.22500859]
 [ 4.21201463  2.94293117  1.05876381  2.046167    6.12206307  7.14575497
   1.15964567  2.3015703   1.46617581  1.34620097  6.06000467]]
Rv: [[ 4.73600546  4.030487    3.6936014   7.82213981  8.00713889  6.1824469
   3.71644698  3.25681197 12.96874885 11.27439373]
 [12.86029059 13.95368984 13.65895593  6.97990272 12.78798543  1.02687622
   5.03533079  1.22440696  3.92645946  5.1367553 ]
 [ 4.99544686  1.46998466 14.97606715  1.12826511  6.87674972  1.04925463
   1.51750981  3.66758945  2.25612026 13.88107173]
 [ 1.3504842  10.97588243  2.65622422  3.46301234  1.49707632  3.8143102
   2.08877308  1.4123358  13.98292427 13.68743373]
 [ 2.29771208  2.93246418  1.49561462 14.67906817  1.10960344  5.99284559
  13.35939924  1.38349895  1.63502281  5.48262057]
 [ 2.43341187  4.94835477  7.80855104  1.28134372  6.88750427  1.23130078
   9.29004724  5.00732015 14.23278908  9.52228845]
 [ 2.0796954   1.56872558  1.4244825   9.89125664 17.61199935  1.5295218
  10.41544974  1.18740768  3.98517114 18.51551434]
 [ 9.26588791 10.05719571  1.2924591   3.50440534  3.36649071  1.8558285
   3.77223775  9.71233813  1.14704636  5.18010513]
 [ 1.98426189  1.17193485  8.50013915  1.02551442  6.2779481   6.60792196
   1.00364382  7.55730917  2.21018955  1.61542366]]