-------Running parameters--------
T = 0.001
temperature_gradient = 0.0
gap = 0.2
M = 10
N = 10
VR = 0.0
Vmin = 0.0
Vmax = 1.2
vStep = 0.001
vSym = True
repeats = 20
fileName = array_10_10_disorder_c_std_0.1_r_std_9_run_2
dist = exp
fullOutput = True
use_graph = False
current_map = True
plot_current_map = False
plot_binary_current_map = False
frame_norm = False
dbg = False
resume = False
sc = True
leaping = False
constQ = False
modifyR = False
double_time = False
double_loop = False
output_folder = bgu_2d_superconducting_array
params_path = 
VG_avg = 0.0
VG_std = 0.0
C_avg = 2.0
C_std = 0.1
CG_avg = 10.0
CG_std = 0.0
R_avg = 10.0
R_std = 9.0
custom_rh = ""
custom_rv = ""
custom_ch = ""
custom_cv = ""
RG_avg = 500.0
RG_std = 0.0
n0_avg = 0.0
n0_std = 0.0
Q0_avg = 0.0
Q0_std = 0.0
----Array Parameters-----
Rows: 10
Columns: 10
VG: [[0.]
 [0.]
 [0.]
 [0.]
 [0.]
 [0.]
 [0.]
 [0.]
 [0.]
 [0.]
 [0.]
 [0.]
 [0.]
 [0.]
 [0.]
 [0.]
 [0.]
 [0.]
 [0.]
 [0.]
 [0.]
 [0.]
 [0.]
 [0.]
 [0.]
 [0.]
 [0.]
 [0.]
 [0.]
 [0.]
 [0.]
 [0.]
 [0.]
 [0.]
 [0.]
 [0.]
 [0.]
 [0.]
 [0.]
 [0.]
 [0.]
 [0.]
 [0.]
 [0.]
 [0.]
 [0.]
 [0.]
 [0.]
 [0.]
 [0.]
 [0.]
 [0.]
 [0.]
 [0.]
 [0.]
 [0.]
 [0.]
 [0.]
 [0.]
 [0.]
 [0.]
 [0.]
 [0.]
 [0.]
 [0.]
 [0.]
 [0.]
 [0.]
 [0.]
 [0.]
 [0.]
 [0.]
 [0.]
 [0.]
 [0.]
 [0.]
 [0.]
 [0.]
 [0.]
 [0.]
 [0.]
 [0.]
 [0.]
 [0.]
 [0.]
 [0.]
 [0.]
 [0.]
 [0.]
 [0.]
 [0.]
 [0.]
 [0.]
 [0.]
 [0.]
 [0.]
 [0.]
 [0.]
 [0.]
 [0.]]
CG: [[10.]
 [10.]
 [10.]
 [10.]
 [10.]
 [10.]
 [10.]
 [10.]
 [10.]
 [10.]
 [10.]
 [10.]
 [10.]
 [10.]
 [10.]
 [10.]
 [10.]
 [10.]
 [10.]
 [10.]
 [10.]
 [10.]
 [10.]
 [10.]
 [10.]
 [10.]
 [10.]
 [10.]
 [10.]
 [10.]
 [10.]
 [10.]
 [10.]
 [10.]
 [10.]
 [10.]
 [10.]
 [10.]
 [10.]
 [10.]
 [10.]
 [10.]
 [10.]
 [10.]
 [10.]
 [10.]
 [10.]
 [10.]
 [10.]
 [10.]
 [10.]
 [10.]
 [10.]
 [10.]
 [10.]
 [10.]
 [10.]
 [10.]
 [10.]
 [10.]
 [10.]
 [10.]
 [10.]
 [10.]
 [10.]
 [10.]
 [10.]
 [10.]
 [10.]
 [10.]
 [10.]
 [10.]
 [10.]
 [10.]
 [10.]
 [10.]
 [10.]
 [10.]
 [10.]
 [10.]
 [10.]
 [10.]
 [10.]
 [10.]
 [10.]
 [10.]
 [10.]
 [10.]
 [10.]
 [10.]
 [10.]
 [10.]
 [10.]
 [10.]
 [10.]
 [10.]
 [10.]
 [10.]
 [10.]
 [10.]]
RG: [[500.]
 [500.]
 [500.]
 [500.]
 [500.]
 [500.]
 [500.]
 [500.]
 [500.]
 [500.]
 [500.]
 [500.]
 [500.]
 [500.]
 [500.]
 [500.]
 [500.]
 [500.]
 [500.]
 [500.]
 [500.]
 [500.]
 [500.]
 [500.]
 [500.]
 [500.]
 [500.]
 [500.]
 [500.]
 [500.]
 [500.]
 [500.]
 [500.]
 [500.]
 [500.]
 [500.]
 [500.]
 [500.]
 [500.]
 [500.]
 [500.]
 [500.]
 [500.]
 [500.]
 [500.]
 [500.]
 [500.]
 [500.]
 [500.]
 [500.]
 [500.]
 [500.]
 [500.]
 [500.]
 [500.]
 [500.]
 [500.]
 [500.]
 [500.]
 [500.]
 [500.]
 [500.]
 [500.]
 [500.]
 [500.]
 [500.]
 [500.]
 [500.]
 [500.]
 [500.]
 [500.]
 [500.]
 [500.]
 [500.]
 [500.]
 [500.]
 [500.]
 [500.]
 [500.]
 [500.]
 [500.]
 [500.]
 [500.]
 [500.]
 [500.]
 [500.]
 [500.]
 [500.]
 [500.]
 [500.]
 [500.]
 [500.]
 [500.]
 [500.]
 [500.]
 [500.]
 [500.]
 [500.]
 [500.]
 [500.]]
Ch: [[2.0448706  1.91973645 2.01405523 1.96228399 2.05152197 2.02794676
  1.95917726 2.07001258 2.03060351 2.01214872 1.92528704]
 [2.08259854 1.99355277 2.04889424 1.92384154 1.98635522 2.01880957
  1.90316602 1.93161132 2.02157688 2.08410903 1.97226928]
 [2.03901287 2.03487467 1.95695243 2.02942494 1.99655575 2.07498071
  1.90634894 1.94207903 2.07946058 1.95401572 1.91782716]
 [2.06389382 1.94730493 2.08472915 2.07867352 2.06579454 1.90391166
  2.02822456 2.04938921 2.02914099 2.07933949 2.0526403 ]
 [2.02450579 2.0118052  2.06494374 2.08814768 1.93681441 2.05188491
  2.01632035 2.0382389  1.96900428 2.0270919  1.97410465]
 [2.03460984 2.001808   2.05637623 1.97249629 2.05121635 1.92517409
  2.00832447 2.08179169 1.91786143 2.04725943 1.96807997]
 [2.08162845 1.98850318 1.91848779 2.03832169 1.99244362 1.9187486
  2.00856551 2.02494432 2.08796219 2.06651816 2.01788324]
 [2.00404367 2.07297106 1.9546528  1.98708779 1.96726395 1.90676421
  1.99751486 1.9064359  2.0020476  2.05190586 1.91162143]
 [1.97475043 1.9153144  1.99349729 1.98440308 1.92620431 1.94020933
  1.97690897 2.03980218 2.00804042 2.07043243 1.98895985]
 [2.0847828  1.92393717 2.01715178 1.91712068 1.94441791 2.00391698
  1.9572342  1.94431293 2.04023657 2.04540898 2.0338748 ]]
Cv: [[0.         0.         0.         0.         0.         0.
  0.         0.         0.         0.        ]
 [1.92786703 1.98339125 2.08962493 1.992429   2.02290242 1.98084218
  2.06575613 1.94584525 1.92654788 2.06474722]
 [1.98099781 1.98171296 1.98008972 1.94314532 1.93517028 1.96734105
  1.94996527 1.92647864 2.07574056 1.9234356 ]
 [2.04260379 1.95345324 2.03446669 2.02501294 2.0820697  2.00447735
  1.96353597 2.00515972 2.03764673 1.9633423 ]
 [1.91158202 2.09355263 2.07042178 2.061242   1.99283625 1.98459885
  2.00261195 1.91548401 1.90490985 2.01493687]
 [2.09061534 2.03266624 2.03210526 1.95685745 1.93134972 2.07790118
  1.97094087 1.90887667 1.96379487 1.99938632]
 [1.95522104 1.99684726 1.98057234 2.07831494 2.00917619 2.04577255
  2.07058775 1.93538594 2.06431527 2.04925683]
 [2.09518333 1.94059274 2.02851395 1.91312911 1.95763208 2.02933357
  2.05089742 1.98601139 1.95945364 1.97126177]
 [2.07232333 2.0806667  2.03957955 2.04557724 1.99277299 1.9852143
  1.96924736 1.94902961 2.02137224 2.05423838]
 [1.92842409 2.0727083  2.08522098 1.9129828  1.93857558 1.93188118
  2.0269346  2.03943041 2.04272476 1.96427527]]
Rh: [[14.99158055  2.22361903 12.94381772  6.35964129  6.37046883  2.41088863
  14.4932659   4.16519068  2.93367582  6.73108441 12.41056174]
 [ 5.2208779  15.10778861 12.64324583  1.91467452  2.56003909  2.3437304
  10.71663816 11.01763038 17.61695341  2.91235238  4.53953426]
 [ 7.13734412  3.23493908  4.94042618  3.25646825  1.50997183 18.34138764
  18.44407077  1.7801753   1.32415803  1.37227989  8.46664004]
 [ 4.22020611 13.71952566  1.05295308 11.54461416  5.13914887  1.85790692
   8.68497571  3.3663547   6.91498232  4.05698459  4.13210877]
 [18.37271231  4.36280606  2.43274764  2.08392352  5.86990373  8.59623318
   5.87870967  1.54051328  1.73712661  2.26106712  1.31563405]
 [ 5.16521643 10.66524304  5.62010616  1.41475117 12.11711449  1.70714421
   1.18410236  3.7199033   1.41456969  3.67252714 10.19584105]
 [ 7.61271743  1.85838469  1.22919537  5.50202361  2.23030194  1.92809372
   7.88735131  5.29471249 13.48323071  4.09641198  1.18155347]
 [ 3.86178037  6.04902837  1.53967834  2.23767222 11.82088884  2.9105342
  11.70100015  1.83288109  1.44524882  1.02727115  8.0056594 ]
 [ 8.37819018  1.25199936  5.52064087  1.89884511 11.71942644  6.44762587
   4.96337796 10.54769697  3.06987473  6.99088026  1.66865899]
 [ 7.45549813  5.53119225  1.17714823  2.75625567  3.07473072 10.17008005
   3.28964215 18.0236204  18.20944848  6.1708684   1.84282248]]
Rv: [[ 2.23693228  1.72805304  3.14960162  2.67313095 14.19943481 17.58163986
  10.98334867  4.25934618  6.98185089  5.0575637 ]
 [ 1.6172034   5.5782793   8.86276493 12.53534253  4.63397081  8.85992018
   7.56227645  1.48569624  1.15619156  2.23297163]
 [ 2.28075177  2.35921209  9.42558517  1.93510608  2.60736205 17.24142404
   6.32981728  1.90301672  2.95684291 11.61365917]
 [ 6.11538782  5.61940561  1.45225692 14.86629942  2.54877124 17.00517891
  13.56258959  6.98122217 11.63465043  8.36082574]
 [ 2.32808921  5.80368988  3.8943649  11.70855078  1.78412441  2.39959466
   3.41805623  2.62063303  4.36692515  4.9152475 ]
 [11.52864402 10.75917082 13.21682891 12.98712556 18.66927495  9.27754264
   3.58307339  3.22499772  3.56695724  4.76759448]
 [12.13004372  1.25462258  2.47924981 18.15456     5.06885738  1.94722276
   2.24072603  1.12142807  3.68119086  9.41858154]
 [ 9.27296789  2.68845324  3.03410473  7.08456191  4.74783002  1.02098902
   1.74915551  7.39700049  3.98736889  8.27777604]
 [ 1.03238782  1.08386794  4.68159287  5.88231835  1.76540113  1.22839685
   3.74971724  3.36664263 10.96051331  4.53531759]]