-------Running parameters--------
T = 0.001
temperature_gradient = 0.0
gap = 0.2
M = 10
N = 10
VR = 0.0
Vmin = 0.0
Vmax = 1.2
vStep = 0.001
vSym = True
repeats = 20
fileName = array_10_10_disorder_c_std_0_r_std_5_run_3
dist = exp
fullOutput = True
use_graph = False
current_map = True
plot_current_map = False
plot_binary_current_map = False
frame_norm = False
dbg = False
resume = False
sc = True
leaping = False
constQ = False
modifyR = False
double_time = False
double_loop = False
output_folder = bgu_2d_superconducting_array
params_path = 
VG_avg = 0.0
VG_std = 0.0
C_avg = 2.0
C_std = 0.0
CG_avg = 10.0
CG_std = 0.0
R_avg = 10.0
R_std = 5.0
custom_rh = ""
custom_rv = ""
custom_ch = ""
custom_cv = ""
RG_avg = 500.0
RG_std = 0.0
n0_avg = 0.0
n0_std = 0.0
Q0_avg = 0.0
Q0_std = 0.0
----Array Parameters-----
Rows: 10
Columns: 10
VG: [[0.]
 [0.]
 [0.]
 [0.]
 [0.]
 [0.]
 [0.]
 [0.]
 [0.]
 [0.]
 [0.]
 [0.]
 [0.]
 [0.]
 [0.]
 [0.]
 [0.]
 [0.]
 [0.]
 [0.]
 [0.]
 [0.]
 [0.]
 [0.]
 [0.]
 [0.]
 [0.]
 [0.]
 [0.]
 [0.]
 [0.]
 [0.]
 [0.]
 [0.]
 [0.]
 [0.]
 [0.]
 [0.]
 [0.]
 [0.]
 [0.]
 [0.]
 [0.]
 [0.]
 [0.]
 [0.]
 [0.]
 [0.]
 [0.]
 [0.]
 [0.]
 [0.]
 [0.]
 [0.]
 [0.]
 [0.]
 [0.]
 [0.]
 [0.]
 [0.]
 [0.]
 [0.]
 [0.]
 [0.]
 [0.]
 [0.]
 [0.]
 [0.]
 [0.]
 [0.]
 [0.]
 [0.]
 [0.]
 [0.]
 [0.]
 [0.]
 [0.]
 [0.]
 [0.]
 [0.]
 [0.]
 [0.]
 [0.]
 [0.]
 [0.]
 [0.]
 [0.]
 [0.]
 [0.]
 [0.]
 [0.]
 [0.]
 [0.]
 [0.]
 [0.]
 [0.]
 [0.]
 [0.]
 [0.]
 [0.]]
CG: [[10.]
 [10.]
 [10.]
 [10.]
 [10.]
 [10.]
 [10.]
 [10.]
 [10.]
 [10.]
 [10.]
 [10.]
 [10.]
 [10.]
 [10.]
 [10.]
 [10.]
 [10.]
 [10.]
 [10.]
 [10.]
 [10.]
 [10.]
 [10.]
 [10.]
 [10.]
 [10.]
 [10.]
 [10.]
 [10.]
 [10.]
 [10.]
 [10.]
 [10.]
 [10.]
 [10.]
 [10.]
 [10.]
 [10.]
 [10.]
 [10.]
 [10.]
 [10.]
 [10.]
 [10.]
 [10.]
 [10.]
 [10.]
 [10.]
 [10.]
 [10.]
 [10.]
 [10.]
 [10.]
 [10.]
 [10.]
 [10.]
 [10.]
 [10.]
 [10.]
 [10.]
 [10.]
 [10.]
 [10.]
 [10.]
 [10.]
 [10.]
 [10.]
 [10.]
 [10.]
 [10.]
 [10.]
 [10.]
 [10.]
 [10.]
 [10.]
 [10.]
 [10.]
 [10.]
 [10.]
 [10.]
 [10.]
 [10.]
 [10.]
 [10.]
 [10.]
 [10.]
 [10.]
 [10.]
 [10.]
 [10.]
 [10.]
 [10.]
 [10.]
 [10.]
 [10.]
 [10.]
 [10.]
 [10.]
 [10.]]
RG: [[500.]
 [500.]
 [500.]
 [500.]
 [500.]
 [500.]
 [500.]
 [500.]
 [500.]
 [500.]
 [500.]
 [500.]
 [500.]
 [500.]
 [500.]
 [500.]
 [500.]
 [500.]
 [500.]
 [500.]
 [500.]
 [500.]
 [500.]
 [500.]
 [500.]
 [500.]
 [500.]
 [500.]
 [500.]
 [500.]
 [500.]
 [500.]
 [500.]
 [500.]
 [500.]
 [500.]
 [500.]
 [500.]
 [500.]
 [500.]
 [500.]
 [500.]
 [500.]
 [500.]
 [500.]
 [500.]
 [500.]
 [500.]
 [500.]
 [500.]
 [500.]
 [500.]
 [500.]
 [500.]
 [500.]
 [500.]
 [500.]
 [500.]
 [500.]
 [500.]
 [500.]
 [500.]
 [500.]
 [500.]
 [500.]
 [500.]
 [500.]
 [500.]
 [500.]
 [500.]
 [500.]
 [500.]
 [500.]
 [500.]
 [500.]
 [500.]
 [500.]
 [500.]
 [500.]
 [500.]
 [500.]
 [500.]
 [500.]
 [500.]
 [500.]
 [500.]
 [500.]
 [500.]
 [500.]
 [500.]
 [500.]
 [500.]
 [500.]
 [500.]
 [500.]
 [500.]
 [500.]
 [500.]
 [500.]
 [500.]]
Ch: [[2. 2. 2. 2. 2. 2. 2. 2. 2. 2. 2.]
 [2. 2. 2. 2. 2. 2. 2. 2. 2. 2. 2.]
 [2. 2. 2. 2. 2. 2. 2. 2. 2. 2. 2.]
 [2. 2. 2. 2. 2. 2. 2. 2. 2. 2. 2.]
 [2. 2. 2. 2. 2. 2. 2. 2. 2. 2. 2.]
 [2. 2. 2. 2. 2. 2. 2. 2. 2. 2. 2.]
 [2. 2. 2. 2. 2. 2. 2. 2. 2. 2. 2.]
 [2. 2. 2. 2. 2. 2. 2. 2. 2. 2. 2.]
 [2. 2. 2. 2. 2. 2. 2. 2. 2. 2. 2.]
 [2. 2. 2. 2. 2. 2. 2. 2. 2. 2. 2.]]
Cv: [[0. 0. 0. 0. 0. 0. 0. 0. 0. 0.]
 [2. 2. 2. 2. 2. 2. 2. 2. 2. 2.]
 [2. 2. 2. 2. 2. 2. 2. 2. 2. 2.]
 [2. 2. 2. 2. 2. 2. 2. 2. 2. 2.]
 [2. 2. 2. 2. 2. 2. 2. 2. 2. 2.]
 [2. 2. 2. 2. 2. 2. 2. 2. 2. 2.]
 [2. 2. 2. 2. 2. 2. 2. 2. 2. 2.]
 [2. 2. 2. 2. 2. 2. 2. 2. 2. 2.]
 [2. 2. 2. 2. 2. 2. 2. 2. 2. 2.]
 [2. 2. 2. 2. 2. 2. 2. 2. 2. 2.]]
Rh: [[ 9.05028232 12.15580485  5.33950147 13.97737064  6.55239955  7.24611679
   8.34810378  5.10569704  6.405589    5.67824579 11.59444588]
 [12.02133545  7.56705882  5.47927322  5.79427458  6.44773391  6.01509696
  12.25473835  9.44023444  9.04903307 11.49045409 12.5076018 ]
 [ 7.24950802  6.82094913 10.1631928   6.95080566  8.50989059 13.77266683
   7.40798042  9.42214767 14.9600066  13.35804277  5.98336521]
 [ 5.95191339 13.24072345  6.26082969  6.17526083  6.82250367  5.04459294
  11.05334262  5.19189246  8.83663    12.52829078  5.45967137]
 [14.6619098  10.24772968 13.15471344  5.03021676  6.02454927  8.36510961
   9.10347497  7.18276951  9.90269311  7.20737617  9.68710934]
 [10.61252068  5.41882309  5.87470115  6.11645731 14.40686056 11.85441711
  13.89893512  7.58108758  8.73217247  6.16764582  9.14237941]
 [ 6.80583349 10.22141511 12.90463008 10.32048122  5.04632279  9.18508308
   5.65152406 13.60938573 12.03413502  6.43844379 10.556503  ]
 [10.87989113 10.69149731  5.3755868   7.16332153  5.46933506  9.80817133
   8.84832078  5.1780189  14.77933099  6.94836847 11.08508245]
 [ 9.2680872   9.73489092 12.0237391  13.83787919  5.00850441  9.13178338
   6.38287159  7.60473308 12.20652231  5.08086844 11.04586538]
 [ 7.5009538  11.35266428 11.6804188   7.66677031 13.89574338 11.05846704
   7.75255553  6.41426388  5.67273826  7.24875128  7.20024501]]
Rv: [[ 6.56935345  5.82816949  5.38417719  5.65740428  5.63625322 14.35793675
  11.42921113  7.65053738 12.56589915  7.13014422]
 [ 6.88031582  6.7085235   6.5078408   7.99449464  9.66531138 10.79465983
   8.49437918 13.27788757  9.86052409 12.54176761]
 [10.21259806  9.64480238  6.26275601  8.57138585  5.50662473  5.19738175
   8.51611057 11.82288539 14.72623154 14.79845563]
 [ 8.37757258 10.03807125  5.77386652 12.58665965  9.06547765 14.8811835
  10.30210906  8.07713883  9.82103719  7.1285521 ]
 [13.19830591 12.10133792 12.04057292  6.41451578  6.620894   11.21115911
   9.52719763  7.22133773  8.48586796  6.10625792]
 [ 5.58564062  5.89519873  9.00699187  8.54909249  5.03850076 11.75522801
  11.68351675 10.26568366  8.8482933   6.47098404]
 [ 7.74714779  5.32519261  6.31661765  7.88848119  5.70771288  9.89283124
   6.05584709 11.13710152  6.48684731 10.88499904]
 [10.65927845  5.55391458 11.69065864  5.05811981  9.49714672 10.65020805
  11.4823763   9.89606979 12.69779867  9.24103741]
 [11.18223114  5.41336074 13.11108795  5.9199975   5.78177137  6.3508228
  13.74939496 12.91586444 11.24192029 13.83539013]]