-------Running parameters--------
T = 0.001
temperature_gradient = 0.0
gap = 0.2
M = 10
N = 10
VR = 0.0
Vmin = 0.0
Vmax = 1.2
vStep = 0.001
vSym = True
repeats = 20
fileName = array_10_10_disorder_c_std_1_r_std_5_run_2
dist = exp
fullOutput = True
use_graph = False
current_map = True
plot_current_map = False
plot_binary_current_map = False
frame_norm = False
dbg = False
resume = False
sc = True
leaping = False
constQ = False
modifyR = False
double_time = False
double_loop = False
output_folder = bgu_2d_superconducting_array
params_path = 
VG_avg = 0.0
VG_std = 0.0
C_avg = 2.0
C_std = 1.0
CG_avg = 10.0
CG_std = 0.0
R_avg = 10.0
R_std = 5.0
custom_rh = ""
custom_rv = ""
custom_ch = ""
custom_cv = ""
RG_avg = 500.0
RG_std = 0.0
n0_avg = 0.0
n0_std = 0.0
Q0_avg = 0.0
Q0_std = 0.0
----Array Parameters-----
Rows: 10
Columns: 10
VG: [[0.]
 [0.]
 [0.]
 [0.]
 [0.]
 [0.]
 [0.]
 [0.]
 [0.]
 [0.]
 [0.]
 [0.]
 [0.]
 [0.]
 [0.]
 [0.]
 [0.]
 [0.]
 [0.]
 [0.]
 [0.]
 [0.]
 [0.]
 [0.]
 [0.]
 [0.]
 [0.]
 [0.]
 [0.]
 [0.]
 [0.]
 [0.]
 [0.]
 [0.]
 [0.]
 [0.]
 [0.]
 [0.]
 [0.]
 [0.]
 [0.]
 [0.]
 [0.]
 [0.]
 [0.]
 [0.]
 [0.]
 [0.]
 [0.]
 [0.]
 [0.]
 [0.]
 [0.]
 [0.]
 [0.]
 [0.]
 [0.]
 [0.]
 [0.]
 [0.]
 [0.]
 [0.]
 [0.]
 [0.]
 [0.]
 [0.]
 [0.]
 [0.]
 [0.]
 [0.]
 [0.]
 [0.]
 [0.]
 [0.]
 [0.]
 [0.]
 [0.]
 [0.]
 [0.]
 [0.]
 [0.]
 [0.]
 [0.]
 [0.]
 [0.]
 [0.]
 [0.]
 [0.]
 [0.]
 [0.]
 [0.]
 [0.]
 [0.]
 [0.]
 [0.]
 [0.]
 [0.]
 [0.]
 [0.]
 [0.]]
CG: [[10.]
 [10.]
 [10.]
 [10.]
 [10.]
 [10.]
 [10.]
 [10.]
 [10.]
 [10.]
 [10.]
 [10.]
 [10.]
 [10.]
 [10.]
 [10.]
 [10.]
 [10.]
 [10.]
 [10.]
 [10.]
 [10.]
 [10.]
 [10.]
 [10.]
 [10.]
 [10.]
 [10.]
 [10.]
 [10.]
 [10.]
 [10.]
 [10.]
 [10.]
 [10.]
 [10.]
 [10.]
 [10.]
 [10.]
 [10.]
 [10.]
 [10.]
 [10.]
 [10.]
 [10.]
 [10.]
 [10.]
 [10.]
 [10.]
 [10.]
 [10.]
 [10.]
 [10.]
 [10.]
 [10.]
 [10.]
 [10.]
 [10.]
 [10.]
 [10.]
 [10.]
 [10.]
 [10.]
 [10.]
 [10.]
 [10.]
 [10.]
 [10.]
 [10.]
 [10.]
 [10.]
 [10.]
 [10.]
 [10.]
 [10.]
 [10.]
 [10.]
 [10.]
 [10.]
 [10.]
 [10.]
 [10.]
 [10.]
 [10.]
 [10.]
 [10.]
 [10.]
 [10.]
 [10.]
 [10.]
 [10.]
 [10.]
 [10.]
 [10.]
 [10.]
 [10.]
 [10.]
 [10.]
 [10.]
 [10.]]
RG: [[500.]
 [500.]
 [500.]
 [500.]
 [500.]
 [500.]
 [500.]
 [500.]
 [500.]
 [500.]
 [500.]
 [500.]
 [500.]
 [500.]
 [500.]
 [500.]
 [500.]
 [500.]
 [500.]
 [500.]
 [500.]
 [500.]
 [500.]
 [500.]
 [500.]
 [500.]
 [500.]
 [500.]
 [500.]
 [500.]
 [500.]
 [500.]
 [500.]
 [500.]
 [500.]
 [500.]
 [500.]
 [500.]
 [500.]
 [500.]
 [500.]
 [500.]
 [500.]
 [500.]
 [500.]
 [500.]
 [500.]
 [500.]
 [500.]
 [500.]
 [500.]
 [500.]
 [500.]
 [500.]
 [500.]
 [500.]
 [500.]
 [500.]
 [500.]
 [500.]
 [500.]
 [500.]
 [500.]
 [500.]
 [500.]
 [500.]
 [500.]
 [500.]
 [500.]
 [500.]
 [500.]
 [500.]
 [500.]
 [500.]
 [500.]
 [500.]
 [500.]
 [500.]
 [500.]
 [500.]
 [500.]
 [500.]
 [500.]
 [500.]
 [500.]
 [500.]
 [500.]
 [500.]
 [500.]
 [500.]
 [500.]
 [500.]
 [500.]
 [500.]
 [500.]
 [500.]
 [500.]
 [500.]
 [500.]
 [500.]]
Ch: [[1.73482447 2.36321746 1.1050244  2.77228377 1.3826205  1.33061231
  1.53442592 2.23973958 1.0482906  1.22575896 1.35424425]
 [2.45463771 2.77146542 1.11788541 2.79669451 1.37581092 2.16374445
  1.48274781 2.486244   1.4247924  2.45409756 1.06635906]
 [2.18439271 1.12102564 1.04147643 1.68218863 1.67837784 1.76233053
  1.84100553 1.98454632 1.66689322 1.93326303 1.12683688]
 [2.65059122 1.8180885  2.07801146 1.3715579  2.13004851 1.42714498
  2.87750306 1.86576833 1.75320725 1.41856931 1.67208459]
 [2.7519956  2.96229855 1.68209168 2.74153379 2.37206025 1.66517619
  1.43687102 2.61162767 2.10561915 1.5609405  2.7401543 ]
 [1.1101778  1.70351398 1.11670224 2.51541846 1.96644859 1.24035898
  1.50298755 2.7410827  1.74012336 1.81541144 2.04407421]
 [1.68261842 1.3602427  1.05530738 1.56193068 2.55388295 1.8397068
  1.71185558 1.01171477 1.24812529 1.71504282 2.80705477]
 [1.15941363 1.19966846 2.21864115 1.55505313 2.52011536 1.43665956
  1.16449653 1.81030387 1.20246049 1.88486174 1.05432554]
 [1.68508104 2.80013807 1.22593196 1.62836601 1.26337051 2.30265669
  2.48177812 2.05047651 1.78341381 2.99871354 1.14738344]
 [1.33214616 1.11334857 2.51614789 1.99379047 1.74367434 1.47295987
  2.3942912  1.52678258 1.69684253 2.34452582 1.85461395]]
Cv: [[0.         0.         0.         0.         0.         0.
  0.         0.         0.         0.        ]
 [2.13546641 1.61978523 1.53202241 2.87718719 1.91764937 1.97399541
  1.47304153 1.02119801 2.14949487 1.99226749]
 [1.02119229 1.59513773 1.848722   2.14108169 2.6835292  1.46630677
  1.53328876 2.93656762 1.83449129 1.46842546]
 [2.21795749 2.04833709 1.09997143 2.84904335 1.20135436 1.45382887
  1.33041755 1.12341534 2.03049295 1.94391077]
 [1.019235   2.49857842 1.80057055 1.67078839 1.23865997 2.16045266
  1.88434151 1.8093591  2.69726935 1.72377868]
 [1.87366282 1.69895883 1.6835491  2.18083733 1.16641592 1.3708055
  1.33911509 1.40249444 2.11159727 1.26241173]
 [1.67038094 2.70901927 2.1800467  2.74221964 1.22769601 2.55806912
  1.52237223 1.04947529 1.31910348 2.71494644]
 [1.56619288 1.03545395 1.30992899 1.48902536 1.44537496 1.73866365
  1.51684036 2.13203222 1.92677681 1.48833122]
 [1.21298166 1.55431031 1.44591011 1.31533429 2.13047006 2.97680801
  1.22061905 1.10295725 2.73091846 2.96105119]
 [1.97652173 2.38409739 2.43693876 2.84266994 1.3865426  1.28685261
  1.2632563  1.75613878 1.21960859 1.60696158]]
Rh: [[ 7.26858383 13.42984111 13.29121516  5.18122885 10.47059969  8.45253113
   8.92711445 11.76072985 13.65269789  6.73056158  6.64405491]
 [ 8.53088259  8.63383504  5.85112981 10.43893614 10.39712631  6.42974819
   5.90155044  6.57635542 13.07734388 12.37522563  6.39740325]
 [ 5.36032625  7.22314847 10.97019454  9.37122738  6.73937632 14.04557387
  12.74379494  6.59767538  7.53593963 11.29287391 12.75672351]
 [ 8.18652431  9.52374257 13.43704847  5.33940372  6.85286395 10.53951647
   9.48502401  8.31311027  5.05488997 10.67883892 13.71224545]
 [ 6.75926931  5.24315106 10.92948568  5.41158561  6.12521179 12.19149396
   9.18568533  6.24632035 12.51997681 11.39497069  6.36357318]
 [ 8.18535328  6.15863248  6.47874714  5.88270487 11.59972341  5.84238586
  14.21815883  9.40199575  8.52731029  5.78681024  8.46873461]
 [ 5.3784517   7.5004927   6.09777664 12.59421862 10.13599234  9.27104115
  13.3056735  10.17145315 12.26678651  6.7785832   5.25553873]
 [11.48168447  5.08867358  8.18527797 10.57637172  5.43250909  8.81096603
   6.58828948 13.27726535  9.12100963 11.34626695 10.11202589]
 [13.09020583  9.0266616  14.18624874  5.57150289 13.22149849  5.44474481
  10.15656444  9.24903281  5.2399774   8.99170929  5.09383355]
 [ 5.93966417  5.26312428  7.26707026 11.31217179  9.16205397  5.18527665
   8.56568514 13.40779894  6.30452649  6.08137459 13.96781758]]
Rv: [[14.8111569   6.34924383 12.16797883 10.25638402 11.30089532  7.33942768
   5.32095996  9.54200689 10.70036968  8.6247228 ]
 [13.27085197  8.26360963 12.33665291  8.41328135 11.435924    9.4636859
   5.75306609 14.84862634  7.60896283  5.35032874]
 [ 9.93261603 11.43710069  6.51604688 10.88785566  8.5281178   6.58097641
   7.68830955  7.05038951 13.39325918 13.88042105]
 [ 5.68673732 12.32547686  5.31878564 10.36854085 12.13863099  7.12579955
   9.34762577  8.33387915 14.67363136 10.03171075]
 [11.07487036  8.62606703  9.54932447  9.30229888  5.23745539  6.57349803
   5.58406021  5.63856462  5.7257393   8.31113628]
 [ 9.57712647  6.69570123  7.20409716 12.32336548  7.86194963 12.07112484
  13.3765407  14.53109228 10.40282076  8.27644254]
 [14.61921452 10.12007575  7.68156084  5.3647437   7.21304193  9.43519953
   8.45361635 10.17889999  6.50130783  5.14515595]
 [ 6.15355812  8.39757383  5.71581217  7.80090998 12.20275478  9.13933673
  10.60616092 10.43288416 13.92746575 11.54473622]
 [ 7.41142332  9.43313733  9.37954716  9.53314599 13.52723241  5.69277287
   5.06485754  7.21173353  8.42547301  5.12518074]]