-------Running parameters--------
T = 0.001
temperature_gradient = 0.0
gap = 0.2
M = 10
N = 10
VR = 0.0
Vmin = 0.0
Vmax = 1.2
vStep = 0.001
vSym = True
repeats = 20
fileName = array_10_10_disorder_c_std_0.5_r_std_1_run_2
dist = exp
fullOutput = True
use_graph = False
current_map = True
plot_current_map = False
plot_binary_current_map = False
frame_norm = False
dbg = False
resume = False
sc = True
leaping = False
constQ = False
modifyR = False
double_time = False
double_loop = False
output_folder = bgu_2d_superconducting_array
params_path = 
VG_avg = 0.0
VG_std = 0.0
C_avg = 2.0
C_std = 0.5
CG_avg = 10.0
CG_std = 0.0
R_avg = 10.0
R_std = 1.0
custom_rh = ""
custom_rv = ""
custom_ch = ""
custom_cv = ""
RG_avg = 500.0
RG_std = 0.0
n0_avg = 0.0
n0_std = 0.0
Q0_avg = 0.0
Q0_std = 0.0
----Array Parameters-----
Rows: 10
Columns: 10
VG: [[0.]
 [0.]
 [0.]
 [0.]
 [0.]
 [0.]
 [0.]
 [0.]
 [0.]
 [0.]
 [0.]
 [0.]
 [0.]
 [0.]
 [0.]
 [0.]
 [0.]
 [0.]
 [0.]
 [0.]
 [0.]
 [0.]
 [0.]
 [0.]
 [0.]
 [0.]
 [0.]
 [0.]
 [0.]
 [0.]
 [0.]
 [0.]
 [0.]
 [0.]
 [0.]
 [0.]
 [0.]
 [0.]
 [0.]
 [0.]
 [0.]
 [0.]
 [0.]
 [0.]
 [0.]
 [0.]
 [0.]
 [0.]
 [0.]
 [0.]
 [0.]
 [0.]
 [0.]
 [0.]
 [0.]
 [0.]
 [0.]
 [0.]
 [0.]
 [0.]
 [0.]
 [0.]
 [0.]
 [0.]
 [0.]
 [0.]
 [0.]
 [0.]
 [0.]
 [0.]
 [0.]
 [0.]
 [0.]
 [0.]
 [0.]
 [0.]
 [0.]
 [0.]
 [0.]
 [0.]
 [0.]
 [0.]
 [0.]
 [0.]
 [0.]
 [0.]
 [0.]
 [0.]
 [0.]
 [0.]
 [0.]
 [0.]
 [0.]
 [0.]
 [0.]
 [0.]
 [0.]
 [0.]
 [0.]
 [0.]]
CG: [[10.]
 [10.]
 [10.]
 [10.]
 [10.]
 [10.]
 [10.]
 [10.]
 [10.]
 [10.]
 [10.]
 [10.]
 [10.]
 [10.]
 [10.]
 [10.]
 [10.]
 [10.]
 [10.]
 [10.]
 [10.]
 [10.]
 [10.]
 [10.]
 [10.]
 [10.]
 [10.]
 [10.]
 [10.]
 [10.]
 [10.]
 [10.]
 [10.]
 [10.]
 [10.]
 [10.]
 [10.]
 [10.]
 [10.]
 [10.]
 [10.]
 [10.]
 [10.]
 [10.]
 [10.]
 [10.]
 [10.]
 [10.]
 [10.]
 [10.]
 [10.]
 [10.]
 [10.]
 [10.]
 [10.]
 [10.]
 [10.]
 [10.]
 [10.]
 [10.]
 [10.]
 [10.]
 [10.]
 [10.]
 [10.]
 [10.]
 [10.]
 [10.]
 [10.]
 [10.]
 [10.]
 [10.]
 [10.]
 [10.]
 [10.]
 [10.]
 [10.]
 [10.]
 [10.]
 [10.]
 [10.]
 [10.]
 [10.]
 [10.]
 [10.]
 [10.]
 [10.]
 [10.]
 [10.]
 [10.]
 [10.]
 [10.]
 [10.]
 [10.]
 [10.]
 [10.]
 [10.]
 [10.]
 [10.]
 [10.]]
RG: [[500.]
 [500.]
 [500.]
 [500.]
 [500.]
 [500.]
 [500.]
 [500.]
 [500.]
 [500.]
 [500.]
 [500.]
 [500.]
 [500.]
 [500.]
 [500.]
 [500.]
 [500.]
 [500.]
 [500.]
 [500.]
 [500.]
 [500.]
 [500.]
 [500.]
 [500.]
 [500.]
 [500.]
 [500.]
 [500.]
 [500.]
 [500.]
 [500.]
 [500.]
 [500.]
 [500.]
 [500.]
 [500.]
 [500.]
 [500.]
 [500.]
 [500.]
 [500.]
 [500.]
 [500.]
 [500.]
 [500.]
 [500.]
 [500.]
 [500.]
 [500.]
 [500.]
 [500.]
 [500.]
 [500.]
 [500.]
 [500.]
 [500.]
 [500.]
 [500.]
 [500.]
 [500.]
 [500.]
 [500.]
 [500.]
 [500.]
 [500.]
 [500.]
 [500.]
 [500.]
 [500.]
 [500.]
 [500.]
 [500.]
 [500.]
 [500.]
 [500.]
 [500.]
 [500.]
 [500.]
 [500.]
 [500.]
 [500.]
 [500.]
 [500.]
 [500.]
 [500.]
 [500.]
 [500.]
 [500.]
 [500.]
 [500.]
 [500.]
 [500.]
 [500.]
 [500.]
 [500.]
 [500.]
 [500.]
 [500.]]
Ch: [[1.80576107 1.82563804 1.90158715 2.4284683  2.09415656 2.08262899
  1.8751234  2.3752582  1.82928639 2.29106339 1.8993849 ]
 [2.29630706 1.68316667 1.5137678  1.59055486 1.51396316 1.82288531
  2.41006678 1.70556634 1.52365257 1.87087621 2.24684995]
 [1.60142819 2.29563817 1.91791159 2.00964439 1.7309307  1.66375317
  1.64170204 2.28207057 2.4293014  2.02283928 1.69090845]
 [2.15196038 1.57472455 2.17052195 1.62212672 2.44394293 1.77559212
  2.09536408 1.88641964 1.62795647 1.54539296 2.08701757]
 [1.68678554 1.68366624 1.95189994 2.08237742 1.55238161 2.18413748
  2.2403598  1.79645207 2.31275987 1.74838546 2.12590882]
 [2.11085344 1.99838972 1.66112109 2.07815184 2.47081732 1.53863038
  2.3056441  2.1275663  2.08623481 1.80948683 1.59589121]
 [2.05525724 2.00609251 1.66357716 1.618573   2.24780741 2.28788115
  2.27636217 1.69853256 1.80063437 2.47567227 2.26130046]
 [2.10435067 1.62126617 1.61182921 1.98801988 1.73353524 2.34668082
  2.31930104 1.85754343 2.44919601 2.21645098 2.44239284]
 [1.61134595 2.05814156 2.47500253 2.02324114 1.54800424 1.67825313
  2.02074452 2.04062306 1.78301389 1.62770815 1.97511083]
 [1.99147231 1.50888408 1.76433946 1.69780573 1.91693865 2.41103517
  1.64223711 2.0380558  1.895338   1.51977679 2.21971004]]
Cv: [[0.         0.         0.         0.         0.         0.
  0.         0.         0.         0.        ]
 [2.17004712 2.38912251 1.80139974 2.40742913 2.33310854 1.78063599
  2.44478761 1.62609376 1.74199994 2.05549413]
 [1.73974986 1.85940809 2.12237631 2.29679682 2.45816161 1.74952929
  1.66147247 1.58621843 2.03211442 2.40763251]
 [1.53130362 2.08112686 1.71104612 2.34536804 2.11895449 1.71504794
  2.2139048  1.55573999 1.58310297 1.63728682]
 [1.94271163 1.85695925 1.60275038 1.98026967 2.24066708 1.87995985
  2.0622842  1.94310154 1.76372371 2.44696405]
 [1.95608499 1.76994742 2.01930926 1.87480928 1.59133681 2.25659636
  1.64582386 1.56726485 1.77231905 2.39789754]
 [1.58081906 2.06904481 2.42346373 2.23264158 2.3898017  1.53908652
  1.99401747 1.59643293 2.46681359 1.74832468]
 [1.6771358  1.98410722 1.96056296 2.18351544 2.03224946 2.13106582
  1.55038485 1.59902686 1.78562414 1.57383829]
 [1.67708907 2.22432958 1.70992489 2.04452772 2.01527169 2.35967252
  2.43300327 2.15490612 2.37804754 1.74716782]
 [2.46741056 1.80556787 2.42517976 2.09750176 1.5957547  2.07580251
  1.82113766 2.06489931 1.91093214 1.57349864]]
Rh: [[ 9.08759498 10.31366792 10.14150144 10.61151576 10.35435543  9.60124813
  10.24431069  9.0306761   9.53721674 10.94022708  9.57941605]
 [ 9.02191187 10.0433931   9.77227435  9.73677409  9.85963959  9.5193169
   9.78400257  9.72217212  9.7564764  10.39254123 10.69055135]
 [ 9.95026148 10.18430862  9.53111628  9.64898209  9.42709231 10.07346273
  10.22140099 10.19162198  9.44306673  9.77955814 10.38712905]
 [ 9.74457216  9.97184135 10.01133094  9.78069296  9.89950829 10.05190748
  10.86933915 10.00180719 10.03535991 10.28967237 10.4042727 ]
 [ 9.63256307 10.9788506   9.41795885 10.49514405  9.26373628  9.93905236
   9.44310739  9.03483583 10.62747019 10.44380975  9.52131862]
 [ 9.50108622  9.41494118 10.72329097  9.49633485 10.81607239  9.29791337
   9.09125825  9.93533552  9.33676024 10.22426531  9.2721241 ]
 [ 9.67737954 10.52860437  9.23162048  9.74808075  9.96242313 10.05756088
   9.83045419 10.90806461  9.1780297  10.7225183  10.09112076]
 [ 9.54363815 10.19829865  9.0566128  10.51285984 10.94242792 10.491203
   9.00626398  9.20542129 10.96443698 10.06469536 10.33927408]
 [ 9.10569811  9.4434431   9.08298028 10.70473396  9.64400553  9.91254031
  10.95018377 10.05877842 10.34303712 10.68633456  9.38058937]
 [ 9.6781172   9.0693602   9.63719563  9.77399841  9.5975729  10.25115208
  10.96192031 10.36500228  9.51203002 10.51713583 10.71907792]]
Rv: [[10.75941543 10.3232548  10.36588705  9.22431522  9.7528398  10.31234552
  10.55115891 10.6471917   9.71153146  9.8575084 ]
 [10.84029082 10.25416247 10.43769238 10.57188043  9.34785932 10.40310083
   9.17319427  9.17003787 10.32280855 10.98736442]
 [10.72090359 10.71613027 10.50895039  9.15589063 10.54268835  9.54519785
   9.67622824  9.78138253 10.54509082 10.60168712]
 [10.32242706 10.82323279  9.11232505 10.35571845 10.7806667   9.26413373
  10.18205356  9.79458662 10.72143991  9.8259484 ]
 [ 9.48389598  9.71949907 10.20054711  9.5824939   9.36850736 10.50625642
  10.10820695  9.19173276 10.8960945   9.55834372]
 [ 9.90659749 10.02898388 10.27074092 10.06774254 10.56481496 10.34109421
   9.78070978  9.90120679  9.03711121  9.51719111]
 [ 9.62249619 10.015936   10.23444297  9.98883518  9.69001232  9.20782616
   9.34597608 10.43016722 10.31244382  9.33877614]
 [ 9.75408283 10.49937544 10.6894464   9.46372944  9.21973171 10.17275791
  10.62880744 10.74765129 10.52571692 10.97108887]
 [ 9.26480564 10.6167869  10.89387646 10.57183641  9.9615971  10.61871751
   9.31896894  9.70746445  9.7762041   9.73615188]]