-------Running parameters--------
T = 0.001
temperature_gradient = 0.0
gap = 0.2
M = 10
N = 10
VR = 0.0
Vmin = 0.0
Vmax = 1.2
vStep = 0.001
vSym = True
repeats = 20
fileName = array_10_10_disorder_c_std_1_r_std_9_run_5
dist = exp
fullOutput = True
use_graph = False
current_map = True
plot_current_map = False
plot_binary_current_map = False
frame_norm = False
dbg = False
resume = False
sc = True
leaping = False
constQ = False
modifyR = False
double_time = False
double_loop = False
output_folder = bgu_2d_superconducting_array
params_path = 
VG_avg = 0.0
VG_std = 0.0
C_avg = 2.0
C_std = 1.0
CG_avg = 10.0
CG_std = 0.0
R_avg = 10.0
R_std = 9.0
custom_rh = ""
custom_rv = ""
custom_ch = ""
custom_cv = ""
RG_avg = 500.0
RG_std = 0.0
n0_avg = 0.0
n0_std = 0.0
Q0_avg = 0.0
Q0_std = 0.0
----Array Parameters-----
Rows: 10
Columns: 10
VG: [[0.]
 [0.]
 [0.]
 [0.]
 [0.]
 [0.]
 [0.]
 [0.]
 [0.]
 [0.]
 [0.]
 [0.]
 [0.]
 [0.]
 [0.]
 [0.]
 [0.]
 [0.]
 [0.]
 [0.]
 [0.]
 [0.]
 [0.]
 [0.]
 [0.]
 [0.]
 [0.]
 [0.]
 [0.]
 [0.]
 [0.]
 [0.]
 [0.]
 [0.]
 [0.]
 [0.]
 [0.]
 [0.]
 [0.]
 [0.]
 [0.]
 [0.]
 [0.]
 [0.]
 [0.]
 [0.]
 [0.]
 [0.]
 [0.]
 [0.]
 [0.]
 [0.]
 [0.]
 [0.]
 [0.]
 [0.]
 [0.]
 [0.]
 [0.]
 [0.]
 [0.]
 [0.]
 [0.]
 [0.]
 [0.]
 [0.]
 [0.]
 [0.]
 [0.]
 [0.]
 [0.]
 [0.]
 [0.]
 [0.]
 [0.]
 [0.]
 [0.]
 [0.]
 [0.]
 [0.]
 [0.]
 [0.]
 [0.]
 [0.]
 [0.]
 [0.]
 [0.]
 [0.]
 [0.]
 [0.]
 [0.]
 [0.]
 [0.]
 [0.]
 [0.]
 [0.]
 [0.]
 [0.]
 [0.]
 [0.]]
CG: [[10.]
 [10.]
 [10.]
 [10.]
 [10.]
 [10.]
 [10.]
 [10.]
 [10.]
 [10.]
 [10.]
 [10.]
 [10.]
 [10.]
 [10.]
 [10.]
 [10.]
 [10.]
 [10.]
 [10.]
 [10.]
 [10.]
 [10.]
 [10.]
 [10.]
 [10.]
 [10.]
 [10.]
 [10.]
 [10.]
 [10.]
 [10.]
 [10.]
 [10.]
 [10.]
 [10.]
 [10.]
 [10.]
 [10.]
 [10.]
 [10.]
 [10.]
 [10.]
 [10.]
 [10.]
 [10.]
 [10.]
 [10.]
 [10.]
 [10.]
 [10.]
 [10.]
 [10.]
 [10.]
 [10.]
 [10.]
 [10.]
 [10.]
 [10.]
 [10.]
 [10.]
 [10.]
 [10.]
 [10.]
 [10.]
 [10.]
 [10.]
 [10.]
 [10.]
 [10.]
 [10.]
 [10.]
 [10.]
 [10.]
 [10.]
 [10.]
 [10.]
 [10.]
 [10.]
 [10.]
 [10.]
 [10.]
 [10.]
 [10.]
 [10.]
 [10.]
 [10.]
 [10.]
 [10.]
 [10.]
 [10.]
 [10.]
 [10.]
 [10.]
 [10.]
 [10.]
 [10.]
 [10.]
 [10.]
 [10.]]
RG: [[500.]
 [500.]
 [500.]
 [500.]
 [500.]
 [500.]
 [500.]
 [500.]
 [500.]
 [500.]
 [500.]
 [500.]
 [500.]
 [500.]
 [500.]
 [500.]
 [500.]
 [500.]
 [500.]
 [500.]
 [500.]
 [500.]
 [500.]
 [500.]
 [500.]
 [500.]
 [500.]
 [500.]
 [500.]
 [500.]
 [500.]
 [500.]
 [500.]
 [500.]
 [500.]
 [500.]
 [500.]
 [500.]
 [500.]
 [500.]
 [500.]
 [500.]
 [500.]
 [500.]
 [500.]
 [500.]
 [500.]
 [500.]
 [500.]
 [500.]
 [500.]
 [500.]
 [500.]
 [500.]
 [500.]
 [500.]
 [500.]
 [500.]
 [500.]
 [500.]
 [500.]
 [500.]
 [500.]
 [500.]
 [500.]
 [500.]
 [500.]
 [500.]
 [500.]
 [500.]
 [500.]
 [500.]
 [500.]
 [500.]
 [500.]
 [500.]
 [500.]
 [500.]
 [500.]
 [500.]
 [500.]
 [500.]
 [500.]
 [500.]
 [500.]
 [500.]
 [500.]
 [500.]
 [500.]
 [500.]
 [500.]
 [500.]
 [500.]
 [500.]
 [500.]
 [500.]
 [500.]
 [500.]
 [500.]
 [500.]]
Ch: [[2.36273329 1.95272759 1.28261135 2.40613212 2.64801417 1.62941398
  2.32997498 2.35611638 2.73019073 1.63761532 1.05265721]
 [1.17048238 1.63404073 1.44507677 1.36529919 1.01703944 2.06960887
  1.28091378 2.50222901 1.8791448  1.76626232 2.98657611]
 [2.24897962 1.8759482  2.95110698 2.37225564 1.07255151 2.88850293
  2.97456745 1.10284912 1.14065408 1.12549632 2.83106255]
 [2.25623564 2.92513487 1.78747892 1.16280711 2.38122743 2.32448293
  2.88839456 1.22469462 1.4110438  1.20736764 2.17752854]
 [2.15226938 2.69770774 1.67737454 2.9241996  1.22891367 2.54247896
  1.97820445 1.09558081 2.77169714 1.4962489  1.2912113 ]
 [1.08369323 1.78830144 1.7476352  1.72700985 1.25473527 2.38715777
  2.67807911 2.38729268 1.1873792  2.72004726 2.63946776]
 [2.36589509 1.0823858  1.82759953 1.7668011  2.33220018 2.15478468
  1.6623991  2.58433371 1.56427921 1.17610342 1.36091511]
 [1.29526243 1.14311353 1.33929721 1.72816799 2.347882   1.4199921
  1.89786112 2.20970137 1.07872692 2.14047712 2.67953957]
 [1.00140728 1.36112352 1.35527497 1.98303792 1.24078136 1.86900266
  2.07188041 1.44156632 1.32475556 2.42049202 1.20473713]
 [1.45741465 1.05540483 2.59431597 1.04958443 1.46158621 1.87611106
  2.62103706 1.96347616 1.06011406 1.34503903 2.55125029]]
Cv: [[0.         0.         0.         0.         0.         0.
  0.         0.         0.         0.        ]
 [1.34162124 2.00916967 1.88670511 1.53470219 1.44872045 1.8111593
  1.71025951 2.77789613 1.12976887 1.72193302]
 [1.03208369 1.09052119 1.48873232 1.10698848 2.59111798 2.367394
  1.100361   1.88978475 2.02439931 2.0157169 ]
 [1.05492524 1.51131951 1.0793708  2.47028531 1.88133662 2.73283177
  1.2381096  1.15903568 1.6356502  1.43772855]
 [1.43196423 2.88729248 1.64328509 1.12968586 2.37229431 2.81834878
  1.54630176 2.64165583 1.04641958 2.46589403]
 [2.36149239 1.10117441 1.05534901 1.68243361 2.91830017 1.23449521
  1.36230612 1.376654   2.32419164 1.4054619 ]
 [1.78826542 1.2159431  1.55664658 1.03836694 1.37779057 2.34916818
  2.74769393 1.00008932 1.50280752 2.83327342]
 [2.46840847 1.80711151 1.56309244 2.43069908 1.02509259 2.61976341
  1.78984755 1.54710311 1.91928737 2.91961139]
 [1.54522044 1.25045443 1.54563869 1.0018895  2.17623842 1.96853589
  1.25349462 1.20387775 1.97984314 1.10765027]
 [2.66244241 2.60927149 1.26735483 2.84187958 1.97941583 2.43846259
  1.40568499 2.53204527 1.02017067 2.43737183]]
Rh: [[16.62028434  3.87150685 17.85560745  2.43874955  4.23625298  9.89353283
   7.70649127 18.73145628  2.61305198  4.42551455 14.30914152]
 [12.51845451 17.87561977  1.50952811  2.49043103  7.32069096  2.17846054
   8.34095787 15.36650698 16.82149426  5.87916559 11.9287353 ]
 [15.6253026   1.6975978  15.83868672  1.06459752  9.04784872 13.49407403
  11.33645049  2.63717862  2.71881013  6.317473    5.35451158]
 [ 1.02171221 16.16618325  1.4945352   3.38455945  2.07750347  1.53619073
   3.21032702 15.43701444  1.64604706  5.42600599 16.99496998]
 [ 4.51519121  3.57070841 14.43287771  1.25708061 12.79742355  6.19840604
  14.51460742 11.96351898  1.44045716  3.56447969  1.93369237]
 [10.51483258 12.9926208   1.21365398  2.10427286  5.25599009 15.1730336
  14.62757897  6.09016378  7.69012772  7.80734003  8.1509521 ]
 [ 1.15538451  5.32077292  2.22659507 13.04788231  1.48455525  3.97733398
   1.14637484  2.58587431  4.72411898  9.85338593  2.00466788]
 [ 1.18971219 11.60367765  1.6130702   2.25779216  1.94647515 14.60974043
  11.22033794 13.72616868  1.75203744  4.15758739  7.73995078]
 [ 1.71282788  3.22872805 10.60276125  5.06065934 17.94123015 10.59585941
  18.86561977  2.01432439  1.11157357 16.4957109  10.05988576]
 [ 5.78103448  4.43281024  2.16907495  8.60136312  3.97826287  7.73877071
   1.52736137  6.26699368 18.45043957  3.17980663 13.4956848 ]]
Rv: [[ 5.47833596  1.68974678  2.27074474  2.73434316  7.4679102   1.51022259
   4.51531004  4.08843739  5.25978169 16.82479405]
 [14.77217155  1.74027021 16.58817338  2.01929829 12.68405702  2.56591938
   1.45672222  1.49096171  9.79811276 10.89014865]
 [ 6.38687431  6.80406626  3.84867208  1.11767246  4.51903308 13.06708008
   9.12610285 10.1620594   2.78431888  2.08544011]
 [ 1.3153126   5.53130732  2.23035858  1.25039418 11.05053431  2.2195023
   1.19646107  5.2688046   2.08433828  6.10966669]
 [16.9071992   6.279367    2.98213222  3.07494599 13.69783907  1.58914407
   2.94739641  5.85270924  1.52186967  2.26361724]
 [ 1.10824891 11.04187518 12.16372216  4.72784203  1.97989227  2.55589612
   9.11309182  3.89836524  2.17834962  7.98414266]
 [16.22208283  1.83488676  4.43827856  4.55042551  3.00022823  2.39114361
   1.28725998  1.2712563   1.14347126  5.79173472]
 [14.44183736  2.59253203  5.7824341   7.098364   11.53922736 14.0143679
   3.19518706  3.66899633 13.58244342  1.60920287]
 [ 3.86088895  5.16932398  3.79854687  5.40792878  2.96274532  9.49358646
   1.98024677  4.67203024  9.25293222 12.78445334]]