-------Running parameters--------
T = 0.001
temperature_gradient = 0.0
gap = 0.2
M = 10
N = 10
VR = 0.0
Vmin = 0.0
Vmax = 1.2
vStep = 0.001
vSym = True
repeats = 20
fileName = array_10_10_disorder_c_std_1_r_std_9_run_1
dist = exp
fullOutput = True
use_graph = False
current_map = True
plot_current_map = False
plot_binary_current_map = False
frame_norm = False
dbg = False
resume = False
sc = True
leaping = False
constQ = False
modifyR = False
double_time = False
double_loop = False
output_folder = bgu_2d_superconducting_array
params_path = 
VG_avg = 0.0
VG_std = 0.0
C_avg = 2.0
C_std = 1.0
CG_avg = 10.0
CG_std = 0.0
R_avg = 10.0
R_std = 9.0
custom_rh = ""
custom_rv = ""
custom_ch = ""
custom_cv = ""
RG_avg = 500.0
RG_std = 0.0
n0_avg = 0.0
n0_std = 0.0
Q0_avg = 0.0
Q0_std = 0.0
----Array Parameters-----
Rows: 10
Columns: 10
VG: [[0.]
 [0.]
 [0.]
 [0.]
 [0.]
 [0.]
 [0.]
 [0.]
 [0.]
 [0.]
 [0.]
 [0.]
 [0.]
 [0.]
 [0.]
 [0.]
 [0.]
 [0.]
 [0.]
 [0.]
 [0.]
 [0.]
 [0.]
 [0.]
 [0.]
 [0.]
 [0.]
 [0.]
 [0.]
 [0.]
 [0.]
 [0.]
 [0.]
 [0.]
 [0.]
 [0.]
 [0.]
 [0.]
 [0.]
 [0.]
 [0.]
 [0.]
 [0.]
 [0.]
 [0.]
 [0.]
 [0.]
 [0.]
 [0.]
 [0.]
 [0.]
 [0.]
 [0.]
 [0.]
 [0.]
 [0.]
 [0.]
 [0.]
 [0.]
 [0.]
 [0.]
 [0.]
 [0.]
 [0.]
 [0.]
 [0.]
 [0.]
 [0.]
 [0.]
 [0.]
 [0.]
 [0.]
 [0.]
 [0.]
 [0.]
 [0.]
 [0.]
 [0.]
 [0.]
 [0.]
 [0.]
 [0.]
 [0.]
 [0.]
 [0.]
 [0.]
 [0.]
 [0.]
 [0.]
 [0.]
 [0.]
 [0.]
 [0.]
 [0.]
 [0.]
 [0.]
 [0.]
 [0.]
 [0.]
 [0.]]
CG: [[10.]
 [10.]
 [10.]
 [10.]
 [10.]
 [10.]
 [10.]
 [10.]
 [10.]
 [10.]
 [10.]
 [10.]
 [10.]
 [10.]
 [10.]
 [10.]
 [10.]
 [10.]
 [10.]
 [10.]
 [10.]
 [10.]
 [10.]
 [10.]
 [10.]
 [10.]
 [10.]
 [10.]
 [10.]
 [10.]
 [10.]
 [10.]
 [10.]
 [10.]
 [10.]
 [10.]
 [10.]
 [10.]
 [10.]
 [10.]
 [10.]
 [10.]
 [10.]
 [10.]
 [10.]
 [10.]
 [10.]
 [10.]
 [10.]
 [10.]
 [10.]
 [10.]
 [10.]
 [10.]
 [10.]
 [10.]
 [10.]
 [10.]
 [10.]
 [10.]
 [10.]
 [10.]
 [10.]
 [10.]
 [10.]
 [10.]
 [10.]
 [10.]
 [10.]
 [10.]
 [10.]
 [10.]
 [10.]
 [10.]
 [10.]
 [10.]
 [10.]
 [10.]
 [10.]
 [10.]
 [10.]
 [10.]
 [10.]
 [10.]
 [10.]
 [10.]
 [10.]
 [10.]
 [10.]
 [10.]
 [10.]
 [10.]
 [10.]
 [10.]
 [10.]
 [10.]
 [10.]
 [10.]
 [10.]
 [10.]]
RG: [[500.]
 [500.]
 [500.]
 [500.]
 [500.]
 [500.]
 [500.]
 [500.]
 [500.]
 [500.]
 [500.]
 [500.]
 [500.]
 [500.]
 [500.]
 [500.]
 [500.]
 [500.]
 [500.]
 [500.]
 [500.]
 [500.]
 [500.]
 [500.]
 [500.]
 [500.]
 [500.]
 [500.]
 [500.]
 [500.]
 [500.]
 [500.]
 [500.]
 [500.]
 [500.]
 [500.]
 [500.]
 [500.]
 [500.]
 [500.]
 [500.]
 [500.]
 [500.]
 [500.]
 [500.]
 [500.]
 [500.]
 [500.]
 [500.]
 [500.]
 [500.]
 [500.]
 [500.]
 [500.]
 [500.]
 [500.]
 [500.]
 [500.]
 [500.]
 [500.]
 [500.]
 [500.]
 [500.]
 [500.]
 [500.]
 [500.]
 [500.]
 [500.]
 [500.]
 [500.]
 [500.]
 [500.]
 [500.]
 [500.]
 [500.]
 [500.]
 [500.]
 [500.]
 [500.]
 [500.]
 [500.]
 [500.]
 [500.]
 [500.]
 [500.]
 [500.]
 [500.]
 [500.]
 [500.]
 [500.]
 [500.]
 [500.]
 [500.]
 [500.]
 [500.]
 [500.]
 [500.]
 [500.]
 [500.]
 [500.]]
Ch: [[2.21178646 1.95798081 1.34503665 2.36590725 1.65094848 2.320872
  2.60361798 1.89135835 2.46275933 1.35137179 2.91292517]
 [1.61196791 2.13331665 2.57382171 1.68775505 1.96796842 2.32572315
  2.9859585  1.16643648 1.86649054 1.57152338 1.41110321]
 [2.87204196 1.58945718 1.57125797 2.94171076 1.23418254 1.1648241
  1.11928477 1.63601446 2.19910561 1.84843249 1.95465734]
 [1.09867559 1.64123366 1.18485564 1.71450678 1.37656061 1.09224546
  1.30357731 2.2853461  1.4160903  1.41409169 1.13140043]
 [1.1476638  1.41001256 1.67850421 1.20939367 2.87447144 1.00482732
  2.99532532 1.17081332 2.23998544 1.57935258 1.30280567]
 [1.32980623 1.64910128 1.63634438 2.85120349 1.94098352 1.33466967
  2.7404249  2.64959362 1.03009465 2.94510485 1.11187521]
 [2.53114725 2.56704125 2.10270629 1.64972563 2.43081382 2.2823544
  1.11216036 1.79269254 1.30315843 2.06660259 1.76881129]
 [1.58263395 1.42184112 2.66515164 2.87317775 2.43477327 1.847209
  1.17546928 2.76368469 2.03342417 1.78839025 1.30805088]
 [1.23303193 1.73581505 1.26037744 1.8212673  2.58801286 1.16667459
  2.48719544 2.58352284 1.22391059 1.32313735 1.83213875]
 [1.00497349 2.55663605 1.69144904 1.00266581 1.74176761 1.94831753
  1.97558304 1.81530039 2.44795961 1.1758596  1.04295193]]
Cv: [[0.         0.         0.         0.         0.         0.
  0.         0.         0.         0.        ]
 [1.69090732 2.85432098 1.29205326 1.82022372 1.86371547 2.9012254
  1.22486042 2.1230804  2.44189056 1.12928476]
 [2.34276162 1.25266109 2.46740606 2.76521775 1.25824074 1.05170126
  1.04604546 1.58707736 1.14586175 1.57226984]
 [2.72448013 1.47022399 2.27781187 2.16254804 2.93358506 2.21382349
  2.46740969 1.15951719 2.37932391 1.86426371]
 [2.29963282 2.89154656 1.14835931 2.02125838 2.50472013 2.12256976
  1.64966046 1.03994194 1.13497686 1.88823308]
 [2.98535028 2.08189177 2.26090041 2.87889888 1.17375992 2.44706708
  2.01860039 1.16078681 1.07711775 1.46470875]
 [1.49030573 2.41855414 1.57623488 2.7571655  1.82393522 2.01284386
  1.86685432 1.01050436 1.24301683 1.13892292]
 [1.8909266  2.00133851 1.0767778  2.10653639 2.07937666 1.64536296
  2.28497043 1.25910057 1.84342629 2.8374919 ]
 [2.38115548 1.12759678 1.90676819 1.73967173 1.6176786  2.66771325
  2.46552411 2.74556442 2.4317873  1.70307377]
 [2.29862687 1.2269173  2.30454844 1.72506327 1.08562236 2.23485679
  1.81905365 1.5112769  1.01305169 2.95247537]]
Rh: [[ 1.13900283  8.02932704  2.84966241  3.66378612 17.94406161  6.61682648
   8.71840192  5.15954975  1.57793735  1.44156292  5.81000579]
 [ 3.31785419 11.23876069  3.6031771   5.81058138 17.08672673  1.85130057
   2.82894402  2.97306097  5.52830361  1.6188668   1.31608001]
 [ 1.64403682  1.06735072  1.01382293  1.47584131 13.409155    5.68041429
   4.80128185  3.86802109 17.30458558  2.14483037  1.8583764 ]
 [ 9.30062012  1.33735113  3.80744199 13.05297679  9.0171381   3.29717051
   3.27269964 11.14399806 16.4761632   2.11023973  5.05539625]
 [ 6.26747215 10.34080079  1.48872617  1.38643473  4.15698502  2.64661555
   5.04278629 16.01604513  6.3557756   3.16485471  3.44531517]
 [ 2.15679015  7.68081665  7.72204615 15.13763736  6.54915109 10.22428213
   9.33706955  9.7590427   7.63392319  8.83874319  5.05613864]
 [ 7.76802441  3.46400924  2.51221687  7.04520628  1.47978933  1.07487854
  14.98813204 16.23417985  1.76663554  5.04287627  2.17812958]
 [ 6.25416367  7.1349792   1.67705198  1.59033857  9.81421152 12.34213689
   1.50565438 10.45051763  5.64187089  1.82997205  4.16479856]
 [10.7378631  12.5425421  18.14968284  8.86590475 10.61875162 10.44863814
   3.30580462  7.64546456 10.63147886 16.97653479  1.0023291 ]
 [ 1.19381428  2.51930051  7.65602034  3.43300396  1.84908736  5.24504231
   9.2411438  16.23552788  1.92270136  1.04122517 10.53668725]]
Rv: [[ 6.87146458  6.9795124   7.54021705 12.771552    9.34880897  1.36358353
   2.57343868 14.24604089  1.88640964  1.09931783]
 [ 2.8266369   8.73084687  2.50172     4.41127173  1.0882246   7.86023618
   1.51241809  3.63418344  5.88820769 18.71681042]
 [ 3.88676258 15.35591266  3.65055773  5.6380989   3.87974654  2.11558685
   7.65216543  3.96934845  5.38010768 11.71201202]
 [ 7.92322845 17.61231223 12.44347522  8.09838004  3.10368508 16.53653173
   1.90640142  1.67239633  3.74501729 16.8226349 ]
 [ 2.62502812 16.65482908 17.38161499  5.83377987  9.88281388  6.33274694
   3.69821461  1.68563611  5.14900042 10.39369289]
 [ 5.63038189  1.05844426 14.40441639 18.20901311  1.22474382  1.01223854
   3.23620977  2.80251899  6.14726987  5.75632599]
 [ 1.88745593  1.56257977  1.90966497  1.68200335  2.93908624  2.60921372
   8.62318756  4.31994099  1.08144267  7.56249543]
 [ 2.9956078  16.0188991  12.26594089  8.52826956  4.41333635  9.41324841
   1.32534392  6.17242378  7.15253643 16.26025776]
 [ 1.38519399 11.13043112  5.0005567   3.68993385  2.15769012  1.99872871
   4.50152101  8.62655805  1.34952763 13.96506681]]