-------Running parameters--------
T = 0.001
temperature_gradient = 0.0
gap = 0.2
M = 10
N = 10
VR = 0.0
Vmin = 0.0
Vmax = 1.2
vStep = 0.001
vSym = True
repeats = 20
fileName = array_10_10_disorder_c_std_0.5_r_std_1_run_3
dist = exp
fullOutput = True
use_graph = False
current_map = True
plot_current_map = False
plot_binary_current_map = False
frame_norm = False
dbg = False
resume = False
sc = True
leaping = False
constQ = False
modifyR = False
double_time = False
double_loop = False
output_folder = bgu_2d_superconducting_array
params_path = 
VG_avg = 0.0
VG_std = 0.0
C_avg = 2.0
C_std = 0.5
CG_avg = 10.0
CG_std = 0.0
R_avg = 10.0
R_std = 1.0
custom_rh = ""
custom_rv = ""
custom_ch = ""
custom_cv = ""
RG_avg = 500.0
RG_std = 0.0
n0_avg = 0.0
n0_std = 0.0
Q0_avg = 0.0
Q0_std = 0.0
----Array Parameters-----
Rows: 10
Columns: 10
VG: [[0.]
 [0.]
 [0.]
 [0.]
 [0.]
 [0.]
 [0.]
 [0.]
 [0.]
 [0.]
 [0.]
 [0.]
 [0.]
 [0.]
 [0.]
 [0.]
 [0.]
 [0.]
 [0.]
 [0.]
 [0.]
 [0.]
 [0.]
 [0.]
 [0.]
 [0.]
 [0.]
 [0.]
 [0.]
 [0.]
 [0.]
 [0.]
 [0.]
 [0.]
 [0.]
 [0.]
 [0.]
 [0.]
 [0.]
 [0.]
 [0.]
 [0.]
 [0.]
 [0.]
 [0.]
 [0.]
 [0.]
 [0.]
 [0.]
 [0.]
 [0.]
 [0.]
 [0.]
 [0.]
 [0.]
 [0.]
 [0.]
 [0.]
 [0.]
 [0.]
 [0.]
 [0.]
 [0.]
 [0.]
 [0.]
 [0.]
 [0.]
 [0.]
 [0.]
 [0.]
 [0.]
 [0.]
 [0.]
 [0.]
 [0.]
 [0.]
 [0.]
 [0.]
 [0.]
 [0.]
 [0.]
 [0.]
 [0.]
 [0.]
 [0.]
 [0.]
 [0.]
 [0.]
 [0.]
 [0.]
 [0.]
 [0.]
 [0.]
 [0.]
 [0.]
 [0.]
 [0.]
 [0.]
 [0.]
 [0.]]
CG: [[10.]
 [10.]
 [10.]
 [10.]
 [10.]
 [10.]
 [10.]
 [10.]
 [10.]
 [10.]
 [10.]
 [10.]
 [10.]
 [10.]
 [10.]
 [10.]
 [10.]
 [10.]
 [10.]
 [10.]
 [10.]
 [10.]
 [10.]
 [10.]
 [10.]
 [10.]
 [10.]
 [10.]
 [10.]
 [10.]
 [10.]
 [10.]
 [10.]
 [10.]
 [10.]
 [10.]
 [10.]
 [10.]
 [10.]
 [10.]
 [10.]
 [10.]
 [10.]
 [10.]
 [10.]
 [10.]
 [10.]
 [10.]
 [10.]
 [10.]
 [10.]
 [10.]
 [10.]
 [10.]
 [10.]
 [10.]
 [10.]
 [10.]
 [10.]
 [10.]
 [10.]
 [10.]
 [10.]
 [10.]
 [10.]
 [10.]
 [10.]
 [10.]
 [10.]
 [10.]
 [10.]
 [10.]
 [10.]
 [10.]
 [10.]
 [10.]
 [10.]
 [10.]
 [10.]
 [10.]
 [10.]
 [10.]
 [10.]
 [10.]
 [10.]
 [10.]
 [10.]
 [10.]
 [10.]
 [10.]
 [10.]
 [10.]
 [10.]
 [10.]
 [10.]
 [10.]
 [10.]
 [10.]
 [10.]
 [10.]]
RG: [[500.]
 [500.]
 [500.]
 [500.]
 [500.]
 [500.]
 [500.]
 [500.]
 [500.]
 [500.]
 [500.]
 [500.]
 [500.]
 [500.]
 [500.]
 [500.]
 [500.]
 [500.]
 [500.]
 [500.]
 [500.]
 [500.]
 [500.]
 [500.]
 [500.]
 [500.]
 [500.]
 [500.]
 [500.]
 [500.]
 [500.]
 [500.]
 [500.]
 [500.]
 [500.]
 [500.]
 [500.]
 [500.]
 [500.]
 [500.]
 [500.]
 [500.]
 [500.]
 [500.]
 [500.]
 [500.]
 [500.]
 [500.]
 [500.]
 [500.]
 [500.]
 [500.]
 [500.]
 [500.]
 [500.]
 [500.]
 [500.]
 [500.]
 [500.]
 [500.]
 [500.]
 [500.]
 [500.]
 [500.]
 [500.]
 [500.]
 [500.]
 [500.]
 [500.]
 [500.]
 [500.]
 [500.]
 [500.]
 [500.]
 [500.]
 [500.]
 [500.]
 [500.]
 [500.]
 [500.]
 [500.]
 [500.]
 [500.]
 [500.]
 [500.]
 [500.]
 [500.]
 [500.]
 [500.]
 [500.]
 [500.]
 [500.]
 [500.]
 [500.]
 [500.]
 [500.]
 [500.]
 [500.]
 [500.]
 [500.]]
Ch: [[2.1839481  2.22410662 2.12597288 2.3696936  2.42489065 1.91079914
  2.12140876 1.71776418 2.12138937 2.19158182 2.19767948]
 [1.88670554 1.75983399 1.56149187 1.83227181 1.50829073 1.84316803
  1.69043212 1.93351011 2.01934411 2.46561173 1.90254461]
 [1.84750658 1.96827636 1.51725555 1.55700988 2.18551042 2.29951441
  1.6272714  1.58755057 2.4308578  1.89032581 2.28606228]
 [1.54147135 2.18872836 1.54637239 1.55645621 2.01692831 2.41334221
  2.04266313 1.9258524  1.71104232 1.92560817 2.13377116]
 [2.09154884 1.78458076 1.96639959 1.59930336 1.65135806 1.7396234
  2.05170629 2.11948151 2.21279825 2.22990932 1.84871663]
 [1.59799853 2.13160663 1.89373422 1.53836022 1.97632768 1.55470413
  2.06437194 2.17975575 2.28478683 1.82640056 1.81206124]
 [1.74999104 1.58822699 2.20120104 2.25480133 1.5602859  1.64503628
  1.53350256 1.92852916 1.81486909 1.97172418 2.06464911]
 [1.97016433 1.77754812 1.8098663  1.97457026 1.66734226 2.21864077
  1.66633896 1.69070642 2.13327806 1.79495275 2.49610657]
 [2.20302147 2.19070168 1.54735197 1.57257945 2.02447442 1.58967189
  2.03451988 1.93008739 1.70726864 1.63586354 2.26039455]
 [1.51881095 1.86777107 1.70795674 1.82905692 1.89740599 1.84911665
  2.05163361 1.93968506 1.62116836 1.66301688 2.07418157]]
Cv: [[0.         0.         0.         0.         0.         0.
  0.         0.         0.         0.        ]
 [2.08399793 1.56316561 1.90527287 1.50691673 1.80774825 1.94074311
  1.59886657 2.02164785 2.31035668 1.54863228]
 [1.89881548 2.13604016 2.42407903 1.57037535 1.62773182 1.55728197
  1.66126429 1.90930808 2.26165492 1.99122165]
 [1.79885258 1.71489194 2.17925501 2.17228974 1.80659711 2.00474361
  1.68821482 1.58779477 2.17665663 1.85594182]
 [1.71434368 2.05802627 2.12253835 1.86113194 1.70711144 1.83591538
  1.79885468 2.07198457 1.90745434 1.50410349]
 [1.92245185 1.61474719 1.57584357 1.59279959 2.34575559 1.60405616
  1.50153325 1.89169854 1.53873209 2.17739115]
 [1.85955416 1.51264947 1.63494981 1.85570287 2.08301917 2.10005027
  1.59438965 1.7508254  2.29808812 1.60356346]
 [2.41023229 1.67316281 1.79035514 1.72748226 1.88650318 1.89935227
  1.74838953 1.53027464 1.74966671 2.41480838]
 [2.13994223 1.98932522 2.1362482  1.57250924 2.43227344 1.84499392
  2.37568464 2.38373651 1.90599001 1.70944004]
 [2.14080486 1.78208037 2.19383335 2.00284489 1.65242745 1.73134366
  2.00673502 2.1327481  1.93944176 1.93593679]]
Rh: [[10.29017944 10.03040984 10.11394794  9.39865998  9.24890253  9.28645023
   9.76765231  9.62456663  9.77461128 10.84805262 10.4487931 ]
 [ 9.84113697 10.46664223 10.32558585  9.55226564  9.17982908 10.28609885
  10.88721452  9.21134128  9.68871277 10.13308492  9.2499761 ]
 [10.53194978  9.31885173 10.30604573  9.60830401 10.59660873  9.34385406
   9.97337648  9.93342256 10.59333344  9.79158861  9.56643793]
 [ 9.32031996  9.57915159  9.92278306 10.2244388  10.39595834  9.20338403
  10.6082638   9.6638094  10.69509935 10.27490989  9.241     ]
 [ 9.95289722  9.51592264  9.7831053   9.1225252  10.90425728  9.33266723
  10.85089848  9.74334784  9.41875564 10.59128455 10.89972893]
 [ 9.28950879  9.0973494  10.56944627 10.53870807 10.21113029  9.93506866
   9.54910802 10.92019613 10.59351361 10.40665358  9.70951371]
 [10.92900152 10.0351582   9.80838299 10.02055305 10.10836039 10.59011468
   9.38101219  9.42064025  9.74463438  9.60596399 10.68215579]
 [ 9.69460951 10.62242684  9.50524087  9.74719332  9.76364704 10.50753176
   9.88008287 10.26990456  9.11155098 10.29585122  9.50875739]
 [10.16427897  9.30529971  9.66780782 10.35648769 10.07614294 10.33258462
   9.88828065  9.28197306  9.38660297 10.19702141  9.73599175]
 [10.372925   10.38512971 10.73672582 10.8763732   9.65700503  9.12727215
   9.3724992  10.19321306 10.75351714  9.81578545 10.29550905]]
Rv: [[10.63584493 10.22459263  9.7703861   9.11591893 10.25703882  9.74142282
  10.04456593 10.26208386 10.41571062  9.53773113]
 [ 9.43600113 10.96399416 10.02387377 10.539253   10.83305089  9.39617345
   9.0735138   9.56721131  9.32783025 10.58051543]
 [10.0269377   9.23658541  9.55327138  9.52251658 10.04977723 10.36322097
   9.3469034  10.05680832 10.05949115 10.96277439]
 [ 9.80277468  9.84957983 10.24802442 10.37175481  9.60189269 10.71049803
   9.48163804 10.09790679  9.35064749  9.63092966]
 [ 9.08773664 10.30594368  9.98612769  9.73161157  9.67696612 10.27137843
  10.47822247  9.74204669  9.46996004 10.96210899]
 [10.82922801  9.73660733 10.34120317 10.18625137  9.75239848  9.85593587
  10.11963732 10.75871585  9.65665971 10.69230415]
 [10.07661026  9.18857699  9.70746715 10.54032449  9.98079533 10.4560431
   9.34117576 10.88474243  9.4630898   9.17900539]
 [ 9.69819399 10.46825893 10.06040263 10.46824499  9.90526001  9.56595043
  10.35055291  9.53333683 10.48140525  9.99639602]
 [ 9.39444888  9.33561845  9.56962645 10.3107187   9.44925378  9.81857127
   9.03556723  9.82709324 10.03962743 10.01353915]]