-------Running parameters--------
T = 0.001
temperature_gradient = 0.0
gap = 0.2
M = 10
N = 10
VR = 0.0
Vmin = 0.0
Vmax = 1.2
vStep = 0.001
vSym = True
repeats = 20
fileName = array_10_10_disorder_c_std_0_r_std_9_run_3
dist = exp
fullOutput = True
use_graph = False
current_map = True
plot_current_map = False
plot_binary_current_map = False
frame_norm = False
dbg = False
resume = False
sc = True
leaping = False
constQ = False
modifyR = False
double_time = False
double_loop = False
output_folder = bgu_2d_superconducting_array
params_path = 
VG_avg = 0.0
VG_std = 0.0
C_avg = 2.0
C_std = 0.0
CG_avg = 10.0
CG_std = 0.0
R_avg = 10.0
R_std = 9.0
custom_rh = ""
custom_rv = ""
custom_ch = ""
custom_cv = ""
RG_avg = 500.0
RG_std = 0.0
n0_avg = 0.0
n0_std = 0.0
Q0_avg = 0.0
Q0_std = 0.0
----Array Parameters-----
Rows: 10
Columns: 10
VG: [[0.]
 [0.]
 [0.]
 [0.]
 [0.]
 [0.]
 [0.]
 [0.]
 [0.]
 [0.]
 [0.]
 [0.]
 [0.]
 [0.]
 [0.]
 [0.]
 [0.]
 [0.]
 [0.]
 [0.]
 [0.]
 [0.]
 [0.]
 [0.]
 [0.]
 [0.]
 [0.]
 [0.]
 [0.]
 [0.]
 [0.]
 [0.]
 [0.]
 [0.]
 [0.]
 [0.]
 [0.]
 [0.]
 [0.]
 [0.]
 [0.]
 [0.]
 [0.]
 [0.]
 [0.]
 [0.]
 [0.]
 [0.]
 [0.]
 [0.]
 [0.]
 [0.]
 [0.]
 [0.]
 [0.]
 [0.]
 [0.]
 [0.]
 [0.]
 [0.]
 [0.]
 [0.]
 [0.]
 [0.]
 [0.]
 [0.]
 [0.]
 [0.]
 [0.]
 [0.]
 [0.]
 [0.]
 [0.]
 [0.]
 [0.]
 [0.]
 [0.]
 [0.]
 [0.]
 [0.]
 [0.]
 [0.]
 [0.]
 [0.]
 [0.]
 [0.]
 [0.]
 [0.]
 [0.]
 [0.]
 [0.]
 [0.]
 [0.]
 [0.]
 [0.]
 [0.]
 [0.]
 [0.]
 [0.]
 [0.]]
CG: [[10.]
 [10.]
 [10.]
 [10.]
 [10.]
 [10.]
 [10.]
 [10.]
 [10.]
 [10.]
 [10.]
 [10.]
 [10.]
 [10.]
 [10.]
 [10.]
 [10.]
 [10.]
 [10.]
 [10.]
 [10.]
 [10.]
 [10.]
 [10.]
 [10.]
 [10.]
 [10.]
 [10.]
 [10.]
 [10.]
 [10.]
 [10.]
 [10.]
 [10.]
 [10.]
 [10.]
 [10.]
 [10.]
 [10.]
 [10.]
 [10.]
 [10.]
 [10.]
 [10.]
 [10.]
 [10.]
 [10.]
 [10.]
 [10.]
 [10.]
 [10.]
 [10.]
 [10.]
 [10.]
 [10.]
 [10.]
 [10.]
 [10.]
 [10.]
 [10.]
 [10.]
 [10.]
 [10.]
 [10.]
 [10.]
 [10.]
 [10.]
 [10.]
 [10.]
 [10.]
 [10.]
 [10.]
 [10.]
 [10.]
 [10.]
 [10.]
 [10.]
 [10.]
 [10.]
 [10.]
 [10.]
 [10.]
 [10.]
 [10.]
 [10.]
 [10.]
 [10.]
 [10.]
 [10.]
 [10.]
 [10.]
 [10.]
 [10.]
 [10.]
 [10.]
 [10.]
 [10.]
 [10.]
 [10.]
 [10.]]
RG: [[500.]
 [500.]
 [500.]
 [500.]
 [500.]
 [500.]
 [500.]
 [500.]
 [500.]
 [500.]
 [500.]
 [500.]
 [500.]
 [500.]
 [500.]
 [500.]
 [500.]
 [500.]
 [500.]
 [500.]
 [500.]
 [500.]
 [500.]
 [500.]
 [500.]
 [500.]
 [500.]
 [500.]
 [500.]
 [500.]
 [500.]
 [500.]
 [500.]
 [500.]
 [500.]
 [500.]
 [500.]
 [500.]
 [500.]
 [500.]
 [500.]
 [500.]
 [500.]
 [500.]
 [500.]
 [500.]
 [500.]
 [500.]
 [500.]
 [500.]
 [500.]
 [500.]
 [500.]
 [500.]
 [500.]
 [500.]
 [500.]
 [500.]
 [500.]
 [500.]
 [500.]
 [500.]
 [500.]
 [500.]
 [500.]
 [500.]
 [500.]
 [500.]
 [500.]
 [500.]
 [500.]
 [500.]
 [500.]
 [500.]
 [500.]
 [500.]
 [500.]
 [500.]
 [500.]
 [500.]
 [500.]
 [500.]
 [500.]
 [500.]
 [500.]
 [500.]
 [500.]
 [500.]
 [500.]
 [500.]
 [500.]
 [500.]
 [500.]
 [500.]
 [500.]
 [500.]
 [500.]
 [500.]
 [500.]
 [500.]]
Ch: [[2. 2. 2. 2. 2. 2. 2. 2. 2. 2. 2.]
 [2. 2. 2. 2. 2. 2. 2. 2. 2. 2. 2.]
 [2. 2. 2. 2. 2. 2. 2. 2. 2. 2. 2.]
 [2. 2. 2. 2. 2. 2. 2. 2. 2. 2. 2.]
 [2. 2. 2. 2. 2. 2. 2. 2. 2. 2. 2.]
 [2. 2. 2. 2. 2. 2. 2. 2. 2. 2. 2.]
 [2. 2. 2. 2. 2. 2. 2. 2. 2. 2. 2.]
 [2. 2. 2. 2. 2. 2. 2. 2. 2. 2. 2.]
 [2. 2. 2. 2. 2. 2. 2. 2. 2. 2. 2.]
 [2. 2. 2. 2. 2. 2. 2. 2. 2. 2. 2.]]
Cv: [[0. 0. 0. 0. 0. 0. 0. 0. 0. 0.]
 [2. 2. 2. 2. 2. 2. 2. 2. 2. 2.]
 [2. 2. 2. 2. 2. 2. 2. 2. 2. 2.]
 [2. 2. 2. 2. 2. 2. 2. 2. 2. 2.]
 [2. 2. 2. 2. 2. 2. 2. 2. 2. 2.]
 [2. 2. 2. 2. 2. 2. 2. 2. 2. 2.]
 [2. 2. 2. 2. 2. 2. 2. 2. 2. 2.]
 [2. 2. 2. 2. 2. 2. 2. 2. 2. 2.]
 [2. 2. 2. 2. 2. 2. 2. 2. 2. 2.]
 [2. 2. 2. 2. 2. 2. 2. 2. 2. 2.]]
Rh: [[ 3.90151519  1.47161376  9.21454022  9.85836807  2.82159053  3.52959838
   6.53297703 14.73235476 16.7780526   6.51696079  5.25381315]
 [ 6.77265567 11.44775863  3.69500201 14.33187548  5.15181934  4.43673569
   9.7510574   3.09242843  2.19520266  2.53170851 13.14273107]
 [ 8.87781631  6.7116969   4.32617009  1.91411491  4.45399079  2.79672686
  12.06363465  3.61422641  1.52900002  8.68534097  1.52633439]
 [ 5.59032701 14.16764452  9.0239081   2.31456956  2.23203028  3.26460961
   2.47314006  2.98887999  1.99348006 13.41035262  1.24157184]
 [10.03497171  1.34079308 11.2333308   1.40558899 10.47083429  2.76945816
   1.01266268 12.93869261  5.54323836 10.83809646  1.0549533 ]
 [17.58356406  1.37915225  1.29875599  1.67936373  2.20594493  2.89932196
   9.43137624  2.67338355  2.17414687  6.46337015  2.68297836]
 [ 1.16312504 10.17386614  2.71304169  2.83757255 14.25670252  2.07426924
  11.34611518  6.56776247  2.31321093 14.4040397  16.99944525]
 [ 4.80790623  1.20793304  3.6378169   1.66093177  1.15326451  2.40753603
   1.54270567  3.24161238  9.29858657  1.11812136 12.49861449]
 [ 1.41623374 16.7129611  13.77755637  4.21333998  8.11378987  3.00970031
   9.76599738 10.60868189  1.60225023  8.90960395  2.26253383]
 [ 1.07257947  2.23951643 14.90090833  1.58966804  8.49732842  9.73428223
   3.680966    1.10468547  9.81307776  1.18928492  3.25078283]]
Rv: [[ 4.76803716  2.82158989  2.33283184 13.71766582  2.8769102   1.2917747
   8.61696836  6.09957799  2.22243367  9.98242131]
 [ 3.83593761  2.24644981  6.01146605 11.42841006 18.83076362  6.222028
   4.47697337  4.59178158  7.16925598  6.83128293]
 [11.65268295  6.0979245  16.56856366  4.04201561 10.45189681  4.42614395
  16.43884077 14.36547652  3.46894007 15.38197613]
 [ 1.61496828  7.83621171  1.60673384  1.14551186  5.80237982  1.99707143
   1.9495538   1.09816953 12.46457802  2.1721556 ]
 [ 4.30127697  4.39126876  7.39291567  1.94976474  4.50371415  3.90352132
   7.68450397 15.56679794  4.53042439  4.6164147 ]
 [ 1.53018739 13.45913138  6.49391426  3.09610858  1.41531005  3.77133749
   1.29810562 16.40333305 13.30645222  1.27101207]
 [ 9.72375351 12.2507574  14.06182943  9.04334202  4.12123666  7.82678115
   8.95472959  1.77504712  2.37110052  7.53295129]
 [ 3.36846468 10.35628495  6.24107321  6.15290098  2.32125652  1.65153703
   1.45052837  8.93522349 17.36178974  5.3098869 ]
 [ 1.13326484 18.38281799  1.15506305  3.17589709  9.28548198 14.45788789
   3.03543728 12.09958511  4.09573566  9.15454024]]