-------Running parameters--------
T = 0.001
temperature_gradient = 0.0
gap = 0.2
M = 10
N = 10
VR = 0.0
Vmin = 0.0
Vmax = 1.2
vStep = 0.001
vSym = True
repeats = 20
fileName = array_10_10_disorder_c_std_0.5_r_std_5_run_3
dist = exp
fullOutput = True
use_graph = False
current_map = True
plot_current_map = False
plot_binary_current_map = False
frame_norm = False
dbg = False
resume = False
sc = True
leaping = False
constQ = False
modifyR = False
double_time = False
double_loop = False
output_folder = bgu_2d_superconducting_array
params_path = 
VG_avg = 0.0
VG_std = 0.0
C_avg = 2.0
C_std = 0.5
CG_avg = 10.0
CG_std = 0.0
R_avg = 10.0
R_std = 5.0
custom_rh = ""
custom_rv = ""
custom_ch = ""
custom_cv = ""
RG_avg = 500.0
RG_std = 0.0
n0_avg = 0.0
n0_std = 0.0
Q0_avg = 0.0
Q0_std = 0.0
----Array Parameters-----
Rows: 10
Columns: 10
VG: [[0.]
 [0.]
 [0.]
 [0.]
 [0.]
 [0.]
 [0.]
 [0.]
 [0.]
 [0.]
 [0.]
 [0.]
 [0.]
 [0.]
 [0.]
 [0.]
 [0.]
 [0.]
 [0.]
 [0.]
 [0.]
 [0.]
 [0.]
 [0.]
 [0.]
 [0.]
 [0.]
 [0.]
 [0.]
 [0.]
 [0.]
 [0.]
 [0.]
 [0.]
 [0.]
 [0.]
 [0.]
 [0.]
 [0.]
 [0.]
 [0.]
 [0.]
 [0.]
 [0.]
 [0.]
 [0.]
 [0.]
 [0.]
 [0.]
 [0.]
 [0.]
 [0.]
 [0.]
 [0.]
 [0.]
 [0.]
 [0.]
 [0.]
 [0.]
 [0.]
 [0.]
 [0.]
 [0.]
 [0.]
 [0.]
 [0.]
 [0.]
 [0.]
 [0.]
 [0.]
 [0.]
 [0.]
 [0.]
 [0.]
 [0.]
 [0.]
 [0.]
 [0.]
 [0.]
 [0.]
 [0.]
 [0.]
 [0.]
 [0.]
 [0.]
 [0.]
 [0.]
 [0.]
 [0.]
 [0.]
 [0.]
 [0.]
 [0.]
 [0.]
 [0.]
 [0.]
 [0.]
 [0.]
 [0.]
 [0.]]
CG: [[10.]
 [10.]
 [10.]
 [10.]
 [10.]
 [10.]
 [10.]
 [10.]
 [10.]
 [10.]
 [10.]
 [10.]
 [10.]
 [10.]
 [10.]
 [10.]
 [10.]
 [10.]
 [10.]
 [10.]
 [10.]
 [10.]
 [10.]
 [10.]
 [10.]
 [10.]
 [10.]
 [10.]
 [10.]
 [10.]
 [10.]
 [10.]
 [10.]
 [10.]
 [10.]
 [10.]
 [10.]
 [10.]
 [10.]
 [10.]
 [10.]
 [10.]
 [10.]
 [10.]
 [10.]
 [10.]
 [10.]
 [10.]
 [10.]
 [10.]
 [10.]
 [10.]
 [10.]
 [10.]
 [10.]
 [10.]
 [10.]
 [10.]
 [10.]
 [10.]
 [10.]
 [10.]
 [10.]
 [10.]
 [10.]
 [10.]
 [10.]
 [10.]
 [10.]
 [10.]
 [10.]
 [10.]
 [10.]
 [10.]
 [10.]
 [10.]
 [10.]
 [10.]
 [10.]
 [10.]
 [10.]
 [10.]
 [10.]
 [10.]
 [10.]
 [10.]
 [10.]
 [10.]
 [10.]
 [10.]
 [10.]
 [10.]
 [10.]
 [10.]
 [10.]
 [10.]
 [10.]
 [10.]
 [10.]
 [10.]]
RG: [[500.]
 [500.]
 [500.]
 [500.]
 [500.]
 [500.]
 [500.]
 [500.]
 [500.]
 [500.]
 [500.]
 [500.]
 [500.]
 [500.]
 [500.]
 [500.]
 [500.]
 [500.]
 [500.]
 [500.]
 [500.]
 [500.]
 [500.]
 [500.]
 [500.]
 [500.]
 [500.]
 [500.]
 [500.]
 [500.]
 [500.]
 [500.]
 [500.]
 [500.]
 [500.]
 [500.]
 [500.]
 [500.]
 [500.]
 [500.]
 [500.]
 [500.]
 [500.]
 [500.]
 [500.]
 [500.]
 [500.]
 [500.]
 [500.]
 [500.]
 [500.]
 [500.]
 [500.]
 [500.]
 [500.]
 [500.]
 [500.]
 [500.]
 [500.]
 [500.]
 [500.]
 [500.]
 [500.]
 [500.]
 [500.]
 [500.]
 [500.]
 [500.]
 [500.]
 [500.]
 [500.]
 [500.]
 [500.]
 [500.]
 [500.]
 [500.]
 [500.]
 [500.]
 [500.]
 [500.]
 [500.]
 [500.]
 [500.]
 [500.]
 [500.]
 [500.]
 [500.]
 [500.]
 [500.]
 [500.]
 [500.]
 [500.]
 [500.]
 [500.]
 [500.]
 [500.]
 [500.]
 [500.]
 [500.]
 [500.]]
Ch: [[1.57847602 2.44629213 2.37700699 2.00969005 1.75546871 1.9140627
  1.83315011 1.7800484  2.19860342 1.50799588 2.20198953]
 [1.75776321 1.6357843  1.99311898 1.90502051 1.98746152 1.89292751
  1.9436465  1.53976355 1.56613922 1.70108236 1.63630191]
 [1.98058012 1.57068202 1.67334466 2.47062868 1.69454709 1.71748314
  2.2496631  1.70252364 1.93439715 1.54509698 1.60455421]
 [2.25528959 1.75072134 2.04654005 1.88854616 2.21292189 1.6838841
  1.86337075 1.74135665 1.7937408  1.64041009 1.77888124]
 [1.54043031 1.58492244 1.79689037 1.57171101 2.24690276 2.15447865
  1.8880069  1.91669807 1.9351886  2.47307717 1.51026274]
 [1.5609511  2.40219873 2.01976953 2.34008381 1.94744254 1.61512077
  2.0485839  2.24361651 1.90898967 2.27262712 1.83446221]
 [2.08692869 2.005392   2.04293017 2.38076153 2.24775307 1.99114233
  2.12340291 2.44795105 1.71783233 2.41336463 2.41821107]
 [1.6872177  2.1516993  1.55913722 2.02013362 2.01512263 1.95668473
  2.31574153 1.94961334 2.44131108 1.89138675 1.94523868]
 [2.19924868 1.56557363 1.74440264 1.52216031 2.45678184 2.21009162
  2.3922019  1.86455737 2.08072742 2.10291217 1.69067652]
 [1.78981907 2.44485207 2.10340616 1.94168078 2.4411026  1.65824321
  2.25792416 1.62882634 1.97160658 2.45718936 1.89787078]]
Cv: [[0.         0.         0.         0.         0.         0.
  0.         0.         0.         0.        ]
 [1.76599539 1.68887226 1.58508961 2.41794065 1.75692062 2.44794016
  2.1377533  1.79721339 1.89732911 1.99343667]
 [2.45658318 1.71508564 2.44576623 1.63635165 1.78621505 1.62539562
  1.63707795 1.81273869 1.52924602 1.81155161]
 [1.72359898 1.77101357 1.58283437 2.01597517 2.08412717 2.16195041
  1.97849023 1.8915174  1.53100067 2.3654381 ]
 [1.66293084 1.53799486 1.82318466 2.15794447 1.71070009 2.23510283
  2.20485873 1.57106555 2.22714858 2.17531727]
 [1.80495523 1.58797015 2.12586113 1.55647197 1.64950397 1.6685576
  1.98430441 1.56779756 1.53819208 2.26567037]
 [2.13848115 1.92305596 1.93061452 2.12633298 2.18518078 2.25600788
  1.52876837 1.56276352 2.1187547  1.96044325]
 [2.19282333 2.31142082 2.04029228 1.75290782 1.63912377 1.64681005
  1.58250427 1.6661719  1.95929456 1.50137734]
 [1.5888672  1.84673527 2.27432186 1.62833462 1.91222857 1.8642644
  2.3159186  2.19995574 2.22300006 1.84379124]
 [1.96965213 1.61129142 2.35493506 1.65484777 1.57359976 2.19151684
  2.01649337 1.98500641 2.25276663 2.06872128]]
Rh: [[11.79402873  6.90993525  6.36032333 12.24579206  9.72942423  6.56958867
   9.39422952  9.91963739  8.65806299 10.59901304 13.70088676]
 [ 5.67851327  5.40920151  5.28627972  7.57629827 11.21277197  9.26654982
   6.83299075 14.71733482  9.88210993  7.0212857  14.39252775]
 [ 8.1903802  10.05053344  9.79211135 11.46926662 10.11904701 13.3898827
  14.17695487  7.16707744 12.81748094  8.21962118  7.66512239]
 [14.79203064 12.87188135  9.84176227  5.27609547  5.28119263  5.25249178
  13.32278144 11.61706126  8.21189566  5.96614923 13.55224535]
 [13.09926813  8.92173456  7.73917226  7.00839525 11.9316979   5.56406896
  14.17863409  8.62101674  7.10841931 11.84805479 14.88053692]
 [ 9.2607029   5.4461144  12.35721949  5.59641682  8.87705724  5.07696987
   8.70204715  7.58861648  6.41520878  5.12102445 12.13553478]
 [ 9.1933738  13.52594576  5.75675519  8.62096026  5.60517048 10.41430583
   6.29171329 12.42188508  6.30180292  8.96528307  6.2510741 ]
 [ 6.07458163  9.82521084 11.08103396 13.26391543 10.95408136 10.39778145
   5.08457963  6.53643088  8.0721097  14.43068907 13.63383841]
 [ 6.33399534  8.6199269   7.98530845 12.03276427  5.52898116  5.45399434
  10.53083409  7.97171136 11.70068021 13.47700986  6.36964952]
 [ 6.39686434 13.75464728  5.97483757  7.06063587  7.87953158 13.19704932
  12.28801898  6.59488217 14.87630936 14.23047253  8.17907066]]
Rv: [[11.39956075  9.40640073 10.68363489  5.76845553  7.7841951  12.2931646
   5.30485946 10.62156224  8.2970378   5.93748689]
 [ 8.41556447  5.52881759  5.62048607  6.61148991  5.43567211  7.26619761
  11.97452285  6.1091293   5.06335969  5.08480713]
 [ 5.42371694 11.02510859 14.23979885  8.16359766  5.81831519  8.49409077
  11.43488385 14.84844528  5.92635124  6.44777723]
 [ 5.15101035  9.17321117 14.87566317 12.82039746  9.8311246   8.90014043
  13.02554997  5.98278432  5.32010952  7.87001452]
 [ 5.73480791  6.44733318  7.63218024 14.87767654 10.36160853 12.17204005
   9.12756476  5.04454293 13.23440269  6.10518309]
 [ 7.22602891 11.33267886  6.7885181  13.40638084  6.16310749 11.40661688
   9.63152322  5.66106338  7.3627031  10.04725928]
 [ 6.71992073 10.0993797   9.26435196 11.09648962  5.6077365  14.67457156
   6.66776977  7.99532948 12.15438102  6.76495252]
 [14.53310307 13.16256834  5.60514599  6.60891821  8.07150037  9.98274435
   5.90123455  8.24359413  7.02233212 10.28475156]
 [ 5.23130259 12.17168505 11.82427045  5.16379634  8.8182694   5.0713315
   7.58461775  5.78874176  9.20974078  8.53661005]]