-------Running parameters--------
T = 0.001
temperature_gradient = 0.0
gap = 0.2
M = 10
N = 10
VR = 0.0
Vmin = 0.0
Vmax = 1.2
vStep = 0.001
vSym = True
repeats = 20
fileName = array_10_10_disorder_c_std_0.1_r_std_5_run_4
dist = exp
fullOutput = True
use_graph = False
current_map = True
plot_current_map = False
plot_binary_current_map = False
frame_norm = False
dbg = False
resume = False
sc = True
leaping = False
constQ = False
modifyR = False
double_time = False
double_loop = False
output_folder = bgu_2d_superconducting_array
params_path = 
VG_avg = 0.0
VG_std = 0.0
C_avg = 2.0
C_std = 0.1
CG_avg = 10.0
CG_std = 0.0
R_avg = 10.0
R_std = 5.0
custom_rh = ""
custom_rv = ""
custom_ch = ""
custom_cv = ""
RG_avg = 500.0
RG_std = 0.0
n0_avg = 0.0
n0_std = 0.0
Q0_avg = 0.0
Q0_std = 0.0
----Array Parameters-----
Rows: 10
Columns: 10
VG: [[0.]
 [0.]
 [0.]
 [0.]
 [0.]
 [0.]
 [0.]
 [0.]
 [0.]
 [0.]
 [0.]
 [0.]
 [0.]
 [0.]
 [0.]
 [0.]
 [0.]
 [0.]
 [0.]
 [0.]
 [0.]
 [0.]
 [0.]
 [0.]
 [0.]
 [0.]
 [0.]
 [0.]
 [0.]
 [0.]
 [0.]
 [0.]
 [0.]
 [0.]
 [0.]
 [0.]
 [0.]
 [0.]
 [0.]
 [0.]
 [0.]
 [0.]
 [0.]
 [0.]
 [0.]
 [0.]
 [0.]
 [0.]
 [0.]
 [0.]
 [0.]
 [0.]
 [0.]
 [0.]
 [0.]
 [0.]
 [0.]
 [0.]
 [0.]
 [0.]
 [0.]
 [0.]
 [0.]
 [0.]
 [0.]
 [0.]
 [0.]
 [0.]
 [0.]
 [0.]
 [0.]
 [0.]
 [0.]
 [0.]
 [0.]
 [0.]
 [0.]
 [0.]
 [0.]
 [0.]
 [0.]
 [0.]
 [0.]
 [0.]
 [0.]
 [0.]
 [0.]
 [0.]
 [0.]
 [0.]
 [0.]
 [0.]
 [0.]
 [0.]
 [0.]
 [0.]
 [0.]
 [0.]
 [0.]
 [0.]]
CG: [[10.]
 [10.]
 [10.]
 [10.]
 [10.]
 [10.]
 [10.]
 [10.]
 [10.]
 [10.]
 [10.]
 [10.]
 [10.]
 [10.]
 [10.]
 [10.]
 [10.]
 [10.]
 [10.]
 [10.]
 [10.]
 [10.]
 [10.]
 [10.]
 [10.]
 [10.]
 [10.]
 [10.]
 [10.]
 [10.]
 [10.]
 [10.]
 [10.]
 [10.]
 [10.]
 [10.]
 [10.]
 [10.]
 [10.]
 [10.]
 [10.]
 [10.]
 [10.]
 [10.]
 [10.]
 [10.]
 [10.]
 [10.]
 [10.]
 [10.]
 [10.]
 [10.]
 [10.]
 [10.]
 [10.]
 [10.]
 [10.]
 [10.]
 [10.]
 [10.]
 [10.]
 [10.]
 [10.]
 [10.]
 [10.]
 [10.]
 [10.]
 [10.]
 [10.]
 [10.]
 [10.]
 [10.]
 [10.]
 [10.]
 [10.]
 [10.]
 [10.]
 [10.]
 [10.]
 [10.]
 [10.]
 [10.]
 [10.]
 [10.]
 [10.]
 [10.]
 [10.]
 [10.]
 [10.]
 [10.]
 [10.]
 [10.]
 [10.]
 [10.]
 [10.]
 [10.]
 [10.]
 [10.]
 [10.]
 [10.]]
RG: [[500.]
 [500.]
 [500.]
 [500.]
 [500.]
 [500.]
 [500.]
 [500.]
 [500.]
 [500.]
 [500.]
 [500.]
 [500.]
 [500.]
 [500.]
 [500.]
 [500.]
 [500.]
 [500.]
 [500.]
 [500.]
 [500.]
 [500.]
 [500.]
 [500.]
 [500.]
 [500.]
 [500.]
 [500.]
 [500.]
 [500.]
 [500.]
 [500.]
 [500.]
 [500.]
 [500.]
 [500.]
 [500.]
 [500.]
 [500.]
 [500.]
 [500.]
 [500.]
 [500.]
 [500.]
 [500.]
 [500.]
 [500.]
 [500.]
 [500.]
 [500.]
 [500.]
 [500.]
 [500.]
 [500.]
 [500.]
 [500.]
 [500.]
 [500.]
 [500.]
 [500.]
 [500.]
 [500.]
 [500.]
 [500.]
 [500.]
 [500.]
 [500.]
 [500.]
 [500.]
 [500.]
 [500.]
 [500.]
 [500.]
 [500.]
 [500.]
 [500.]
 [500.]
 [500.]
 [500.]
 [500.]
 [500.]
 [500.]
 [500.]
 [500.]
 [500.]
 [500.]
 [500.]
 [500.]
 [500.]
 [500.]
 [500.]
 [500.]
 [500.]
 [500.]
 [500.]
 [500.]
 [500.]
 [500.]
 [500.]]
Ch: [[1.90309601 1.91344103 1.92134702 2.00898478 2.05486407 2.08562403
  1.97836354 2.05146154 2.03955325 1.92834655 2.01749203]
 [1.96980575 2.08946062 1.90941223 2.07789882 2.04125367 1.9353526
  1.96990782 1.9882133  1.96252448 2.04896824 2.00752291]
 [1.97583579 1.95372647 1.94252066 1.9272575  2.00894771 2.06167462
  1.90932094 1.97809117 2.05364201 1.93793987 1.94821256]
 [1.91517735 2.01651663 1.986413   1.91730001 2.00484398 1.92752474
  1.92383833 2.08494402 2.06497865 2.07568542 1.99488843]
 [1.97048398 1.91968398 1.91583897 2.01983004 2.02269373 2.08948601
  2.06086416 1.94862887 2.09091117 2.08762856 1.98095192]
 [1.92489394 2.0252026  1.9498332  1.9031195  1.9319881  2.07509469
  2.01670512 1.91802503 2.01913924 2.09502333 2.05276812]
 [2.0948237  1.95466118 1.98103474 2.08580813 2.00699133 1.96849395
  2.04850433 1.97024053 2.07950227 1.98054117 2.0831203 ]
 [2.01665014 2.04436022 1.92339249 1.96273104 1.98184331 1.91144536
  2.08946362 2.09403861 2.03533223 1.99728457 2.00518698]
 [2.03895055 1.93043681 1.93022472 2.03048729 1.90074911 1.91602761
  2.09312148 2.07793633 2.0317667  2.05121691 2.0135821 ]
 [2.00705573 2.0747199  2.03066157 2.01618238 2.02102499 2.0712583
  1.91213576 1.92180715 2.03966148 1.96125229 2.03728733]]
Cv: [[0.         0.         0.         0.         0.         0.
  0.         0.         0.         0.        ]
 [2.04114166 2.05064417 2.08318509 2.09967501 1.94743614 1.90101482
  1.96123296 1.99460028 2.07676672 2.08358335]
 [2.03862    2.0701977  2.06496477 1.93592622 2.0490201  2.03736893
  2.01651974 1.97304914 1.92183642 1.93606706]
 [2.00064338 2.05446393 2.02992691 1.90174067 1.92676985 1.94725923
  1.91040297 2.07922052 1.99904856 1.91147833]
 [1.9862596  1.93509722 1.98589041 2.05204534 1.95744417 1.90804064
  2.04279153 1.96406738 2.06659857 1.98518314]
 [2.03685366 1.97831046 1.90266777 1.96244003 1.99105178 1.97598973
  1.989637   1.96062788 1.96255916 1.9333495 ]
 [1.93055417 1.94152311 1.91758455 1.91204823 1.99434891 2.01851648
  2.04535747 1.97927388 1.94391775 1.91979583]
 [2.06270934 2.06223408 1.92701411 2.01498704 2.00606944 2.05304412
  1.94246499 2.06195081 2.03342266 1.93087114]
 [2.07519507 2.09277338 2.05040196 2.05473606 2.06536309 2.00976793
  2.00086229 1.93469077 1.99189474 2.06286489]
 [2.04680156 2.03156081 2.08500126 2.00300675 2.09589676 1.94096952
  1.90421992 2.08041709 2.00946904 2.05689146]]
Rh: [[ 5.99579643 11.12112519  8.07875934  9.45405886 11.08987002  5.86803175
   7.18007929 10.29128961 14.20825322 11.85925768  5.47129278]
 [ 6.78548336  5.62939085  9.248606   11.14545215  5.67439447 13.76770414
  10.56796949  7.67707033 12.3517371  11.9066819   5.06006875]
 [ 8.96775417  9.26106499  7.37922954  9.2828886   7.70152459 12.58506607
  10.85821151  6.15119988 10.56717824 13.79365009 10.57016205]
 [ 8.43330283  7.09014516  7.04685168 14.05778973  5.73522308 10.86322045
  14.75116345  5.38962468  6.68030417 12.7391761   9.14518069]
 [ 7.72263349  7.26663926 13.75901824  6.35032245  7.96069834  7.26244366
   7.38599721  5.35942616  7.00235394 10.95592227  7.22142108]
 [ 6.33979319 10.37837678 13.10159985  5.07137362  5.26910676  7.55188827
   7.31428856 11.66854901 14.99155181  6.65251803  8.10100003]
 [13.74248726 10.61313443 11.47753415  9.14328959 10.11851445  5.11835768
  13.41157542  8.21378553  8.48503798 11.52441827  5.67568488]
 [10.7005225  11.99408958  8.96158492 12.09766643  5.76353062  8.07963935
  10.03721515 12.66578796 14.55654901  6.78080208 10.27051869]
 [14.90816412  8.90712234 14.85082139  5.69346741 11.66674826  5.8259779
   5.04730561 10.63026207 12.47632955  9.28046553 14.81004591]
 [12.24495762 12.41063971  5.7499311   5.57737761  5.17572474  7.20411565
  11.18077222 11.5160854  13.89798537  6.87187678 13.98080395]]
Rv: [[ 7.89767147 12.12091011  7.25990042 14.28757878 12.37334513  7.78037623
  10.47004376  9.26923826 13.15766239  5.19427447]
 [ 6.35268437  6.89020491  8.32475997  5.79452966  5.83051574  5.29899966
   5.16499867 10.85945856  5.36813154 14.14683144]
 [14.26741882  9.25418662 13.24804969  8.86116676  5.77799281  7.76675768
   6.93187625  8.19500505 10.39044758  6.11745062]
 [12.3795344  13.6450377   9.68687292  6.11900558  5.17628643  9.18207638
   8.25235706  7.06026477 11.64853224  5.00701427]
 [ 7.35870224  7.06604852 10.67005782  7.66387895 12.92600365  9.88870215
   5.82949303 13.09703684  8.38246763  6.74036745]
 [ 6.16771841 11.49926338  8.34327336 10.44629867  6.20578767  8.61308936
   8.12934326  7.01920877 11.83760889 10.83886143]
 [ 6.9490308   5.80320199 12.46795068  5.63192353 11.02310254  5.81856474
   7.3815497   5.63175963  6.5185201  13.41941161]
 [12.24797813 10.93985695  7.85088297  9.16376732  7.56312317 13.79500118
  14.32820397 13.77160462  5.3219568   5.42133628]
 [14.04032237  8.37288241  8.32135262  7.15437973  6.50509687 10.58848704
   6.07157509  6.80780879 12.40329842  6.18694385]]