-------Running parameters--------
T = 0.001
temperature_gradient = 0.0
gap = 0.2
M = 10
N = 10
VR = 0.0
Vmin = 0.0
Vmax = 1.2
vStep = 0.001
vSym = True
repeats = 20
fileName = array_10_10_disorder_c_std_0_r_std_9_run_4
dist = exp
fullOutput = True
use_graph = False
current_map = True
plot_current_map = False
plot_binary_current_map = False
frame_norm = False
dbg = False
resume = False
sc = True
leaping = False
constQ = False
modifyR = False
double_time = False
double_loop = False
output_folder = bgu_2d_superconducting_array
params_path = 
VG_avg = 0.0
VG_std = 0.0
C_avg = 2.0
C_std = 0.0
CG_avg = 10.0
CG_std = 0.0
R_avg = 10.0
R_std = 9.0
custom_rh = ""
custom_rv = ""
custom_ch = ""
custom_cv = ""
RG_avg = 500.0
RG_std = 0.0
n0_avg = 0.0
n0_std = 0.0
Q0_avg = 0.0
Q0_std = 0.0
----Array Parameters-----
Rows: 10
Columns: 10
VG: [[0.]
 [0.]
 [0.]
 [0.]
 [0.]
 [0.]
 [0.]
 [0.]
 [0.]
 [0.]
 [0.]
 [0.]
 [0.]
 [0.]
 [0.]
 [0.]
 [0.]
 [0.]
 [0.]
 [0.]
 [0.]
 [0.]
 [0.]
 [0.]
 [0.]
 [0.]
 [0.]
 [0.]
 [0.]
 [0.]
 [0.]
 [0.]
 [0.]
 [0.]
 [0.]
 [0.]
 [0.]
 [0.]
 [0.]
 [0.]
 [0.]
 [0.]
 [0.]
 [0.]
 [0.]
 [0.]
 [0.]
 [0.]
 [0.]
 [0.]
 [0.]
 [0.]
 [0.]
 [0.]
 [0.]
 [0.]
 [0.]
 [0.]
 [0.]
 [0.]
 [0.]
 [0.]
 [0.]
 [0.]
 [0.]
 [0.]
 [0.]
 [0.]
 [0.]
 [0.]
 [0.]
 [0.]
 [0.]
 [0.]
 [0.]
 [0.]
 [0.]
 [0.]
 [0.]
 [0.]
 [0.]
 [0.]
 [0.]
 [0.]
 [0.]
 [0.]
 [0.]
 [0.]
 [0.]
 [0.]
 [0.]
 [0.]
 [0.]
 [0.]
 [0.]
 [0.]
 [0.]
 [0.]
 [0.]
 [0.]]
CG: [[10.]
 [10.]
 [10.]
 [10.]
 [10.]
 [10.]
 [10.]
 [10.]
 [10.]
 [10.]
 [10.]
 [10.]
 [10.]
 [10.]
 [10.]
 [10.]
 [10.]
 [10.]
 [10.]
 [10.]
 [10.]
 [10.]
 [10.]
 [10.]
 [10.]
 [10.]
 [10.]
 [10.]
 [10.]
 [10.]
 [10.]
 [10.]
 [10.]
 [10.]
 [10.]
 [10.]
 [10.]
 [10.]
 [10.]
 [10.]
 [10.]
 [10.]
 [10.]
 [10.]
 [10.]
 [10.]
 [10.]
 [10.]
 [10.]
 [10.]
 [10.]
 [10.]
 [10.]
 [10.]
 [10.]
 [10.]
 [10.]
 [10.]
 [10.]
 [10.]
 [10.]
 [10.]
 [10.]
 [10.]
 [10.]
 [10.]
 [10.]
 [10.]
 [10.]
 [10.]
 [10.]
 [10.]
 [10.]
 [10.]
 [10.]
 [10.]
 [10.]
 [10.]
 [10.]
 [10.]
 [10.]
 [10.]
 [10.]
 [10.]
 [10.]
 [10.]
 [10.]
 [10.]
 [10.]
 [10.]
 [10.]
 [10.]
 [10.]
 [10.]
 [10.]
 [10.]
 [10.]
 [10.]
 [10.]
 [10.]]
RG: [[500.]
 [500.]
 [500.]
 [500.]
 [500.]
 [500.]
 [500.]
 [500.]
 [500.]
 [500.]
 [500.]
 [500.]
 [500.]
 [500.]
 [500.]
 [500.]
 [500.]
 [500.]
 [500.]
 [500.]
 [500.]
 [500.]
 [500.]
 [500.]
 [500.]
 [500.]
 [500.]
 [500.]
 [500.]
 [500.]
 [500.]
 [500.]
 [500.]
 [500.]
 [500.]
 [500.]
 [500.]
 [500.]
 [500.]
 [500.]
 [500.]
 [500.]
 [500.]
 [500.]
 [500.]
 [500.]
 [500.]
 [500.]
 [500.]
 [500.]
 [500.]
 [500.]
 [500.]
 [500.]
 [500.]
 [500.]
 [500.]
 [500.]
 [500.]
 [500.]
 [500.]
 [500.]
 [500.]
 [500.]
 [500.]
 [500.]
 [500.]
 [500.]
 [500.]
 [500.]
 [500.]
 [500.]
 [500.]
 [500.]
 [500.]
 [500.]
 [500.]
 [500.]
 [500.]
 [500.]
 [500.]
 [500.]
 [500.]
 [500.]
 [500.]
 [500.]
 [500.]
 [500.]
 [500.]
 [500.]
 [500.]
 [500.]
 [500.]
 [500.]
 [500.]
 [500.]
 [500.]
 [500.]
 [500.]
 [500.]]
Ch: [[2. 2. 2. 2. 2. 2. 2. 2. 2. 2. 2.]
 [2. 2. 2. 2. 2. 2. 2. 2. 2. 2. 2.]
 [2. 2. 2. 2. 2. 2. 2. 2. 2. 2. 2.]
 [2. 2. 2. 2. 2. 2. 2. 2. 2. 2. 2.]
 [2. 2. 2. 2. 2. 2. 2. 2. 2. 2. 2.]
 [2. 2. 2. 2. 2. 2. 2. 2. 2. 2. 2.]
 [2. 2. 2. 2. 2. 2. 2. 2. 2. 2. 2.]
 [2. 2. 2. 2. 2. 2. 2. 2. 2. 2. 2.]
 [2. 2. 2. 2. 2. 2. 2. 2. 2. 2. 2.]
 [2. 2. 2. 2. 2. 2. 2. 2. 2. 2. 2.]]
Cv: [[0. 0. 0. 0. 0. 0. 0. 0. 0. 0.]
 [2. 2. 2. 2. 2. 2. 2. 2. 2. 2.]
 [2. 2. 2. 2. 2. 2. 2. 2. 2. 2.]
 [2. 2. 2. 2. 2. 2. 2. 2. 2. 2.]
 [2. 2. 2. 2. 2. 2. 2. 2. 2. 2.]
 [2. 2. 2. 2. 2. 2. 2. 2. 2. 2.]
 [2. 2. 2. 2. 2. 2. 2. 2. 2. 2.]
 [2. 2. 2. 2. 2. 2. 2. 2. 2. 2.]
 [2. 2. 2. 2. 2. 2. 2. 2. 2. 2.]
 [2. 2. 2. 2. 2. 2. 2. 2. 2. 2.]]
Rh: [[13.69934861  1.01309429  3.31870567  1.73569256 17.59872239 11.69050597
   5.47284738  4.35423308  4.27327548 15.788896    2.66361854]
 [ 1.57864377  2.68248354  1.70270825  2.16568494  5.15837606  7.46058007
  12.5187863  10.47562006 12.62958613  1.56508528  3.40349022]
 [ 1.63864753  1.54954608  1.17567995  6.61441887 11.63628269 18.10783517
   1.54616716  2.2833619   1.18877986  3.90357113 13.65543707]
 [ 1.19158801  3.06896473  3.51290334  1.28335787 12.80993099 15.26788827
   8.78604695  1.97634441  1.03835635  2.31325004 17.34395183]
 [14.74519926  1.50882542  8.13329635  2.52039163 15.92665081 12.37076782
   2.74166493  1.06901977 13.10354219 11.52223358  1.93162462]
 [ 7.07582453 11.65322391  2.14578493  2.4664352  16.19531927 12.28414793
   3.52952214  2.84525857  1.6813576   2.39062807  6.72554016]
 [ 3.33291575  7.2173029   1.64561504 17.75114688 14.75668829  2.39840961
   6.45919555  6.36840521 16.80713724  2.33791231  3.62784833]
 [16.41659981  4.13373227  9.0338353   3.04747535  3.36693428 15.25623555
  12.25829942  1.72559772  7.77299766  8.32340822  9.47567094]
 [ 6.528626    1.14147493  2.17763477  7.22613639  1.80288722  1.08499421
   5.93622323 12.35654311  4.64811044 11.16424901  8.24107296]
 [ 1.13697578 17.34816025  1.43232324  2.3856824  17.15879637 14.29018479
  12.58023088  6.71586924  4.09803466 16.84234994  2.06225615]]
Rv: [[ 1.95191049  2.88792853  1.03121665  8.72624461 10.97731404  4.5784276
   1.75394909  8.27014451 12.53086411  1.0183088 ]
 [13.15121765  2.11886096 15.72556539  7.35890093  3.39240423  1.44670894
   4.65731525  2.22001083  1.12426831  9.74054503]
 [ 4.33749832  4.38974097 16.63620024  3.81495887  4.15557461  5.11509046
   2.47346239  4.60766649  4.88769887 15.80520066]
 [ 4.20249434  3.66558398  7.64331459 15.79783533  1.3891901   7.06044389
   3.24909806 13.97350375  6.94744386  1.08974587]
 [ 1.70735063  5.68514563  1.90204782 15.71792642 11.65911661  5.05572368
   9.39601482  2.73708818  4.41774198  2.04828463]
 [18.21871787  1.59380718  5.09345702  3.84622624  3.09022628  4.49558896
   2.51676861  3.09954077  6.58588292  1.50953335]
 [ 2.67055209  1.18937965  5.47029322  8.43437295  1.67400831  1.19133497
   1.92162813  1.31701859 16.47984057 12.10772545]
 [ 3.87726363  2.08563522  1.00494511 16.69348799  5.05804577  1.13020817
   8.36948501  1.34402108  1.08793916 17.93996168]
 [ 6.89821625  7.18851455  1.40614743 14.28184076  3.1249613  17.55604735
   9.12735153  7.43027412  1.14026025  1.50972788]]