-------Running parameters--------
T = 0.001
temperature_gradient = 0.0
gap = 0.2
M = 10
N = 10
VR = 0.0
Vmin = 0.0
Vmax = 1.2
vStep = 0.001
vSym = True
repeats = 20
fileName = array_10_10_disorder_c_std_0.1_r_std_1_run_1
dist = exp
fullOutput = True
use_graph = False
current_map = True
plot_current_map = False
plot_binary_current_map = False
frame_norm = False
dbg = False
resume = False
sc = True
leaping = False
constQ = False
modifyR = False
double_time = False
double_loop = False
output_folder = bgu_2d_superconducting_array
params_path = 
VG_avg = 0.0
VG_std = 0.0
C_avg = 2.0
C_std = 0.1
CG_avg = 10.0
CG_std = 0.0
R_avg = 10.0
R_std = 1.0
custom_rh = ""
custom_rv = ""
custom_ch = ""
custom_cv = ""
RG_avg = 500.0
RG_std = 0.0
n0_avg = 0.0
n0_std = 0.0
Q0_avg = 0.0
Q0_std = 0.0
----Array Parameters-----
Rows: 10
Columns: 10
VG: [[0.]
 [0.]
 [0.]
 [0.]
 [0.]
 [0.]
 [0.]
 [0.]
 [0.]
 [0.]
 [0.]
 [0.]
 [0.]
 [0.]
 [0.]
 [0.]
 [0.]
 [0.]
 [0.]
 [0.]
 [0.]
 [0.]
 [0.]
 [0.]
 [0.]
 [0.]
 [0.]
 [0.]
 [0.]
 [0.]
 [0.]
 [0.]
 [0.]
 [0.]
 [0.]
 [0.]
 [0.]
 [0.]
 [0.]
 [0.]
 [0.]
 [0.]
 [0.]
 [0.]
 [0.]
 [0.]
 [0.]
 [0.]
 [0.]
 [0.]
 [0.]
 [0.]
 [0.]
 [0.]
 [0.]
 [0.]
 [0.]
 [0.]
 [0.]
 [0.]
 [0.]
 [0.]
 [0.]
 [0.]
 [0.]
 [0.]
 [0.]
 [0.]
 [0.]
 [0.]
 [0.]
 [0.]
 [0.]
 [0.]
 [0.]
 [0.]
 [0.]
 [0.]
 [0.]
 [0.]
 [0.]
 [0.]
 [0.]
 [0.]
 [0.]
 [0.]
 [0.]
 [0.]
 [0.]
 [0.]
 [0.]
 [0.]
 [0.]
 [0.]
 [0.]
 [0.]
 [0.]
 [0.]
 [0.]
 [0.]]
CG: [[10.]
 [10.]
 [10.]
 [10.]
 [10.]
 [10.]
 [10.]
 [10.]
 [10.]
 [10.]
 [10.]
 [10.]
 [10.]
 [10.]
 [10.]
 [10.]
 [10.]
 [10.]
 [10.]
 [10.]
 [10.]
 [10.]
 [10.]
 [10.]
 [10.]
 [10.]
 [10.]
 [10.]
 [10.]
 [10.]
 [10.]
 [10.]
 [10.]
 [10.]
 [10.]
 [10.]
 [10.]
 [10.]
 [10.]
 [10.]
 [10.]
 [10.]
 [10.]
 [10.]
 [10.]
 [10.]
 [10.]
 [10.]
 [10.]
 [10.]
 [10.]
 [10.]
 [10.]
 [10.]
 [10.]
 [10.]
 [10.]
 [10.]
 [10.]
 [10.]
 [10.]
 [10.]
 [10.]
 [10.]
 [10.]
 [10.]
 [10.]
 [10.]
 [10.]
 [10.]
 [10.]
 [10.]
 [10.]
 [10.]
 [10.]
 [10.]
 [10.]
 [10.]
 [10.]
 [10.]
 [10.]
 [10.]
 [10.]
 [10.]
 [10.]
 [10.]
 [10.]
 [10.]
 [10.]
 [10.]
 [10.]
 [10.]
 [10.]
 [10.]
 [10.]
 [10.]
 [10.]
 [10.]
 [10.]
 [10.]]
RG: [[500.]
 [500.]
 [500.]
 [500.]
 [500.]
 [500.]
 [500.]
 [500.]
 [500.]
 [500.]
 [500.]
 [500.]
 [500.]
 [500.]
 [500.]
 [500.]
 [500.]
 [500.]
 [500.]
 [500.]
 [500.]
 [500.]
 [500.]
 [500.]
 [500.]
 [500.]
 [500.]
 [500.]
 [500.]
 [500.]
 [500.]
 [500.]
 [500.]
 [500.]
 [500.]
 [500.]
 [500.]
 [500.]
 [500.]
 [500.]
 [500.]
 [500.]
 [500.]
 [500.]
 [500.]
 [500.]
 [500.]
 [500.]
 [500.]
 [500.]
 [500.]
 [500.]
 [500.]
 [500.]
 [500.]
 [500.]
 [500.]
 [500.]
 [500.]
 [500.]
 [500.]
 [500.]
 [500.]
 [500.]
 [500.]
 [500.]
 [500.]
 [500.]
 [500.]
 [500.]
 [500.]
 [500.]
 [500.]
 [500.]
 [500.]
 [500.]
 [500.]
 [500.]
 [500.]
 [500.]
 [500.]
 [500.]
 [500.]
 [500.]
 [500.]
 [500.]
 [500.]
 [500.]
 [500.]
 [500.]
 [500.]
 [500.]
 [500.]
 [500.]
 [500.]
 [500.]
 [500.]
 [500.]
 [500.]
 [500.]]
Ch: [[1.9776844  2.09470167 2.05341181 2.09076572 1.91849037 2.00380389
  2.04108082 1.95069101 2.09060089 2.01621313 2.03693623]
 [2.04019168 1.94166277 1.99535576 1.99918877 2.02494904 2.00824772
  1.98784996 2.007257   2.06456576 2.01172386 1.93109148]
 [2.02010408 2.00149694 2.06950418 1.95795514 1.93784408 1.91341681
  2.06566738 2.04798235 2.07123975 1.96256689 1.93925065]
 [2.09409808 1.97400194 1.96457572 2.04122267 2.05049973 1.99979807
  2.01626    1.96512004 2.08113249 2.0122522  2.05245311]
 [1.93721594 2.0621748  2.06922081 1.91791032 1.98319278 2.01084391
  2.02901022 1.93189984 2.05815379 1.9008346  1.969329  ]
 [2.00404175 1.99431078 1.95596885 2.07688149 1.90674585 1.94967947
  2.05816893 2.02712281 2.05954868 1.96809694 1.9940004 ]
 [2.06383298 1.93313031 1.91246058 2.00519878 2.03741599 2.0096413
  2.00297888 2.07858451 1.97310338 1.98435588 2.00874769]
 [1.97621726 1.91710602 2.06448415 1.94491949 2.02378439 1.96211412
  2.06869209 2.00375278 2.03551232 1.94797813 2.0505807 ]
 [2.05992245 1.98071601 1.93767157 1.97587592 2.05856332 2.08599171
  1.97458069 1.94890978 1.94447363 2.02536571 2.05553625]
 [1.93537164 1.98624938 1.91848135 2.0575799  1.9998051  2.05855542
  1.99844743 1.9363017  2.02079499 2.0007669  2.05727193]]
Cv: [[0.         0.         0.         0.         0.         0.
  0.         0.         0.         0.        ]
 [1.99271737 2.00951414 1.98089444 1.97145152 1.97847684 2.09423721
  1.98638981 2.07414082 2.0310395  2.07732946]
 [1.99957269 1.91356076 2.0905327  1.93586943 1.99262263 1.99622971
  2.08706671 2.0014736  2.02357508 2.05877172]
 [1.9032353  1.98998882 1.97585474 1.9455491  2.03384108 2.02849707
  2.08912148 1.92398592 1.95146775 1.94498677]
 [1.920058   1.94905521 1.98579467 1.92737225 2.02939436 2.00767297
  2.00808706 2.07607653 1.90373172 2.03169096]
 [1.96684626 2.04189465 2.01806706 2.09592014 1.90515486 1.9181137
  1.98210471 1.91565035 2.07077457 1.90907235]
 [1.94582045 1.9862677  2.07260457 2.02994925 2.0981642  1.96035969
  2.0279883  2.04490979 1.94143855 2.05748282]
 [1.93980566 1.96657771 2.06750717 2.04216093 1.9219443  1.96470876
  1.98874984 1.92025783 1.90259949 1.99967215]
 [2.07056698 1.9946353  2.05271874 1.94535325 2.05824746 1.94984482
  1.99644356 2.0530198  2.08234652 2.06365318]
 [1.96276841 1.90030213 2.07439387 2.08204398 2.09398309 1.97594506
  1.92007684 1.94214408 1.98862476 1.9496465 ]]
Rh: [[10.78370458  9.59301833  9.90267866  9.7761466   9.41013606 10.40354349
  10.4738556   9.30361883 10.9915363  10.50071126 10.5932556 ]
 [ 9.98223151  9.33986798  9.19655552  9.36610026 10.70503348 10.11596569
  10.23149288  9.00812729  9.4100207   9.17470116  9.50724678]
 [10.74146852 10.32538716  9.88492419 10.17543268  9.27849696  9.73319312
   9.49435376 10.42435431  9.85714948  9.58302346  9.61845537]
 [ 9.33347633  9.1027108   9.27239055  9.82317415  9.1725769   9.23600872
  10.09019563 10.40319081  9.50390609  9.0329836  10.82355996]
 [ 9.54902104  9.02924433  9.16416292  9.85662192 10.78070091  9.75122228
  10.4300882   9.99042754 10.87221765  9.23788911  9.00995989]
 [10.7755645   9.12544107  9.93787335  9.02895905  9.73436386  9.34258034
   9.41271214  9.61551016  9.92203178  9.97677741  9.03341835]
 [ 9.87536878 10.0333115   9.06276147  9.93892325 10.59151862 10.81953489
   9.67951971 10.77547744  9.27639545  9.34477914  9.04859513]
 [ 9.70911742  9.41969588  9.84532583  9.97998849  9.03823779  9.47948547
   9.99800059  9.43734689 10.99355542 10.67711922  9.21875382]
 [10.68805084  9.21570208 10.85607269  9.04089793  9.29543344  9.96051917
   9.95835476  9.42937462  9.92651523  9.23928036 10.90947318]
 [10.87579198 10.5448867   9.128152   10.9975713   9.82548646 10.90938998
  10.4406076   9.91215787 10.53733326  9.41290562  9.40622591]]
Rv: [[ 9.56945297  9.6992529   9.19682281 10.87910486  9.46392711 10.11119552
   9.21198691  9.80168644  9.66848664 10.24185363]
 [10.60765067  9.45928257  9.21472932  9.65649747 10.20351702 10.72073452
  10.91198469  9.89929875 10.6128148  10.83129119]
 [ 9.49541642 10.42578546 10.45652286 10.07575471 10.82175164 10.46149344
   9.58978416  9.73852253  9.19361508 10.50473909]
 [ 9.92590384  9.76027178 10.99902757 10.11262759 10.26378296  9.08192019
   9.38453287  9.70339764 10.17214865  9.95463666]
 [10.10623449 10.92461478  9.84156924 10.05149516 10.48307889  9.50614879
   9.36819576  9.84237121  9.98418439  9.48400222]
 [ 9.12026107 10.96299053  9.91522529  9.31781577  9.14618615 10.20274748
  10.6147475   9.77720009  9.69783649  9.71605561]
 [ 9.73474668  9.71287232  9.70376596 10.52854766 10.91307398  9.5329897
   9.06434095  9.15999601  9.66635809  9.00724714]
 [ 9.80541368 10.39038602  9.16996706  9.48536221 10.64745033  9.09493844
   9.28992205 10.76129972 10.19563173  9.57808279]
 [10.57234309 10.50651821 10.67996676 10.46011071  9.51353395 10.13497222
   9.31420292  9.7163013  10.37071521  9.25201831]]