-------Running parameters--------
T = 0.001
temperature_gradient = 0.0
gap = 0.2
M = 10
N = 10
VR = 0.0
Vmin = 0.0
Vmax = 1.2
vStep = 0.001
vSym = True
repeats = 20
fileName = array_10_10_disorder_c_std_1_r_std_5_run_5
dist = exp
fullOutput = True
use_graph = False
current_map = True
plot_current_map = False
plot_binary_current_map = False
frame_norm = False
dbg = False
resume = False
sc = True
leaping = False
constQ = False
modifyR = False
double_time = False
double_loop = False
output_folder = bgu_2d_superconducting_array
params_path = 
VG_avg = 0.0
VG_std = 0.0
C_avg = 2.0
C_std = 1.0
CG_avg = 10.0
CG_std = 0.0
R_avg = 10.0
R_std = 5.0
custom_rh = ""
custom_rv = ""
custom_ch = ""
custom_cv = ""
RG_avg = 500.0
RG_std = 0.0
n0_avg = 0.0
n0_std = 0.0
Q0_avg = 0.0
Q0_std = 0.0
----Array Parameters-----
Rows: 10
Columns: 10
VG: [[0.]
 [0.]
 [0.]
 [0.]
 [0.]
 [0.]
 [0.]
 [0.]
 [0.]
 [0.]
 [0.]
 [0.]
 [0.]
 [0.]
 [0.]
 [0.]
 [0.]
 [0.]
 [0.]
 [0.]
 [0.]
 [0.]
 [0.]
 [0.]
 [0.]
 [0.]
 [0.]
 [0.]
 [0.]
 [0.]
 [0.]
 [0.]
 [0.]
 [0.]
 [0.]
 [0.]
 [0.]
 [0.]
 [0.]
 [0.]
 [0.]
 [0.]
 [0.]
 [0.]
 [0.]
 [0.]
 [0.]
 [0.]
 [0.]
 [0.]
 [0.]
 [0.]
 [0.]
 [0.]
 [0.]
 [0.]
 [0.]
 [0.]
 [0.]
 [0.]
 [0.]
 [0.]
 [0.]
 [0.]
 [0.]
 [0.]
 [0.]
 [0.]
 [0.]
 [0.]
 [0.]
 [0.]
 [0.]
 [0.]
 [0.]
 [0.]
 [0.]
 [0.]
 [0.]
 [0.]
 [0.]
 [0.]
 [0.]
 [0.]
 [0.]
 [0.]
 [0.]
 [0.]
 [0.]
 [0.]
 [0.]
 [0.]
 [0.]
 [0.]
 [0.]
 [0.]
 [0.]
 [0.]
 [0.]
 [0.]]
CG: [[10.]
 [10.]
 [10.]
 [10.]
 [10.]
 [10.]
 [10.]
 [10.]
 [10.]
 [10.]
 [10.]
 [10.]
 [10.]
 [10.]
 [10.]
 [10.]
 [10.]
 [10.]
 [10.]
 [10.]
 [10.]
 [10.]
 [10.]
 [10.]
 [10.]
 [10.]
 [10.]
 [10.]
 [10.]
 [10.]
 [10.]
 [10.]
 [10.]
 [10.]
 [10.]
 [10.]
 [10.]
 [10.]
 [10.]
 [10.]
 [10.]
 [10.]
 [10.]
 [10.]
 [10.]
 [10.]
 [10.]
 [10.]
 [10.]
 [10.]
 [10.]
 [10.]
 [10.]
 [10.]
 [10.]
 [10.]
 [10.]
 [10.]
 [10.]
 [10.]
 [10.]
 [10.]
 [10.]
 [10.]
 [10.]
 [10.]
 [10.]
 [10.]
 [10.]
 [10.]
 [10.]
 [10.]
 [10.]
 [10.]
 [10.]
 [10.]
 [10.]
 [10.]
 [10.]
 [10.]
 [10.]
 [10.]
 [10.]
 [10.]
 [10.]
 [10.]
 [10.]
 [10.]
 [10.]
 [10.]
 [10.]
 [10.]
 [10.]
 [10.]
 [10.]
 [10.]
 [10.]
 [10.]
 [10.]
 [10.]]
RG: [[500.]
 [500.]
 [500.]
 [500.]
 [500.]
 [500.]
 [500.]
 [500.]
 [500.]
 [500.]
 [500.]
 [500.]
 [500.]
 [500.]
 [500.]
 [500.]
 [500.]
 [500.]
 [500.]
 [500.]
 [500.]
 [500.]
 [500.]
 [500.]
 [500.]
 [500.]
 [500.]
 [500.]
 [500.]
 [500.]
 [500.]
 [500.]
 [500.]
 [500.]
 [500.]
 [500.]
 [500.]
 [500.]
 [500.]
 [500.]
 [500.]
 [500.]
 [500.]
 [500.]
 [500.]
 [500.]
 [500.]
 [500.]
 [500.]
 [500.]
 [500.]
 [500.]
 [500.]
 [500.]
 [500.]
 [500.]
 [500.]
 [500.]
 [500.]
 [500.]
 [500.]
 [500.]
 [500.]
 [500.]
 [500.]
 [500.]
 [500.]
 [500.]
 [500.]
 [500.]
 [500.]
 [500.]
 [500.]
 [500.]
 [500.]
 [500.]
 [500.]
 [500.]
 [500.]
 [500.]
 [500.]
 [500.]
 [500.]
 [500.]
 [500.]
 [500.]
 [500.]
 [500.]
 [500.]
 [500.]
 [500.]
 [500.]
 [500.]
 [500.]
 [500.]
 [500.]
 [500.]
 [500.]
 [500.]
 [500.]]
Ch: [[1.27757179 1.45393569 2.77122381 1.63334166 1.35985821 2.38066703
  1.00937655 2.49073503 1.53398246 1.38622223 1.44269836]
 [1.18259283 2.77370014 2.45160779 1.72178152 1.02066859 1.58158013
  1.20400622 2.59649591 1.38950021 2.47630772 2.40183314]
 [1.16296453 1.82153039 1.23281893 2.95794824 1.04297437 2.48003747
  2.52860693 1.10782275 1.44564151 2.44212703 2.76835697]
 [1.09859833 1.10184085 1.68023563 2.62000765 2.09674338 1.97838558
  1.9957498  1.29491411 1.17579601 2.47835202 2.88620412]
 [2.01694317 1.98672012 2.22785258 2.39320692 1.42211502 2.28489431
  2.45774562 2.32505896 1.10362698 1.04512833 1.83533005]
 [2.91884992 1.71379594 1.95203513 1.79242062 1.16943761 1.40716291
  1.60008381 1.37085252 1.01440551 2.51390935 1.39225982]
 [1.20631355 1.22245465 1.68409409 2.46202285 1.00963882 2.2637165
  1.03035373 1.5035457  1.17678342 2.90229327 2.61974772]
 [2.52728886 1.53005126 1.06972265 1.388859   1.06073361 2.06156773
  1.75747263 1.09368027 1.35983542 1.58350009 1.16215438]
 [2.5132602  1.51556131 1.54746876 1.07575488 1.07253328 2.82340537
  1.46726918 1.18053377 1.20691899 2.82899952 1.52784081]
 [1.43257501 1.64952097 2.52407345 1.46277322 2.41911014 1.27410628
  2.64032607 1.1702181  1.50225222 2.51178956 1.6766347 ]]
Cv: [[0.         0.         0.         0.         0.         0.
  0.         0.         0.         0.        ]
 [2.28981792 1.93665661 1.35483703 2.51269793 1.13967561 1.80190301
  2.00592572 2.48004674 1.5933943  1.179475  ]
 [1.63363905 1.37313238 2.9696599  1.26164032 1.23225894 1.39961142
  1.88805042 1.7317432  1.20749147 1.13420392]
 [1.90665534 2.1274896  2.47494748 1.15598933 2.00162269 2.80134244
  2.34642887 1.32858708 1.07272867 1.682081  ]
 [1.46331297 1.40769025 2.59836247 1.81095499 1.05131593 1.37215454
  2.39593667 2.4616586  1.45633464 1.64613459]
 [2.86056713 1.27379299 1.77183396 1.68828661 1.05120057 1.59098178
  1.33607162 1.67438261 1.05525064 1.61937602]
 [1.97533994 1.47559814 2.41861429 2.62168611 1.54048709 2.1025058
  1.10251529 1.61304809 1.28765109 1.54231823]
 [2.14058022 1.4937867  1.5253001  2.3674754  2.3003331  1.08767504
  2.274024   2.0484242  1.43570291 1.09555082]
 [1.35755483 2.26142215 2.52572033 1.06988213 1.1510285  1.39121112
  1.25927906 2.34101353 2.09314336 2.48240806]
 [2.82969755 2.27602284 2.36015108 1.13311071 1.43414322 2.10911794
  1.11607545 2.09716758 1.14784225 1.74462485]]
Rh: [[14.36349362  5.42760757  6.39070501 12.7189133   5.96092661 11.09701813
   5.89913333 10.84772172 10.33748342  7.25470078  9.81358919]
 [13.04991076  7.87346562 12.89210312 13.86210448  7.96782068 11.87040881
   7.72235511  8.82352945  5.94892716  8.76966474  5.91885359]
 [ 5.23499341 11.30140541 10.10853807  5.97160833  5.17445297  6.62963058
   5.70671541 14.87366658  7.09749351 10.09970499 14.26206697]
 [14.91305604  8.34733519  6.32174576  5.51425762 10.01681064 14.70164718
   8.97602402 10.28393378 14.07183417  9.53461568  7.31837384]
 [14.02225179 10.27301661 12.70909941  8.43597353 13.79264262 11.65346818
  11.81779086 10.30609864 11.99251297  5.28837821 12.24151734]
 [ 8.4118955  11.30767536  7.45924576  6.7021382   6.22100481  5.33946784
   7.20098961  9.47648212  6.47969464  8.56979394 14.98961451]
 [10.71919075  5.80682965  5.49529179 13.42512545  7.41128593  5.3785552
   9.09090226  9.19482447  5.53743405 10.68984766  8.49097049]
 [11.17065028  7.65970843  6.95677913 12.34980543  7.62521976  8.07962114
   5.35905957 12.33370356 11.22875167 14.67901074  6.86662033]
 [ 7.11108054  5.9499601   5.24395515 13.58877792  5.64173889  7.52590773
  12.88980659  6.72672484  8.99691956  8.32798482  7.5767665 ]
 [ 6.11868305  8.844212    5.79551021  5.01261887  5.81221422  5.38602673
  13.64616003  6.13045659 12.71129392 10.93015777  8.83546111]]
Rv: [[ 9.67616115 12.50828321 11.61790607  5.32188427  9.85543359  8.81236978
  13.4584632   6.34116133 14.78690461  8.04656584]
 [ 7.94755457  8.61963669 12.04939572  7.67234732  7.16420033 13.56453491
   9.18707649  5.78744916  9.2668329   8.7875477 ]
 [ 7.11786775 11.3322765   9.39652244 13.33998085  7.22019334 12.561322
   7.81915677 14.48101297 11.91943183  6.33557177]
 [ 6.67224042  7.95410226 11.6765924  14.50337225 10.43151028 10.64799667
  14.11762446  8.27053121 14.47808876 12.67518942]
 [ 8.67727875 10.77252064  6.42192121  5.80092399  6.2399597   9.22764887
   8.22070514  8.38857542  9.7972485   5.28467288]
 [14.78897657  6.0184311   7.1661938   9.6107172   6.05555447 12.64107005
   5.90089048 12.79218078 10.48284004  7.3492967 ]
 [13.10333692  6.4770179   5.45535694  7.15502606  5.67757464 10.03456255
  10.43641961  8.26360008  9.69697189  5.81241046]
 [14.5190091   7.61648766  5.42640284  7.4372538  14.01882433  5.05937033
  14.08528184 13.49288812 11.94121321 11.52850759]
 [ 5.6489247  13.71349139  8.46461205 13.089368    8.96232594 10.18459778
  12.1738243   9.6564309  11.27129126  9.3769252 ]]