-------Running parameters--------
T = 0.001
temperature_gradient = 0.0
gap = 0.2
M = 10
N = 10
VR = 0.0
Vmin = 0.0
Vmax = 1.2
vStep = 0.001
vSym = True
repeats = 20
fileName = array_10_10_disorder_c_std_0.5_r_std_5_run_4
dist = exp
fullOutput = True
use_graph = False
current_map = True
plot_current_map = False
plot_binary_current_map = False
frame_norm = False
dbg = False
resume = False
sc = True
leaping = False
constQ = False
modifyR = False
double_time = False
double_loop = False
output_folder = bgu_2d_superconducting_array
params_path = 
VG_avg = 0.0
VG_std = 0.0
C_avg = 2.0
C_std = 0.5
CG_avg = 10.0
CG_std = 0.0
R_avg = 10.0
R_std = 5.0
custom_rh = ""
custom_rv = ""
custom_ch = ""
custom_cv = ""
RG_avg = 500.0
RG_std = 0.0
n0_avg = 0.0
n0_std = 0.0
Q0_avg = 0.0
Q0_std = 0.0
----Array Parameters-----
Rows: 10
Columns: 10
VG: [[0.]
 [0.]
 [0.]
 [0.]
 [0.]
 [0.]
 [0.]
 [0.]
 [0.]
 [0.]
 [0.]
 [0.]
 [0.]
 [0.]
 [0.]
 [0.]
 [0.]
 [0.]
 [0.]
 [0.]
 [0.]
 [0.]
 [0.]
 [0.]
 [0.]
 [0.]
 [0.]
 [0.]
 [0.]
 [0.]
 [0.]
 [0.]
 [0.]
 [0.]
 [0.]
 [0.]
 [0.]
 [0.]
 [0.]
 [0.]
 [0.]
 [0.]
 [0.]
 [0.]
 [0.]
 [0.]
 [0.]
 [0.]
 [0.]
 [0.]
 [0.]
 [0.]
 [0.]
 [0.]
 [0.]
 [0.]
 [0.]
 [0.]
 [0.]
 [0.]
 [0.]
 [0.]
 [0.]
 [0.]
 [0.]
 [0.]
 [0.]
 [0.]
 [0.]
 [0.]
 [0.]
 [0.]
 [0.]
 [0.]
 [0.]
 [0.]
 [0.]
 [0.]
 [0.]
 [0.]
 [0.]
 [0.]
 [0.]
 [0.]
 [0.]
 [0.]
 [0.]
 [0.]
 [0.]
 [0.]
 [0.]
 [0.]
 [0.]
 [0.]
 [0.]
 [0.]
 [0.]
 [0.]
 [0.]
 [0.]]
CG: [[10.]
 [10.]
 [10.]
 [10.]
 [10.]
 [10.]
 [10.]
 [10.]
 [10.]
 [10.]
 [10.]
 [10.]
 [10.]
 [10.]
 [10.]
 [10.]
 [10.]
 [10.]
 [10.]
 [10.]
 [10.]
 [10.]
 [10.]
 [10.]
 [10.]
 [10.]
 [10.]
 [10.]
 [10.]
 [10.]
 [10.]
 [10.]
 [10.]
 [10.]
 [10.]
 [10.]
 [10.]
 [10.]
 [10.]
 [10.]
 [10.]
 [10.]
 [10.]
 [10.]
 [10.]
 [10.]
 [10.]
 [10.]
 [10.]
 [10.]
 [10.]
 [10.]
 [10.]
 [10.]
 [10.]
 [10.]
 [10.]
 [10.]
 [10.]
 [10.]
 [10.]
 [10.]
 [10.]
 [10.]
 [10.]
 [10.]
 [10.]
 [10.]
 [10.]
 [10.]
 [10.]
 [10.]
 [10.]
 [10.]
 [10.]
 [10.]
 [10.]
 [10.]
 [10.]
 [10.]
 [10.]
 [10.]
 [10.]
 [10.]
 [10.]
 [10.]
 [10.]
 [10.]
 [10.]
 [10.]
 [10.]
 [10.]
 [10.]
 [10.]
 [10.]
 [10.]
 [10.]
 [10.]
 [10.]
 [10.]]
RG: [[500.]
 [500.]
 [500.]
 [500.]
 [500.]
 [500.]
 [500.]
 [500.]
 [500.]
 [500.]
 [500.]
 [500.]
 [500.]
 [500.]
 [500.]
 [500.]
 [500.]
 [500.]
 [500.]
 [500.]
 [500.]
 [500.]
 [500.]
 [500.]
 [500.]
 [500.]
 [500.]
 [500.]
 [500.]
 [500.]
 [500.]
 [500.]
 [500.]
 [500.]
 [500.]
 [500.]
 [500.]
 [500.]
 [500.]
 [500.]
 [500.]
 [500.]
 [500.]
 [500.]
 [500.]
 [500.]
 [500.]
 [500.]
 [500.]
 [500.]
 [500.]
 [500.]
 [500.]
 [500.]
 [500.]
 [500.]
 [500.]
 [500.]
 [500.]
 [500.]
 [500.]
 [500.]
 [500.]
 [500.]
 [500.]
 [500.]
 [500.]
 [500.]
 [500.]
 [500.]
 [500.]
 [500.]
 [500.]
 [500.]
 [500.]
 [500.]
 [500.]
 [500.]
 [500.]
 [500.]
 [500.]
 [500.]
 [500.]
 [500.]
 [500.]
 [500.]
 [500.]
 [500.]
 [500.]
 [500.]
 [500.]
 [500.]
 [500.]
 [500.]
 [500.]
 [500.]
 [500.]
 [500.]
 [500.]
 [500.]]
Ch: [[2.18987023 1.50845243 1.60057824 2.39445775 1.96734627 1.7076724
  1.52669471 1.6580831  1.80888433 2.43317096 2.45427667]
 [1.86018849 1.71178041 1.83297783 2.4950328  1.66559504 1.77155543
  1.88059299 1.53112047 1.60893527 1.55370886 1.79340094]
 [1.75610401 1.81576615 2.09725586 1.51944344 1.78763923 1.74064532
  1.71926806 1.97037616 1.69946808 2.39128762 1.50815762]
 [1.65990789 2.22157658 1.88621202 2.07875636 1.8471713  1.51424698
  1.66441481 1.6901245  1.60567117 2.13242684 1.98756768]
 [1.91062682 2.1332473  2.4058051  2.41761731 1.92370608 1.85085019
  1.66474537 1.52004513 2.18268628 2.15273418 2.15977699]
 [1.8924352  1.54059546 1.56892768 2.09434449 1.55974985 1.76125544
  2.30718483 1.73863601 1.94243171 2.23844664 1.9085077 ]
 [2.01353551 2.07202603 2.25566035 2.46678505 2.12270343 1.53202015
  2.32282675 2.10195379 2.07122643 1.70953259 2.2749741 ]
 [1.79533382 2.15964749 1.65287522 1.80273667 2.38155666 1.95540048
  1.86694429 2.09766772 1.75877299 2.03930968 2.16875215]
 [1.53557357 1.61024855 2.48433312 2.4800804  1.64157715 2.24976557
  1.68210515 1.74251323 1.71359557 2.43572422 2.00666296]
 [2.30558716 1.59365656 2.16716505 2.31185351 1.66866319 2.3992429
  2.07614454 2.01353764 2.01933966 2.05556913 2.3350576 ]]
Cv: [[0.         0.         0.         0.         0.         0.
  0.         0.         0.         0.        ]
 [1.92147855 1.54049763 2.32871106 2.0720535  2.00133145 1.8222515
  1.51227419 2.39388573 1.54985386 1.66002243]
 [2.3140497  2.02933449 1.62225545 1.76321333 2.03191247 2.31866678
  1.91671145 1.81762255 2.24328522 1.96836647]
 [2.17541165 2.29860756 1.9199992  2.01178977 2.15863161 2.46427917
  1.8402251  1.92101167 2.25986907 1.60900771]
 [1.96217177 2.11279128 1.59995609 2.09291037 1.81245431 1.53434252
  1.51895933 1.65298326 1.83625244 1.5486627 ]
 [1.6906181  1.73240113 1.92836022 2.17171897 1.72573587 1.56416244
  2.15707107 2.04615405 1.63956895 1.71579092]
 [2.39170613 2.31381278 2.05038461 2.39538371 2.40911082 1.88475047
  2.05127529 1.78248199 2.41594826 2.23269609]
 [2.43542476 1.66964086 1.76809717 2.12667065 2.2609577  2.24085144
  1.9137403  1.56228088 2.30914196 1.84331173]
 [2.05197208 1.80613825 2.24398521 1.74827862 2.25177161 2.03413955
  2.14948072 1.76295773 1.82671858 1.80502265]
 [2.38842189 2.01703842 1.81933114 1.55969643 1.81333769 2.27873744
  2.08642394 2.47232326 2.25152437 2.42104736]]
Rh: [[ 5.77946921  6.49024625 11.9838151  11.1495179   7.44406467 12.74056191
  14.26167649 10.03504936 12.91354105 10.5003074   6.20820187]
 [12.35935548  6.39483014  6.46159745 13.88823776 11.73142362 14.147579
  10.97615387  7.92618426  9.99080491 13.28819887  9.89035092]
 [12.32297806  9.30045457  8.37913558 11.85922683  8.92864674  6.46445474
   7.2114029  12.28080778 12.34503159  6.29558796  9.56767012]
 [ 6.69830056 11.09159031  5.43403321  6.18557853 13.05999634 10.44973638
   7.5713412   6.50919367 11.52354558 10.11401878 14.24459281]
 [ 7.09418612  6.40805266  9.92079701  7.26756321 14.5627981  12.75952194
   5.00163757  9.91604473 12.29813433 10.49323215 12.13241437]
 [12.34796689  6.36802089 13.87215107  5.37533138 10.30233804  8.33273155
  11.19498449 13.33148071  8.79920304  5.04816104  7.88166395]
 [ 7.33584523  5.1014722   5.58747363 14.59210597  6.61049087  7.74815093
   7.18198482 14.0762627   6.05992624  7.93562663 12.20120244]
 [ 8.33654266 10.48216793 12.37856    12.43034704  5.22097681 14.74168215
  13.95547725 10.54679369 13.06955204  8.05400312 13.04155402]
 [ 7.24283454  5.43606873  6.06186001 14.18658148  9.24137933 12.4022207
   9.06604369 11.65152904  7.89531325 12.62527546  7.17300272]
 [ 5.75765231 10.39509804 14.5574626   5.27397722  6.98020357 10.74350132
   6.9650761  14.00106699  6.64204266 12.17632939  5.7672564 ]]
Rv: [[ 7.51233952 12.66251888 10.80428375 12.58816319  8.56894027 11.50107438
   5.38330642  6.32857423  9.19756854 10.46379605]
 [ 7.68612603 11.83465401  7.21923368  6.01698259  5.85753646 10.88590359
   8.98327102 11.92965183  5.61254488  6.06539484]
 [10.67600197  9.45297936  6.24975129  8.95720679 14.15935892 13.61405565
  14.53258147  7.51285778  6.38500109  6.22870278]
 [ 6.60311729  5.03364414 13.58646974  7.93404444  5.05482953  9.75431026
   6.99465897  9.59634553 10.91591231  7.25877084]
 [12.48809052  5.58777062  5.27918575  7.47438629 11.06580626  6.6283866
   5.09218899  8.23795565  7.46328174  5.9649722 ]
 [10.06125721  5.29311753  5.33446238 12.09450665 12.13785994  7.98926409
   8.62301944  5.08832447 10.01915644 10.27156944]
 [ 8.52184358  5.09704947  6.80904405 11.29882805  7.8726199   6.04796783
  12.97324853 14.6950349   5.5817157   5.72448596]
 [ 6.21231558  9.09732421  7.88172443 14.62440224 12.80921912 14.28077497
   6.93590935 13.16601577  6.00645853  7.89085287]
 [ 7.91741997 12.32469445 14.9140015   5.57060476  9.32611767 14.39556171
   8.43501895  6.66061025 11.20348082 10.2112233 ]]