-------Running parameters--------
T = 0.001
temperature_gradient = 0.0
gap = 0.2
M = 10
N = 10
VR = 0.0
Vmin = 0.0
Vmax = 1.2
vStep = 0.001
vSym = True
repeats = 20
fileName = array_10_10_disorder_c_std_0.5_r_std_9_run_5
dist = exp
fullOutput = True
use_graph = False
current_map = True
plot_current_map = False
plot_binary_current_map = False
frame_norm = False
dbg = False
resume = False
sc = True
leaping = False
constQ = False
modifyR = False
double_time = False
double_loop = False
output_folder = bgu_2d_superconducting_array
params_path = 
VG_avg = 0.0
VG_std = 0.0
C_avg = 2.0
C_std = 0.5
CG_avg = 10.0
CG_std = 0.0
R_avg = 10.0
R_std = 9.0
custom_rh = ""
custom_rv = ""
custom_ch = ""
custom_cv = ""
RG_avg = 500.0
RG_std = 0.0
n0_avg = 0.0
n0_std = 0.0
Q0_avg = 0.0
Q0_std = 0.0
----Array Parameters-----
Rows: 10
Columns: 10
VG: [[0.]
 [0.]
 [0.]
 [0.]
 [0.]
 [0.]
 [0.]
 [0.]
 [0.]
 [0.]
 [0.]
 [0.]
 [0.]
 [0.]
 [0.]
 [0.]
 [0.]
 [0.]
 [0.]
 [0.]
 [0.]
 [0.]
 [0.]
 [0.]
 [0.]
 [0.]
 [0.]
 [0.]
 [0.]
 [0.]
 [0.]
 [0.]
 [0.]
 [0.]
 [0.]
 [0.]
 [0.]
 [0.]
 [0.]
 [0.]
 [0.]
 [0.]
 [0.]
 [0.]
 [0.]
 [0.]
 [0.]
 [0.]
 [0.]
 [0.]
 [0.]
 [0.]
 [0.]
 [0.]
 [0.]
 [0.]
 [0.]
 [0.]
 [0.]
 [0.]
 [0.]
 [0.]
 [0.]
 [0.]
 [0.]
 [0.]
 [0.]
 [0.]
 [0.]
 [0.]
 [0.]
 [0.]
 [0.]
 [0.]
 [0.]
 [0.]
 [0.]
 [0.]
 [0.]
 [0.]
 [0.]
 [0.]
 [0.]
 [0.]
 [0.]
 [0.]
 [0.]
 [0.]
 [0.]
 [0.]
 [0.]
 [0.]
 [0.]
 [0.]
 [0.]
 [0.]
 [0.]
 [0.]
 [0.]
 [0.]]
CG: [[10.]
 [10.]
 [10.]
 [10.]
 [10.]
 [10.]
 [10.]
 [10.]
 [10.]
 [10.]
 [10.]
 [10.]
 [10.]
 [10.]
 [10.]
 [10.]
 [10.]
 [10.]
 [10.]
 [10.]
 [10.]
 [10.]
 [10.]
 [10.]
 [10.]
 [10.]
 [10.]
 [10.]
 [10.]
 [10.]
 [10.]
 [10.]
 [10.]
 [10.]
 [10.]
 [10.]
 [10.]
 [10.]
 [10.]
 [10.]
 [10.]
 [10.]
 [10.]
 [10.]
 [10.]
 [10.]
 [10.]
 [10.]
 [10.]
 [10.]
 [10.]
 [10.]
 [10.]
 [10.]
 [10.]
 [10.]
 [10.]
 [10.]
 [10.]
 [10.]
 [10.]
 [10.]
 [10.]
 [10.]
 [10.]
 [10.]
 [10.]
 [10.]
 [10.]
 [10.]
 [10.]
 [10.]
 [10.]
 [10.]
 [10.]
 [10.]
 [10.]
 [10.]
 [10.]
 [10.]
 [10.]
 [10.]
 [10.]
 [10.]
 [10.]
 [10.]
 [10.]
 [10.]
 [10.]
 [10.]
 [10.]
 [10.]
 [10.]
 [10.]
 [10.]
 [10.]
 [10.]
 [10.]
 [10.]
 [10.]]
RG: [[500.]
 [500.]
 [500.]
 [500.]
 [500.]
 [500.]
 [500.]
 [500.]
 [500.]
 [500.]
 [500.]
 [500.]
 [500.]
 [500.]
 [500.]
 [500.]
 [500.]
 [500.]
 [500.]
 [500.]
 [500.]
 [500.]
 [500.]
 [500.]
 [500.]
 [500.]
 [500.]
 [500.]
 [500.]
 [500.]
 [500.]
 [500.]
 [500.]
 [500.]
 [500.]
 [500.]
 [500.]
 [500.]
 [500.]
 [500.]
 [500.]
 [500.]
 [500.]
 [500.]
 [500.]
 [500.]
 [500.]
 [500.]
 [500.]
 [500.]
 [500.]
 [500.]
 [500.]
 [500.]
 [500.]
 [500.]
 [500.]
 [500.]
 [500.]
 [500.]
 [500.]
 [500.]
 [500.]
 [500.]
 [500.]
 [500.]
 [500.]
 [500.]
 [500.]
 [500.]
 [500.]
 [500.]
 [500.]
 [500.]
 [500.]
 [500.]
 [500.]
 [500.]
 [500.]
 [500.]
 [500.]
 [500.]
 [500.]
 [500.]
 [500.]
 [500.]
 [500.]
 [500.]
 [500.]
 [500.]
 [500.]
 [500.]
 [500.]
 [500.]
 [500.]
 [500.]
 [500.]
 [500.]
 [500.]
 [500.]]
Ch: [[1.59415226 1.99271386 1.59856091 1.90168016 1.99122012 1.54425126
  2.3953733  2.1024366  2.1994569  1.7382533  2.0631728 ]
 [1.94864472 2.28973429 1.88315687 1.95367548 1.76534433 2.30965076
  2.00307503 1.79682388 1.95818293 1.54158603 1.56413246]
 [2.2679316  2.03454789 1.95119591 1.59256633 2.2169636  2.31214602
  1.67301315 1.91146811 1.84697345 1.72593298 1.96347162]
 [1.74666446 2.09750516 2.01451967 1.57876074 2.13596062 1.77290903
  1.58366464 1.86758136 1.50623099 2.03641587 2.00386927]
 [2.03842814 2.4579904  1.58877601 2.23334438 2.45507842 1.86351305
  1.65177594 1.62585225 1.56982387 1.71234122 1.80598856]
 [1.57633176 1.59877417 2.11976723 2.14547295 2.28598722 2.27623758
  1.67245955 2.2683397  1.91538423 2.34407834 1.65284461]
 [2.1898947  1.64316151 1.559945   1.86260007 1.89682939 2.02240452
  1.54018146 2.43926887 1.53416375 2.48397204 2.45191275]
 [2.40724776 2.02211246 1.67542321 2.40302501 1.75316416 1.99642769
  2.45962718 1.92427344 1.6698844  2.11010717 1.52737861]
 [1.77592779 2.13646638 2.35817549 2.22272848 2.13277696 2.28839392
  2.2466019  2.03364936 1.88369814 1.65133098 1.51079612]
 [1.52392816 2.13653091 1.81130425 1.83506799 2.45969304 1.59560824
  2.00202796 1.67442655 2.33159606 1.9028421  1.72418564]]
Cv: [[0.         0.         0.         0.         0.         0.
  0.         0.         0.         0.        ]
 [2.36069233 1.72767906 1.82066015 1.95009984 1.75776258 1.63313895
  1.61832101 1.65240859 2.10217304 2.18592099]
 [1.85456806 2.25857314 2.24838766 1.91596189 2.29688032 2.0488425
  1.83821589 1.6371881  1.75484654 2.22511781]
 [2.14756543 2.26503384 1.76939024 1.65095528 2.2184083  2.14428725
  1.73572989 2.13848647 1.78374115 2.06411513]
 [1.65822405 1.59610784 2.44230959 1.78351417 1.51842005 1.74276066
  1.92722196 2.38004438 2.29454101 2.3112733 ]
 [1.77733017 1.80701858 2.02987713 2.33985921 1.94134093 1.66480185
  1.80308084 1.6164652  1.69971357 2.34541777]
 [1.98684705 2.29139539 2.16456748 2.01591708 1.83364867 1.91147942
  1.50014579 1.61213529 1.65716369 2.34442799]
 [1.67425567 2.45390005 1.60963782 2.35599951 1.65999557 1.51059034
  1.86958342 1.70321063 1.97742735 2.34310113]
 [1.74263223 2.48328813 2.10475823 2.12012353 2.13627415 1.62343677
  1.56178063 2.24132983 1.93161564 2.10400692]
 [2.47967728 2.22007666 1.55553832 1.99553299 1.77490517 2.18077766
  1.61706098 1.81960998 1.50777251 2.12050229]]
Rh: [[ 8.71770267  9.01502715 16.39494333  1.7684      2.37589429 11.24917421
   3.1717179   3.49803048  1.94064285  4.38843928  1.18868596]
 [16.36587617 10.01116841  3.06389232  3.01424732  7.79065716  5.51918684
   7.82035359  1.57873901 14.28420058  2.78407075  5.87619314]
 [ 1.25796944  2.22740835  9.33715778 16.69008219  3.13437689  2.30768101
  15.32301135 12.01025896  1.66013654  1.16484222  2.36787357]
 [ 5.13988134 11.81386396  1.11281673  1.22886486 16.643913    4.12317905
   1.05122748  4.06212602  6.51690103  4.5540869  15.47826101]
 [ 2.61003711  1.03037344  2.32959234  5.09776793  3.46337027 15.80531358
   5.64821762 10.55698215  1.70082254  1.36579772  1.03158204]
 [13.23997464  1.25938231  1.64005517  5.17548835 14.2364168   2.58713379
   3.13224987 12.43709993 13.07148245  5.30015794  1.8670013 ]
 [ 5.76353333  6.98619933  6.07911683  4.73779528  5.75907895  9.15953497
   1.16139932  6.04852584 10.06003097 13.39408307  9.20510636]
 [14.23656093  5.63337501  1.81875645  8.73288027  1.63533165  3.16840498
   2.6506945   1.9047197   5.1240412   2.83270903  9.20806087]
 [ 4.31583828  1.85337446  7.82700791 11.91220416 10.65381301  1.01889369
   8.22238774  2.14195006 18.23424837  1.21107432  1.29105651]
 [ 6.22008392  1.08256772  1.57420173  1.51539772  5.18804692  1.46238919
   2.62662291  5.65929172 12.35215018  4.34575835  2.99854918]]
Rv: [[ 3.3907958   2.60575492  7.11053604  5.30906723  1.60192736  6.03589291
   7.74657715  5.76091873  4.7747192   4.65730426]
 [ 1.21245181  6.37051462 12.64674941  9.16134186  3.08546282 11.47372019
   7.18267244  1.23408993 11.87389388  8.96598382]
 [ 1.39317024  3.7681847   9.19769384 10.3370932   8.61768697 10.4897046
  17.86047957  3.79069325 11.2582089   6.61978395]
 [12.50495716  7.00796635  5.64913809  5.25739654  5.16026244 17.61532264
   1.9598243  15.52168887 16.84905699 12.72274061]
 [ 2.70558268  1.56680804  1.08457157  1.81907601 16.55365905  1.24503363
   2.85870507  2.35146262  7.31626383  4.18992265]
 [ 5.10040203  2.72401475 17.93699329 13.30231592  1.73135639  5.10577995
   3.37219219  4.43818476  5.60435167 17.27638627]
 [ 3.70957533 10.41678742  1.12954334  4.40491974  1.80076876  3.90725906
   2.88900003  8.13283093  1.39307405  1.47088251]
 [14.58820744  7.61614377  1.10758239  1.65160546  3.6204811   2.82245655
   1.96779977  2.05112629  6.18923831  2.86924522]
 [ 2.1978649   6.80011933  1.01166448  4.64903252 14.61064494  5.39965436
   5.66693026  1.04491505  1.93753997  2.63959065]]