-------Running parameters--------
T = 0.001
temperature_gradient = 0.0
gap = 0.2
M = 10
N = 10
VR = 0.0
Vmin = 0.0
Vmax = 1.2
vStep = 0.001
vSym = True
repeats = 20
fileName = array_10_10_disorder_c_std_1_r_std_1_run_2
dist = exp
fullOutput = True
use_graph = False
current_map = True
plot_current_map = False
plot_binary_current_map = False
frame_norm = False
dbg = False
resume = False
sc = True
leaping = False
constQ = False
modifyR = False
double_time = False
double_loop = False
output_folder = bgu_2d_superconducting_array
params_path = 
VG_avg = 0.0
VG_std = 0.0
C_avg = 2.0
C_std = 1.0
CG_avg = 10.0
CG_std = 0.0
R_avg = 10.0
R_std = 1.0
custom_rh = ""
custom_rv = ""
custom_ch = ""
custom_cv = ""
RG_avg = 500.0
RG_std = 0.0
n0_avg = 0.0
n0_std = 0.0
Q0_avg = 0.0
Q0_std = 0.0
----Array Parameters-----
Rows: 10
Columns: 10
VG: [[0.]
 [0.]
 [0.]
 [0.]
 [0.]
 [0.]
 [0.]
 [0.]
 [0.]
 [0.]
 [0.]
 [0.]
 [0.]
 [0.]
 [0.]
 [0.]
 [0.]
 [0.]
 [0.]
 [0.]
 [0.]
 [0.]
 [0.]
 [0.]
 [0.]
 [0.]
 [0.]
 [0.]
 [0.]
 [0.]
 [0.]
 [0.]
 [0.]
 [0.]
 [0.]
 [0.]
 [0.]
 [0.]
 [0.]
 [0.]
 [0.]
 [0.]
 [0.]
 [0.]
 [0.]
 [0.]
 [0.]
 [0.]
 [0.]
 [0.]
 [0.]
 [0.]
 [0.]
 [0.]
 [0.]
 [0.]
 [0.]
 [0.]
 [0.]
 [0.]
 [0.]
 [0.]
 [0.]
 [0.]
 [0.]
 [0.]
 [0.]
 [0.]
 [0.]
 [0.]
 [0.]
 [0.]
 [0.]
 [0.]
 [0.]
 [0.]
 [0.]
 [0.]
 [0.]
 [0.]
 [0.]
 [0.]
 [0.]
 [0.]
 [0.]
 [0.]
 [0.]
 [0.]
 [0.]
 [0.]
 [0.]
 [0.]
 [0.]
 [0.]
 [0.]
 [0.]
 [0.]
 [0.]
 [0.]
 [0.]]
CG: [[10.]
 [10.]
 [10.]
 [10.]
 [10.]
 [10.]
 [10.]
 [10.]
 [10.]
 [10.]
 [10.]
 [10.]
 [10.]
 [10.]
 [10.]
 [10.]
 [10.]
 [10.]
 [10.]
 [10.]
 [10.]
 [10.]
 [10.]
 [10.]
 [10.]
 [10.]
 [10.]
 [10.]
 [10.]
 [10.]
 [10.]
 [10.]
 [10.]
 [10.]
 [10.]
 [10.]
 [10.]
 [10.]
 [10.]
 [10.]
 [10.]
 [10.]
 [10.]
 [10.]
 [10.]
 [10.]
 [10.]
 [10.]
 [10.]
 [10.]
 [10.]
 [10.]
 [10.]
 [10.]
 [10.]
 [10.]
 [10.]
 [10.]
 [10.]
 [10.]
 [10.]
 [10.]
 [10.]
 [10.]
 [10.]
 [10.]
 [10.]
 [10.]
 [10.]
 [10.]
 [10.]
 [10.]
 [10.]
 [10.]
 [10.]
 [10.]
 [10.]
 [10.]
 [10.]
 [10.]
 [10.]
 [10.]
 [10.]
 [10.]
 [10.]
 [10.]
 [10.]
 [10.]
 [10.]
 [10.]
 [10.]
 [10.]
 [10.]
 [10.]
 [10.]
 [10.]
 [10.]
 [10.]
 [10.]
 [10.]]
RG: [[500.]
 [500.]
 [500.]
 [500.]
 [500.]
 [500.]
 [500.]
 [500.]
 [500.]
 [500.]
 [500.]
 [500.]
 [500.]
 [500.]
 [500.]
 [500.]
 [500.]
 [500.]
 [500.]
 [500.]
 [500.]
 [500.]
 [500.]
 [500.]
 [500.]
 [500.]
 [500.]
 [500.]
 [500.]
 [500.]
 [500.]
 [500.]
 [500.]
 [500.]
 [500.]
 [500.]
 [500.]
 [500.]
 [500.]
 [500.]
 [500.]
 [500.]
 [500.]
 [500.]
 [500.]
 [500.]
 [500.]
 [500.]
 [500.]
 [500.]
 [500.]
 [500.]
 [500.]
 [500.]
 [500.]
 [500.]
 [500.]
 [500.]
 [500.]
 [500.]
 [500.]
 [500.]
 [500.]
 [500.]
 [500.]
 [500.]
 [500.]
 [500.]
 [500.]
 [500.]
 [500.]
 [500.]
 [500.]
 [500.]
 [500.]
 [500.]
 [500.]
 [500.]
 [500.]
 [500.]
 [500.]
 [500.]
 [500.]
 [500.]
 [500.]
 [500.]
 [500.]
 [500.]
 [500.]
 [500.]
 [500.]
 [500.]
 [500.]
 [500.]
 [500.]
 [500.]
 [500.]
 [500.]
 [500.]
 [500.]]
Ch: [[2.81854142 2.86910371 1.53355936 1.94781745 2.60444918 1.14765027
  1.42531662 2.62685627 1.10287224 1.19141472 2.2235513 ]
 [2.34458825 1.36740682 2.70004597 1.4508704  1.13017309 1.26012885
  1.08456364 1.63631435 1.74585945 1.26499196 2.06922706]
 [2.83563482 2.92026609 1.4286166  1.9623072  1.37957443 1.23944229
  2.66677784 2.25539999 1.09381434 1.05560066 2.71919669]
 [2.97070773 2.81269264 2.93685451 1.3277111  1.29968252 2.30336602
  1.59430503 2.56627233 2.02174208 1.36527736 2.00282085]
 [1.58817678 1.14784154 1.35090526 1.79342163 2.46366504 1.44241161
  1.72574715 2.77862593 1.80863209 2.62443299 2.50927572]
 [1.80918441 1.05454722 1.10114535 1.24149617 2.14296038 1.23317104
  2.107769   2.39591976 1.91833763 2.35481898 1.13666912]
 [2.8910459  2.22543202 1.38710578 1.21087796 2.29147044 2.98565839
  1.85271595 2.03582751 1.802524   1.21999424 1.34480267]
 [2.46398268 1.14738688 1.8996825  1.38658106 2.97511727 2.8584964
  1.44363687 1.26371995 2.29677086 2.96038811 1.20450703]
 [2.27995035 1.66562576 2.46658864 1.74399115 1.17570997 2.72217361
  1.99767234 1.96225867 1.30299867 2.75039893 1.16946241]
 [1.78038545 2.87491436 1.76801223 2.68057979 1.61113118 1.38368056
  1.85263385 2.16434216 1.08490592 1.00760469 1.28296115]]
Cv: [[0.         0.         0.         0.         0.         0.
  0.         0.         0.         0.        ]
 [1.11536904 1.109265   2.81315453 1.43928161 2.20752626 1.28035408
  2.36611026 1.52865729 1.49562312 1.76310173]
 [1.0617023  1.50414448 2.59763268 1.71140193 1.60325693 2.00482023
  2.8928309  1.0141917  1.13244112 1.16134071]
 [1.50161516 2.94688427 2.58405096 2.4654245  1.60639887 1.50292871
  1.60336232 2.11347941 1.48796211 1.87645306]
 [1.70816685 1.79735664 1.43631286 2.49626463 1.78368585 1.66031785
  1.32321775 2.08533395 1.18222126 1.12276477]
 [1.35612101 1.06975752 1.18640553 1.70502239 1.76065529 1.06460241
  1.61114836 1.57018765 2.99609427 1.30607903]
 [1.20032855 2.48875401 1.75202223 1.08843533 1.71918674 2.07678533
  2.2122535  1.86457448 1.41493853 2.69343981]
 [1.19540188 1.29536231 1.20695409 1.2853102  2.51288131 2.07621645
  2.17835583 1.61339534 1.06051464 2.05770975]
 [1.65084958 1.33740925 1.22809491 1.46673323 1.72431459 1.74860468
  1.69093226 2.16609012 2.97607168 1.36124517]
 [1.73059939 1.52125331 1.69522253 2.96186241 2.92045424 1.0562389
  1.17543738 1.21378469 2.30735875 1.4858218 ]]
Rh: [[ 9.06704997 10.27473587 10.43262724 10.95710797  9.22347219 10.43353556
   9.90861662 10.29828323 10.42212254 10.87656658 10.39359004]
 [ 9.918551   10.69276132 10.51839554 10.07524672  9.48500078 10.04896071
   9.76256951 10.25559256  9.14614691 10.36633089 10.13200908]
 [ 9.85630706 10.67153598  9.11677692 10.96650204  9.43509743  9.6290886
  10.03123901  9.60303868  9.03254334 10.95906587 10.1439059 ]
 [10.43886338 10.87570277  9.60838725  9.7339695  10.5986962  10.0804345
  10.53154662  9.38424364  9.8051202   9.81353384 10.62080324]
 [10.86620219 10.30768563  9.00252457 10.5245093   9.17829385  9.9845107
  10.92570676 10.22703916 10.37311455 10.45357793  9.20405482]
 [ 9.90801474  9.87341479  9.76220835  9.78657061  9.03379544  9.91373839
  10.33733725 10.97053558  9.36877482 10.03163137  9.28020818]
 [10.86696307 10.63920537 10.67734961 10.64593177  9.30488354  9.49764194
  10.23729009 10.08821052 10.13392386  9.62845921  9.68354901]
 [ 9.96654667 10.37425906 10.93390414 10.13656548 10.19756612 10.02661016
  10.34197211  9.29140962  9.1447103   9.90161184  9.1927687 ]
 [ 9.33119847  9.74277317  9.61371709 10.74919962  9.84623065  9.56562601
   9.49189828 10.52993148 10.51754369  9.81432006 10.54966456]
 [ 9.00483917  9.88669246 10.81014118  9.91654722  9.49891649  9.9160239
  10.36690995  9.04314451 10.97021735  9.28284899  9.34796309]]
Rv: [[10.64176932  9.09256018  9.50443504 10.43219621  9.96399547  9.85142222
   9.70530955 10.86160498  9.72532064 10.9014846 ]
 [10.01081904  9.00627916  9.63211945 10.01773376  9.37020592  9.72249046
   9.0447313   9.25743525  9.44962257  9.48104255]
 [ 9.67479299 10.89064322 10.2680463   9.89759254 10.87260612  9.55848016
   9.66496736  9.55989352 10.19208083 10.97531278]
 [ 9.59533904  9.53512885  9.4521249   9.95475359 10.88722017  9.954773
   9.73679636  9.81484698  9.18471509  9.61169024]
 [10.18403666  9.24877402  9.84233653 10.42040304  9.76155233  9.36845619
  10.00261591 10.51253015  9.11911365  9.85147241]
 [10.90971231 10.59869853  9.34096484  9.43487965  9.87985558  9.34807879
   9.48463731  9.1223933  10.9935796  10.86854659]
 [10.95986028  9.29222134  9.77104769  9.42208389 10.57491378 10.31938351
   9.69309624 10.07231336  9.74808517  9.27064799]
 [10.8066653   9.68894933  9.86481576  9.08531421  9.99312832 10.53420923
   9.51427796  9.98414565 10.26555549 10.14595895]
 [10.62453617  9.13207814 10.48452129 10.17168082  9.25575712 10.39358521
  10.11357448  9.55302016  9.02661402 10.58341117]]