-------Running parameters--------
T = 0.001
temperature_gradient = 0.0
gap = 0.2
M = 10
N = 10
VR = 0.0
Vmin = 0.0
Vmax = 1.2
vStep = 0.001
vSym = True
repeats = 20
fileName = array_10_10_disorder_c_std_0_r_std_1_run_4
dist = exp
fullOutput = True
use_graph = False
current_map = True
plot_current_map = False
plot_binary_current_map = False
frame_norm = False
dbg = False
resume = False
sc = True
leaping = False
constQ = False
modifyR = False
double_time = False
double_loop = False
output_folder = bgu_2d_superconducting_array
params_path = 
VG_avg = 0.0
VG_std = 0.0
C_avg = 2.0
C_std = 0.0
CG_avg = 10.0
CG_std = 0.0
R_avg = 10.0
R_std = 1.0
custom_rh = ""
custom_rv = ""
custom_ch = ""
custom_cv = ""
RG_avg = 500.0
RG_std = 0.0
n0_avg = 0.0
n0_std = 0.0
Q0_avg = 0.0
Q0_std = 0.0
----Array Parameters-----
Rows: 10
Columns: 10
VG: [[0.]
 [0.]
 [0.]
 [0.]
 [0.]
 [0.]
 [0.]
 [0.]
 [0.]
 [0.]
 [0.]
 [0.]
 [0.]
 [0.]
 [0.]
 [0.]
 [0.]
 [0.]
 [0.]
 [0.]
 [0.]
 [0.]
 [0.]
 [0.]
 [0.]
 [0.]
 [0.]
 [0.]
 [0.]
 [0.]
 [0.]
 [0.]
 [0.]
 [0.]
 [0.]
 [0.]
 [0.]
 [0.]
 [0.]
 [0.]
 [0.]
 [0.]
 [0.]
 [0.]
 [0.]
 [0.]
 [0.]
 [0.]
 [0.]
 [0.]
 [0.]
 [0.]
 [0.]
 [0.]
 [0.]
 [0.]
 [0.]
 [0.]
 [0.]
 [0.]
 [0.]
 [0.]
 [0.]
 [0.]
 [0.]
 [0.]
 [0.]
 [0.]
 [0.]
 [0.]
 [0.]
 [0.]
 [0.]
 [0.]
 [0.]
 [0.]
 [0.]
 [0.]
 [0.]
 [0.]
 [0.]
 [0.]
 [0.]
 [0.]
 [0.]
 [0.]
 [0.]
 [0.]
 [0.]
 [0.]
 [0.]
 [0.]
 [0.]
 [0.]
 [0.]
 [0.]
 [0.]
 [0.]
 [0.]
 [0.]]
CG: [[10.]
 [10.]
 [10.]
 [10.]
 [10.]
 [10.]
 [10.]
 [10.]
 [10.]
 [10.]
 [10.]
 [10.]
 [10.]
 [10.]
 [10.]
 [10.]
 [10.]
 [10.]
 [10.]
 [10.]
 [10.]
 [10.]
 [10.]
 [10.]
 [10.]
 [10.]
 [10.]
 [10.]
 [10.]
 [10.]
 [10.]
 [10.]
 [10.]
 [10.]
 [10.]
 [10.]
 [10.]
 [10.]
 [10.]
 [10.]
 [10.]
 [10.]
 [10.]
 [10.]
 [10.]
 [10.]
 [10.]
 [10.]
 [10.]
 [10.]
 [10.]
 [10.]
 [10.]
 [10.]
 [10.]
 [10.]
 [10.]
 [10.]
 [10.]
 [10.]
 [10.]
 [10.]
 [10.]
 [10.]
 [10.]
 [10.]
 [10.]
 [10.]
 [10.]
 [10.]
 [10.]
 [10.]
 [10.]
 [10.]
 [10.]
 [10.]
 [10.]
 [10.]
 [10.]
 [10.]
 [10.]
 [10.]
 [10.]
 [10.]
 [10.]
 [10.]
 [10.]
 [10.]
 [10.]
 [10.]
 [10.]
 [10.]
 [10.]
 [10.]
 [10.]
 [10.]
 [10.]
 [10.]
 [10.]
 [10.]]
RG: [[500.]
 [500.]
 [500.]
 [500.]
 [500.]
 [500.]
 [500.]
 [500.]
 [500.]
 [500.]
 [500.]
 [500.]
 [500.]
 [500.]
 [500.]
 [500.]
 [500.]
 [500.]
 [500.]
 [500.]
 [500.]
 [500.]
 [500.]
 [500.]
 [500.]
 [500.]
 [500.]
 [500.]
 [500.]
 [500.]
 [500.]
 [500.]
 [500.]
 [500.]
 [500.]
 [500.]
 [500.]
 [500.]
 [500.]
 [500.]
 [500.]
 [500.]
 [500.]
 [500.]
 [500.]
 [500.]
 [500.]
 [500.]
 [500.]
 [500.]
 [500.]
 [500.]
 [500.]
 [500.]
 [500.]
 [500.]
 [500.]
 [500.]
 [500.]
 [500.]
 [500.]
 [500.]
 [500.]
 [500.]
 [500.]
 [500.]
 [500.]
 [500.]
 [500.]
 [500.]
 [500.]
 [500.]
 [500.]
 [500.]
 [500.]
 [500.]
 [500.]
 [500.]
 [500.]
 [500.]
 [500.]
 [500.]
 [500.]
 [500.]
 [500.]
 [500.]
 [500.]
 [500.]
 [500.]
 [500.]
 [500.]
 [500.]
 [500.]
 [500.]
 [500.]
 [500.]
 [500.]
 [500.]
 [500.]
 [500.]]
Ch: [[2. 2. 2. 2. 2. 2. 2. 2. 2. 2. 2.]
 [2. 2. 2. 2. 2. 2. 2. 2. 2. 2. 2.]
 [2. 2. 2. 2. 2. 2. 2. 2. 2. 2. 2.]
 [2. 2. 2. 2. 2. 2. 2. 2. 2. 2. 2.]
 [2. 2. 2. 2. 2. 2. 2. 2. 2. 2. 2.]
 [2. 2. 2. 2. 2. 2. 2. 2. 2. 2. 2.]
 [2. 2. 2. 2. 2. 2. 2. 2. 2. 2. 2.]
 [2. 2. 2. 2. 2. 2. 2. 2. 2. 2. 2.]
 [2. 2. 2. 2. 2. 2. 2. 2. 2. 2. 2.]
 [2. 2. 2. 2. 2. 2. 2. 2. 2. 2. 2.]]
Cv: [[0. 0. 0. 0. 0. 0. 0. 0. 0. 0.]
 [2. 2. 2. 2. 2. 2. 2. 2. 2. 2.]
 [2. 2. 2. 2. 2. 2. 2. 2. 2. 2.]
 [2. 2. 2. 2. 2. 2. 2. 2. 2. 2.]
 [2. 2. 2. 2. 2. 2. 2. 2. 2. 2.]
 [2. 2. 2. 2. 2. 2. 2. 2. 2. 2.]
 [2. 2. 2. 2. 2. 2. 2. 2. 2. 2.]
 [2. 2. 2. 2. 2. 2. 2. 2. 2. 2.]
 [2. 2. 2. 2. 2. 2. 2. 2. 2. 2.]
 [2. 2. 2. 2. 2. 2. 2. 2. 2. 2.]]
Rh: [[10.28208293  9.142595    9.90621353  9.71536749 10.94064954 10.48858874
   9.07964378  9.99327746 10.80908249 10.78461826  9.60664307]
 [10.36396476  9.97847437 10.4852789  10.51872776 10.07881935  9.51200975
   9.78676421  9.96873737  9.44295443  9.4066951   9.95683589]
 [ 9.97242017  9.26687891 10.69892697  9.8765629   9.27107746 10.40442526
   9.32028678 10.59903191 10.93662683  9.8532398  10.92998379]
 [ 9.71621451  9.45190976  9.68703477  9.11840738 10.01894319 10.29733639
   9.83075914  9.15614411  9.10076017  9.65946686 10.9411168 ]
 [10.16380363  9.57986928 10.57181094 10.82182602  9.9774211   9.19736613
   9.16471941  9.98412415 10.07097078 10.25350587  9.10853053]
 [10.76565333 10.67963675  9.64158066  9.91620617  9.25118247  9.10271623
   9.99144824  9.92483564  9.82705232  9.52551798  9.76244145]
 [ 9.68696349  9.44233978 10.13609428 10.62508267  9.27988815  9.35360704
  10.08041597  9.28212801 10.08661164  9.80491973  9.1077698 ]
 [ 9.12471797  9.65106968  9.49697101  9.56664368 10.86167221  9.30476769
   9.24678017 10.302195   10.37264594 10.19025364 10.98550694]
 [ 9.34402778 10.45035756 10.31644883  9.16634005 10.63687561  9.54210281
   9.10372344  9.06387805  9.12059813  9.60432108 10.15589566]
 [ 9.46251148  9.89285372  9.28984977 10.34632062 10.86911834 10.4667561
   9.7845296  10.89383282 10.14405506  9.80261878  9.1109914 ]]
Rv: [[ 9.90684507 10.63294857 10.68480276  9.53177076  9.89768192  9.68527294
  10.90097897  9.74656616 10.04716764 10.11141663]
 [10.64132307  9.17660354 10.18863123 10.65100135  9.77459325 10.71680845
  10.44457891 10.50782955 10.47423825  9.84444964]
 [ 9.24650652  9.41845577  9.38383297 10.89381984  9.11790138  9.0633973
   9.80089005  9.17581341  9.26527628 10.0395306 ]
 [10.91031551 10.53992999  9.07934258 10.85519286 10.9322331   9.88731541
   9.99756844  9.48140378  9.12129418  9.24507719]
 [ 9.58774731 10.63238844 10.11875286  9.33205427  9.0188242   9.41838199
  10.1853223  10.47890931 10.09395625 10.27214381]
 [10.06590366  9.89710136  9.84738381 10.87299137 10.24220482 10.19881718
   9.20879161  9.60827988 10.74186159 10.58836002]
 [ 9.47195484  9.01043798  9.50906805  9.91363609 10.85948124  9.54927674
  10.31186631  9.88213266  9.26467654  9.81264105]
 [10.04902604 10.64403352 10.5284979   9.39903466 10.39879847 10.05572765
   9.84344311 10.54495381  9.69509866  9.79384041]
 [ 9.20948456  9.6244039   9.81401087  9.32300463 10.27103316  9.2782167
   9.79163085  9.42108377 10.3956738   9.4576201 ]]