-------Running parameters--------
T = 0.001
temperature_gradient = 0.0
gap = 0.2
M = 10
N = 10
VR = 0.0
Vmin = 0.0
Vmax = 1.2
vStep = 0.001
vSym = True
repeats = 20
fileName = array_10_10_disorder_c_std_0.5_r_std_9_run_4
dist = exp
fullOutput = True
use_graph = False
current_map = True
plot_current_map = False
plot_binary_current_map = False
frame_norm = False
dbg = False
resume = False
sc = True
leaping = False
constQ = False
modifyR = False
double_time = False
double_loop = False
output_folder = bgu_2d_superconducting_array
params_path = 
VG_avg = 0.0
VG_std = 0.0
C_avg = 2.0
C_std = 0.5
CG_avg = 10.0
CG_std = 0.0
R_avg = 10.0
R_std = 9.0
custom_rh = ""
custom_rv = ""
custom_ch = ""
custom_cv = ""
RG_avg = 500.0
RG_std = 0.0
n0_avg = 0.0
n0_std = 0.0
Q0_avg = 0.0
Q0_std = 0.0
----Array Parameters-----
Rows: 10
Columns: 10
VG: [[0.]
 [0.]
 [0.]
 [0.]
 [0.]
 [0.]
 [0.]
 [0.]
 [0.]
 [0.]
 [0.]
 [0.]
 [0.]
 [0.]
 [0.]
 [0.]
 [0.]
 [0.]
 [0.]
 [0.]
 [0.]
 [0.]
 [0.]
 [0.]
 [0.]
 [0.]
 [0.]
 [0.]
 [0.]
 [0.]
 [0.]
 [0.]
 [0.]
 [0.]
 [0.]
 [0.]
 [0.]
 [0.]
 [0.]
 [0.]
 [0.]
 [0.]
 [0.]
 [0.]
 [0.]
 [0.]
 [0.]
 [0.]
 [0.]
 [0.]
 [0.]
 [0.]
 [0.]
 [0.]
 [0.]
 [0.]
 [0.]
 [0.]
 [0.]
 [0.]
 [0.]
 [0.]
 [0.]
 [0.]
 [0.]
 [0.]
 [0.]
 [0.]
 [0.]
 [0.]
 [0.]
 [0.]
 [0.]
 [0.]
 [0.]
 [0.]
 [0.]
 [0.]
 [0.]
 [0.]
 [0.]
 [0.]
 [0.]
 [0.]
 [0.]
 [0.]
 [0.]
 [0.]
 [0.]
 [0.]
 [0.]
 [0.]
 [0.]
 [0.]
 [0.]
 [0.]
 [0.]
 [0.]
 [0.]
 [0.]]
CG: [[10.]
 [10.]
 [10.]
 [10.]
 [10.]
 [10.]
 [10.]
 [10.]
 [10.]
 [10.]
 [10.]
 [10.]
 [10.]
 [10.]
 [10.]
 [10.]
 [10.]
 [10.]
 [10.]
 [10.]
 [10.]
 [10.]
 [10.]
 [10.]
 [10.]
 [10.]
 [10.]
 [10.]
 [10.]
 [10.]
 [10.]
 [10.]
 [10.]
 [10.]
 [10.]
 [10.]
 [10.]
 [10.]
 [10.]
 [10.]
 [10.]
 [10.]
 [10.]
 [10.]
 [10.]
 [10.]
 [10.]
 [10.]
 [10.]
 [10.]
 [10.]
 [10.]
 [10.]
 [10.]
 [10.]
 [10.]
 [10.]
 [10.]
 [10.]
 [10.]
 [10.]
 [10.]
 [10.]
 [10.]
 [10.]
 [10.]
 [10.]
 [10.]
 [10.]
 [10.]
 [10.]
 [10.]
 [10.]
 [10.]
 [10.]
 [10.]
 [10.]
 [10.]
 [10.]
 [10.]
 [10.]
 [10.]
 [10.]
 [10.]
 [10.]
 [10.]
 [10.]
 [10.]
 [10.]
 [10.]
 [10.]
 [10.]
 [10.]
 [10.]
 [10.]
 [10.]
 [10.]
 [10.]
 [10.]
 [10.]]
RG: [[500.]
 [500.]
 [500.]
 [500.]
 [500.]
 [500.]
 [500.]
 [500.]
 [500.]
 [500.]
 [500.]
 [500.]
 [500.]
 [500.]
 [500.]
 [500.]
 [500.]
 [500.]
 [500.]
 [500.]
 [500.]
 [500.]
 [500.]
 [500.]
 [500.]
 [500.]
 [500.]
 [500.]
 [500.]
 [500.]
 [500.]
 [500.]
 [500.]
 [500.]
 [500.]
 [500.]
 [500.]
 [500.]
 [500.]
 [500.]
 [500.]
 [500.]
 [500.]
 [500.]
 [500.]
 [500.]
 [500.]
 [500.]
 [500.]
 [500.]
 [500.]
 [500.]
 [500.]
 [500.]
 [500.]
 [500.]
 [500.]
 [500.]
 [500.]
 [500.]
 [500.]
 [500.]
 [500.]
 [500.]
 [500.]
 [500.]
 [500.]
 [500.]
 [500.]
 [500.]
 [500.]
 [500.]
 [500.]
 [500.]
 [500.]
 [500.]
 [500.]
 [500.]
 [500.]
 [500.]
 [500.]
 [500.]
 [500.]
 [500.]
 [500.]
 [500.]
 [500.]
 [500.]
 [500.]
 [500.]
 [500.]
 [500.]
 [500.]
 [500.]
 [500.]
 [500.]
 [500.]
 [500.]
 [500.]
 [500.]]
Ch: [[1.8844085  1.63593334 1.71591814 1.86941463 1.88344348 1.7651429
  2.24938212 2.47014273 2.00668306 1.51833468 2.15610036]
 [2.15159001 2.06109784 1.70187183 2.44401175 1.84680473 2.15420266
  2.06574184 1.78259096 2.07559905 2.07178082 2.3807006 ]
 [1.9811189  1.99912101 1.66589265 2.38853779 1.77915006 2.22347747
  1.65288581 2.25664691 1.96431975 1.53998661 2.25432706]
 [2.29628937 1.76444631 1.61043549 1.79842947 1.83534457 2.24839706
  2.4249407  1.80160721 1.59986777 1.69958726 1.64127313]
 [1.58768014 1.62153797 1.6448814  1.5455903  2.13837569 2.41594054
  1.9496616  1.70203178 2.22246938 1.65305912 1.62135623]
 [1.57222369 1.99110396 2.47662419 1.59744361 2.34738498 1.56976345
  2.05047788 1.70383702 1.77062162 2.46242587 2.15545781]
 [1.73740429 1.9563722  1.63897769 2.42949607 1.56891143 2.08931457
  1.87530397 2.09598309 2.30848984 1.58083855 1.56606696]
 [1.58208115 2.30690293 1.54113679 2.11806445 1.6740314  1.84681377
  1.8448761  1.82656647 2.26430457 1.83473807 1.87427626]
 [2.22028318 1.77521287 2.44533005 2.45152252 2.32349467 1.92532948
  1.61791913 1.55247779 1.53599861 1.59452974 1.96388545]
 [1.55181167 1.74379459 1.51888739 1.52197474 2.40378601 1.52197927
  2.23131344 1.86156432 1.87254758 1.65093152 2.29089075]]
Cv: [[0.         0.         0.         0.         0.         0.
  0.         0.         0.         0.        ]
 [1.69449329 1.55344635 1.93642698 1.60705975 2.05200977 1.54229349
  2.1721483  1.82825354 1.65912729 1.85398538]
 [1.90204569 2.42874526 1.60224552 1.87001356 2.46202609 2.24526251
  2.18753275 2.48086446 2.20803195 2.09258727]
 [2.22999723 1.6379343  2.21498356 2.11836209 2.38025906 1.57308662
  2.48250654 1.86475445 1.73773221 1.65198163]
 [2.46404336 1.59609405 1.67683568 1.57247964 2.24544538 1.50554818
  1.80412549 2.00624462 1.59314611 2.27356715]
 [2.1943401  1.52082339 1.53222906 1.54446336 2.48984863 2.17399742
  1.98698352 1.7422653  2.00917234 2.2134048 ]
 [1.97730823 2.21810966 2.29591408 2.42937696 1.8994623  1.93852668
  2.02204245 2.09721967 1.93415651 1.72596621]
 [1.62457086 2.24478486 2.14943383 1.71099516 1.68664279 1.67427639
  1.61179834 1.80657937 1.72646886 1.9124786 ]
 [1.70754319 1.67109452 1.68301625 1.72118383 1.70148636 2.153313
  2.19215749 1.87802922 2.41097333 1.74447664]
 [1.70995099 2.02179776 2.08171538 2.13625312 2.28389027 2.07154808
  1.96780239 1.59681848 1.50148802 2.4359995 ]]
Rh: [[ 3.58908923  2.38461675  2.43927541  1.98742859  2.66214261  3.5676953
   1.01328104  7.10562794  1.33165559  1.62026929  6.14046155]
 [ 2.01445906  2.34917972  9.43862611 10.46071343  1.13887916 15.68751782
   1.18825488 14.55605532  9.7871572  16.37540314 10.95270564]
 [ 6.98582016  2.12453471 17.43530354  3.34425733  1.58655447 16.80665548
   8.00772064  1.30672145  2.22374094  2.48337082  7.56667665]
 [ 3.33911193  3.25638197  1.81107368  4.59001136  6.57193607 13.9127335
   1.72907172  2.26599229  3.73751612 18.23622339  1.66010399]
 [13.82180679 10.06587998  2.79126552 14.12418476  9.40314899 17.57171766
   2.56971256  4.42556057 16.14327428 10.34903648  9.06602831]
 [ 1.30235911  1.46974462  1.08548668  3.72290686  6.61584801  2.75416146
   5.33868039  4.75528004 11.13009454 11.87512922  1.27637012]
 [ 2.72265386 10.32223452 13.93267656  5.68322933 17.89171653  4.00176191
   1.78322431  1.21337019  9.24873157  1.11280961  2.19869618]
 [ 1.01970971  2.10247505 16.33312801  4.95694146  2.35804741  1.46578087
   1.02120916 16.01837977  6.90174789  9.48952737  2.85680369]
 [ 1.22158106  1.35717858 10.18457596 10.8022614   1.21509676  2.92849466
   5.66153592  8.48571602  3.9852133   2.94608905  3.87608034]
 [ 5.74374898  2.00981581 10.89330404  7.17869964  2.26524517  1.77431373
  10.41271693  1.75766191  4.31852125  2.58945735  9.64465205]]
Rv: [[ 3.59560582  1.12924253  1.34147364  8.72553685  2.76724672  3.99033691
  14.29940083  1.2938165   1.49049614  2.46098445]
 [11.97575953  6.13540152  3.59445917  1.4120748   1.32462549 10.34118833
   1.09407483  4.86361537  1.93503027  3.35999721]
 [ 1.65022035 18.42077922 15.17942221  7.31403866  2.00099881 14.28126301
   1.95732845 13.31140373  1.61206022  1.38189383]
 [ 8.05690848 12.94780409 11.92303128  5.7924514   3.16665526  4.89260945
   7.5445944   2.4923814   3.4287407  18.26290711]
 [ 2.42191257  1.34743448  7.18537154 16.90965563  3.63741804  3.96055531
   3.58876267 16.6925883   2.15571159  1.06142047]
 [ 1.89608604  1.81024237  3.50768489  6.67007857  1.27148356  1.83871547
  14.72788576  6.14201936  1.16244296  7.41516488]
 [ 4.85270783  5.6327996   1.70529046  4.3457705   2.91262972  1.23769328
   1.82575764  1.4956965   2.83928903 17.7669734 ]
 [ 2.49420628  3.6253956   1.04118012  5.26291591 11.20205388  2.21722438
  15.54894613  7.29723673  8.28044867  2.32664407]
 [ 1.71460243 17.30761215 16.54499468  1.02356865  6.54895352  2.21763054
   1.25916071 16.68942942  1.22000572  5.28180459]]