-------Running parameters--------
T = 0.001
temperature_gradient = 0.0
gap = 0.2
M = 10
N = 10
VR = 0.0
Vmin = 0.0
Vmax = 1.2
vStep = 0.001
vSym = True
repeats = 20
fileName = array_10_10_disorder_c_std_0.1_r_std_5_run_2
dist = exp
fullOutput = True
use_graph = False
current_map = True
plot_current_map = False
plot_binary_current_map = False
frame_norm = False
dbg = False
resume = False
sc = True
leaping = False
constQ = False
modifyR = False
double_time = False
double_loop = False
output_folder = bgu_2d_superconducting_array
params_path = 
VG_avg = 0.0
VG_std = 0.0
C_avg = 2.0
C_std = 0.1
CG_avg = 10.0
CG_std = 0.0
R_avg = 10.0
R_std = 5.0
custom_rh = ""
custom_rv = ""
custom_ch = ""
custom_cv = ""
RG_avg = 500.0
RG_std = 0.0
n0_avg = 0.0
n0_std = 0.0
Q0_avg = 0.0
Q0_std = 0.0
----Array Parameters-----
Rows: 10
Columns: 10
VG: [[0.]
 [0.]
 [0.]
 [0.]
 [0.]
 [0.]
 [0.]
 [0.]
 [0.]
 [0.]
 [0.]
 [0.]
 [0.]
 [0.]
 [0.]
 [0.]
 [0.]
 [0.]
 [0.]
 [0.]
 [0.]
 [0.]
 [0.]
 [0.]
 [0.]
 [0.]
 [0.]
 [0.]
 [0.]
 [0.]
 [0.]
 [0.]
 [0.]
 [0.]
 [0.]
 [0.]
 [0.]
 [0.]
 [0.]
 [0.]
 [0.]
 [0.]
 [0.]
 [0.]
 [0.]
 [0.]
 [0.]
 [0.]
 [0.]
 [0.]
 [0.]
 [0.]
 [0.]
 [0.]
 [0.]
 [0.]
 [0.]
 [0.]
 [0.]
 [0.]
 [0.]
 [0.]
 [0.]
 [0.]
 [0.]
 [0.]
 [0.]
 [0.]
 [0.]
 [0.]
 [0.]
 [0.]
 [0.]
 [0.]
 [0.]
 [0.]
 [0.]
 [0.]
 [0.]
 [0.]
 [0.]
 [0.]
 [0.]
 [0.]
 [0.]
 [0.]
 [0.]
 [0.]
 [0.]
 [0.]
 [0.]
 [0.]
 [0.]
 [0.]
 [0.]
 [0.]
 [0.]
 [0.]
 [0.]
 [0.]]
CG: [[10.]
 [10.]
 [10.]
 [10.]
 [10.]
 [10.]
 [10.]
 [10.]
 [10.]
 [10.]
 [10.]
 [10.]
 [10.]
 [10.]
 [10.]
 [10.]
 [10.]
 [10.]
 [10.]
 [10.]
 [10.]
 [10.]
 [10.]
 [10.]
 [10.]
 [10.]
 [10.]
 [10.]
 [10.]
 [10.]
 [10.]
 [10.]
 [10.]
 [10.]
 [10.]
 [10.]
 [10.]
 [10.]
 [10.]
 [10.]
 [10.]
 [10.]
 [10.]
 [10.]
 [10.]
 [10.]
 [10.]
 [10.]
 [10.]
 [10.]
 [10.]
 [10.]
 [10.]
 [10.]
 [10.]
 [10.]
 [10.]
 [10.]
 [10.]
 [10.]
 [10.]
 [10.]
 [10.]
 [10.]
 [10.]
 [10.]
 [10.]
 [10.]
 [10.]
 [10.]
 [10.]
 [10.]
 [10.]
 [10.]
 [10.]
 [10.]
 [10.]
 [10.]
 [10.]
 [10.]
 [10.]
 [10.]
 [10.]
 [10.]
 [10.]
 [10.]
 [10.]
 [10.]
 [10.]
 [10.]
 [10.]
 [10.]
 [10.]
 [10.]
 [10.]
 [10.]
 [10.]
 [10.]
 [10.]
 [10.]]
RG: [[500.]
 [500.]
 [500.]
 [500.]
 [500.]
 [500.]
 [500.]
 [500.]
 [500.]
 [500.]
 [500.]
 [500.]
 [500.]
 [500.]
 [500.]
 [500.]
 [500.]
 [500.]
 [500.]
 [500.]
 [500.]
 [500.]
 [500.]
 [500.]
 [500.]
 [500.]
 [500.]
 [500.]
 [500.]
 [500.]
 [500.]
 [500.]
 [500.]
 [500.]
 [500.]
 [500.]
 [500.]
 [500.]
 [500.]
 [500.]
 [500.]
 [500.]
 [500.]
 [500.]
 [500.]
 [500.]
 [500.]
 [500.]
 [500.]
 [500.]
 [500.]
 [500.]
 [500.]
 [500.]
 [500.]
 [500.]
 [500.]
 [500.]
 [500.]
 [500.]
 [500.]
 [500.]
 [500.]
 [500.]
 [500.]
 [500.]
 [500.]
 [500.]
 [500.]
 [500.]
 [500.]
 [500.]
 [500.]
 [500.]
 [500.]
 [500.]
 [500.]
 [500.]
 [500.]
 [500.]
 [500.]
 [500.]
 [500.]
 [500.]
 [500.]
 [500.]
 [500.]
 [500.]
 [500.]
 [500.]
 [500.]
 [500.]
 [500.]
 [500.]
 [500.]
 [500.]
 [500.]
 [500.]
 [500.]
 [500.]]
Ch: [[1.99199483 1.91590717 2.05226612 1.93497989 2.00959805 1.98476375
  1.90828849 1.91364044 1.937358   1.95351775 1.96129861]
 [2.04966086 2.04040501 1.97067303 1.90238772 2.03348751 1.93562619
  2.03124008 2.02213351 2.05889033 1.9929906  2.05737094]
 [1.91696463 2.01019339 2.04161018 2.09536466 1.94749789 2.09288485
  2.05124303 2.0055281  1.93326815 1.97133931 2.0130353 ]
 [1.90737795 2.03587626 1.96727923 2.04996023 1.93377127 2.04169217
  2.06665354 2.09892628 2.04559523 1.93119811 2.0874742 ]
 [2.01298285 1.97517093 1.94357977 2.01233289 2.0652126  2.07525756
  2.02830337 2.09079478 2.00340853 2.03381224 1.96664527]
 [2.09612925 1.94849974 1.95452146 1.92744742 1.94637861 1.94089864
  2.09795171 1.99880423 1.94021985 2.0489132  1.92086604]
 [1.95323411 2.06444652 1.98906304 1.98607108 1.94821928 1.91916949
  1.93527829 1.99424786 1.9910435  2.07090846 2.01409287]
 [1.93778291 2.02040108 1.98509426 1.9347207  1.99974254 2.09838118
  1.97376849 1.97887232 2.0074669  2.0000178  1.91145846]
 [2.06754755 1.92661661 2.01038095 1.91414197 1.97234477 1.99315979
  1.91618577 1.94509918 1.9595006  2.05859769 1.9293379 ]
 [1.98079001 2.00888262 1.92027217 1.94487776 1.98075072 2.0280257
  1.9177977  1.93875297 1.9810555  2.07513572 1.93060701]]
Cv: [[0.         0.         0.         0.         0.         0.
  0.         0.         0.         0.        ]
 [2.03510401 2.09028274 1.91729162 2.00301925 1.96823763 1.93781012
  1.91675157 2.09112846 1.98073137 1.93278811]
 [1.93794922 1.99816994 1.96484427 1.93029217 2.05006681 1.97170393
  2.05555442 2.07181147 2.09029658 1.96757904]
 [1.98376558 2.0555475  2.09997966 1.93017685 2.09529467 2.05809121
  2.09433998 2.05049795 1.93691706 2.07220334]
 [1.98788096 1.9458429  1.96849179 1.90451379 2.03334784 2.04262893
  1.91228806 2.09164847 1.98868409 1.98858169]
 [1.92834892 1.92756583 1.9774925  2.09053832 2.07265194 2.07177265
  1.95086599 1.94150533 1.95808781 2.02531776]
 [1.97080019 2.08992288 1.94175612 2.07537312 2.08919172 1.94780931
  2.07450956 2.02385537 2.01929835 1.90687809]
 [2.02140941 2.01772256 2.07417533 2.08700745 2.09776562 1.99157073
  1.91009833 1.94703609 2.0169433  2.06493278]
 [2.01841997 2.00609305 2.02166881 1.95392239 2.0269208  2.06887834
  1.9198968  1.9276413  2.00787047 2.01072992]
 [1.93806281 1.99984248 1.95935567 1.91373357 1.92088755 2.02023828
  2.04672489 2.08448419 2.08973931 2.09459342]]
Rh: [[ 5.68284197 11.53981783 11.10870186 13.76541967  9.32795773 12.58741538
   5.98055582  6.44797115 14.89813788  6.06082658 11.25517642]
 [ 5.7314637   7.59337402 10.98644536  8.63054364  7.26845654 13.90873077
   7.25814358  5.67570882  5.90450181 13.08223764  6.74503094]
 [ 7.1366248   8.77243712  7.21862656 14.33108502  8.00146092 11.27222163
   8.9369967   6.11454124  8.01379045 14.40312598  7.52644877]
 [ 5.30977854  6.62794318 14.09244007  6.52893133 11.13388066 10.72260746
  13.14738799  9.20277918  6.1028777   9.76298995 13.34317116]
 [10.61227766 10.43171332 10.1828241   6.47000715  5.64349912 11.93079045
   8.98366903  9.37667169 14.38900804  8.27620968  6.77489045]
 [12.41999129 13.99514544  7.47573746 10.75026419  6.36455724  9.98741875
   6.16342583  7.93326469  5.54391514  7.67923435 12.30115861]
 [ 5.56737129  9.96503155 10.37263146  6.63364972 11.82287698  9.4655192
  10.06216889  9.30811244 12.04659026 11.27423279  9.73969082]
 [ 6.19521331 12.97966346 13.79687028 11.72586997  8.43685701 10.13324124
   6.61464857  6.43771844  7.59615354 11.43399365  9.79992692]
 [12.29810232  8.3277512   8.48767096  6.13829832  7.93187013 11.45092021
   8.89483096 14.62973068  7.79696413  6.74801508  6.42344132]
 [ 5.55906107 13.39760425 13.86705105  6.25784564  7.53101018  6.70096647
   8.1355207   5.70618463  6.13126303  6.90703196 12.16813286]]
Rv: [[ 9.84406996  8.24234372 12.19746243  6.69522031  5.03128556  6.08329842
   7.09823052 11.83116379  6.49225994 13.01183761]
 [10.24349011 14.2098795   5.33230989 13.15887575 13.30122764 14.93800486
   6.04209905  6.42906371  6.43335543  6.83965614]
 [ 6.17790022  6.80032258  7.04554188  5.95761076  9.94702852 12.80211121
   9.91422276  9.46695451 11.62517164 13.52679921]
 [ 5.46663231  6.31597498 14.29823031  7.83759032  5.87426637  5.94756183
   7.52516796  5.31791859 13.53301642  6.17076842]
 [ 6.25630746  7.66284945  9.85289345  9.59600492  6.44769017 11.83880079
   9.3778113  13.79566466  5.43758891  5.8309691 ]
 [12.69655502  9.61809643 14.50030891  9.40914666  9.39729303 10.37534432
   7.57461791  9.63398104 10.25617823  9.92713424]
 [12.65947526 12.61532686  5.36563391  6.91722962 14.89728188 12.09131805
  13.28159896 11.70606936  5.01099789  6.5039092 ]
 [ 8.87626053 12.93754203  5.20767705  5.75775859  6.08041651  9.98924173
  14.19371431  6.99059551  7.69511464  6.50534659]
 [ 8.13600481 10.68778442  5.63483418  5.40544972  8.29004775  6.8396191
   7.04291881 14.15327801  9.41352989 11.95069632]]