-------Running parameters--------
T = 0.001
temperature_gradient = 0.0
gap = 0.2
M = 10
N = 10
VR = 0.0
Vmin = 0.0
Vmax = 1.2
vStep = 0.001
vSym = True
repeats = 20
fileName = array_10_10_disorder_c_std_0_r_std_1_run_3
dist = exp
fullOutput = True
use_graph = False
current_map = True
plot_current_map = False
plot_binary_current_map = False
frame_norm = False
dbg = False
resume = False
sc = True
leaping = False
constQ = False
modifyR = False
double_time = False
double_loop = False
output_folder = bgu_2d_superconducting_array
params_path = 
VG_avg = 0.0
VG_std = 0.0
C_avg = 2.0
C_std = 0.0
CG_avg = 10.0
CG_std = 0.0
R_avg = 10.0
R_std = 1.0
custom_rh = ""
custom_rv = ""
custom_ch = ""
custom_cv = ""
RG_avg = 500.0
RG_std = 0.0
n0_avg = 0.0
n0_std = 0.0
Q0_avg = 0.0
Q0_std = 0.0
----Array Parameters-----
Rows: 10
Columns: 10
VG: [[0.]
 [0.]
 [0.]
 [0.]
 [0.]
 [0.]
 [0.]
 [0.]
 [0.]
 [0.]
 [0.]
 [0.]
 [0.]
 [0.]
 [0.]
 [0.]
 [0.]
 [0.]
 [0.]
 [0.]
 [0.]
 [0.]
 [0.]
 [0.]
 [0.]
 [0.]
 [0.]
 [0.]
 [0.]
 [0.]
 [0.]
 [0.]
 [0.]
 [0.]
 [0.]
 [0.]
 [0.]
 [0.]
 [0.]
 [0.]
 [0.]
 [0.]
 [0.]
 [0.]
 [0.]
 [0.]
 [0.]
 [0.]
 [0.]
 [0.]
 [0.]
 [0.]
 [0.]
 [0.]
 [0.]
 [0.]
 [0.]
 [0.]
 [0.]
 [0.]
 [0.]
 [0.]
 [0.]
 [0.]
 [0.]
 [0.]
 [0.]
 [0.]
 [0.]
 [0.]
 [0.]
 [0.]
 [0.]
 [0.]
 [0.]
 [0.]
 [0.]
 [0.]
 [0.]
 [0.]
 [0.]
 [0.]
 [0.]
 [0.]
 [0.]
 [0.]
 [0.]
 [0.]
 [0.]
 [0.]
 [0.]
 [0.]
 [0.]
 [0.]
 [0.]
 [0.]
 [0.]
 [0.]
 [0.]
 [0.]]
CG: [[10.]
 [10.]
 [10.]
 [10.]
 [10.]
 [10.]
 [10.]
 [10.]
 [10.]
 [10.]
 [10.]
 [10.]
 [10.]
 [10.]
 [10.]
 [10.]
 [10.]
 [10.]
 [10.]
 [10.]
 [10.]
 [10.]
 [10.]
 [10.]
 [10.]
 [10.]
 [10.]
 [10.]
 [10.]
 [10.]
 [10.]
 [10.]
 [10.]
 [10.]
 [10.]
 [10.]
 [10.]
 [10.]
 [10.]
 [10.]
 [10.]
 [10.]
 [10.]
 [10.]
 [10.]
 [10.]
 [10.]
 [10.]
 [10.]
 [10.]
 [10.]
 [10.]
 [10.]
 [10.]
 [10.]
 [10.]
 [10.]
 [10.]
 [10.]
 [10.]
 [10.]
 [10.]
 [10.]
 [10.]
 [10.]
 [10.]
 [10.]
 [10.]
 [10.]
 [10.]
 [10.]
 [10.]
 [10.]
 [10.]
 [10.]
 [10.]
 [10.]
 [10.]
 [10.]
 [10.]
 [10.]
 [10.]
 [10.]
 [10.]
 [10.]
 [10.]
 [10.]
 [10.]
 [10.]
 [10.]
 [10.]
 [10.]
 [10.]
 [10.]
 [10.]
 [10.]
 [10.]
 [10.]
 [10.]
 [10.]]
RG: [[500.]
 [500.]
 [500.]
 [500.]
 [500.]
 [500.]
 [500.]
 [500.]
 [500.]
 [500.]
 [500.]
 [500.]
 [500.]
 [500.]
 [500.]
 [500.]
 [500.]
 [500.]
 [500.]
 [500.]
 [500.]
 [500.]
 [500.]
 [500.]
 [500.]
 [500.]
 [500.]
 [500.]
 [500.]
 [500.]
 [500.]
 [500.]
 [500.]
 [500.]
 [500.]
 [500.]
 [500.]
 [500.]
 [500.]
 [500.]
 [500.]
 [500.]
 [500.]
 [500.]
 [500.]
 [500.]
 [500.]
 [500.]
 [500.]
 [500.]
 [500.]
 [500.]
 [500.]
 [500.]
 [500.]
 [500.]
 [500.]
 [500.]
 [500.]
 [500.]
 [500.]
 [500.]
 [500.]
 [500.]
 [500.]
 [500.]
 [500.]
 [500.]
 [500.]
 [500.]
 [500.]
 [500.]
 [500.]
 [500.]
 [500.]
 [500.]
 [500.]
 [500.]
 [500.]
 [500.]
 [500.]
 [500.]
 [500.]
 [500.]
 [500.]
 [500.]
 [500.]
 [500.]
 [500.]
 [500.]
 [500.]
 [500.]
 [500.]
 [500.]
 [500.]
 [500.]
 [500.]
 [500.]
 [500.]
 [500.]]
Ch: [[2. 2. 2. 2. 2. 2. 2. 2. 2. 2. 2.]
 [2. 2. 2. 2. 2. 2. 2. 2. 2. 2. 2.]
 [2. 2. 2. 2. 2. 2. 2. 2. 2. 2. 2.]
 [2. 2. 2. 2. 2. 2. 2. 2. 2. 2. 2.]
 [2. 2. 2. 2. 2. 2. 2. 2. 2. 2. 2.]
 [2. 2. 2. 2. 2. 2. 2. 2. 2. 2. 2.]
 [2. 2. 2. 2. 2. 2. 2. 2. 2. 2. 2.]
 [2. 2. 2. 2. 2. 2. 2. 2. 2. 2. 2.]
 [2. 2. 2. 2. 2. 2. 2. 2. 2. 2. 2.]
 [2. 2. 2. 2. 2. 2. 2. 2. 2. 2. 2.]]
Cv: [[0. 0. 0. 0. 0. 0. 0. 0. 0. 0.]
 [2. 2. 2. 2. 2. 2. 2. 2. 2. 2.]
 [2. 2. 2. 2. 2. 2. 2. 2. 2. 2.]
 [2. 2. 2. 2. 2. 2. 2. 2. 2. 2.]
 [2. 2. 2. 2. 2. 2. 2. 2. 2. 2.]
 [2. 2. 2. 2. 2. 2. 2. 2. 2. 2.]
 [2. 2. 2. 2. 2. 2. 2. 2. 2. 2.]
 [2. 2. 2. 2. 2. 2. 2. 2. 2. 2.]
 [2. 2. 2. 2. 2. 2. 2. 2. 2. 2.]
 [2. 2. 2. 2. 2. 2. 2. 2. 2. 2.]]
Rh: [[ 9.15738881 10.95380525  9.04774171  9.03831972 10.94034292 10.81388385
  10.18388085  9.08134319  9.18156338  9.35321555  9.54671456]
 [ 9.70640947  9.44679744 10.9717813  10.3387585   9.18317692  9.17135381
   9.98777722 10.78194072 10.51856079 10.75869391 10.37654288]
 [ 9.20926652  9.80771641  9.03472698  9.96696907 10.59392749 10.17431346
   9.32947612  9.22058163  9.5198971   9.18337292  9.8888832 ]
 [ 9.94723404 10.50648145 10.89041539 10.88677344  9.99719108  9.9957002
  10.06316579  9.5606892   9.30195255 10.44166187  9.59906522]
 [10.26619441  9.09047165 10.81419912  9.5167346  10.22848668 10.94324594
  10.49661326 10.95376989  9.00247943  9.05705216  9.45181455]
 [ 9.77115407  9.98047061 10.5735273   9.85317957  9.21172676 10.55705059
  10.50353417  9.58631953  9.54559025 10.22689499  9.45426117]
 [ 9.81821726  9.89092321 10.74205484 10.06328968  9.65187033 10.6738403
  10.83165873  9.71411893  9.35972054  9.62946868 10.38662512]
 [ 9.19901318  9.5394162   9.92307299 10.05223817  9.66575989  9.3737233
  10.34878944 10.13172565 10.24976057  9.91118836 10.12835482]
 [ 9.04102775 10.79862027 10.27542194  9.93581779  9.73026035 10.75848244
   9.74224967 10.72510774  9.72793683 10.9992602   9.31327637]
 [ 9.59265383  9.1782537  10.17820556  9.66490798 10.9520934   9.58977163
   9.9862678   9.89507464 10.7380483  10.2480267   9.6765381 ]]
Rv: [[ 9.50611385  9.4102308  10.83346567  9.43437561  9.33471883  9.91302993
  10.03797304  9.13488555 10.53041367 10.00028863]
 [ 9.56063514 10.13034236  9.1955357   9.13803869 10.98357611  9.89250722
  10.02845016 10.33107247 10.86728652  9.49609377]
 [10.50318484 10.98657819  9.10138669  9.5667501  10.28954181 10.20316486
   9.68794086 10.18389889  9.2125035  10.39567977]
 [10.40583474 10.91907787  9.79879762  9.00217319 10.66484493  9.77780545
  10.50740887  9.46923669 10.51605299 10.54086107]
 [10.1382458   9.19996307 10.47277714 10.71899937 10.72481052 10.48021193
  10.48792459  9.74471608  9.02684931  9.4799314 ]
 [10.58091356 10.55542722  9.72932098 10.99329762  9.81809156 10.12222761
  10.03598629 10.42211849  9.38274995 10.07094202]
 [10.41653629  9.45676565 10.16395232  9.95141954  9.06114205  9.69348719
   9.94297222 10.35171969  9.54313032  9.90196558]
 [10.41849596 10.76557832  9.0230805   9.37269104  9.53911893  9.49890975
  10.68336568  9.49339685 10.88935472  9.64760196]
 [10.37803354  9.36349232  9.00166385  9.59811108 10.61861697 10.04819947
  10.59411981 10.38414837 10.79391612 10.7945375 ]]