-------Running parameters--------
T = 0.001
temperature_gradient = 0.0
gap = 0.2
M = 10
N = 10
VR = 0.0
Vmin = 0.0
Vmax = 1.2
vStep = 0.001
vSym = True
repeats = 20
fileName = array_10_10_disorder_c_std_0.1_r_std_9_run_3
dist = exp
fullOutput = True
use_graph = False
current_map = True
plot_current_map = False
plot_binary_current_map = False
frame_norm = False
dbg = False
resume = False
sc = True
leaping = False
constQ = False
modifyR = False
double_time = False
double_loop = False
output_folder = bgu_2d_superconducting_array
params_path = 
VG_avg = 0.0
VG_std = 0.0
C_avg = 2.0
C_std = 0.1
CG_avg = 10.0
CG_std = 0.0
R_avg = 10.0
R_std = 9.0
custom_rh = ""
custom_rv = ""
custom_ch = ""
custom_cv = ""
RG_avg = 500.0
RG_std = 0.0
n0_avg = 0.0
n0_std = 0.0
Q0_avg = 0.0
Q0_std = 0.0
----Array Parameters-----
Rows: 10
Columns: 10
VG: [[0.]
 [0.]
 [0.]
 [0.]
 [0.]
 [0.]
 [0.]
 [0.]
 [0.]
 [0.]
 [0.]
 [0.]
 [0.]
 [0.]
 [0.]
 [0.]
 [0.]
 [0.]
 [0.]
 [0.]
 [0.]
 [0.]
 [0.]
 [0.]
 [0.]
 [0.]
 [0.]
 [0.]
 [0.]
 [0.]
 [0.]
 [0.]
 [0.]
 [0.]
 [0.]
 [0.]
 [0.]
 [0.]
 [0.]
 [0.]
 [0.]
 [0.]
 [0.]
 [0.]
 [0.]
 [0.]
 [0.]
 [0.]
 [0.]
 [0.]
 [0.]
 [0.]
 [0.]
 [0.]
 [0.]
 [0.]
 [0.]
 [0.]
 [0.]
 [0.]
 [0.]
 [0.]
 [0.]
 [0.]
 [0.]
 [0.]
 [0.]
 [0.]
 [0.]
 [0.]
 [0.]
 [0.]
 [0.]
 [0.]
 [0.]
 [0.]
 [0.]
 [0.]
 [0.]
 [0.]
 [0.]
 [0.]
 [0.]
 [0.]
 [0.]
 [0.]
 [0.]
 [0.]
 [0.]
 [0.]
 [0.]
 [0.]
 [0.]
 [0.]
 [0.]
 [0.]
 [0.]
 [0.]
 [0.]
 [0.]]
CG: [[10.]
 [10.]
 [10.]
 [10.]
 [10.]
 [10.]
 [10.]
 [10.]
 [10.]
 [10.]
 [10.]
 [10.]
 [10.]
 [10.]
 [10.]
 [10.]
 [10.]
 [10.]
 [10.]
 [10.]
 [10.]
 [10.]
 [10.]
 [10.]
 [10.]
 [10.]
 [10.]
 [10.]
 [10.]
 [10.]
 [10.]
 [10.]
 [10.]
 [10.]
 [10.]
 [10.]
 [10.]
 [10.]
 [10.]
 [10.]
 [10.]
 [10.]
 [10.]
 [10.]
 [10.]
 [10.]
 [10.]
 [10.]
 [10.]
 [10.]
 [10.]
 [10.]
 [10.]
 [10.]
 [10.]
 [10.]
 [10.]
 [10.]
 [10.]
 [10.]
 [10.]
 [10.]
 [10.]
 [10.]
 [10.]
 [10.]
 [10.]
 [10.]
 [10.]
 [10.]
 [10.]
 [10.]
 [10.]
 [10.]
 [10.]
 [10.]
 [10.]
 [10.]
 [10.]
 [10.]
 [10.]
 [10.]
 [10.]
 [10.]
 [10.]
 [10.]
 [10.]
 [10.]
 [10.]
 [10.]
 [10.]
 [10.]
 [10.]
 [10.]
 [10.]
 [10.]
 [10.]
 [10.]
 [10.]
 [10.]]
RG: [[500.]
 [500.]
 [500.]
 [500.]
 [500.]
 [500.]
 [500.]
 [500.]
 [500.]
 [500.]
 [500.]
 [500.]
 [500.]
 [500.]
 [500.]
 [500.]
 [500.]
 [500.]
 [500.]
 [500.]
 [500.]
 [500.]
 [500.]
 [500.]
 [500.]
 [500.]
 [500.]
 [500.]
 [500.]
 [500.]
 [500.]
 [500.]
 [500.]
 [500.]
 [500.]
 [500.]
 [500.]
 [500.]
 [500.]
 [500.]
 [500.]
 [500.]
 [500.]
 [500.]
 [500.]
 [500.]
 [500.]
 [500.]
 [500.]
 [500.]
 [500.]
 [500.]
 [500.]
 [500.]
 [500.]
 [500.]
 [500.]
 [500.]
 [500.]
 [500.]
 [500.]
 [500.]
 [500.]
 [500.]
 [500.]
 [500.]
 [500.]
 [500.]
 [500.]
 [500.]
 [500.]
 [500.]
 [500.]
 [500.]
 [500.]
 [500.]
 [500.]
 [500.]
 [500.]
 [500.]
 [500.]
 [500.]
 [500.]
 [500.]
 [500.]
 [500.]
 [500.]
 [500.]
 [500.]
 [500.]
 [500.]
 [500.]
 [500.]
 [500.]
 [500.]
 [500.]
 [500.]
 [500.]
 [500.]
 [500.]]
Ch: [[2.02374656 1.93974943 1.95709546 1.98398675 2.00771557 2.08783339
  1.97884177 2.08694892 2.09173136 1.93625547 2.02829951]
 [2.05986323 2.01558521 1.97069274 1.94693351 2.05478018 2.00862157
  2.02164881 1.98873494 1.95910086 2.00498225 1.95554792]
 [1.93869514 1.91509107 2.09209417 2.09524679 2.02627704 1.90372743
  1.96930265 2.06620112 2.01275156 2.07432902 2.02953887]
 [1.9752305  1.96024342 1.92843953 1.9739165  1.92235267 2.07107909
  2.03845162 1.9042186  2.09547057 2.09363222 2.00358243]
 [1.93416925 1.95940602 1.91156632 1.90839579 1.928561   1.96851515
  1.9559886  2.08883117 2.02357917 2.01662853 2.04972356]
 [1.97169376 2.0791805  1.99187936 2.01909627 1.93274593 1.91523936
  2.04820281 2.0036922  1.99312056 2.07732094 2.03826574]
 [1.97152189 2.09651913 2.09946828 2.0060488  1.95967665 1.93164916
  1.98262995 1.96368411 2.05434581 2.01556553 1.97102309]
 [1.91251351 1.97372277 2.03014811 2.08164018 1.94075797 1.91740933
  1.98514797 1.90658276 2.03601925 1.93484887 2.08784337]
 [1.92089432 1.95806498 2.012628   1.97260801 1.97371219 1.9486851
  1.97175836 2.04362447 2.04535917 1.98778633 1.91700439]
 [1.98716372 2.03810373 2.08269493 2.08989678 1.9941259  2.05444826
  2.06364662 2.0877742  1.97620276 1.92337883 2.06608043]]
Cv: [[0.         0.         0.         0.         0.         0.
  0.         0.         0.         0.        ]
 [2.00022516 2.08786165 2.09887861 1.91767805 1.96556546 2.02290004
  2.03707773 2.06765279 2.09234288 1.98601125]
 [2.07009369 1.95340144 2.06713701 2.03189049 1.98965335 2.08177444
  2.00106663 1.97978684 2.09832657 1.97300519]
 [1.99338285 2.00394185 1.98210647 1.96247944 1.96333997 1.94585204
  2.0307274  2.09462636 1.91913902 2.01137175]
 [1.91258238 1.90106729 2.04105152 2.07612586 1.91113118 1.91380911
  1.91584831 2.07276008 2.07830696 2.06560855]
 [1.97049884 1.90108948 2.06667175 1.94665851 1.97837539 1.97759232
  1.9528424  1.94004097 2.03035127 2.0214975 ]
 [1.97795429 2.03538757 2.04932821 1.92967554 2.02766065 1.92878891
  1.96281016 1.92502769 2.01325835 1.92236586]
 [2.0347046  2.08579394 2.02620843 2.08421192 1.92152609 2.06858199
  1.9997223  2.06537912 1.96149176 2.07363902]
 [2.02632276 2.08814529 2.04809968 1.97878581 1.97953787 1.90446801
  1.94460339 2.08740825 1.95375552 1.96315873]
 [1.91128587 2.03054234 1.90727083 1.99376474 2.04627136 2.09429494
  1.94193606 1.95743235 2.06517241 1.9772332 ]]
Rh: [[18.75711092 11.42293242 10.20067944  5.5162591   7.93980005  2.36859377
   1.00761762 14.41191037  1.85062381  1.06427513  7.13180813]
 [ 5.11362729  1.63811424 18.45879748 15.29340736  1.28254033  6.50720902
   2.70225782  3.78277449  9.62392918  3.75863797  1.1483721 ]
 [13.58738438 11.70491783 13.07210185  8.21813905  2.26790864 17.81816355
   1.60762324 18.03821762  5.88319722  9.160565   18.9338194 ]
 [ 1.90491556  1.22753281 14.30218376 10.24385301 16.61782181  8.98637557
   6.76863568  7.12432589  7.97870768  2.04962976  1.8524714 ]
 [ 4.34199984  1.53167539  5.51641051  5.03605278 11.73544677  3.81640414
   2.6789755   2.86994919 12.56826023  1.72305919  1.57723771]
 [ 2.26843225  9.33238176  1.2670809   7.38048193  4.01057745  7.59275036
   1.67990877  5.09184703  1.80590166  3.28599089 15.95706146]
 [ 7.13586544  3.02633769  4.39607813 11.09132706  4.42873057 12.39308566
   4.42084595  4.41992331  1.596471   18.4664223   1.28743982]
 [ 4.65901891  2.3458101   4.29872663  7.10309426  2.24854759  3.91962487
   2.33307336  5.72922118  1.06063295 15.56996107  7.15164808]
 [ 1.27233759  1.35616461  2.25003347  1.0114403  18.14151065  2.88721622
  14.22783537  1.53498922 15.68499999  8.81340641  3.25335363]
 [ 3.06785011 11.38004341  2.60790246  1.39147791  1.7629179   1.11857791
   8.13624461  2.51423117  8.28624498  9.29401056 14.55270632]]
Rv: [[16.78373726  1.03077107 17.51465639  8.2272146   2.984682    9.20548079
  15.36436328 10.62812481  1.2441745   1.34066068]
 [ 2.67406893  1.3784332   3.89700664 13.1823038   3.824033    1.6573074
   1.70625418  3.6980045  18.53534241  1.23927928]
 [ 1.04317389  1.54471875 13.2591744   2.34189821 15.64500557  5.33760159
   2.06251388  3.26665834  1.64065303 16.96051055]
 [ 1.66813071  1.6467308   8.40104873  3.5244623   2.0451979   3.89370087
  13.33708991  1.04365546  3.4007932  11.18269263]
 [13.42447842  2.06344436  1.25055457  3.07305907  7.52930725  4.62643273
   6.49703178  3.2827737   5.4853609   3.32021925]
 [15.89785304  8.83707423  3.32473918  2.9869368   9.47550166  2.2883878
  15.77338647  1.78315218  1.31489662  1.65772063]
 [ 4.48062397  1.19188245 16.39933452  1.09749912  7.74599948  4.57355014
  10.20176499  1.19961447  1.07883021  5.6670415 ]
 [ 4.19856088  3.57543631 10.11929565  4.29067512  4.27176592  1.43730238
   3.01522312  5.40944688  6.12246518  1.68770011]
 [12.18215814 11.76990584  8.75765844  2.0627712   4.14146059  3.7040011
   5.90420552  3.6360192   1.80187287  1.22164223]]