-------Running parameters--------
T = 0.001
temperature_gradient = 0.0
gap = 0.2
M = 10
N = 10
VR = 0.0
Vmin = 0.0
Vmax = 1.2
vStep = 0.001
vSym = True
repeats = 20
fileName = array_10_10_disorder_c_std_1_r_std_1_run_5
dist = exp
fullOutput = True
use_graph = False
current_map = True
plot_current_map = False
plot_binary_current_map = False
frame_norm = False
dbg = False
resume = False
sc = True
leaping = False
constQ = False
modifyR = False
double_time = False
double_loop = False
output_folder = bgu_2d_superconducting_array
params_path = 
VG_avg = 0.0
VG_std = 0.0
C_avg = 2.0
C_std = 1.0
CG_avg = 10.0
CG_std = 0.0
R_avg = 10.0
R_std = 1.0
custom_rh = ""
custom_rv = ""
custom_ch = ""
custom_cv = ""
RG_avg = 500.0
RG_std = 0.0
n0_avg = 0.0
n0_std = 0.0
Q0_avg = 0.0
Q0_std = 0.0
----Array Parameters-----
Rows: 10
Columns: 10
VG: [[0.]
 [0.]
 [0.]
 [0.]
 [0.]
 [0.]
 [0.]
 [0.]
 [0.]
 [0.]
 [0.]
 [0.]
 [0.]
 [0.]
 [0.]
 [0.]
 [0.]
 [0.]
 [0.]
 [0.]
 [0.]
 [0.]
 [0.]
 [0.]
 [0.]
 [0.]
 [0.]
 [0.]
 [0.]
 [0.]
 [0.]
 [0.]
 [0.]
 [0.]
 [0.]
 [0.]
 [0.]
 [0.]
 [0.]
 [0.]
 [0.]
 [0.]
 [0.]
 [0.]
 [0.]
 [0.]
 [0.]
 [0.]
 [0.]
 [0.]
 [0.]
 [0.]
 [0.]
 [0.]
 [0.]
 [0.]
 [0.]
 [0.]
 [0.]
 [0.]
 [0.]
 [0.]
 [0.]
 [0.]
 [0.]
 [0.]
 [0.]
 [0.]
 [0.]
 [0.]
 [0.]
 [0.]
 [0.]
 [0.]
 [0.]
 [0.]
 [0.]
 [0.]
 [0.]
 [0.]
 [0.]
 [0.]
 [0.]
 [0.]
 [0.]
 [0.]
 [0.]
 [0.]
 [0.]
 [0.]
 [0.]
 [0.]
 [0.]
 [0.]
 [0.]
 [0.]
 [0.]
 [0.]
 [0.]
 [0.]]
CG: [[10.]
 [10.]
 [10.]
 [10.]
 [10.]
 [10.]
 [10.]
 [10.]
 [10.]
 [10.]
 [10.]
 [10.]
 [10.]
 [10.]
 [10.]
 [10.]
 [10.]
 [10.]
 [10.]
 [10.]
 [10.]
 [10.]
 [10.]
 [10.]
 [10.]
 [10.]
 [10.]
 [10.]
 [10.]
 [10.]
 [10.]
 [10.]
 [10.]
 [10.]
 [10.]
 [10.]
 [10.]
 [10.]
 [10.]
 [10.]
 [10.]
 [10.]
 [10.]
 [10.]
 [10.]
 [10.]
 [10.]
 [10.]
 [10.]
 [10.]
 [10.]
 [10.]
 [10.]
 [10.]
 [10.]
 [10.]
 [10.]
 [10.]
 [10.]
 [10.]
 [10.]
 [10.]
 [10.]
 [10.]
 [10.]
 [10.]
 [10.]
 [10.]
 [10.]
 [10.]
 [10.]
 [10.]
 [10.]
 [10.]
 [10.]
 [10.]
 [10.]
 [10.]
 [10.]
 [10.]
 [10.]
 [10.]
 [10.]
 [10.]
 [10.]
 [10.]
 [10.]
 [10.]
 [10.]
 [10.]
 [10.]
 [10.]
 [10.]
 [10.]
 [10.]
 [10.]
 [10.]
 [10.]
 [10.]
 [10.]]
RG: [[500.]
 [500.]
 [500.]
 [500.]
 [500.]
 [500.]
 [500.]
 [500.]
 [500.]
 [500.]
 [500.]
 [500.]
 [500.]
 [500.]
 [500.]
 [500.]
 [500.]
 [500.]
 [500.]
 [500.]
 [500.]
 [500.]
 [500.]
 [500.]
 [500.]
 [500.]
 [500.]
 [500.]
 [500.]
 [500.]
 [500.]
 [500.]
 [500.]
 [500.]
 [500.]
 [500.]
 [500.]
 [500.]
 [500.]
 [500.]
 [500.]
 [500.]
 [500.]
 [500.]
 [500.]
 [500.]
 [500.]
 [500.]
 [500.]
 [500.]
 [500.]
 [500.]
 [500.]
 [500.]
 [500.]
 [500.]
 [500.]
 [500.]
 [500.]
 [500.]
 [500.]
 [500.]
 [500.]
 [500.]
 [500.]
 [500.]
 [500.]
 [500.]
 [500.]
 [500.]
 [500.]
 [500.]
 [500.]
 [500.]
 [500.]
 [500.]
 [500.]
 [500.]
 [500.]
 [500.]
 [500.]
 [500.]
 [500.]
 [500.]
 [500.]
 [500.]
 [500.]
 [500.]
 [500.]
 [500.]
 [500.]
 [500.]
 [500.]
 [500.]
 [500.]
 [500.]
 [500.]
 [500.]
 [500.]
 [500.]]
Ch: [[1.97064435 1.67298942 1.02871097 2.25238464 1.18137733 2.58470275
  2.3275007  1.4813939  2.79746562 2.21635029 2.39186179]
 [1.01152239 1.27386903 1.46291987 2.07291777 1.53935343 2.80851376
  2.96496911 2.4828617  1.35490655 1.2472097  1.95835471]
 [1.17757371 1.80673384 2.27411207 1.29875446 2.31553509 2.52560452
  1.20193355 2.29458343 2.68917909 2.49953536 1.64130268]
 [1.00622395 1.40223717 1.27834556 1.29987094 1.87330376 2.82051672
  1.55375614 1.92480093 1.13704245 2.51876912 1.43467638]
 [1.52405091 2.72383601 1.80537512 1.3003411  2.92071246 1.59907606
  2.90248134 1.92008306 2.42898917 1.80088286 2.17086305]
 [1.28544913 1.28913572 2.36391838 2.49329553 1.58736135 1.82146134
  2.16449431 1.45961167 1.30558972 1.40256062 1.14100687]
 [1.68150908 1.69177082 1.30372263 2.71745674 1.06596906 1.80230084
  1.44707533 1.70551318 1.70543501 1.71190888 1.30454958]
 [1.90390127 1.08927714 2.05124498 2.19962268 1.93759784 2.78286738
  1.73295181 1.83678544 1.12281093 1.58240121 1.14399467]
 [2.67333351 2.92868849 1.10152748 1.18783373 1.94448945 1.96109636
  2.0454975  2.9703323  2.16981812 2.37941398 1.5118997 ]
 [1.8587471  1.31248296 1.14956696 1.62452444 1.6174787  1.3637799
  2.10735163 2.29695358 2.56303098 1.37882206 2.93844602]]
Cv: [[0.         0.         0.         0.         0.         0.
  0.         0.         0.         0.        ]
 [1.06266914 1.3250341  1.66516337 1.79129026 1.67311783 2.11218855
  1.71318594 1.61962304 2.22791093 1.28587162]
 [2.55649029 1.05215327 2.93351471 1.39485516 1.77470089 2.20397679
  2.25835177 2.03641042 2.11648901 2.44865037]
 [1.5222948  2.34792966 1.87260052 2.34969567 1.68999333 2.82795317
  2.21429052 1.36841309 2.34019873 1.74848632]
 [2.95046103 1.02622053 2.72977639 2.30301467 1.28516054 1.37889598
  2.97370428 1.03220406 1.4894189  1.08479392]
 [2.20454623 1.22637717 1.80451501 1.05287566 2.88481548 1.3204605
  2.47223973 1.60902462 1.51428147 2.32942751]
 [1.29968149 1.32773298 2.32035979 1.7578701  1.70706283 2.73481002
  1.21182826 1.06597191 1.70358025 1.0493214 ]
 [2.36367011 1.87652275 2.77238529 2.95409381 1.4470285  1.2244186
  1.09609081 2.31502619 1.0649563  1.66718993]
 [2.08174714 1.75879108 2.14495318 1.7121956  2.1276679  1.47515066
  2.66411907 1.20084642 1.05649095 2.78472283]
 [1.34589561 1.00056626 1.84666467 1.70201806 1.75915631 1.76929653
  2.11474535 1.06406141 2.10166175 1.58065563]]
Rh: [[ 9.57079802 10.84822217 10.26660279 10.65712585  9.90870638  9.36932455
   9.15149214  9.56494667 10.4016932  10.51798027  9.17020866]
 [10.63148283  9.51268455  9.28107858  9.89334902 10.5979303  10.68921189
   9.22802065 10.72989113 10.29821762  9.81105087 10.99177781]
 [10.82144856 10.477308    9.34028744 10.67935911  9.05633468  9.09424687
   9.66211882  9.7739958   9.91149512 10.5231836  10.80979862]
 [ 9.62887667  9.91918826 10.46127178 10.62389815  9.45971522 10.44490666
   9.84801069 10.19824005  9.02094885 10.3210204   9.82208407]
 [10.97988686 10.81429264 10.75165691  9.55042588 10.18453487  9.09743591
  10.77225863  9.79849103 10.17970231 10.74806347  9.4464591 ]
 [10.4859096   9.42707618  9.48780591  9.29184679 10.11020939  9.0397751
  10.92328912 10.01921757 10.71582569 10.14484859 10.84106028]
 [10.9865625   9.86230572  9.62603479  9.3688889   9.85602786 10.58204709
   9.38276976 10.90763541 10.68045736 10.223971    9.99065741]
 [ 9.89400813  9.11949033  9.17031668 10.00962056  9.53468242  9.35473351
   9.02928773 10.72560303  9.36484824 10.54779204  9.87670006]
 [ 9.10957554  9.52833378 10.27244755 10.9211367   9.39915041 10.14764696
  10.27824443  9.20820709  9.24267021 10.90460956 10.1143574 ]
 [10.6471291  10.49652117  9.72511555 10.62656544 10.68766136  9.22349778
   9.07319812  9.59210709 10.98990608  9.96569047  9.30784432]]
Rv: [[ 9.64557169 10.71957894  9.5531554  10.89157605  9.17801635 10.61490944
   9.0291318  10.78358915  9.24505637 10.19575252]
 [10.14449074  9.70086835  9.87133551 10.62983562 10.76301202 10.09256381
  10.99855615  9.31972365  9.15191046 10.0188548 ]
 [ 9.14231646  9.01212428 10.74709457 10.00064588 10.17956762 10.09466682
   9.12981823 10.50161447  9.31258184  9.02578558]
 [ 9.90244471  9.08584943 10.14125601 10.14332072  9.08896874  9.09815326
   9.18130423  9.04177936  9.09140128  9.23417488]
 [10.0827294   9.98784183  9.38896536 10.6915812  10.41556581  9.68203715
   9.12829179  9.84007348  9.73944467  9.93828861]
 [10.64139481 10.04947445 10.65608457  9.34853048  9.4865362  10.62370389
  10.09412099  9.60919574 10.04739664 10.19959368]
 [ 9.9210493   9.00960745 10.46483936  9.06927959 10.15901685  9.07403941
   9.98088195 10.036651    9.05548922  9.24025327]
 [10.76161705  9.69489659  9.3389609  10.45208329 10.47722882 10.92477842
  10.65171572 10.12304915 10.35019158 10.12187756]
 [ 9.9803538  10.30463922 10.30639425  9.76724075  9.41595427 10.1408002
  10.97777103  9.96548518 10.82749468  9.49046729]]