-------Running parameters--------
T = 0.001
temperature_gradient = 0.0
gap = 0.2
M = 10
N = 10
VR = 0.0
Vmin = 0.0
Vmax = 1.2
vStep = 0.001
vSym = True
repeats = 20
fileName = array_10_10_disorder_c_std_0.1_r_std_1_run_5
dist = exp
fullOutput = True
use_graph = False
current_map = True
plot_current_map = False
plot_binary_current_map = False
frame_norm = False
dbg = False
resume = False
sc = True
leaping = False
constQ = False
modifyR = False
double_time = False
double_loop = False
output_folder = bgu_2d_superconducting_array
params_path = 
VG_avg = 0.0
VG_std = 0.0
C_avg = 2.0
C_std = 0.1
CG_avg = 10.0
CG_std = 0.0
R_avg = 10.0
R_std = 1.0
custom_rh = ""
custom_rv = ""
custom_ch = ""
custom_cv = ""
RG_avg = 500.0
RG_std = 0.0
n0_avg = 0.0
n0_std = 0.0
Q0_avg = 0.0
Q0_std = 0.0
----Array Parameters-----
Rows: 10
Columns: 10
VG: [[0.]
 [0.]
 [0.]
 [0.]
 [0.]
 [0.]
 [0.]
 [0.]
 [0.]
 [0.]
 [0.]
 [0.]
 [0.]
 [0.]
 [0.]
 [0.]
 [0.]
 [0.]
 [0.]
 [0.]
 [0.]
 [0.]
 [0.]
 [0.]
 [0.]
 [0.]
 [0.]
 [0.]
 [0.]
 [0.]
 [0.]
 [0.]
 [0.]
 [0.]
 [0.]
 [0.]
 [0.]
 [0.]
 [0.]
 [0.]
 [0.]
 [0.]
 [0.]
 [0.]
 [0.]
 [0.]
 [0.]
 [0.]
 [0.]
 [0.]
 [0.]
 [0.]
 [0.]
 [0.]
 [0.]
 [0.]
 [0.]
 [0.]
 [0.]
 [0.]
 [0.]
 [0.]
 [0.]
 [0.]
 [0.]
 [0.]
 [0.]
 [0.]
 [0.]
 [0.]
 [0.]
 [0.]
 [0.]
 [0.]
 [0.]
 [0.]
 [0.]
 [0.]
 [0.]
 [0.]
 [0.]
 [0.]
 [0.]
 [0.]
 [0.]
 [0.]
 [0.]
 [0.]
 [0.]
 [0.]
 [0.]
 [0.]
 [0.]
 [0.]
 [0.]
 [0.]
 [0.]
 [0.]
 [0.]
 [0.]]
CG: [[10.]
 [10.]
 [10.]
 [10.]
 [10.]
 [10.]
 [10.]
 [10.]
 [10.]
 [10.]
 [10.]
 [10.]
 [10.]
 [10.]
 [10.]
 [10.]
 [10.]
 [10.]
 [10.]
 [10.]
 [10.]
 [10.]
 [10.]
 [10.]
 [10.]
 [10.]
 [10.]
 [10.]
 [10.]
 [10.]
 [10.]
 [10.]
 [10.]
 [10.]
 [10.]
 [10.]
 [10.]
 [10.]
 [10.]
 [10.]
 [10.]
 [10.]
 [10.]
 [10.]
 [10.]
 [10.]
 [10.]
 [10.]
 [10.]
 [10.]
 [10.]
 [10.]
 [10.]
 [10.]
 [10.]
 [10.]
 [10.]
 [10.]
 [10.]
 [10.]
 [10.]
 [10.]
 [10.]
 [10.]
 [10.]
 [10.]
 [10.]
 [10.]
 [10.]
 [10.]
 [10.]
 [10.]
 [10.]
 [10.]
 [10.]
 [10.]
 [10.]
 [10.]
 [10.]
 [10.]
 [10.]
 [10.]
 [10.]
 [10.]
 [10.]
 [10.]
 [10.]
 [10.]
 [10.]
 [10.]
 [10.]
 [10.]
 [10.]
 [10.]
 [10.]
 [10.]
 [10.]
 [10.]
 [10.]
 [10.]]
RG: [[500.]
 [500.]
 [500.]
 [500.]
 [500.]
 [500.]
 [500.]
 [500.]
 [500.]
 [500.]
 [500.]
 [500.]
 [500.]
 [500.]
 [500.]
 [500.]
 [500.]
 [500.]
 [500.]
 [500.]
 [500.]
 [500.]
 [500.]
 [500.]
 [500.]
 [500.]
 [500.]
 [500.]
 [500.]
 [500.]
 [500.]
 [500.]
 [500.]
 [500.]
 [500.]
 [500.]
 [500.]
 [500.]
 [500.]
 [500.]
 [500.]
 [500.]
 [500.]
 [500.]
 [500.]
 [500.]
 [500.]
 [500.]
 [500.]
 [500.]
 [500.]
 [500.]
 [500.]
 [500.]
 [500.]
 [500.]
 [500.]
 [500.]
 [500.]
 [500.]
 [500.]
 [500.]
 [500.]
 [500.]
 [500.]
 [500.]
 [500.]
 [500.]
 [500.]
 [500.]
 [500.]
 [500.]
 [500.]
 [500.]
 [500.]
 [500.]
 [500.]
 [500.]
 [500.]
 [500.]
 [500.]
 [500.]
 [500.]
 [500.]
 [500.]
 [500.]
 [500.]
 [500.]
 [500.]
 [500.]
 [500.]
 [500.]
 [500.]
 [500.]
 [500.]
 [500.]
 [500.]
 [500.]
 [500.]
 [500.]]
Ch: [[2.08606143 2.00014143 1.92548879 1.92694569 1.94173734 2.09335239
  2.04482165 2.00723469 1.96557255 1.90311801 2.06587871]
 [1.92612815 1.97826091 2.07528543 1.93033363 1.95029896 2.09604286
  1.99992823 2.02016914 1.98438617 2.03090257 1.95412757]
 [2.01823076 1.93294266 2.05544696 1.98375239 1.95791482 1.98795076
  2.08189085 1.94312611 1.99628596 1.9280714  2.03673297]
 [2.09968837 2.09734766 2.02096231 1.93749346 2.03880068 2.05296789
  2.02385686 1.96083875 1.97839463 2.0815437  1.95814701]
 [1.97887584 1.99071531 1.99781798 1.93367694 2.04059122 2.04270222
  1.99318227 2.08059922 1.92599508 1.91683229 1.96236507]
 [2.06761901 2.09439333 1.90625196 2.09920149 2.02590256 1.92791501
  1.94852902 1.99388426 1.9669482  1.92404158 1.95763295]
 [1.9565527  1.95068145 2.09654359 1.96526334 1.98661875 2.05755635
  2.04971633 1.9937231  2.08850531 2.04325388 2.07907105]
 [2.02360172 1.97391048 1.98174366 1.99449733 2.02988618 1.90366577
  2.01496156 2.08212839 1.98101146 1.92740775 1.9881993 ]
 [1.96821706 1.96191253 2.08443261 2.09864808 2.03393813 1.96619376
  2.09718221 2.07921134 1.90515822 2.05990858 2.0543358 ]
 [1.98788156 1.99560903 1.92279496 1.95312676 2.07473674 2.04697553
  2.0880567  2.02067963 2.03976975 1.9923404  1.95479447]]
Cv: [[0.         0.         0.         0.         0.         0.
  0.         0.         0.         0.        ]
 [2.00979001 2.00506882 1.91602394 2.00460146 1.91225969 2.00275835
  2.06114871 1.92520715 2.03652278 1.96135084]
 [1.94809643 1.95726531 1.90820412 2.03518818 2.01956815 1.90090851
  1.94535146 1.92691309 1.97603416 1.97969566]
 [1.96998817 2.0767131  2.01288434 2.01323085 2.06864058 1.93200464
  2.04520565 1.97534826 2.01749536 2.06013284]
 [1.90243193 1.92653661 2.04805632 2.09666036 2.03062528 2.02585042
  1.99897834 2.08972471 1.94547956 2.07036388]
 [1.99521346 2.00476998 1.91533157 1.92655651 2.04141182 2.02180195
  1.97204354 2.05761001 2.04207271 1.98677126]
 [2.03331905 1.90925609 2.08208882 1.97939578 2.08552458 1.99399812
  2.02300159 1.93064602 2.01810961 2.04057272]
 [1.98618713 1.90870636 1.94939176 1.95497119 2.0490696  1.93649368
  2.01828038 1.903824   2.01358306 2.03303276]
 [2.05376952 1.92967773 2.0527471  2.01520807 1.94968214 2.02400524
  2.06556542 1.92972594 1.96931722 1.91318607]
 [2.06329393 2.04194587 2.01753039 2.05448892 1.98982674 1.97534871
  1.94872629 1.92529444 1.93108478 2.00248145]]
Rh: [[ 9.59769978 10.71958184  9.05029827  9.85375947 10.83068355  9.57315265
   9.97706786 10.59267843  9.75278475  9.61065586 10.74157494]
 [ 9.54246674 10.66544757  9.05178968  9.88298123 10.29708951  9.60383298
   9.44959571  9.08797545  9.91099675  9.26815046  9.60324623]
 [10.00990711 10.88696899 10.6554028   9.39659478 10.51208606 10.7701979
   9.93940619 10.23738024  9.43221961  9.89492407 10.56140311]
 [10.01375295  9.55754112  9.1847553  10.74901253  9.04864214 10.94337492
   9.79467902  9.19541989 10.47707575  9.00387817  9.05339963]
 [ 9.49340994  9.95663004 10.81505122 10.3654024   9.65206441 10.24747974
  10.62914227  9.97454328  9.33500026  9.27182488  9.27036085]
 [10.41155434  9.42578369 10.53960813 10.4464616   9.50372956 10.16769836
   9.63817752  9.43407301 10.76105412  9.6031465   9.32436508]
 [ 9.09677715 10.17631898  9.0589088  10.19434958  9.51656029  9.93596054
   9.25317301 10.55817831 10.62008455  9.41216491  9.13352148]
 [ 9.25980389 10.00741713  9.65861856 10.0226738  10.81680018  9.3141269
  10.46595674 10.65896521  9.26364049  9.55028934  9.70768144]
 [10.95869373 10.77081775  9.26788224 10.9542052   9.14205938  9.16110649
   9.23513027  9.65566109 10.29510562 10.08626336 10.82327336]
 [10.04215501 10.99449834  9.72195107 10.16595958  9.80448988  9.78238158
  10.97043803  9.40676175  9.5090727  10.76269783 10.37199023]]
Rv: [[ 9.27984375  9.48665448 10.37295606 10.38365046 10.99807693  9.12407074
  10.44284189 10.42890899  9.60568597 10.79574548]
 [ 9.76621583 10.72277338 10.22265067  9.81759518  9.27776817 10.50599883
  10.98175583  9.35796786 10.79832988  9.07512228]
 [10.38131784  9.75919799 10.69048052  9.52133157  9.13899261 10.45160813
  10.89294048 10.33296506  9.37131987  9.65950672]
 [ 9.86771344  9.7353063   9.1695676   9.44295143 10.37381038  9.20357546
   9.54855772 10.19342443  9.90218768 10.54388514]
 [10.35700548 10.28119938 10.90400024 10.49076337  9.63667414 10.05288781
  10.36779226  9.8151967   9.11721784 10.537431  ]
 [ 9.65454011 10.46646351 10.24389958 10.25800751 10.16531739  9.23117076
   9.66650766  9.1027299   9.11802684 10.55678896]
 [ 9.15737348 10.44352446 10.68344293  9.43816375 10.24800769 10.72258874
  10.34706753  9.38658566  9.66084865  9.16277777]
 [ 9.86851008  9.06573099 10.84768496  9.40152913 10.52269673  9.11584418
   9.48528381 10.32004665  9.59019998  9.98257531]
 [10.66531896 10.16754451 10.86465481  9.6026719   9.31292062 10.90519131
   9.12455247  9.07632431 10.49901737 10.72619344]]