-------Running parameters--------
T = 0.001
temperature_gradient = 0.0
gap = 0.2
M = 10
N = 10
VR = 0.0
Vmin = 0.0
Vmax = 1.2
vStep = 0.001
vSym = True
repeats = 20
fileName = array_10_10_disorder_c_std_0_r_std_5_run_4
dist = exp
fullOutput = True
use_graph = False
current_map = True
plot_current_map = False
plot_binary_current_map = False
frame_norm = False
dbg = False
resume = False
sc = True
leaping = False
constQ = False
modifyR = False
double_time = False
double_loop = False
output_folder = bgu_2d_superconducting_array
params_path = 
VG_avg = 0.0
VG_std = 0.0
C_avg = 2.0
C_std = 0.0
CG_avg = 10.0
CG_std = 0.0
R_avg = 10.0
R_std = 5.0
custom_rh = ""
custom_rv = ""
custom_ch = ""
custom_cv = ""
RG_avg = 500.0
RG_std = 0.0
n0_avg = 0.0
n0_std = 0.0
Q0_avg = 0.0
Q0_std = 0.0
----Array Parameters-----
Rows: 10
Columns: 10
VG: [[0.]
 [0.]
 [0.]
 [0.]
 [0.]
 [0.]
 [0.]
 [0.]
 [0.]
 [0.]
 [0.]
 [0.]
 [0.]
 [0.]
 [0.]
 [0.]
 [0.]
 [0.]
 [0.]
 [0.]
 [0.]
 [0.]
 [0.]
 [0.]
 [0.]
 [0.]
 [0.]
 [0.]
 [0.]
 [0.]
 [0.]
 [0.]
 [0.]
 [0.]
 [0.]
 [0.]
 [0.]
 [0.]
 [0.]
 [0.]
 [0.]
 [0.]
 [0.]
 [0.]
 [0.]
 [0.]
 [0.]
 [0.]
 [0.]
 [0.]
 [0.]
 [0.]
 [0.]
 [0.]
 [0.]
 [0.]
 [0.]
 [0.]
 [0.]
 [0.]
 [0.]
 [0.]
 [0.]
 [0.]
 [0.]
 [0.]
 [0.]
 [0.]
 [0.]
 [0.]
 [0.]
 [0.]
 [0.]
 [0.]
 [0.]
 [0.]
 [0.]
 [0.]
 [0.]
 [0.]
 [0.]
 [0.]
 [0.]
 [0.]
 [0.]
 [0.]
 [0.]
 [0.]
 [0.]
 [0.]
 [0.]
 [0.]
 [0.]
 [0.]
 [0.]
 [0.]
 [0.]
 [0.]
 [0.]
 [0.]]
CG: [[10.]
 [10.]
 [10.]
 [10.]
 [10.]
 [10.]
 [10.]
 [10.]
 [10.]
 [10.]
 [10.]
 [10.]
 [10.]
 [10.]
 [10.]
 [10.]
 [10.]
 [10.]
 [10.]
 [10.]
 [10.]
 [10.]
 [10.]
 [10.]
 [10.]
 [10.]
 [10.]
 [10.]
 [10.]
 [10.]
 [10.]
 [10.]
 [10.]
 [10.]
 [10.]
 [10.]
 [10.]
 [10.]
 [10.]
 [10.]
 [10.]
 [10.]
 [10.]
 [10.]
 [10.]
 [10.]
 [10.]
 [10.]
 [10.]
 [10.]
 [10.]
 [10.]
 [10.]
 [10.]
 [10.]
 [10.]
 [10.]
 [10.]
 [10.]
 [10.]
 [10.]
 [10.]
 [10.]
 [10.]
 [10.]
 [10.]
 [10.]
 [10.]
 [10.]
 [10.]
 [10.]
 [10.]
 [10.]
 [10.]
 [10.]
 [10.]
 [10.]
 [10.]
 [10.]
 [10.]
 [10.]
 [10.]
 [10.]
 [10.]
 [10.]
 [10.]
 [10.]
 [10.]
 [10.]
 [10.]
 [10.]
 [10.]
 [10.]
 [10.]
 [10.]
 [10.]
 [10.]
 [10.]
 [10.]
 [10.]]
RG: [[500.]
 [500.]
 [500.]
 [500.]
 [500.]
 [500.]
 [500.]
 [500.]
 [500.]
 [500.]
 [500.]
 [500.]
 [500.]
 [500.]
 [500.]
 [500.]
 [500.]
 [500.]
 [500.]
 [500.]
 [500.]
 [500.]
 [500.]
 [500.]
 [500.]
 [500.]
 [500.]
 [500.]
 [500.]
 [500.]
 [500.]
 [500.]
 [500.]
 [500.]
 [500.]
 [500.]
 [500.]
 [500.]
 [500.]
 [500.]
 [500.]
 [500.]
 [500.]
 [500.]
 [500.]
 [500.]
 [500.]
 [500.]
 [500.]
 [500.]
 [500.]
 [500.]
 [500.]
 [500.]
 [500.]
 [500.]
 [500.]
 [500.]
 [500.]
 [500.]
 [500.]
 [500.]
 [500.]
 [500.]
 [500.]
 [500.]
 [500.]
 [500.]
 [500.]
 [500.]
 [500.]
 [500.]
 [500.]
 [500.]
 [500.]
 [500.]
 [500.]
 [500.]
 [500.]
 [500.]
 [500.]
 [500.]
 [500.]
 [500.]
 [500.]
 [500.]
 [500.]
 [500.]
 [500.]
 [500.]
 [500.]
 [500.]
 [500.]
 [500.]
 [500.]
 [500.]
 [500.]
 [500.]
 [500.]
 [500.]]
Ch: [[2. 2. 2. 2. 2. 2. 2. 2. 2. 2. 2.]
 [2. 2. 2. 2. 2. 2. 2. 2. 2. 2. 2.]
 [2. 2. 2. 2. 2. 2. 2. 2. 2. 2. 2.]
 [2. 2. 2. 2. 2. 2. 2. 2. 2. 2. 2.]
 [2. 2. 2. 2. 2. 2. 2. 2. 2. 2. 2.]
 [2. 2. 2. 2. 2. 2. 2. 2. 2. 2. 2.]
 [2. 2. 2. 2. 2. 2. 2. 2. 2. 2. 2.]
 [2. 2. 2. 2. 2. 2. 2. 2. 2. 2. 2.]
 [2. 2. 2. 2. 2. 2. 2. 2. 2. 2. 2.]
 [2. 2. 2. 2. 2. 2. 2. 2. 2. 2. 2.]]
Cv: [[0. 0. 0. 0. 0. 0. 0. 0. 0. 0.]
 [2. 2. 2. 2. 2. 2. 2. 2. 2. 2.]
 [2. 2. 2. 2. 2. 2. 2. 2. 2. 2.]
 [2. 2. 2. 2. 2. 2. 2. 2. 2. 2.]
 [2. 2. 2. 2. 2. 2. 2. 2. 2. 2.]
 [2. 2. 2. 2. 2. 2. 2. 2. 2. 2.]
 [2. 2. 2. 2. 2. 2. 2. 2. 2. 2.]
 [2. 2. 2. 2. 2. 2. 2. 2. 2. 2.]
 [2. 2. 2. 2. 2. 2. 2. 2. 2. 2.]
 [2. 2. 2. 2. 2. 2. 2. 2. 2. 2.]]
Rh: [[ 8.6033541   6.56617867  9.35308541 10.52822966 13.37634359  8.76214281
  10.58204753  8.74316561  5.57760629 13.25208263  7.39250113]
 [ 7.82046695 12.21968116  8.33390674  9.63841884  8.15853601  9.53000924
  10.65083691  5.51494531  6.37786857  5.06743817 11.67353364]
 [10.74100551  7.43221362 11.28112107 11.36357018 12.92068199 10.27408695
  10.55304271  8.17322608  7.49266876  5.51729917 11.16773943]
 [ 6.34619033  7.05057902  8.99080536  5.72327495  6.8364301  10.12513601
   6.22566561 11.41132874 13.10997817  5.62124062 12.07685321]
 [ 5.93342574  9.7550278   5.07932276 12.95527992 10.56996732  6.73226273
   6.43464205  8.96036853 14.77875918  5.06700366 13.26364146]
 [ 6.29572501  6.11377499  7.70572581  5.66252366 12.01461288  6.09557301
   6.91772463  8.24837487  5.35523334  9.95858907  6.77889067]
 [ 6.19507039 11.1504437   6.37282288  6.26524695  8.7035114   6.2015588
   7.25277722  9.89963615  7.7532774   9.09921413 14.06301939]
 [ 8.88695088  8.66695064  8.88189124  7.45671227 13.93849749  5.59231485
   7.03093218  5.1775806  10.30176251  5.76270021 13.75770956]
 [ 7.7565833   5.49044544  6.67684174  6.8823729   9.66412835  6.91028897
   6.15178856 12.79501022  5.58178999  5.20673031  7.53402277]
 [11.32296223  6.50129227 14.00431276  7.42125118  8.028806   12.30425604
  14.89286286  9.56196028 10.43455738  7.16253325 11.89646144]]
Rv: [[ 6.97298817  5.69296362  9.48106232  5.14148633 10.73798077  5.56704164
  14.03388457 12.93335578 13.05590198  8.97239094]
 [ 6.53268983  8.76900581  7.68203166  8.1965481   6.49249682  9.05321319
  13.41957183  5.47348863 13.46109928  9.60254349]
 [ 6.99071704  6.90501127 11.61974332 11.45765183  6.06089058 10.40423341
  11.66980218 10.5959734  12.11314876 11.48734475]
 [13.21426282  7.40079662  9.93663456 11.80569653  6.86916554  8.47727639
   8.26580979  6.76255131 13.30568629 12.90603605]
 [ 5.50074843  7.12076967  5.29458706  7.71275261  5.19551952 10.61738624
   6.00393179  5.73399346  6.33887915  5.08765686]
 [ 7.66789555  6.40781064  7.61980343 10.77632647  8.85728014 12.60643287
   5.994268    5.84230909  6.5612228   5.06966552]
 [ 5.87276523 10.84560184  9.08910464 14.9268322   5.56670364  9.83733357
   5.9763094   7.08619043 10.23119326  8.31633002]
 [ 5.02456647 14.84963824 10.66490504  9.35353801 10.51991123  8.97074175
   5.55065837  7.69560053 12.61042128 11.00540278]
 [ 8.24780514 13.35446464 13.39452772  5.06506631  7.33113076 11.50468099
  14.65393679 10.06742108  5.47244601 11.59675492]]