-------Running parameters--------
T = 0.001
temperature_gradient = 0.0
gap = 0.2
M = 10
N = 10
VR = 0.0
Vmin = 0.0
Vmax = 1.2
vStep = 0.001
vSym = True
repeats = 20
fileName = array_10_10_disorder_c_std_0.1_r_std_5_run_5
dist = exp
fullOutput = True
use_graph = False
current_map = True
plot_current_map = False
plot_binary_current_map = False
frame_norm = False
dbg = False
resume = False
sc = True
leaping = False
constQ = False
modifyR = False
double_time = False
double_loop = False
output_folder = bgu_2d_superconducting_array
params_path = 
VG_avg = 0.0
VG_std = 0.0
C_avg = 2.0
C_std = 0.1
CG_avg = 10.0
CG_std = 0.0
R_avg = 10.0
R_std = 5.0
custom_rh = ""
custom_rv = ""
custom_ch = ""
custom_cv = ""
RG_avg = 500.0
RG_std = 0.0
n0_avg = 0.0
n0_std = 0.0
Q0_avg = 0.0
Q0_std = 0.0
----Array Parameters-----
Rows: 10
Columns: 10
VG: [[0.]
 [0.]
 [0.]
 [0.]
 [0.]
 [0.]
 [0.]
 [0.]
 [0.]
 [0.]
 [0.]
 [0.]
 [0.]
 [0.]
 [0.]
 [0.]
 [0.]
 [0.]
 [0.]
 [0.]
 [0.]
 [0.]
 [0.]
 [0.]
 [0.]
 [0.]
 [0.]
 [0.]
 [0.]
 [0.]
 [0.]
 [0.]
 [0.]
 [0.]
 [0.]
 [0.]
 [0.]
 [0.]
 [0.]
 [0.]
 [0.]
 [0.]
 [0.]
 [0.]
 [0.]
 [0.]
 [0.]
 [0.]
 [0.]
 [0.]
 [0.]
 [0.]
 [0.]
 [0.]
 [0.]
 [0.]
 [0.]
 [0.]
 [0.]
 [0.]
 [0.]
 [0.]
 [0.]
 [0.]
 [0.]
 [0.]
 [0.]
 [0.]
 [0.]
 [0.]
 [0.]
 [0.]
 [0.]
 [0.]
 [0.]
 [0.]
 [0.]
 [0.]
 [0.]
 [0.]
 [0.]
 [0.]
 [0.]
 [0.]
 [0.]
 [0.]
 [0.]
 [0.]
 [0.]
 [0.]
 [0.]
 [0.]
 [0.]
 [0.]
 [0.]
 [0.]
 [0.]
 [0.]
 [0.]
 [0.]]
CG: [[10.]
 [10.]
 [10.]
 [10.]
 [10.]
 [10.]
 [10.]
 [10.]
 [10.]
 [10.]
 [10.]
 [10.]
 [10.]
 [10.]
 [10.]
 [10.]
 [10.]
 [10.]
 [10.]
 [10.]
 [10.]
 [10.]
 [10.]
 [10.]
 [10.]
 [10.]
 [10.]
 [10.]
 [10.]
 [10.]
 [10.]
 [10.]
 [10.]
 [10.]
 [10.]
 [10.]
 [10.]
 [10.]
 [10.]
 [10.]
 [10.]
 [10.]
 [10.]
 [10.]
 [10.]
 [10.]
 [10.]
 [10.]
 [10.]
 [10.]
 [10.]
 [10.]
 [10.]
 [10.]
 [10.]
 [10.]
 [10.]
 [10.]
 [10.]
 [10.]
 [10.]
 [10.]
 [10.]
 [10.]
 [10.]
 [10.]
 [10.]
 [10.]
 [10.]
 [10.]
 [10.]
 [10.]
 [10.]
 [10.]
 [10.]
 [10.]
 [10.]
 [10.]
 [10.]
 [10.]
 [10.]
 [10.]
 [10.]
 [10.]
 [10.]
 [10.]
 [10.]
 [10.]
 [10.]
 [10.]
 [10.]
 [10.]
 [10.]
 [10.]
 [10.]
 [10.]
 [10.]
 [10.]
 [10.]
 [10.]]
RG: [[500.]
 [500.]
 [500.]
 [500.]
 [500.]
 [500.]
 [500.]
 [500.]
 [500.]
 [500.]
 [500.]
 [500.]
 [500.]
 [500.]
 [500.]
 [500.]
 [500.]
 [500.]
 [500.]
 [500.]
 [500.]
 [500.]
 [500.]
 [500.]
 [500.]
 [500.]
 [500.]
 [500.]
 [500.]
 [500.]
 [500.]
 [500.]
 [500.]
 [500.]
 [500.]
 [500.]
 [500.]
 [500.]
 [500.]
 [500.]
 [500.]
 [500.]
 [500.]
 [500.]
 [500.]
 [500.]
 [500.]
 [500.]
 [500.]
 [500.]
 [500.]
 [500.]
 [500.]
 [500.]
 [500.]
 [500.]
 [500.]
 [500.]
 [500.]
 [500.]
 [500.]
 [500.]
 [500.]
 [500.]
 [500.]
 [500.]
 [500.]
 [500.]
 [500.]
 [500.]
 [500.]
 [500.]
 [500.]
 [500.]
 [500.]
 [500.]
 [500.]
 [500.]
 [500.]
 [500.]
 [500.]
 [500.]
 [500.]
 [500.]
 [500.]
 [500.]
 [500.]
 [500.]
 [500.]
 [500.]
 [500.]
 [500.]
 [500.]
 [500.]
 [500.]
 [500.]
 [500.]
 [500.]
 [500.]
 [500.]]
Ch: [[2.03392575 1.95796227 1.93241517 1.93100074 2.01596101 1.9050786
  2.03954202 2.0393174  2.00568152 2.06744767 1.97720245]
 [2.07554585 2.00307048 2.02874018 1.96747232 2.07494713 2.06742798
  1.9798807  1.94048304 1.90215616 2.01785702 1.90328053]
 [1.93944124 1.96550341 1.97064692 2.08907623 2.06030527 1.99200848
  2.00229619 1.95795155 1.91322755 2.06453002 1.91047083]
 [1.92998374 1.94055993 2.05874243 2.08043343 2.07520653 1.95808177
  2.09462515 1.94653249 2.04236632 1.96300839 2.0227994 ]
 [2.02491861 2.00584445 1.92798197 1.93085026 1.91631686 2.07610594
  2.06441641 2.00786607 1.98492142 1.93897085 2.0931424 ]
 [1.91398849 1.93450872 2.03722699 1.90602819 1.9654327  1.94587779
  2.0982945  2.0292461  1.98031883 1.95774862 1.90184807]
 [2.04921115 1.9120921  1.93106065 2.09673645 1.95476257 2.00788187
  1.935475   1.98159366 1.99824617 2.00063642 2.07312596]
 [1.94056658 2.08005672 2.06569497 2.05477295 2.07071052 1.99425303
  1.90595155 1.91319053 1.9417707  2.01611493 2.02235839]
 [1.94930813 2.02985874 2.07159265 2.00927981 2.05279239 2.04516526
  2.03550964 1.91318658 2.05632229 1.95021285 1.91518645]
 [2.04020982 2.05585244 2.06708881 1.92049899 1.99230005 1.96955808
  2.01331847 1.90600526 2.06068283 1.94632966 1.95928517]]
Cv: [[0.         0.         0.         0.         0.         0.
  0.         0.         0.         0.        ]
 [1.93807337 1.9207277  2.02634112 2.08992472 1.98507054 1.90855689
  1.9696669  1.93246667 1.91984303 2.04248741]
 [2.03967047 1.92266219 2.03721178 2.05906435 2.03150885 1.97658105
  1.98234069 2.01538023 1.99182633 2.03463206]
 [2.05208618 2.02845924 2.00950439 1.96572694 2.02892225 2.09243824
  1.94047693 2.06805198 1.90853918 1.93431029]
 [1.94777527 2.05312233 2.08926204 1.91085041 2.00262856 1.90061961
  2.09821155 1.9676986  2.01570395 2.0205853 ]
 [2.01482399 2.07940277 2.02786854 2.00329913 1.93383752 2.05142122
  1.96166395 2.02184547 1.91523303 2.05040646]
 [1.93298627 2.00613405 1.96032103 2.00418399 2.04446053 1.91891675
  2.0231349  1.97687414 2.05562063 2.08236645]
 [2.04893464 2.00752981 2.07155531 1.9203554  2.03703479 1.99385437
  1.9078884  1.92325821 1.96430629 1.98862366]
 [2.08581498 2.09482738 1.91814766 1.94503489 1.92987209 2.04763671
  2.00521344 1.94507517 1.92468853 2.04525112]
 [2.07672802 1.98454472 1.91228065 2.03890863 1.9531334  1.91891456
  2.06525602 2.00894339 1.98025048 1.91057463]]
Rh: [[13.65025079 11.83179442 13.34266097 12.15611994  5.72265922 12.71780924
   5.14583956  6.40261168 11.7940023  10.9190033   6.02350109]
 [ 8.66343626 10.77871311 10.70474027 10.11702747 14.31376219 13.11706433
   8.76666644  9.35272097  6.41798392 10.55641711 13.87333004]
 [ 7.50458216 14.41225492 10.44761212  9.14646906 11.15306056 10.04496782
  11.23282109  6.3341378   7.13856205  6.96180827  6.71852431]
 [ 8.46697051  6.58562409  8.29643918 13.55918026  5.96867068 11.74175649
   5.23405801 13.78651083  8.56443319 12.52467583 11.75328311]
 [ 5.7362327  12.05940787  5.68918652 11.00413411  6.04345316 10.74137674
  10.97877491  9.85132037  9.26630366 12.12671985  8.81511537]
 [13.00122901  8.99836206  6.89700469  9.39230747  5.09897033  7.77926704
   7.7352322  10.80602861  9.18523391 10.15781922 12.70687696]
 [ 8.71635656 12.79955431  6.78974742  6.26203379 10.75679635  8.56315582
   6.65235505 11.36120088 10.94404548  7.86138925  7.83029358]
 [ 8.71455364  6.2418222   5.74052682  6.40174778 10.93613512 12.59467083
   5.15753009 11.10228522  8.80548722  6.25217526  7.78331392]
 [13.24225089 14.56003055 13.71882415 12.37525672 12.78052879  8.63850149
  11.00755091 11.89161858 10.75846577 11.62908236  5.40039012]
 [ 6.4229806  10.63047078  5.05227962  5.55251379 12.04515334  9.63368858
   5.082369   12.37594681  9.98787461  5.09987885  7.16805102]]
Rv: [[10.28657659 11.34634256 12.59992339  7.32748682  8.74329578  9.12199604
   7.10672838  8.82998771 10.95788679  6.78443717]
 [ 7.16687207 10.69307695  6.66291373  8.30556042  6.499132    6.1292892
   7.49528982  9.9501459  13.32819585  6.97217732]
 [ 9.56450818 13.33771957 10.07654105  7.44950449  5.29077826  5.07938981
  11.99145501  5.17832933 12.95381039  8.25860456]
 [ 8.68527058  6.23537025  7.44309786  7.64886107  5.84982575  7.74249559
  14.24188064  6.08628847  5.78494515  5.88219829]
 [ 7.35426704 13.78844475 11.2404159   7.45268008  5.19445776 13.37948213
  12.05821639 11.33931497  7.29509587  7.14909204]
 [ 5.19007456 10.812501   14.03115311  7.55601217  6.32267179  6.74645106
   7.43219027  7.40169914  8.75070384  7.78590728]
 [14.87285838  9.44255995 10.50852646  6.96632104  6.81899338 13.1727984
   7.49775371 10.46094923  6.02886952 12.82690878]
 [10.18597923 13.0698477   7.33708167  8.48469406  5.32053231  5.59501619
  11.90381783  5.38921498 10.11644169  8.76915364]
 [14.57803388 12.32353545  5.48520147  6.20759177  8.15232255 11.4774839
   5.10410211  7.37674917  7.05664667  5.6196909 ]]