-------Running parameters--------
T = 0.001
temperature_gradient = 0.0
gap = 0.2
M = 10
N = 10
VR = 0.0
Vmin = 0.0
Vmax = 1.2
vStep = 0.001
vSym = True
repeats = 20
fileName = array_10_10_disorder_c_std_0_r_std_5_run_1
dist = exp
fullOutput = True
use_graph = False
current_map = True
plot_current_map = False
plot_binary_current_map = False
frame_norm = False
dbg = False
resume = False
sc = True
leaping = False
constQ = False
modifyR = False
double_time = False
double_loop = False
output_folder = bgu_2d_superconducting_array
params_path = 
VG_avg = 0.0
VG_std = 0.0
C_avg = 2.0
C_std = 0.0
CG_avg = 10.0
CG_std = 0.0
R_avg = 10.0
R_std = 5.0
custom_rh = ""
custom_rv = ""
custom_ch = ""
custom_cv = ""
RG_avg = 500.0
RG_std = 0.0
n0_avg = 0.0
n0_std = 0.0
Q0_avg = 0.0
Q0_std = 0.0
----Array Parameters-----
Rows: 10
Columns: 10
VG: [[0.]
 [0.]
 [0.]
 [0.]
 [0.]
 [0.]
 [0.]
 [0.]
 [0.]
 [0.]
 [0.]
 [0.]
 [0.]
 [0.]
 [0.]
 [0.]
 [0.]
 [0.]
 [0.]
 [0.]
 [0.]
 [0.]
 [0.]
 [0.]
 [0.]
 [0.]
 [0.]
 [0.]
 [0.]
 [0.]
 [0.]
 [0.]
 [0.]
 [0.]
 [0.]
 [0.]
 [0.]
 [0.]
 [0.]
 [0.]
 [0.]
 [0.]
 [0.]
 [0.]
 [0.]
 [0.]
 [0.]
 [0.]
 [0.]
 [0.]
 [0.]
 [0.]
 [0.]
 [0.]
 [0.]
 [0.]
 [0.]
 [0.]
 [0.]
 [0.]
 [0.]
 [0.]
 [0.]
 [0.]
 [0.]
 [0.]
 [0.]
 [0.]
 [0.]
 [0.]
 [0.]
 [0.]
 [0.]
 [0.]
 [0.]
 [0.]
 [0.]
 [0.]
 [0.]
 [0.]
 [0.]
 [0.]
 [0.]
 [0.]
 [0.]
 [0.]
 [0.]
 [0.]
 [0.]
 [0.]
 [0.]
 [0.]
 [0.]
 [0.]
 [0.]
 [0.]
 [0.]
 [0.]
 [0.]
 [0.]]
CG: [[10.]
 [10.]
 [10.]
 [10.]
 [10.]
 [10.]
 [10.]
 [10.]
 [10.]
 [10.]
 [10.]
 [10.]
 [10.]
 [10.]
 [10.]
 [10.]
 [10.]
 [10.]
 [10.]
 [10.]
 [10.]
 [10.]
 [10.]
 [10.]
 [10.]
 [10.]
 [10.]
 [10.]
 [10.]
 [10.]
 [10.]
 [10.]
 [10.]
 [10.]
 [10.]
 [10.]
 [10.]
 [10.]
 [10.]
 [10.]
 [10.]
 [10.]
 [10.]
 [10.]
 [10.]
 [10.]
 [10.]
 [10.]
 [10.]
 [10.]
 [10.]
 [10.]
 [10.]
 [10.]
 [10.]
 [10.]
 [10.]
 [10.]
 [10.]
 [10.]
 [10.]
 [10.]
 [10.]
 [10.]
 [10.]
 [10.]
 [10.]
 [10.]
 [10.]
 [10.]
 [10.]
 [10.]
 [10.]
 [10.]
 [10.]
 [10.]
 [10.]
 [10.]
 [10.]
 [10.]
 [10.]
 [10.]
 [10.]
 [10.]
 [10.]
 [10.]
 [10.]
 [10.]
 [10.]
 [10.]
 [10.]
 [10.]
 [10.]
 [10.]
 [10.]
 [10.]
 [10.]
 [10.]
 [10.]
 [10.]]
RG: [[500.]
 [500.]
 [500.]
 [500.]
 [500.]
 [500.]
 [500.]
 [500.]
 [500.]
 [500.]
 [500.]
 [500.]
 [500.]
 [500.]
 [500.]
 [500.]
 [500.]
 [500.]
 [500.]
 [500.]
 [500.]
 [500.]
 [500.]
 [500.]
 [500.]
 [500.]
 [500.]
 [500.]
 [500.]
 [500.]
 [500.]
 [500.]
 [500.]
 [500.]
 [500.]
 [500.]
 [500.]
 [500.]
 [500.]
 [500.]
 [500.]
 [500.]
 [500.]
 [500.]
 [500.]
 [500.]
 [500.]
 [500.]
 [500.]
 [500.]
 [500.]
 [500.]
 [500.]
 [500.]
 [500.]
 [500.]
 [500.]
 [500.]
 [500.]
 [500.]
 [500.]
 [500.]
 [500.]
 [500.]
 [500.]
 [500.]
 [500.]
 [500.]
 [500.]
 [500.]
 [500.]
 [500.]
 [500.]
 [500.]
 [500.]
 [500.]
 [500.]
 [500.]
 [500.]
 [500.]
 [500.]
 [500.]
 [500.]
 [500.]
 [500.]
 [500.]
 [500.]
 [500.]
 [500.]
 [500.]
 [500.]
 [500.]
 [500.]
 [500.]
 [500.]
 [500.]
 [500.]
 [500.]
 [500.]
 [500.]]
Ch: [[2. 2. 2. 2. 2. 2. 2. 2. 2. 2. 2.]
 [2. 2. 2. 2. 2. 2. 2. 2. 2. 2. 2.]
 [2. 2. 2. 2. 2. 2. 2. 2. 2. 2. 2.]
 [2. 2. 2. 2. 2. 2. 2. 2. 2. 2. 2.]
 [2. 2. 2. 2. 2. 2. 2. 2. 2. 2. 2.]
 [2. 2. 2. 2. 2. 2. 2. 2. 2. 2. 2.]
 [2. 2. 2. 2. 2. 2. 2. 2. 2. 2. 2.]
 [2. 2. 2. 2. 2. 2. 2. 2. 2. 2. 2.]
 [2. 2. 2. 2. 2. 2. 2. 2. 2. 2. 2.]
 [2. 2. 2. 2. 2. 2. 2. 2. 2. 2. 2.]]
Cv: [[0. 0. 0. 0. 0. 0. 0. 0. 0. 0.]
 [2. 2. 2. 2. 2. 2. 2. 2. 2. 2.]
 [2. 2. 2. 2. 2. 2. 2. 2. 2. 2.]
 [2. 2. 2. 2. 2. 2. 2. 2. 2. 2.]
 [2. 2. 2. 2. 2. 2. 2. 2. 2. 2.]
 [2. 2. 2. 2. 2. 2. 2. 2. 2. 2.]
 [2. 2. 2. 2. 2. 2. 2. 2. 2. 2.]
 [2. 2. 2. 2. 2. 2. 2. 2. 2. 2.]
 [2. 2. 2. 2. 2. 2. 2. 2. 2. 2.]
 [2. 2. 2. 2. 2. 2. 2. 2. 2. 2.]]
Rh: [[ 5.56876376 12.62548367  6.12738181  9.04703218 14.72682571  5.47160106
   5.20967065 11.29356161  9.51374924  7.08186206 12.20379003]
 [ 7.31045867  7.61829095  5.1163335   8.72103554  9.06771809 10.11138868
  11.38073947 12.17932181  7.43299045  5.47081962  9.63204913]
 [10.2363007   9.06125514  6.56495628 14.31591679 14.17358124 13.48496745
  12.6287809  10.46756543  8.42730249 14.18873609 12.86575482]
 [ 9.9029836   9.41131862  6.54954737  6.45739651  6.04027388  5.52856715
  10.52751468 10.07178046 14.23857702  5.47211488 13.32772992]
 [ 8.50451963  8.3171827   5.36102865  6.80900672 10.7198644   6.64204163
   9.91040969  9.27771296  6.60451892 10.88922443  9.01496093]
 [14.91127324  5.99586631  9.39635984  7.72221242 10.44339194  6.0579041
  11.80909248  6.50418871 12.16869867  8.26626371  9.31503777]
 [ 9.59685421  6.58397765 10.41382588  5.60808388  5.17790174 11.61090237
   5.10820609  8.20454734  7.61301733  5.10945376  6.71498736]
 [ 8.97825089  5.76018846 11.85371743  8.99027627  9.85972408 12.82460797
   8.70470499  5.85741324 11.90625078 10.23560601  8.40916928]
 [ 8.5607267  10.04944739  6.04891346  8.38811867  6.22010498  7.39235919
   6.38170344  6.42003407  8.48692795  7.07145545 14.33291617]
 [12.33408795  6.913671    8.29720357 13.70039292 12.74919891 11.45554003
   5.9924083   7.73390381  8.9748803   7.46296588  9.95147159]]
Rv: [[10.06622288  7.93579497 10.80299122  5.64890579  8.07552615  7.15655627
   6.31135867  5.7810699   6.41461938  7.83754794]
 [ 9.22458456 14.81931558  6.01643685 10.58346796  9.43414084  5.36797224
   9.21228669 14.40492201 10.73131831  5.44684771]
 [ 6.74314432  6.62833959 11.82435104 13.93297854 10.75302885  6.08832907
   6.39701227  6.3427879  14.49554117  8.49313564]
 [11.60571155  7.96638577 10.90521402 13.88476873 13.14966571 10.74360678
  11.84761013 10.60900567  7.6463946  10.49892577]
 [ 5.75104039 12.79478055 11.58085427  7.01061397  7.37971036  5.37748018
   7.5257323  12.46532006  5.66229573  7.63916501]
 [ 8.56587763  6.25668561  7.95255322  5.57574444 13.04152328 11.07760939
  13.39302149  6.68107913  6.07527719 11.32133486]
 [12.30659753  5.25368611 14.37845283  6.57440601  7.33933316  8.82776516
   7.69611686 12.15275903 11.22437527  9.3253279 ]
 [ 6.72476839  7.22252015  8.45416962 10.65134366 11.98034022  7.79706129
  14.28230003  9.8149861   5.64677792  5.41183864]
 [14.04454991  9.67645714 13.67260528  5.24475609  5.16774206 14.69989058
   8.67225944  8.27968425 12.50342435  9.93839937]]