-------Running parameters--------
T = 0.001
temperature_gradient = 0.0
gap = 0.2
M = 10
N = 10
VR = 0.0
Vmin = 0.0
Vmax = 1.2
vStep = 0.001
vSym = True
repeats = 20
fileName = array_10_10_disorder_c_std_0.1_r_std_9_run_4
dist = exp
fullOutput = True
use_graph = False
current_map = True
plot_current_map = False
plot_binary_current_map = False
frame_norm = False
dbg = False
resume = False
sc = True
leaping = False
constQ = False
modifyR = False
double_time = False
double_loop = False
output_folder = bgu_2d_superconducting_array
params_path = 
VG_avg = 0.0
VG_std = 0.0
C_avg = 2.0
C_std = 0.1
CG_avg = 10.0
CG_std = 0.0
R_avg = 10.0
R_std = 9.0
custom_rh = ""
custom_rv = ""
custom_ch = ""
custom_cv = ""
RG_avg = 500.0
RG_std = 0.0
n0_avg = 0.0
n0_std = 0.0
Q0_avg = 0.0
Q0_std = 0.0
----Array Parameters-----
Rows: 10
Columns: 10
VG: [[0.]
 [0.]
 [0.]
 [0.]
 [0.]
 [0.]
 [0.]
 [0.]
 [0.]
 [0.]
 [0.]
 [0.]
 [0.]
 [0.]
 [0.]
 [0.]
 [0.]
 [0.]
 [0.]
 [0.]
 [0.]
 [0.]
 [0.]
 [0.]
 [0.]
 [0.]
 [0.]
 [0.]
 [0.]
 [0.]
 [0.]
 [0.]
 [0.]
 [0.]
 [0.]
 [0.]
 [0.]
 [0.]
 [0.]
 [0.]
 [0.]
 [0.]
 [0.]
 [0.]
 [0.]
 [0.]
 [0.]
 [0.]
 [0.]
 [0.]
 [0.]
 [0.]
 [0.]
 [0.]
 [0.]
 [0.]
 [0.]
 [0.]
 [0.]
 [0.]
 [0.]
 [0.]
 [0.]
 [0.]
 [0.]
 [0.]
 [0.]
 [0.]
 [0.]
 [0.]
 [0.]
 [0.]
 [0.]
 [0.]
 [0.]
 [0.]
 [0.]
 [0.]
 [0.]
 [0.]
 [0.]
 [0.]
 [0.]
 [0.]
 [0.]
 [0.]
 [0.]
 [0.]
 [0.]
 [0.]
 [0.]
 [0.]
 [0.]
 [0.]
 [0.]
 [0.]
 [0.]
 [0.]
 [0.]
 [0.]]
CG: [[10.]
 [10.]
 [10.]
 [10.]
 [10.]
 [10.]
 [10.]
 [10.]
 [10.]
 [10.]
 [10.]
 [10.]
 [10.]
 [10.]
 [10.]
 [10.]
 [10.]
 [10.]
 [10.]
 [10.]
 [10.]
 [10.]
 [10.]
 [10.]
 [10.]
 [10.]
 [10.]
 [10.]
 [10.]
 [10.]
 [10.]
 [10.]
 [10.]
 [10.]
 [10.]
 [10.]
 [10.]
 [10.]
 [10.]
 [10.]
 [10.]
 [10.]
 [10.]
 [10.]
 [10.]
 [10.]
 [10.]
 [10.]
 [10.]
 [10.]
 [10.]
 [10.]
 [10.]
 [10.]
 [10.]
 [10.]
 [10.]
 [10.]
 [10.]
 [10.]
 [10.]
 [10.]
 [10.]
 [10.]
 [10.]
 [10.]
 [10.]
 [10.]
 [10.]
 [10.]
 [10.]
 [10.]
 [10.]
 [10.]
 [10.]
 [10.]
 [10.]
 [10.]
 [10.]
 [10.]
 [10.]
 [10.]
 [10.]
 [10.]
 [10.]
 [10.]
 [10.]
 [10.]
 [10.]
 [10.]
 [10.]
 [10.]
 [10.]
 [10.]
 [10.]
 [10.]
 [10.]
 [10.]
 [10.]
 [10.]]
RG: [[500.]
 [500.]
 [500.]
 [500.]
 [500.]
 [500.]
 [500.]
 [500.]
 [500.]
 [500.]
 [500.]
 [500.]
 [500.]
 [500.]
 [500.]
 [500.]
 [500.]
 [500.]
 [500.]
 [500.]
 [500.]
 [500.]
 [500.]
 [500.]
 [500.]
 [500.]
 [500.]
 [500.]
 [500.]
 [500.]
 [500.]
 [500.]
 [500.]
 [500.]
 [500.]
 [500.]
 [500.]
 [500.]
 [500.]
 [500.]
 [500.]
 [500.]
 [500.]
 [500.]
 [500.]
 [500.]
 [500.]
 [500.]
 [500.]
 [500.]
 [500.]
 [500.]
 [500.]
 [500.]
 [500.]
 [500.]
 [500.]
 [500.]
 [500.]
 [500.]
 [500.]
 [500.]
 [500.]
 [500.]
 [500.]
 [500.]
 [500.]
 [500.]
 [500.]
 [500.]
 [500.]
 [500.]
 [500.]
 [500.]
 [500.]
 [500.]
 [500.]
 [500.]
 [500.]
 [500.]
 [500.]
 [500.]
 [500.]
 [500.]
 [500.]
 [500.]
 [500.]
 [500.]
 [500.]
 [500.]
 [500.]
 [500.]
 [500.]
 [500.]
 [500.]
 [500.]
 [500.]
 [500.]
 [500.]
 [500.]]
Ch: [[2.08818332 2.09291548 2.05418889 2.01769135 1.98649828 2.06924726
  1.94507942 2.09689555 2.05248157 1.93322939 1.98674779]
 [1.99365288 1.94433234 1.92308903 1.96749699 1.95620574 1.96394268
  1.98832822 2.00901229 1.90262347 2.03800597 2.00806764]
 [1.91582966 1.92418908 1.90196792 1.93428646 2.04058882 2.00000738
  2.0452635  2.04222274 2.00695901 1.96008645 2.05165774]
 [2.09643797 1.9130735  1.96061385 2.04389112 2.06551047 2.0391066
  1.90558132 1.94487918 2.00925388 2.08044638 2.03213149]
 [2.03267588 1.93848888 1.95163204 2.08605567 2.0854495  2.00831233
  1.99252613 2.03664086 1.90815246 2.04374692 2.07345889]
 [1.92517331 1.97055361 2.08808268 2.01549319 1.97253262 2.08573525
  2.01342474 1.98215572 1.9397843  1.99438159 1.96362922]
 [1.9130377  1.93149501 2.01636318 2.03457106 2.02658327 2.00826086
  2.02226051 1.91695585 2.01669092 2.06072281 2.02591922]
 [1.95457253 1.98230964 2.0719314  1.94455332 1.91755394 1.93472641
  1.90760381 1.96963547 1.99550258 1.9178233  1.91123319]
 [2.04094172 2.04154264 2.05663177 1.93896075 2.02588667 1.95461932
  2.03054983 2.03408874 1.96142558 1.90959728 1.90918388]
 [1.9910042  2.08944742 1.94105144 2.09602054 1.97336769 2.05607574
  1.92102916 1.91425568 2.00453487 2.08132892 2.02032613]]
Cv: [[0.         0.         0.         0.         0.         0.
  0.         0.         0.         0.        ]
 [1.95924048 1.96812043 1.99060516 1.93062857 1.9932839  1.9434972
  1.93653996 1.9562945  1.91517768 1.90681811]
 [2.0101973  2.07162364 2.05806775 2.05111382 1.92814323 2.06604862
  1.96610784 1.98414325 2.00545366 2.08635309]
 [1.9447612  1.9187079  1.96770362 1.96352587 2.07714789 2.03384094
  2.07231217 2.0799116  2.03782646 2.08750575]
 [2.02934729 2.02365971 1.91342175 2.05874128 1.90749212 1.94726061
  2.06772817 1.91215618 2.06436972 1.93576448]
 [2.01575451 2.0769944  2.01926367 1.99141767 2.03600911 2.04521657
  2.08818258 2.00651789 1.9607801  2.04648144]
 [2.02870434 1.95203818 1.94505936 2.03158156 2.04399329 2.06320306
  2.01726634 1.90392041 1.99510074 1.98098252]
 [2.03525059 2.09162873 2.00836217 2.08714733 2.08623757 1.94494142
  1.92907468 1.91038975 1.98970268 1.95755084]
 [2.08152797 1.91802365 2.04571475 1.94699694 1.98601461 2.06748631
  2.07312704 1.91684254 2.07568863 2.09345695]
 [1.91134887 1.92879671 1.94535151 1.9244127  1.98164661 2.08967982
  2.0853398  2.08478127 1.93041712 1.92373554]]
Rh: [[10.51525013  5.31335422 10.17188339  2.07531919  1.10411035 15.06743888
  16.17252345  2.92175376  7.09919551  1.21598899  1.28703034]
 [ 1.69450576 18.07524334  1.11190526  7.15325267  2.56895627 18.19526298
  12.75439525  1.53208339  5.7680716   1.01570396  2.03962649]
 [ 2.03356965  8.41539556  2.8526571   2.60072817  2.7097942  16.70369671
   1.79058899  2.9099921  10.48598465  3.85356245  3.17234129]
 [17.96029077  7.05262713 18.7893211   2.05999828  1.86677031  3.8070464
   4.36272391 12.64767874  1.35414346 11.59095164  1.09902145]
 [ 8.89141407  7.42560573  1.46776248  5.32474475  1.07563529 13.0323403
   2.74164611  1.03696575  1.41301865  1.16907687  3.30522406]
 [ 3.01671818  6.04117308  7.72481027 14.27688263  1.87090951 11.84923311
   2.48639061 13.2659499   4.50454641  3.77201168 12.24292136]
 [ 3.14353136  2.56528605 11.30339085 10.41964611  4.69565739 12.41175621
   4.95728887 10.91417065  4.35943155  4.45238327  3.21996554]
 [ 3.48031467 10.1719661  14.4160024   1.07615285  5.29841822  6.92440497
   1.04225949  4.16378103 16.27213217  1.13229226  2.48661452]
 [11.1821325   2.51944675 11.40023962  1.2924148  10.56426459  4.42961745
   5.25008931  9.86196725 15.89034988  2.55616128  1.47191927]
 [14.12312012  6.39243832 14.09037222  8.82485746  1.18701969 14.4461792
  10.79673038  2.53874633  1.39978305  5.77187825  8.35876002]]
Rv: [[ 3.25455559  2.39285748  5.12058667 13.8191472   5.21775855  1.23497969
   9.88231984  3.77024543 15.66410634  4.47529682]
 [ 6.44446442 13.53766571 13.04481885  7.31249316  3.27624296  2.77434957
   1.80087904  3.11884553 12.23014422 14.15062352]
 [ 1.35529348  2.25980371  1.79933436  6.6860192  14.90432851 14.63200765
   1.94589594  1.47999174 10.41996997  3.41431794]
 [ 1.70752383 13.60637548  9.81028831  5.34307942  1.89588184  7.6715002
   2.24196849  2.02067438  8.40055622  1.58904986]
 [ 1.41233426  2.81926609  3.33530354  1.13305385  4.78517911 16.38343208
   1.85415821  1.95151393  9.10678167  7.33439975]
 [ 8.36402272  1.75713503  2.60965286 18.82526494  3.95360425  3.43079422
  16.17990479  1.0299697   1.92511278  3.32420486]
 [ 3.58042627  2.45029129  2.26073376  1.87264994  2.84203371  1.74315333
   5.53392907  4.92374281  1.08875823 16.40523417]
 [10.76818509  4.70524284  8.2647885   8.10381613 11.92134103  9.72843813
  18.35877     2.61588318  5.56642874  1.99302761]
 [ 1.61398381  5.34956091 18.14987733  4.97937961  1.80300026  2.45866117
   2.00442884  1.87357528  1.01754463  1.93613757]]