-------Running parameters--------
T = 0.001
temperature_gradient = 0.0
gap = 0.2
M = 10
N = 10
VR = 0.0
Vmin = 0.0
Vmax = 1.2
vStep = 0.001
vSym = True
repeats = 20
fileName = array_10_10_disorder_c_std_0_r_std_9_run_2
dist = exp
fullOutput = True
use_graph = False
current_map = True
plot_current_map = False
plot_binary_current_map = False
frame_norm = False
dbg = False
resume = False
sc = True
leaping = False
constQ = False
modifyR = False
double_time = False
double_loop = False
output_folder = bgu_2d_superconducting_array
params_path = 
VG_avg = 0.0
VG_std = 0.0
C_avg = 2.0
C_std = 0.0
CG_avg = 10.0
CG_std = 0.0
R_avg = 10.0
R_std = 9.0
custom_rh = ""
custom_rv = ""
custom_ch = ""
custom_cv = ""
RG_avg = 500.0
RG_std = 0.0
n0_avg = 0.0
n0_std = 0.0
Q0_avg = 0.0
Q0_std = 0.0
----Array Parameters-----
Rows: 10
Columns: 10
VG: [[0.]
 [0.]
 [0.]
 [0.]
 [0.]
 [0.]
 [0.]
 [0.]
 [0.]
 [0.]
 [0.]
 [0.]
 [0.]
 [0.]
 [0.]
 [0.]
 [0.]
 [0.]
 [0.]
 [0.]
 [0.]
 [0.]
 [0.]
 [0.]
 [0.]
 [0.]
 [0.]
 [0.]
 [0.]
 [0.]
 [0.]
 [0.]
 [0.]
 [0.]
 [0.]
 [0.]
 [0.]
 [0.]
 [0.]
 [0.]
 [0.]
 [0.]
 [0.]
 [0.]
 [0.]
 [0.]
 [0.]
 [0.]
 [0.]
 [0.]
 [0.]
 [0.]
 [0.]
 [0.]
 [0.]
 [0.]
 [0.]
 [0.]
 [0.]
 [0.]
 [0.]
 [0.]
 [0.]
 [0.]
 [0.]
 [0.]
 [0.]
 [0.]
 [0.]
 [0.]
 [0.]
 [0.]
 [0.]
 [0.]
 [0.]
 [0.]
 [0.]
 [0.]
 [0.]
 [0.]
 [0.]
 [0.]
 [0.]
 [0.]
 [0.]
 [0.]
 [0.]
 [0.]
 [0.]
 [0.]
 [0.]
 [0.]
 [0.]
 [0.]
 [0.]
 [0.]
 [0.]
 [0.]
 [0.]
 [0.]]
CG: [[10.]
 [10.]
 [10.]
 [10.]
 [10.]
 [10.]
 [10.]
 [10.]
 [10.]
 [10.]
 [10.]
 [10.]
 [10.]
 [10.]
 [10.]
 [10.]
 [10.]
 [10.]
 [10.]
 [10.]
 [10.]
 [10.]
 [10.]
 [10.]
 [10.]
 [10.]
 [10.]
 [10.]
 [10.]
 [10.]
 [10.]
 [10.]
 [10.]
 [10.]
 [10.]
 [10.]
 [10.]
 [10.]
 [10.]
 [10.]
 [10.]
 [10.]
 [10.]
 [10.]
 [10.]
 [10.]
 [10.]
 [10.]
 [10.]
 [10.]
 [10.]
 [10.]
 [10.]
 [10.]
 [10.]
 [10.]
 [10.]
 [10.]
 [10.]
 [10.]
 [10.]
 [10.]
 [10.]
 [10.]
 [10.]
 [10.]
 [10.]
 [10.]
 [10.]
 [10.]
 [10.]
 [10.]
 [10.]
 [10.]
 [10.]
 [10.]
 [10.]
 [10.]
 [10.]
 [10.]
 [10.]
 [10.]
 [10.]
 [10.]
 [10.]
 [10.]
 [10.]
 [10.]
 [10.]
 [10.]
 [10.]
 [10.]
 [10.]
 [10.]
 [10.]
 [10.]
 [10.]
 [10.]
 [10.]
 [10.]]
RG: [[500.]
 [500.]
 [500.]
 [500.]
 [500.]
 [500.]
 [500.]
 [500.]
 [500.]
 [500.]
 [500.]
 [500.]
 [500.]
 [500.]
 [500.]
 [500.]
 [500.]
 [500.]
 [500.]
 [500.]
 [500.]
 [500.]
 [500.]
 [500.]
 [500.]
 [500.]
 [500.]
 [500.]
 [500.]
 [500.]
 [500.]
 [500.]
 [500.]
 [500.]
 [500.]
 [500.]
 [500.]
 [500.]
 [500.]
 [500.]
 [500.]
 [500.]
 [500.]
 [500.]
 [500.]
 [500.]
 [500.]
 [500.]
 [500.]
 [500.]
 [500.]
 [500.]
 [500.]
 [500.]
 [500.]
 [500.]
 [500.]
 [500.]
 [500.]
 [500.]
 [500.]
 [500.]
 [500.]
 [500.]
 [500.]
 [500.]
 [500.]
 [500.]
 [500.]
 [500.]
 [500.]
 [500.]
 [500.]
 [500.]
 [500.]
 [500.]
 [500.]
 [500.]
 [500.]
 [500.]
 [500.]
 [500.]
 [500.]
 [500.]
 [500.]
 [500.]
 [500.]
 [500.]
 [500.]
 [500.]
 [500.]
 [500.]
 [500.]
 [500.]
 [500.]
 [500.]
 [500.]
 [500.]
 [500.]
 [500.]]
Ch: [[2. 2. 2. 2. 2. 2. 2. 2. 2. 2. 2.]
 [2. 2. 2. 2. 2. 2. 2. 2. 2. 2. 2.]
 [2. 2. 2. 2. 2. 2. 2. 2. 2. 2. 2.]
 [2. 2. 2. 2. 2. 2. 2. 2. 2. 2. 2.]
 [2. 2. 2. 2. 2. 2. 2. 2. 2. 2. 2.]
 [2. 2. 2. 2. 2. 2. 2. 2. 2. 2. 2.]
 [2. 2. 2. 2. 2. 2. 2. 2. 2. 2. 2.]
 [2. 2. 2. 2. 2. 2. 2. 2. 2. 2. 2.]
 [2. 2. 2. 2. 2. 2. 2. 2. 2. 2. 2.]
 [2. 2. 2. 2. 2. 2. 2. 2. 2. 2. 2.]]
Cv: [[0. 0. 0. 0. 0. 0. 0. 0. 0. 0.]
 [2. 2. 2. 2. 2. 2. 2. 2. 2. 2.]
 [2. 2. 2. 2. 2. 2. 2. 2. 2. 2.]
 [2. 2. 2. 2. 2. 2. 2. 2. 2. 2.]
 [2. 2. 2. 2. 2. 2. 2. 2. 2. 2.]
 [2. 2. 2. 2. 2. 2. 2. 2. 2. 2.]
 [2. 2. 2. 2. 2. 2. 2. 2. 2. 2.]
 [2. 2. 2. 2. 2. 2. 2. 2. 2. 2.]
 [2. 2. 2. 2. 2. 2. 2. 2. 2. 2.]
 [2. 2. 2. 2. 2. 2. 2. 2. 2. 2.]]
Rh: [[12.84853331 14.04395412  3.46468379  1.50529478  8.63274891  2.11252698
  12.56349835  9.19619444 11.52614485  3.32650201  7.02666842]
 [ 8.48690463  3.89007571  3.61812045 11.81591091 14.62830402 17.39446356
   6.10374546  2.54715427  2.62683544  6.9622421   2.13915032]
 [ 3.74918103  2.52169737  9.61546386 14.53668857  5.441387    4.80291415
   2.40814296  5.03584881  1.23343399  7.16561358  2.34520331]
 [ 1.1743791   2.76812302  1.02364789 15.44928325  1.17369074  3.20235621
   1.14993533  6.2389459   6.53294028  6.25177003  2.15950716]
 [ 8.11303702  1.16158201  4.78487722  2.53717312  3.54457589 15.44638977
  12.02430558  1.75778122 10.88982444 15.59219468  1.02879519]
 [ 2.95246136  7.59389681 10.19582944  9.99976076 16.25540155 11.25270195
   7.34927139  5.99264654  1.60952234  1.37886446  3.74436806]
 [ 2.44640102  7.37766082  1.91512675  1.08418563  2.78811225 10.1402826
   3.80025852 16.9314647   2.39750789 14.06802039 15.40562176]
 [10.44856932  2.81150143 12.39947129 18.38433381  2.69058332  5.35341263
   7.53681918  1.05067037  4.76645889  4.10536226 12.10872241]
 [ 8.06863498  2.9655428   4.67932192 17.12450041  5.72777558  2.9391625
   2.33430639 10.11913408  1.03873866 17.21324667 11.35049104]
 [ 1.24507152  5.19767821  5.33458414  1.05599955  1.30815848  1.35143892
   1.66696998  9.89754454  2.63325554  9.45270366  3.96841002]]
Rv: [[15.36569352  1.13413172 15.40934988  1.49994417 16.07156062 10.27495893
   3.09059391  2.89611899  9.21466362  1.72749692]
 [ 9.51958204  9.10735384 11.17043036  3.1335296   1.02087143 11.85334551
   5.13665216  5.60944001 15.31076337  1.93518273]
 [ 2.2780056  15.90541868 10.9408223   2.90701779  2.55810347  3.65063263
   2.2747045   6.50982965  1.4800482   5.3475387 ]
 [ 6.54475577  1.13878998  3.32456988 17.88106903  1.21662854  1.45935284
   1.64211963 11.79017002  4.63231131  6.74934287]
 [18.39819304  6.30752785  2.61384936  1.88128173 14.39190795 11.3186946
   5.11059519  6.78304199 12.10096376  3.48336024]
 [ 7.75860062  1.11378418  2.96821754  6.64503522  7.78889686  1.25480363
   1.76444726  2.13700793  1.53368141  8.8744601 ]
 [ 5.73167841  4.12963833 10.04374441  1.47653961  1.64289929 16.31362664
   1.84081697 14.34083168  6.08063199  1.05322887]
 [ 6.17340524  4.60479596  1.14011983  2.54202887  4.17604381  1.12394378
   2.60452528 11.46770835  3.62504253  3.35445823]
 [ 2.5694813  10.41503672  1.25887626  3.38703068  3.9015722   2.91259603
  17.9725746   7.79635516 10.92922584 13.7899369 ]]