-------Running parameters--------
T = 0.001
temperature_gradient = 0.0
gap = 0.2
M = 10
N = 10
VR = 0.0
Vmin = 0.0
Vmax = 1.2
vStep = 0.001
vSym = True
repeats = 20
fileName = array_10_10_disorder_c_std_0.1_r_std_9_run_5
dist = exp
fullOutput = True
use_graph = False
current_map = True
plot_current_map = False
plot_binary_current_map = False
frame_norm = False
dbg = False
resume = False
sc = True
leaping = False
constQ = False
modifyR = False
double_time = False
double_loop = False
output_folder = bgu_2d_superconducting_array
params_path = 
VG_avg = 0.0
VG_std = 0.0
C_avg = 2.0
C_std = 0.1
CG_avg = 10.0
CG_std = 0.0
R_avg = 10.0
R_std = 9.0
custom_rh = ""
custom_rv = ""
custom_ch = ""
custom_cv = ""
RG_avg = 500.0
RG_std = 0.0
n0_avg = 0.0
n0_std = 0.0
Q0_avg = 0.0
Q0_std = 0.0
----Array Parameters-----
Rows: 10
Columns: 10
VG: [[0.]
 [0.]
 [0.]
 [0.]
 [0.]
 [0.]
 [0.]
 [0.]
 [0.]
 [0.]
 [0.]
 [0.]
 [0.]
 [0.]
 [0.]
 [0.]
 [0.]
 [0.]
 [0.]
 [0.]
 [0.]
 [0.]
 [0.]
 [0.]
 [0.]
 [0.]
 [0.]
 [0.]
 [0.]
 [0.]
 [0.]
 [0.]
 [0.]
 [0.]
 [0.]
 [0.]
 [0.]
 [0.]
 [0.]
 [0.]
 [0.]
 [0.]
 [0.]
 [0.]
 [0.]
 [0.]
 [0.]
 [0.]
 [0.]
 [0.]
 [0.]
 [0.]
 [0.]
 [0.]
 [0.]
 [0.]
 [0.]
 [0.]
 [0.]
 [0.]
 [0.]
 [0.]
 [0.]
 [0.]
 [0.]
 [0.]
 [0.]
 [0.]
 [0.]
 [0.]
 [0.]
 [0.]
 [0.]
 [0.]
 [0.]
 [0.]
 [0.]
 [0.]
 [0.]
 [0.]
 [0.]
 [0.]
 [0.]
 [0.]
 [0.]
 [0.]
 [0.]
 [0.]
 [0.]
 [0.]
 [0.]
 [0.]
 [0.]
 [0.]
 [0.]
 [0.]
 [0.]
 [0.]
 [0.]
 [0.]]
CG: [[10.]
 [10.]
 [10.]
 [10.]
 [10.]
 [10.]
 [10.]
 [10.]
 [10.]
 [10.]
 [10.]
 [10.]
 [10.]
 [10.]
 [10.]
 [10.]
 [10.]
 [10.]
 [10.]
 [10.]
 [10.]
 [10.]
 [10.]
 [10.]
 [10.]
 [10.]
 [10.]
 [10.]
 [10.]
 [10.]
 [10.]
 [10.]
 [10.]
 [10.]
 [10.]
 [10.]
 [10.]
 [10.]
 [10.]
 [10.]
 [10.]
 [10.]
 [10.]
 [10.]
 [10.]
 [10.]
 [10.]
 [10.]
 [10.]
 [10.]
 [10.]
 [10.]
 [10.]
 [10.]
 [10.]
 [10.]
 [10.]
 [10.]
 [10.]
 [10.]
 [10.]
 [10.]
 [10.]
 [10.]
 [10.]
 [10.]
 [10.]
 [10.]
 [10.]
 [10.]
 [10.]
 [10.]
 [10.]
 [10.]
 [10.]
 [10.]
 [10.]
 [10.]
 [10.]
 [10.]
 [10.]
 [10.]
 [10.]
 [10.]
 [10.]
 [10.]
 [10.]
 [10.]
 [10.]
 [10.]
 [10.]
 [10.]
 [10.]
 [10.]
 [10.]
 [10.]
 [10.]
 [10.]
 [10.]
 [10.]]
RG: [[500.]
 [500.]
 [500.]
 [500.]
 [500.]
 [500.]
 [500.]
 [500.]
 [500.]
 [500.]
 [500.]
 [500.]
 [500.]
 [500.]
 [500.]
 [500.]
 [500.]
 [500.]
 [500.]
 [500.]
 [500.]
 [500.]
 [500.]
 [500.]
 [500.]
 [500.]
 [500.]
 [500.]
 [500.]
 [500.]
 [500.]
 [500.]
 [500.]
 [500.]
 [500.]
 [500.]
 [500.]
 [500.]
 [500.]
 [500.]
 [500.]
 [500.]
 [500.]
 [500.]
 [500.]
 [500.]
 [500.]
 [500.]
 [500.]
 [500.]
 [500.]
 [500.]
 [500.]
 [500.]
 [500.]
 [500.]
 [500.]
 [500.]
 [500.]
 [500.]
 [500.]
 [500.]
 [500.]
 [500.]
 [500.]
 [500.]
 [500.]
 [500.]
 [500.]
 [500.]
 [500.]
 [500.]
 [500.]
 [500.]
 [500.]
 [500.]
 [500.]
 [500.]
 [500.]
 [500.]
 [500.]
 [500.]
 [500.]
 [500.]
 [500.]
 [500.]
 [500.]
 [500.]
 [500.]
 [500.]
 [500.]
 [500.]
 [500.]
 [500.]
 [500.]
 [500.]
 [500.]
 [500.]
 [500.]
 [500.]]
Ch: [[2.02968681 2.01771708 2.04213584 2.08638647 1.98478906 2.09556063
  1.91769061 1.99195904 2.08720817 2.01887751 2.08983164]
 [2.01199028 2.04645803 1.99838431 2.07546915 2.0425637  1.99253345
  1.96536826 2.09038121 1.93664863 2.0381646  2.01953515]
 [2.06239253 2.05975775 1.98874885 2.04173735 1.96923672 2.0909592
  1.93721793 1.97221348 1.91085339 1.90705724 2.00645396]
 [2.04537148 2.01141162 2.07743637 1.94492865 1.95035801 2.05896031
  1.99126973 2.08837292 2.00974447 2.00201788 2.01655698]
 [2.07593279 1.92648992 1.98384904 1.98062049 2.06953105 1.917488
  2.05457766 1.98269389 1.93564509 2.0915966  1.98522118]
 [1.93965274 1.96313485 1.90449648 2.0031011  2.03885251 2.04110747
  2.04088598 2.00733663 2.0266798  2.00138333 1.99704468]
 [2.04662845 2.09138615 1.95951128 1.91298403 2.08245473 2.0713819
  1.92456873 1.99988905 2.05925573 1.9582838  2.0623806 ]
 [1.90381186 1.91544353 2.03815984 1.9221916  2.05321473 2.0504229
  2.04421042 1.90010446 2.08459708 1.99927291 2.07513076]
 [1.95393733 2.07280273 1.97977546 2.08065348 1.9292854  2.05468151
  1.9471057  2.0948974  2.06291338 1.95376789 2.08948149]
 [1.93615795 1.99481885 1.99629171 2.00227133 1.92034294 1.98160885
  2.05832866 2.02399734 2.08148412 2.02927739 1.92623397]]
Cv: [[0.         0.         0.         0.         0.         0.
  0.         0.         0.         0.        ]
 [2.06932064 2.01032741 2.07181501 2.039517   1.93522368 1.91040371
  1.97252054 1.99054446 2.06251006 1.99576514]
 [1.9842518  2.01723977 1.97832672 2.06562091 2.07124279 2.03847884
  2.014633   2.0426194  1.90565306 1.9312563 ]
 [2.03347017 2.04440311 1.94185018 2.01142043 2.00491188 1.92275521
  1.98763725 2.0881658  2.06442947 2.04239368]
 [1.90846282 2.06759096 2.07536501 1.94408365 2.07539612 1.9196112
  1.99934942 1.94866849 2.04726669 1.94742432]
 [1.91286268 1.95535868 1.93298082 2.08659611 1.92503602 1.96829588
  2.08194664 1.95411833 2.01675764 1.96159169]
 [2.0681702  1.97067067 1.95753038 1.96934524 2.07331154 1.99601176
  1.92450704 1.96801304 2.02406718 1.97124228]
 [2.06523823 2.00958709 1.93690972 1.96962662 1.91756583 1.9861597
  2.05293556 1.95876141 2.02037378 2.01656475]
 [1.9701318  2.06884174 2.08341566 2.03427061 1.9127594  2.01986299
  2.02258505 1.94579509 2.01628633 2.00587382]
 [1.98959591 2.01588102 2.01179819 2.06595019 2.02215873 1.91441212
  1.91610653 2.01115552 2.07336125 1.97352511]]
Rh: [[11.30109928  4.89625014  9.9898421   6.45134022  4.82500634 12.03910178
   6.20266224  4.05074878 14.91882779  9.44957956  7.08439369]
 [ 1.09329412  6.24382233  1.91621158  3.48545132  1.10004126 10.77863496
   1.77857406  1.80344341  2.02486679 11.12335932  1.56019996]
 [ 7.61552819  1.86165324  1.16578042  5.46273274  4.68432754  2.52699109
   5.02677619 14.4500391   1.06389374  3.78568451 14.18466543]
 [ 3.61569226  1.32057888  8.2500941  11.2509004   5.9466888   1.08611752
  17.26256538  2.34175701  3.09322801  6.44724198  2.24877294]
 [15.31169802 14.17904441  9.91133915  3.11880355  4.74455243  2.56359032
   1.18839348  6.8277524   6.33552658  1.4528281   9.66630732]
 [13.85680297  6.47977851  5.18254706  9.05828519  1.28669264  2.45333908
   1.20337142 15.98605279  1.62331242  7.40823166  7.34838615]
 [ 1.18448828  1.43436272  6.64841259 15.50668153  1.91124121 11.51073798
   5.28692244 14.91752583  2.76762193  2.42346497  1.50586502]
 [12.91857991 12.91055498  3.55585759  3.11886308  7.06227452  5.31512925
   5.2417906   1.81433875  2.31070103 16.4285034   3.61746719]
 [ 4.47503963  4.42955023  7.25320091  2.22823398  1.41475777  2.40164242
   7.2963038   9.61253961 15.11172205  8.25528556  1.82075666]
 [ 1.3879214   1.17515254  1.12996033 10.12930535  1.33034929  3.49530013
   1.43626474 10.85820303  6.35912005  6.19313005  3.13420576]]
Rv: [[ 3.49601025  1.75523738  9.11809577 12.58142095  5.66011406  1.68337825
   6.85021006  1.52311077  2.3585668   6.81239955]
 [ 6.62124708 15.96589971  2.42953197 10.84660407  1.81460722  4.88888626
   1.2411912  12.47163438  2.03416698  9.97555847]
 [11.02084218  1.12231164 10.2641971   3.57968389 15.4927925  16.04991112
  15.93671519  5.64850632  3.71720466  1.38462351]
 [ 5.9691993   1.73324104  2.12540306  2.08004342  1.56314889  6.77999911
  15.66934279 18.99954771  2.01167895  1.96283642]
 [15.05395122  1.6671528   4.15399501  1.53157276 14.50120842  2.045022
  16.81397596  1.75766383  7.01075039  1.5857038 ]
 [ 2.64926978  1.13661605  1.69799473  1.83421925 11.16077797  4.17931835
   1.18787426 11.45279934  1.27877318  3.10890048]
 [ 6.43972906 14.65694826  4.19405212  8.02476429  1.20279475  8.9480238
  12.03951649 16.75012354  2.7370729   1.0204633 ]
 [ 1.53039645  1.9463312   3.80118534  9.8791313  18.05336289  2.53131894
   1.80401901  2.71377042  1.61579426  9.32398378]
 [ 3.3640848   4.52044544  4.99786506  2.18034783  3.69467381  3.4097713
   3.58802828  2.86882983  6.64944072 12.2872755 ]]