-------Running parameters--------
T = 0.001
temperature_gradient = 0.0
gap = 0.2
M = 10
N = 10
VR = 0.0
Vmin = 0.0
Vmax = 1.2
vStep = 0.001
vSym = True
repeats = 20
fileName = array_10_10_disorder_c_std_1_r_std_5_run_4
dist = exp
fullOutput = True
use_graph = False
current_map = True
plot_current_map = False
plot_binary_current_map = False
frame_norm = False
dbg = False
resume = False
sc = True
leaping = False
constQ = False
modifyR = False
double_time = False
double_loop = False
output_folder = bgu_2d_superconducting_array
params_path = 
VG_avg = 0.0
VG_std = 0.0
C_avg = 2.0
C_std = 1.0
CG_avg = 10.0
CG_std = 0.0
R_avg = 10.0
R_std = 5.0
custom_rh = ""
custom_rv = ""
custom_ch = ""
custom_cv = ""
RG_avg = 500.0
RG_std = 0.0
n0_avg = 0.0
n0_std = 0.0
Q0_avg = 0.0
Q0_std = 0.0
----Array Parameters-----
Rows: 10
Columns: 10
VG: [[0.]
 [0.]
 [0.]
 [0.]
 [0.]
 [0.]
 [0.]
 [0.]
 [0.]
 [0.]
 [0.]
 [0.]
 [0.]
 [0.]
 [0.]
 [0.]
 [0.]
 [0.]
 [0.]
 [0.]
 [0.]
 [0.]
 [0.]
 [0.]
 [0.]
 [0.]
 [0.]
 [0.]
 [0.]
 [0.]
 [0.]
 [0.]
 [0.]
 [0.]
 [0.]
 [0.]
 [0.]
 [0.]
 [0.]
 [0.]
 [0.]
 [0.]
 [0.]
 [0.]
 [0.]
 [0.]
 [0.]
 [0.]
 [0.]
 [0.]
 [0.]
 [0.]
 [0.]
 [0.]
 [0.]
 [0.]
 [0.]
 [0.]
 [0.]
 [0.]
 [0.]
 [0.]
 [0.]
 [0.]
 [0.]
 [0.]
 [0.]
 [0.]
 [0.]
 [0.]
 [0.]
 [0.]
 [0.]
 [0.]
 [0.]
 [0.]
 [0.]
 [0.]
 [0.]
 [0.]
 [0.]
 [0.]
 [0.]
 [0.]
 [0.]
 [0.]
 [0.]
 [0.]
 [0.]
 [0.]
 [0.]
 [0.]
 [0.]
 [0.]
 [0.]
 [0.]
 [0.]
 [0.]
 [0.]
 [0.]]
CG: [[10.]
 [10.]
 [10.]
 [10.]
 [10.]
 [10.]
 [10.]
 [10.]
 [10.]
 [10.]
 [10.]
 [10.]
 [10.]
 [10.]
 [10.]
 [10.]
 [10.]
 [10.]
 [10.]
 [10.]
 [10.]
 [10.]
 [10.]
 [10.]
 [10.]
 [10.]
 [10.]
 [10.]
 [10.]
 [10.]
 [10.]
 [10.]
 [10.]
 [10.]
 [10.]
 [10.]
 [10.]
 [10.]
 [10.]
 [10.]
 [10.]
 [10.]
 [10.]
 [10.]
 [10.]
 [10.]
 [10.]
 [10.]
 [10.]
 [10.]
 [10.]
 [10.]
 [10.]
 [10.]
 [10.]
 [10.]
 [10.]
 [10.]
 [10.]
 [10.]
 [10.]
 [10.]
 [10.]
 [10.]
 [10.]
 [10.]
 [10.]
 [10.]
 [10.]
 [10.]
 [10.]
 [10.]
 [10.]
 [10.]
 [10.]
 [10.]
 [10.]
 [10.]
 [10.]
 [10.]
 [10.]
 [10.]
 [10.]
 [10.]
 [10.]
 [10.]
 [10.]
 [10.]
 [10.]
 [10.]
 [10.]
 [10.]
 [10.]
 [10.]
 [10.]
 [10.]
 [10.]
 [10.]
 [10.]
 [10.]]
RG: [[500.]
 [500.]
 [500.]
 [500.]
 [500.]
 [500.]
 [500.]
 [500.]
 [500.]
 [500.]
 [500.]
 [500.]
 [500.]
 [500.]
 [500.]
 [500.]
 [500.]
 [500.]
 [500.]
 [500.]
 [500.]
 [500.]
 [500.]
 [500.]
 [500.]
 [500.]
 [500.]
 [500.]
 [500.]
 [500.]
 [500.]
 [500.]
 [500.]
 [500.]
 [500.]
 [500.]
 [500.]
 [500.]
 [500.]
 [500.]
 [500.]
 [500.]
 [500.]
 [500.]
 [500.]
 [500.]
 [500.]
 [500.]
 [500.]
 [500.]
 [500.]
 [500.]
 [500.]
 [500.]
 [500.]
 [500.]
 [500.]
 [500.]
 [500.]
 [500.]
 [500.]
 [500.]
 [500.]
 [500.]
 [500.]
 [500.]
 [500.]
 [500.]
 [500.]
 [500.]
 [500.]
 [500.]
 [500.]
 [500.]
 [500.]
 [500.]
 [500.]
 [500.]
 [500.]
 [500.]
 [500.]
 [500.]
 [500.]
 [500.]
 [500.]
 [500.]
 [500.]
 [500.]
 [500.]
 [500.]
 [500.]
 [500.]
 [500.]
 [500.]
 [500.]
 [500.]
 [500.]
 [500.]
 [500.]
 [500.]]
Ch: [[1.35948372 1.84888011 1.6195081  2.55494522 1.31706429 1.6187983
  1.03179519 2.32740136 2.0325051  1.62326346 1.36377027]
 [1.315167   1.59516759 2.24774175 2.29362473 2.66200302 1.7981222
  2.8425114  1.64863557 2.37222776 1.83077011 1.55164197]
 [1.013751   2.70206215 2.64308311 2.29051047 2.65765103 2.35316902
  1.06201585 1.8396045  1.89389396 2.14479822 2.9464302 ]
 [1.59553692 2.75871613 2.49803535 1.31778067 2.65813178 2.28548777
  2.74333431 1.69236753 2.6932061  1.47132359 1.13116017]
 [1.12667943 1.63334072 1.35709885 1.18369982 2.72553036 2.03823561
  1.46825111 1.43211299 2.67278482 2.27133573 2.73882137]
 [2.03604073 1.96937099 1.32768894 1.64724555 1.04722698 1.3830238
  2.13271741 2.8222611  1.66763098 1.90828179 2.88005277]
 [1.98689028 1.99590496 1.69066819 1.49190725 1.9073617  1.0138974
  1.01580895 1.93366146 1.68365763 1.52713486 2.34191196]
 [1.31071955 1.0990662  1.61351649 1.9647421  1.3477052  2.29962508
  1.3648789  2.09116172 1.64402119 2.33932643 1.97159583]
 [1.71061048 2.59801463 1.53684633 2.66988623 1.38942929 1.26821308
  1.33534019 2.02259943 2.65950582 2.54265989 2.66467185]
 [1.84654012 1.48588063 1.22863583 1.92878577 1.60766111 1.13364841
  2.98813711 1.43358352 1.04682521 1.89859571 1.08471702]]
Cv: [[0.         0.         0.         0.         0.         0.
  0.         0.         0.         0.        ]
 [2.90744296 2.03054337 1.70190603 1.45498237 2.05389627 1.67145564
  2.24961019 2.55321283 1.04554914 2.06828389]
 [1.84793721 2.72484493 2.71507465 2.07940339 1.72964412 2.33572718
  1.21354452 1.37388215 1.09254358 1.45995621]
 [2.20448488 1.03952002 2.46310135 1.5196605  1.16736254 1.93891743
  1.15019052 1.45300415 1.83038094 1.24034028]
 [1.5510267  2.43724765 1.566722   2.09391938 1.58501653 1.72388921
  2.30530817 1.38124045 2.26892765 1.70670029]
 [1.1021659  2.34703152 2.64587734 2.02422738 1.01901251 2.86718388
  1.77488245 1.06833212 2.56052884 2.31812924]
 [1.29057208 1.80382174 1.69656789 1.11219863 1.56832485 1.63010748
  1.55145409 1.22854017 1.58083094 1.98536188]
 [1.3849243  1.44526676 1.3296835  2.92661223 2.08586041 2.57379725
  1.76526799 2.73191558 1.51309043 1.0436065 ]
 [1.239463   1.10405646 2.49686694 1.72955273 2.24172072 1.06458372
  1.72265108 2.6007585  1.15059577 2.38778851]
 [2.15198167 1.13125684 1.89903808 1.88238228 1.84962109 1.09225998
  1.03041197 1.17568891 1.84941759 2.15355272]]
Rh: [[12.60699443 12.65881452  7.37629257  5.84952237  8.101773    5.21590644
   8.6312893   6.93205165  6.15866539  6.75857751  9.96774733]
 [10.11307027  9.08721037  6.25194925  8.57350042 12.71960319 12.65714582
  13.30337088  6.57331243  9.83111436  8.46724144  9.22312876]
 [ 8.81360018  5.11834699 14.79117971  9.77437844  6.5973152   6.92029593
   9.31843501  5.73813283 11.45002063  6.79339361  7.17001852]
 [12.65751741 12.91329331 11.74421311  8.84367949  5.88957878  8.99320594
   6.33526976  7.73236368  5.29849733  6.94601563 12.89434124]
 [13.53674622 10.19973429  6.16378763  7.1744521   8.93493882  6.87558351
   5.32704671 11.65255848 14.17099654  6.71756785 13.38825113]
 [ 7.56443919  5.14273418 14.51656987 11.60319312 11.44014844 13.48037947
  14.10218432  7.03257887 13.91058384 12.2523916   5.89176307]
 [ 9.72187449 10.12804649  7.15354433  5.50379257  5.2722907  10.97998412
   5.63080909  8.7702498  10.2664416  12.36385015  5.75340033]
 [10.58970942  6.4392371  10.94213889 12.74559076  6.29132839  5.38050691
  12.46628436  8.91690263  7.8557662   6.80491968 13.99045229]
 [13.75644872 11.23140499 11.2988531  10.00802978  5.05886357  6.38936271
   7.68928619  6.41362529 11.14463028  9.09396405 14.48074634]
 [ 9.71035834  5.28788229 13.05014756  5.28223362 11.98942711  8.47828228
  13.23522679  7.42421147  5.16193646  7.87229181  5.49026335]]
Rv: [[10.97995903  5.44122005  6.16369162 12.99709885  6.20346496  9.08027756
  12.35647663  9.74768496  7.90357361  6.57300968]
 [10.03620057  5.99885723  6.18726179  8.05964326 14.62287496  7.81762745
  11.90348409  6.18600644 12.06008281  6.43185483]
 [ 7.93874408  6.80470154  9.77132728  9.60467407 10.94300389 13.46382761
   6.97226314  9.93213563  6.12262118  7.58799845]
 [11.51088871  6.60318467 14.00404331  5.42991667  5.71728162 13.55823911
  11.88787706 11.52432254  9.13459044  5.43382226]
 [14.16764813  6.6697089  12.05156428  7.8002491   8.73810808 10.15066324
   8.00476865  8.74823944  8.24585556  6.60186608]
 [ 5.42634005 12.29634709  5.26301677 11.80760641  8.8483502   8.69517008
   9.45533291  6.58620063 11.61985251 10.5192924 ]
 [10.96193079  8.2910499  11.16543878  8.48295985  5.49359043 11.69189394
   7.71921889 13.45888697 13.98205176  7.05711508]
 [11.05107579  6.29187764  6.63052879 10.05131827 11.43045053  6.62195681
  10.40404965 10.48817126  5.68958893  5.40647394]
 [ 7.03462194 11.38708115  6.97939447 11.50656701 11.14508669  6.72871262
   5.27870256 12.07468584  5.93586195 11.38621987]]