-------Running parameters--------
T = 0.001
temperature_gradient = 0.0
gap = 0.2
M = 10
N = 10
VR = 0.0
Vmin = 0.0
Vmax = 1.2
vStep = 0.001
vSym = True
repeats = 20
fileName = array_10_10_disorder_c_std_0.5_r_std_5_run_5
dist = exp
fullOutput = True
use_graph = False
current_map = True
plot_current_map = False
plot_binary_current_map = False
frame_norm = False
dbg = False
resume = False
sc = True
leaping = False
constQ = False
modifyR = False
double_time = False
double_loop = False
output_folder = bgu_2d_superconducting_array
params_path = 
VG_avg = 0.0
VG_std = 0.0
C_avg = 2.0
C_std = 0.5
CG_avg = 10.0
CG_std = 0.0
R_avg = 10.0
R_std = 5.0
custom_rh = ""
custom_rv = ""
custom_ch = ""
custom_cv = ""
RG_avg = 500.0
RG_std = 0.0
n0_avg = 0.0
n0_std = 0.0
Q0_avg = 0.0
Q0_std = 0.0
----Array Parameters-----
Rows: 10
Columns: 10
VG: [[0.]
 [0.]
 [0.]
 [0.]
 [0.]
 [0.]
 [0.]
 [0.]
 [0.]
 [0.]
 [0.]
 [0.]
 [0.]
 [0.]
 [0.]
 [0.]
 [0.]
 [0.]
 [0.]
 [0.]
 [0.]
 [0.]
 [0.]
 [0.]
 [0.]
 [0.]
 [0.]
 [0.]
 [0.]
 [0.]
 [0.]
 [0.]
 [0.]
 [0.]
 [0.]
 [0.]
 [0.]
 [0.]
 [0.]
 [0.]
 [0.]
 [0.]
 [0.]
 [0.]
 [0.]
 [0.]
 [0.]
 [0.]
 [0.]
 [0.]
 [0.]
 [0.]
 [0.]
 [0.]
 [0.]
 [0.]
 [0.]
 [0.]
 [0.]
 [0.]
 [0.]
 [0.]
 [0.]
 [0.]
 [0.]
 [0.]
 [0.]
 [0.]
 [0.]
 [0.]
 [0.]
 [0.]
 [0.]
 [0.]
 [0.]
 [0.]
 [0.]
 [0.]
 [0.]
 [0.]
 [0.]
 [0.]
 [0.]
 [0.]
 [0.]
 [0.]
 [0.]
 [0.]
 [0.]
 [0.]
 [0.]
 [0.]
 [0.]
 [0.]
 [0.]
 [0.]
 [0.]
 [0.]
 [0.]
 [0.]]
CG: [[10.]
 [10.]
 [10.]
 [10.]
 [10.]
 [10.]
 [10.]
 [10.]
 [10.]
 [10.]
 [10.]
 [10.]
 [10.]
 [10.]
 [10.]
 [10.]
 [10.]
 [10.]
 [10.]
 [10.]
 [10.]
 [10.]
 [10.]
 [10.]
 [10.]
 [10.]
 [10.]
 [10.]
 [10.]
 [10.]
 [10.]
 [10.]
 [10.]
 [10.]
 [10.]
 [10.]
 [10.]
 [10.]
 [10.]
 [10.]
 [10.]
 [10.]
 [10.]
 [10.]
 [10.]
 [10.]
 [10.]
 [10.]
 [10.]
 [10.]
 [10.]
 [10.]
 [10.]
 [10.]
 [10.]
 [10.]
 [10.]
 [10.]
 [10.]
 [10.]
 [10.]
 [10.]
 [10.]
 [10.]
 [10.]
 [10.]
 [10.]
 [10.]
 [10.]
 [10.]
 [10.]
 [10.]
 [10.]
 [10.]
 [10.]
 [10.]
 [10.]
 [10.]
 [10.]
 [10.]
 [10.]
 [10.]
 [10.]
 [10.]
 [10.]
 [10.]
 [10.]
 [10.]
 [10.]
 [10.]
 [10.]
 [10.]
 [10.]
 [10.]
 [10.]
 [10.]
 [10.]
 [10.]
 [10.]
 [10.]]
RG: [[500.]
 [500.]
 [500.]
 [500.]
 [500.]
 [500.]
 [500.]
 [500.]
 [500.]
 [500.]
 [500.]
 [500.]
 [500.]
 [500.]
 [500.]
 [500.]
 [500.]
 [500.]
 [500.]
 [500.]
 [500.]
 [500.]
 [500.]
 [500.]
 [500.]
 [500.]
 [500.]
 [500.]
 [500.]
 [500.]
 [500.]
 [500.]
 [500.]
 [500.]
 [500.]
 [500.]
 [500.]
 [500.]
 [500.]
 [500.]
 [500.]
 [500.]
 [500.]
 [500.]
 [500.]
 [500.]
 [500.]
 [500.]
 [500.]
 [500.]
 [500.]
 [500.]
 [500.]
 [500.]
 [500.]
 [500.]
 [500.]
 [500.]
 [500.]
 [500.]
 [500.]
 [500.]
 [500.]
 [500.]
 [500.]
 [500.]
 [500.]
 [500.]
 [500.]
 [500.]
 [500.]
 [500.]
 [500.]
 [500.]
 [500.]
 [500.]
 [500.]
 [500.]
 [500.]
 [500.]
 [500.]
 [500.]
 [500.]
 [500.]
 [500.]
 [500.]
 [500.]
 [500.]
 [500.]
 [500.]
 [500.]
 [500.]
 [500.]
 [500.]
 [500.]
 [500.]
 [500.]
 [500.]
 [500.]
 [500.]]
Ch: [[1.78418649 2.07981411 1.64172929 1.82275523 1.65695324 1.68983262
  2.18861132 2.44083452 2.02191374 1.86465226 2.35388174]
 [1.83754179 2.46772489 1.60153471 2.09590236 2.15804684 1.51231252
  2.3499364  1.89821054 2.22514617 2.29190729 1.80714645]
 [1.57298038 1.7178902  1.58530515 1.55966704 2.02058674 1.68344903
  2.238619   2.02107188 2.29908737 2.12088328 2.10024318]
 [1.60038418 1.64866347 2.23382881 2.4501687  2.48166187 1.65902322
  1.82318643 2.13087998 2.31459846 2.00132906 1.88606344]
 [1.91708156 1.84633861 1.72807215 2.1276832  1.62026919 1.84089632
  1.52626072 2.32007362 1.99186984 1.54018988 2.46424983]
 [1.84975421 2.0443412  1.9546905  1.8032174  2.0806767  2.07136126
  2.43693832 2.34150653 2.14330951 2.39297958 2.0124746 ]
 [2.12611361 2.40916782 1.8553859  2.33723905 2.1691276  2.23894425
  2.09369061 1.67112038 2.18225948 2.0103659  2.16503321]
 [1.87999978 1.73345462 1.92107666 2.12756632 1.68078885 1.72558645
  2.01853068 2.08149947 1.86569374 1.77803981 1.9298408 ]
 [2.22223888 2.32266264 1.93678003 2.29157727 2.48785315 2.45068828
  2.22217399 1.58763891 1.58755938 1.89685983 2.13538387]
 [2.22643333 2.4867157  1.63956889 2.42932561 2.42489951 1.54386714
  2.31189475 1.64788267 2.22100591 2.46115955 2.28002156]]
Cv: [[0.         0.         0.         0.         0.         0.
  0.         0.         0.         0.        ]
 [1.99528012 1.82727049 2.19867408 1.95641073 2.42373004 2.47777789
  2.1031771  2.35950265 1.92724604 1.54998157]
 [1.66943977 2.03379842 1.68962952 1.76357984 1.73750696 2.0922579
  1.86076668 2.06588745 1.87598532 2.25751959]
 [2.12549442 2.24352742 2.33888283 1.65615185 1.62723601 1.97481995
  1.73500164 2.1774761  1.74518102 2.49974526]
 [2.13537891 2.07598087 2.34202808 1.51040952 1.63507224 2.41577594
  2.19617443 1.97638187 1.8528264  1.59020959]
 [1.94136445 2.3772825  2.36065955 2.09995826 1.85150533 1.7369513
  1.88318262 2.06205155 2.28317521 1.66131575]
 [1.5327072  1.83325413 2.42913112 2.16359413 2.31471258 1.60750292
  1.70411656 1.89860731 1.61044316 2.12857749]
 [2.3995237  1.51021648 1.61753453 1.76539745 2.32728539 1.89890901
  1.66981433 1.82430538 1.69357044 2.25984704]
 [1.58066666 2.27354436 1.68873913 1.82220948 2.19272067 1.61844613
  2.09770953 2.41556207 2.20738905 2.125264  ]
 [2.06227845 2.20847597 1.74975787 2.47615984 2.16677047 1.8573938
  1.84606526 1.53196734 2.1403674  1.90467339]]
Rh: [[ 5.52328214  8.13155878  9.99364453 13.26875585  9.11120661 12.85253712
   6.53900867 10.75989128 13.09684092 11.04050376  8.5406728 ]
 [ 5.09942301 13.47592103  6.50691026  5.31120727 10.19673937  7.86247134
   7.89662203  7.17477167 13.99938925 10.3444772   8.13838458]
 [ 6.75726746  9.05400041  8.10026365  7.81484038  8.65384294 10.50696994
   5.69751296  8.0085003   6.49348847 13.25831237  7.25070627]
 [ 9.15676184 10.46197496 12.79630516  6.97045617  6.09710051 12.16834154
   5.85768665  7.01165067  6.75222344  5.32209558  6.76931711]
 [10.55311612 11.25759108 12.47171324 11.62575987  7.23011022  9.83763535
   5.63368772  5.79655758  5.02142286 14.72879351  7.540633  ]
 [14.99296936  5.08589492  5.14423124  5.14736235  7.81860662  5.73796194
  11.77164462  5.30610469  7.66553681  5.92361286  7.86536564]
 [ 9.53030234 12.68301418  6.11854331  8.42824295  5.72727606 12.27434758
  10.6611966  12.33548951 10.86235931  5.13992317  6.83607838]
 [ 9.16919356 13.79334296  9.56198269  5.27061272  6.45917996  8.70756807
   9.12405111  8.62933592  5.19717213 12.27669426  6.59434112]
 [ 7.42501563 14.08149788 12.57274496  6.24017939 10.69799534 13.26335273
  12.65962586  5.3358177   6.11598884 13.42143801 12.06372994]
 [11.67723438 13.64399243  7.50141011  7.03445009 14.83249009  9.80211002
  13.13832512  6.83255394  6.23090111  5.45586768  6.75844283]]
Rv: [[11.99026545  9.23397323 11.95052061  5.31922179 10.26878938 13.31688009
   7.66154307  6.70076204  8.04509156  6.32752968]
 [ 8.99574109  7.80968304  5.59197894  5.42483965  9.77596858 10.76613277
   5.95265692  9.77704112  5.66160987 13.89214601]
 [ 8.32734653 13.72467365 13.03797075  7.89958619 12.21062272 14.46971396
   9.68029209  5.27824637  5.4626027   5.20022514]
 [ 9.63458555  9.9945615  10.89784181  6.63090394  8.86899004 11.91321217
   8.98431348 12.49042967 10.58047872 10.6807806 ]
 [ 5.06751793  9.17319286 12.47863828 13.10816046  5.20549805 10.56690149
  14.01015677  9.90354753 10.24080721  7.09342264]
 [ 6.21954959  6.08478639  5.55777281  7.15847374  9.64443402  7.25065356
   5.21596247  6.44102978  8.5582543   6.52640177]
 [ 9.18242121 10.32337079  6.64609908  7.78160794 14.31010687  8.37113859
  12.781411    5.72983128  6.13328741 14.21670585]
 [10.25495821 12.82334007  5.91048133 12.42011218  7.5978316   7.80562497
   8.96500889  6.83026347  5.65656056  5.24597379]
 [ 8.95750237 12.4286236   8.25337349  9.91861568  5.5427335   5.66898276
   9.71633625  6.61329861  8.46625645 10.13957317]]