-------Running parameters--------
T = 0.001
temperature_gradient = 0.0
gap = 0.2
M = 10
N = 10
VR = 0.0
Vmin = 0.0
Vmax = 1.2
vStep = 0.001
vSym = True
repeats = 20
fileName = array_10_10_disorder_c_std_1_r_std_1_run_3
dist = exp
fullOutput = True
use_graph = False
current_map = True
plot_current_map = False
plot_binary_current_map = False
frame_norm = False
dbg = False
resume = False
sc = True
leaping = False
constQ = False
modifyR = False
double_time = False
double_loop = False
output_folder = bgu_2d_superconducting_array
params_path = 
VG_avg = 0.0
VG_std = 0.0
C_avg = 2.0
C_std = 1.0
CG_avg = 10.0
CG_std = 0.0
R_avg = 10.0
R_std = 1.0
custom_rh = ""
custom_rv = ""
custom_ch = ""
custom_cv = ""
RG_avg = 500.0
RG_std = 0.0
n0_avg = 0.0
n0_std = 0.0
Q0_avg = 0.0
Q0_std = 0.0
----Array Parameters-----
Rows: 10
Columns: 10
VG: [[0.]
 [0.]
 [0.]
 [0.]
 [0.]
 [0.]
 [0.]
 [0.]
 [0.]
 [0.]
 [0.]
 [0.]
 [0.]
 [0.]
 [0.]
 [0.]
 [0.]
 [0.]
 [0.]
 [0.]
 [0.]
 [0.]
 [0.]
 [0.]
 [0.]
 [0.]
 [0.]
 [0.]
 [0.]
 [0.]
 [0.]
 [0.]
 [0.]
 [0.]
 [0.]
 [0.]
 [0.]
 [0.]
 [0.]
 [0.]
 [0.]
 [0.]
 [0.]
 [0.]
 [0.]
 [0.]
 [0.]
 [0.]
 [0.]
 [0.]
 [0.]
 [0.]
 [0.]
 [0.]
 [0.]
 [0.]
 [0.]
 [0.]
 [0.]
 [0.]
 [0.]
 [0.]
 [0.]
 [0.]
 [0.]
 [0.]
 [0.]
 [0.]
 [0.]
 [0.]
 [0.]
 [0.]
 [0.]
 [0.]
 [0.]
 [0.]
 [0.]
 [0.]
 [0.]
 [0.]
 [0.]
 [0.]
 [0.]
 [0.]
 [0.]
 [0.]
 [0.]
 [0.]
 [0.]
 [0.]
 [0.]
 [0.]
 [0.]
 [0.]
 [0.]
 [0.]
 [0.]
 [0.]
 [0.]
 [0.]]
CG: [[10.]
 [10.]
 [10.]
 [10.]
 [10.]
 [10.]
 [10.]
 [10.]
 [10.]
 [10.]
 [10.]
 [10.]
 [10.]
 [10.]
 [10.]
 [10.]
 [10.]
 [10.]
 [10.]
 [10.]
 [10.]
 [10.]
 [10.]
 [10.]
 [10.]
 [10.]
 [10.]
 [10.]
 [10.]
 [10.]
 [10.]
 [10.]
 [10.]
 [10.]
 [10.]
 [10.]
 [10.]
 [10.]
 [10.]
 [10.]
 [10.]
 [10.]
 [10.]
 [10.]
 [10.]
 [10.]
 [10.]
 [10.]
 [10.]
 [10.]
 [10.]
 [10.]
 [10.]
 [10.]
 [10.]
 [10.]
 [10.]
 [10.]
 [10.]
 [10.]
 [10.]
 [10.]
 [10.]
 [10.]
 [10.]
 [10.]
 [10.]
 [10.]
 [10.]
 [10.]
 [10.]
 [10.]
 [10.]
 [10.]
 [10.]
 [10.]
 [10.]
 [10.]
 [10.]
 [10.]
 [10.]
 [10.]
 [10.]
 [10.]
 [10.]
 [10.]
 [10.]
 [10.]
 [10.]
 [10.]
 [10.]
 [10.]
 [10.]
 [10.]
 [10.]
 [10.]
 [10.]
 [10.]
 [10.]
 [10.]]
RG: [[500.]
 [500.]
 [500.]
 [500.]
 [500.]
 [500.]
 [500.]
 [500.]
 [500.]
 [500.]
 [500.]
 [500.]
 [500.]
 [500.]
 [500.]
 [500.]
 [500.]
 [500.]
 [500.]
 [500.]
 [500.]
 [500.]
 [500.]
 [500.]
 [500.]
 [500.]
 [500.]
 [500.]
 [500.]
 [500.]
 [500.]
 [500.]
 [500.]
 [500.]
 [500.]
 [500.]
 [500.]
 [500.]
 [500.]
 [500.]
 [500.]
 [500.]
 [500.]
 [500.]
 [500.]
 [500.]
 [500.]
 [500.]
 [500.]
 [500.]
 [500.]
 [500.]
 [500.]
 [500.]
 [500.]
 [500.]
 [500.]
 [500.]
 [500.]
 [500.]
 [500.]
 [500.]
 [500.]
 [500.]
 [500.]
 [500.]
 [500.]
 [500.]
 [500.]
 [500.]
 [500.]
 [500.]
 [500.]
 [500.]
 [500.]
 [500.]
 [500.]
 [500.]
 [500.]
 [500.]
 [500.]
 [500.]
 [500.]
 [500.]
 [500.]
 [500.]
 [500.]
 [500.]
 [500.]
 [500.]
 [500.]
 [500.]
 [500.]
 [500.]
 [500.]
 [500.]
 [500.]
 [500.]
 [500.]
 [500.]]
Ch: [[1.29148012 1.01310676 2.08107871 1.63211762 1.097739   1.74119044
  2.44164107 2.19317219 1.47786572 2.79653544 1.30950962]
 [1.67255944 1.07824429 1.47857117 1.64114319 1.36884424 1.03355343
  1.3913985  1.39004169 1.28341573 1.22584005 2.3714177 ]
 [2.37743348 2.66736755 1.3666248  1.01275534 1.8222611  2.2406351
  1.88316011 1.09499827 2.03073781 1.77580271 2.71588066]
 [1.04992876 2.67507745 2.51574866 1.04818849 2.77658522 1.27328553
  1.55024442 2.24049402 2.75355482 2.24390461 2.59630889]
 [1.37568746 1.28812453 1.51628496 2.38930502 1.60792299 1.04740097
  2.58000792 2.48817487 1.78009647 1.36215908 1.8360576 ]
 [2.97730658 1.93138825 2.28181508 1.59746322 2.70905544 1.07391854
  2.05624288 1.80274266 1.02237286 1.29803018 1.78569434]
 [2.01429496 1.12494786 1.06907762 1.98807314 1.31658905 1.61296498
  2.82601859 2.76481238 2.16756704 1.82245683 1.58857854]
 [1.82148104 1.45414742 1.32366715 2.52591211 1.70554211 2.87323295
  2.64515467 2.6175774  1.19922122 2.4695907  1.06246686]
 [1.05288121 1.79946714 2.68826103 2.94111208 2.11969608 1.10898301
  2.11565188 2.04789821 2.52381565 1.5199949  1.03884361]
 [1.31090427 2.51596249 1.0761292  1.47483566 1.40176727 1.08732882
  1.8561251  1.91467455 1.32075837 2.24800084 2.44777764]]
Cv: [[0.         0.         0.         0.         0.         0.
  0.         0.         0.         0.        ]
 [1.69335554 2.6473202  1.64172018 1.10700079 2.67437826 1.06256572
  1.53344568 2.17235797 2.18920823 1.71600039]
 [2.13456898 1.35963155 2.59602222 2.79294699 1.25188606 1.38374622
  2.39402695 1.26132131 1.48292562 2.14153427]
 [2.33909631 2.64831494 2.77199935 1.30181656 1.42494972 1.01021367
  1.90065659 2.72976381 1.12769029 1.09869415]
 [1.01127888 1.61866667 1.12541243 2.03336802 2.84592582 2.06516075
  1.54296944 1.06324122 1.2520136  1.86352538]
 [1.29376088 2.63766053 1.10576438 2.20708033 1.97155984 2.66474274
  1.61490208 2.44034953 2.72816777 1.36902054]
 [2.39546995 2.62508628 1.45710872 1.08205222 1.32280692 2.18125108
  1.51628933 1.24375698 1.5617468  1.40668564]
 [2.53015622 2.50121699 1.40370617 1.49058037 1.6723172  1.02045239
  1.34257478 1.20524698 1.28483494 2.63072321]
 [2.61062029 1.05260201 2.76465967 2.79869094 2.75584803 2.10512547
  2.59571555 1.94115861 2.30168797 1.44589896]
 [2.10905947 1.5052756  1.16900973 2.94446121 1.88801452 1.19625461
  1.27292571 1.38386401 1.1705859  1.5570726 ]]
Rh: [[10.51894425  9.21535027  9.19101911 10.90501452  9.1527478  10.68771318
   9.3767315   9.69681135  9.89428008 10.92699511 10.29855735]
 [10.15104129  9.67121685 10.58823123 10.30641908 10.16644989  9.42245404
   9.5216181  10.65711793 10.7168199   9.84089586  9.86599061]
 [ 9.56739271 10.58900555  9.51494898  9.8405756  10.65558749  9.11997869
  10.7010516   9.46645544 10.22788119  9.86728629 10.09996883]
 [10.9135885   9.79444025 10.19561025 10.64720406  9.41229754 10.70194447
   9.68090132 10.71163565  9.2915486  10.90003096  9.4129075 ]
 [10.26206256  9.69352755 10.91030001  9.8309171   9.25638539 10.01757121
  10.42106125 10.99770685  9.13040039 10.11484008  9.46287692]
 [ 9.90255459  9.38950764 10.02743553  9.22406693 10.60950033  9.03514711
   9.32846334  9.13473384  9.09711429 10.82635382  9.36024012]
 [10.54806989  9.81911378 10.26814229  9.84796468 10.19725678  9.72364369
  10.22347844 10.1443542   9.00244738 10.52073267  9.92307433]
 [10.33223249 10.13527617  9.5491053  10.00876442  9.37439695  9.98204141
   9.37567315 10.08127398  9.44442028  9.49833667  9.25283001]
 [ 9.8674215   9.09767472 10.45335627  9.26235142  9.1400719  10.82101453
   9.81818841 10.70413187  9.7914574  10.53266293 10.47596818]
 [ 9.85644547 10.48415133  9.77739915 10.41997811  9.0576167  10.65475824
   9.36429164  9.32115175  9.93766124  9.23255914  9.02605002]]
Rv: [[ 9.93575291 10.00207403  9.29412547 10.81866249 10.62232438  9.86241143
   9.39603363 10.1050103   9.8149245   9.35941158]
 [10.92330656 10.28528581 10.89239183 10.12044833 10.95828232  9.45583634
  10.15460549 10.78149589  9.86451693  9.42668846]
 [10.26192357 10.9278125  10.16522633  9.46176138  9.91483545 10.58870618
  10.47298855  9.46334456 10.77979123 10.22244342]
 [10.24565439 10.09782416 10.8192026  10.15891264 10.95577386 10.06077964
   9.04778409  9.08168988  9.95702721  9.74048412]
 [10.9156516   9.38965819  9.91896641  9.43310714 10.07664014 10.35515568
   9.30291945 10.97776255 10.57095528 10.30399194]
 [ 9.32974492 10.23082114  9.68857858  9.63219064 10.72602924  9.53939008
  10.7012614   9.66167785  9.77788859  9.38836434]
 [10.81508902 10.91481662  9.282733    9.05998723  9.1032591  10.0477289
   9.64424542 10.57791028  9.41781698  9.28963428]
 [10.28749509 10.73938689 10.84357257  9.41628755  9.49938263  9.92889489
  10.88597153  9.0499178  10.11288316  9.70825964]
 [ 9.58304876  9.16280205  9.439351   10.30545865 10.29019827 10.75747064
  10.52980589 10.77273419 10.32673971  9.20679334]]