-------Running parameters--------
T = 0.001
temperature_gradient = 0.0
gap = 0.2
M = 10
N = 10
VR = 0.0
Vmin = 0.0
Vmax = 1.2
vStep = 0.001
vSym = True
repeats = 20
fileName = array_10_10_disorder_c_std_1_r_std_5_run_1
dist = exp
fullOutput = True
use_graph = False
current_map = True
plot_current_map = False
plot_binary_current_map = False
frame_norm = False
dbg = False
resume = False
sc = True
leaping = False
constQ = False
modifyR = False
double_time = False
double_loop = False
output_folder = bgu_2d_superconducting_array
params_path = 
VG_avg = 0.0
VG_std = 0.0
C_avg = 2.0
C_std = 1.0
CG_avg = 10.0
CG_std = 0.0
R_avg = 10.0
R_std = 5.0
custom_rh = ""
custom_rv = ""
custom_ch = ""
custom_cv = ""
RG_avg = 500.0
RG_std = 0.0
n0_avg = 0.0
n0_std = 0.0
Q0_avg = 0.0
Q0_std = 0.0
----Array Parameters-----
Rows: 10
Columns: 10
VG: [[0.]
 [0.]
 [0.]
 [0.]
 [0.]
 [0.]
 [0.]
 [0.]
 [0.]
 [0.]
 [0.]
 [0.]
 [0.]
 [0.]
 [0.]
 [0.]
 [0.]
 [0.]
 [0.]
 [0.]
 [0.]
 [0.]
 [0.]
 [0.]
 [0.]
 [0.]
 [0.]
 [0.]
 [0.]
 [0.]
 [0.]
 [0.]
 [0.]
 [0.]
 [0.]
 [0.]
 [0.]
 [0.]
 [0.]
 [0.]
 [0.]
 [0.]
 [0.]
 [0.]
 [0.]
 [0.]
 [0.]
 [0.]
 [0.]
 [0.]
 [0.]
 [0.]
 [0.]
 [0.]
 [0.]
 [0.]
 [0.]
 [0.]
 [0.]
 [0.]
 [0.]
 [0.]
 [0.]
 [0.]
 [0.]
 [0.]
 [0.]
 [0.]
 [0.]
 [0.]
 [0.]
 [0.]
 [0.]
 [0.]
 [0.]
 [0.]
 [0.]
 [0.]
 [0.]
 [0.]
 [0.]
 [0.]
 [0.]
 [0.]
 [0.]
 [0.]
 [0.]
 [0.]
 [0.]
 [0.]
 [0.]
 [0.]
 [0.]
 [0.]
 [0.]
 [0.]
 [0.]
 [0.]
 [0.]
 [0.]]
CG: [[10.]
 [10.]
 [10.]
 [10.]
 [10.]
 [10.]
 [10.]
 [10.]
 [10.]
 [10.]
 [10.]
 [10.]
 [10.]
 [10.]
 [10.]
 [10.]
 [10.]
 [10.]
 [10.]
 [10.]
 [10.]
 [10.]
 [10.]
 [10.]
 [10.]
 [10.]
 [10.]
 [10.]
 [10.]
 [10.]
 [10.]
 [10.]
 [10.]
 [10.]
 [10.]
 [10.]
 [10.]
 [10.]
 [10.]
 [10.]
 [10.]
 [10.]
 [10.]
 [10.]
 [10.]
 [10.]
 [10.]
 [10.]
 [10.]
 [10.]
 [10.]
 [10.]
 [10.]
 [10.]
 [10.]
 [10.]
 [10.]
 [10.]
 [10.]
 [10.]
 [10.]
 [10.]
 [10.]
 [10.]
 [10.]
 [10.]
 [10.]
 [10.]
 [10.]
 [10.]
 [10.]
 [10.]
 [10.]
 [10.]
 [10.]
 [10.]
 [10.]
 [10.]
 [10.]
 [10.]
 [10.]
 [10.]
 [10.]
 [10.]
 [10.]
 [10.]
 [10.]
 [10.]
 [10.]
 [10.]
 [10.]
 [10.]
 [10.]
 [10.]
 [10.]
 [10.]
 [10.]
 [10.]
 [10.]
 [10.]]
RG: [[500.]
 [500.]
 [500.]
 [500.]
 [500.]
 [500.]
 [500.]
 [500.]
 [500.]
 [500.]
 [500.]
 [500.]
 [500.]
 [500.]
 [500.]
 [500.]
 [500.]
 [500.]
 [500.]
 [500.]
 [500.]
 [500.]
 [500.]
 [500.]
 [500.]
 [500.]
 [500.]
 [500.]
 [500.]
 [500.]
 [500.]
 [500.]
 [500.]
 [500.]
 [500.]
 [500.]
 [500.]
 [500.]
 [500.]
 [500.]
 [500.]
 [500.]
 [500.]
 [500.]
 [500.]
 [500.]
 [500.]
 [500.]
 [500.]
 [500.]
 [500.]
 [500.]
 [500.]
 [500.]
 [500.]
 [500.]
 [500.]
 [500.]
 [500.]
 [500.]
 [500.]
 [500.]
 [500.]
 [500.]
 [500.]
 [500.]
 [500.]
 [500.]
 [500.]
 [500.]
 [500.]
 [500.]
 [500.]
 [500.]
 [500.]
 [500.]
 [500.]
 [500.]
 [500.]
 [500.]
 [500.]
 [500.]
 [500.]
 [500.]
 [500.]
 [500.]
 [500.]
 [500.]
 [500.]
 [500.]
 [500.]
 [500.]
 [500.]
 [500.]
 [500.]
 [500.]
 [500.]
 [500.]
 [500.]
 [500.]]
Ch: [[1.45423007 2.06019116 2.00303875 2.58547486 1.00360041 2.47488283
  1.91486293 1.64134528 1.4371111  1.88835539 1.41257587]
 [1.07559294 1.27756502 1.73310045 2.8838629  1.91455386 2.09774807
  2.3362735  1.06827401 2.9280685  1.18242303 1.96918731]
 [1.87059974 2.69823877 1.701185   2.40594558 1.19602399 1.67730117
  2.7479774  1.40394248 1.1020671  1.96658249 1.37972874]
 [2.73543527 2.21085891 2.83781765 1.50372235 1.6449072  2.93057653
  2.70218094 2.25423646 2.40370343 2.67297084 2.46152235]
 [1.35249121 1.93947264 2.78486932 2.71288364 2.4217217  1.13489739
  2.02378428 1.8698455  1.10082302 1.8568683  2.83579683]
 [1.8548867  2.32091696 1.12178261 2.9019917  1.29726854 2.49188806
  1.99519111 1.85896608 2.7210694  2.06381309 1.00652092]
 [1.96527511 1.57874262 2.19447863 1.82558669 1.30680157 2.91688663
  1.20446236 2.80382806 1.45682686 2.51731695 2.18062041]
 [1.69734981 1.04954934 2.62587576 1.03576617 1.51748891 2.90064809
  1.32969453 2.57796144 1.48264315 1.67552067 2.8147528 ]
 [2.83556613 1.11245001 1.15489701 1.38829328 1.91998157 2.74201837
  1.33441658 1.3137078  2.10253958 2.51554754 2.20243605]
 [2.86696824 1.0029465  1.07364466 1.88762413 1.0675473  2.18218907
  1.39893954 1.59549083 1.28928334 1.06454978 2.18647403]]
Cv: [[0.         0.         0.         0.         0.         0.
  0.         0.         0.         0.        ]
 [1.20360687 1.3582495  1.711067   1.90589531 1.14878992 1.38646757
  1.55641792 2.16635794 2.37344444 1.86000981]
 [2.7805385  2.55707491 2.16919663 1.19930258 1.28288752 2.38095602
  1.9686059  1.63816854 2.73287814 2.3342204 ]
 [1.29231173 2.98046806 2.72969448 2.51142562 1.35470856 1.01491702
  1.60943003 1.24450293 1.17156779 1.6653165 ]
 [2.41621478 1.44386479 1.88355838 1.50526183 1.20234014 2.33672104
  2.23184846 2.87486135 2.28624939 1.11108217]
 [1.14057973 2.14709674 2.36744932 1.49215479 2.37207544 2.23705643
  1.40413578 1.17817126 1.82762428 1.19121709]
 [2.92424862 1.41865932 2.87050667 1.86508692 1.98614246 1.82482873
  1.37974858 2.17185571 1.25116423 1.87745693]
 [1.02388839 1.33135286 1.54871603 1.30824243 2.15622359 2.78731457
  1.25477436 2.58369873 1.46469884 1.28653597]
 [1.82849651 1.17147805 1.00553808 1.30896119 1.11138807 2.13422238
  2.00353497 1.77165917 2.366579   1.79005941]
 [2.56919582 1.02450069 1.17782119 2.13804992 1.03080698 1.37515017
  1.15587118 2.45948996 2.35922842 1.2704619 ]]
Rh: [[12.26356022  6.98042792  5.48275868  7.24211985 10.17372207 13.32346007
   5.29673045  6.64283466  7.37917083  5.05178869 13.1187517 ]
 [ 6.07601949 10.25589688 14.56946972  5.50503753 14.90945322  6.91815234
  11.76702976 10.61947588  9.35415235 10.20143785 13.0661142 ]
 [12.11142764  8.37515162  6.33722386 14.80114798 10.37021317  7.00951466
   6.8177099   7.9496357   5.2283214   7.91911106 11.42515784]
 [ 6.78920141  5.08353864  6.43981487 14.53207297 10.82078218  9.23790376
  10.80337802  9.26225439  7.57918867  6.43941613  9.58047084]
 [ 9.93723097  6.24269074 12.40622584  5.76766529  8.21947754  5.95492901
  13.99543107 10.28478151 10.60172043  6.7277796   9.61096464]
 [10.62162056 12.4316165   7.42467536  7.4812207  11.18025737 14.64912882
   5.41367409  5.45685026 14.20842871  6.29400003  6.23163952]
 [ 7.69357984  9.48603224  9.84876674  9.13033761 10.80325112 11.7990412
  10.73453786  6.48691758 13.87835568  5.72339698 10.6735341 ]
 [ 5.28654909  7.96062557 11.80648191 11.62975794 13.70201151 14.40245994
   5.33414479  7.43375591  9.2831688   5.79118075  9.90742565]
 [11.3638941   6.91522658  6.92112517 11.7522858  14.8845694  10.77344689
   5.01657694  6.09751104 11.50986481  9.38904437  5.09575914]
 [10.75079293  6.89139905  7.25800205  6.07797302 13.06336969 14.28986352
   9.92797924 12.46981647  6.60747575  6.16556858  9.4427988 ]]
Rv: [[13.08069138  5.99888648  6.51092491  8.24827488 11.34862922 13.98599284
   7.15397079  7.66745447  6.17350135  5.52270191]
 [13.02464292  7.51887581 12.79491658 12.39794176  7.62107255  7.24630697
  11.79437041 11.93858996 10.8145444   5.36525192]
 [12.80513791 14.84589482  7.04077487 10.7468502  12.66591598  8.28621828
  11.86478153 12.06157649 12.34641622 13.49235342]
 [ 5.76372599  8.09326939  8.56814111  6.37255513  8.53154384 10.64611956
  13.69507887 13.47539181  5.07091769  5.29256507]
 [ 8.37884083  8.6847045   8.29954221  6.80673095  9.49065972  7.91332623
   9.96222018  9.05271056 13.83987888  5.31298003]
 [14.11191307  9.5057316   5.88412742  5.08038424  7.63830314  7.2239958
   6.152148    6.46463087  7.1445558   9.74468618]
 [ 5.90928619 13.71798333 14.30873279 13.85240155  6.75448609  6.13568881
   5.43902233 10.99834138  8.16322323  5.46330512]
 [ 9.17488788 11.76245816  6.69527375  6.11478758  9.22310237  5.48994405
  12.22996696  5.87905459  5.24502469 11.93329905]
 [11.98203714  6.16429656  6.66232168 13.48900683  5.62620369 13.07454795
   7.83324371 13.12879856 13.09875824  9.00617387]]