-------Running parameters--------
T = 0.001
temperature_gradient = 0.0
gap = 0.2
M = 10
N = 10
VR = 0.0
Vmin = 0.0
Vmax = 1.2
vStep = 0.001
vSym = True
repeats = 20
fileName = array_10_10_disorder_c_std_0.1_r_std_1_run_3
dist = exp
fullOutput = True
use_graph = False
current_map = True
plot_current_map = False
plot_binary_current_map = False
frame_norm = False
dbg = False
resume = False
sc = True
leaping = False
constQ = False
modifyR = False
double_time = False
double_loop = False
output_folder = bgu_2d_superconducting_array
params_path = 
VG_avg = 0.0
VG_std = 0.0
C_avg = 2.0
C_std = 0.1
CG_avg = 10.0
CG_std = 0.0
R_avg = 10.0
R_std = 1.0
custom_rh = ""
custom_rv = ""
custom_ch = ""
custom_cv = ""
RG_avg = 500.0
RG_std = 0.0
n0_avg = 0.0
n0_std = 0.0
Q0_avg = 0.0
Q0_std = 0.0
----Array Parameters-----
Rows: 10
Columns: 10
VG: [[0.]
 [0.]
 [0.]
 [0.]
 [0.]
 [0.]
 [0.]
 [0.]
 [0.]
 [0.]
 [0.]
 [0.]
 [0.]
 [0.]
 [0.]
 [0.]
 [0.]
 [0.]
 [0.]
 [0.]
 [0.]
 [0.]
 [0.]
 [0.]
 [0.]
 [0.]
 [0.]
 [0.]
 [0.]
 [0.]
 [0.]
 [0.]
 [0.]
 [0.]
 [0.]
 [0.]
 [0.]
 [0.]
 [0.]
 [0.]
 [0.]
 [0.]
 [0.]
 [0.]
 [0.]
 [0.]
 [0.]
 [0.]
 [0.]
 [0.]
 [0.]
 [0.]
 [0.]
 [0.]
 [0.]
 [0.]
 [0.]
 [0.]
 [0.]
 [0.]
 [0.]
 [0.]
 [0.]
 [0.]
 [0.]
 [0.]
 [0.]
 [0.]
 [0.]
 [0.]
 [0.]
 [0.]
 [0.]
 [0.]
 [0.]
 [0.]
 [0.]
 [0.]
 [0.]
 [0.]
 [0.]
 [0.]
 [0.]
 [0.]
 [0.]
 [0.]
 [0.]
 [0.]
 [0.]
 [0.]
 [0.]
 [0.]
 [0.]
 [0.]
 [0.]
 [0.]
 [0.]
 [0.]
 [0.]
 [0.]]
CG: [[10.]
 [10.]
 [10.]
 [10.]
 [10.]
 [10.]
 [10.]
 [10.]
 [10.]
 [10.]
 [10.]
 [10.]
 [10.]
 [10.]
 [10.]
 [10.]
 [10.]
 [10.]
 [10.]
 [10.]
 [10.]
 [10.]
 [10.]
 [10.]
 [10.]
 [10.]
 [10.]
 [10.]
 [10.]
 [10.]
 [10.]
 [10.]
 [10.]
 [10.]
 [10.]
 [10.]
 [10.]
 [10.]
 [10.]
 [10.]
 [10.]
 [10.]
 [10.]
 [10.]
 [10.]
 [10.]
 [10.]
 [10.]
 [10.]
 [10.]
 [10.]
 [10.]
 [10.]
 [10.]
 [10.]
 [10.]
 [10.]
 [10.]
 [10.]
 [10.]
 [10.]
 [10.]
 [10.]
 [10.]
 [10.]
 [10.]
 [10.]
 [10.]
 [10.]
 [10.]
 [10.]
 [10.]
 [10.]
 [10.]
 [10.]
 [10.]
 [10.]
 [10.]
 [10.]
 [10.]
 [10.]
 [10.]
 [10.]
 [10.]
 [10.]
 [10.]
 [10.]
 [10.]
 [10.]
 [10.]
 [10.]
 [10.]
 [10.]
 [10.]
 [10.]
 [10.]
 [10.]
 [10.]
 [10.]
 [10.]]
RG: [[500.]
 [500.]
 [500.]
 [500.]
 [500.]
 [500.]
 [500.]
 [500.]
 [500.]
 [500.]
 [500.]
 [500.]
 [500.]
 [500.]
 [500.]
 [500.]
 [500.]
 [500.]
 [500.]
 [500.]
 [500.]
 [500.]
 [500.]
 [500.]
 [500.]
 [500.]
 [500.]
 [500.]
 [500.]
 [500.]
 [500.]
 [500.]
 [500.]
 [500.]
 [500.]
 [500.]
 [500.]
 [500.]
 [500.]
 [500.]
 [500.]
 [500.]
 [500.]
 [500.]
 [500.]
 [500.]
 [500.]
 [500.]
 [500.]
 [500.]
 [500.]
 [500.]
 [500.]
 [500.]
 [500.]
 [500.]
 [500.]
 [500.]
 [500.]
 [500.]
 [500.]
 [500.]
 [500.]
 [500.]
 [500.]
 [500.]
 [500.]
 [500.]
 [500.]
 [500.]
 [500.]
 [500.]
 [500.]
 [500.]
 [500.]
 [500.]
 [500.]
 [500.]
 [500.]
 [500.]
 [500.]
 [500.]
 [500.]
 [500.]
 [500.]
 [500.]
 [500.]
 [500.]
 [500.]
 [500.]
 [500.]
 [500.]
 [500.]
 [500.]
 [500.]
 [500.]
 [500.]
 [500.]
 [500.]
 [500.]]
Ch: [[2.08749361 1.91749569 2.03521058 2.01892718 1.95310048 1.9826548
  2.07366856 2.00227048 1.91954163 1.95987064 1.95358432]
 [2.06854465 2.0742283  2.04069323 1.91401627 2.05849402 2.00488713
  1.92562282 1.91425711 2.00264025 1.98978803 2.06867898]
 [2.05162672 1.96001409 2.00039814 1.9792969  2.04630338 2.03739106
  2.01084384 1.95691175 1.92176231 1.9848421  2.05692449]
 [1.97319028 1.98810778 1.92142389 1.92782899 2.00579237 1.94508866
  1.9745928  2.05986565 2.0746804  2.08143871 1.93214288]
 [1.90594143 1.92420128 1.92765471 1.90422763 2.02146981 1.99844881
  2.03128265 1.95162518 2.02699493 2.07209687 2.07756766]
 [2.08794324 2.02605788 2.06029139 2.07279439 2.04923198 2.09341112
  1.95007354 1.91216121 2.03738561 1.94414544 2.03125519]
 [2.05960263 1.93911337 2.00833063 1.90176741 2.01235474 2.06079581
  2.06279085 1.94575069 2.06268483 2.0032444  1.95297119]
 [2.01134905 1.99418074 2.00175423 2.05577874 2.0510816  1.90612456
  2.09735472 1.97681263 1.97292124 1.98899278 2.04630987]
 [2.08485456 2.09920223 2.08622422 1.99436934 1.92895854 1.94350522
  2.05334888 1.97245429 2.08497662 1.90715299 2.01978058]
 [1.96683891 1.99766894 1.95265134 2.04956328 2.02464186 2.09173537
  2.01810476 2.03108838 2.08156596 2.0335591  2.07386799]]
Cv: [[0.         0.         0.         0.         0.         0.
  0.         0.         0.         0.        ]
 [2.06574573 1.92353545 1.99386251 2.08492246 2.04193187 2.07449748
  1.91283132 2.08964054 2.07787529 2.02174215]
 [2.08318709 1.96480599 2.00431334 2.04520446 1.9218775  2.00609424
  1.96699587 1.99075528 1.91891405 1.92258314]
 [2.01058451 2.08824255 2.03074165 2.09916332 1.97797199 1.9295089
  2.06896895 1.95776154 1.98398236 1.91973394]
 [2.04395142 1.94553384 1.92035844 2.0285031  2.09880044 2.09097225
  2.08168302 2.07813542 1.98278277 2.04421287]
 [2.07321028 1.9987661  1.95110204 2.03513032 1.9812064  2.06369367
  1.96082806 1.98980185 2.02889239 2.01752388]
 [1.92941053 2.05573446 1.90899855 1.99277883 1.97473119 2.02064205
  2.05400108 2.08129092 2.04062236 1.98571231]
 [1.91630519 1.91826316 2.01668456 1.91612446 1.97961425 1.95801289
  1.97068263 1.94050744 2.0500333  2.03334004]
 [2.06696465 2.05809726 1.9840093  2.01966032 1.97115235 1.93474516
  2.09092421 2.06816584 2.04247863 2.05421043]
 [2.07871591 2.03957677 1.998864   2.01989981 1.90511127 2.01108516
  2.0131389  2.08761381 1.90371665 1.93983992]]
Rh: [[ 9.53457589  9.68922111  9.50957198 10.68826214 10.77389466  9.33503499
  10.12653819 10.85007712 10.43477309  9.3051135   9.80042085]
 [ 9.32641335  9.68809856  9.26140284 10.00254037 10.09559758  9.76442217
  10.48142118  9.03852497  9.88801716  9.00005683  9.13646055]
 [ 9.46625872 10.96638663  9.18753944 10.42082719  9.55854895  9.84414692
   9.50268646  9.39628877 10.03240177  9.73215507  9.60502443]
 [10.52275868 10.7022148  10.32747631  9.63711312  9.78733076  9.46629985
  10.38225059  9.63023686 10.234089   10.4436261  10.37911115]
 [ 9.9560493   9.54564283  9.91753435  9.05613427  9.72365541 10.56164067
  10.55194207  9.77048485  9.1304342   9.70369942  9.91399876]
 [ 9.00291568  9.65153279  9.26809028  9.44598191  9.88912257  9.91590698
   9.06608411  9.59133894 10.98042479 10.47562128  9.76286027]
 [10.58261681 10.7911277  10.69173902  9.40296057  9.07072259  9.0562131
  10.30429007 10.02748767  9.34435807  9.75857263  9.70427409]
 [10.6187841  10.05125372  9.23582794  9.22937856 10.90071478 10.59932966
  10.46036321  9.27929709  9.68550151 10.64509771  9.94486038]
 [10.04071398  9.88630761 10.61596143  9.12538082  9.07260449  9.67742984
   9.27575179  9.78976233 10.82095706 10.58035418  9.58615684]
 [ 9.78510373 10.90371235  9.87881848  9.14962876  9.74590605 10.55641184
  10.74555939 10.2929839   9.27729704  9.90788233 10.10615825]]
Rv: [[ 9.95796292  9.71697088 10.87805731  9.14437333 10.88279232 10.98972506
  10.09661069 10.90880869  9.80426218 10.3901985 ]
 [ 9.11686045 10.53897955 10.82102538  9.16204684  9.81312969 10.9930844
   9.50245184  9.54913733  9.28715827 10.73145629]
 [ 9.14428325  9.33453938  9.82611545 10.1217776  10.35453183  9.67638461
   9.93275802 10.27653445 10.10561611  9.84430422]
 [10.22859664 10.70078342 10.03088555 10.13653457 10.15788139  9.02430744
   9.71456875 10.65093853  9.2528205   9.8986197 ]
 [ 9.98121773  9.23029539  9.50615008 10.89209898  9.26236671 10.07370412
   9.20913269 10.48116387  9.32986947  9.9040568 ]
 [10.03431601 10.24032049 10.43541501 10.16107215 10.44878006 10.23456936
   9.71680615  9.56327512  9.79442694 10.41398292]
 [10.42237658  9.94208326  9.65432296  9.11341664 10.42361818  9.18361148
  10.53617717  9.12408425  9.41742807 10.72729186]
 [ 9.83762333  9.48536338  9.69045138  9.88747688  9.31370814 10.24558834
   9.39988606  9.86846902  9.24034112 10.12891413]
 [ 9.51981088  9.16209912 10.53357743  9.43961643 10.49489345 10.95725844
   9.97300549  9.1393588   9.87003189  9.35658408]]