-------Running parameters--------
T = 0.001
temperature_gradient = 0.0
gap = 0.2
M = 10
N = 10
VR = 0.0
Vmin = 0.0
Vmax = 1.2
vStep = 0.001
vSym = True
repeats = 20
fileName = array_10_10_disorder_c_std_0.5_r_std_5_run_2
dist = exp
fullOutput = True
use_graph = False
current_map = True
plot_current_map = False
plot_binary_current_map = False
frame_norm = False
dbg = False
resume = False
sc = True
leaping = False
constQ = False
modifyR = False
double_time = False
double_loop = False
output_folder = bgu_2d_superconducting_array
params_path = 
VG_avg = 0.0
VG_std = 0.0
C_avg = 2.0
C_std = 0.5
CG_avg = 10.0
CG_std = 0.0
R_avg = 10.0
R_std = 5.0
custom_rh = ""
custom_rv = ""
custom_ch = ""
custom_cv = ""
RG_avg = 500.0
RG_std = 0.0
n0_avg = 0.0
n0_std = 0.0
Q0_avg = 0.0
Q0_std = 0.0
----Array Parameters-----
Rows: 10
Columns: 10
VG: [[0.]
 [0.]
 [0.]
 [0.]
 [0.]
 [0.]
 [0.]
 [0.]
 [0.]
 [0.]
 [0.]
 [0.]
 [0.]
 [0.]
 [0.]
 [0.]
 [0.]
 [0.]
 [0.]
 [0.]
 [0.]
 [0.]
 [0.]
 [0.]
 [0.]
 [0.]
 [0.]
 [0.]
 [0.]
 [0.]
 [0.]
 [0.]
 [0.]
 [0.]
 [0.]
 [0.]
 [0.]
 [0.]
 [0.]
 [0.]
 [0.]
 [0.]
 [0.]
 [0.]
 [0.]
 [0.]
 [0.]
 [0.]
 [0.]
 [0.]
 [0.]
 [0.]
 [0.]
 [0.]
 [0.]
 [0.]
 [0.]
 [0.]
 [0.]
 [0.]
 [0.]
 [0.]
 [0.]
 [0.]
 [0.]
 [0.]
 [0.]
 [0.]
 [0.]
 [0.]
 [0.]
 [0.]
 [0.]
 [0.]
 [0.]
 [0.]
 [0.]
 [0.]
 [0.]
 [0.]
 [0.]
 [0.]
 [0.]
 [0.]
 [0.]
 [0.]
 [0.]
 [0.]
 [0.]
 [0.]
 [0.]
 [0.]
 [0.]
 [0.]
 [0.]
 [0.]
 [0.]
 [0.]
 [0.]
 [0.]]
CG: [[10.]
 [10.]
 [10.]
 [10.]
 [10.]
 [10.]
 [10.]
 [10.]
 [10.]
 [10.]
 [10.]
 [10.]
 [10.]
 [10.]
 [10.]
 [10.]
 [10.]
 [10.]
 [10.]
 [10.]
 [10.]
 [10.]
 [10.]
 [10.]
 [10.]
 [10.]
 [10.]
 [10.]
 [10.]
 [10.]
 [10.]
 [10.]
 [10.]
 [10.]
 [10.]
 [10.]
 [10.]
 [10.]
 [10.]
 [10.]
 [10.]
 [10.]
 [10.]
 [10.]
 [10.]
 [10.]
 [10.]
 [10.]
 [10.]
 [10.]
 [10.]
 [10.]
 [10.]
 [10.]
 [10.]
 [10.]
 [10.]
 [10.]
 [10.]
 [10.]
 [10.]
 [10.]
 [10.]
 [10.]
 [10.]
 [10.]
 [10.]
 [10.]
 [10.]
 [10.]
 [10.]
 [10.]
 [10.]
 [10.]
 [10.]
 [10.]
 [10.]
 [10.]
 [10.]
 [10.]
 [10.]
 [10.]
 [10.]
 [10.]
 [10.]
 [10.]
 [10.]
 [10.]
 [10.]
 [10.]
 [10.]
 [10.]
 [10.]
 [10.]
 [10.]
 [10.]
 [10.]
 [10.]
 [10.]
 [10.]]
RG: [[500.]
 [500.]
 [500.]
 [500.]
 [500.]
 [500.]
 [500.]
 [500.]
 [500.]
 [500.]
 [500.]
 [500.]
 [500.]
 [500.]
 [500.]
 [500.]
 [500.]
 [500.]
 [500.]
 [500.]
 [500.]
 [500.]
 [500.]
 [500.]
 [500.]
 [500.]
 [500.]
 [500.]
 [500.]
 [500.]
 [500.]
 [500.]
 [500.]
 [500.]
 [500.]
 [500.]
 [500.]
 [500.]
 [500.]
 [500.]
 [500.]
 [500.]
 [500.]
 [500.]
 [500.]
 [500.]
 [500.]
 [500.]
 [500.]
 [500.]
 [500.]
 [500.]
 [500.]
 [500.]
 [500.]
 [500.]
 [500.]
 [500.]
 [500.]
 [500.]
 [500.]
 [500.]
 [500.]
 [500.]
 [500.]
 [500.]
 [500.]
 [500.]
 [500.]
 [500.]
 [500.]
 [500.]
 [500.]
 [500.]
 [500.]
 [500.]
 [500.]
 [500.]
 [500.]
 [500.]
 [500.]
 [500.]
 [500.]
 [500.]
 [500.]
 [500.]
 [500.]
 [500.]
 [500.]
 [500.]
 [500.]
 [500.]
 [500.]
 [500.]
 [500.]
 [500.]
 [500.]
 [500.]
 [500.]
 [500.]]
Ch: [[2.42784467 1.77099132 2.43339422 2.37246399 2.05305191 1.54803631
  1.59511352 1.71030556 1.72872995 2.41553091 1.86068257]
 [1.75637417 1.66164453 2.03211647 2.46865798 1.74346231 2.206174
  2.24911191 1.87635386 1.76466656 1.94166509 2.2629635 ]
 [1.50961913 2.38585352 1.68407841 1.69043197 2.31343033 1.50734548
  1.58563484 2.47000886 2.33918087 2.0690881  2.06244164]
 [1.57913109 1.85833418 1.84993825 2.10055295 2.01573821 2.03360865
  1.84980339 2.04583386 2.48032379 1.79361087 2.20367599]
 [1.906314   2.26981838 1.78266113 1.68799114 2.45905327 1.59937545
  1.57515248 1.90822724 1.77216902 2.12926367 1.80756865]
 [1.75738594 2.01879323 2.00148617 2.31359294 1.51727294 1.68812173
  1.96418617 2.08421421 1.50211718 1.77696886 1.97011625]
 [2.36354245 2.4084852  1.52218892 2.11231624 1.775169   1.68171084
  1.57946587 2.42272067 1.6364944  1.83710177 1.93241412]
 [1.86824207 1.89301575 2.28134653 2.08639172 1.91835396 1.74905595
  1.76792869 2.10785665 2.17284711 2.13816774 2.22388654]
 [1.89657316 1.53127331 2.27962855 1.6809169  2.23013172 2.17614674
  2.17371756 1.55831159 1.85811379 1.94017618 2.49246167]
 [1.97113891 1.65513783 1.54613479 2.20242576 1.92776129 2.48059395
  2.37912282 1.98043703 1.90765375 2.41183124 1.70644037]]
Cv: [[0.         0.         0.         0.         0.         0.
  0.         0.         0.         0.        ]
 [1.7959568  1.50111609 2.26260937 2.39541935 1.73192725 1.68087343
  1.9657214  1.61820705 2.39489685 2.43895106]
 [1.56894047 2.09652259 1.91079217 1.9605723  2.34801303 2.40887131
  1.54151786 2.2737938  1.74696227 1.84731009]
 [2.45320172 1.85149463 1.66352283 2.2955792  2.29652903 2.1351437
  2.18670139 2.45932969 2.38484318 2.14675458]
 [2.43073535 2.41886678 2.08036383 1.92258716 1.69292521 2.31043934
  1.598865   2.32960757 2.40274937 1.76419276]
 [2.14413973 2.16433804 1.82890051 2.13974369 2.31028756 1.92400255
  2.34312428 2.30335303 2.17688872 2.04147466]
 [2.27496953 1.60828834 2.1487971  1.5806436  2.32670612 2.21273246
  2.15079397 1.71931437 1.68890526 2.17323708]
 [2.46276244 1.94675958 2.32927138 1.68882727 2.34147123 1.70175127
  1.80041417 2.4530488  1.97809591 1.64706815]
 [2.3687875  1.70295273 1.69163534 1.68872419 2.12110734 1.74510006
  2.1098035  2.33495964 2.47403216 1.6723423 ]
 [2.26008931 1.57888076 1.51754051 1.98481181 2.33519689 2.28143472
  2.28381029 2.03196828 2.24297795 1.87902448]]
Rh: [[12.16008707  6.92962875  5.24365877 11.36808046 14.16363804 10.36621895
  12.93389403 11.39833534 13.94875273 14.62283202 14.96305645]
 [ 6.08377219  9.84860337  8.52917496  6.04590829 14.30515432  9.87227351
   8.12811697  5.74558889 12.37350462  6.05761548 13.9712343 ]
 [ 6.1472499   9.59717473  5.20409413 14.56223547 14.67866964  8.69690195
   9.24017524  5.30714978  9.09730928 10.69133419 10.05430422]
 [ 7.04210462  5.20904005 10.03982654 12.05162713  6.29346489  8.46185166
  14.15597822  8.48834318  8.73367276  6.95424676  5.06079231]
 [13.94024223 13.97113798 10.01513116  5.56672725 14.41120286 14.43091925
   6.88153425  5.42318169  7.21817078  9.67079216 11.31304374]
 [ 8.79991624  5.94968414  6.91199214  5.0375167   6.20307806 13.10300693
   5.5989189  12.08303158  6.28239642  5.62938946  6.1637134 ]
 [ 6.28644375  6.61483142  8.02637083 10.86963702  8.01362076  9.14975059
  12.82773584  5.88944202 14.82763046  7.35660884  7.79359772]
 [ 5.47069947  8.1203454   5.75024779  8.49505276  7.26947906  7.0142761
   5.45946719 14.20641272  7.10532005 10.47087461 11.70965674]
 [10.9710294   5.48654713  7.74836474  6.93826993 11.28410502  7.15366462
  10.14006207  6.08861001  7.77568595  9.90912004  6.58003256]
 [ 5.66679988 12.40394598  7.32304448 14.87311637  5.09952298  8.454522
  12.11406172  5.23761084  6.48214973 13.7576198  11.88115336]]
Rv: [[10.59300641  8.20857513 10.49963027  7.83140584  8.21469818  5.86543352
   9.28392697 10.98888763 13.02443018  6.46229812]
 [ 7.87916239  5.42071242  7.25908191  6.08429237  7.58559682  7.40372976
   5.56682191  9.61987852 10.40052421 14.82768677]
 [ 6.68879773  8.29637546 10.10761548 13.97656964 10.7044194   8.83023399
  10.8088535   5.03978695 10.55600069 14.24943291]
 [ 9.30996661 12.14101646  6.90295848  7.89988639 12.29518781  5.51203979
   5.19664465 10.22780991 11.44796137  5.59233121]
 [ 5.13790684  5.91777181  8.49989639  6.69725678  9.59470817 12.20837122
  13.04280494 13.82003283 12.34807158  9.9357764 ]
 [ 6.96311075  5.62017093 11.20048059 11.12087695 11.78188628  9.70803514
  11.36251668  5.03257828  5.90098789  5.75076056]
 [11.50323522  8.86344726 13.50510616 10.42665647  7.03623589  5.9545217
   6.76654835  6.60247525 11.6812877  13.07507217]
 [ 6.05996317  7.23321261  7.98975589  8.87351954  5.17433041  6.21320417
  11.07741628  9.45134074  8.02652834 11.76429519]
 [11.98637599  6.22482959  8.13725218  7.99873085 14.30334431 12.39708711
   5.6473605  14.45321944  9.37475432  5.81176791]]