-------Running parameters--------
T = 0.001
temperature_gradient = 0.0
gap = 0.2
M = 10
N = 10
VR = 0.0
Vmin = 0.0
Vmax = 1.2
vStep = 0.001
vSym = True
repeats = 20
fileName = array_10_10_disorder_c_std_0_r_std_5_run_2
dist = exp
fullOutput = True
use_graph = False
current_map = True
plot_current_map = False
plot_binary_current_map = False
frame_norm = False
dbg = False
resume = False
sc = True
leaping = False
constQ = False
modifyR = False
double_time = False
double_loop = False
output_folder = bgu_2d_superconducting_array
params_path = 
VG_avg = 0.0
VG_std = 0.0
C_avg = 2.0
C_std = 0.0
CG_avg = 10.0
CG_std = 0.0
R_avg = 10.0
R_std = 5.0
custom_rh = ""
custom_rv = ""
custom_ch = ""
custom_cv = ""
RG_avg = 500.0
RG_std = 0.0
n0_avg = 0.0
n0_std = 0.0
Q0_avg = 0.0
Q0_std = 0.0
----Array Parameters-----
Rows: 10
Columns: 10
VG: [[0.]
 [0.]
 [0.]
 [0.]
 [0.]
 [0.]
 [0.]
 [0.]
 [0.]
 [0.]
 [0.]
 [0.]
 [0.]
 [0.]
 [0.]
 [0.]
 [0.]
 [0.]
 [0.]
 [0.]
 [0.]
 [0.]
 [0.]
 [0.]
 [0.]
 [0.]
 [0.]
 [0.]
 [0.]
 [0.]
 [0.]
 [0.]
 [0.]
 [0.]
 [0.]
 [0.]
 [0.]
 [0.]
 [0.]
 [0.]
 [0.]
 [0.]
 [0.]
 [0.]
 [0.]
 [0.]
 [0.]
 [0.]
 [0.]
 [0.]
 [0.]
 [0.]
 [0.]
 [0.]
 [0.]
 [0.]
 [0.]
 [0.]
 [0.]
 [0.]
 [0.]
 [0.]
 [0.]
 [0.]
 [0.]
 [0.]
 [0.]
 [0.]
 [0.]
 [0.]
 [0.]
 [0.]
 [0.]
 [0.]
 [0.]
 [0.]
 [0.]
 [0.]
 [0.]
 [0.]
 [0.]
 [0.]
 [0.]
 [0.]
 [0.]
 [0.]
 [0.]
 [0.]
 [0.]
 [0.]
 [0.]
 [0.]
 [0.]
 [0.]
 [0.]
 [0.]
 [0.]
 [0.]
 [0.]
 [0.]]
CG: [[10.]
 [10.]
 [10.]
 [10.]
 [10.]
 [10.]
 [10.]
 [10.]
 [10.]
 [10.]
 [10.]
 [10.]
 [10.]
 [10.]
 [10.]
 [10.]
 [10.]
 [10.]
 [10.]
 [10.]
 [10.]
 [10.]
 [10.]
 [10.]
 [10.]
 [10.]
 [10.]
 [10.]
 [10.]
 [10.]
 [10.]
 [10.]
 [10.]
 [10.]
 [10.]
 [10.]
 [10.]
 [10.]
 [10.]
 [10.]
 [10.]
 [10.]
 [10.]
 [10.]
 [10.]
 [10.]
 [10.]
 [10.]
 [10.]
 [10.]
 [10.]
 [10.]
 [10.]
 [10.]
 [10.]
 [10.]
 [10.]
 [10.]
 [10.]
 [10.]
 [10.]
 [10.]
 [10.]
 [10.]
 [10.]
 [10.]
 [10.]
 [10.]
 [10.]
 [10.]
 [10.]
 [10.]
 [10.]
 [10.]
 [10.]
 [10.]
 [10.]
 [10.]
 [10.]
 [10.]
 [10.]
 [10.]
 [10.]
 [10.]
 [10.]
 [10.]
 [10.]
 [10.]
 [10.]
 [10.]
 [10.]
 [10.]
 [10.]
 [10.]
 [10.]
 [10.]
 [10.]
 [10.]
 [10.]
 [10.]]
RG: [[500.]
 [500.]
 [500.]
 [500.]
 [500.]
 [500.]
 [500.]
 [500.]
 [500.]
 [500.]
 [500.]
 [500.]
 [500.]
 [500.]
 [500.]
 [500.]
 [500.]
 [500.]
 [500.]
 [500.]
 [500.]
 [500.]
 [500.]
 [500.]
 [500.]
 [500.]
 [500.]
 [500.]
 [500.]
 [500.]
 [500.]
 [500.]
 [500.]
 [500.]
 [500.]
 [500.]
 [500.]
 [500.]
 [500.]
 [500.]
 [500.]
 [500.]
 [500.]
 [500.]
 [500.]
 [500.]
 [500.]
 [500.]
 [500.]
 [500.]
 [500.]
 [500.]
 [500.]
 [500.]
 [500.]
 [500.]
 [500.]
 [500.]
 [500.]
 [500.]
 [500.]
 [500.]
 [500.]
 [500.]
 [500.]
 [500.]
 [500.]
 [500.]
 [500.]
 [500.]
 [500.]
 [500.]
 [500.]
 [500.]
 [500.]
 [500.]
 [500.]
 [500.]
 [500.]
 [500.]
 [500.]
 [500.]
 [500.]
 [500.]
 [500.]
 [500.]
 [500.]
 [500.]
 [500.]
 [500.]
 [500.]
 [500.]
 [500.]
 [500.]
 [500.]
 [500.]
 [500.]
 [500.]
 [500.]
 [500.]]
Ch: [[2. 2. 2. 2. 2. 2. 2. 2. 2. 2. 2.]
 [2. 2. 2. 2. 2. 2. 2. 2. 2. 2. 2.]
 [2. 2. 2. 2. 2. 2. 2. 2. 2. 2. 2.]
 [2. 2. 2. 2. 2. 2. 2. 2. 2. 2. 2.]
 [2. 2. 2. 2. 2. 2. 2. 2. 2. 2. 2.]
 [2. 2. 2. 2. 2. 2. 2. 2. 2. 2. 2.]
 [2. 2. 2. 2. 2. 2. 2. 2. 2. 2. 2.]
 [2. 2. 2. 2. 2. 2. 2. 2. 2. 2. 2.]
 [2. 2. 2. 2. 2. 2. 2. 2. 2. 2. 2.]
 [2. 2. 2. 2. 2. 2. 2. 2. 2. 2. 2.]]
Cv: [[0. 0. 0. 0. 0. 0. 0. 0. 0. 0.]
 [2. 2. 2. 2. 2. 2. 2. 2. 2. 2.]
 [2. 2. 2. 2. 2. 2. 2. 2. 2. 2.]
 [2. 2. 2. 2. 2. 2. 2. 2. 2. 2.]
 [2. 2. 2. 2. 2. 2. 2. 2. 2. 2.]
 [2. 2. 2. 2. 2. 2. 2. 2. 2. 2.]
 [2. 2. 2. 2. 2. 2. 2. 2. 2. 2.]
 [2. 2. 2. 2. 2. 2. 2. 2. 2. 2.]
 [2. 2. 2. 2. 2. 2. 2. 2. 2. 2.]
 [2. 2. 2. 2. 2. 2. 2. 2. 2. 2.]]
Rh: [[12.06790319  6.84458909 12.49515027 12.17681807  5.46134156  6.38612313
  12.42060082 14.37699347  5.33224417  6.70625323 11.09804139]
 [ 6.43414114 11.86417065 11.34421925  6.51098083 11.01107627  8.00390442
   7.11070334  7.33002773  5.15261565  6.36933874 11.84507265]
 [ 7.37362933  6.62123859  5.81914697 12.28094595 14.4694253  11.32636215
   5.52290625 13.89422181  7.70741216 14.98714489 10.97072925]
 [ 9.60565098  9.83995327  8.68760628  6.50798961  6.87126128  6.11984478
   6.30308335 12.97049198  5.8855683   6.59911358  7.57427356]
 [13.05418187  8.26342269  5.982257   10.16013937  5.18190752  7.9730328
  12.06019042  5.15414841  7.14563165  5.65952299 13.54010027]
 [ 8.46857486 13.60774235 10.18977948 14.42550815  5.15615604 14.19162163
  12.12383437  9.90397514  8.05679653  8.80189158  6.55346962]
 [14.4882776  10.41246583 12.73890979 12.96179618  8.71593467 13.60356675
  12.53910763  7.96081448  7.00645258 11.5516227   9.266677  ]
 [ 5.41574379 10.81430491 14.91756762  9.76045549 13.60363602 13.15725919
  11.58431356 10.48734147  5.36941415  6.75212799  9.83750203]
 [13.557629    9.70124691  6.20978834 10.79192151  5.1803904   7.19650915
   6.44254051  5.98637135  5.01000891  8.81503375 13.81369244]
 [ 9.83542217  8.36240081 10.16723807 14.87284611 14.03287762 14.80889614
  10.66617572 13.71769503  5.02557483 12.69957815 12.09371743]]
Rv: [[ 7.42017435  5.29237572  8.67720845 12.53524511 10.19586082  7.71305728
   9.36440662 11.90026829 10.17564609  8.74430318]
 [ 9.74403743 11.08847165  7.27578821  8.87507242  8.08604161  6.46612116
  11.42080606 12.56241457 12.66847186  6.1962122 ]
 [ 5.29913343 13.69010031 11.73557728 10.38308143  7.75929104 13.18069772
   5.52845883  5.76145331  5.44011546  7.40367796]
 [ 8.23751648  7.94797909 12.80634934 10.12815235  6.66180712  8.20678188
   6.68871685 10.30668137  6.22155719  6.99121058]
 [ 6.81694538 14.0380073  13.14999591  7.24149437  5.16685822  5.22031215
  13.45760982 10.0012161   7.39073479 10.03485815]
 [14.75064128 13.47928619  8.22408152  6.03836321  8.19800994 11.45965497
  11.71147508 14.23723486 12.66352069  5.43447028]
 [ 7.63362459 12.04939108 10.10431598  6.94890012 12.10336237 10.32316025
   5.27120762  5.87530971  5.99116918 11.7808223 ]
 [ 9.48520792  5.44356239  8.87831096 13.57426084  6.33848271  9.36866003
   6.09535849  7.95331414 10.63773507  8.92297853]
 [13.43714359  6.13021003  6.32705123  5.65733128  7.04031438 11.03264034
  12.49129346 14.71687018  5.86837207  8.28532238]]