-------Running parameters--------
T = 0.001
temperature_gradient = 0.0
gap = 0.2
M = 10
N = 10
VR = 0.0
Vmin = 0.0
Vmax = 1.2
vStep = 0.001
vSym = True
repeats = 20
fileName = array_10_10_disorder_c_std_0.5_r_std_9_run_2
dist = exp
fullOutput = True
use_graph = False
current_map = True
plot_current_map = False
plot_binary_current_map = False
frame_norm = False
dbg = False
resume = False
sc = True
leaping = False
constQ = False
modifyR = False
double_time = False
double_loop = False
output_folder = bgu_2d_superconducting_array
params_path = 
VG_avg = 0.0
VG_std = 0.0
C_avg = 2.0
C_std = 0.5
CG_avg = 10.0
CG_std = 0.0
R_avg = 10.0
R_std = 9.0
custom_rh = ""
custom_rv = ""
custom_ch = ""
custom_cv = ""
RG_avg = 500.0
RG_std = 0.0
n0_avg = 0.0
n0_std = 0.0
Q0_avg = 0.0
Q0_std = 0.0
----Array Parameters-----
Rows: 10
Columns: 10
VG: [[0.]
 [0.]
 [0.]
 [0.]
 [0.]
 [0.]
 [0.]
 [0.]
 [0.]
 [0.]
 [0.]
 [0.]
 [0.]
 [0.]
 [0.]
 [0.]
 [0.]
 [0.]
 [0.]
 [0.]
 [0.]
 [0.]
 [0.]
 [0.]
 [0.]
 [0.]
 [0.]
 [0.]
 [0.]
 [0.]
 [0.]
 [0.]
 [0.]
 [0.]
 [0.]
 [0.]
 [0.]
 [0.]
 [0.]
 [0.]
 [0.]
 [0.]
 [0.]
 [0.]
 [0.]
 [0.]
 [0.]
 [0.]
 [0.]
 [0.]
 [0.]
 [0.]
 [0.]
 [0.]
 [0.]
 [0.]
 [0.]
 [0.]
 [0.]
 [0.]
 [0.]
 [0.]
 [0.]
 [0.]
 [0.]
 [0.]
 [0.]
 [0.]
 [0.]
 [0.]
 [0.]
 [0.]
 [0.]
 [0.]
 [0.]
 [0.]
 [0.]
 [0.]
 [0.]
 [0.]
 [0.]
 [0.]
 [0.]
 [0.]
 [0.]
 [0.]
 [0.]
 [0.]
 [0.]
 [0.]
 [0.]
 [0.]
 [0.]
 [0.]
 [0.]
 [0.]
 [0.]
 [0.]
 [0.]
 [0.]]
CG: [[10.]
 [10.]
 [10.]
 [10.]
 [10.]
 [10.]
 [10.]
 [10.]
 [10.]
 [10.]
 [10.]
 [10.]
 [10.]
 [10.]
 [10.]
 [10.]
 [10.]
 [10.]
 [10.]
 [10.]
 [10.]
 [10.]
 [10.]
 [10.]
 [10.]
 [10.]
 [10.]
 [10.]
 [10.]
 [10.]
 [10.]
 [10.]
 [10.]
 [10.]
 [10.]
 [10.]
 [10.]
 [10.]
 [10.]
 [10.]
 [10.]
 [10.]
 [10.]
 [10.]
 [10.]
 [10.]
 [10.]
 [10.]
 [10.]
 [10.]
 [10.]
 [10.]
 [10.]
 [10.]
 [10.]
 [10.]
 [10.]
 [10.]
 [10.]
 [10.]
 [10.]
 [10.]
 [10.]
 [10.]
 [10.]
 [10.]
 [10.]
 [10.]
 [10.]
 [10.]
 [10.]
 [10.]
 [10.]
 [10.]
 [10.]
 [10.]
 [10.]
 [10.]
 [10.]
 [10.]
 [10.]
 [10.]
 [10.]
 [10.]
 [10.]
 [10.]
 [10.]
 [10.]
 [10.]
 [10.]
 [10.]
 [10.]
 [10.]
 [10.]
 [10.]
 [10.]
 [10.]
 [10.]
 [10.]
 [10.]]
RG: [[500.]
 [500.]
 [500.]
 [500.]
 [500.]
 [500.]
 [500.]
 [500.]
 [500.]
 [500.]
 [500.]
 [500.]
 [500.]
 [500.]
 [500.]
 [500.]
 [500.]
 [500.]
 [500.]
 [500.]
 [500.]
 [500.]
 [500.]
 [500.]
 [500.]
 [500.]
 [500.]
 [500.]
 [500.]
 [500.]
 [500.]
 [500.]
 [500.]
 [500.]
 [500.]
 [500.]
 [500.]
 [500.]
 [500.]
 [500.]
 [500.]
 [500.]
 [500.]
 [500.]
 [500.]
 [500.]
 [500.]
 [500.]
 [500.]
 [500.]
 [500.]
 [500.]
 [500.]
 [500.]
 [500.]
 [500.]
 [500.]
 [500.]
 [500.]
 [500.]
 [500.]
 [500.]
 [500.]
 [500.]
 [500.]
 [500.]
 [500.]
 [500.]
 [500.]
 [500.]
 [500.]
 [500.]
 [500.]
 [500.]
 [500.]
 [500.]
 [500.]
 [500.]
 [500.]
 [500.]
 [500.]
 [500.]
 [500.]
 [500.]
 [500.]
 [500.]
 [500.]
 [500.]
 [500.]
 [500.]
 [500.]
 [500.]
 [500.]
 [500.]
 [500.]
 [500.]
 [500.]
 [500.]
 [500.]
 [500.]]
Ch: [[1.51309224 2.41584746 2.22481111 1.88143319 2.17459932 1.67950409
  2.16194137 2.35950287 1.671959   1.95732969 2.49972643]
 [1.60353595 1.56734252 2.48204725 2.37389474 2.02483018 2.49140685
  1.77562112 2.13983383 2.02991371 1.7860083  2.18934637]
 [1.83669137 2.02717014 1.95286123 2.41625118 1.99020116 2.32632149
  2.15736472 1.84995683 1.78994623 2.16317227 1.92216596]
 [1.82961159 2.38582023 1.68785086 1.61527214 2.147594   1.61747031
  1.7737449  1.66751577 1.54324714 2.04404258 2.11774369]
 [2.00852604 2.1822452  1.77582087 2.05453542 2.08631786 1.73147732
  1.71357906 2.26111895 1.9189748  2.18830132 2.44979596]
 [1.53648726 1.81591877 1.61277579 1.89074245 1.69072844 2.38347756
  2.25635223 1.84413953 1.60031575 1.55421515 1.6060662 ]
 [2.39729785 2.07375924 2.07333351 1.51210671 1.78596587 2.28822101
  1.90940775 1.61408799 2.3862981  2.45808532 1.52261591]
 [1.83907996 1.70527338 1.60705579 1.78689935 1.5192479  1.67663547
  2.39633546 1.98762431 2.33148856 1.50901146 1.86684763]
 [1.70879174 2.22496341 2.13491698 1.75715903 1.697484   2.35046678
  2.06481286 2.16078278 2.24791285 2.15374008 1.9843227 ]
 [1.57300857 1.53186389 2.49257289 1.68752028 1.90878737 1.90885914
  2.1332261  1.6635363  1.5110901  1.56345073 2.4088896 ]]
Cv: [[0.         0.         0.         0.         0.         0.
  0.         0.         0.         0.        ]
 [1.81787449 2.47927385 2.38830468 1.50823936 2.46067453 1.95226541
  1.85907489 1.93402121 1.74101786 1.76960008]
 [2.34829295 2.03026741 1.56736244 1.57425339 1.81150186 2.02960117
  2.41869036 1.86092708 1.96803177 2.02402798]
 [2.13997556 1.77610853 1.67427833 2.41653984 2.49271358 2.09821122
  1.63285819 1.52275868 2.38297043 1.55466356]
 [1.6466871  2.44346143 1.51747649 1.91432254 2.25408362 1.81145207
  2.08652778 1.58344123 2.40604323 1.63232724]
 [1.91595726 1.90778693 2.03609276 2.08833544 1.50213454 1.86617313
  1.54117976 2.01365044 1.83603809 1.95258297]
 [2.4285897  1.96260111 2.17101645 1.59907921 2.28630214 1.55281587
  1.69697551 1.66122011 1.68322972 1.98517078]
 [2.32567473 1.6925572  1.70377082 1.92081382 1.76102698 1.59583979
  2.22357338 1.86383565 2.26276185 1.93255511]
 [1.73023031 1.59304847 1.66210698 1.71455983 1.99609069 1.85688629
  2.45948681 2.05628965 1.78014317 1.63576614]
 [2.37110968 1.9534043  1.52482217 2.22649632 1.51977843 2.27828423
  2.45645621 1.84663194 1.51374385 2.126105  ]]
Rh: [[ 7.18378799 12.65704298  8.13827727  3.78856418  5.29101609  4.5793151
   3.41335492 12.30927515  1.26184449  6.45451975 16.09239553]
 [10.74104075  2.22637507  3.9042505   4.07358121  3.69904719 15.35373291
   2.72585283  3.44945506  4.1145744   2.28697886 18.88214784]
 [ 7.80039926 14.95125945  5.46164688  4.6237296   5.16647438 10.86890339
   6.20978571  7.36022886  2.54852311  7.61652005  1.07902852]
 [ 5.83221269  4.74019285 12.20759808  1.08939147  3.75836958  4.9969602
   3.30188563  9.61641906  4.62751624  2.34312684  1.03906563]
 [ 4.4671187   3.69697385  7.09972012  3.70674841  7.40846492 11.00117762
   2.30179238 11.54703725  5.32791268 17.66629337  1.50416848]
 [ 1.59041431 15.87189601  2.46814175  5.00904655  3.40782905 18.87584807
   2.46673106 18.668846   10.18425092  1.01757177  1.95517402]
 [ 1.19778639  5.25160871  2.71475889  6.32757262  2.39753912 18.1858585
   8.89299377  1.65965643  3.34166493  7.99462222  1.20077686]
 [ 1.63642083 10.21374357  2.78602395  1.26087976  8.29805289  1.18383385
   1.9792337   5.34653188 12.53741887 11.25683982  1.07764064]
 [10.80913805  7.09445579 12.21944902  2.32791439 10.71076779  1.00278969
  11.66848778  3.33784391  6.81347982  2.99647153  1.1272835 ]
 [ 1.33737284  2.11370366 10.44376163 14.6013795   3.93964388 15.8827714
   4.27223141  2.21777057  1.35242463  2.07463137 15.15033533]]
Rv: [[ 1.32144474  1.24116515 12.666111    9.55134199  5.56546206  1.52481356
   2.71936184  1.52365322  8.27300466  4.86639216]
 [12.81757811  1.88732828  1.50681678  3.7858756  10.87133     7.10469833
   1.25849012  6.05895913  3.68701633  1.18095718]
 [ 6.07872972  1.78464604 18.67489612  7.39894341  2.37772707  9.88319924
   3.92642146 18.33525708  1.43410119  2.16537043]
 [ 3.41299787  1.83350724  1.15629084  1.43458896 10.57303543  2.30076338
  10.40151386  1.30296847  2.75632315  2.25462549]
 [ 7.3502175   4.41703425  2.84602247  7.5894541  15.75271818  7.94028244
   1.39162963  5.25172646  3.46255776  1.06627192]
 [ 2.6121731  14.78242039  2.69563785  9.7986872   4.64719691  1.97763238
  12.07391038  2.19171239  9.23347937  4.17861928]
 [ 1.63183228  2.95123548  7.27650045  1.09842455  8.65529743  6.10286096
   9.1824108  15.38427318 17.37130598  2.73144163]
 [11.21807526  4.1235853   5.49954736  7.17389     2.30118445 17.09452774
  15.44020528 12.59608968  4.26300067 15.75416373]
 [ 1.53742935  1.53527452  4.02504623  3.57203732  3.37139464  4.52208782
   2.86756155  6.28941887 10.20496815  1.78632944]]