-------Running parameters--------
T = 0.001
temperature_gradient = 0.0
gap = 0.2
M = 10
N = 10
VR = 0.0
Vmin = 0.0
Vmax = 1.2
vStep = 0.001
vSym = True
repeats = 20
fileName = array_10_10_disorder_c_std_0_r_std_5_run_5
dist = exp
fullOutput = True
use_graph = False
current_map = True
plot_current_map = False
plot_binary_current_map = False
frame_norm = False
dbg = False
resume = False
sc = True
leaping = False
constQ = False
modifyR = False
double_time = False
double_loop = False
output_folder = bgu_2d_superconducting_array
params_path = 
VG_avg = 0.0
VG_std = 0.0
C_avg = 2.0
C_std = 0.0
CG_avg = 10.0
CG_std = 0.0
R_avg = 10.0
R_std = 5.0
custom_rh = ""
custom_rv = ""
custom_ch = ""
custom_cv = ""
RG_avg = 500.0
RG_std = 0.0
n0_avg = 0.0
n0_std = 0.0
Q0_avg = 0.0
Q0_std = 0.0
----Array Parameters-----
Rows: 10
Columns: 10
VG: [[0.]
 [0.]
 [0.]
 [0.]
 [0.]
 [0.]
 [0.]
 [0.]
 [0.]
 [0.]
 [0.]
 [0.]
 [0.]
 [0.]
 [0.]
 [0.]
 [0.]
 [0.]
 [0.]
 [0.]
 [0.]
 [0.]
 [0.]
 [0.]
 [0.]
 [0.]
 [0.]
 [0.]
 [0.]
 [0.]
 [0.]
 [0.]
 [0.]
 [0.]
 [0.]
 [0.]
 [0.]
 [0.]
 [0.]
 [0.]
 [0.]
 [0.]
 [0.]
 [0.]
 [0.]
 [0.]
 [0.]
 [0.]
 [0.]
 [0.]
 [0.]
 [0.]
 [0.]
 [0.]
 [0.]
 [0.]
 [0.]
 [0.]
 [0.]
 [0.]
 [0.]
 [0.]
 [0.]
 [0.]
 [0.]
 [0.]
 [0.]
 [0.]
 [0.]
 [0.]
 [0.]
 [0.]
 [0.]
 [0.]
 [0.]
 [0.]
 [0.]
 [0.]
 [0.]
 [0.]
 [0.]
 [0.]
 [0.]
 [0.]
 [0.]
 [0.]
 [0.]
 [0.]
 [0.]
 [0.]
 [0.]
 [0.]
 [0.]
 [0.]
 [0.]
 [0.]
 [0.]
 [0.]
 [0.]
 [0.]]
CG: [[10.]
 [10.]
 [10.]
 [10.]
 [10.]
 [10.]
 [10.]
 [10.]
 [10.]
 [10.]
 [10.]
 [10.]
 [10.]
 [10.]
 [10.]
 [10.]
 [10.]
 [10.]
 [10.]
 [10.]
 [10.]
 [10.]
 [10.]
 [10.]
 [10.]
 [10.]
 [10.]
 [10.]
 [10.]
 [10.]
 [10.]
 [10.]
 [10.]
 [10.]
 [10.]
 [10.]
 [10.]
 [10.]
 [10.]
 [10.]
 [10.]
 [10.]
 [10.]
 [10.]
 [10.]
 [10.]
 [10.]
 [10.]
 [10.]
 [10.]
 [10.]
 [10.]
 [10.]
 [10.]
 [10.]
 [10.]
 [10.]
 [10.]
 [10.]
 [10.]
 [10.]
 [10.]
 [10.]
 [10.]
 [10.]
 [10.]
 [10.]
 [10.]
 [10.]
 [10.]
 [10.]
 [10.]
 [10.]
 [10.]
 [10.]
 [10.]
 [10.]
 [10.]
 [10.]
 [10.]
 [10.]
 [10.]
 [10.]
 [10.]
 [10.]
 [10.]
 [10.]
 [10.]
 [10.]
 [10.]
 [10.]
 [10.]
 [10.]
 [10.]
 [10.]
 [10.]
 [10.]
 [10.]
 [10.]
 [10.]]
RG: [[500.]
 [500.]
 [500.]
 [500.]
 [500.]
 [500.]
 [500.]
 [500.]
 [500.]
 [500.]
 [500.]
 [500.]
 [500.]
 [500.]
 [500.]
 [500.]
 [500.]
 [500.]
 [500.]
 [500.]
 [500.]
 [500.]
 [500.]
 [500.]
 [500.]
 [500.]
 [500.]
 [500.]
 [500.]
 [500.]
 [500.]
 [500.]
 [500.]
 [500.]
 [500.]
 [500.]
 [500.]
 [500.]
 [500.]
 [500.]
 [500.]
 [500.]
 [500.]
 [500.]
 [500.]
 [500.]
 [500.]
 [500.]
 [500.]
 [500.]
 [500.]
 [500.]
 [500.]
 [500.]
 [500.]
 [500.]
 [500.]
 [500.]
 [500.]
 [500.]
 [500.]
 [500.]
 [500.]
 [500.]
 [500.]
 [500.]
 [500.]
 [500.]
 [500.]
 [500.]
 [500.]
 [500.]
 [500.]
 [500.]
 [500.]
 [500.]
 [500.]
 [500.]
 [500.]
 [500.]
 [500.]
 [500.]
 [500.]
 [500.]
 [500.]
 [500.]
 [500.]
 [500.]
 [500.]
 [500.]
 [500.]
 [500.]
 [500.]
 [500.]
 [500.]
 [500.]
 [500.]
 [500.]
 [500.]
 [500.]]
Ch: [[2. 2. 2. 2. 2. 2. 2. 2. 2. 2. 2.]
 [2. 2. 2. 2. 2. 2. 2. 2. 2. 2. 2.]
 [2. 2. 2. 2. 2. 2. 2. 2. 2. 2. 2.]
 [2. 2. 2. 2. 2. 2. 2. 2. 2. 2. 2.]
 [2. 2. 2. 2. 2. 2. 2. 2. 2. 2. 2.]
 [2. 2. 2. 2. 2. 2. 2. 2. 2. 2. 2.]
 [2. 2. 2. 2. 2. 2. 2. 2. 2. 2. 2.]
 [2. 2. 2. 2. 2. 2. 2. 2. 2. 2. 2.]
 [2. 2. 2. 2. 2. 2. 2. 2. 2. 2. 2.]
 [2. 2. 2. 2. 2. 2. 2. 2. 2. 2. 2.]]
Cv: [[0. 0. 0. 0. 0. 0. 0. 0. 0. 0.]
 [2. 2. 2. 2. 2. 2. 2. 2. 2. 2.]
 [2. 2. 2. 2. 2. 2. 2. 2. 2. 2.]
 [2. 2. 2. 2. 2. 2. 2. 2. 2. 2.]
 [2. 2. 2. 2. 2. 2. 2. 2. 2. 2.]
 [2. 2. 2. 2. 2. 2. 2. 2. 2. 2.]
 [2. 2. 2. 2. 2. 2. 2. 2. 2. 2.]
 [2. 2. 2. 2. 2. 2. 2. 2. 2. 2.]
 [2. 2. 2. 2. 2. 2. 2. 2. 2. 2.]
 [2. 2. 2. 2. 2. 2. 2. 2. 2. 2.]]
Rh: [[13.26880014  7.4700882  14.49173     5.31012591  5.31793643  7.7442827
  10.17374547 13.02711697 14.16410049 13.29420359 14.26998916]
 [ 5.17563729  9.56281163  8.4580282  14.38575611  6.13095019 12.4039166
  12.25007703  6.907141    6.10433138  9.91767067  6.42985874]
 [ 5.016445   12.05445516  6.51413468  6.92432433 13.02922494  8.54745572
  14.6778418  10.56353234  6.69128262  7.1564773  13.47364943]
 [ 5.75528753 11.83075703  7.66427853  9.02397465  9.33028578  7.71926685
   9.17229476 12.46200347  8.02097441  8.27397279 10.47260244]
 [13.62743245 11.85082864 14.95970082 12.36070551 10.00159496 10.79722096
  14.18186052  6.0028444  14.39990214  7.85808829  7.90018883]
 [ 6.26784986  8.61651502 11.73561271 12.28243872 12.58141694 11.31883772
   8.59868235  8.01521154  7.16476452  5.19310708  9.37243082]
 [ 9.77819849  8.00084124  6.78049391 13.91724502 14.52644552 13.95176267
   8.17475837  5.50642809  9.13630498 11.90693918  5.36550034]
 [14.48083501 10.48306671  9.39629269 10.10844437 10.02799987 13.25187251
  10.73053174  8.83144835  5.71949502 13.89900705  5.98267609]
 [13.79972081 10.38873236 13.47070085  8.54302286 10.02760987  7.24596502
   6.29663675  9.04481291  5.18822674  8.03914234  5.13884987]
 [ 8.39987842  5.21290978 14.70787891 11.21184743 11.33771306  5.11749622
   5.78267188 12.28564865 13.21413007 12.71271129  8.15434096]]
Rv: [[ 7.12600756  6.10799092  7.01327125  9.20624263 14.69800223 11.7865982
   5.76257425  8.74368792  5.56426715 12.73983465]
 [10.24783764  5.89985762 14.50209188  6.35236025 10.77581777  5.83805851
   5.8332237  13.3613209  12.56786917  5.68918019]
 [ 5.3178387  14.09837081  5.70243308 13.32298658 12.71626787  9.66125067
  10.92014191  6.55998726 10.12269196  6.74294554]
 [ 7.93485305 11.00241878 12.71522719  6.73556536 12.4932143   6.09842911
   8.71248159  9.71117419  8.3159119   5.0313609 ]
 [ 9.98897426  9.62682051  7.98276418 10.23120874  6.90550827  7.08313151
   6.37004021  5.61419939  9.34248529  8.49443892]
 [ 8.6713971   6.33689124  6.58977205 14.71722272  5.9784155  11.86826949
   9.64332247  5.98025844 11.56955565  8.04555229]
 [ 9.84715639 14.15089342  7.49335292  8.3341301   9.40364434  6.73454495
   5.65370714 13.18568583  7.88204945  7.30998702]
 [14.14127071  8.73838304  5.15918544 10.18456832  6.47643757  8.87679734
  11.5308224   5.03722918 10.14566255  6.22535562]
 [13.84622533  5.55036693  7.26974033  7.15972358 11.97659366 13.18399086
   8.69683252  9.17159382  5.01325073 14.87360059]]