-------Running parameters--------
T = 0.001
temperature_gradient = 0.0
gap = 0.2
M = 10
N = 10
VR = 0.0
Vmin = 0.0
Vmax = 1.2
vStep = 0.001
vSym = True
repeats = 20
fileName = array_10_10_disorder_c_std_0.1_r_std_9_run_1
dist = exp
fullOutput = True
use_graph = False
current_map = True
plot_current_map = False
plot_binary_current_map = False
frame_norm = False
dbg = False
resume = False
sc = True
leaping = False
constQ = False
modifyR = False
double_time = False
double_loop = False
output_folder = bgu_2d_superconducting_array
params_path = 
VG_avg = 0.0
VG_std = 0.0
C_avg = 2.0
C_std = 0.1
CG_avg = 10.0
CG_std = 0.0
R_avg = 10.0
R_std = 9.0
custom_rh = ""
custom_rv = ""
custom_ch = ""
custom_cv = ""
RG_avg = 500.0
RG_std = 0.0
n0_avg = 0.0
n0_std = 0.0
Q0_avg = 0.0
Q0_std = 0.0
----Array Parameters-----
Rows: 10
Columns: 10
VG: [[0.]
 [0.]
 [0.]
 [0.]
 [0.]
 [0.]
 [0.]
 [0.]
 [0.]
 [0.]
 [0.]
 [0.]
 [0.]
 [0.]
 [0.]
 [0.]
 [0.]
 [0.]
 [0.]
 [0.]
 [0.]
 [0.]
 [0.]
 [0.]
 [0.]
 [0.]
 [0.]
 [0.]
 [0.]
 [0.]
 [0.]
 [0.]
 [0.]
 [0.]
 [0.]
 [0.]
 [0.]
 [0.]
 [0.]
 [0.]
 [0.]
 [0.]
 [0.]
 [0.]
 [0.]
 [0.]
 [0.]
 [0.]
 [0.]
 [0.]
 [0.]
 [0.]
 [0.]
 [0.]
 [0.]
 [0.]
 [0.]
 [0.]
 [0.]
 [0.]
 [0.]
 [0.]
 [0.]
 [0.]
 [0.]
 [0.]
 [0.]
 [0.]
 [0.]
 [0.]
 [0.]
 [0.]
 [0.]
 [0.]
 [0.]
 [0.]
 [0.]
 [0.]
 [0.]
 [0.]
 [0.]
 [0.]
 [0.]
 [0.]
 [0.]
 [0.]
 [0.]
 [0.]
 [0.]
 [0.]
 [0.]
 [0.]
 [0.]
 [0.]
 [0.]
 [0.]
 [0.]
 [0.]
 [0.]
 [0.]]
CG: [[10.]
 [10.]
 [10.]
 [10.]
 [10.]
 [10.]
 [10.]
 [10.]
 [10.]
 [10.]
 [10.]
 [10.]
 [10.]
 [10.]
 [10.]
 [10.]
 [10.]
 [10.]
 [10.]
 [10.]
 [10.]
 [10.]
 [10.]
 [10.]
 [10.]
 [10.]
 [10.]
 [10.]
 [10.]
 [10.]
 [10.]
 [10.]
 [10.]
 [10.]
 [10.]
 [10.]
 [10.]
 [10.]
 [10.]
 [10.]
 [10.]
 [10.]
 [10.]
 [10.]
 [10.]
 [10.]
 [10.]
 [10.]
 [10.]
 [10.]
 [10.]
 [10.]
 [10.]
 [10.]
 [10.]
 [10.]
 [10.]
 [10.]
 [10.]
 [10.]
 [10.]
 [10.]
 [10.]
 [10.]
 [10.]
 [10.]
 [10.]
 [10.]
 [10.]
 [10.]
 [10.]
 [10.]
 [10.]
 [10.]
 [10.]
 [10.]
 [10.]
 [10.]
 [10.]
 [10.]
 [10.]
 [10.]
 [10.]
 [10.]
 [10.]
 [10.]
 [10.]
 [10.]
 [10.]
 [10.]
 [10.]
 [10.]
 [10.]
 [10.]
 [10.]
 [10.]
 [10.]
 [10.]
 [10.]
 [10.]]
RG: [[500.]
 [500.]
 [500.]
 [500.]
 [500.]
 [500.]
 [500.]
 [500.]
 [500.]
 [500.]
 [500.]
 [500.]
 [500.]
 [500.]
 [500.]
 [500.]
 [500.]
 [500.]
 [500.]
 [500.]
 [500.]
 [500.]
 [500.]
 [500.]
 [500.]
 [500.]
 [500.]
 [500.]
 [500.]
 [500.]
 [500.]
 [500.]
 [500.]
 [500.]
 [500.]
 [500.]
 [500.]
 [500.]
 [500.]
 [500.]
 [500.]
 [500.]
 [500.]
 [500.]
 [500.]
 [500.]
 [500.]
 [500.]
 [500.]
 [500.]
 [500.]
 [500.]
 [500.]
 [500.]
 [500.]
 [500.]
 [500.]
 [500.]
 [500.]
 [500.]
 [500.]
 [500.]
 [500.]
 [500.]
 [500.]
 [500.]
 [500.]
 [500.]
 [500.]
 [500.]
 [500.]
 [500.]
 [500.]
 [500.]
 [500.]
 [500.]
 [500.]
 [500.]
 [500.]
 [500.]
 [500.]
 [500.]
 [500.]
 [500.]
 [500.]
 [500.]
 [500.]
 [500.]
 [500.]
 [500.]
 [500.]
 [500.]
 [500.]
 [500.]
 [500.]
 [500.]
 [500.]
 [500.]
 [500.]
 [500.]]
Ch: [[1.92683549 1.98757996 2.00774521 1.92488386 1.92291897 1.95175931
  2.07984098 2.02665393 1.93941586 2.04002351 2.00383099]
 [1.97905031 2.01713585 2.01648406 1.9176837  1.97542014 2.01931077
  1.96576061 2.04633383 1.97002758 2.07743123 1.90327685]
 [1.99354134 1.95467079 2.01852729 2.08350007 1.95435805 1.91748659
  1.94020792 2.09027592 2.058492   2.05264317 2.04542952]
 [2.03351973 1.9729132  1.95640975 2.08147113 2.01535431 1.91952012
  2.09397022 1.92139555 1.96763515 1.96645078 2.01894417]
 [1.93761085 1.9164566  2.01196204 1.99116918 1.96026775 1.94308889
  1.97706925 2.06819261 1.97923717 2.06764127 1.94125288]
 [2.02437033 2.08583214 2.00079416 2.02951833 2.08230462 2.09825866
  2.03923096 2.05956093 1.98528984 2.07693282 1.9852896 ]
 [1.951057   2.08177307 2.03938041 2.08864106 2.06989197 2.04632183
  2.0175987  2.05946272 1.98291733 1.93822108 1.97354152]
 [2.08664792 1.97587063 2.07682199 2.0992268  1.909251   1.93832314
  1.97306376 2.06794981 1.94560307 1.98487754 2.00372222]
 [2.02622269 2.01208478 1.95321159 1.99452891 1.90752739 2.04978133
  1.91043605 1.90728195 1.94316667 2.07381443 1.96402016]
 [2.02371855 2.04673421 1.92504706 2.04192168 1.93869938 2.06807881
  2.05088423 1.93146845 1.96323621 2.00819203 2.04419523]]
Cv: [[0.         0.         0.         0.         0.         0.
  0.         0.         0.         0.        ]
 [1.90231511 1.91976594 1.96285316 1.97359962 2.09456864 1.91079211
  2.03589296 1.98212192 1.98887951 1.94234085]
 [1.99124306 2.0417488  1.96722725 1.94329882 1.91120457 2.03589612
  1.94591823 1.9710607  1.9966198  1.97208336]
 [1.90139333 1.99312759 1.94128333 2.05771634 2.01705463 1.92127568
  2.08717913 1.93537077 2.00957058 2.03735847]
 [1.94713567 2.06622922 1.99657768 1.9301172  2.09264053 2.03442965
  1.9597248  1.96551498 2.0238329  1.97376982]
 [1.92069022 2.009343   2.04641675 1.90386152 2.01688928 1.92330013
  1.94873002 1.96409972 2.06108944 1.94773484]
 [1.98236767 1.95509156 1.92800159 2.02385888 2.01925792 2.03934227
  1.9524993  1.93248459 2.00947956 2.0669861 ]
 [1.97299219 2.08973837 2.02454466 2.08813847 1.9800925  2.00581153
  1.91797612 1.9428457  1.94416108 1.95981609]
 [2.03371427 2.00630705 1.9632553  1.93003073 2.04434018 1.93773224
  1.92334471 2.03606789 2.06997624 2.04821878]
 [2.03735156 1.95057511 2.02830682 2.05901879 2.00682824 1.95560959
  1.98364553 1.98409671 2.09915871 1.90745398]]
Rh: [[ 3.97671096  3.88695554  4.69826855  1.80883358  4.12947934  6.12200525
   9.00313434  7.06256044  3.5024825   2.92077708  4.03658195]
 [ 9.84434694 14.23677265  1.60393911  1.61302442  2.7228588  17.26173197
   7.07666446  1.24476552  3.11738375  2.58046197  8.71833139]
 [ 2.90310014  6.85385512  9.02972485  2.35598313  1.11242246 10.87935378
   3.80954746  6.15660932  1.58103178  2.17979321 14.97258217]
 [ 1.97632977 14.03616144  8.78647741  3.36325845  7.7184192   2.29578777
   6.48671956  1.31517668  1.08079175 12.54205517 12.75035336]
 [ 1.49281851  1.25610474 10.45441715  2.9918796   1.02304735  4.76077004
   2.31520429 12.6948327   9.07029934 18.26597112  1.56637125]
 [16.60405857  1.01167196  7.29150379  4.09166452  3.32321742 13.58620644
   8.0685632   7.21513136  3.81145805  3.9269182   7.54733719]
 [ 3.03823262  4.3598379   6.04608556  7.95088804 15.48548639  5.11001378
  13.34240759  1.00110436  4.54537738 11.0611157   4.4681612 ]
 [ 2.14021546  3.67601949  7.98047077  1.07835506  1.34106584  1.38564238
   5.72365412  2.28821915  2.25337382 16.47600983 10.1154757 ]
 [ 2.49618634 11.967338    1.78372542 12.06681017  5.95483072  2.57016467
  16.88415935 11.05953325  1.76375269  1.04067907 18.45963725]
 [ 2.47984273 13.28762073  1.5819252   1.36894401  6.26273323 16.31827818
   6.32174931  1.43367143 15.62802127  1.35105515  5.89646644]]
Rv: [[ 2.75294741  8.64192101  1.20271586  3.08339917 15.83941299 10.1762328
  10.22617483  2.24490202  4.32688714  5.66540651]
 [16.99009035  6.26976779  1.65627383 11.16055506  9.03045215 16.79500595
   8.03895909  4.0513393   1.28531941  3.78721172]
 [ 4.39970978  4.55102821 16.04996257  2.04298874 10.85267402  1.50389532
   1.65298343  2.21695417 15.5215457   1.2285767 ]
 [ 8.04272318  4.45348414  1.00470462  2.20031365  7.57992883 15.51134275
   2.34024661  1.93327027  3.56483292  1.63602349]
 [ 6.62523602  1.8890813   2.3324916   4.59466181 14.13052092  2.25366352
  18.34634082  2.35115433  9.81120474 12.1944749 ]
 [ 3.15644237  1.69923271  1.88225908  2.18935146  1.1098488   6.09773659
   2.83080048  4.14685934  8.64105063 10.45050704]
 [ 5.08400022  1.35798718  1.63340097  9.14912162 14.8654163   2.16683743
   4.52982411  1.34348953  1.19294494  3.85660049]
 [ 6.69951729 10.63126986 12.93838801  1.63017982  3.51376318  4.63421998
   6.55246435  5.68770268  2.4804122   3.74181353]
 [11.49863121  5.0100739   4.13533643 10.98468639  2.26811733  2.57745083
   1.68751322 17.89280151  2.1089833   9.88772422]]