-------Running parameters--------
T = 0.001
temperature_gradient = 0.0
gap = 0.2
M = 10
N = 10
VR = 0.0
Vmin = 0.0
Vmax = 1.2
vStep = 0.001
vSym = True
repeats = 20
fileName = array_10_10_disorder_c_std_1_r_std_9_run_4
dist = exp
fullOutput = True
use_graph = False
current_map = True
plot_current_map = False
plot_binary_current_map = False
frame_norm = False
dbg = False
resume = False
sc = True
leaping = False
constQ = False
modifyR = False
double_time = False
double_loop = False
output_folder = bgu_2d_superconducting_array
params_path = 
VG_avg = 0.0
VG_std = 0.0
C_avg = 2.0
C_std = 1.0
CG_avg = 10.0
CG_std = 0.0
R_avg = 10.0
R_std = 9.0
custom_rh = ""
custom_rv = ""
custom_ch = ""
custom_cv = ""
RG_avg = 500.0
RG_std = 0.0
n0_avg = 0.0
n0_std = 0.0
Q0_avg = 0.0
Q0_std = 0.0
----Array Parameters-----
Rows: 10
Columns: 10
VG: [[0.]
 [0.]
 [0.]
 [0.]
 [0.]
 [0.]
 [0.]
 [0.]
 [0.]
 [0.]
 [0.]
 [0.]
 [0.]
 [0.]
 [0.]
 [0.]
 [0.]
 [0.]
 [0.]
 [0.]
 [0.]
 [0.]
 [0.]
 [0.]
 [0.]
 [0.]
 [0.]
 [0.]
 [0.]
 [0.]
 [0.]
 [0.]
 [0.]
 [0.]
 [0.]
 [0.]
 [0.]
 [0.]
 [0.]
 [0.]
 [0.]
 [0.]
 [0.]
 [0.]
 [0.]
 [0.]
 [0.]
 [0.]
 [0.]
 [0.]
 [0.]
 [0.]
 [0.]
 [0.]
 [0.]
 [0.]
 [0.]
 [0.]
 [0.]
 [0.]
 [0.]
 [0.]
 [0.]
 [0.]
 [0.]
 [0.]
 [0.]
 [0.]
 [0.]
 [0.]
 [0.]
 [0.]
 [0.]
 [0.]
 [0.]
 [0.]
 [0.]
 [0.]
 [0.]
 [0.]
 [0.]
 [0.]
 [0.]
 [0.]
 [0.]
 [0.]
 [0.]
 [0.]
 [0.]
 [0.]
 [0.]
 [0.]
 [0.]
 [0.]
 [0.]
 [0.]
 [0.]
 [0.]
 [0.]
 [0.]]
CG: [[10.]
 [10.]
 [10.]
 [10.]
 [10.]
 [10.]
 [10.]
 [10.]
 [10.]
 [10.]
 [10.]
 [10.]
 [10.]
 [10.]
 [10.]
 [10.]
 [10.]
 [10.]
 [10.]
 [10.]
 [10.]
 [10.]
 [10.]
 [10.]
 [10.]
 [10.]
 [10.]
 [10.]
 [10.]
 [10.]
 [10.]
 [10.]
 [10.]
 [10.]
 [10.]
 [10.]
 [10.]
 [10.]
 [10.]
 [10.]
 [10.]
 [10.]
 [10.]
 [10.]
 [10.]
 [10.]
 [10.]
 [10.]
 [10.]
 [10.]
 [10.]
 [10.]
 [10.]
 [10.]
 [10.]
 [10.]
 [10.]
 [10.]
 [10.]
 [10.]
 [10.]
 [10.]
 [10.]
 [10.]
 [10.]
 [10.]
 [10.]
 [10.]
 [10.]
 [10.]
 [10.]
 [10.]
 [10.]
 [10.]
 [10.]
 [10.]
 [10.]
 [10.]
 [10.]
 [10.]
 [10.]
 [10.]
 [10.]
 [10.]
 [10.]
 [10.]
 [10.]
 [10.]
 [10.]
 [10.]
 [10.]
 [10.]
 [10.]
 [10.]
 [10.]
 [10.]
 [10.]
 [10.]
 [10.]
 [10.]]
RG: [[500.]
 [500.]
 [500.]
 [500.]
 [500.]
 [500.]
 [500.]
 [500.]
 [500.]
 [500.]
 [500.]
 [500.]
 [500.]
 [500.]
 [500.]
 [500.]
 [500.]
 [500.]
 [500.]
 [500.]
 [500.]
 [500.]
 [500.]
 [500.]
 [500.]
 [500.]
 [500.]
 [500.]
 [500.]
 [500.]
 [500.]
 [500.]
 [500.]
 [500.]
 [500.]
 [500.]
 [500.]
 [500.]
 [500.]
 [500.]
 [500.]
 [500.]
 [500.]
 [500.]
 [500.]
 [500.]
 [500.]
 [500.]
 [500.]
 [500.]
 [500.]
 [500.]
 [500.]
 [500.]
 [500.]
 [500.]
 [500.]
 [500.]
 [500.]
 [500.]
 [500.]
 [500.]
 [500.]
 [500.]
 [500.]
 [500.]
 [500.]
 [500.]
 [500.]
 [500.]
 [500.]
 [500.]
 [500.]
 [500.]
 [500.]
 [500.]
 [500.]
 [500.]
 [500.]
 [500.]
 [500.]
 [500.]
 [500.]
 [500.]
 [500.]
 [500.]
 [500.]
 [500.]
 [500.]
 [500.]
 [500.]
 [500.]
 [500.]
 [500.]
 [500.]
 [500.]
 [500.]
 [500.]
 [500.]
 [500.]]
Ch: [[1.6476783  1.134757   2.38440924 2.86757797 1.76656362 1.80445314
  2.20563188 1.35056651 1.49898612 1.37063583 1.2027921 ]
 [2.00958939 2.31988017 1.11060957 1.78927412 1.29490122 1.13594003
  1.02139713 1.54257717 1.96537855 2.51499159 1.94152689]
 [1.8959334  1.17124131 2.23155534 1.31586942 1.23601821 1.55489533
  2.23939068 1.67457824 1.03710457 1.29788563 1.38665481]
 [1.54173582 2.00781468 1.89194879 1.87931373 1.5844518  2.61824663
  1.09462169 1.57782529 2.35709539 1.35316674 1.57266572]
 [2.35811429 2.70595016 1.20504762 2.2745226  1.50981264 2.90910025
  1.58237277 1.63340545 1.42012352 1.00363005 2.50801624]
 [1.37948406 2.65609437 1.57656949 1.61667471 1.94852196 1.59611088
  1.87185244 1.62276756 2.83274953 2.04028888 1.85181497]
 [1.62099856 1.10803954 1.16095811 1.94177251 2.2990687  2.05345578
  1.53478828 1.1411417  1.84734034 2.09590036 1.94719805]
 [1.42420135 1.818388   2.38106771 1.06045727 1.0508645  1.31974074
  1.32527116 1.32547906 2.4539333  1.66912745 1.22600523]
 [2.14021792 1.58712827 1.41882449 2.97596544 2.43987793 2.47515004
  2.37065958 2.46522319 2.25894576 2.43272615 2.24582007]
 [1.47824016 1.94309953 1.18971539 1.67631836 1.07131144 1.85427169
  2.74039683 1.35373462 1.87597926 1.10036872 2.47743767]]
Cv: [[0.         0.         0.         0.         0.         0.
  0.         0.         0.         0.        ]
 [2.2355276  2.26587306 1.2179824  1.91907979 2.93331806 1.15953435
  2.69164686 1.42303603 1.96938583 1.74388382]
 [2.1125203  1.67128083 1.93838963 1.2989193  1.20175416 2.22723226
  1.2385167  2.03624679 2.45253539 1.40581509]
 [1.24920628 1.89648588 2.34626699 2.39735162 1.98676209 1.90390156
  1.3910922  1.59843757 1.74902947 1.50057783]
 [1.15493344 1.26302992 2.95134563 2.5084221  2.20853825 1.31974721
  1.08920183 1.33315394 1.22569941 2.17372025]
 [2.86167053 1.11050941 2.19509061 2.09781776 1.16001976 2.82754016
  1.60066005 1.17044879 1.99239698 2.65378145]
 [1.85432498 1.4490128  2.84697386 2.50619122 1.99382571 2.55203795
  1.54690667 2.78179393 2.65430265 2.62646559]
 [1.07475591 2.12755558 1.03045195 1.96775726 1.29824401 2.19650713
  1.84265989 1.65704183 2.49093632 1.03461836]
 [1.6263765  1.48672661 2.93439333 1.74498515 1.45210479 2.08078381
  2.17073642 2.41278958 1.51041143 2.61951327]
 [1.91574633 1.16247422 1.33540018 2.93472725 2.43632076 2.03761956
  2.9254859  2.31067088 1.15772828 2.95467642]]
Rh: [[ 6.96684784  3.44177682  2.4555908   1.15572772 16.36785185 14.37435207
  16.15429666  4.04216249 11.16661321  5.87569923  3.83977702]
 [ 9.14130954  1.48987972  8.54212005  2.22586284  9.03098842  9.27840576
   6.59825434  1.98976298  4.21296712  1.15092326  1.474464  ]
 [ 3.50671081  7.71271598  2.61312538  3.33795184  6.75476299 11.80431442
   4.53197244 13.2575816   1.95327191 16.16649221  1.58912211]
 [ 8.04911797 17.22681982  2.64879275  1.33281174 18.21047752 16.47204856
   1.11793176  5.14948419  3.26783244  9.00591534 13.52032722]
 [ 2.79861815  9.0571033   5.64468711  2.73289755  7.5868079  13.80168088
   3.43624561  1.54581528 15.22141678  8.13621659  2.55322185]
 [ 6.81731367 11.3483514  16.46137574  3.57816594  1.49543725  4.4300665
   1.94820603  7.7079906   5.78846633  2.31307248  3.60541347]
 [ 6.64317973  2.48562046  1.26151813  1.47955213 18.71126697  1.63584753
  15.94541432 13.07054596 17.43615146  4.55176827  3.6009364 ]
 [ 3.38356493  7.11813732  1.93830919 17.60811882  3.75072656  3.55146725
  14.03288262  2.44747775  4.30133     3.38620342  1.41555321]
 [ 7.2375956  11.40078711  2.78026748  1.29921471  2.18042699 13.41651265
   2.86834473  4.76466828  2.0867684   2.24972856  7.30584912]
 [ 1.40107985  2.98779714  5.79307451  4.19123655  2.81395677  2.46084895
  15.81681248  2.35798322  1.35611957  3.36809058  5.11481112]]
Rv: [[ 1.86266172  8.2343263   5.2590172   3.24073421 17.5080378  10.57786255
   8.41259343  3.37501238  5.48523051  6.94846387]
 [ 3.11998464  8.22979549  3.64382071 12.2016959   4.64097503  1.19174768
   4.46012531  5.13180036  1.95337749  8.50639687]
 [ 4.73195758 13.31433969  8.66176652  3.21269882  7.6368304   2.80188073
  18.07631372  9.48554918  1.3109031   6.66937592]
 [17.10362961 15.52660815  3.53254604 13.3506459   7.90139555  2.89929778
   4.39850261  4.57369301  2.78192234  3.41998797]
 [ 5.32124737  2.39934309  6.43199252  4.09207607 11.6156438  10.12506602
  16.69093614 10.51034395 15.81175032  2.26950496]
 [ 5.41882081  5.88951298  2.61349483  4.02500236 13.37983164  4.15246823
   1.75869648  5.17703448  1.42721006  3.00434355]
 [ 7.04486994 10.23117425 18.86306883 14.44306452  9.2555541   1.30051281
   3.18608011  5.27086653  2.43320627  2.50745758]
 [ 2.98500637 15.1711306   2.14643428  1.17626899  7.94823776 13.69588274
   2.21847254  5.47914392 10.64258673  9.55032724]
 [ 2.53546391  1.84542342  7.42612513  1.66396569  1.69434394  9.87304673
  17.3429254   6.10377965  5.22804071  4.29824454]]