-------Running parameters--------
T = 0.001
temperature_gradient = 0.0
gap = 0.2
M = 10
N = 10
VR = 0.0
Vmin = 0.0
Vmax = 1.2
vStep = 0.001
vSym = True
repeats = 20
fileName = array_10_10_disorder_c_std_0.1_r_std_1_run_2
dist = exp
fullOutput = True
use_graph = False
current_map = True
plot_current_map = False
plot_binary_current_map = False
frame_norm = False
dbg = False
resume = False
sc = True
leaping = False
constQ = False
modifyR = False
double_time = False
double_loop = False
output_folder = bgu_2d_superconducting_array
params_path = 
VG_avg = 0.0
VG_std = 0.0
C_avg = 2.0
C_std = 0.1
CG_avg = 10.0
CG_std = 0.0
R_avg = 10.0
R_std = 1.0
custom_rh = ""
custom_rv = ""
custom_ch = ""
custom_cv = ""
RG_avg = 500.0
RG_std = 0.0
n0_avg = 0.0
n0_std = 0.0
Q0_avg = 0.0
Q0_std = 0.0
----Array Parameters-----
Rows: 10
Columns: 10
VG: [[0.]
 [0.]
 [0.]
 [0.]
 [0.]
 [0.]
 [0.]
 [0.]
 [0.]
 [0.]
 [0.]
 [0.]
 [0.]
 [0.]
 [0.]
 [0.]
 [0.]
 [0.]
 [0.]
 [0.]
 [0.]
 [0.]
 [0.]
 [0.]
 [0.]
 [0.]
 [0.]
 [0.]
 [0.]
 [0.]
 [0.]
 [0.]
 [0.]
 [0.]
 [0.]
 [0.]
 [0.]
 [0.]
 [0.]
 [0.]
 [0.]
 [0.]
 [0.]
 [0.]
 [0.]
 [0.]
 [0.]
 [0.]
 [0.]
 [0.]
 [0.]
 [0.]
 [0.]
 [0.]
 [0.]
 [0.]
 [0.]
 [0.]
 [0.]
 [0.]
 [0.]
 [0.]
 [0.]
 [0.]
 [0.]
 [0.]
 [0.]
 [0.]
 [0.]
 [0.]
 [0.]
 [0.]
 [0.]
 [0.]
 [0.]
 [0.]
 [0.]
 [0.]
 [0.]
 [0.]
 [0.]
 [0.]
 [0.]
 [0.]
 [0.]
 [0.]
 [0.]
 [0.]
 [0.]
 [0.]
 [0.]
 [0.]
 [0.]
 [0.]
 [0.]
 [0.]
 [0.]
 [0.]
 [0.]
 [0.]]
CG: [[10.]
 [10.]
 [10.]
 [10.]
 [10.]
 [10.]
 [10.]
 [10.]
 [10.]
 [10.]
 [10.]
 [10.]
 [10.]
 [10.]
 [10.]
 [10.]
 [10.]
 [10.]
 [10.]
 [10.]
 [10.]
 [10.]
 [10.]
 [10.]
 [10.]
 [10.]
 [10.]
 [10.]
 [10.]
 [10.]
 [10.]
 [10.]
 [10.]
 [10.]
 [10.]
 [10.]
 [10.]
 [10.]
 [10.]
 [10.]
 [10.]
 [10.]
 [10.]
 [10.]
 [10.]
 [10.]
 [10.]
 [10.]
 [10.]
 [10.]
 [10.]
 [10.]
 [10.]
 [10.]
 [10.]
 [10.]
 [10.]
 [10.]
 [10.]
 [10.]
 [10.]
 [10.]
 [10.]
 [10.]
 [10.]
 [10.]
 [10.]
 [10.]
 [10.]
 [10.]
 [10.]
 [10.]
 [10.]
 [10.]
 [10.]
 [10.]
 [10.]
 [10.]
 [10.]
 [10.]
 [10.]
 [10.]
 [10.]
 [10.]
 [10.]
 [10.]
 [10.]
 [10.]
 [10.]
 [10.]
 [10.]
 [10.]
 [10.]
 [10.]
 [10.]
 [10.]
 [10.]
 [10.]
 [10.]
 [10.]]
RG: [[500.]
 [500.]
 [500.]
 [500.]
 [500.]
 [500.]
 [500.]
 [500.]
 [500.]
 [500.]
 [500.]
 [500.]
 [500.]
 [500.]
 [500.]
 [500.]
 [500.]
 [500.]
 [500.]
 [500.]
 [500.]
 [500.]
 [500.]
 [500.]
 [500.]
 [500.]
 [500.]
 [500.]
 [500.]
 [500.]
 [500.]
 [500.]
 [500.]
 [500.]
 [500.]
 [500.]
 [500.]
 [500.]
 [500.]
 [500.]
 [500.]
 [500.]
 [500.]
 [500.]
 [500.]
 [500.]
 [500.]
 [500.]
 [500.]
 [500.]
 [500.]
 [500.]
 [500.]
 [500.]
 [500.]
 [500.]
 [500.]
 [500.]
 [500.]
 [500.]
 [500.]
 [500.]
 [500.]
 [500.]
 [500.]
 [500.]
 [500.]
 [500.]
 [500.]
 [500.]
 [500.]
 [500.]
 [500.]
 [500.]
 [500.]
 [500.]
 [500.]
 [500.]
 [500.]
 [500.]
 [500.]
 [500.]
 [500.]
 [500.]
 [500.]
 [500.]
 [500.]
 [500.]
 [500.]
 [500.]
 [500.]
 [500.]
 [500.]
 [500.]
 [500.]
 [500.]
 [500.]
 [500.]
 [500.]
 [500.]]
Ch: [[1.91071918 1.93185963 2.00009538 2.02058192 1.99101658 2.09482872
  2.08415757 1.92591752 1.99392821 1.93246471 2.00365257]
 [2.04465059 2.01642075 2.00514844 1.91432005 2.08327169 2.01509649
  2.02020518 1.9937505  1.96089428 2.02945937 2.00203929]
 [1.94484603 1.93377469 1.93279169 1.99674192 2.00622631 2.09276396
  1.99465141 1.94211701 1.91125779 1.91507722 2.01771563]
 [2.01452015 1.95812552 2.04912755 1.93131026 1.96785495 1.94767318
  1.92529247 2.01255853 2.05070036 1.91778995 2.08073916]
 [2.00529074 2.003503   1.97164626 2.03914531 1.95428027 1.99340483
  1.93412833 1.94192602 1.92420278 2.02908278 2.09696036]
 [1.90261417 2.07309273 1.95270184 1.98816049 2.09870231 1.96978669
  2.00001613 2.03635288 1.91849707 1.95840643 2.0926052 ]
 [2.09644841 2.02833706 1.97495802 2.06112617 1.91063647 1.94140272
  1.92966658 1.95752432 1.91357694 2.04987563 2.0557903 ]
 [1.9716432  1.97240497 1.98471841 2.07422555 1.97870193 2.07872742
  2.06695228 2.0930033  2.08877646 1.97047373 1.96064263]
 [2.04464448 2.0170722  2.00319853 1.90405854 1.98390766 1.92649624
  1.91149554 1.98436251 1.96866833 2.09447215 1.98319476]
 [2.08136437 2.09349836 1.97673728 1.94096231 2.06924946 1.936827
  2.07883043 2.03689801 2.05008406 1.91110333 2.07851478]]
Cv: [[0.         0.         0.         0.         0.         0.
  0.         0.         0.         0.        ]
 [1.98685641 1.96541185 1.98631071 2.07352832 2.02593884 1.91804682
  1.94735957 2.01852221 2.08796243 2.0102239 ]
 [1.95176238 2.05362776 1.97430257 1.92318709 1.97151852 2.07585928
  1.92599324 1.93799856 1.9931158  2.01900635]
 [1.90922869 1.92742714 1.96756365 1.92029258 1.98978915 1.99406725
  2.02470094 2.06141804 1.93342583 2.01468355]
 [2.0463819  1.9827685  1.92953167 2.00525874 2.0587458  2.07447309
  2.01870249 2.04723584 1.90324001 2.01494255]
 [2.01956848 1.98198751 2.01415509 2.09911861 2.05530319 2.04602122
  1.92233465 1.90617845 1.93511194 2.05926814]
 [2.06209073 1.96278725 1.95290963 2.08613582 2.01270357 2.05424866
  2.08197605 1.90234867 2.06303979 1.98151228]
 [2.04643242 1.99030924 2.09586167 1.94564998 1.95373622 1.91421201
  2.01405242 2.0532807  1.92267485 2.09009289]
 [1.99613545 1.97497923 1.92586186 2.00103418 2.0275296  1.91918428
  2.004587   1.98397763 2.00291592 1.93673597]
 [2.0277752  2.0836882  2.03473892 2.06275267 1.9886645  1.92470361
  2.08139083 1.91192401 2.08569051 1.96281016]]
Rh: [[10.72513575 10.34849245 10.00950376  9.97936376 10.37522261  9.85535956
   9.45612861  9.12678887  9.79808698 10.37401752  9.28645677]
 [10.66900278  9.7936403   9.38080066  9.20236856 10.17800669  9.27377283
  10.76067618 10.79177286 10.64427595 10.47894803  9.86541205]
 [10.01443761  9.09325268 10.53600882  9.30142313  9.35046445 10.49254141
   9.59936972  9.5709362  10.72370129  9.44559901  9.36547198]
 [10.05663307  9.58168633 10.90373802  9.21902341  9.24230196 10.85032142
  10.33993483  9.40917088 10.38316332 10.6440512   9.49932847]
 [10.10958846 10.2276264  10.05093002  9.17082623  9.07346605 10.93726389
  10.59629101  9.66716673 10.32272781 10.55561028 10.73444452]
 [10.04690598 10.9752481   9.70266904  9.14087906 10.72945206  9.26935972
  10.30276953 10.47291807  9.4631269   9.07446593 10.20959411]
 [10.24031339 10.86621072  9.87331569  9.02239584  9.11052191 10.57441726
   9.14323896 10.22405371 10.38501267 10.441508   10.35103615]
 [ 9.44652033  9.20039632 10.84542616 10.64513883 10.17062606 10.70701548
  10.53274259  9.15429536 10.67735539 10.06234972 10.9911945 ]
 [ 9.02033842  9.88482728  9.07840104 10.22765885 10.7015094   9.26143762
   9.25046287  9.16168933  9.4414948   9.5995512   9.83162119]
 [10.34880155  9.91235252 10.98545759 10.21764318 10.29630461 10.01762796
  10.01037119 10.46170044  9.22886441  9.20201105 10.80262027]]
Rv: [[ 9.49515622 10.0399534   9.81263629  9.09988634 10.59690409  9.8929884
   9.43338385 10.14349833  9.63952456  9.9588829 ]
 [ 9.85917825 10.89657557  9.20231242 10.28454682 10.85600709  9.0298672
   9.07879939  9.52059093 10.22798465  9.18833969]
 [ 9.74327323  9.49851893  9.63174979  9.5399807  10.78587921 10.35750275
   9.11978476  9.06179722 10.03853102 10.38929162]
 [ 9.81000058  9.36312669  9.5293452   9.87252517 10.59730582 10.09739505
   9.20939763  9.93336964 10.76799665  9.98484968]
 [10.50707531  9.86787999 10.24623205 10.91926581  9.91167904  9.21200645
   9.90099984  9.35196489 10.00800454  9.3723414 ]
 [10.40893282 10.41066178  9.22920844 10.9284716   9.0944374   9.88183171
   9.2463774  10.76643371  9.18507779 10.92124944]
 [ 9.83773632  9.37347117  9.06532097  9.77934977 10.82764532  9.7320976
   9.4088286   9.63850807  9.26892766 10.87740414]
 [10.74515014  9.44566734  9.77343763  9.2538362  10.99499282 10.59593254
  10.56556855 10.12586198 10.85429796 10.64499789]
 [10.14073214  9.6432602   9.5230098   9.08864761 10.47988543  9.33739739
  10.22843234  9.60090761 10.40148177 10.27363732]]