-------Running parameters--------
T = 0.001
temperature_gradient = 0.0
gap = 0.2
M = 10
N = 10
VR = 0.0
Vmin = 0.0
Vmax = 1.2
vStep = 0.001
vSym = True
repeats = 20
fileName = array_10_10_disorder_c_std_0_r_std_1_run_2
dist = exp
fullOutput = True
use_graph = False
current_map = True
plot_current_map = False
plot_binary_current_map = False
frame_norm = False
dbg = False
resume = False
sc = True
leaping = False
constQ = False
modifyR = False
double_time = False
double_loop = False
output_folder = bgu_2d_superconducting_array
params_path = 
VG_avg = 0.0
VG_std = 0.0
C_avg = 2.0
C_std = 0.0
CG_avg = 10.0
CG_std = 0.0
R_avg = 10.0
R_std = 1.0
custom_rh = ""
custom_rv = ""
custom_ch = ""
custom_cv = ""
RG_avg = 500.0
RG_std = 0.0
n0_avg = 0.0
n0_std = 0.0
Q0_avg = 0.0
Q0_std = 0.0
----Array Parameters-----
Rows: 10
Columns: 10
VG: [[0.]
 [0.]
 [0.]
 [0.]
 [0.]
 [0.]
 [0.]
 [0.]
 [0.]
 [0.]
 [0.]
 [0.]
 [0.]
 [0.]
 [0.]
 [0.]
 [0.]
 [0.]
 [0.]
 [0.]
 [0.]
 [0.]
 [0.]
 [0.]
 [0.]
 [0.]
 [0.]
 [0.]
 [0.]
 [0.]
 [0.]
 [0.]
 [0.]
 [0.]
 [0.]
 [0.]
 [0.]
 [0.]
 [0.]
 [0.]
 [0.]
 [0.]
 [0.]
 [0.]
 [0.]
 [0.]
 [0.]
 [0.]
 [0.]
 [0.]
 [0.]
 [0.]
 [0.]
 [0.]
 [0.]
 [0.]
 [0.]
 [0.]
 [0.]
 [0.]
 [0.]
 [0.]
 [0.]
 [0.]
 [0.]
 [0.]
 [0.]
 [0.]
 [0.]
 [0.]
 [0.]
 [0.]
 [0.]
 [0.]
 [0.]
 [0.]
 [0.]
 [0.]
 [0.]
 [0.]
 [0.]
 [0.]
 [0.]
 [0.]
 [0.]
 [0.]
 [0.]
 [0.]
 [0.]
 [0.]
 [0.]
 [0.]
 [0.]
 [0.]
 [0.]
 [0.]
 [0.]
 [0.]
 [0.]
 [0.]]
CG: [[10.]
 [10.]
 [10.]
 [10.]
 [10.]
 [10.]
 [10.]
 [10.]
 [10.]
 [10.]
 [10.]
 [10.]
 [10.]
 [10.]
 [10.]
 [10.]
 [10.]
 [10.]
 [10.]
 [10.]
 [10.]
 [10.]
 [10.]
 [10.]
 [10.]
 [10.]
 [10.]
 [10.]
 [10.]
 [10.]
 [10.]
 [10.]
 [10.]
 [10.]
 [10.]
 [10.]
 [10.]
 [10.]
 [10.]
 [10.]
 [10.]
 [10.]
 [10.]
 [10.]
 [10.]
 [10.]
 [10.]
 [10.]
 [10.]
 [10.]
 [10.]
 [10.]
 [10.]
 [10.]
 [10.]
 [10.]
 [10.]
 [10.]
 [10.]
 [10.]
 [10.]
 [10.]
 [10.]
 [10.]
 [10.]
 [10.]
 [10.]
 [10.]
 [10.]
 [10.]
 [10.]
 [10.]
 [10.]
 [10.]
 [10.]
 [10.]
 [10.]
 [10.]
 [10.]
 [10.]
 [10.]
 [10.]
 [10.]
 [10.]
 [10.]
 [10.]
 [10.]
 [10.]
 [10.]
 [10.]
 [10.]
 [10.]
 [10.]
 [10.]
 [10.]
 [10.]
 [10.]
 [10.]
 [10.]
 [10.]]
RG: [[500.]
 [500.]
 [500.]
 [500.]
 [500.]
 [500.]
 [500.]
 [500.]
 [500.]
 [500.]
 [500.]
 [500.]
 [500.]
 [500.]
 [500.]
 [500.]
 [500.]
 [500.]
 [500.]
 [500.]
 [500.]
 [500.]
 [500.]
 [500.]
 [500.]
 [500.]
 [500.]
 [500.]
 [500.]
 [500.]
 [500.]
 [500.]
 [500.]
 [500.]
 [500.]
 [500.]
 [500.]
 [500.]
 [500.]
 [500.]
 [500.]
 [500.]
 [500.]
 [500.]
 [500.]
 [500.]
 [500.]
 [500.]
 [500.]
 [500.]
 [500.]
 [500.]
 [500.]
 [500.]
 [500.]
 [500.]
 [500.]
 [500.]
 [500.]
 [500.]
 [500.]
 [500.]
 [500.]
 [500.]
 [500.]
 [500.]
 [500.]
 [500.]
 [500.]
 [500.]
 [500.]
 [500.]
 [500.]
 [500.]
 [500.]
 [500.]
 [500.]
 [500.]
 [500.]
 [500.]
 [500.]
 [500.]
 [500.]
 [500.]
 [500.]
 [500.]
 [500.]
 [500.]
 [500.]
 [500.]
 [500.]
 [500.]
 [500.]
 [500.]
 [500.]
 [500.]
 [500.]
 [500.]
 [500.]
 [500.]]
Ch: [[2. 2. 2. 2. 2. 2. 2. 2. 2. 2. 2.]
 [2. 2. 2. 2. 2. 2. 2. 2. 2. 2. 2.]
 [2. 2. 2. 2. 2. 2. 2. 2. 2. 2. 2.]
 [2. 2. 2. 2. 2. 2. 2. 2. 2. 2. 2.]
 [2. 2. 2. 2. 2. 2. 2. 2. 2. 2. 2.]
 [2. 2. 2. 2. 2. 2. 2. 2. 2. 2. 2.]
 [2. 2. 2. 2. 2. 2. 2. 2. 2. 2. 2.]
 [2. 2. 2. 2. 2. 2. 2. 2. 2. 2. 2.]
 [2. 2. 2. 2. 2. 2. 2. 2. 2. 2. 2.]
 [2. 2. 2. 2. 2. 2. 2. 2. 2. 2. 2.]]
Cv: [[0. 0. 0. 0. 0. 0. 0. 0. 0. 0.]
 [2. 2. 2. 2. 2. 2. 2. 2. 2. 2.]
 [2. 2. 2. 2. 2. 2. 2. 2. 2. 2.]
 [2. 2. 2. 2. 2. 2. 2. 2. 2. 2.]
 [2. 2. 2. 2. 2. 2. 2. 2. 2. 2.]
 [2. 2. 2. 2. 2. 2. 2. 2. 2. 2.]
 [2. 2. 2. 2. 2. 2. 2. 2. 2. 2.]
 [2. 2. 2. 2. 2. 2. 2. 2. 2. 2.]
 [2. 2. 2. 2. 2. 2. 2. 2. 2. 2.]
 [2. 2. 2. 2. 2. 2. 2. 2. 2. 2.]]
Rh: [[10.3142283   9.10212235  9.9914908   9.31748516 10.02563255  9.26766436
   9.0812567   9.03504853 10.71239531  9.29776734  9.09608005]
 [10.97785242 10.09088558 10.15912244  9.64748414 10.15543956 10.66237739
  10.55997168  9.26916478 10.87340298  9.64320179 10.54680106]
 [10.16762522  9.43784642  9.71033891  9.76600775  9.06808932  9.92025456
  10.69374568 10.45272818  9.81995016  9.84972603 10.06371003]
 [ 9.94546718 10.58406515 10.61396818 10.22915073 10.08024095  9.52622704
  10.96714246 10.13140394  9.31078421  9.35625827 10.71992093]
 [ 9.91569449  9.11570239  9.16035134 10.3228875   9.91198613  9.4822404
  10.02120136 10.42726407 10.91311861  9.80302251 10.35733683]
 [10.38063859  9.23646174  9.48739817  9.42684834 10.7627181   9.11726905
   9.62821408  9.47251178  9.26470047  9.42782127 10.4477154 ]
 [10.87477233  9.77405808  9.02207109  9.55856832  9.06866219  9.9051172
   9.66425973 10.18459225 10.85248191  9.2409573  10.13779717]
 [10.5673251  10.5163308   9.02007879  9.8783726   9.33434734  9.4331593
   9.23929003  9.16778199  9.32730465 10.70119331 10.53123857]
 [10.72797373 10.63491854  9.15056307 10.70367538 10.7516549   9.89744134
  10.1291644  10.63263828 10.22886783  9.27100961 10.04700323]
 [ 9.70851447 10.24755195 10.11285979 10.31762882  9.7730355  10.72224977
  10.27917348 10.44720244 10.83837362  9.20028692  9.20762925]]
Rv: [[10.96152211 10.44453314  9.85621507 10.34658041 10.87118248 10.89788227
   9.3220366  10.80678259  9.26228642 10.99771243]
 [ 9.16110407  9.90759573  9.68882784 10.07776236 10.14090407 10.44154254
  10.03182099  9.48184535 10.82443468  9.68696832]
 [ 9.74201552  9.91618438  9.76766861  9.86155606  9.86568786 10.77530837
  10.27426714 10.3045449   9.27276214 10.94783448]
 [10.30096689  9.29741811  9.64836946 10.87764902  9.10006418  9.10320521
   9.46317164  9.3143109   9.61914271  9.18229162]
 [10.20736671  9.50199265 10.61559694 10.31253641 10.29470345 10.82597289
  10.9679913  10.11257824  9.62304108 10.4128137 ]
 [10.48698493 10.30914246  9.57381978  9.90681353  9.92765069 10.62907493
  10.34017934 10.09391263 10.36127446  9.20203098]
 [10.63090699 10.8714227   9.51237498  9.24416932  9.18255608  9.58313073
   9.90608511 10.44318773 10.75917722  9.46913931]
 [10.33582379  9.96373227  9.60233624 10.61599533 10.97930618 10.01603444
  10.24916044  9.20179024  9.52122113 10.09167923]
 [ 9.08089252  9.1127678   9.22658719  9.04173791 10.45642599  9.53432083
  10.41330484  9.31983545 10.06454136  9.86883016]]