-------Running parameters--------
T = 0.001
temperature_gradient = 0.0
gap = 0.2
M = 10
N = 10
VR = 0.0
Vmin = 0.0
Vmax = 1.2
vStep = 0.001
vSym = True
repeats = 20
fileName = array_10_10_disorder_c_std_0.1_r_std_1_run_4
dist = exp
fullOutput = True
use_graph = False
current_map = True
plot_current_map = False
plot_binary_current_map = False
frame_norm = False
dbg = False
resume = False
sc = True
leaping = False
constQ = False
modifyR = False
double_time = False
double_loop = False
output_folder = bgu_2d_superconducting_array
params_path = 
VG_avg = 0.0
VG_std = 0.0
C_avg = 2.0
C_std = 0.1
CG_avg = 10.0
CG_std = 0.0
R_avg = 10.0
R_std = 1.0
custom_rh = ""
custom_rv = ""
custom_ch = ""
custom_cv = ""
RG_avg = 500.0
RG_std = 0.0
n0_avg = 0.0
n0_std = 0.0
Q0_avg = 0.0
Q0_std = 0.0
----Array Parameters-----
Rows: 10
Columns: 10
VG: [[0.]
 [0.]
 [0.]
 [0.]
 [0.]
 [0.]
 [0.]
 [0.]
 [0.]
 [0.]
 [0.]
 [0.]
 [0.]
 [0.]
 [0.]
 [0.]
 [0.]
 [0.]
 [0.]
 [0.]
 [0.]
 [0.]
 [0.]
 [0.]
 [0.]
 [0.]
 [0.]
 [0.]
 [0.]
 [0.]
 [0.]
 [0.]
 [0.]
 [0.]
 [0.]
 [0.]
 [0.]
 [0.]
 [0.]
 [0.]
 [0.]
 [0.]
 [0.]
 [0.]
 [0.]
 [0.]
 [0.]
 [0.]
 [0.]
 [0.]
 [0.]
 [0.]
 [0.]
 [0.]
 [0.]
 [0.]
 [0.]
 [0.]
 [0.]
 [0.]
 [0.]
 [0.]
 [0.]
 [0.]
 [0.]
 [0.]
 [0.]
 [0.]
 [0.]
 [0.]
 [0.]
 [0.]
 [0.]
 [0.]
 [0.]
 [0.]
 [0.]
 [0.]
 [0.]
 [0.]
 [0.]
 [0.]
 [0.]
 [0.]
 [0.]
 [0.]
 [0.]
 [0.]
 [0.]
 [0.]
 [0.]
 [0.]
 [0.]
 [0.]
 [0.]
 [0.]
 [0.]
 [0.]
 [0.]
 [0.]]
CG: [[10.]
 [10.]
 [10.]
 [10.]
 [10.]
 [10.]
 [10.]
 [10.]
 [10.]
 [10.]
 [10.]
 [10.]
 [10.]
 [10.]
 [10.]
 [10.]
 [10.]
 [10.]
 [10.]
 [10.]
 [10.]
 [10.]
 [10.]
 [10.]
 [10.]
 [10.]
 [10.]
 [10.]
 [10.]
 [10.]
 [10.]
 [10.]
 [10.]
 [10.]
 [10.]
 [10.]
 [10.]
 [10.]
 [10.]
 [10.]
 [10.]
 [10.]
 [10.]
 [10.]
 [10.]
 [10.]
 [10.]
 [10.]
 [10.]
 [10.]
 [10.]
 [10.]
 [10.]
 [10.]
 [10.]
 [10.]
 [10.]
 [10.]
 [10.]
 [10.]
 [10.]
 [10.]
 [10.]
 [10.]
 [10.]
 [10.]
 [10.]
 [10.]
 [10.]
 [10.]
 [10.]
 [10.]
 [10.]
 [10.]
 [10.]
 [10.]
 [10.]
 [10.]
 [10.]
 [10.]
 [10.]
 [10.]
 [10.]
 [10.]
 [10.]
 [10.]
 [10.]
 [10.]
 [10.]
 [10.]
 [10.]
 [10.]
 [10.]
 [10.]
 [10.]
 [10.]
 [10.]
 [10.]
 [10.]
 [10.]]
RG: [[500.]
 [500.]
 [500.]
 [500.]
 [500.]
 [500.]
 [500.]
 [500.]
 [500.]
 [500.]
 [500.]
 [500.]
 [500.]
 [500.]
 [500.]
 [500.]
 [500.]
 [500.]
 [500.]
 [500.]
 [500.]
 [500.]
 [500.]
 [500.]
 [500.]
 [500.]
 [500.]
 [500.]
 [500.]
 [500.]
 [500.]
 [500.]
 [500.]
 [500.]
 [500.]
 [500.]
 [500.]
 [500.]
 [500.]
 [500.]
 [500.]
 [500.]
 [500.]
 [500.]
 [500.]
 [500.]
 [500.]
 [500.]
 [500.]
 [500.]
 [500.]
 [500.]
 [500.]
 [500.]
 [500.]
 [500.]
 [500.]
 [500.]
 [500.]
 [500.]
 [500.]
 [500.]
 [500.]
 [500.]
 [500.]
 [500.]
 [500.]
 [500.]
 [500.]
 [500.]
 [500.]
 [500.]
 [500.]
 [500.]
 [500.]
 [500.]
 [500.]
 [500.]
 [500.]
 [500.]
 [500.]
 [500.]
 [500.]
 [500.]
 [500.]
 [500.]
 [500.]
 [500.]
 [500.]
 [500.]
 [500.]
 [500.]
 [500.]
 [500.]
 [500.]
 [500.]
 [500.]
 [500.]
 [500.]
 [500.]]
Ch: [[2.07272424 1.90603921 1.98414869 1.93991289 1.96247505 2.06566666
  1.94133479 1.9715485  1.91983929 1.95280582 1.99579049]
 [1.98685022 2.06919788 2.05715692 2.07807802 2.06840267 2.03821898
  2.02960264 1.96383164 1.93825735 2.02056799 1.93458122]
 [1.92537517 1.93368979 1.9052182  2.02710842 1.92618802 2.00050015
  1.94814911 1.98756027 1.97137064 2.07140782 1.96201318]
 [1.95008064 1.90168017 1.9989641  1.96946714 2.0332907  2.03783364
  1.91999505 2.05364849 2.03659931 2.0125133  1.96178074]
 [2.05432912 1.93476518 2.09552144 1.92884675 2.03647782 2.0346132
  1.94152172 1.93482615 2.04403481 1.9064276  2.00651699]
 [1.93473274 1.92840936 1.96012186 1.90418701 1.92404589 1.90286365
  1.93430477 2.09307975 1.9373995  2.0055722  2.06251692]
 [1.97055072 1.90486456 1.97928515 1.97667327 2.0339958  2.04773943
  2.01537192 1.92920277 1.94310441 2.04904163 1.96413352]
 [2.03619937 2.06362257 2.06312782 1.94934099 1.99089303 2.08971374
  2.06833727 2.00774859 2.03227838 1.96338762 2.04488881]
 [2.0647703  2.00527694 1.90385631 1.9503525  1.97736728 2.04545078
  2.0401677  1.97124226 1.97294148 2.00710274 2.01438328]
 [1.97136075 2.06545254 2.00799382 2.00428426 1.9934614  1.94968131
  1.96474646 2.09392224 1.95830182 2.08155238 1.92552491]]
Cv: [[0.         0.         0.         0.         0.         0.
  0.         0.         0.         0.        ]
 [1.9693892  1.99834813 2.03847564 1.97377503 2.05324479 2.07967722
  2.03947249 2.0911534  2.02853951 2.06405912]
 [1.939923   2.09413529 2.00698691 1.96437517 2.00293579 1.9509972
  1.9221683  2.00294286 1.98600315 1.9038408 ]
 [2.03755328 2.080276   1.95786865 1.93366194 1.92408462 2.00503941
  2.0525211  2.08766581 2.05470511 1.96752951]
 [1.91953303 1.97919594 2.01271486 2.03560248 1.93154539 1.9367016
  1.94991491 1.91899672 1.9193929  2.06444519]
 [2.09729343 2.04979826 1.94577602 1.94853677 2.03479054 1.93435607
  1.96142153 1.98543429 2.0440734  2.0383038 ]
 [1.94342152 2.01009634 2.02514175 1.92665532 1.90844622 1.94982191
  1.96285794 2.07588546 1.91824293 2.08807652]
 [1.93646426 2.01558871 1.99288555 2.07236099 2.05920673 1.91281215
  1.95254889 2.03158942 1.99677691 2.03891906]
 [2.02530535 2.00474072 1.92541265 2.04987666 2.06878895 1.98057695
  1.94691915 2.03743878 1.99121875 2.01163049]
 [1.93850751 2.05821476 2.01385691 1.9549013  2.09191466 1.90125991
  1.96458322 2.06979484 2.08933101 1.95138429]]
Rh: [[10.18134073  9.77367986  9.76066527  9.1792914  10.27204605  9.49336493
  10.53353888 10.06341775 10.41626302 10.06682024  9.98349095]
 [ 9.09872987  9.82035491 10.03591867 10.57853957  9.87659492 10.75347344
   9.40112464 10.49123525 10.24604965 10.11545445  9.41961199]
 [ 9.45412186  9.97442962 10.56854707  9.68688196  9.6381224  10.038893
  10.93217069  9.11249299  9.89078251  9.95951862  9.79576932]
 [10.0944333  10.07657825  9.45205756 10.92378795  9.77322771  9.83917456
  10.61147042 10.73849361  9.04327602 10.12649524 10.01478919]
 [ 9.45355392 10.70609125 10.62242088 10.55671694  9.84901391 10.83643958
  10.70607906 10.43079213  9.54515821  9.09680496 10.5805855 ]
 [10.533077    9.99735934  9.67961828 10.60601497 10.82121739 10.25031213
  10.0609708   9.08016745  9.4300432   9.13404982  9.94768373]
 [10.10857813  9.34395584 10.1696226  10.91068927  9.36309547  9.44251402
  10.06387588 10.26386268  9.48201742  9.04099796 10.72519058]
 [10.55576293 10.15565966 10.03421886  9.69886851 10.36522434  9.9681101
  10.66208988 10.6982146   9.16309271  9.37113796  9.47238725]
 [ 9.42606155  9.00409741  9.0423575  10.62377743 10.09818345 10.76196936
   9.33488411  9.92361911  9.03739531  9.08610215 10.79967943]
 [ 9.2110874  10.60361215  9.68697037  9.52672093 10.24106241  9.61455095
   9.43317485 10.31679837 10.68278102 10.66737416 10.32248043]]
Rv: [[ 9.83407318  9.33138926  9.97706987 10.7209645   9.3150133  10.42932283
  10.07886754  9.42790629  9.34301367 10.23863944]
 [ 9.2746836  10.15345897  9.44124433  9.76328244  9.68487194  9.02396246
  10.43964246 10.75621774  9.22895974  9.14475194]
 [10.36635189  9.10688041  9.6234139  10.00347907  9.36486485 10.8959196
   9.585973   10.59687973 10.50691258 10.29154497]
 [ 9.54998098  9.17671387  9.42712216 10.10769217 10.52281035 10.81183012
  10.80172195 10.82244201  9.22698484  9.43999164]
 [10.28078558 10.89568786  9.09366652 10.06136012  9.47053019 10.98259252
   9.03775656  9.74414303  9.03980448  9.65777702]
 [ 9.1247894   9.18978253  9.25657281 10.27176535 10.15111654  9.23545856
   9.10857036 10.83193235 10.09748211 10.2579888 ]
 [ 9.95612521 10.34967939  9.11448225  9.60645387 10.5632631   9.54947145
  10.16917452  9.2971149   9.7871728  10.85428393]
 [ 9.80035869 10.51367478 10.80846463 10.6297823  10.08191613  9.81469151
  10.57601828  9.11436715 10.20278418  9.46840648]
 [ 9.37650417  9.91446458  9.53887151  9.60511772  9.31890297  9.47686835
  10.24655381  9.04649339 10.76754544 10.5051785 ]]