-------Running parameters--------
M = 5
N = 5
VR = 0.0
Vmin = 0.0
Vmax = 2.0
vStep = 0.01
repeats = 20
fileName = exp_disorder_5_5
dist = exp
fullOutput = False
use_graph = False
current_map = True
plot_current_map = False
dbg = False
output_folder = 2D_square_arrays_with_current_map_big_cg
VG_avg = 0.0
VG_std = 0.0
C_avg = 1.0
C_std = 0.0
CG_avg = 1000.0
CG_std = 0.0
R_avg = 10.0
R_std = 9.0
custom_rh = ""
custom_rv = ""
RG_avg = 1000.0
RG_std = 0.0
n0_avg = 0.0
n0_std = 0.0
Q0_avg = 0.0
Q0_std = 0.0
----Array Parameters-----
Rows: 5
Columns: 5
VG: [[0. 0. 0. 0. 0.]
 [0. 0. 0. 0. 0.]
 [0. 0. 0. 0. 0.]
 [0. 0. 0. 0. 0.]
 [0. 0. 0. 0. 0.]]
CG: [[1000. 1000. 1000. 1000. 1000.]
 [1000. 1000. 1000. 1000. 1000.]
 [1000. 1000. 1000. 1000. 1000.]
 [1000. 1000. 1000. 1000. 1000.]
 [1000. 1000. 1000. 1000. 1000.]]
RG: [[1000. 1000. 1000. 1000. 1000.]
 [1000. 1000. 1000. 1000. 1000.]
 [1000. 1000. 1000. 1000. 1000.]
 [1000. 1000. 1000. 1000. 1000.]
 [1000. 1000. 1000. 1000. 1000.]]
Ch: [[1. 1. 1. 1. 1. 1.]
 [1. 1. 1. 1. 1. 1.]
 [1. 1. 1. 1. 1. 1.]
 [1. 1. 1. 1. 1. 1.]
 [1. 1. 1. 1. 1. 1.]]
Cv: [[0. 0. 0. 0. 0.]
 [1. 1. 1. 1. 1.]
 [1. 1. 1. 1. 1.]
 [1. 1. 1. 1. 1.]
 [1. 1. 1. 1. 1.]]
Rh: [[ 3.05804842  6.77025979  7.82500447 16.68096676  1.11776853  3.25910481]
 [ 2.58892217  4.588951    2.21062582 17.14402131  2.52084198  4.11030679]
 [ 1.22179598 15.85643614  7.06294748  7.84369945  2.80346932  1.77039711]
 [ 5.53382873 11.57723782  8.43171741  3.17038193  7.12177165 13.13024662]
 [ 2.03255512  2.85252494 11.49487208 15.35422693 13.36701124  4.25572928]]
Rv: [[ 3.06867473 18.21494388  2.13972374  2.17150213  3.68742664]
 [13.6938097   3.11421232  8.20317904  7.3310879   2.63333963]
 [13.90724818  3.52136981  7.05596189  2.07729578  1.8221666 ]
 [15.6020133   8.0820421   8.66701299 11.37782815  1.06678257]]