-------Running parameters--------
T = 0.01
gap = 0
M = 10
N = 10
VR = 0.0
Vmin = 0.0
Vmax = 5.0
vStep = 0.1
vSym = True
repeats = 20
fileName = array_10_10
dist = exp
fullOutput = False
use_graph = False
current_map = True
plot_current_map = False
dbg = False
resume = False
sc = False
leaping = False
output_folder = big_array
VG_avg = 0.0
VG_std = 0.0
C_avg = 1.0
C_std = 0.5
CG_avg = 10.0
CG_std = 0.0
R_avg = 10.0
R_std = 9.0
custom_rh = ""
custom_rv = ""
custom_ch = 
custom_cv = 
RG_avg = 1000.0
RG_std = 0.0
n0_avg = 0.0
n0_std = 0.0
Q0_avg = 0.0
Q0_std = 0.0
----Array Parameters-----
Rows: 10
Columns: 10
VG: [[0.]
 [0.]
 [0.]
 [0.]
 [0.]
 [0.]
 [0.]
 [0.]
 [0.]
 [0.]
 [0.]
 [0.]
 [0.]
 [0.]
 [0.]
 [0.]
 [0.]
 [0.]
 [0.]
 [0.]
 [0.]
 [0.]
 [0.]
 [0.]
 [0.]
 [0.]
 [0.]
 [0.]
 [0.]
 [0.]
 [0.]
 [0.]
 [0.]
 [0.]
 [0.]
 [0.]
 [0.]
 [0.]
 [0.]
 [0.]
 [0.]
 [0.]
 [0.]
 [0.]
 [0.]
 [0.]
 [0.]
 [0.]
 [0.]
 [0.]
 [0.]
 [0.]
 [0.]
 [0.]
 [0.]
 [0.]
 [0.]
 [0.]
 [0.]
 [0.]
 [0.]
 [0.]
 [0.]
 [0.]
 [0.]
 [0.]
 [0.]
 [0.]
 [0.]
 [0.]
 [0.]
 [0.]
 [0.]
 [0.]
 [0.]
 [0.]
 [0.]
 [0.]
 [0.]
 [0.]
 [0.]
 [0.]
 [0.]
 [0.]
 [0.]
 [0.]
 [0.]
 [0.]
 [0.]
 [0.]
 [0.]
 [0.]
 [0.]
 [0.]
 [0.]
 [0.]
 [0.]
 [0.]
 [0.]
 [0.]]
CG: [[10. 10. 10. 10. 10. 10. 10. 10. 10. 10.]
 [10. 10. 10. 10. 10. 10. 10. 10. 10. 10.]
 [10. 10. 10. 10. 10. 10. 10. 10. 10. 10.]
 [10. 10. 10. 10. 10. 10. 10. 10. 10. 10.]
 [10. 10. 10. 10. 10. 10. 10. 10. 10. 10.]
 [10. 10. 10. 10. 10. 10. 10. 10. 10. 10.]
 [10. 10. 10. 10. 10. 10. 10. 10. 10. 10.]
 [10. 10. 10. 10. 10. 10. 10. 10. 10. 10.]
 [10. 10. 10. 10. 10. 10. 10. 10. 10. 10.]
 [10. 10. 10. 10. 10. 10. 10. 10. 10. 10.]]
RG: [[1000.]
 [1000.]
 [1000.]
 [1000.]
 [1000.]
 [1000.]
 [1000.]
 [1000.]
 [1000.]
 [1000.]
 [1000.]
 [1000.]
 [1000.]
 [1000.]
 [1000.]
 [1000.]
 [1000.]
 [1000.]
 [1000.]
 [1000.]
 [1000.]
 [1000.]
 [1000.]
 [1000.]
 [1000.]
 [1000.]
 [1000.]
 [1000.]
 [1000.]
 [1000.]
 [1000.]
 [1000.]
 [1000.]
 [1000.]
 [1000.]
 [1000.]
 [1000.]
 [1000.]
 [1000.]
 [1000.]
 [1000.]
 [1000.]
 [1000.]
 [1000.]
 [1000.]
 [1000.]
 [1000.]
 [1000.]
 [1000.]
 [1000.]
 [1000.]
 [1000.]
 [1000.]
 [1000.]
 [1000.]
 [1000.]
 [1000.]
 [1000.]
 [1000.]
 [1000.]
 [1000.]
 [1000.]
 [1000.]
 [1000.]
 [1000.]
 [1000.]
 [1000.]
 [1000.]
 [1000.]
 [1000.]
 [1000.]
 [1000.]
 [1000.]
 [1000.]
 [1000.]
 [1000.]
 [1000.]
 [1000.]
 [1000.]
 [1000.]
 [1000.]
 [1000.]
 [1000.]
 [1000.]
 [1000.]
 [1000.]
 [1000.]
 [1000.]
 [1000.]
 [1000.]
 [1000.]
 [1000.]
 [1000.]
 [1000.]
 [1000.]
 [1000.]
 [1000.]
 [1000.]
 [1000.]
 [1000.]]
Ch: [[1.16197753 0.62168908 0.66608517 0.59863945 0.59978392 0.50939553
  1.09514644 0.9051163  1.3009873  1.26397217 0.93425048]
 [0.95787394 1.005535   0.73842683 0.98805413 1.21662707 0.67810756
  0.73557665 0.59744524 0.72662397 0.71739607 0.54809609]
 [0.52460808 1.47096047 1.00462561 0.78981468 0.77650612 1.31235425
  0.55168896 0.50862694 1.13240299 0.93424193 1.43797861]
 [1.05470278 0.51395166 0.5494946  0.8437182  1.38455976 0.89713858
  0.87120995 0.5669458  1.02389932 1.0993744  1.19515375]
 [0.72185567 0.99530935 0.59760894 0.59088174 0.72437816 0.69164861
  0.51335524 0.77301923 0.99857176 0.87713013 1.15414269]
 [0.84260436 1.23288695 1.29607793 0.57761904 0.79907849 1.33441944
  1.41570322 1.32657825 0.78752434 0.89341136 1.44682629]
 [0.59115902 1.04602336 0.76322105 0.85513604 1.37393721 0.71132735
  0.68828999 0.64768575 0.83136086 0.64231335 0.66508055]
 [0.95737668 1.03246115 0.84862761 1.09437968 0.65126577 1.40969602
  0.88169313 0.74334402 0.57397805 1.46983313 0.74359241]
 [1.20099296 0.59877952 0.97189873 0.68115592 0.69274588 1.45035764
  0.76776266 1.0727214  1.39644955 0.54431947 0.8407084 ]
 [0.91718399 1.34379631 0.83256146 0.94825143 0.56854628 0.95162268
  0.89745667 0.51647244 1.27957493 0.56314313 0.60020577]]
Cv: [[0.         0.         0.         0.         0.         0.
  0.         0.         0.         0.        ]
 [0.56480332 0.58090704 0.87618424 1.1465312  0.98731031 0.78355548
  0.65449802 0.84860302 0.79313269 1.14420832]
 [0.81805732 0.67559023 1.19652733 0.53125711 1.2751715  1.4218964
  1.10362697 0.50036092 0.91989934 1.26866535]
 [0.60704151 0.76477793 0.56872259 0.61314256 0.5708483  1.45611433
  0.6092684  0.60550159 0.50430868 0.69432984]
 [1.22428584 1.44093229 0.53595321 0.58204979 0.91331613 1.06366397
  1.32036403 0.81790534 1.1502682  0.64002174]
 [0.91990386 1.09894883 1.17425968 0.59335741 0.50255652 1.15482092
  0.79334727 1.01411101 0.57180645 0.57852229]
 [0.92856472 0.83353364 0.68400698 1.11797975 0.9795053  1.20496785
  0.62954131 0.91566505 1.33081819 0.70183807]
 [1.2304938  0.50336061 0.54913084 0.83100848 0.76117089 1.03527734
  1.34491662 0.84199839 1.31504707 0.71156313]
 [0.5028693  0.51614539 0.6756646  1.45110155 0.78669894 0.52694678
  0.68528007 0.78037446 0.82153563 0.71916322]
 [1.15858918 0.73977119 0.64628313 0.85353994 0.54779759 1.49398667
  0.60372868 1.44077369 0.72393587 1.06673261]]
Rh: [[10.56158828 18.10692435  3.46559554  4.71001156 13.22497826  5.60550422
  11.44452837  1.44638113  2.75571462  4.12790256  9.61532834]
 [ 1.39658333  1.63720713  3.91489905  4.16608551 18.0590497   2.62532095
   4.69734898  2.4266674  16.74463692  2.81984492 10.20088145]
 [ 1.76057143  1.27903035  7.10804504  1.3505947  11.28865058  2.15676645
  10.1534799   4.91324079  2.1610101   4.39211996  1.74765732]
 [ 1.86235627 15.64855097  2.71282008  1.669559    1.86080589 13.64827675
   6.92693741  5.13553261  9.17085441  6.56864686 13.3892988 ]
 [ 9.28681958  3.55668003  5.3159293   9.15708778  6.48446398 14.22971528
   4.75166968  6.6433453   1.42706674  1.41577583  7.43603652]
 [ 1.70272523 13.10375196 15.76706716  1.67449082  7.15395181  1.46827064
   2.08334481  1.19398705  1.03846127  3.76446502  1.70706772]
 [15.61335376  1.2176866   7.57164787  7.59916675 18.73450259  4.53313058
   7.33790008  9.29727183  1.77622982 18.26944049  1.84965999]
 [16.542248    2.85754271  2.29145089 16.01283639  2.44758864  7.41971213
   4.92442485  7.26616895  1.92219352  6.43243787 12.09132256]
 [18.24794041  7.50547067  8.32244117  3.31956823  5.44308683  2.67705623
   5.11274708  1.21444771 13.3744559   4.68390027  3.98890878]
 [ 2.22795415 14.39305731 16.90262094 14.31890795 16.83149742  7.261229
  10.3536852  13.15535726 10.28026162  1.00775802  2.35103546]]
Rv: [[ 4.34815111  3.46267291  1.96434869  8.7505713   6.660684   18.72273833
  15.59924223 16.3386738   1.27168621  2.26376161]
 [ 1.75719754  7.6763694   1.56835215  4.80284017  1.05097765 12.13524796
   2.78891633  1.66753074  2.81354419  9.94126758]
 [ 3.30627803  1.33307028  2.52322334  1.09577086  1.64379808  3.26027231
  16.52940312  6.37410117  5.77663868  1.12386471]
 [ 1.42950593  1.6632074  16.39137911  7.5831211   1.5895461   3.43058218
  13.71320085  3.14602705  6.55716238  4.90786989]
 [ 2.48554093  1.82436932  1.4195445   3.01601127  3.29384292  1.18216565
  12.72796327  1.40324058  1.75565169  3.07951788]
 [ 4.82408115  4.04843803 11.35789432  1.02992208  2.30374225  3.03855046
  12.49462953  8.76799847  3.55665315  5.16919   ]
 [18.19166582 15.20076616  1.90740594  7.74365005  5.46042686 14.73850695
   5.37604271  1.03732577  7.27745927 13.52833915]
 [ 9.88906595  1.67101049 13.42437751  2.2948961   1.75598058  2.67050427
   6.38876415  9.06865971  4.2345192   4.65722259]
 [ 3.44802478  9.38433654  4.30760374  7.36532176  2.17817377  5.40716103
   4.5959984   1.37537362 12.88551157 17.46667957]]