-------Running parameters--------
T = 0.01
gap = 0
M = 10
N = 10
VR = 0.0
Vmin = 0.0
Vmax = 5.0
vStep = 0.1
vSym = True
repeats = 20
fileName = array_10_10_tau_leaping
dist = exp
fullOutput = False
use_graph = False
current_map = True
plot_current_map = False
dbg = False
resume = False
sc = False
leaping = True
output_folder = big_array
VG_avg = 0.0
VG_std = 0.0
C_avg = 1.0
C_std = 0.5
CG_avg = 10.0
CG_std = 0.0
R_avg = 10.0
R_std = 9.0
custom_rh = ""
custom_rv = ""
custom_ch = 
custom_cv = 
RG_avg = 1000.0
RG_std = 0.0
n0_avg = 0.0
n0_std = 0.0
Q0_avg = 0.0
Q0_std = 0.0
----Array Parameters-----
Rows: 10
Columns: 10
VG: [[0.]
 [0.]
 [0.]
 [0.]
 [0.]
 [0.]
 [0.]
 [0.]
 [0.]
 [0.]
 [0.]
 [0.]
 [0.]
 [0.]
 [0.]
 [0.]
 [0.]
 [0.]
 [0.]
 [0.]
 [0.]
 [0.]
 [0.]
 [0.]
 [0.]
 [0.]
 [0.]
 [0.]
 [0.]
 [0.]
 [0.]
 [0.]
 [0.]
 [0.]
 [0.]
 [0.]
 [0.]
 [0.]
 [0.]
 [0.]
 [0.]
 [0.]
 [0.]
 [0.]
 [0.]
 [0.]
 [0.]
 [0.]
 [0.]
 [0.]
 [0.]
 [0.]
 [0.]
 [0.]
 [0.]
 [0.]
 [0.]
 [0.]
 [0.]
 [0.]
 [0.]
 [0.]
 [0.]
 [0.]
 [0.]
 [0.]
 [0.]
 [0.]
 [0.]
 [0.]
 [0.]
 [0.]
 [0.]
 [0.]
 [0.]
 [0.]
 [0.]
 [0.]
 [0.]
 [0.]
 [0.]
 [0.]
 [0.]
 [0.]
 [0.]
 [0.]
 [0.]
 [0.]
 [0.]
 [0.]
 [0.]
 [0.]
 [0.]
 [0.]
 [0.]
 [0.]
 [0.]
 [0.]
 [0.]
 [0.]]
CG: [[10. 10. 10. 10. 10. 10. 10. 10. 10. 10.]
 [10. 10. 10. 10. 10. 10. 10. 10. 10. 10.]
 [10. 10. 10. 10. 10. 10. 10. 10. 10. 10.]
 [10. 10. 10. 10. 10. 10. 10. 10. 10. 10.]
 [10. 10. 10. 10. 10. 10. 10. 10. 10. 10.]
 [10. 10. 10. 10. 10. 10. 10. 10. 10. 10.]
 [10. 10. 10. 10. 10. 10. 10. 10. 10. 10.]
 [10. 10. 10. 10. 10. 10. 10. 10. 10. 10.]
 [10. 10. 10. 10. 10. 10. 10. 10. 10. 10.]
 [10. 10. 10. 10. 10. 10. 10. 10. 10. 10.]]
RG: [[1000.]
 [1000.]
 [1000.]
 [1000.]
 [1000.]
 [1000.]
 [1000.]
 [1000.]
 [1000.]
 [1000.]
 [1000.]
 [1000.]
 [1000.]
 [1000.]
 [1000.]
 [1000.]
 [1000.]
 [1000.]
 [1000.]
 [1000.]
 [1000.]
 [1000.]
 [1000.]
 [1000.]
 [1000.]
 [1000.]
 [1000.]
 [1000.]
 [1000.]
 [1000.]
 [1000.]
 [1000.]
 [1000.]
 [1000.]
 [1000.]
 [1000.]
 [1000.]
 [1000.]
 [1000.]
 [1000.]
 [1000.]
 [1000.]
 [1000.]
 [1000.]
 [1000.]
 [1000.]
 [1000.]
 [1000.]
 [1000.]
 [1000.]
 [1000.]
 [1000.]
 [1000.]
 [1000.]
 [1000.]
 [1000.]
 [1000.]
 [1000.]
 [1000.]
 [1000.]
 [1000.]
 [1000.]
 [1000.]
 [1000.]
 [1000.]
 [1000.]
 [1000.]
 [1000.]
 [1000.]
 [1000.]
 [1000.]
 [1000.]
 [1000.]
 [1000.]
 [1000.]
 [1000.]
 [1000.]
 [1000.]
 [1000.]
 [1000.]
 [1000.]
 [1000.]
 [1000.]
 [1000.]
 [1000.]
 [1000.]
 [1000.]
 [1000.]
 [1000.]
 [1000.]
 [1000.]
 [1000.]
 [1000.]
 [1000.]
 [1000.]
 [1000.]
 [1000.]
 [1000.]
 [1000.]
 [1000.]]
Ch: [[1.1071465  0.54040923 0.78355781 0.50809616 1.16918421 0.85615777
  0.96819727 1.40838524 1.09736723 0.63266502 0.88455595]
 [1.4246987  1.18210772 1.3711766  0.71402954 1.39597732 1.33068733
  0.85454903 0.79573025 1.17136054 0.88971174 0.55706292]
 [0.77156455 1.04026132 0.83818076 1.31949606 1.12677689 1.24943852
  0.96522171 0.94357885 0.64610626 0.72265907 0.81116916]
 [1.32628183 1.15862093 1.2323381  1.03825789 0.51475759 1.41204505
  0.66302807 1.11722257 1.44134407 1.01602165 0.68565889]
 [0.89346657 1.01200457 0.84852639 0.75940437 1.11380676 1.11855471
  0.70869387 0.8284619  0.75362869 0.74908615 0.80887848]
 [1.1074028  1.3195358  1.05944238 1.16268608 0.89578967 1.32745923
  0.91536136 1.00268217 0.53173454 1.44128412 1.02606281]
 [0.71169278 0.59958806 1.26612341 0.91936428 0.67121861 0.5710688
  0.50298943 0.73722158 1.11707814 0.87622355 0.71108713]
 [1.09424896 1.42164357 0.7224877  0.73839197 0.51350419 0.54790014
  0.87075489 0.81945705 0.74760606 1.21424021 0.78180655]
 [1.1540794  0.6700586  1.38013453 0.58414222 1.10962908 0.76025923
  1.15795991 0.91866313 0.5556249  0.83771763 1.09138287]
 [0.69465305 1.4331614  0.98244891 1.16628641 1.34436456 1.23301289
  1.02298641 0.92534872 0.92720581 1.36851387 0.6611632 ]]
Cv: [[0.         0.         0.         0.         0.         0.
  0.         0.         0.         0.        ]
 [0.60969568 0.70265411 0.92764463 1.27418418 1.20117694 0.83645071
  1.20635819 0.73961647 1.1770352  1.17512427]
 [1.11301343 0.8051131  1.24816628 1.02594424 1.33954396 1.08006589
  1.21183031 0.79728866 0.83635259 0.60623212]
 [1.06222982 0.59502187 0.83676188 0.91068752 0.89144033 0.70123506
  1.39312124 0.69014129 0.59592731 0.89494297]
 [0.52243613 0.57687147 1.05540525 0.94075124 1.0937871  1.40735321
  1.17692185 1.03785273 0.88431987 1.1608068 ]
 [1.00568013 0.68280709 0.52536628 0.54590051 0.72754778 0.55429143
  1.04151312 1.48261589 1.10296946 0.73040082]
 [0.91400606 0.57662095 1.35956905 0.66020076 0.58868588 0.52768324
  0.72615206 0.54125699 1.11350535 0.74946874]
 [0.88122358 0.52187567 0.56333606 0.80436259 1.29892016 0.53993173
  0.85115373 0.86332827 1.48404526 1.36699091]
 [0.64398792 0.5747772  0.58638299 0.91027457 1.21181312 1.1061786
  1.02821946 0.57982921 1.40038777 0.50191056]
 [0.85640339 1.09444744 1.41359367 1.24352009 0.59910191 0.83297138
  0.82209909 1.21107244 0.50359061 1.02048569]]
Rh: [[ 6.92731218  1.45967556  5.22683317 16.90165774  5.96981389 13.66361001
  13.10318796  4.73902178  2.818445    1.9699421   3.9477836 ]
 [ 2.93459532  1.76362223  1.35253789 14.41604473 13.67325138  2.43727591
   4.52603443  2.15071181  6.29961949  1.72756927  2.0849605 ]
 [16.6039323   2.87955484 12.45354855  2.12726065  7.80430945  9.43251455
   1.8825531   4.61531817  6.01942419 10.6497101   8.20216405]
 [17.0820506   1.03769106  1.000694    8.54885743  3.37106288 12.86374576
  16.8889371   2.3764895   1.08097504  3.68925118  9.96914051]
 [ 2.31325844  8.48904761  1.33397926  5.95823053  7.67331613  9.96955858
   2.84249123 10.60684194  2.40152052  4.44359844  1.44061412]
 [ 4.08636356  2.65778324  1.15827902  6.77217341 12.16422239  8.00022718
   9.82289209  8.48465421  7.23708086  2.52530927 13.72554415]
 [ 6.34890659  2.94902139  2.64245949  8.17373703 13.73633447  1.21520752
  10.52325733  1.76719267  1.13579524  1.10763077  2.89489031]
 [ 3.9065547   1.33782302  3.07846393 11.26132852  4.06398889 14.04462527
   3.48476111  1.40478809  1.25092197  1.02170553  2.25195864]
 [ 4.53003187  3.94522553  2.91476638 10.85242543  8.21112187 14.2947759
   4.33521434  2.78324229 16.06250633  1.67882389  1.54456448]
 [ 4.14327745  2.74923441 10.60535315  6.10342154  1.05807479  1.68605879
   6.58860649  1.31125782 12.13248879  2.11433247  6.12379956]]
Rv: [[ 2.80208644  1.61561412  2.6976576   2.0648774   1.06829921  7.25785947
   4.89933825  2.42556602  1.26354706  2.40205005]
 [ 7.46395635  6.40312144  3.70664537 12.56598862  1.31988316  2.36892457
   3.39962389 18.45628425  4.02707679  3.6935666 ]
 [ 2.63787418  1.09036678  1.09149768  8.10263298  6.8969711   4.42894189
   1.09588913  7.5539429   1.37623606  6.50128653]
 [ 1.59500984  1.60277152  1.58521692  3.20665818  2.76794053  6.43006656
   4.87523233 15.61375497  9.00505217  6.89340529]
 [ 4.92812187  1.04531394  9.94972621 14.11940674  1.31746895  1.48023149
   6.40255849  1.60026069 10.10306875 17.70772612]
 [ 8.45606076  5.86575874  1.64147972  2.2350837  10.19723071  7.80613605
  13.04756961  1.85766795 10.93666648  3.46256237]
 [ 1.45242526 11.15981281  1.77498407 14.40412895 14.55629622  6.77900004
   1.15723563  3.43029313  1.4627146   5.70025218]
 [ 6.20676336  4.46364943  2.74510819 14.07217714  5.09358169  3.59523135
  12.6541937   1.25201475  2.88348493  1.95422765]
 [ 3.25813402  2.37227077  4.30789004  1.55388535  2.61701568  1.20588754
  16.20017616  5.24106071  1.12717939  5.24186365]]