-------Running parameters--------
T = 0.011
temperature_gradient = 0.001
gap = 0
M = 10
N = 10
VR = 0.0
Vmin = 0.0
Vmax = 1.1
vStep = 0.01
vSym = True
repeats = 20
fileName = array_10_10_disorder_m_t_grad_0.001_run_1
dist = exp
fullOutput = True
use_graph = False
current_map = True
plot_current_map = False
plot_binary_current_map = False
frame_norm = False
dbg = False
resume = False
sc = False
leaping = False
constQ = False
modifyR = False
double_time = False
double_loop = False
output_folder = bgu_2d_array_reverse_temperature_gradient
params_path = bgu_2d_array_temperature_gradient/runningParameters_array_10_10_disorder_t_grad_0.001_run_1.txt
VG_avg = 0.0
VG_std = 0.0
C_avg = 2.0
C_std = 1.0
CG_avg = 10.0
CG_std = 0.0
R_avg = 10.0
R_std = 9.0
custom_rh = ""
custom_rv = ""
custom_ch = ""
custom_cv = ""
RG_avg = 500.0
RG_std = 0.0
n0_avg = 0.0
n0_std = 0.0
Q0_avg = 0.0
Q0_std = 0.0
----Array Parameters-----
Rows: 10
Columns: 10
VG: [[0.]
 [0.]
 [0.]
 [0.]
 [0.]
 [0.]
 [0.]
 [0.]
 [0.]
 [0.]
 [0.]
 [0.]
 [0.]
 [0.]
 [0.]
 [0.]
 [0.]
 [0.]
 [0.]
 [0.]
 [0.]
 [0.]
 [0.]
 [0.]
 [0.]
 [0.]
 [0.]
 [0.]
 [0.]
 [0.]
 [0.]
 [0.]
 [0.]
 [0.]
 [0.]
 [0.]
 [0.]
 [0.]
 [0.]
 [0.]
 [0.]
 [0.]
 [0.]
 [0.]
 [0.]
 [0.]
 [0.]
 [0.]
 [0.]
 [0.]
 [0.]
 [0.]
 [0.]
 [0.]
 [0.]
 [0.]
 [0.]
 [0.]
 [0.]
 [0.]
 [0.]
 [0.]
 [0.]
 [0.]
 [0.]
 [0.]
 [0.]
 [0.]
 [0.]
 [0.]
 [0.]
 [0.]
 [0.]
 [0.]
 [0.]
 [0.]
 [0.]
 [0.]
 [0.]
 [0.]
 [0.]
 [0.]
 [0.]
 [0.]
 [0.]
 [0.]
 [0.]
 [0.]
 [0.]
 [0.]
 [0.]
 [0.]
 [0.]
 [0.]
 [0.]
 [0.]
 [0.]
 [0.]
 [0.]
 [0.]]
CG: [[10.]
 [10.]
 [10.]
 [10.]
 [10.]
 [10.]
 [10.]
 [10.]
 [10.]
 [10.]
 [10.]
 [10.]
 [10.]
 [10.]
 [10.]
 [10.]
 [10.]
 [10.]
 [10.]
 [10.]
 [10.]
 [10.]
 [10.]
 [10.]
 [10.]
 [10.]
 [10.]
 [10.]
 [10.]
 [10.]
 [10.]
 [10.]
 [10.]
 [10.]
 [10.]
 [10.]
 [10.]
 [10.]
 [10.]
 [10.]
 [10.]
 [10.]
 [10.]
 [10.]
 [10.]
 [10.]
 [10.]
 [10.]
 [10.]
 [10.]
 [10.]
 [10.]
 [10.]
 [10.]
 [10.]
 [10.]
 [10.]
 [10.]
 [10.]
 [10.]
 [10.]
 [10.]
 [10.]
 [10.]
 [10.]
 [10.]
 [10.]
 [10.]
 [10.]
 [10.]
 [10.]
 [10.]
 [10.]
 [10.]
 [10.]
 [10.]
 [10.]
 [10.]
 [10.]
 [10.]
 [10.]
 [10.]
 [10.]
 [10.]
 [10.]
 [10.]
 [10.]
 [10.]
 [10.]
 [10.]
 [10.]
 [10.]
 [10.]
 [10.]
 [10.]
 [10.]
 [10.]
 [10.]
 [10.]
 [10.]]
RG: [[500.]
 [500.]
 [500.]
 [500.]
 [500.]
 [500.]
 [500.]
 [500.]
 [500.]
 [500.]
 [500.]
 [500.]
 [500.]
 [500.]
 [500.]
 [500.]
 [500.]
 [500.]
 [500.]
 [500.]
 [500.]
 [500.]
 [500.]
 [500.]
 [500.]
 [500.]
 [500.]
 [500.]
 [500.]
 [500.]
 [500.]
 [500.]
 [500.]
 [500.]
 [500.]
 [500.]
 [500.]
 [500.]
 [500.]
 [500.]
 [500.]
 [500.]
 [500.]
 [500.]
 [500.]
 [500.]
 [500.]
 [500.]
 [500.]
 [500.]
 [500.]
 [500.]
 [500.]
 [500.]
 [500.]
 [500.]
 [500.]
 [500.]
 [500.]
 [500.]
 [500.]
 [500.]
 [500.]
 [500.]
 [500.]
 [500.]
 [500.]
 [500.]
 [500.]
 [500.]
 [500.]
 [500.]
 [500.]
 [500.]
 [500.]
 [500.]
 [500.]
 [500.]
 [500.]
 [500.]
 [500.]
 [500.]
 [500.]
 [500.]
 [500.]
 [500.]
 [500.]
 [500.]
 [500.]
 [500.]
 [500.]
 [500.]
 [500.]
 [500.]
 [500.]
 [500.]
 [500.]
 [500.]
 [500.]
 [500.]]
Ch: [[2.03528568 2.80485932 2.06253327 2.86372043 1.3694111  1.78096291
  1.09866781 1.65548174 1.05645025 2.22714062 1.0321805 ]
 [1.16110429 2.39777321 1.64078385 1.85635928 2.84646542 1.0794837
  1.01667663 1.22404266 2.1801244  1.78439484 1.19171264]
 [1.82507994 1.39380844 1.6741428  2.7025189  1.17517639 2.2669236
  2.13056385 1.09996548 1.03330491 1.10198762 2.87164724]
 [1.46579601 1.51887465 1.46283332 1.77490081 2.00299956 1.33992826
  2.96460056 2.61806482 2.44868032 1.54535008 2.74808446]
 [2.61485484 1.9458269  1.37234368 2.63132366 1.62160054 1.05714642
  1.33997649 2.07294566 1.62699518 2.27237034 2.21129317]
 [1.87932904 1.64920134 1.11029633 1.17449038 2.02523474 2.73405096
  2.76834485 1.01313314 1.03473487 2.30887846 1.62224221]
 [1.34328259 2.02721583 1.66054289 1.57270574 1.77086157 2.19063002
  1.15231944 2.68162291 2.53454138 2.00102597 2.23138749]
 [1.81611211 2.88383474 1.04576725 1.06345207 2.33411238 1.57317126
  1.07551861 1.3024869  2.62170497 1.39155894 1.13083384]
 [2.45724649 1.36655153 1.92713234 2.11847455 1.49079947 1.24240151
  1.91653665 1.88881041 2.05656862 2.65859552 1.28638775]
 [1.97558667 2.10236901 1.51929059 1.52954553 1.06089072 1.23640499
  2.47470727 2.63219549 1.04288741 1.24706122 2.23740589]]
Cv: [[0.         0.         0.         0.         0.         0.
  0.         0.         0.         0.        ]
 [1.01498871 1.89952574 1.60527211 1.50422026 1.31555615 1.4620447
  2.46663797 1.99336925 1.07652019 1.64695612]
 [1.37556649 1.29671441 1.4528151  2.12659297 1.1851968  2.02213746
  1.78674312 2.9183968  2.63080384 1.09133182]
 [1.66284317 1.79630736 1.03048123 1.0824626  1.52034616 2.51135874
  1.37660511 2.61563012 1.99560813 1.13724532]
 [2.84891473 2.46453342 1.50503685 1.5911881  1.53269766 2.12287109
  1.21920216 1.58633788 2.24301621 1.03699297]
 [2.88898493 1.48496472 1.50136365 2.10122338 2.67574671 1.6176847
  1.47789225 1.81383793 2.37911012 1.3061188 ]
 [1.53244706 1.78855283 1.0297338  2.42099582 1.56643598 1.41417821
  1.68881555 2.0556797  2.45854809 2.8059525 ]
 [1.5246116  1.16216177 1.95251236 2.7565282  2.9612946  2.41299593
  2.05083212 2.62197463 1.36523604 2.55987558]
 [1.72187773 2.71510187 2.54678337 1.2910777  1.31390497 1.48807838
  2.73738355 1.02825909 1.62863441 1.19042355]
 [2.11186256 2.5453949  1.49774375 1.03021703 1.04514074 2.1559808
  2.52809598 2.90015554 2.46259145 1.32623734]]
Rh: [[ 4.89984667  3.44612593  1.3118903   1.19603368  2.38196637  8.3919657
  10.11214501  2.54478741  1.81715292 13.16029033  5.304519  ]
 [ 5.66373976  5.91927444  3.46042278 14.71940354 13.7338758   4.44194554
  18.37856823  1.15398731  3.90590261 12.07860619  1.58916546]
 [15.21288533 17.70963179  1.50720005  8.60110503  4.0989918   1.78926074
  10.76344539  3.89190924 10.99863056  1.3089331   4.78253601]
 [ 2.39788735  1.01122257  1.00692335  2.58815497  5.17455959  5.44160357
  10.7589702   2.26939088  2.42470692  1.18544255  9.80089663]
 [ 4.89264116  2.58655614  7.77531185  7.3878393   1.71525396  2.47688091
  14.1267548   2.81316606  2.04280989  2.52853249  3.6659951 ]
 [ 3.66314192 13.44964196  8.47178101  6.31964277 18.46606587  7.14229654
  12.28607745  9.16534608 17.26343998  4.92495877  6.37819735]
 [ 6.02317878 10.24135934  1.264294    1.73519882  4.83235545  4.20920532
   1.73572672 12.99756095  1.23428844  3.40976712 10.56552864]
 [13.86620555  7.72813879  2.20445381  4.43737547  2.2215198  13.04789927
   9.19526372  2.58264815 16.52724302 16.68612845  1.88438084]
 [ 1.95339625  6.43812034  2.33781756  1.50912225 18.73354966  1.9875761
   4.61327423  7.79037897 18.54892329  1.9037281   9.14206771]
 [10.83206735  9.4578748  13.93743182  7.06550837  2.45756405 11.80018032
   1.88203001  1.03038859  7.77868412  9.54990051  1.82834573]]
Rv: [[ 6.5762642  16.54741783  3.42350275 17.98103712  3.65128859  1.3829237
  14.55583356  2.98350504  2.23568417 14.25880381]
 [13.40299908  4.38798165 14.11957129  2.8159164   6.02973448  2.77021168
   1.30376461  2.36366724  2.15178567  4.36731359]
 [ 7.1993888  11.38197412  6.30608356  3.16087656 18.35947146  2.63447543
   2.34810867  2.07510551  1.24230004  1.79381842]
 [11.53353365  3.83914007  5.42800935 16.27027073 10.09771696  3.44879766
   4.55117964 16.63730739  1.6202845   7.64435492]
 [ 2.65978247  1.63102001 11.6530328  16.06308767  8.16779489  1.64662953
   3.34655503  1.77014681 13.81204175  8.40225035]
 [ 4.92501068 17.9230082   2.0249223   1.41630778  9.36377617 16.26014025
   1.26694072 12.67597257  3.84417589 11.85595267]
 [16.25664693  2.42544475  1.23915461 14.30507012 11.06534111  3.39641359
   3.42785269 16.73111526  3.14316874  4.89819014]
 [ 5.01386144 12.70735083  4.6335009   3.71439863  1.58044371  1.99818146
   7.97574297  1.04249219  2.8125204   3.84188194]
 [ 1.97990132  7.46337426  2.16186981  3.4390817  14.37814733  1.61952812
   2.36521077  8.34324173  2.44114774  2.79898734]]