-------Running parameters--------
T = 0.011
temperature_gradient = 0.001
gap = 0
M = 10
N = 10
VR = 0.0
Vmin = 0.0
Vmax = 1.1
vStep = 0.01
vSym = True
repeats = 20
fileName = array_10_10_disorder_m_t_grad_0.001_run_3
dist = exp
fullOutput = True
use_graph = False
current_map = True
plot_current_map = False
plot_binary_current_map = False
frame_norm = False
dbg = False
resume = False
sc = False
leaping = False
constQ = False
modifyR = False
double_time = False
double_loop = False
output_folder = bgu_2d_array_reverse_temperature_gradient
params_path = bgu_2d_array_temperature_gradient/runningParameters_array_10_10_disorder_t_grad_0.001_run_3.txt
VG_avg = 0.0
VG_std = 0.0
C_avg = 2.0
C_std = 1.0
CG_avg = 10.0
CG_std = 0.0
R_avg = 10.0
R_std = 9.0
custom_rh = ""
custom_rv = ""
custom_ch = ""
custom_cv = ""
RG_avg = 500.0
RG_std = 0.0
n0_avg = 0.0
n0_std = 0.0
Q0_avg = 0.0
Q0_std = 0.0
----Array Parameters-----
Rows: 10
Columns: 10
VG: [[0.]
 [0.]
 [0.]
 [0.]
 [0.]
 [0.]
 [0.]
 [0.]
 [0.]
 [0.]
 [0.]
 [0.]
 [0.]
 [0.]
 [0.]
 [0.]
 [0.]
 [0.]
 [0.]
 [0.]
 [0.]
 [0.]
 [0.]
 [0.]
 [0.]
 [0.]
 [0.]
 [0.]
 [0.]
 [0.]
 [0.]
 [0.]
 [0.]
 [0.]
 [0.]
 [0.]
 [0.]
 [0.]
 [0.]
 [0.]
 [0.]
 [0.]
 [0.]
 [0.]
 [0.]
 [0.]
 [0.]
 [0.]
 [0.]
 [0.]
 [0.]
 [0.]
 [0.]
 [0.]
 [0.]
 [0.]
 [0.]
 [0.]
 [0.]
 [0.]
 [0.]
 [0.]
 [0.]
 [0.]
 [0.]
 [0.]
 [0.]
 [0.]
 [0.]
 [0.]
 [0.]
 [0.]
 [0.]
 [0.]
 [0.]
 [0.]
 [0.]
 [0.]
 [0.]
 [0.]
 [0.]
 [0.]
 [0.]
 [0.]
 [0.]
 [0.]
 [0.]
 [0.]
 [0.]
 [0.]
 [0.]
 [0.]
 [0.]
 [0.]
 [0.]
 [0.]
 [0.]
 [0.]
 [0.]
 [0.]]
CG: [[10.]
 [10.]
 [10.]
 [10.]
 [10.]
 [10.]
 [10.]
 [10.]
 [10.]
 [10.]
 [10.]
 [10.]
 [10.]
 [10.]
 [10.]
 [10.]
 [10.]
 [10.]
 [10.]
 [10.]
 [10.]
 [10.]
 [10.]
 [10.]
 [10.]
 [10.]
 [10.]
 [10.]
 [10.]
 [10.]
 [10.]
 [10.]
 [10.]
 [10.]
 [10.]
 [10.]
 [10.]
 [10.]
 [10.]
 [10.]
 [10.]
 [10.]
 [10.]
 [10.]
 [10.]
 [10.]
 [10.]
 [10.]
 [10.]
 [10.]
 [10.]
 [10.]
 [10.]
 [10.]
 [10.]
 [10.]
 [10.]
 [10.]
 [10.]
 [10.]
 [10.]
 [10.]
 [10.]
 [10.]
 [10.]
 [10.]
 [10.]
 [10.]
 [10.]
 [10.]
 [10.]
 [10.]
 [10.]
 [10.]
 [10.]
 [10.]
 [10.]
 [10.]
 [10.]
 [10.]
 [10.]
 [10.]
 [10.]
 [10.]
 [10.]
 [10.]
 [10.]
 [10.]
 [10.]
 [10.]
 [10.]
 [10.]
 [10.]
 [10.]
 [10.]
 [10.]
 [10.]
 [10.]
 [10.]
 [10.]]
RG: [[500.]
 [500.]
 [500.]
 [500.]
 [500.]
 [500.]
 [500.]
 [500.]
 [500.]
 [500.]
 [500.]
 [500.]
 [500.]
 [500.]
 [500.]
 [500.]
 [500.]
 [500.]
 [500.]
 [500.]
 [500.]
 [500.]
 [500.]
 [500.]
 [500.]
 [500.]
 [500.]
 [500.]
 [500.]
 [500.]
 [500.]
 [500.]
 [500.]
 [500.]
 [500.]
 [500.]
 [500.]
 [500.]
 [500.]
 [500.]
 [500.]
 [500.]
 [500.]
 [500.]
 [500.]
 [500.]
 [500.]
 [500.]
 [500.]
 [500.]
 [500.]
 [500.]
 [500.]
 [500.]
 [500.]
 [500.]
 [500.]
 [500.]
 [500.]
 [500.]
 [500.]
 [500.]
 [500.]
 [500.]
 [500.]
 [500.]
 [500.]
 [500.]
 [500.]
 [500.]
 [500.]
 [500.]
 [500.]
 [500.]
 [500.]
 [500.]
 [500.]
 [500.]
 [500.]
 [500.]
 [500.]
 [500.]
 [500.]
 [500.]
 [500.]
 [500.]
 [500.]
 [500.]
 [500.]
 [500.]
 [500.]
 [500.]
 [500.]
 [500.]
 [500.]
 [500.]
 [500.]
 [500.]
 [500.]
 [500.]]
Ch: [[1.5237614  2.62170468 2.5529896  2.44585542 1.94237075 1.100276
  1.50861415 1.64932301 1.35978067 1.69929176 1.17419571]
 [1.49667782 2.63553879 1.4319853  2.15991086 1.95074475 1.03439755
  1.89218959 1.92767584 2.20064868 2.3486427  1.2003673 ]
 [2.90444482 1.68845129 2.30073953 1.23821009 1.28011333 1.46558867
  2.76301082 2.71023652 1.54179862 1.86680918 2.55057616]
 [2.28780961 1.18318753 1.09680873 1.72451591 2.88109652 2.80219572
  1.45217285 1.01847654 2.61516733 2.6370456  1.82940434]
 [2.43558792 1.94572268 1.56350225 2.67138721 1.90819857 2.95289391
  1.14882511 2.08364971 2.03228089 2.31087676 2.89915236]
 [2.03722947 1.39984253 1.91197574 2.98018406 1.05607081 1.32162721
  2.69002192 1.63980755 2.84295378 2.68675934 1.39815676]
 [2.40624693 1.37644302 2.96778113 2.59630653 1.25019962 2.76133849
  1.22741587 2.2591406  1.75787849 1.25031882 2.88106863]
 [1.53051578 1.93012021 2.9275985  1.04152484 1.06189181 1.30887964
  2.211414   1.51230581 2.70687918 1.41598164 2.16150018]
 [2.32040934 1.57614828 2.22399392 2.3171969  2.62084205 1.88898399
  2.19926028 1.23580163 1.17687414 2.66989112 1.33371824]
 [2.56113629 1.64927292 1.29506594 1.02663951 1.93048259 2.10786115
  2.55184227 2.4913522  2.64460327 1.9845302  1.20745377]]
Cv: [[0.         0.         0.         0.         0.         0.
  0.         0.         0.         0.        ]
 [1.04829363 1.13174937 2.69006124 2.23709572 1.06755662 1.4647101
  2.88048497 2.25992218 1.50965734 1.03528747]
 [2.74416083 1.47824117 2.75106812 1.04138913 1.37654628 1.35008255
  1.75438849 2.02394202 1.2488328  1.20345856]
 [2.80262744 2.69500089 1.00888736 1.81919966 2.05424767 1.46487122
  1.1837254  1.4324955  1.13479686 1.82393084]
 [2.35716985 2.55635386 1.79528017 2.9917928  1.54509187 1.54859681
  1.23334653 1.47550403 1.62083776 1.36786484]
 [1.25544755 1.19756485 1.99510068 2.63747313 1.66264213 1.76288101
  2.65691328 1.4963319  2.1240498  2.47399778]
 [2.07498122 1.63187338 1.99724743 1.59137917 1.3548032  1.54724266
  1.04546355 1.0799811  2.01327914 2.67087943]
 [2.93312492 2.28076173 2.07902215 1.75058402 1.00430551 2.77784284
  2.30992644 1.99273074 2.23759555 1.68366091]
 [2.80753309 1.6649324  2.92464435 1.04564528 2.83602302 1.16717369
  2.40401231 2.40993969 2.45606899 1.69567696]
 [2.20984814 1.64795098 1.49417032 1.8908598  1.50366089 2.20476473
  2.06671245 1.70474821 1.21908696 2.66613297]]
Rh: [[ 1.84983264  1.37625753  1.91102212  4.72625063  4.22009226  4.16645769
   5.33026361  2.01263693  5.56642556 10.95147413  3.87670437]
 [ 9.27548227  9.53671091  1.12912288  3.12689569  1.07866091  1.2113776
  17.25951826  5.49169481  1.19546929  1.86025247  2.25230215]
 [ 1.32229784  1.63983874 10.76016761  4.9154649   8.21507594  4.01432792
   7.63710901  1.6749554   1.58580681  1.15622981  2.54405245]
 [ 1.95106819  1.19760975  6.32293322  1.24211671 17.82354551  6.05976859
   4.27793624  3.89310562  2.68439083  1.17912436 14.9715342 ]
 [ 2.43381027  4.31834699  3.50454951  6.77053135  5.38839612  4.54242162
  15.16835134  1.06951032  1.46369965 10.37842905 11.89127623]
 [ 3.67531801  3.85194289  7.85745239  1.17161367 10.32430491  2.71585316
   2.26402419  2.14786505  6.8124492   1.88488596 13.82183612]
 [ 4.07760169 18.97623321  2.69721207  3.69154484 18.24862893 11.86032625
   2.43518555  1.12134349  1.98604756  1.15650308  3.46604242]
 [ 7.42648998  3.76980249  1.1424277   2.61978689  1.0504665   4.04215059
   2.05681702  2.65411479  2.74568815  4.41855986  4.37276031]
 [ 1.81744883 15.05977044  1.82702453  4.45592523  1.63244316  2.59102931
   1.23440424  2.4988716   2.53853067  4.30555274  5.98405122]
 [ 1.87104792  7.29893285  7.12051565  2.07325563  1.87351432 10.23534441
   2.9494531   1.27633938  1.31189416  3.02139574  3.59091737]]
Rv: [[ 9.3492137   2.38795807  5.36861943  3.04978419  3.06088758  4.01075176
   2.46368303  2.42866685  2.15811653  1.72134887]
 [ 7.34542017  4.63027666  8.31654998 18.48641043  2.3675939  14.27516669
   1.23264089 11.96246874  2.35265206 10.53242676]
 [ 5.78131158  2.33626217  1.20930166  6.98646616  1.10716965  2.20070841
   1.27148719  7.54963495 14.00549056  4.84149031]
 [ 2.13703481 12.75292425  1.99501784  3.54279266 10.16631632  3.46687631
   3.54988263  2.74667767  1.36366077 18.0152022 ]
 [ 2.65493156  6.32329331  9.4430542   6.27767865  7.05997582  8.11480271
   5.40559406  1.56252761  6.18634379  5.73376293]
 [ 8.43797799  9.48988626  2.40624423 12.57231835  1.56938536 16.64634448
  10.8850246   1.69811499  8.31525884  2.76972655]
 [ 1.61818098 18.93464809  5.4447062   2.07231075  1.18819558 15.21061576
   6.8379647  10.44718495  6.07214647 15.90905394]
 [ 1.9531822  16.2313153   1.94327588  9.18398544 15.57802919  2.58501793
   4.09914298  1.48280497  3.50843654  4.15781371]
 [ 5.42250415  6.38451616  1.25521675  4.35381057  1.00328456  6.58859495
   1.42747209 18.14821989 10.49572074  5.46931953]]