-------Running parameters--------
T = 0.101
temperature_gradient = 0.01
gap = 0
M = 10
N = 10
VR = 0.0
Vmin = 0.0
Vmax = 1.1
vStep = 0.01
vSym = True
repeats = 20
fileName = array_10_10_disorder_m_t_grad_0.01_run_2
dist = exp
fullOutput = True
use_graph = False
current_map = True
plot_current_map = False
plot_binary_current_map = False
frame_norm = False
dbg = False
resume = False
sc = False
leaping = False
constQ = False
modifyR = False
double_time = False
double_loop = False
output_folder = bgu_2d_array_reverse_temperature_gradient
params_path = bgu_2d_array_temperature_gradient/runningParameters_array_10_10_disorder_t_grad_0.01_run_2.txt
VG_avg = 0.0
VG_std = 0.0
C_avg = 2.0
C_std = 1.0
CG_avg = 10.0
CG_std = 0.0
R_avg = 10.0
R_std = 9.0
custom_rh = ""
custom_rv = ""
custom_ch = ""
custom_cv = ""
RG_avg = 500.0
RG_std = 0.0
n0_avg = 0.0
n0_std = 0.0
Q0_avg = 0.0
Q0_std = 0.0
----Array Parameters-----
Rows: 10
Columns: 10
VG: [[0.]
 [0.]
 [0.]
 [0.]
 [0.]
 [0.]
 [0.]
 [0.]
 [0.]
 [0.]
 [0.]
 [0.]
 [0.]
 [0.]
 [0.]
 [0.]
 [0.]
 [0.]
 [0.]
 [0.]
 [0.]
 [0.]
 [0.]
 [0.]
 [0.]
 [0.]
 [0.]
 [0.]
 [0.]
 [0.]
 [0.]
 [0.]
 [0.]
 [0.]
 [0.]
 [0.]
 [0.]
 [0.]
 [0.]
 [0.]
 [0.]
 [0.]
 [0.]
 [0.]
 [0.]
 [0.]
 [0.]
 [0.]
 [0.]
 [0.]
 [0.]
 [0.]
 [0.]
 [0.]
 [0.]
 [0.]
 [0.]
 [0.]
 [0.]
 [0.]
 [0.]
 [0.]
 [0.]
 [0.]
 [0.]
 [0.]
 [0.]
 [0.]
 [0.]
 [0.]
 [0.]
 [0.]
 [0.]
 [0.]
 [0.]
 [0.]
 [0.]
 [0.]
 [0.]
 [0.]
 [0.]
 [0.]
 [0.]
 [0.]
 [0.]
 [0.]
 [0.]
 [0.]
 [0.]
 [0.]
 [0.]
 [0.]
 [0.]
 [0.]
 [0.]
 [0.]
 [0.]
 [0.]
 [0.]
 [0.]]
CG: [[10.]
 [10.]
 [10.]
 [10.]
 [10.]
 [10.]
 [10.]
 [10.]
 [10.]
 [10.]
 [10.]
 [10.]
 [10.]
 [10.]
 [10.]
 [10.]
 [10.]
 [10.]
 [10.]
 [10.]
 [10.]
 [10.]
 [10.]
 [10.]
 [10.]
 [10.]
 [10.]
 [10.]
 [10.]
 [10.]
 [10.]
 [10.]
 [10.]
 [10.]
 [10.]
 [10.]
 [10.]
 [10.]
 [10.]
 [10.]
 [10.]
 [10.]
 [10.]
 [10.]
 [10.]
 [10.]
 [10.]
 [10.]
 [10.]
 [10.]
 [10.]
 [10.]
 [10.]
 [10.]
 [10.]
 [10.]
 [10.]
 [10.]
 [10.]
 [10.]
 [10.]
 [10.]
 [10.]
 [10.]
 [10.]
 [10.]
 [10.]
 [10.]
 [10.]
 [10.]
 [10.]
 [10.]
 [10.]
 [10.]
 [10.]
 [10.]
 [10.]
 [10.]
 [10.]
 [10.]
 [10.]
 [10.]
 [10.]
 [10.]
 [10.]
 [10.]
 [10.]
 [10.]
 [10.]
 [10.]
 [10.]
 [10.]
 [10.]
 [10.]
 [10.]
 [10.]
 [10.]
 [10.]
 [10.]
 [10.]]
RG: [[500.]
 [500.]
 [500.]
 [500.]
 [500.]
 [500.]
 [500.]
 [500.]
 [500.]
 [500.]
 [500.]
 [500.]
 [500.]
 [500.]
 [500.]
 [500.]
 [500.]
 [500.]
 [500.]
 [500.]
 [500.]
 [500.]
 [500.]
 [500.]
 [500.]
 [500.]
 [500.]
 [500.]
 [500.]
 [500.]
 [500.]
 [500.]
 [500.]
 [500.]
 [500.]
 [500.]
 [500.]
 [500.]
 [500.]
 [500.]
 [500.]
 [500.]
 [500.]
 [500.]
 [500.]
 [500.]
 [500.]
 [500.]
 [500.]
 [500.]
 [500.]
 [500.]
 [500.]
 [500.]
 [500.]
 [500.]
 [500.]
 [500.]
 [500.]
 [500.]
 [500.]
 [500.]
 [500.]
 [500.]
 [500.]
 [500.]
 [500.]
 [500.]
 [500.]
 [500.]
 [500.]
 [500.]
 [500.]
 [500.]
 [500.]
 [500.]
 [500.]
 [500.]
 [500.]
 [500.]
 [500.]
 [500.]
 [500.]
 [500.]
 [500.]
 [500.]
 [500.]
 [500.]
 [500.]
 [500.]
 [500.]
 [500.]
 [500.]
 [500.]
 [500.]
 [500.]
 [500.]
 [500.]
 [500.]
 [500.]]
Ch: [[2.66480113 1.75999848 1.12693306 1.62289199 1.41182735 1.5476597
  1.70977969 1.8151301  2.10261651 1.0271496  2.44044037]
 [2.67415084 2.63305041 1.68023882 2.49088075 1.61264078 2.42021664
  1.76920497 1.86071925 1.56197453 2.17644986 2.99413137]
 [1.56254974 2.78074551 2.01456946 1.40322823 1.0366915  1.89850852
  1.17651322 1.59242429 2.53629055 2.37619756 1.2716673 ]
 [1.23994739 1.61832036 2.10852357 2.14250725 1.68811488 2.47330643
  1.94909011 2.35045242 1.13878925 1.9633548  1.14156394]
 [1.99278442 2.78225926 2.080407   1.36064555 2.85814596 1.13013485
  1.94980313 2.12079305 1.14024652 1.28279799 2.14797455]
 [1.71075844 1.69447777 2.63160061 1.37707904 2.23953731 1.59068696
  1.76984774 2.57720118 1.2214622  1.04556151 1.13981314]
 [2.3696848  1.57473285 1.9154206  1.35537844 1.48803555 1.61118222
  2.97944561 1.64366351 2.94948586 1.16194028 2.23573946]
 [1.05620766 1.03256808 1.37259358 1.27709757 1.64483039 1.24636358
  2.53080156 1.1876161  2.62551842 1.73738832 1.26891729]
 [1.96986509 2.0451476  1.75840372 2.34796005 1.19405012 2.6304487
  1.94672942 2.01631138 2.82304389 1.57253704 1.65056456]
 [2.60371182 1.13318492 1.91680528 2.34323015 1.47083306 1.22814658
  1.70194578 1.8931492  1.48868848 1.05925393 1.39997426]]
Cv: [[0.         0.         0.         0.         0.         0.
  0.         0.         0.         0.        ]
 [1.69355134 1.2470709  2.07427461 1.41083101 1.2692533  2.02413278
  1.00352796 2.13610195 1.69372554 2.10287808]
 [2.62650977 1.27705819 1.5429764  1.96937054 1.63250497 1.9171866
  1.3198738  1.55724701 1.13263325 2.49416337]
 [1.51226633 2.06121644 1.22645974 1.88875458 1.29230477 1.89955286
  1.26358342 1.39799352 2.2666397  1.47899513]
 [1.14393623 2.98436458 1.75488692 1.56084001 2.07184675 1.76064613
  2.62438487 1.30075698 1.86203922 1.88637605]
 [2.20869321 1.99819477 2.73325091 1.04426541 2.10336874 1.05985707
  1.67466618 1.86151128 2.38036769 2.15661152]
 [2.75078702 2.01575184 2.53434846 1.05973842 1.17420747 1.14000147
  2.98563628 1.83442155 1.83579521 2.23734275]
 [1.33533279 2.38870427 1.87635429 1.54394557 2.64694631 1.71022404
  1.66769367 1.22540887 2.43343397 1.66207035]
 [1.42491527 1.0254566  1.53808718 1.47239921 2.47970638 1.49146967
  2.35097634 2.63903711 2.86931013 1.69240079]
 [2.21819376 1.31888027 2.15129187 1.09081996 2.6032572  1.21584407
  1.05849065 1.13385556 1.36986046 1.95632931]]
Rh: [[10.67944946 13.30386724 13.69852194  3.27671699 12.99861071  3.95791595
   9.34932629  2.80197593 16.88357088  4.83889642  3.15400096]
 [ 6.10996154  9.92444072  5.46122406  2.27073741  1.37467336  4.78406547
  10.52293227  4.04658806 10.52889844  1.83829331  5.01649637]
 [ 7.09140561 12.51922094 10.06766901  4.26480801  4.82143574  8.67799516
   1.00659393  1.21762824 14.15516557  2.08700219  3.35837776]
 [ 3.1343258   3.14390458  9.3699929  11.35804744  2.96827284  3.72894403
   4.34366336 11.09194296  1.58659882  4.82687854  2.27156827]
 [ 8.30227662 10.07905289  1.51984885  1.3148944   2.28979309  1.62449567
   3.24829863  2.6108456   4.62440789  4.78667014 15.12240236]
 [ 2.50687779  3.20755272 18.02807357  7.06623314  2.38052636  1.37400362
   1.00007686  3.3443123   2.3155373  16.68720849  2.67645581]
 [ 1.2199949   5.36932958 12.71088701  1.30648472  1.27466811  2.5694212
   8.10336768  1.43333693  9.97902059  1.69499563 18.95688964]
 [ 1.21644304  6.82551233  8.63793911  2.33971359 12.13688279  7.81512175
   2.79901538  2.94874572 12.04230458  7.38799713  3.6211125 ]
 [ 3.89145251 17.25604305  1.50242846  1.4181542  10.95154007 16.83001258
   6.46333381  1.16769177  1.60572146  4.81836068  1.00732591]
 [ 2.7495441   1.50523423  4.18727656  1.20266097  3.64123918 13.23619586
   2.06561399  2.33514969  1.11824745  1.50541436 13.20219781]]
Rv: [[ 3.28672926  2.3008526   7.99655128  2.06194946  8.43835259  4.23408631
   2.4618926   6.17113934  8.27159353 12.69346862]
 [ 3.81591806  1.78562577  2.94142254  2.10497046 18.98154097  1.97182099
   3.75930151  2.79198043  1.26371926  1.80720745]
 [ 4.74508795  1.52144389  8.07179796  1.28074281  1.79942287  1.17097538
   5.03510898  7.63938248  2.46616178  1.34612892]
 [13.34877462  1.11956041 17.53342266  4.43622441 16.00344567 10.48552463
   3.32497462  5.99463738  2.61705463  2.93321836]
 [ 2.05158307  1.12773968  1.33144812  1.57159841 16.68963439 12.84407296
   5.38975907  2.56975752  1.01477388  1.88965663]
 [ 7.20896913  2.77716466  6.87447784  1.50994603  9.49817489  7.36507537
   2.61896772  4.80717197  1.6060023   6.47970679]
 [ 5.0511797   4.62106692  6.41176515 18.3792179   1.13831613  1.62756187
   1.51381764  6.1807821  13.03045775  8.15813563]
 [10.49170102  1.05676272  3.43080366 11.55212628  8.8074969  14.37668481
   1.84417092  1.06161659  1.51256963  2.5857927 ]
 [ 2.82792994  2.52897132  1.20483724  2.12315324 13.94894196  1.59595536
   9.7189513  11.18163662  3.12515005 10.80317498]]