-------Running parameters--------
T = 0.0
gap = 0
M = 10
N = 10
VR = 0.0
Vmin = 0.0
Vmax = 3.0
vStep = 0.01
vSym = True
repeats = 20
fileName = array_10_10_c_r_disorder_run_1
dist = exp
fullOutput = True
use_graph = False
current_map = True
plot_current_map = False
plot_binary_current_map = False
dbg = False
resume = False
sc = False
leaping = False
constQ = False
modifyR = False
output_folder = 2d_array_bgu_low_vg
params_path = 
VG_avg = -3.5
VG_std = 0.0
C_avg = 2.0
C_std = 1.0
CG_avg = 10.0
CG_std = 0.0
R_avg = 10.0
R_std = 9.0
custom_rh = ""
custom_rv = ""
custom_ch = ""
custom_cv = ""
RG_avg = 500.0
RG_std = 0.0
n0_avg = 0.0
n0_std = 0.0
Q0_avg = 0.0
Q0_std = 0.0
----Array Parameters-----
Rows: 10
Columns: 10
VG: [[-3.5]
 [-3.5]
 [-3.5]
 [-3.5]
 [-3.5]
 [-3.5]
 [-3.5]
 [-3.5]
 [-3.5]
 [-3.5]
 [-3.5]
 [-3.5]
 [-3.5]
 [-3.5]
 [-3.5]
 [-3.5]
 [-3.5]
 [-3.5]
 [-3.5]
 [-3.5]
 [-3.5]
 [-3.5]
 [-3.5]
 [-3.5]
 [-3.5]
 [-3.5]
 [-3.5]
 [-3.5]
 [-3.5]
 [-3.5]
 [-3.5]
 [-3.5]
 [-3.5]
 [-3.5]
 [-3.5]
 [-3.5]
 [-3.5]
 [-3.5]
 [-3.5]
 [-3.5]
 [-3.5]
 [-3.5]
 [-3.5]
 [-3.5]
 [-3.5]
 [-3.5]
 [-3.5]
 [-3.5]
 [-3.5]
 [-3.5]
 [-3.5]
 [-3.5]
 [-3.5]
 [-3.5]
 [-3.5]
 [-3.5]
 [-3.5]
 [-3.5]
 [-3.5]
 [-3.5]
 [-3.5]
 [-3.5]
 [-3.5]
 [-3.5]
 [-3.5]
 [-3.5]
 [-3.5]
 [-3.5]
 [-3.5]
 [-3.5]
 [-3.5]
 [-3.5]
 [-3.5]
 [-3.5]
 [-3.5]
 [-3.5]
 [-3.5]
 [-3.5]
 [-3.5]
 [-3.5]
 [-3.5]
 [-3.5]
 [-3.5]
 [-3.5]
 [-3.5]
 [-3.5]
 [-3.5]
 [-3.5]
 [-3.5]
 [-3.5]
 [-3.5]
 [-3.5]
 [-3.5]
 [-3.5]
 [-3.5]
 [-3.5]
 [-3.5]
 [-3.5]
 [-3.5]
 [-3.5]]
CG: [[10.]
 [10.]
 [10.]
 [10.]
 [10.]
 [10.]
 [10.]
 [10.]
 [10.]
 [10.]
 [10.]
 [10.]
 [10.]
 [10.]
 [10.]
 [10.]
 [10.]
 [10.]
 [10.]
 [10.]
 [10.]
 [10.]
 [10.]
 [10.]
 [10.]
 [10.]
 [10.]
 [10.]
 [10.]
 [10.]
 [10.]
 [10.]
 [10.]
 [10.]
 [10.]
 [10.]
 [10.]
 [10.]
 [10.]
 [10.]
 [10.]
 [10.]
 [10.]
 [10.]
 [10.]
 [10.]
 [10.]
 [10.]
 [10.]
 [10.]
 [10.]
 [10.]
 [10.]
 [10.]
 [10.]
 [10.]
 [10.]
 [10.]
 [10.]
 [10.]
 [10.]
 [10.]
 [10.]
 [10.]
 [10.]
 [10.]
 [10.]
 [10.]
 [10.]
 [10.]
 [10.]
 [10.]
 [10.]
 [10.]
 [10.]
 [10.]
 [10.]
 [10.]
 [10.]
 [10.]
 [10.]
 [10.]
 [10.]
 [10.]
 [10.]
 [10.]
 [10.]
 [10.]
 [10.]
 [10.]
 [10.]
 [10.]
 [10.]
 [10.]
 [10.]
 [10.]
 [10.]
 [10.]
 [10.]
 [10.]]
RG: [[500.]
 [500.]
 [500.]
 [500.]
 [500.]
 [500.]
 [500.]
 [500.]
 [500.]
 [500.]
 [500.]
 [500.]
 [500.]
 [500.]
 [500.]
 [500.]
 [500.]
 [500.]
 [500.]
 [500.]
 [500.]
 [500.]
 [500.]
 [500.]
 [500.]
 [500.]
 [500.]
 [500.]
 [500.]
 [500.]
 [500.]
 [500.]
 [500.]
 [500.]
 [500.]
 [500.]
 [500.]
 [500.]
 [500.]
 [500.]
 [500.]
 [500.]
 [500.]
 [500.]
 [500.]
 [500.]
 [500.]
 [500.]
 [500.]
 [500.]
 [500.]
 [500.]
 [500.]
 [500.]
 [500.]
 [500.]
 [500.]
 [500.]
 [500.]
 [500.]
 [500.]
 [500.]
 [500.]
 [500.]
 [500.]
 [500.]
 [500.]
 [500.]
 [500.]
 [500.]
 [500.]
 [500.]
 [500.]
 [500.]
 [500.]
 [500.]
 [500.]
 [500.]
 [500.]
 [500.]
 [500.]
 [500.]
 [500.]
 [500.]
 [500.]
 [500.]
 [500.]
 [500.]
 [500.]
 [500.]
 [500.]
 [500.]
 [500.]
 [500.]
 [500.]
 [500.]
 [500.]
 [500.]
 [500.]
 [500.]]
Ch: [[2.81326767 1.28260813 2.42479975 2.62697117 1.50389809 1.79873237
  2.07307081 2.63738838 1.89900794 1.26971777 2.11006801]
 [2.35384564 1.04767545 2.69553782 1.43816206 1.48819624 1.37144922
  1.11436313 1.8090095  1.42324674 1.08659027 1.34348115]
 [2.21958416 2.27440183 2.85924765 2.20793783 2.59332648 2.68445482
  1.2486725  1.75081665 1.24473058 2.91413842 1.29940918]
 [1.42046136 2.73031557 1.24706459 1.02603441 1.86726838 1.36135265
  2.51400757 2.16567302 1.82981583 2.07454337 1.50432219]
 [1.72764199 2.34626347 2.18625022 1.1512999  1.15927045 1.50173497
  1.34357697 1.02399204 2.32637534 2.23160505 2.78142448]
 [1.12095506 1.61473305 1.49720522 2.32624416 1.59275968 1.28439605
  2.47833858 1.07275349 2.4483268  1.28057105 1.22043905]
 [1.5915526  1.37281296 2.34347613 2.20519047 1.01918491 1.12516795
  2.89644993 2.62894572 2.88157494 1.3054466  2.31106781]
 [1.57491341 1.01227322 2.4481319  1.54381251 2.0079593  1.26474873
  1.46293232 2.09486693 2.69003718 1.30768454 1.06620086]
 [1.52943707 1.6072966  1.01462184 1.43600818 1.30256733 1.64239912
  1.18012303 1.75847851 1.46316454 2.42156974 2.19109009]
 [2.97659708 1.37319047 2.2376229  1.60143342 2.87051659 1.07680465
  1.52061438 2.56025593 2.09171743 1.86724236 2.31794203]]
Cv: [[0.         0.         0.         0.         0.         0.
  0.         0.         0.         0.        ]
 [2.25312577 2.73599203 2.65822141 2.90663445 1.4943823  1.07249628
  2.40065107 2.22904591 2.15898773 2.72891961]
 [1.4180152  2.11067354 2.35229612 1.91787563 2.57242919 1.09697093
  1.22049662 2.83776437 1.99958443 1.24839173]
 [1.18580838 1.23318865 1.39742332 1.48640723 1.70307858 1.26772385
  1.09057298 1.26254648 2.41822425 2.7590854 ]
 [1.58705714 2.02394081 2.71754662 2.79182455 1.73793428 1.07803494
  1.59609415 1.02049753 1.25045235 2.02772327]
 [1.24832765 1.52956975 1.39318283 2.67422667 2.88529793 1.54943188
  2.78765737 1.94690448 1.27544677 1.13493603]
 [1.38595709 1.63047974 1.53051752 2.05196032 1.2273766  1.05727358
  1.8168715  1.23198784 1.53983742 1.66801945]
 [1.44121971 1.00958929 1.1394793  1.99259753 1.93325459 1.08667456
  1.2041215  2.91703284 1.48084929 1.63174789]
 [2.33128974 2.84691444 1.27265971 1.56346864 2.14771941 2.16322008
  2.75382125 2.24237967 1.72875025 1.69653976]
 [1.30144894 2.25581327 1.92844373 1.31854123 1.46629275 1.83045468
  2.72199371 1.25165356 2.01766252 2.5406332 ]]
Rh: [[18.89789609  2.58278723  2.4252453  13.72956353  3.24649391  6.50456355
   9.67470731 15.72554105  6.98093371  4.19724616  1.16543945]
 [ 1.17859756  3.0986709   8.47481942 11.81978295  2.08829155  6.86240602
   1.67467175 16.40413092  1.14585403  1.64479289  7.19327112]
 [14.87646285  1.70808832 10.93944899  4.48131724  3.73360971  4.86359668
   5.60192668  5.07598556  9.38950937 11.58918101  1.11268038]
 [ 1.79432369  2.43170332  2.42081683 14.83856296  2.41319563 11.00327886
  11.30490764  1.28718286  2.47978177  7.66089725  5.72039529]
 [ 7.09637145 18.84342942  6.34188148  1.07375168  7.55461079 11.41351167
  11.96243388  2.8116985   2.46112335  5.67741064  1.13238803]
 [ 3.8511205   4.59402539  4.7348439   4.13030321  5.58601993 11.40581543
  12.21000441  1.65174269  1.31133363  1.30886703  1.7630233 ]
 [ 2.86719918  1.4600524  12.24913586  1.3133141  12.59135333  1.18641558
   2.15411082 15.69186504  1.12163155  1.68669021  4.19228788]
 [ 6.614726   15.54803972  1.90618189  4.91429286  8.42147167  4.56840955
   4.09089601  2.42776297  4.99850944  4.18167108  7.59179172]
 [ 2.02901624  2.5010766  16.39372257  1.20106558  5.74145249  6.10277391
   9.88574441  2.9084218   6.17152723  3.68502688  2.81763649]
 [ 6.55714092  3.21060784  1.72224138  6.70081402  2.37940909  7.65722285
  17.83468576  1.61187709  5.71412059  1.41105989  4.25472613]]
Rv: [[ 7.74846469  7.76382637  5.40655528 18.96305249  1.36837255 18.401456
   6.08007291  5.9961309   1.97666755  4.25997847]
 [ 2.07236705  1.3181753  10.36564504  1.50111939 10.90846836 14.24609667
   3.2794296  10.73333233  4.37284956  2.56794273]
 [ 1.2358582   5.19896201 13.50235864  3.49803168  1.77350235  2.58201428
   1.4882131   5.5705457   1.46260213  1.9331074 ]
 [11.96208877 10.96077077  6.67355659 16.28545788  7.01751401  2.52115787
  12.48586212  1.01079987  9.48964563  2.49381849]
 [ 3.92027139  8.92792709  1.25468118  6.45154468  1.21907918  2.96265288
   2.50760496  4.2552843   1.56768207  3.54062997]
 [ 2.8822056   3.31804423  3.39032639  1.77832966 16.08563374 12.61154694
   1.07068622  8.28996976 13.81849171  5.96605856]
 [ 9.55633204  4.65800038  4.0419683   9.89557212  3.40719257  1.01641398
   3.42388103 14.55267757  3.03747552  4.75101237]
 [ 7.77395644  1.8127651   1.16831817  3.99313888 11.14907922  3.48183444
   7.0202849  14.09992495  3.94245569  2.55793269]
 [ 4.07138957  1.60153339 17.44613576  8.83559937  8.42419656  5.30974499
  12.30051881  1.26643806  7.152896   18.85697162]]