-------Running parameters--------
T = 0.0
gap = 0
M = 10
N = 10
VR = 0.0
Vmin = 0.0
Vmax = 3.0
vStep = 0.01
vSym = True
repeats = 20
fileName = array_10_10_c_r_disorder_run_2
dist = exp
fullOutput = True
use_graph = False
current_map = True
plot_current_map = False
plot_binary_current_map = False
dbg = False
resume = False
sc = False
leaping = False
constQ = False
modifyR = False
output_folder = 2d_array_bgu_low_vg
params_path = 
VG_avg = -3.5
VG_std = 0.0
C_avg = 2.0
C_std = 1.0
CG_avg = 10.0
CG_std = 0.0
R_avg = 10.0
R_std = 9.0
custom_rh = ""
custom_rv = ""
custom_ch = ""
custom_cv = ""
RG_avg = 500.0
RG_std = 0.0
n0_avg = 0.0
n0_std = 0.0
Q0_avg = 0.0
Q0_std = 0.0
----Array Parameters-----
Rows: 10
Columns: 10
VG: [[-3.5]
 [-3.5]
 [-3.5]
 [-3.5]
 [-3.5]
 [-3.5]
 [-3.5]
 [-3.5]
 [-3.5]
 [-3.5]
 [-3.5]
 [-3.5]
 [-3.5]
 [-3.5]
 [-3.5]
 [-3.5]
 [-3.5]
 [-3.5]
 [-3.5]
 [-3.5]
 [-3.5]
 [-3.5]
 [-3.5]
 [-3.5]
 [-3.5]
 [-3.5]
 [-3.5]
 [-3.5]
 [-3.5]
 [-3.5]
 [-3.5]
 [-3.5]
 [-3.5]
 [-3.5]
 [-3.5]
 [-3.5]
 [-3.5]
 [-3.5]
 [-3.5]
 [-3.5]
 [-3.5]
 [-3.5]
 [-3.5]
 [-3.5]
 [-3.5]
 [-3.5]
 [-3.5]
 [-3.5]
 [-3.5]
 [-3.5]
 [-3.5]
 [-3.5]
 [-3.5]
 [-3.5]
 [-3.5]
 [-3.5]
 [-3.5]
 [-3.5]
 [-3.5]
 [-3.5]
 [-3.5]
 [-3.5]
 [-3.5]
 [-3.5]
 [-3.5]
 [-3.5]
 [-3.5]
 [-3.5]
 [-3.5]
 [-3.5]
 [-3.5]
 [-3.5]
 [-3.5]
 [-3.5]
 [-3.5]
 [-3.5]
 [-3.5]
 [-3.5]
 [-3.5]
 [-3.5]
 [-3.5]
 [-3.5]
 [-3.5]
 [-3.5]
 [-3.5]
 [-3.5]
 [-3.5]
 [-3.5]
 [-3.5]
 [-3.5]
 [-3.5]
 [-3.5]
 [-3.5]
 [-3.5]
 [-3.5]
 [-3.5]
 [-3.5]
 [-3.5]
 [-3.5]
 [-3.5]]
CG: [[10.]
 [10.]
 [10.]
 [10.]
 [10.]
 [10.]
 [10.]
 [10.]
 [10.]
 [10.]
 [10.]
 [10.]
 [10.]
 [10.]
 [10.]
 [10.]
 [10.]
 [10.]
 [10.]
 [10.]
 [10.]
 [10.]
 [10.]
 [10.]
 [10.]
 [10.]
 [10.]
 [10.]
 [10.]
 [10.]
 [10.]
 [10.]
 [10.]
 [10.]
 [10.]
 [10.]
 [10.]
 [10.]
 [10.]
 [10.]
 [10.]
 [10.]
 [10.]
 [10.]
 [10.]
 [10.]
 [10.]
 [10.]
 [10.]
 [10.]
 [10.]
 [10.]
 [10.]
 [10.]
 [10.]
 [10.]
 [10.]
 [10.]
 [10.]
 [10.]
 [10.]
 [10.]
 [10.]
 [10.]
 [10.]
 [10.]
 [10.]
 [10.]
 [10.]
 [10.]
 [10.]
 [10.]
 [10.]
 [10.]
 [10.]
 [10.]
 [10.]
 [10.]
 [10.]
 [10.]
 [10.]
 [10.]
 [10.]
 [10.]
 [10.]
 [10.]
 [10.]
 [10.]
 [10.]
 [10.]
 [10.]
 [10.]
 [10.]
 [10.]
 [10.]
 [10.]
 [10.]
 [10.]
 [10.]
 [10.]]
RG: [[500.]
 [500.]
 [500.]
 [500.]
 [500.]
 [500.]
 [500.]
 [500.]
 [500.]
 [500.]
 [500.]
 [500.]
 [500.]
 [500.]
 [500.]
 [500.]
 [500.]
 [500.]
 [500.]
 [500.]
 [500.]
 [500.]
 [500.]
 [500.]
 [500.]
 [500.]
 [500.]
 [500.]
 [500.]
 [500.]
 [500.]
 [500.]
 [500.]
 [500.]
 [500.]
 [500.]
 [500.]
 [500.]
 [500.]
 [500.]
 [500.]
 [500.]
 [500.]
 [500.]
 [500.]
 [500.]
 [500.]
 [500.]
 [500.]
 [500.]
 [500.]
 [500.]
 [500.]
 [500.]
 [500.]
 [500.]
 [500.]
 [500.]
 [500.]
 [500.]
 [500.]
 [500.]
 [500.]
 [500.]
 [500.]
 [500.]
 [500.]
 [500.]
 [500.]
 [500.]
 [500.]
 [500.]
 [500.]
 [500.]
 [500.]
 [500.]
 [500.]
 [500.]
 [500.]
 [500.]
 [500.]
 [500.]
 [500.]
 [500.]
 [500.]
 [500.]
 [500.]
 [500.]
 [500.]
 [500.]
 [500.]
 [500.]
 [500.]
 [500.]
 [500.]
 [500.]
 [500.]
 [500.]
 [500.]
 [500.]]
Ch: [[1.34187744 2.58030621 1.86326953 2.48845235 1.57120595 1.73791309
  2.36802085 1.5334811  2.29472198 1.69862326 1.79977353]
 [1.07217833 2.22041244 2.61885091 2.24303662 1.03443666 2.46792849
  2.39282499 1.50385018 2.61383992 2.59256846 2.48692882]
 [1.16960387 1.07924456 1.72886975 2.81093104 2.21569694 1.04254021
  1.85415349 2.13862248 1.13419544 1.89530566 1.58228364]
 [2.61991274 1.15721668 1.75161255 2.19436995 1.044062   2.75333387
  1.33560787 2.23392763 2.37286455 1.841717   2.09578009]
 [2.45475843 2.13516344 2.42336043 2.45446809 1.52803028 1.43218911
  2.65812554 2.77107039 1.69518732 1.5869266  1.34288298]
 [1.02499249 1.99535222 1.21836924 2.36063962 1.12274464 2.35224932
  1.22273808 1.47285192 1.04345887 1.53956094 1.062419  ]
 [1.03482744 2.80618563 2.51277774 2.05560363 1.60081587 1.63629096
  2.17357769 2.23336917 1.53026399 1.40055554 1.66797184]
 [1.98430669 2.98449751 2.86093798 1.41630082 2.96340049 1.84336085
  1.09750419 2.73834276 1.21479874 1.00407971 2.12467255]
 [1.44143666 2.64952254 1.12856272 1.10010546 2.01241808 2.30500431
  1.75150887 2.74160514 1.50494627 1.42188182 2.88256055]
 [2.92843431 2.57077656 2.97715071 2.75441185 1.85154102 1.62509559
  1.54879927 1.34062666 1.84620864 1.37154903 2.33318432]]
Cv: [[0.         0.         0.         0.         0.         0.
  0.         0.         0.         0.        ]
 [1.17495034 1.16779062 1.46787617 2.98563761 1.0909591  1.37895311
  1.60720067 2.89632971 2.86201797 1.5775534 ]
 [1.06753058 2.47869679 2.47000675 1.12713316 1.25266045 2.7953503
  2.57493617 1.79057532 1.35379522 1.01189968]
 [2.68498293 1.16302997 1.39430481 1.88055782 1.98681269 1.82988039
  1.91997129 2.62063976 2.59685711 1.07301057]
 [2.1171135  1.11609572 1.92136821 2.28364775 1.17079157 1.52140101
  1.20015202 2.10928628 2.65811611 1.07489676]
 [1.18408442 1.28182964 2.06284188 1.29167658 1.12421795 2.48222147
  1.82323265 2.54394312 1.74111619 1.84929841]
 [2.22056989 1.63332251 2.34685555 1.50441391 2.41148016 2.00821992
  1.95229996 2.58824729 2.17003409 1.81332501]
 [2.39764883 2.57077829 1.25637077 1.41197475 2.03241579 1.04293845
  1.3954211  1.18091158 1.94894491 2.41388143]
 [1.70066097 2.51813358 2.60557229 1.0195107  1.14155563 1.51684651
  1.14607756 1.08226037 1.53249328 1.5058599 ]
 [1.08081089 2.96143452 1.07576717 2.43716281 1.75053697 2.49520622
  2.18370082 2.26924741 1.27757552 1.30869922]]
Rh: [[ 2.16833049  1.38041004  2.74490422  6.18400103  1.05536179 15.70718703
   5.55754692  8.19698523  6.1463256   6.50974555  2.32855557]
 [ 1.11610807 11.52935808  1.51319412 18.47905056 11.8508791   1.26200051
   3.63921737  5.96895334  3.26138021  5.83360247  7.81648216]
 [ 1.63018835  6.81372714 10.77028415  1.22313662  2.28769472  2.91338841
   4.0891422   1.65113355  1.32982353  8.07002635 10.21628611]
 [ 1.16626393  1.21509399 12.64859344  1.22058823  1.53346136 18.17169416
   4.89008196  1.90517066 16.57501528  5.97184456  2.75700239]
 [ 3.11205375 15.80521167  9.48124195  2.31936575  2.37415513  1.44066225
   3.35084523  1.63758706  1.27131935  8.76690371  2.01307735]
 [ 1.16661278  1.12707387  1.33665287  1.98903486  3.34385286  1.73538133
   1.20016762  3.52843396  5.36102935  1.78860179  4.31402628]
 [ 4.0514807  18.8088763  14.47474277  3.89047933  1.48300592 11.41530759
   1.31842203  2.0356166  13.33688343  1.26509082  3.17022309]
 [ 1.30655127  1.36411802 17.28179142  1.32394405  2.01805871  1.15965454
   1.09453988 15.76675368  1.97100971 15.01541266  2.50847971]
 [ 1.12516674  8.79210226  1.06916198  9.39688707 17.34856261  6.06075008
  16.89224498  1.86759289  2.88510421  2.5342625   1.05468403]
 [ 1.00531692 18.60769926 16.50506095 17.88755773  1.6357976   3.12922795
  11.33047363 15.31031695  1.50752895  4.51347797 15.01071569]]
Rv: [[ 7.16750461  2.79100953  1.94154262  1.14568694  1.92757049 10.92557344
   2.61926273  2.24605868  2.69684983  5.76451843]
 [ 2.12678411  4.06886074  1.40092484 11.91184738  6.54847456  1.1280512
   2.96324665  2.78685128  6.52495596  2.60733662]
 [ 3.80070383  5.99422262 10.6652768   4.90056783 14.14502568  3.24539475
   4.99869616  7.44611717  7.94314738  1.35798467]
 [ 1.70786373  2.8427507   7.91922858 12.34158631 18.10285332  1.09628797
   6.3205559  10.14629453 18.2419611   5.86216606]
 [ 8.60942586 13.3025643   4.4437342  14.45509492  2.19536483  9.38480303
   4.76739671  6.70063676  3.55966014  2.27694585]
 [ 3.91593773  2.71654407  8.72056939  9.0853707   2.45637695  1.5629972
  17.90892918  4.75022767 12.28707557 17.38925231]
 [ 1.40427002  3.02878866 16.87045648  3.32742015  1.38859943 18.17308606
  10.57555413  2.34202709  5.37089556  2.46318518]
 [11.23353365  5.37829368  8.97563553  5.32686969  1.97899524  1.82685372
  16.64167924  1.5125105   8.84233534  5.98502117]
 [ 2.21170106 14.89799054  2.86085223  3.346865    4.71837206  6.33352914
   8.94331448  2.0291536   1.38510915 10.095859  ]]