-------Running parameters--------
T = 0.006
temperature_gradient = 0.0
gap = 0
M = 10
N = 10
VR = 0.0
Vmin = 0.0
Vmax = 1.1
vStep = 0.01
vSym = True
repeats = 20
fileName = array_10_10_disorder_T_0.006_run_2
dist = exp
fullOutput = True
use_graph = False
current_map = True
plot_current_map = False
plot_binary_current_map = False
frame_norm = False
dbg = False
resume = False
sc = False
leaping = False
constQ = False
modifyR = False
double_time = False
double_loop = False
output_folder = bgu_2d_array_finite_temperature
params_path = bgu_2d_array_temperature_gradient/runningParameters_array_10_10_disorder_t_grad_0.001_run_2.txt
VG_avg = 0.0
VG_std = 0.0
C_avg = 2.0
C_std = 1.0
CG_avg = 10.0
CG_std = 0.0
R_avg = 10.0
R_std = 9.0
custom_rh = ""
custom_rv = ""
custom_ch = ""
custom_cv = ""
RG_avg = 500.0
RG_std = 0.0
n0_avg = 0.0
n0_std = 0.0
Q0_avg = 0.0
Q0_std = 0.0
----Array Parameters-----
Rows: 10
Columns: 10
VG: [[0.]
 [0.]
 [0.]
 [0.]
 [0.]
 [0.]
 [0.]
 [0.]
 [0.]
 [0.]
 [0.]
 [0.]
 [0.]
 [0.]
 [0.]
 [0.]
 [0.]
 [0.]
 [0.]
 [0.]
 [0.]
 [0.]
 [0.]
 [0.]
 [0.]
 [0.]
 [0.]
 [0.]
 [0.]
 [0.]
 [0.]
 [0.]
 [0.]
 [0.]
 [0.]
 [0.]
 [0.]
 [0.]
 [0.]
 [0.]
 [0.]
 [0.]
 [0.]
 [0.]
 [0.]
 [0.]
 [0.]
 [0.]
 [0.]
 [0.]
 [0.]
 [0.]
 [0.]
 [0.]
 [0.]
 [0.]
 [0.]
 [0.]
 [0.]
 [0.]
 [0.]
 [0.]
 [0.]
 [0.]
 [0.]
 [0.]
 [0.]
 [0.]
 [0.]
 [0.]
 [0.]
 [0.]
 [0.]
 [0.]
 [0.]
 [0.]
 [0.]
 [0.]
 [0.]
 [0.]
 [0.]
 [0.]
 [0.]
 [0.]
 [0.]
 [0.]
 [0.]
 [0.]
 [0.]
 [0.]
 [0.]
 [0.]
 [0.]
 [0.]
 [0.]
 [0.]
 [0.]
 [0.]
 [0.]
 [0.]]
CG: [[10.]
 [10.]
 [10.]
 [10.]
 [10.]
 [10.]
 [10.]
 [10.]
 [10.]
 [10.]
 [10.]
 [10.]
 [10.]
 [10.]
 [10.]
 [10.]
 [10.]
 [10.]
 [10.]
 [10.]
 [10.]
 [10.]
 [10.]
 [10.]
 [10.]
 [10.]
 [10.]
 [10.]
 [10.]
 [10.]
 [10.]
 [10.]
 [10.]
 [10.]
 [10.]
 [10.]
 [10.]
 [10.]
 [10.]
 [10.]
 [10.]
 [10.]
 [10.]
 [10.]
 [10.]
 [10.]
 [10.]
 [10.]
 [10.]
 [10.]
 [10.]
 [10.]
 [10.]
 [10.]
 [10.]
 [10.]
 [10.]
 [10.]
 [10.]
 [10.]
 [10.]
 [10.]
 [10.]
 [10.]
 [10.]
 [10.]
 [10.]
 [10.]
 [10.]
 [10.]
 [10.]
 [10.]
 [10.]
 [10.]
 [10.]
 [10.]
 [10.]
 [10.]
 [10.]
 [10.]
 [10.]
 [10.]
 [10.]
 [10.]
 [10.]
 [10.]
 [10.]
 [10.]
 [10.]
 [10.]
 [10.]
 [10.]
 [10.]
 [10.]
 [10.]
 [10.]
 [10.]
 [10.]
 [10.]
 [10.]]
RG: [[500.]
 [500.]
 [500.]
 [500.]
 [500.]
 [500.]
 [500.]
 [500.]
 [500.]
 [500.]
 [500.]
 [500.]
 [500.]
 [500.]
 [500.]
 [500.]
 [500.]
 [500.]
 [500.]
 [500.]
 [500.]
 [500.]
 [500.]
 [500.]
 [500.]
 [500.]
 [500.]
 [500.]
 [500.]
 [500.]
 [500.]
 [500.]
 [500.]
 [500.]
 [500.]
 [500.]
 [500.]
 [500.]
 [500.]
 [500.]
 [500.]
 [500.]
 [500.]
 [500.]
 [500.]
 [500.]
 [500.]
 [500.]
 [500.]
 [500.]
 [500.]
 [500.]
 [500.]
 [500.]
 [500.]
 [500.]
 [500.]
 [500.]
 [500.]
 [500.]
 [500.]
 [500.]
 [500.]
 [500.]
 [500.]
 [500.]
 [500.]
 [500.]
 [500.]
 [500.]
 [500.]
 [500.]
 [500.]
 [500.]
 [500.]
 [500.]
 [500.]
 [500.]
 [500.]
 [500.]
 [500.]
 [500.]
 [500.]
 [500.]
 [500.]
 [500.]
 [500.]
 [500.]
 [500.]
 [500.]
 [500.]
 [500.]
 [500.]
 [500.]
 [500.]
 [500.]
 [500.]
 [500.]
 [500.]
 [500.]]
Ch: [[1.66590361 1.03110822 2.50200305 1.65680507 2.54085702 2.77564199
  2.90403467 1.07829563 1.31470203 1.12232043 1.09793757]
 [2.7368539  2.03221154 1.25829944 1.02839276 1.40590866 1.61987399
  1.69831495 2.86846751 2.00181566 1.29846552 2.54872092]
 [1.13845882 1.23193786 1.00757069 2.95336051 2.08612588 1.96036625
  1.90596906 2.93686345 2.6586964  1.60716175 2.66527025]
 [1.32151034 1.03186003 1.01536539 1.00162631 1.87898384 2.3243923
  1.13702983 1.0283168  2.04388483 2.99779306 2.0723687 ]
 [1.40841485 1.02704124 1.25544614 1.97692081 1.34504773 1.08873524
  1.86222225 2.58770291 2.26236441 1.54385413 1.61047669]
 [2.82954339 2.77693193 1.01184759 1.57260917 1.94417748 2.67915326
  1.51953749 2.36028151 1.40514757 2.51091095 2.53114037]
 [1.51772278 2.73861352 2.08790807 1.17306511 2.00159165 2.587258
  2.95269067 1.1454456  2.41128479 1.73669573 1.22771367]
 [1.11940178 2.78729781 2.40300739 1.28620119 1.38775303 2.33844147
  1.17319609 2.59317728 1.46046855 1.69334337 1.8104481 ]
 [2.79015873 1.60089519 2.49731445 1.44515027 1.21924866 1.38138533
  1.46038296 1.44189977 2.81132896 1.1954492  1.02573636]
 [2.29634405 1.31393269 1.94287027 1.30465474 2.04747175 2.5554186
  2.32355593 1.05942941 1.41060417 1.59260296 2.13123194]]
Cv: [[0.         0.         0.         0.         0.         0.
  0.         0.         0.         0.        ]
 [2.2707357  1.04145192 1.86812816 1.21170543 1.31272886 2.70725548
  2.02425873 1.85153537 1.85739038 1.5512594 ]
 [1.79353246 1.31451672 1.45298601 1.36902065 1.10994088 1.1271953
  1.06239933 1.7271927  1.1382067  1.03300771]
 [1.69663843 1.87887468 1.18794421 2.49715837 2.16378975 1.70301546
  2.64141983 2.8374435  1.79147486 1.1896404 ]
 [1.34385654 1.45748224 1.04709711 2.68583655 2.2658648  1.0808208
  2.56679878 2.82991289 2.26695005 1.76949167]
 [2.32079856 1.04356205 2.28896543 2.50839577 1.02676129 1.92535492
  2.75921461 1.94729005 1.51091003 2.85847669]
 [1.43849769 1.08012267 1.4885835  2.09443997 1.87205203 2.96118784
  2.1002351  2.25007328 2.69331311 1.39710427]
 [1.91093803 1.96889691 1.12660753 2.46903865 2.40585881 2.92219966
  2.23770296 2.26039123 2.88449635 2.01253123]
 [1.48221429 1.49795389 1.07087457 2.69428714 2.45368723 2.46847568
  2.24088696 1.55606057 1.95723833 2.22900104]
 [2.62872132 1.04675294 1.22404968 2.40644564 1.5145143  1.27473595
  2.47565751 2.21392334 1.79668591 1.35726375]]
Rh: [[ 3.48239578  2.07363057  5.90744263  1.22046893  1.76838536  1.49124241
   4.96683832 14.91846683 11.28906878  1.49415139 11.89697697]
 [ 1.9555261   1.99544346  1.12084248  8.43329868  1.16458166  2.63448849
  10.6818321   7.51609017  5.89611264  2.38813025  3.38820427]
 [ 5.2789393  18.7946085   4.59943563  1.03835887  8.50893887 10.08436216
   1.36834189  3.45883771  3.10019548  1.18515237  6.12558783]
 [ 1.63488382  2.57255434  1.03052557  4.46156983  1.83118811 14.51217571
  17.14622036  7.97548296 16.77964408  7.59298681 13.50007677]
 [16.05034299  2.06607732  3.00257611  8.28073165  1.06706948  7.60980888
   4.14672835  9.84674014  2.81374214  1.14393213  1.53975959]
 [ 3.29442315  2.85786069 16.7007446  14.1704717   1.81383039 14.22603059
   3.85513517  3.32660656  1.17532625  4.27812355 14.68560123]
 [ 2.82459567  1.06107891  3.43651709  3.25951897  7.90693408  2.81157898
   8.13942771  3.36966168  3.48899045  9.63632985  5.23053161]
 [ 1.27888295  1.50342359 13.55263893  1.10044731  1.68318847  5.26963482
  12.97917399  9.40897556  4.30068705  9.40734372  1.32549351]
 [13.75058185  7.08460801 16.97963618  2.71161676  9.55378075 10.3131706
  10.16393082  7.87937237 16.40279123  3.6209163   2.87335439]
 [ 2.63310443  9.93599848  2.72203617  5.0446968   2.11355705  3.08511496
   3.46193972  1.60476288  1.80129228  1.30463675  1.15037201]]
Rv: [[ 1.01341219 14.89420894  9.72597976  7.3951846   1.38436449  7.6963603
   3.03260593 16.91353325  2.00958728  3.74850011]
 [ 1.62718255  6.36593899  3.59515911 14.17871636  1.65570974  4.51770542
   7.33532218 10.30867933 12.20046131 12.99141703]
 [15.33872946  9.0976626   9.5212531   4.46596304  2.37451668  1.06370734
   1.15948614 14.96872626 13.03636019 17.62830392]
 [ 8.57799062  3.28178303  1.27229388  6.81532799 12.51254014 14.09637666
  17.81912913  2.89220945  4.34692621  7.85490652]
 [12.16115532  3.91004014 15.64526278 17.56541903 14.06324373  1.54409542
   3.01329621  3.78560269  2.24435951  3.83696681]
 [10.06764408 10.17826275  6.85611869  6.35903507 16.14385457 12.37027651
   3.37701483  5.4191936  12.53662963 15.05692214]
 [16.72542847  5.37828484 13.36351419  1.22086241 13.45803933  1.37348078
   8.11007864  1.32247036  6.66920884 12.37474845]
 [ 1.1695106   3.42595939  2.28493633  3.47258199  1.37834342  3.38160624
   6.81848003  5.913239   12.25363177  1.38247001]
 [ 3.25807795 10.71493354 12.7156783   6.22871545  4.28831842  1.01694071
   4.96731682 13.25795572 16.7175955   1.05335819]]