-------Running parameters--------
T = 0.001
temperature_gradient = 0.0
gap = 0
M = 10
N = 10
VR = 0.0
Vmin = 0.0
Vmax = 1.1
vStep = 0.01
vSym = True
repeats = 20
fileName = array_10_10_disorder_T_0.001_run_3
dist = exp
fullOutput = True
use_graph = False
current_map = True
plot_current_map = False
plot_binary_current_map = False
frame_norm = False
dbg = False
resume = False
sc = False
leaping = False
constQ = False
modifyR = False
double_time = False
double_loop = False
output_folder = bgu_2d_array_finite_temperature
params_path = bgu_2d_array_temperature_gradient/runningParameters_array_10_10_disorder_t_grad_0_run_3.txt
VG_avg = 0.0
VG_std = 0.0
C_avg = 2.0
C_std = 1.0
CG_avg = 10.0
CG_std = 0.0
R_avg = 10.0
R_std = 9.0
custom_rh = ""
custom_rv = ""
custom_ch = ""
custom_cv = ""
RG_avg = 500.0
RG_std = 0.0
n0_avg = 0.0
n0_std = 0.0
Q0_avg = 0.0
Q0_std = 0.0
----Array Parameters-----
Rows: 10
Columns: 10
VG: [[0.]
 [0.]
 [0.]
 [0.]
 [0.]
 [0.]
 [0.]
 [0.]
 [0.]
 [0.]
 [0.]
 [0.]
 [0.]
 [0.]
 [0.]
 [0.]
 [0.]
 [0.]
 [0.]
 [0.]
 [0.]
 [0.]
 [0.]
 [0.]
 [0.]
 [0.]
 [0.]
 [0.]
 [0.]
 [0.]
 [0.]
 [0.]
 [0.]
 [0.]
 [0.]
 [0.]
 [0.]
 [0.]
 [0.]
 [0.]
 [0.]
 [0.]
 [0.]
 [0.]
 [0.]
 [0.]
 [0.]
 [0.]
 [0.]
 [0.]
 [0.]
 [0.]
 [0.]
 [0.]
 [0.]
 [0.]
 [0.]
 [0.]
 [0.]
 [0.]
 [0.]
 [0.]
 [0.]
 [0.]
 [0.]
 [0.]
 [0.]
 [0.]
 [0.]
 [0.]
 [0.]
 [0.]
 [0.]
 [0.]
 [0.]
 [0.]
 [0.]
 [0.]
 [0.]
 [0.]
 [0.]
 [0.]
 [0.]
 [0.]
 [0.]
 [0.]
 [0.]
 [0.]
 [0.]
 [0.]
 [0.]
 [0.]
 [0.]
 [0.]
 [0.]
 [0.]
 [0.]
 [0.]
 [0.]
 [0.]]
CG: [[10.]
 [10.]
 [10.]
 [10.]
 [10.]
 [10.]
 [10.]
 [10.]
 [10.]
 [10.]
 [10.]
 [10.]
 [10.]
 [10.]
 [10.]
 [10.]
 [10.]
 [10.]
 [10.]
 [10.]
 [10.]
 [10.]
 [10.]
 [10.]
 [10.]
 [10.]
 [10.]
 [10.]
 [10.]
 [10.]
 [10.]
 [10.]
 [10.]
 [10.]
 [10.]
 [10.]
 [10.]
 [10.]
 [10.]
 [10.]
 [10.]
 [10.]
 [10.]
 [10.]
 [10.]
 [10.]
 [10.]
 [10.]
 [10.]
 [10.]
 [10.]
 [10.]
 [10.]
 [10.]
 [10.]
 [10.]
 [10.]
 [10.]
 [10.]
 [10.]
 [10.]
 [10.]
 [10.]
 [10.]
 [10.]
 [10.]
 [10.]
 [10.]
 [10.]
 [10.]
 [10.]
 [10.]
 [10.]
 [10.]
 [10.]
 [10.]
 [10.]
 [10.]
 [10.]
 [10.]
 [10.]
 [10.]
 [10.]
 [10.]
 [10.]
 [10.]
 [10.]
 [10.]
 [10.]
 [10.]
 [10.]
 [10.]
 [10.]
 [10.]
 [10.]
 [10.]
 [10.]
 [10.]
 [10.]
 [10.]]
RG: [[500.]
 [500.]
 [500.]
 [500.]
 [500.]
 [500.]
 [500.]
 [500.]
 [500.]
 [500.]
 [500.]
 [500.]
 [500.]
 [500.]
 [500.]
 [500.]
 [500.]
 [500.]
 [500.]
 [500.]
 [500.]
 [500.]
 [500.]
 [500.]
 [500.]
 [500.]
 [500.]
 [500.]
 [500.]
 [500.]
 [500.]
 [500.]
 [500.]
 [500.]
 [500.]
 [500.]
 [500.]
 [500.]
 [500.]
 [500.]
 [500.]
 [500.]
 [500.]
 [500.]
 [500.]
 [500.]
 [500.]
 [500.]
 [500.]
 [500.]
 [500.]
 [500.]
 [500.]
 [500.]
 [500.]
 [500.]
 [500.]
 [500.]
 [500.]
 [500.]
 [500.]
 [500.]
 [500.]
 [500.]
 [500.]
 [500.]
 [500.]
 [500.]
 [500.]
 [500.]
 [500.]
 [500.]
 [500.]
 [500.]
 [500.]
 [500.]
 [500.]
 [500.]
 [500.]
 [500.]
 [500.]
 [500.]
 [500.]
 [500.]
 [500.]
 [500.]
 [500.]
 [500.]
 [500.]
 [500.]
 [500.]
 [500.]
 [500.]
 [500.]
 [500.]
 [500.]
 [500.]
 [500.]
 [500.]
 [500.]]
Ch: [[1.48809154 2.19777046 2.06621191 2.395565   2.39719154 2.04941834
  1.81252034 1.14992862 1.18312522 1.95761014 1.07941273]
 [1.65182523 1.76030597 1.86522109 1.22660877 2.00548728 1.10224227
  2.20797493 2.4843475  1.50188698 1.26214647 1.94011271]
 [2.20885054 1.05954323 2.18256029 1.73569413 2.72909196 2.05681302
  2.60632556 2.56136039 2.8020332  2.50679018 1.17546919]
 [1.09981295 2.00305136 1.27797164 1.73470776 1.23239896 2.46561052
  1.96362011 1.52184938 1.20670262 1.71760381 2.21231777]
 [1.58169224 2.29799198 2.1977036  1.2116337  1.15058177 2.17730125
  1.42204952 1.77181347 2.29504863 2.36057982 2.83666901]
 [2.7029179  1.38949378 1.16327881 2.7865457  1.06177383 2.70658703
  2.61868528 1.27616266 1.07107808 1.93456188 1.82299112]
 [1.56704066 2.76941604 2.29428981 1.05445329 1.46379813 1.32156653
  2.34758397 2.61831947 2.25431849 1.30251992 1.58187828]
 [1.52128513 2.18506623 1.76528631 1.56090716 2.05226432 2.3230339
  2.03466518 1.78143073 2.02164283 2.84119195 1.87753282]
 [2.83939955 2.17414225 2.13388001 2.02294692 1.44152697 1.3001102
  2.16786406 1.62877983 2.39463329 1.37435057 1.39188486]
 [1.2019136  1.39719676 1.52044654 1.18047029 1.44272267 1.38671699
  1.29023218 1.13708996 2.78561343 2.68160629 2.12480486]]
Cv: [[0.         0.         0.         0.         0.         0.
  0.         0.         0.         0.        ]
 [2.93737328 1.20898141 1.29847248 1.75649064 2.14249041 2.04195758
  1.10803684 2.03303268 1.11548416 1.73697438]
 [2.54870157 1.14617061 2.94979159 2.44817233 1.58385219 1.27645822
  1.04276827 1.8009212  1.30951597 1.4530113 ]
 [1.77481069 1.13354292 2.10618486 2.58793451 1.3433813  1.30077801
  1.00452768 1.9927625  2.09583973 1.84780619]
 [1.04290247 1.07481771 1.97792364 1.41536845 1.90028399 1.64836717
  2.90682779 2.02972751 2.61360293 1.16424634]
 [1.70609666 1.26962559 2.43278784 2.04947324 2.97349265 1.57125281
  2.40815479 1.25706352 1.05886515 1.12830123]
 [2.3309202  1.84656642 2.00399232 1.59199634 1.11895904 1.74765995
  2.81632197 1.5777607  1.7142374  1.30518657]
 [1.12235653 1.56294993 1.97630035 2.45374409 1.14787432 1.48842103
  1.26424801 2.98163758 2.36906948 1.94408802]
 [2.09619196 1.51870609 1.23821956 1.3259689  2.98408473 2.79780227
  1.19275652 1.80373405 1.97846264 1.66381521]
 [1.78072272 2.74414117 1.55289374 1.48995418 1.58530882 1.88494454
  1.05674187 1.12632541 1.42619663 1.84191057]]
Rh: [[15.09411701 10.43320277 17.9055279   9.91235875  2.99861626  4.93427136
  11.60346152  8.90612686 18.24287947  9.12674796  2.15008478]
 [ 2.59843743 14.17683578  3.33058453  1.03163022 12.94714625 12.58082078
  16.61566018  2.77900308  3.4589648   4.15820941  1.5324083 ]
 [ 2.69177158  7.2857702   3.25379056  3.53107357  1.9971314   1.55233323
   1.88928743  1.35868518  8.26728523  1.09590475  2.59731633]
 [ 9.64666415 10.86144119  4.2855546   2.84112177 14.46244346 15.13072946
   4.51381767 11.46430979  8.35337097  3.32824852  5.39665486]
 [ 6.71626048  1.64864512  4.34996963  6.0393986   3.17622466  1.4608352
   1.51460551 14.05329834  9.64436492 18.54908888  3.44328453]
 [ 8.06709928  2.55612844 11.12636591  7.18014151  3.62084134  3.34252033
   2.81551032  2.3118086  15.08229088 16.17481474  1.65742454]
 [ 1.23696519  1.43637578  1.66687507  7.99577785  2.38134764  3.65930733
  10.06401279  1.14421293  8.07242488  1.51352732  3.57432743]
 [ 9.16899925  4.18897951  1.0618334   1.32237201  4.43227969  7.5318085
   1.89912428  3.98053655  2.05034536  8.19834081 12.62693012]
 [18.04959907 13.81491498  1.64077816  2.57937853  6.88079035  5.05305049
  13.53748452  4.3790826   5.88324946  2.40599859  6.25801311]
 [ 1.06260142  6.07554969 16.55149072  9.7937776   4.56780285  1.05277361
   3.14099582  2.09973291  6.88459419  2.99111927  3.87954473]]
Rv: [[18.1215481   6.89522432  1.07653253  5.65800103  7.29420286 16.98138325
   4.08826897  7.98000105  1.19050592  3.549775  ]
 [15.46573693  1.66730967  3.13155866  8.22605727  1.19820316  1.39041518
   4.51979051  1.40854513  2.37547849 18.61175256]
 [ 1.54557329  1.57409771  3.95154515 15.00080087  1.29872039  1.45070731
  10.13047712  1.5106943   4.16387853 10.83159761]
 [ 2.14838629  1.4657167   1.67100964  2.37608681  1.99858394  3.21306557
   2.69964237 17.89626822 16.20752848 14.29274244]
 [ 1.28184406  3.3255438   1.79438395  1.43720186  3.81324692  1.61573152
   3.83284028  2.13102007 13.40570778  8.02734519]
 [ 1.11237375  6.92656753  2.04715532 10.76392814  7.97153825  3.0309971
  16.21348312  2.55168894  4.21109512 14.75194882]
 [ 6.83622419  2.90311426 11.61442892  4.85253625  1.22215585  3.05080677
   4.75374911  1.95207221 10.25020759  1.52328226]
 [ 3.22988578  4.30185186 16.16357567  4.12261443  1.87858144  2.64865125
  11.83878087  6.73495878  9.77874907  5.31278473]
 [ 1.55846981  1.57352618  5.62735791 11.30775001 14.4056219  13.20999642
   2.57603052  3.84040029  1.40896969  8.92098802]]