-------Running parameters--------
T = 0.001
temperature_gradient = 0.0
gap = 0
M = 10
N = 10
VR = 0.0
Vmin = 0.0
Vmax = 1.1
vStep = 0.01
vSym = True
repeats = 20
fileName = array_10_10_disorder_T_0.001_run_1
dist = exp
fullOutput = True
use_graph = False
current_map = True
plot_current_map = False
plot_binary_current_map = False
frame_norm = False
dbg = False
resume = False
sc = False
leaping = False
constQ = False
modifyR = False
double_time = False
double_loop = False
output_folder = bgu_2d_array_finite_temperature
params_path = bgu_2d_array_temperature_gradient/runningParameters_array_10_10_disorder_t_grad_0_run_1.txt
VG_avg = 0.0
VG_std = 0.0
C_avg = 2.0
C_std = 1.0
CG_avg = 10.0
CG_std = 0.0
R_avg = 10.0
R_std = 9.0
custom_rh = ""
custom_rv = ""
custom_ch = ""
custom_cv = ""
RG_avg = 500.0
RG_std = 0.0
n0_avg = 0.0
n0_std = 0.0
Q0_avg = 0.0
Q0_std = 0.0
----Array Parameters-----
Rows: 10
Columns: 10
VG: [[0.]
 [0.]
 [0.]
 [0.]
 [0.]
 [0.]
 [0.]
 [0.]
 [0.]
 [0.]
 [0.]
 [0.]
 [0.]
 [0.]
 [0.]
 [0.]
 [0.]
 [0.]
 [0.]
 [0.]
 [0.]
 [0.]
 [0.]
 [0.]
 [0.]
 [0.]
 [0.]
 [0.]
 [0.]
 [0.]
 [0.]
 [0.]
 [0.]
 [0.]
 [0.]
 [0.]
 [0.]
 [0.]
 [0.]
 [0.]
 [0.]
 [0.]
 [0.]
 [0.]
 [0.]
 [0.]
 [0.]
 [0.]
 [0.]
 [0.]
 [0.]
 [0.]
 [0.]
 [0.]
 [0.]
 [0.]
 [0.]
 [0.]
 [0.]
 [0.]
 [0.]
 [0.]
 [0.]
 [0.]
 [0.]
 [0.]
 [0.]
 [0.]
 [0.]
 [0.]
 [0.]
 [0.]
 [0.]
 [0.]
 [0.]
 [0.]
 [0.]
 [0.]
 [0.]
 [0.]
 [0.]
 [0.]
 [0.]
 [0.]
 [0.]
 [0.]
 [0.]
 [0.]
 [0.]
 [0.]
 [0.]
 [0.]
 [0.]
 [0.]
 [0.]
 [0.]
 [0.]
 [0.]
 [0.]
 [0.]]
CG: [[10.]
 [10.]
 [10.]
 [10.]
 [10.]
 [10.]
 [10.]
 [10.]
 [10.]
 [10.]
 [10.]
 [10.]
 [10.]
 [10.]
 [10.]
 [10.]
 [10.]
 [10.]
 [10.]
 [10.]
 [10.]
 [10.]
 [10.]
 [10.]
 [10.]
 [10.]
 [10.]
 [10.]
 [10.]
 [10.]
 [10.]
 [10.]
 [10.]
 [10.]
 [10.]
 [10.]
 [10.]
 [10.]
 [10.]
 [10.]
 [10.]
 [10.]
 [10.]
 [10.]
 [10.]
 [10.]
 [10.]
 [10.]
 [10.]
 [10.]
 [10.]
 [10.]
 [10.]
 [10.]
 [10.]
 [10.]
 [10.]
 [10.]
 [10.]
 [10.]
 [10.]
 [10.]
 [10.]
 [10.]
 [10.]
 [10.]
 [10.]
 [10.]
 [10.]
 [10.]
 [10.]
 [10.]
 [10.]
 [10.]
 [10.]
 [10.]
 [10.]
 [10.]
 [10.]
 [10.]
 [10.]
 [10.]
 [10.]
 [10.]
 [10.]
 [10.]
 [10.]
 [10.]
 [10.]
 [10.]
 [10.]
 [10.]
 [10.]
 [10.]
 [10.]
 [10.]
 [10.]
 [10.]
 [10.]
 [10.]]
RG: [[500.]
 [500.]
 [500.]
 [500.]
 [500.]
 [500.]
 [500.]
 [500.]
 [500.]
 [500.]
 [500.]
 [500.]
 [500.]
 [500.]
 [500.]
 [500.]
 [500.]
 [500.]
 [500.]
 [500.]
 [500.]
 [500.]
 [500.]
 [500.]
 [500.]
 [500.]
 [500.]
 [500.]
 [500.]
 [500.]
 [500.]
 [500.]
 [500.]
 [500.]
 [500.]
 [500.]
 [500.]
 [500.]
 [500.]
 [500.]
 [500.]
 [500.]
 [500.]
 [500.]
 [500.]
 [500.]
 [500.]
 [500.]
 [500.]
 [500.]
 [500.]
 [500.]
 [500.]
 [500.]
 [500.]
 [500.]
 [500.]
 [500.]
 [500.]
 [500.]
 [500.]
 [500.]
 [500.]
 [500.]
 [500.]
 [500.]
 [500.]
 [500.]
 [500.]
 [500.]
 [500.]
 [500.]
 [500.]
 [500.]
 [500.]
 [500.]
 [500.]
 [500.]
 [500.]
 [500.]
 [500.]
 [500.]
 [500.]
 [500.]
 [500.]
 [500.]
 [500.]
 [500.]
 [500.]
 [500.]
 [500.]
 [500.]
 [500.]
 [500.]
 [500.]
 [500.]
 [500.]
 [500.]
 [500.]
 [500.]]
Ch: [[1.95938608 1.71070051 2.59445273 2.19534672 2.61532857 1.50293031
  1.90291797 1.11890537 1.2596383  1.20027811 2.1359373 ]
 [2.00658102 1.73579905 1.01152817 1.45596633 1.48909041 1.7283275
  1.24701302 1.35073514 1.77125198 1.15587856 1.92250359]
 [1.74410977 2.7358648  2.28990363 1.16292385 1.3321746  2.02698282
  2.29797921 2.17003091 1.46666557 1.74600498 1.98183532]
 [1.94299004 1.10256891 1.99013697 1.60601465 2.03177201 2.99175247
  1.33339363 2.44439917 2.29481731 1.12157014 2.36330759]
 [2.06221722 1.88725148 2.35820748 1.81476743 2.12201719 2.99199884
  2.3056411  1.23684415 1.61183683 1.67491    2.07013632]
 [2.02907669 1.31682208 2.98314433 2.77831788 2.17735433 2.83979786
  2.11060682 1.73074037 1.38022434 2.86313849 2.60277127]
 [2.08635327 2.42118159 1.30549801 2.55026787 2.03938327 1.11098473
  1.28492349 2.30559491 1.26529579 1.82991017 1.54997063]
 [1.85275675 1.04881772 1.39604328 1.11858476 2.51783456 1.26308485
  2.61039616 1.05354214 1.45152257 1.52625925 2.24141177]
 [1.59753117 1.09475207 1.14824456 1.919981   1.32111791 1.05530079
  1.38637403 1.25451829 2.23341981 2.52813444 2.97748602]
 [1.0203576  1.16905812 2.02748163 2.92109711 2.96083524 1.20603934
  1.09799684 2.83927092 1.07081807 1.08634984 1.17131422]]
Cv: [[0.         0.         0.         0.         0.         0.
  0.         0.         0.         0.        ]
 [1.99743825 1.11454441 2.20606953 1.83690655 1.40650673 1.10305517
  2.6904185  1.27171082 1.76103485 1.61400311]
 [1.27338084 1.1075705  1.03691274 2.73941971 1.40039256 2.00032716
  1.54947661 1.18854014 1.96009597 1.27676349]
 [2.7012213  1.2801616  1.57489102 1.67789347 1.07311341 2.55247297
  2.52224683 2.8264344  1.46173953 1.91197422]
 [1.50812338 2.03682684 1.53383636 2.91689254 1.75298931 1.49386263
  1.5225158  1.58869557 2.53588006 2.32991458]
 [1.35422256 2.41587745 2.05996386 2.9550789  1.50537423 2.31336106
  2.31317091 1.4056871  1.63423232 1.1066472 ]
 [2.52146572 2.76064287 1.56609508 1.51216406 2.80774859 2.53065384
  1.27666234 2.82958329 2.26218749 1.94640714]
 [2.14270687 2.73560274 2.12497835 1.30368958 2.81789126 1.53802724
  1.10923288 2.74603034 1.94114298 2.6066409 ]
 [2.57192251 1.26316193 1.51598047 2.53625324 1.36149846 1.74797753
  2.40878543 2.81805126 1.63762952 2.08847999]
 [1.34491456 1.15204846 1.05568918 2.26868539 2.6769577  1.70908121
  2.96358232 1.17723963 1.48985909 1.12184348]]
Rh: [[ 1.38954801  8.92550658  1.64771149  2.72346004  6.88431266 17.01682508
   2.95193472  3.17298016  4.90128075  4.68846435  8.57640027]
 [ 1.15628229  8.07461558  8.77318577  1.85688237 13.4164974   2.76749212
   4.36299957 15.36249724 11.17867462  7.94624055  5.63594534]
 [ 9.7175392   1.85460842 18.03017089  1.44830183  1.21428597  1.15229669
   3.74036997  1.80504259 17.06763771  1.71477216  3.01473234]
 [ 1.78140322  2.34621583  3.70006005  3.19990366  2.95171719  3.57558131
  11.10688227 10.37921061  3.75853703  7.47478522  1.05108838]
 [ 5.60359173  4.81734556 15.56380389  5.50001275  1.64232743  2.71550724
   1.67510809  7.69019483  4.70316227 10.33231369  3.03859277]
 [ 1.75291397  3.31430221 12.99029709  8.59336927  8.9990145   3.04694933
   8.73518915  7.24247854  1.00842796  2.87458075 15.41989406]
 [ 3.53566849  1.51445183  8.89783734  7.28325296  2.60837388  1.10405239
   9.80720833  3.28093462 10.26161437  3.84326276 18.72388256]
 [ 6.15184956  3.13636106  2.61225868  3.20173615  4.53002099  3.21897235
   1.23288024  2.74653557  4.1291868   2.00089717  2.45921578]
 [ 3.95691545  7.13046053 10.11331742  2.83381528  1.9491249   1.24525554
   2.13649817  1.27453838  8.71604659  2.49571692 13.03209881]
 [ 2.19859599  2.80247485  9.61889789  1.28747248  1.00532162  6.60547453
  17.24899415  3.62657341  1.84466618  2.88575292 13.30006115]]
Rv: [[ 7.33802644  7.10511081  2.46156642  7.425541   10.73031041  3.08586725
   1.91010161  6.03803304  3.39138218  1.36851135]
 [ 1.16633603  4.26086021  1.31494078  8.90845355 11.30085242  4.47784998
   2.54210687  5.65667676 12.12558425 10.60914224]
 [ 2.81097252  4.78561047  5.81462357 13.75345657  3.55045757  3.50939962
   1.14522106  2.4678629  12.06119879  1.65260267]
 [13.33834841  7.77745248  7.10210224  4.66283568  6.09748331  5.69887858
   5.17028063  1.90140943  3.16714967  6.64837611]
 [ 8.04072377  2.0478524   1.32960203 12.87331468  7.95658045 12.11558795
   2.61625483  6.751491    6.24323236  3.32783407]
 [ 7.29472499  7.96882168  1.57731489 12.11445506  1.21751617 17.5150803
   8.23605152 13.08362723 14.8554522  18.69859748]
 [ 5.03666071  1.14062038  2.56922649  1.41420833  1.20479658  4.63507598
   4.94370266  1.25081395  5.21176797  1.25665391]
 [ 3.36818192  3.89118064  3.60249159  3.3280547  11.01857995 15.85192601
   4.95252745 12.31085663  6.67499264 15.81725033]
 [ 2.23452052  2.43603389 15.23517059  2.39339198  6.44133387  6.67775718
   1.09750552 11.56894776 18.38396632  3.14289843]]