-------Running parameters--------
T = 0.026
temperature_gradient = 0.0
gap = 0
M = 10
N = 10
VR = 0.0
Vmin = 0.0
Vmax = 1.1
vStep = 0.01
vSym = True
repeats = 20
fileName = array_10_10_disorder_T_0.026_run_3
dist = exp
fullOutput = True
use_graph = False
current_map = True
plot_current_map = False
plot_binary_current_map = False
frame_norm = False
dbg = False
resume = False
sc = False
leaping = False
constQ = False
modifyR = False
double_time = False
double_loop = False
output_folder = bgu_2d_array_finite_temperature
params_path = bgu_2d_array_temperature_gradient/runningParameters_array_10_10_disorder_t_grad_0.005_run_3.txt
VG_avg = 0.0
VG_std = 0.0
C_avg = 2.0
C_std = 1.0
CG_avg = 10.0
CG_std = 0.0
R_avg = 10.0
R_std = 9.0
custom_rh = ""
custom_rv = ""
custom_ch = ""
custom_cv = ""
RG_avg = 500.0
RG_std = 0.0
n0_avg = 0.0
n0_std = 0.0
Q0_avg = 0.0
Q0_std = 0.0
----Array Parameters-----
Rows: 10
Columns: 10
VG: [[0.]
 [0.]
 [0.]
 [0.]
 [0.]
 [0.]
 [0.]
 [0.]
 [0.]
 [0.]
 [0.]
 [0.]
 [0.]
 [0.]
 [0.]
 [0.]
 [0.]
 [0.]
 [0.]
 [0.]
 [0.]
 [0.]
 [0.]
 [0.]
 [0.]
 [0.]
 [0.]
 [0.]
 [0.]
 [0.]
 [0.]
 [0.]
 [0.]
 [0.]
 [0.]
 [0.]
 [0.]
 [0.]
 [0.]
 [0.]
 [0.]
 [0.]
 [0.]
 [0.]
 [0.]
 [0.]
 [0.]
 [0.]
 [0.]
 [0.]
 [0.]
 [0.]
 [0.]
 [0.]
 [0.]
 [0.]
 [0.]
 [0.]
 [0.]
 [0.]
 [0.]
 [0.]
 [0.]
 [0.]
 [0.]
 [0.]
 [0.]
 [0.]
 [0.]
 [0.]
 [0.]
 [0.]
 [0.]
 [0.]
 [0.]
 [0.]
 [0.]
 [0.]
 [0.]
 [0.]
 [0.]
 [0.]
 [0.]
 [0.]
 [0.]
 [0.]
 [0.]
 [0.]
 [0.]
 [0.]
 [0.]
 [0.]
 [0.]
 [0.]
 [0.]
 [0.]
 [0.]
 [0.]
 [0.]
 [0.]]
CG: [[10.]
 [10.]
 [10.]
 [10.]
 [10.]
 [10.]
 [10.]
 [10.]
 [10.]
 [10.]
 [10.]
 [10.]
 [10.]
 [10.]
 [10.]
 [10.]
 [10.]
 [10.]
 [10.]
 [10.]
 [10.]
 [10.]
 [10.]
 [10.]
 [10.]
 [10.]
 [10.]
 [10.]
 [10.]
 [10.]
 [10.]
 [10.]
 [10.]
 [10.]
 [10.]
 [10.]
 [10.]
 [10.]
 [10.]
 [10.]
 [10.]
 [10.]
 [10.]
 [10.]
 [10.]
 [10.]
 [10.]
 [10.]
 [10.]
 [10.]
 [10.]
 [10.]
 [10.]
 [10.]
 [10.]
 [10.]
 [10.]
 [10.]
 [10.]
 [10.]
 [10.]
 [10.]
 [10.]
 [10.]
 [10.]
 [10.]
 [10.]
 [10.]
 [10.]
 [10.]
 [10.]
 [10.]
 [10.]
 [10.]
 [10.]
 [10.]
 [10.]
 [10.]
 [10.]
 [10.]
 [10.]
 [10.]
 [10.]
 [10.]
 [10.]
 [10.]
 [10.]
 [10.]
 [10.]
 [10.]
 [10.]
 [10.]
 [10.]
 [10.]
 [10.]
 [10.]
 [10.]
 [10.]
 [10.]
 [10.]]
RG: [[500.]
 [500.]
 [500.]
 [500.]
 [500.]
 [500.]
 [500.]
 [500.]
 [500.]
 [500.]
 [500.]
 [500.]
 [500.]
 [500.]
 [500.]
 [500.]
 [500.]
 [500.]
 [500.]
 [500.]
 [500.]
 [500.]
 [500.]
 [500.]
 [500.]
 [500.]
 [500.]
 [500.]
 [500.]
 [500.]
 [500.]
 [500.]
 [500.]
 [500.]
 [500.]
 [500.]
 [500.]
 [500.]
 [500.]
 [500.]
 [500.]
 [500.]
 [500.]
 [500.]
 [500.]
 [500.]
 [500.]
 [500.]
 [500.]
 [500.]
 [500.]
 [500.]
 [500.]
 [500.]
 [500.]
 [500.]
 [500.]
 [500.]
 [500.]
 [500.]
 [500.]
 [500.]
 [500.]
 [500.]
 [500.]
 [500.]
 [500.]
 [500.]
 [500.]
 [500.]
 [500.]
 [500.]
 [500.]
 [500.]
 [500.]
 [500.]
 [500.]
 [500.]
 [500.]
 [500.]
 [500.]
 [500.]
 [500.]
 [500.]
 [500.]
 [500.]
 [500.]
 [500.]
 [500.]
 [500.]
 [500.]
 [500.]
 [500.]
 [500.]
 [500.]
 [500.]
 [500.]
 [500.]
 [500.]
 [500.]]
Ch: [[2.17239932 1.08576387 1.03979609 2.41165395 1.41689744 1.09747098
  1.80854144 2.38159172 1.64427689 1.78207033 1.92859158]
 [1.02795107 1.89732601 2.76343795 2.04280333 1.70313879 1.11528488
  2.9650732  2.039539   1.18509737 1.49001548 1.89910155]
 [1.51182662 1.0516867  1.72119182 1.69089909 1.02931116 2.48224738
  1.58312242 1.28127784 2.78858107 1.93528312 1.23267379]
 [2.60521182 2.59337747 2.29946696 1.78955079 1.01478059 1.66966022
  2.9768584  1.34506774 1.70746454 2.2872298  1.37269139]
 [1.30274328 1.60506265 1.8637454  2.51335231 2.85275827 2.28020985
  2.42137689 2.87220225 2.50825904 1.02013782 1.18504437]
 [2.41568811 2.09890944 2.97641372 1.05002489 2.10467915 1.43086278
  2.06951514 2.04762792 1.82157544 1.18647145 2.52847727]
 [1.54403982 1.14999667 2.56954087 2.07940339 2.98016152 2.67455616
  2.70916137 2.63470688 2.5335139  1.19318621 1.60701937]
 [1.39955507 2.85795977 1.26205304 1.35406694 2.11145552 2.92369646
  2.86523747 1.34158981 1.12743188 1.50083903 1.54561958]
 [1.82458242 1.04589458 1.58857112 2.30540324 1.6603379  1.34252728
  2.58091991 1.52370882 1.87479943 1.14536946 1.28638181]
 [1.42390017 1.00560029 1.25416218 1.10945223 1.52064856 1.71763999
  1.45037911 2.70593343 2.39753457 1.58125595 1.19959241]]
Cv: [[0.         0.         0.         0.         0.         0.
  0.         0.         0.         0.        ]
 [1.65049404 1.07879517 2.95275621 1.55998765 1.01785415 2.3030329
  1.22324274 1.52119036 2.60236015 2.73958481]
 [1.59319623 1.11352785 2.77319707 1.21661002 1.27466879 2.76105819
  1.30515079 1.59415663 1.49676259 1.15493224]
 [1.79292032 1.19702792 1.81985137 1.61546174 2.34644919 1.12783719
  1.38911243 2.91763599 1.11534112 2.93008601]
 [2.04418796 1.10502558 2.36542927 1.74495236 1.90952237 2.98097486
  1.08859259 2.96512598 1.30958625 2.17409248]
 [1.31505042 1.24557817 1.44589457 1.38192363 1.63508071 1.01143132
  2.09655771 2.33839261 1.23494441 1.06022589]
 [1.07870348 1.8003242  2.02220746 1.17994355 1.71095241 1.60308121
  2.11145184 2.85424562 2.07996061 2.0618039 ]
 [1.26752065 1.14584146 2.53914921 2.96081991 1.29888738 2.95919429
  1.62964001 2.34933392 1.4628017  1.07532985]
 [1.14559938 2.68375445 1.56985414 1.01459242 1.55148999 1.81804693
  2.90733726 2.31713241 1.84596774 2.27350625]
 [1.97848314 1.9372994  1.55415255 1.83598758 1.14625304 1.5971295
  1.92294344 1.06005354 1.73195677 1.80406765]]
Rh: [[ 1.90578917 11.23518254 12.81408054  1.38152714  1.02377659  1.34579863
   1.11190924 11.07301368  1.21860356  2.65805632  8.99137408]
 [ 4.05115252 17.88340224  3.45255037  3.9604732   8.27282598  2.75174909
  15.3928073   1.86407665  8.07588895  2.13276851  1.85719836]
 [16.68498535 12.76883338  5.65547812  4.81271913  2.30702084  2.26270952
  17.49774994 14.22819208 12.59771679  4.13910265  5.68443421]
 [ 8.77441543  6.01780904  1.58706725 15.71154143 16.89768873  3.35310902
   5.73173104  1.4226558   2.98999988  6.50169332  1.8180821 ]
 [ 2.46145099  1.92326347  1.13292175  1.30658237  5.14714747  1.91948162
   4.16390519 12.69915466  2.84264879  1.76443275 15.86684114]
 [14.42558681  1.29430943  2.9032905   5.19106471  1.78694377  4.54816905
   9.87274076  4.63611313  2.51485455  3.37713523  2.74229061]
 [ 1.47104662  1.43968691  4.87311013  4.085343    9.20241149 12.49427584
   1.54097898 10.59155284  2.89710536  7.40623008  5.03373271]
 [ 1.0992849   3.62699257  1.29484868 13.55057623  3.46364851 10.44919284
   4.76858917  6.85491743  3.31476871  2.66947277  2.37354621]
 [ 3.93520016 11.83651863  2.62233482  3.03330336  6.90605045  2.7759883
   1.44667147  7.39438998  4.50212448  3.45181987  1.2137391 ]
 [10.04305586  9.10262073  7.22631487  6.81039266  2.76239729 17.2422872
   2.99119452  1.05829682 18.11368528 15.98627408  3.35877875]]
Rv: [[ 5.27444252  2.60806497 12.19047315  3.50069495  8.91730575 16.62555707
   4.69290142  3.81352667  4.63237489  1.57296077]
 [ 5.230499    1.82828305 16.35015252 12.8869768   8.51249186  4.7900289
   5.4214221   5.37348654  1.05857064  2.14452918]
 [ 6.56477006  9.60471084  7.26315064  4.03465894  1.29385857 13.04017303
   8.07756937 11.9986568   4.18097454  2.69949292]
 [ 3.36066407 18.71114347  2.30059184  3.51687211 13.06216895  2.33564327
   2.87577971  9.80223321  2.33624045  7.98844061]
 [14.0513961   2.65467111  4.92879752  7.43595863  4.64051621  1.71200955
   5.67545908  6.70068758  2.32903002  4.38351683]
 [ 7.08273396  1.9294164   3.99490217 16.97271322  6.24017086  1.58901517
   9.83348405 10.57933434  2.26314605  1.72489294]
 [ 1.09712284  1.6321887  10.97821772  1.42859724  9.48970022  1.11653898
   2.52642722 14.86752167  1.00838516 15.16446199]
 [ 2.49968831  2.05010703  1.25761327 11.12480921  1.39791365 12.22353214
   9.8129153   1.75890037  1.53587246 15.87595766]
 [ 3.37398687  5.79387729  6.81397701  2.67746489  3.51996385 13.87518806
  16.59877444  2.99256299 12.34650711  1.77630919]]