-------Running parameters--------
T = 0.051
temperature_gradient = 0.0
gap = 0
M = 10
N = 10
VR = 0.0
Vmin = 0.0
Vmax = 1.1
vStep = 0.01
vSym = True
repeats = 20
fileName = array_10_10_disorder_T_0.051_run_3
dist = exp
fullOutput = True
use_graph = False
current_map = True
plot_current_map = False
plot_binary_current_map = False
frame_norm = False
dbg = False
resume = False
sc = False
leaping = False
constQ = False
modifyR = False
double_time = False
double_loop = False
output_folder = bgu_2d_array_finite_temperature
params_path = bgu_2d_array_temperature_gradient/runningParameters_array_10_10_disorder_t_grad_0.01_run_3.txt
VG_avg = 0.0
VG_std = 0.0
C_avg = 2.0
C_std = 1.0
CG_avg = 10.0
CG_std = 0.0
R_avg = 10.0
R_std = 9.0
custom_rh = ""
custom_rv = ""
custom_ch = ""
custom_cv = ""
RG_avg = 500.0
RG_std = 0.0
n0_avg = 0.0
n0_std = 0.0
Q0_avg = 0.0
Q0_std = 0.0
----Array Parameters-----
Rows: 10
Columns: 10
VG: [[0.]
 [0.]
 [0.]
 [0.]
 [0.]
 [0.]
 [0.]
 [0.]
 [0.]
 [0.]
 [0.]
 [0.]
 [0.]
 [0.]
 [0.]
 [0.]
 [0.]
 [0.]
 [0.]
 [0.]
 [0.]
 [0.]
 [0.]
 [0.]
 [0.]
 [0.]
 [0.]
 [0.]
 [0.]
 [0.]
 [0.]
 [0.]
 [0.]
 [0.]
 [0.]
 [0.]
 [0.]
 [0.]
 [0.]
 [0.]
 [0.]
 [0.]
 [0.]
 [0.]
 [0.]
 [0.]
 [0.]
 [0.]
 [0.]
 [0.]
 [0.]
 [0.]
 [0.]
 [0.]
 [0.]
 [0.]
 [0.]
 [0.]
 [0.]
 [0.]
 [0.]
 [0.]
 [0.]
 [0.]
 [0.]
 [0.]
 [0.]
 [0.]
 [0.]
 [0.]
 [0.]
 [0.]
 [0.]
 [0.]
 [0.]
 [0.]
 [0.]
 [0.]
 [0.]
 [0.]
 [0.]
 [0.]
 [0.]
 [0.]
 [0.]
 [0.]
 [0.]
 [0.]
 [0.]
 [0.]
 [0.]
 [0.]
 [0.]
 [0.]
 [0.]
 [0.]
 [0.]
 [0.]
 [0.]
 [0.]]
CG: [[10.]
 [10.]
 [10.]
 [10.]
 [10.]
 [10.]
 [10.]
 [10.]
 [10.]
 [10.]
 [10.]
 [10.]
 [10.]
 [10.]
 [10.]
 [10.]
 [10.]
 [10.]
 [10.]
 [10.]
 [10.]
 [10.]
 [10.]
 [10.]
 [10.]
 [10.]
 [10.]
 [10.]
 [10.]
 [10.]
 [10.]
 [10.]
 [10.]
 [10.]
 [10.]
 [10.]
 [10.]
 [10.]
 [10.]
 [10.]
 [10.]
 [10.]
 [10.]
 [10.]
 [10.]
 [10.]
 [10.]
 [10.]
 [10.]
 [10.]
 [10.]
 [10.]
 [10.]
 [10.]
 [10.]
 [10.]
 [10.]
 [10.]
 [10.]
 [10.]
 [10.]
 [10.]
 [10.]
 [10.]
 [10.]
 [10.]
 [10.]
 [10.]
 [10.]
 [10.]
 [10.]
 [10.]
 [10.]
 [10.]
 [10.]
 [10.]
 [10.]
 [10.]
 [10.]
 [10.]
 [10.]
 [10.]
 [10.]
 [10.]
 [10.]
 [10.]
 [10.]
 [10.]
 [10.]
 [10.]
 [10.]
 [10.]
 [10.]
 [10.]
 [10.]
 [10.]
 [10.]
 [10.]
 [10.]
 [10.]]
RG: [[500.]
 [500.]
 [500.]
 [500.]
 [500.]
 [500.]
 [500.]
 [500.]
 [500.]
 [500.]
 [500.]
 [500.]
 [500.]
 [500.]
 [500.]
 [500.]
 [500.]
 [500.]
 [500.]
 [500.]
 [500.]
 [500.]
 [500.]
 [500.]
 [500.]
 [500.]
 [500.]
 [500.]
 [500.]
 [500.]
 [500.]
 [500.]
 [500.]
 [500.]
 [500.]
 [500.]
 [500.]
 [500.]
 [500.]
 [500.]
 [500.]
 [500.]
 [500.]
 [500.]
 [500.]
 [500.]
 [500.]
 [500.]
 [500.]
 [500.]
 [500.]
 [500.]
 [500.]
 [500.]
 [500.]
 [500.]
 [500.]
 [500.]
 [500.]
 [500.]
 [500.]
 [500.]
 [500.]
 [500.]
 [500.]
 [500.]
 [500.]
 [500.]
 [500.]
 [500.]
 [500.]
 [500.]
 [500.]
 [500.]
 [500.]
 [500.]
 [500.]
 [500.]
 [500.]
 [500.]
 [500.]
 [500.]
 [500.]
 [500.]
 [500.]
 [500.]
 [500.]
 [500.]
 [500.]
 [500.]
 [500.]
 [500.]
 [500.]
 [500.]
 [500.]
 [500.]
 [500.]
 [500.]
 [500.]
 [500.]]
Ch: [[2.29027757 1.52852252 1.6921349  1.77503444 1.25221027 2.2066711
  1.51284181 1.70120307 2.60463932 1.89293269 1.234506  ]
 [1.05427913 2.9005624  1.30656126 2.32217176 2.89563315 1.83702186
  2.23642166 1.48623019 2.91371003 1.07497304 1.53716545]
 [1.63304039 1.86896906 2.61480466 1.3732962  2.16107968 1.32407852
  1.53444829 1.12681652 1.17569072 2.72261398 1.13904552]
 [1.60263013 2.50126822 1.73074406 2.70653595 1.71539107 1.07633755
  1.31085463 2.76970552 2.09737056 2.4347506  2.16664373]
 [2.70017013 1.50721423 1.00930758 1.42002905 2.19164458 1.79945676
  1.43084855 1.28789357 1.3380503  1.31313292 1.28526225]
 [1.76565172 1.84663626 2.21684339 1.05856615 2.53927816 2.40904835
  1.36833751 2.08549659 1.13918219 2.0970702  1.65728455]
 [1.6157627  2.27414379 2.71441729 1.77992579 1.23857678 2.01252586
  1.06214852 1.35697253 1.707338   1.88071478 1.58404435]
 [1.84213177 2.82735249 1.62191658 2.0253456  1.24032614 1.16393846
  1.43509768 1.91999393 1.24993318 1.0983653  2.43446637]
 [1.40251719 1.78831566 2.9355082  1.68579253 1.03342148 2.94454009
  2.24780338 1.57026865 2.12378543 1.50595081 1.07811916]
 [1.591931   1.64258003 1.04611702 1.24750006 2.6112431  1.09505312
  1.1413658  2.98676113 1.61812377 2.05760294 2.14053283]]
Cv: [[0.         0.         0.         0.         0.         0.
  0.         0.         0.         0.        ]
 [1.0478864  1.56106812 2.46703634 2.21419763 1.00796803 2.4706774
  1.18947186 2.88826405 1.21601155 1.57136299]
 [2.15170387 2.45543964 1.53974811 1.16886552 2.64587428 1.90637414
  2.38608667 1.2432295  1.72326829 1.67057878]
 [2.47365839 1.00245345 1.97006463 1.65167076 1.28862859 2.22295481
  2.30479037 1.67210659 2.72015352 1.93795747]
 [1.8118473  1.06106312 1.254033   2.37377283 2.02792077 2.46519946
  1.42482268 1.61830869 1.26419128 1.15648444]
 [1.10445732 1.92939342 2.29763188 1.73707244 1.36925358 2.70172799
  1.4379232  2.94841969 2.0349922  1.19544167]
 [2.35411629 2.47255662 1.40336158 2.84304684 1.4402867  1.54585252
  2.73955246 1.43869318 2.84885241 2.34713424]
 [2.4554452  2.12191324 2.65055486 2.14149267 1.13521639 1.02749328
  1.80806034 1.67574266 1.30205064 1.19303844]
 [1.13757102 2.87362423 1.2267151  2.7815925  2.36749105 1.29821491
  1.18385495 1.81293754 1.83308938 2.03070109]
 [2.2310511  2.13286635 1.0012427  1.75625813 1.10710852 2.17128381
  1.57455748 1.87108885 2.56337484 1.34610904]]
Rh: [[ 1.65934365 10.47624341  2.40724304 12.81423492  2.89065235  4.90475471
  16.56749243  1.44674191  8.26451322 12.71195002  1.97045897]
 [ 1.13498173  8.66269115  5.70921013  1.4339116   3.40976269  3.5116705
   9.16677874  1.49448234  2.05364923  3.12424677  1.00735629]
 [ 7.50354609 14.59969007  1.57589589  1.6098827   4.9778505   1.10879281
   3.44680589  1.05997115  9.19566059  1.45996149 10.02179645]
 [ 4.33342067  6.74617124 18.29334224 11.26418915  8.72193623  2.67960227
   1.56812536 12.45358646  3.72745106  4.70678789  1.5511932 ]
 [ 1.1439751   2.7412784   2.12928188  5.20316985  1.44397345  4.41993695
   5.37332951  1.18840772  5.35148716  6.30755868  6.1738014 ]
 [ 3.68417562  1.40858551  4.57479389  2.45652433 12.95145266  1.58708879
   1.22366675  2.03692687  2.34368262  1.11484036  9.85262541]
 [ 1.39270831  1.62411639  2.8131336   8.81645783 10.6753002   2.10548447
   1.01560274 15.07003056  7.05701657  4.29711681  2.73578533]
 [ 3.53234043 12.28660192  2.12269409  1.08592648  5.62917496 12.45143851
   1.52045059  2.28262378  6.30129395  1.23186727 10.34675363]
 [ 1.65271642  4.5365567  18.38358767  6.06168163  6.51728849 15.04373308
  16.02514044  1.05355112 11.32379875  1.36227785  6.99342268]
 [ 3.22357576 12.67199726  1.70884609 16.03986057  4.99517487  3.29483679
  14.61136901 12.60509944  1.22532297  9.78892289 10.90834565]]
Rv: [[ 3.20271569  1.12579179 10.87776153  4.63956383 12.20775507  3.79973204
   3.05944079 13.04827689  3.54155734  1.62442244]
 [11.00753671  3.40335486  1.87275988  9.18070066 18.83124293  3.97151901
   1.77073413  9.83331998  3.44606873  2.2563984 ]
 [10.64512469  3.60918957  1.07359372  1.93697138  4.94547804  1.4614147
   1.05429865  2.78382264  2.37963857 12.29247189]
 [ 3.03047368  1.38602502  1.8785693  16.61930655  5.10762315  1.40021193
   1.70523169  1.48224265  1.16214545 13.92448937]
 [ 1.02534383  5.31009826  5.56133718  2.2542291   3.51184196 12.7119254
   3.3995988  16.98106935  1.7169939  16.44950148]
 [18.04747214 11.14766915  1.80872485 11.66382686 18.72758125  1.73281784
   3.51824496  1.40590073  6.2691919   2.86647338]
 [ 5.21823923  1.01214656  5.80014866  2.13826585  2.24356301  3.25587092
   4.489272    2.08211883  3.65315568  3.77258523]
 [ 3.66839637 11.05171621 10.11104234  8.2017414  11.42677873  2.45298315
   3.62593329  1.58961781  8.03728968  4.07229036]
 [ 1.02173079  2.24099319  5.50735577  2.16723048 12.325652   17.40178648
   4.97485492 14.91191939  8.03909569  3.71991975]]