-------Running parameters--------
T = 0.001
temperature_gradient = 0.0
gap = 0.0
M = 10
N = 10
VR = 0.0
Vmin = 0.0
Vmax = 1.1
vStep = 0.001
vSym = True
repeats = 50
fileName = array_10_10_disorder_c_std_0.1_r_std_9.5_run_9
dist = exp
fullOutput = False
use_graph = False
current_map = False
plot_current_map = False
plot_binary_current_map = False
frame_norm = False
dbg = False
resume = False
sc = False
leaping = False
constQ = False
modifyR = False
double_time = False
double_loop = False
calcIT = False
output_folder = increase_disorder_by_multiplication
params_path = increase_disorder_by_multiplication/runningParameters_array_10_10_disorder_c_std_0.1_r_std_9_run_9.txt
VG_avg = 0.0
VG_std = 0.0
C_avg = 2.0
C_std = 0.1
CG_avg = 10.0
CG_std = 0.0
R_avg = 10.0
R_std = 9.0
custom_rh = ""
custom_rv = ""
custom_ch = 
custom_cv = ""
RG_avg = 500.0
RG_std = 0.0
n0_avg = 0.0
n0_std = 0.0
Q0_avg = 0.0
Q0_std = 0.0
----Array Parameters-----
Rows: 10
Columns: 10
VG: [[0.]
 [0.]
 [0.]
 [0.]
 [0.]
 [0.]
 [0.]
 [0.]
 [0.]
 [0.]
 [0.]
 [0.]
 [0.]
 [0.]
 [0.]
 [0.]
 [0.]
 [0.]
 [0.]
 [0.]
 [0.]
 [0.]
 [0.]
 [0.]
 [0.]
 [0.]
 [0.]
 [0.]
 [0.]
 [0.]
 [0.]
 [0.]
 [0.]
 [0.]
 [0.]
 [0.]
 [0.]
 [0.]
 [0.]
 [0.]
 [0.]
 [0.]
 [0.]
 [0.]
 [0.]
 [0.]
 [0.]
 [0.]
 [0.]
 [0.]
 [0.]
 [0.]
 [0.]
 [0.]
 [0.]
 [0.]
 [0.]
 [0.]
 [0.]
 [0.]
 [0.]
 [0.]
 [0.]
 [0.]
 [0.]
 [0.]
 [0.]
 [0.]
 [0.]
 [0.]
 [0.]
 [0.]
 [0.]
 [0.]
 [0.]
 [0.]
 [0.]
 [0.]
 [0.]
 [0.]
 [0.]
 [0.]
 [0.]
 [0.]
 [0.]
 [0.]
 [0.]
 [0.]
 [0.]
 [0.]
 [0.]
 [0.]
 [0.]
 [0.]
 [0.]
 [0.]
 [0.]
 [0.]
 [0.]
 [0.]]
CG: [[10.]
 [10.]
 [10.]
 [10.]
 [10.]
 [10.]
 [10.]
 [10.]
 [10.]
 [10.]
 [10.]
 [10.]
 [10.]
 [10.]
 [10.]
 [10.]
 [10.]
 [10.]
 [10.]
 [10.]
 [10.]
 [10.]
 [10.]
 [10.]
 [10.]
 [10.]
 [10.]
 [10.]
 [10.]
 [10.]
 [10.]
 [10.]
 [10.]
 [10.]
 [10.]
 [10.]
 [10.]
 [10.]
 [10.]
 [10.]
 [10.]
 [10.]
 [10.]
 [10.]
 [10.]
 [10.]
 [10.]
 [10.]
 [10.]
 [10.]
 [10.]
 [10.]
 [10.]
 [10.]
 [10.]
 [10.]
 [10.]
 [10.]
 [10.]
 [10.]
 [10.]
 [10.]
 [10.]
 [10.]
 [10.]
 [10.]
 [10.]
 [10.]
 [10.]
 [10.]
 [10.]
 [10.]
 [10.]
 [10.]
 [10.]
 [10.]
 [10.]
 [10.]
 [10.]
 [10.]
 [10.]
 [10.]
 [10.]
 [10.]
 [10.]
 [10.]
 [10.]
 [10.]
 [10.]
 [10.]
 [10.]
 [10.]
 [10.]
 [10.]
 [10.]
 [10.]
 [10.]
 [10.]
 [10.]
 [10.]]
RG: [[500.]
 [500.]
 [500.]
 [500.]
 [500.]
 [500.]
 [500.]
 [500.]
 [500.]
 [500.]
 [500.]
 [500.]
 [500.]
 [500.]
 [500.]
 [500.]
 [500.]
 [500.]
 [500.]
 [500.]
 [500.]
 [500.]
 [500.]
 [500.]
 [500.]
 [500.]
 [500.]
 [500.]
 [500.]
 [500.]
 [500.]
 [500.]
 [500.]
 [500.]
 [500.]
 [500.]
 [500.]
 [500.]
 [500.]
 [500.]
 [500.]
 [500.]
 [500.]
 [500.]
 [500.]
 [500.]
 [500.]
 [500.]
 [500.]
 [500.]
 [500.]
 [500.]
 [500.]
 [500.]
 [500.]
 [500.]
 [500.]
 [500.]
 [500.]
 [500.]
 [500.]
 [500.]
 [500.]
 [500.]
 [500.]
 [500.]
 [500.]
 [500.]
 [500.]
 [500.]
 [500.]
 [500.]
 [500.]
 [500.]
 [500.]
 [500.]
 [500.]
 [500.]
 [500.]
 [500.]
 [500.]
 [500.]
 [500.]
 [500.]
 [500.]
 [500.]
 [500.]
 [500.]
 [500.]
 [500.]
 [500.]
 [500.]
 [500.]
 [500.]
 [500.]
 [500.]
 [500.]
 [500.]
 [500.]
 [500.]]
Ch: [[2.0408093  2.00723002 2.07985077 2.02865375 2.03659781 2.08601001
  2.07846347 1.97918479 2.03568141 2.0981561  1.91160752]
 [2.03016304 1.95581066 2.0689664  2.06820078 1.96824444 2.00867048
  1.92071822 1.97222679 2.03709015 1.9895827  2.00628878]
 [1.94922343 1.99341191 2.08847465 1.92433233 1.97809795 2.01681215
  2.06246296 1.99749045 1.97761905 2.01480428 1.9547641 ]
 [1.95230503 1.97688725 1.98560356 2.00223402 1.96221254 2.04376989
  2.04837425 2.08167871 2.00418919 1.90784328 2.01700225]
 [1.96072193 2.01882346 1.9593635  1.96838608 2.09028189 2.04780338
  1.92091852 2.0742719  2.09689203 2.01470199 1.93557805]
 [1.96196142 2.08084551 1.90439161 2.06597061 2.07788595 1.95612004
  1.95189415 1.99928976 2.02030446 2.07798871 1.95404606]
 [1.92182865 1.93920521 1.9056825  1.95368689 2.04163819 2.0872283
  2.00269143 2.07977797 2.00698261 2.00919919 1.99410564]
 [1.90043238 1.9050235  2.00663951 1.9642739  1.93711917 2.03073519
  2.08917458 1.95322449 1.93919295 2.08971285 1.95617935]
 [2.00032012 2.05021177 2.07123783 1.98488151 2.04592372 2.04317314
  2.04475001 2.07105233 2.06478377 1.96565541 1.91643809]
 [1.91641116 1.95316592 1.91243764 1.94289158 1.93467997 1.93978514
  1.99038169 1.92094695 1.97250705 2.08910341 1.9439253 ]]
Cv: [[0.         0.         0.         0.         0.         0.
  0.         0.         0.         0.        ]
 [1.94750019 2.09274642 1.93501941 1.95953009 2.00095942 2.05766468
  2.0891195  2.05600586 2.02210242 2.010828  ]
 [2.00519162 1.99856631 1.93265359 1.90985237 2.04304711 1.96602928
  1.99367799 1.92449866 1.90849516 2.02558748]
 [2.03592759 1.91613476 1.92502398 1.9057563  2.03759661 1.92906394
  2.0041681  2.0517911  2.0551974  1.94533469]
 [1.93682385 2.02472579 1.98418933 2.04723593 1.96232318 1.92263979
  1.90961585 1.94953691 1.96713731 2.05633763]
 [1.98479199 2.01940841 2.04849894 1.9683488  1.97241453 1.92604419
  2.06241828 2.01413458 1.91898214 1.92060273]
 [2.06070553 1.90279432 2.024377   1.950369   1.97556313 2.05421448
  2.06764886 2.0439198  2.00896217 1.97306613]
 [2.01915496 1.94323854 2.00235151 1.95954046 2.0650573  1.98847118
  1.91253863 1.9800416  2.07399539 2.02926375]
 [1.97453266 1.94074883 1.98166247 1.90461511 2.03602073 1.95995814
  1.93199501 2.06990798 1.91835695 2.08398903]
 [2.08542164 2.06966766 1.93143049 1.95417837 2.08897028 2.03895352
  2.09407355 2.07258774 1.99755357 1.92383995]]
Rh: [[ 1.64227276  1.7241185   1.07074682  1.19120744 18.53606026  3.40163992
   2.59429286  7.73980427 12.82932393  2.25760881  3.33396494]
 [12.05442243  4.16671487  1.73554377  6.82169705  6.32490532 13.65902973
  13.34118046  7.92229004  2.00566746  4.59033539  1.28068202]
 [16.71423622  5.89110815  9.17173399  1.07118381  1.17750685  2.4218687
   1.66884817 13.75305752 19.72560558  1.1504564  16.05909826]
 [ 1.80160825  2.95687565  2.77517179  1.87229623  7.26838699  8.38827464
   6.17970806  3.7964198  19.7157581   1.81460249  6.18233999]
 [12.22816092  2.40125749  1.93435813  2.21509669 19.35640939  1.23679448
   1.9627847   9.29501063  2.12591261  7.28162439 18.59396123]
 [ 5.55311194  7.01250797  4.60178715  2.18264429 11.82316326  2.63197676
  14.79846057  5.96142095 10.34221644  1.21790083  3.84980595]
 [ 4.3105028   7.07629746 15.31313117  1.43845884  9.33241714 15.55603853
   9.07549838  5.53221755  1.55147892  1.65096665  5.20789793]
 [ 1.41923664 20.04386279  9.16103912  4.24825485  1.11967254 10.30688494
  14.45078535  1.62554512 14.86896661  1.25210651  2.32943042]
 [ 2.35786999  3.62262421  4.57321119  1.99915703  2.84185745  5.21341934
   2.40656376  3.58103537  1.89094446 17.39311357 14.59379368]
 [15.73032102  2.34559045  6.98419373  5.77537574 10.08304108  2.12280769
   4.70106679  1.73850838  2.07184681 13.90973732  1.13943847]]
Rv: [[ 1.50307846  3.11960108  5.15038954 18.06095808  1.81334544  9.39295676
   1.80559337 10.58838571 12.27462353  2.80331617]
 [ 1.81036766  2.4433309   8.54480345  1.54335043  1.18530889 10.01612055
  11.28511681 11.78128443  5.30753718  3.58772899]
 [ 6.80110405 17.96438792  3.15761063  1.10756422 14.19855617  9.53479777
   1.65197536  2.92223205  5.75989745  1.92026484]
 [ 1.36924419 11.26492657 18.23045957  1.86003662  9.46366794  9.8071527
   3.81003348  9.94421571 11.42175829  4.41723487]
 [10.52302946  2.57296847  3.39847953  2.31514671 15.27836494  9.07910485
   4.93227913  4.66847981  2.67781241  1.75012741]
 [ 1.06986287  2.97360211 11.96391215  2.41670779 10.05338405  2.11776841
   5.58294622  1.412689    1.07389901  3.26510338]
 [ 4.44480052  3.1525754   1.30825584 10.91123563  1.09445151 19.93471544
   3.81531964  7.86645701  2.4678858  11.09673413]
 [ 4.90109407  3.67959767  1.11741561 16.2876247  10.15532917 19.73071974
  15.16291503  1.1600637   8.55024666  1.63331814]
 [ 9.58258519  4.6306227   3.42129138  7.01075012  9.53419672 19.99477692
   5.19116402  3.36371708  8.69798534  4.5124608 ]]