-------Running parameters--------
T = 0.001
temperature_gradient = 0.0
gap = 0.0
M = 10
N = 10
VR = 0.0
Vmin = 0.0
Vmax = 1.1
vStep = 0.001
vSym = True
repeats = 50
fileName = array_10_10_disorder_c_std_0.1_r_std_9.5_run_6
dist = exp
fullOutput = False
use_graph = False
current_map = False
plot_current_map = False
plot_binary_current_map = False
frame_norm = False
dbg = False
resume = False
sc = False
leaping = False
constQ = False
modifyR = False
double_time = False
double_loop = False
calcIT = False
output_folder = increase_disorder_by_multiplication
params_path = increase_disorder_by_multiplication/runningParameters_array_10_10_disorder_c_std_0.1_r_std_9_run_6.txt
VG_avg = 0.0
VG_std = 0.0
C_avg = 2.0
C_std = 0.1
CG_avg = 10.0
CG_std = 0.0
R_avg = 10.0
R_std = 9.0
custom_rh = ""
custom_rv = ""
custom_ch = 
custom_cv = ""
RG_avg = 500.0
RG_std = 0.0
n0_avg = 0.0
n0_std = 0.0
Q0_avg = 0.0
Q0_std = 0.0
----Array Parameters-----
Rows: 10
Columns: 10
VG: [[0.]
 [0.]
 [0.]
 [0.]
 [0.]
 [0.]
 [0.]
 [0.]
 [0.]
 [0.]
 [0.]
 [0.]
 [0.]
 [0.]
 [0.]
 [0.]
 [0.]
 [0.]
 [0.]
 [0.]
 [0.]
 [0.]
 [0.]
 [0.]
 [0.]
 [0.]
 [0.]
 [0.]
 [0.]
 [0.]
 [0.]
 [0.]
 [0.]
 [0.]
 [0.]
 [0.]
 [0.]
 [0.]
 [0.]
 [0.]
 [0.]
 [0.]
 [0.]
 [0.]
 [0.]
 [0.]
 [0.]
 [0.]
 [0.]
 [0.]
 [0.]
 [0.]
 [0.]
 [0.]
 [0.]
 [0.]
 [0.]
 [0.]
 [0.]
 [0.]
 [0.]
 [0.]
 [0.]
 [0.]
 [0.]
 [0.]
 [0.]
 [0.]
 [0.]
 [0.]
 [0.]
 [0.]
 [0.]
 [0.]
 [0.]
 [0.]
 [0.]
 [0.]
 [0.]
 [0.]
 [0.]
 [0.]
 [0.]
 [0.]
 [0.]
 [0.]
 [0.]
 [0.]
 [0.]
 [0.]
 [0.]
 [0.]
 [0.]
 [0.]
 [0.]
 [0.]
 [0.]
 [0.]
 [0.]
 [0.]]
CG: [[10.]
 [10.]
 [10.]
 [10.]
 [10.]
 [10.]
 [10.]
 [10.]
 [10.]
 [10.]
 [10.]
 [10.]
 [10.]
 [10.]
 [10.]
 [10.]
 [10.]
 [10.]
 [10.]
 [10.]
 [10.]
 [10.]
 [10.]
 [10.]
 [10.]
 [10.]
 [10.]
 [10.]
 [10.]
 [10.]
 [10.]
 [10.]
 [10.]
 [10.]
 [10.]
 [10.]
 [10.]
 [10.]
 [10.]
 [10.]
 [10.]
 [10.]
 [10.]
 [10.]
 [10.]
 [10.]
 [10.]
 [10.]
 [10.]
 [10.]
 [10.]
 [10.]
 [10.]
 [10.]
 [10.]
 [10.]
 [10.]
 [10.]
 [10.]
 [10.]
 [10.]
 [10.]
 [10.]
 [10.]
 [10.]
 [10.]
 [10.]
 [10.]
 [10.]
 [10.]
 [10.]
 [10.]
 [10.]
 [10.]
 [10.]
 [10.]
 [10.]
 [10.]
 [10.]
 [10.]
 [10.]
 [10.]
 [10.]
 [10.]
 [10.]
 [10.]
 [10.]
 [10.]
 [10.]
 [10.]
 [10.]
 [10.]
 [10.]
 [10.]
 [10.]
 [10.]
 [10.]
 [10.]
 [10.]
 [10.]]
RG: [[500.]
 [500.]
 [500.]
 [500.]
 [500.]
 [500.]
 [500.]
 [500.]
 [500.]
 [500.]
 [500.]
 [500.]
 [500.]
 [500.]
 [500.]
 [500.]
 [500.]
 [500.]
 [500.]
 [500.]
 [500.]
 [500.]
 [500.]
 [500.]
 [500.]
 [500.]
 [500.]
 [500.]
 [500.]
 [500.]
 [500.]
 [500.]
 [500.]
 [500.]
 [500.]
 [500.]
 [500.]
 [500.]
 [500.]
 [500.]
 [500.]
 [500.]
 [500.]
 [500.]
 [500.]
 [500.]
 [500.]
 [500.]
 [500.]
 [500.]
 [500.]
 [500.]
 [500.]
 [500.]
 [500.]
 [500.]
 [500.]
 [500.]
 [500.]
 [500.]
 [500.]
 [500.]
 [500.]
 [500.]
 [500.]
 [500.]
 [500.]
 [500.]
 [500.]
 [500.]
 [500.]
 [500.]
 [500.]
 [500.]
 [500.]
 [500.]
 [500.]
 [500.]
 [500.]
 [500.]
 [500.]
 [500.]
 [500.]
 [500.]
 [500.]
 [500.]
 [500.]
 [500.]
 [500.]
 [500.]
 [500.]
 [500.]
 [500.]
 [500.]
 [500.]
 [500.]
 [500.]
 [500.]
 [500.]
 [500.]]
Ch: [[1.91209308 1.91489191 1.93562999 1.98321962 1.91722697 2.06092227
  1.96839268 2.06890398 2.08466806 1.96576626 2.08159368]
 [1.96273669 1.95625269 2.02663903 1.94092067 1.98276693 1.99392425
  2.03745663 1.90775929 2.01938429 1.95852572 1.95549329]
 [1.97495314 2.09558983 1.99143155 2.04666574 1.96555812 1.9144972
  1.92472978 2.02467076 2.01431634 1.94608519 2.07030467]
 [2.09674202 1.96132317 2.00173806 1.99668878 2.00819745 1.92384732
  2.06717884 2.01359998 2.00032356 2.01848247 2.08679113]
 [1.98941107 1.95441269 2.06933157 1.97365273 1.92746737 2.06202821
  2.08614094 2.01433346 2.08561516 2.08079552 2.07769368]
 [2.0476076  1.95464017 2.08253141 2.00590838 2.00977983 1.91292671
  1.94397333 2.03879304 1.98024016 1.92995999 1.91089849]
 [1.90970326 1.95843803 2.02800229 2.04528137 2.0242179  1.97064406
  1.91263391 2.02451019 1.93003948 2.03069456 2.04397092]
 [2.02800754 2.03348161 2.09741155 1.91595442 1.99698946 1.91873563
  1.99692588 1.96103302 1.99547937 2.06613752 2.01040958]
 [1.91606996 1.97060253 2.0640718  2.03865437 1.95799348 2.06158098
  1.95003526 2.0758379  1.91765509 2.06367516 1.93693671]
 [1.90617563 1.94448487 2.01391947 2.03457729 2.05376509 1.98737915
  2.04139597 1.98642339 2.06295141 2.03962901 1.927388  ]]
Cv: [[0.         0.         0.         0.         0.         0.
  0.         0.         0.         0.        ]
 [2.05225519 2.06537727 1.94605577 1.96756244 1.96510353 1.90074958
  1.97306264 2.0607803  1.92595866 1.95394789]
 [1.93764238 1.9440999  2.01365154 2.03190268 1.95759631 2.03647758
  2.00618864 2.09694722 2.06239717 2.06653793]
 [1.98976579 1.99598926 1.95090533 1.97141634 2.04948991 1.96020244
  1.99792886 2.08017267 2.02992615 2.07759543]
 [1.90961918 2.04585623 1.98355504 1.92257231 2.07947238 1.98201352
  2.06774111 1.93211279 2.07394649 2.02945076]
 [2.01647288 2.04564873 1.96995219 1.98896008 2.06830545 2.06246134
  1.97176394 1.92950206 1.99300923 1.9163255 ]
 [2.01178685 1.99738926 1.99910074 1.95152638 1.95334854 2.04246109
  1.98260973 1.93678717 2.07863767 2.02512927]
 [1.9753563  1.96234442 1.97695149 1.90425164 2.06005587 2.02773847
  2.0468325  2.01691808 2.06518795 2.07492913]
 [2.06462986 2.07318044 2.01430401 1.96956551 1.91959908 2.04574988
  2.07856914 1.9879952  2.00684713 1.98296672]
 [1.98722015 2.00825821 1.93781671 1.91841836 1.90632293 2.04366315
  1.96840127 1.93099999 2.04006561 1.98328787]]
Rh: [[ 2.7493847   8.92944765  1.70931166  4.55662829 11.58699998  9.24394646
   1.28502325 11.9888909   1.48641381  3.9139565   3.06924234]
 [ 1.83375849 18.51821608  1.40458367  4.81952185  1.83669097  3.89676201
   9.82295703  1.35994398  1.35757903  2.52963986  2.7063038 ]
 [ 1.35907691  4.65462519  2.76482122  3.81234365  4.38522314  1.25982275
   9.75806072  4.30755888  3.00273182  1.61724107  2.57045245]
 [ 6.76116202  5.03190929  1.61785208  1.34695559 15.60511     2.27280928
   9.14578177  9.9951138   2.55129253 16.86345239  1.41368632]
 [ 2.53084314 11.63423256  9.11858044  1.33878844  9.93592152 11.25720602
   4.03415463  4.25265715 11.10865553  3.0586418   1.69104917]
 [ 1.34378377 15.69266283  7.00529248 19.96280004  2.92521889  8.3812897
   5.42989848  1.75837094  1.32088564  3.72280393  1.20393027]
 [ 2.49422357  5.79056254  1.77010045  2.65788316  1.72181927  4.22963771
   2.28197867  5.36656951  3.51840421  2.13571376  6.90898075]
 [ 5.84620935  6.31424767  9.68735684  2.38247097  3.2297061   1.30760188
  17.24017526 16.27365312  6.59180963  2.58466653 15.50337869]
 [17.58416356  1.4843776   2.78752507  4.68414268  6.09514131  2.56067652
  15.07787008  5.8458942   1.24966114  2.40136049  4.0273485 ]
 [11.4426406   1.0844224  11.35800481 18.82149574  5.18853373  9.72540525
   4.92359268  7.56886491 12.85873195 11.04887968 17.20463555]]
Rv: [[ 1.19182175  5.89148672  1.55995869  1.25415924 13.58628996  1.76875368
  10.66977344  4.57127552 10.03973628  1.53133295]
 [ 1.61764532 15.10717366  4.86026405  2.28388376  2.3695696   3.42146128
   1.94272462  4.45367802  2.11075519  3.74706416]
 [ 1.58647617  5.55097449  7.66509129  1.18420721  1.4608529  15.55505485
   9.41152537  3.85848349  2.41333778 11.14272556]
 [ 1.94397892  3.00243723  1.53236806 19.06954632  5.51364234  1.77476348
   3.24251536  3.31138685 17.49526891  2.87897361]
 [ 2.74230651 17.40375318  1.30994289  5.46669755  5.14059662  5.02257207
   2.30414588 11.14563346 16.63681553  1.25149046]
 [11.75228336  4.84767957 15.62434583  2.32469773  4.05506748  1.41862576
  15.2939629   6.56172615  5.45615344  3.54124668]
 [ 5.32062322  1.5674814   1.16341601  2.73733611  5.9637304   1.80002623
   3.66499442  6.9071499   4.81578461  1.18123763]
 [ 1.57929742 11.37209203  2.84050662 10.27464698  2.42203737  1.84981001
  17.8050697  16.14280522  4.74592407 10.24698255]
 [ 2.37445476  4.30155327  4.31677865  1.98520235  2.1649541   8.83993452
  10.64811597  7.6482719   9.73224899  1.51886937]]