-------Running parameters--------
T = 0.001
temperature_gradient = 0.0
gap = 0.0
M = 10
N = 10
VR = 0.0
Vmin = 0.0
Vmax = 1.1
vStep = 0.001
vSym = True
repeats = 50
fileName = array_10_10_disorder_c_std_0.1_r_std_9.5_run_7
dist = exp
fullOutput = False
use_graph = False
current_map = False
plot_current_map = False
plot_binary_current_map = False
frame_norm = False
dbg = False
resume = False
sc = False
leaping = False
constQ = False
modifyR = False
double_time = False
double_loop = False
calcIT = False
output_folder = increase_disorder_by_multiplication
params_path = increase_disorder_by_multiplication/runningParameters_array_10_10_disorder_c_std_0.1_r_std_9_run_7.txt
VG_avg = 0.0
VG_std = 0.0
C_avg = 2.0
C_std = 0.1
CG_avg = 10.0
CG_std = 0.0
R_avg = 10.0
R_std = 9.0
custom_rh = ""
custom_rv = ""
custom_ch = 
custom_cv = ""
RG_avg = 500.0
RG_std = 0.0
n0_avg = 0.0
n0_std = 0.0
Q0_avg = 0.0
Q0_std = 0.0
----Array Parameters-----
Rows: 10
Columns: 10
VG: [[0.]
 [0.]
 [0.]
 [0.]
 [0.]
 [0.]
 [0.]
 [0.]
 [0.]
 [0.]
 [0.]
 [0.]
 [0.]
 [0.]
 [0.]
 [0.]
 [0.]
 [0.]
 [0.]
 [0.]
 [0.]
 [0.]
 [0.]
 [0.]
 [0.]
 [0.]
 [0.]
 [0.]
 [0.]
 [0.]
 [0.]
 [0.]
 [0.]
 [0.]
 [0.]
 [0.]
 [0.]
 [0.]
 [0.]
 [0.]
 [0.]
 [0.]
 [0.]
 [0.]
 [0.]
 [0.]
 [0.]
 [0.]
 [0.]
 [0.]
 [0.]
 [0.]
 [0.]
 [0.]
 [0.]
 [0.]
 [0.]
 [0.]
 [0.]
 [0.]
 [0.]
 [0.]
 [0.]
 [0.]
 [0.]
 [0.]
 [0.]
 [0.]
 [0.]
 [0.]
 [0.]
 [0.]
 [0.]
 [0.]
 [0.]
 [0.]
 [0.]
 [0.]
 [0.]
 [0.]
 [0.]
 [0.]
 [0.]
 [0.]
 [0.]
 [0.]
 [0.]
 [0.]
 [0.]
 [0.]
 [0.]
 [0.]
 [0.]
 [0.]
 [0.]
 [0.]
 [0.]
 [0.]
 [0.]
 [0.]]
CG: [[10.]
 [10.]
 [10.]
 [10.]
 [10.]
 [10.]
 [10.]
 [10.]
 [10.]
 [10.]
 [10.]
 [10.]
 [10.]
 [10.]
 [10.]
 [10.]
 [10.]
 [10.]
 [10.]
 [10.]
 [10.]
 [10.]
 [10.]
 [10.]
 [10.]
 [10.]
 [10.]
 [10.]
 [10.]
 [10.]
 [10.]
 [10.]
 [10.]
 [10.]
 [10.]
 [10.]
 [10.]
 [10.]
 [10.]
 [10.]
 [10.]
 [10.]
 [10.]
 [10.]
 [10.]
 [10.]
 [10.]
 [10.]
 [10.]
 [10.]
 [10.]
 [10.]
 [10.]
 [10.]
 [10.]
 [10.]
 [10.]
 [10.]
 [10.]
 [10.]
 [10.]
 [10.]
 [10.]
 [10.]
 [10.]
 [10.]
 [10.]
 [10.]
 [10.]
 [10.]
 [10.]
 [10.]
 [10.]
 [10.]
 [10.]
 [10.]
 [10.]
 [10.]
 [10.]
 [10.]
 [10.]
 [10.]
 [10.]
 [10.]
 [10.]
 [10.]
 [10.]
 [10.]
 [10.]
 [10.]
 [10.]
 [10.]
 [10.]
 [10.]
 [10.]
 [10.]
 [10.]
 [10.]
 [10.]
 [10.]]
RG: [[500.]
 [500.]
 [500.]
 [500.]
 [500.]
 [500.]
 [500.]
 [500.]
 [500.]
 [500.]
 [500.]
 [500.]
 [500.]
 [500.]
 [500.]
 [500.]
 [500.]
 [500.]
 [500.]
 [500.]
 [500.]
 [500.]
 [500.]
 [500.]
 [500.]
 [500.]
 [500.]
 [500.]
 [500.]
 [500.]
 [500.]
 [500.]
 [500.]
 [500.]
 [500.]
 [500.]
 [500.]
 [500.]
 [500.]
 [500.]
 [500.]
 [500.]
 [500.]
 [500.]
 [500.]
 [500.]
 [500.]
 [500.]
 [500.]
 [500.]
 [500.]
 [500.]
 [500.]
 [500.]
 [500.]
 [500.]
 [500.]
 [500.]
 [500.]
 [500.]
 [500.]
 [500.]
 [500.]
 [500.]
 [500.]
 [500.]
 [500.]
 [500.]
 [500.]
 [500.]
 [500.]
 [500.]
 [500.]
 [500.]
 [500.]
 [500.]
 [500.]
 [500.]
 [500.]
 [500.]
 [500.]
 [500.]
 [500.]
 [500.]
 [500.]
 [500.]
 [500.]
 [500.]
 [500.]
 [500.]
 [500.]
 [500.]
 [500.]
 [500.]
 [500.]
 [500.]
 [500.]
 [500.]
 [500.]
 [500.]]
Ch: [[1.92855265 1.92684386 2.01713344 1.95105788 1.93849411 1.9629769
  2.09825075 1.95405427 2.03521283 1.92803242 2.03587169]
 [2.06045    1.93084811 2.01885369 1.92434141 1.91238551 2.08740951
  1.90972229 1.92605114 1.94579244 2.07255351 2.09913663]
 [2.069123   2.07362786 2.00918741 2.04577742 1.94907631 1.93932778
  1.9856098  1.98443119 1.92901759 2.04423796 2.01544789]
 [2.02883028 2.03797138 2.0093516  1.91525662 2.08028516 2.05054674
  2.08125579 1.9872299  2.05030762 1.97967367 1.92180716]
 [2.07456079 2.0711757  1.90978576 1.98917354 1.92998682 2.0463716
  2.09131785 2.05073802 1.97822903 2.03635129 2.00609749]
 [2.02836931 2.0820891  2.08861903 2.00068236 2.05662163 1.99558922
  1.99171251 2.02771992 2.00822465 1.95897815 2.01612909]
 [2.01515374 1.92432822 2.05678259 2.06425597 2.01766689 2.0053867
  2.02663736 1.96746257 1.975368   2.01801552 1.95954239]
 [2.09011403 1.92624046 2.01718677 1.94412486 1.92286994 1.99107098
  1.96043428 1.99576101 2.06564437 1.99285095 1.98404389]
 [2.09752716 1.9146441  1.94239935 1.91924563 1.98138898 2.0440999
  2.06530398 2.02030428 2.08794836 2.06878308 1.91486373]
 [1.99217001 2.0142412  1.95377443 1.90442261 2.02796709 1.90833711
  2.04357794 1.99852285 1.9230714  2.0977497  2.03839985]]
Cv: [[0.         0.         0.         0.         0.         0.
  0.         0.         0.         0.        ]
 [1.93695528 1.95040891 1.9441871  2.03693415 1.98491629 1.99132752
  1.92139422 1.91171366 2.04575264 2.05149403]
 [2.01958845 2.06866949 2.07934067 2.02381941 1.90714163 1.9461814
  1.94907348 1.92151686 1.97809834 1.9869742 ]
 [2.03431981 1.97342611 2.04256973 2.0367691  2.09479936 1.98981003
  1.9645981  2.07356906 1.99799758 1.90102177]
 [2.06938731 1.9065582  2.03913785 1.92664613 1.93480163 2.09607118
  2.06692621 2.09902146 1.97368082 2.00666595]
 [1.93607177 1.93373176 1.90063008 1.95892615 1.98117911 1.91493821
  1.96081438 2.09286683 1.9317652  1.95893376]
 [2.05317614 1.96617828 1.98458968 1.92089478 1.98790651 1.94409859
  2.01967282 1.97106265 2.02321886 1.95680824]
 [1.95221468 2.01090503 1.92845374 1.92068706 2.00307111 1.95616467
  1.98605136 2.07591528 2.05742903 1.92488243]
 [1.91157428 2.07545175 1.96472567 2.06295688 2.00771264 2.0635685
  2.09617782 1.99513205 2.0230547  1.94452145]
 [1.96405779 1.91071949 2.08612058 2.07630515 1.98814355 1.96156723
  1.90408899 1.91095044 2.02567255 1.94173188]]
Rh: [[ 1.45775669 11.44600367  4.21912074  1.37596619 18.30829924 12.72776581
   9.84301264  1.08317739 12.15708869  1.31456765  7.27779416]
 [ 1.58403284  3.41876367  7.40860701 12.71750472 13.00932748 15.58663628
   4.43309545  8.41944944  8.23770548 12.98529901  2.83476758]
 [ 1.28872234 11.54186155  1.81210383  5.40131995  7.96519301  2.66998426
   1.4173322   3.37703077 14.43640748  1.99690613 10.02748125]
 [10.33508528  7.06109135  1.4407626   3.09143674  2.04624852  1.35417716
   6.46788493  4.74310642  2.9710747  17.31011271  5.33941709]
 [ 7.29996342  5.18478203 12.15389426  1.5214754   1.4513974   5.9552469
  12.02504887  7.37737343 19.01894218  2.09595258 15.14540248]
 [ 1.06503519  5.80827278  1.4866353  12.79034045  9.13237382  3.50609852
   5.15055573  1.06057111 15.25234961 17.57937177  3.39453055]
 [ 1.14516195  1.25028196 19.48746435 14.95825982  2.76908698  7.56138881
   8.92520407 14.90458014  1.43256648  9.18837875  7.6166052 ]
 [ 1.81524191  6.1423547   1.21500102  7.41827552  2.52756113 15.75419258
   8.8527786   2.50226273  2.72928947  3.62052037  1.12237701]
 [ 5.54944139  5.64304573  1.30117428  5.75893797  1.65479224  1.75520838
   4.07629461  2.10793215  6.03584538  1.46971896  2.00171627]
 [ 5.98193193  2.96617059 17.26279662  2.10522207  3.32555849  4.96211045
   8.08634338 11.39435313  2.17664571  2.0011587   6.18257868]]
Rv: [[12.36186357  2.74012314  1.30146689 15.97839434  2.26754017  3.21128131
   3.23071321  7.40614743  4.21427441  6.43475624]
 [ 1.50214869  7.42799693  8.74831176 10.23199822  2.76814484  1.08614784
   2.41147559  1.92791358 16.05541666  4.24281441]
 [ 1.52930894  1.48260741  8.66898425  6.08560731  5.23847861  6.13583486
   9.86203311  1.0673121   3.18759631  3.00047352]
 [ 3.91861773  3.13361698  3.74331484  6.20463918  2.28467186  1.67980239
   2.10784708  9.7675622   8.46559026  5.36283099]
 [16.76208916  2.91538886  3.65766556  1.12536154  4.19233819 19.74239311
   5.75602896  3.52336483  6.29785271  4.24085129]
 [ 1.15720989  7.72516817 12.4031641   1.59476425  7.86963136  1.42332802
   3.75476809  6.76236113 17.75205595  9.86465562]
 [ 2.66041662 10.39197989  4.70148557  1.10800224 17.55531454  9.1361681
   4.55236825 14.97185776 12.59031406  6.9933227 ]
 [ 2.34608447 14.1500763   4.12581877  6.89244571  9.55082868 15.33377896
   6.72131668  1.8086334   7.41789025 16.20595497]
 [ 1.18618008  4.18620561 14.63242233  6.3514048   7.82932284  2.29319604
   5.03489061  9.22584972  8.55996074 11.92397254]]