-------Running parameters--------
T = 0.001
temperature_gradient = 0.0
gap = 0.0
M = 10
N = 10
VR = 0.0
Vmin = 0.0
Vmax = 1.1
vStep = 0.001
vSym = True
repeats = 50
fileName = array_10_10_disorder_c_std_0.1_r_std_9_run_2
dist = exp
fullOutput = True
use_graph = False
current_map = True
plot_current_map = False
plot_binary_current_map = False
frame_norm = False
dbg = False
resume = False
sc = False
leaping = False
constQ = False
modifyR = False
double_time = False
double_loop = False
output_folder = bgu_2d_finite_temperature_different_disorders_statistics
params_path = 
VG_avg = 0.0
VG_std = 0.0
C_avg = 2.0
C_std = 0.1
CG_avg = 10.0
CG_std = 0.0
R_avg = 10.0
R_std = 9.0
custom_rh = ""
custom_rv = ""
custom_ch = ""
custom_cv = ""
RG_avg = 500.0
RG_std = 0.0
n0_avg = 0.0
n0_std = 0.0
Q0_avg = 0.0
Q0_std = 0.0
----Array Parameters-----
Rows: 10
Columns: 10
VG: [[0.]
 [0.]
 [0.]
 [0.]
 [0.]
 [0.]
 [0.]
 [0.]
 [0.]
 [0.]
 [0.]
 [0.]
 [0.]
 [0.]
 [0.]
 [0.]
 [0.]
 [0.]
 [0.]
 [0.]
 [0.]
 [0.]
 [0.]
 [0.]
 [0.]
 [0.]
 [0.]
 [0.]
 [0.]
 [0.]
 [0.]
 [0.]
 [0.]
 [0.]
 [0.]
 [0.]
 [0.]
 [0.]
 [0.]
 [0.]
 [0.]
 [0.]
 [0.]
 [0.]
 [0.]
 [0.]
 [0.]
 [0.]
 [0.]
 [0.]
 [0.]
 [0.]
 [0.]
 [0.]
 [0.]
 [0.]
 [0.]
 [0.]
 [0.]
 [0.]
 [0.]
 [0.]
 [0.]
 [0.]
 [0.]
 [0.]
 [0.]
 [0.]
 [0.]
 [0.]
 [0.]
 [0.]
 [0.]
 [0.]
 [0.]
 [0.]
 [0.]
 [0.]
 [0.]
 [0.]
 [0.]
 [0.]
 [0.]
 [0.]
 [0.]
 [0.]
 [0.]
 [0.]
 [0.]
 [0.]
 [0.]
 [0.]
 [0.]
 [0.]
 [0.]
 [0.]
 [0.]
 [0.]
 [0.]
 [0.]]
CG: [[10.]
 [10.]
 [10.]
 [10.]
 [10.]
 [10.]
 [10.]
 [10.]
 [10.]
 [10.]
 [10.]
 [10.]
 [10.]
 [10.]
 [10.]
 [10.]
 [10.]
 [10.]
 [10.]
 [10.]
 [10.]
 [10.]
 [10.]
 [10.]
 [10.]
 [10.]
 [10.]
 [10.]
 [10.]
 [10.]
 [10.]
 [10.]
 [10.]
 [10.]
 [10.]
 [10.]
 [10.]
 [10.]
 [10.]
 [10.]
 [10.]
 [10.]
 [10.]
 [10.]
 [10.]
 [10.]
 [10.]
 [10.]
 [10.]
 [10.]
 [10.]
 [10.]
 [10.]
 [10.]
 [10.]
 [10.]
 [10.]
 [10.]
 [10.]
 [10.]
 [10.]
 [10.]
 [10.]
 [10.]
 [10.]
 [10.]
 [10.]
 [10.]
 [10.]
 [10.]
 [10.]
 [10.]
 [10.]
 [10.]
 [10.]
 [10.]
 [10.]
 [10.]
 [10.]
 [10.]
 [10.]
 [10.]
 [10.]
 [10.]
 [10.]
 [10.]
 [10.]
 [10.]
 [10.]
 [10.]
 [10.]
 [10.]
 [10.]
 [10.]
 [10.]
 [10.]
 [10.]
 [10.]
 [10.]
 [10.]]
RG: [[500.]
 [500.]
 [500.]
 [500.]
 [500.]
 [500.]
 [500.]
 [500.]
 [500.]
 [500.]
 [500.]
 [500.]
 [500.]
 [500.]
 [500.]
 [500.]
 [500.]
 [500.]
 [500.]
 [500.]
 [500.]
 [500.]
 [500.]
 [500.]
 [500.]
 [500.]
 [500.]
 [500.]
 [500.]
 [500.]
 [500.]
 [500.]
 [500.]
 [500.]
 [500.]
 [500.]
 [500.]
 [500.]
 [500.]
 [500.]
 [500.]
 [500.]
 [500.]
 [500.]
 [500.]
 [500.]
 [500.]
 [500.]
 [500.]
 [500.]
 [500.]
 [500.]
 [500.]
 [500.]
 [500.]
 [500.]
 [500.]
 [500.]
 [500.]
 [500.]
 [500.]
 [500.]
 [500.]
 [500.]
 [500.]
 [500.]
 [500.]
 [500.]
 [500.]
 [500.]
 [500.]
 [500.]
 [500.]
 [500.]
 [500.]
 [500.]
 [500.]
 [500.]
 [500.]
 [500.]
 [500.]
 [500.]
 [500.]
 [500.]
 [500.]
 [500.]
 [500.]
 [500.]
 [500.]
 [500.]
 [500.]
 [500.]
 [500.]
 [500.]
 [500.]
 [500.]
 [500.]
 [500.]
 [500.]
 [500.]]
Ch: [[1.91074966 2.031875   2.079795   2.00463781 2.07309121 1.98998179
  1.97983717 2.08192921 1.90319563 2.02046634 1.98949595]
 [1.96893817 2.09011369 2.08089497 2.04276821 2.00838595 1.92371735
  2.08607912 2.06972818 1.95856966 2.06112888 2.0920377 ]
 [2.01037284 2.03682945 1.94796189 2.01335131 2.09834487 1.95936711
  1.98728218 1.99053265 1.94524581 1.94002486 1.95836101]
 [2.0906658  2.0475605  2.04987078 1.94503739 2.06586959 1.94174886
  1.91072433 2.04245826 1.95561107 2.04194417 1.91457041]
 [1.92215721 1.94341602 1.99138337 1.95761241 1.9080614  1.91945206
  1.92735807 2.02218105 1.95524246 1.91844398 2.08036318]
 [1.94585382 1.92893735 1.90821598 1.994121   2.01814202 1.99125932
  1.90578332 1.99434452 1.94295905 1.9801206  1.95973222]
 [2.033043   2.06334325 1.98361899 2.00817039 1.97452082 2.04569683
  1.95980432 1.9004989  1.90483295 1.94392334 1.92948625]
 [1.98218858 1.90851592 2.02444062 1.93706504 1.9940525  1.92445924
  1.91393583 2.02846627 1.99244282 1.95235728 1.95479072]
 [1.95365199 1.93902156 1.94039987 1.9280408  2.08056226 1.93913647
  1.96234662 1.95230345 2.07265656 1.95157443 2.03241522]
 [1.90266603 1.91914318 2.01484069 1.93636991 2.07721989 2.0334753
  1.97930915 1.96979454 1.9817285  2.07981271 2.0400413 ]]
Cv: [[0.         0.         0.         0.         0.         0.
  0.         0.         0.         0.        ]
 [1.93375374 1.99758219 2.05897472 1.9726423  1.93003244 1.9868227
  2.08118014 2.0155684  1.91061077 2.06803439]
 [2.03731742 2.05108339 1.91581721 2.07711358 1.95754254 1.97816407
  1.91154351 1.92720708 2.00677583 2.06467298]
 [2.04771387 1.91102731 2.02227445 2.09791331 1.94129693 1.95875871
  1.91397945 2.01816449 2.01325174 2.08329546]
 [2.0330219  1.93355263 1.92870391 2.06765554 2.01254801 1.95185073
  2.05570078 1.94050079 1.95757196 1.97589003]
 [2.09846254 2.0444568  1.97467251 1.91842593 1.92753988 2.0231332
  2.0248875  2.07573202 2.07074912 1.95402701]
 [1.91708486 2.08343759 1.91606941 1.97538805 1.92093353 2.06947145
  1.90815039 2.0382684  2.01291905 1.91658269]
 [2.09627436 1.91406122 1.91426873 1.9587376  2.03410168 2.05460062
  2.0592453  1.90370537 1.9457912  2.02397714]
 [1.90559703 1.95924924 1.92738007 1.90057836 2.04193022 1.98388945
  1.98249605 1.92617741 2.02967445 1.94869647]
 [1.93741943 2.0620789  1.95947556 2.07806728 2.07055398 2.00059282
  1.98474149 1.99854791 2.07534185 1.91623946]]
Rh: [[ 2.29744318  2.304628   14.1092068  12.5608759   8.94568863  1.56329284
   9.78511179  1.05850928  1.16613567 15.7696845   8.29127017]
 [ 4.47494539  3.81372193  1.9828646  13.04535527  5.86137776  4.27743975
   2.93047868  2.6586051   5.53198598  6.35468588  3.22773529]
 [ 1.03740658  5.17618303 18.2183117   6.04029889  6.40012552  1.39983051
   1.47652104 12.49928394  6.00814207  3.82223719  9.37293861]
 [15.85200315 12.9684682   9.89602702  1.69368153 12.00670502 10.87538291
  13.48185809  7.88627043  1.43783817 10.86864782  9.93156563]
 [ 2.08063073  4.72872821  3.13505645  3.45241219  6.42356814  5.91177331
  14.23741307  1.03860762  3.51975169  1.00837799  4.46422423]
 [ 4.40245175  1.10519748 13.32115449  7.13860726 14.62800892  9.93618945
   7.19212775  1.77157466  9.92206375  3.2852194   1.31009199]
 [15.03393667  7.38007037  1.20813794  1.14887659 12.0698068   1.45156057
   2.39205439  1.68451051  2.41262039  9.09588048  3.08611626]
 [ 1.86915894  1.80476694  1.42732285  2.32138587  3.68415759  2.64695381
   8.57068505  5.33235987  6.46405275  1.03094623 11.51518859]
 [ 6.74061498  9.60891294  1.85746765  4.2998886   1.58263983  9.23449324
   2.29473407  2.16011853  1.16255819 17.27017827  7.17437331]
 [ 1.82137664  6.21010984  3.10185775 12.96491961  9.08083842 16.5473103
  10.25762509  9.37692881  9.7961856  13.9769471   4.03410766]]
Rv: [[ 1.04772242  3.45248409 12.94918061  1.67063153  7.35527597 15.48520964
   7.83179097 10.33356504  3.87139107 14.78769798]
 [ 5.58023136  4.4239265   4.65542486 12.27358431  1.51244897  3.33713395
   8.12816052  9.44367195 10.68307995  9.50905627]
 [ 4.21667034  1.95569084  4.3944695   7.39291831  4.07566557  1.30368815
   9.64042418  3.54279799  1.58253274  9.84196533]
 [ 2.0555126  14.4574409   9.54237894  6.11363524 10.10546781 16.45800852
  13.09716843  7.16382123  2.92848368  1.09335552]
 [14.22309208  1.24574266  1.40119901  1.48142923  6.4559326  13.32778485
   1.07435323  1.11976518  2.42682397  4.90314673]
 [18.36974776  2.58132108  8.52581915  1.39466425  6.28951943 16.44377026
   7.03385662  4.87048174  2.33303635 17.0864726 ]
 [ 6.60312511  5.66182378  1.19240687  8.58155385 13.48245427  4.15950637
   3.60234708  1.60178589  9.67587373  7.30000583]
 [ 1.8907891  13.00832515 15.61378276  4.50115089  2.20062264 15.50341803
   1.69206923  6.76246906  2.00723126  3.82520369]
 [ 6.23845162  3.0141812   1.9492032   9.15468933 17.78187143  9.50975221
  14.97425607  3.49114586 17.08044042 18.0194291 ]]