-------Running parameters--------
T = 0.001
temperature_gradient = 0.0
gap = 0.0
M = 10
N = 10
VR = 0.0
Vmin = 0.0
Vmax = 1.1
vStep = 0.001
vSym = True
repeats = 50
fileName = array_10_10_disorder_c_std_0.1_r_std_9_run_3
dist = exp
fullOutput = True
use_graph = False
current_map = True
plot_current_map = False
plot_binary_current_map = False
frame_norm = False
dbg = False
resume = False
sc = False
leaping = False
constQ = False
modifyR = False
double_time = False
double_loop = False
output_folder = bgu_2d_finite_temperature_different_disorders_statistics
params_path = 
VG_avg = 0.0
VG_std = 0.0
C_avg = 2.0
C_std = 0.1
CG_avg = 10.0
CG_std = 0.0
R_avg = 10.0
R_std = 9.0
custom_rh = ""
custom_rv = ""
custom_ch = ""
custom_cv = ""
RG_avg = 500.0
RG_std = 0.0
n0_avg = 0.0
n0_std = 0.0
Q0_avg = 0.0
Q0_std = 0.0
----Array Parameters-----
Rows: 10
Columns: 10
VG: [[0.]
 [0.]
 [0.]
 [0.]
 [0.]
 [0.]
 [0.]
 [0.]
 [0.]
 [0.]
 [0.]
 [0.]
 [0.]
 [0.]
 [0.]
 [0.]
 [0.]
 [0.]
 [0.]
 [0.]
 [0.]
 [0.]
 [0.]
 [0.]
 [0.]
 [0.]
 [0.]
 [0.]
 [0.]
 [0.]
 [0.]
 [0.]
 [0.]
 [0.]
 [0.]
 [0.]
 [0.]
 [0.]
 [0.]
 [0.]
 [0.]
 [0.]
 [0.]
 [0.]
 [0.]
 [0.]
 [0.]
 [0.]
 [0.]
 [0.]
 [0.]
 [0.]
 [0.]
 [0.]
 [0.]
 [0.]
 [0.]
 [0.]
 [0.]
 [0.]
 [0.]
 [0.]
 [0.]
 [0.]
 [0.]
 [0.]
 [0.]
 [0.]
 [0.]
 [0.]
 [0.]
 [0.]
 [0.]
 [0.]
 [0.]
 [0.]
 [0.]
 [0.]
 [0.]
 [0.]
 [0.]
 [0.]
 [0.]
 [0.]
 [0.]
 [0.]
 [0.]
 [0.]
 [0.]
 [0.]
 [0.]
 [0.]
 [0.]
 [0.]
 [0.]
 [0.]
 [0.]
 [0.]
 [0.]
 [0.]]
CG: [[10.]
 [10.]
 [10.]
 [10.]
 [10.]
 [10.]
 [10.]
 [10.]
 [10.]
 [10.]
 [10.]
 [10.]
 [10.]
 [10.]
 [10.]
 [10.]
 [10.]
 [10.]
 [10.]
 [10.]
 [10.]
 [10.]
 [10.]
 [10.]
 [10.]
 [10.]
 [10.]
 [10.]
 [10.]
 [10.]
 [10.]
 [10.]
 [10.]
 [10.]
 [10.]
 [10.]
 [10.]
 [10.]
 [10.]
 [10.]
 [10.]
 [10.]
 [10.]
 [10.]
 [10.]
 [10.]
 [10.]
 [10.]
 [10.]
 [10.]
 [10.]
 [10.]
 [10.]
 [10.]
 [10.]
 [10.]
 [10.]
 [10.]
 [10.]
 [10.]
 [10.]
 [10.]
 [10.]
 [10.]
 [10.]
 [10.]
 [10.]
 [10.]
 [10.]
 [10.]
 [10.]
 [10.]
 [10.]
 [10.]
 [10.]
 [10.]
 [10.]
 [10.]
 [10.]
 [10.]
 [10.]
 [10.]
 [10.]
 [10.]
 [10.]
 [10.]
 [10.]
 [10.]
 [10.]
 [10.]
 [10.]
 [10.]
 [10.]
 [10.]
 [10.]
 [10.]
 [10.]
 [10.]
 [10.]
 [10.]]
RG: [[500.]
 [500.]
 [500.]
 [500.]
 [500.]
 [500.]
 [500.]
 [500.]
 [500.]
 [500.]
 [500.]
 [500.]
 [500.]
 [500.]
 [500.]
 [500.]
 [500.]
 [500.]
 [500.]
 [500.]
 [500.]
 [500.]
 [500.]
 [500.]
 [500.]
 [500.]
 [500.]
 [500.]
 [500.]
 [500.]
 [500.]
 [500.]
 [500.]
 [500.]
 [500.]
 [500.]
 [500.]
 [500.]
 [500.]
 [500.]
 [500.]
 [500.]
 [500.]
 [500.]
 [500.]
 [500.]
 [500.]
 [500.]
 [500.]
 [500.]
 [500.]
 [500.]
 [500.]
 [500.]
 [500.]
 [500.]
 [500.]
 [500.]
 [500.]
 [500.]
 [500.]
 [500.]
 [500.]
 [500.]
 [500.]
 [500.]
 [500.]
 [500.]
 [500.]
 [500.]
 [500.]
 [500.]
 [500.]
 [500.]
 [500.]
 [500.]
 [500.]
 [500.]
 [500.]
 [500.]
 [500.]
 [500.]
 [500.]
 [500.]
 [500.]
 [500.]
 [500.]
 [500.]
 [500.]
 [500.]
 [500.]
 [500.]
 [500.]
 [500.]
 [500.]
 [500.]
 [500.]
 [500.]
 [500.]
 [500.]]
Ch: [[2.04886926 1.99851388 1.97377733 2.01537001 2.09125358 2.00862924
  2.0125284  1.99625595 1.9154849  2.00838382 2.0551598 ]
 [1.90567213 1.96994441 2.06150205 2.03981976 1.91321468 1.95281527
  2.0804485  2.06323381 1.9378609  2.03968484 2.04758152]
 [2.03605908 1.91320723 2.04257585 1.97826176 2.02089234 1.92933704
  1.99535662 1.93201432 1.9471179  1.91641543 2.05629193]
 [1.9091919  1.98771468 1.99582402 1.93392595 2.06004239 2.09671428
  1.95592976 2.0606604  2.03496276 2.01640818 1.93469916]
 [1.98042726 1.92707844 1.98172187 2.03607268 2.0937491  2.05741329
  2.01093512 2.05128049 2.09287297 2.06680916 2.00615002]
 [2.07614545 2.08771013 1.99463546 1.93314512 1.96792875 2.04381476
  2.07815199 2.02269336 1.94562449 1.97063395 1.98123237]
 [2.07741865 2.0874592  1.94471731 1.92247209 1.94141209 2.06279292
  2.01367214 1.95833716 2.05835923 1.97617608 2.02316944]
 [2.06142267 2.06454489 1.96094076 1.93388258 1.92606896 1.94548963
  1.92916272 1.98798773 1.96725234 2.08566758 2.00989361]
 [2.07993409 2.06905939 2.06516167 2.05213075 2.03541012 1.94846959
  2.0584393  2.06724058 2.03738727 2.09849013 2.0093518 ]
 [2.04863055 1.98580149 2.05391666 1.96212736 1.96893311 1.93981053
  1.90095374 1.98963937 1.93953334 2.07094984 2.0782297 ]]
Cv: [[0.         0.         0.         0.         0.         0.
  0.         0.         0.         0.        ]
 [2.00825882 1.99754601 1.94105829 2.0118576  1.97580773 2.02525883
  1.90371392 2.0580655  1.90735498 2.0629363 ]
 [1.9862453  2.04267165 1.99849274 2.09861579 1.90516903 1.95410129
  2.00643951 2.0344905  1.94818949 1.93456176]
 [2.00240655 2.00396938 2.05775212 2.09091708 2.07830779 2.08474953
  2.08743467 1.98134338 2.07906975 2.05372347]
 [1.99458665 2.00636864 2.07260157 1.93999287 1.99405564 2.00118163
  2.0157267  1.9954658  1.96735839 1.95850809]
 [2.09826    1.93214102 2.08767147 2.02437985 1.91503397 1.91356122
  1.90050194 2.01187795 1.96672926 1.97532586]
 [1.91936022 2.00322002 2.08368518 2.06535112 1.95889881 2.06708556
  1.94317532 2.07423392 1.91841859 2.04801503]
 [2.00107332 1.92724612 1.93053417 1.91089539 2.00904627 1.92989533
  2.0498987  1.98479112 1.94147435 1.95185827]
 [2.00951801 1.95024458 2.01496979 1.97940097 2.01107674 1.93029054
  2.08169354 1.99653773 2.05237477 2.05041486]
 [1.92216595 1.92182775 1.94719418 2.07014537 2.04127946 1.95265639
  2.0072015  1.94594958 1.99108477 1.92145532]]
Rh: [[ 7.16091331  3.03908777  1.18460031 12.24475882 17.42386693  1.81288861
   1.56114348  2.30394192  1.6364294  17.18229745  4.71022163]
 [ 8.70600876  2.82628501  5.80546133  9.25672381  5.54550202 13.0134119
   5.4510738   4.08878385  5.99917394  1.9870517   2.33748319]
 [ 1.45662579  1.6756139   3.06406333  1.01642822  2.2849606  11.66601184
   3.9808055   2.88939319  1.57219359 15.38935816 13.29167531]
 [ 4.5592146   4.29425432  4.63863608  2.30536378  6.87963673  7.76077717
   3.58226759  6.75798946  1.97493262 15.71295041  1.5923298 ]
 [ 7.18926297  5.14927711 11.81314141 14.26396128 18.45122322  4.02742611
   5.75390492  1.7160106   3.63733287  2.27046173  6.53023259]
 [18.36298975  2.28852367 11.03718573  2.89131223  7.88351054 11.30146225
   1.06334128  1.5312909   1.41174185 10.43031638  6.03819665]
 [15.21690857 15.17386085  1.14421496  5.80213261  9.25432695  3.02009471
   1.85382919  6.59700643 11.33915637  2.68599915  4.1836034 ]
 [10.29099703 14.98134683  2.08967414 10.76203464  5.887894    1.54166946
   8.91860165 10.05863399  1.41417845  4.97631966  4.9554627 ]
 [ 1.04551075  1.55665144  4.46511962  1.10281159  3.21112735  1.24717425
  13.74903283  1.19630752  9.84967879  3.21116045  6.86972445]
 [ 1.23817064  2.3190151   1.08756157  6.3394967  15.13565373 11.33142809
   1.95426138  3.7287034   4.47076966  1.44463448  2.136841  ]]
Rv: [[14.3945558   8.30822069  5.92209173  1.93939059  1.1428402   1.45642574
   3.2172782   1.63250202  9.69982214  4.68458456]
 [ 5.28339594  7.79790642  1.35769975  1.0882027   4.61907388  5.99893089
   2.04550482 17.72910659  2.64288967  2.23591954]
 [ 3.47288951  8.80847431  1.17447575 10.33638164 18.56527501  2.24948842
   4.1381556   1.90486855  8.12886494  4.52784773]
 [ 7.54997913  3.23416169 10.10105512  4.03728748  2.76806029  1.51639519
   2.46803403  5.91798674  1.06465243  1.12746979]
 [ 5.4146638  18.40094807  5.81776816  5.5164071   2.20570722  8.99408823
   6.52916258 18.10361242  3.96181979  2.98812267]
 [ 3.71552612  1.09244967 16.65770908 18.31495212  7.28905058 17.19355397
   2.82514146  3.25356319  6.62196428  1.25593478]
 [ 4.26107501  8.45411436  9.36518426  3.17247711  2.36869492  2.37741254
  17.83943685 18.24214642  9.33963337  8.06694352]
 [ 6.33264383  8.80377662  1.71969302  4.06068709  4.90622162  6.08245948
   1.14171846  8.28704387  5.244465    5.14138758]
 [ 3.74016818  3.99470113  1.4699607   1.17466212  1.85575093  3.19718453
   1.01434241  2.76450801  5.58232806 16.8943326 ]]