-------Running parameters--------
T = 0.001
temperature_gradient = 0.0
gap = 0.0
M = 10
N = 10
VR = 0.0
Vmin = 0.0
Vmax = 1.1
vStep = 0.001
vSym = True
repeats = 50
fileName = array_10_10_disorder_c_std_0.1_r_std_9.5_run_10
dist = exp
fullOutput = False
use_graph = False
current_map = False
plot_current_map = False
plot_binary_current_map = False
frame_norm = False
dbg = False
resume = False
sc = False
leaping = False
constQ = False
modifyR = False
double_time = False
double_loop = False
calcIT = False
output_folder = increase_disorder_by_multiplication
params_path = increase_disorder_by_multiplication/runningParameters_array_10_10_disorder_c_std_0.1_r_std_9_run_10.txt
VG_avg = 0.0
VG_std = 0.0
C_avg = 2.0
C_std = 0.1
CG_avg = 10.0
CG_std = 0.0
R_avg = 10.0
R_std = 9.0
custom_rh = ""
custom_rv = ""
custom_ch = 
custom_cv = ""
RG_avg = 500.0
RG_std = 0.0
n0_avg = 0.0
n0_std = 0.0
Q0_avg = 0.0
Q0_std = 0.0
----Array Parameters-----
Rows: 10
Columns: 10
VG: [[0.]
 [0.]
 [0.]
 [0.]
 [0.]
 [0.]
 [0.]
 [0.]
 [0.]
 [0.]
 [0.]
 [0.]
 [0.]
 [0.]
 [0.]
 [0.]
 [0.]
 [0.]
 [0.]
 [0.]
 [0.]
 [0.]
 [0.]
 [0.]
 [0.]
 [0.]
 [0.]
 [0.]
 [0.]
 [0.]
 [0.]
 [0.]
 [0.]
 [0.]
 [0.]
 [0.]
 [0.]
 [0.]
 [0.]
 [0.]
 [0.]
 [0.]
 [0.]
 [0.]
 [0.]
 [0.]
 [0.]
 [0.]
 [0.]
 [0.]
 [0.]
 [0.]
 [0.]
 [0.]
 [0.]
 [0.]
 [0.]
 [0.]
 [0.]
 [0.]
 [0.]
 [0.]
 [0.]
 [0.]
 [0.]
 [0.]
 [0.]
 [0.]
 [0.]
 [0.]
 [0.]
 [0.]
 [0.]
 [0.]
 [0.]
 [0.]
 [0.]
 [0.]
 [0.]
 [0.]
 [0.]
 [0.]
 [0.]
 [0.]
 [0.]
 [0.]
 [0.]
 [0.]
 [0.]
 [0.]
 [0.]
 [0.]
 [0.]
 [0.]
 [0.]
 [0.]
 [0.]
 [0.]
 [0.]
 [0.]]
CG: [[10.]
 [10.]
 [10.]
 [10.]
 [10.]
 [10.]
 [10.]
 [10.]
 [10.]
 [10.]
 [10.]
 [10.]
 [10.]
 [10.]
 [10.]
 [10.]
 [10.]
 [10.]
 [10.]
 [10.]
 [10.]
 [10.]
 [10.]
 [10.]
 [10.]
 [10.]
 [10.]
 [10.]
 [10.]
 [10.]
 [10.]
 [10.]
 [10.]
 [10.]
 [10.]
 [10.]
 [10.]
 [10.]
 [10.]
 [10.]
 [10.]
 [10.]
 [10.]
 [10.]
 [10.]
 [10.]
 [10.]
 [10.]
 [10.]
 [10.]
 [10.]
 [10.]
 [10.]
 [10.]
 [10.]
 [10.]
 [10.]
 [10.]
 [10.]
 [10.]
 [10.]
 [10.]
 [10.]
 [10.]
 [10.]
 [10.]
 [10.]
 [10.]
 [10.]
 [10.]
 [10.]
 [10.]
 [10.]
 [10.]
 [10.]
 [10.]
 [10.]
 [10.]
 [10.]
 [10.]
 [10.]
 [10.]
 [10.]
 [10.]
 [10.]
 [10.]
 [10.]
 [10.]
 [10.]
 [10.]
 [10.]
 [10.]
 [10.]
 [10.]
 [10.]
 [10.]
 [10.]
 [10.]
 [10.]
 [10.]]
RG: [[500.]
 [500.]
 [500.]
 [500.]
 [500.]
 [500.]
 [500.]
 [500.]
 [500.]
 [500.]
 [500.]
 [500.]
 [500.]
 [500.]
 [500.]
 [500.]
 [500.]
 [500.]
 [500.]
 [500.]
 [500.]
 [500.]
 [500.]
 [500.]
 [500.]
 [500.]
 [500.]
 [500.]
 [500.]
 [500.]
 [500.]
 [500.]
 [500.]
 [500.]
 [500.]
 [500.]
 [500.]
 [500.]
 [500.]
 [500.]
 [500.]
 [500.]
 [500.]
 [500.]
 [500.]
 [500.]
 [500.]
 [500.]
 [500.]
 [500.]
 [500.]
 [500.]
 [500.]
 [500.]
 [500.]
 [500.]
 [500.]
 [500.]
 [500.]
 [500.]
 [500.]
 [500.]
 [500.]
 [500.]
 [500.]
 [500.]
 [500.]
 [500.]
 [500.]
 [500.]
 [500.]
 [500.]
 [500.]
 [500.]
 [500.]
 [500.]
 [500.]
 [500.]
 [500.]
 [500.]
 [500.]
 [500.]
 [500.]
 [500.]
 [500.]
 [500.]
 [500.]
 [500.]
 [500.]
 [500.]
 [500.]
 [500.]
 [500.]
 [500.]
 [500.]
 [500.]
 [500.]
 [500.]
 [500.]
 [500.]]
Ch: [[1.97800413 2.05815503 1.90268628 1.92459537 1.94351676 2.09344838
  1.90144572 1.95265193 2.09134912 2.07620523 1.97731121]
 [2.06364926 1.93969341 2.07178039 1.99015204 1.98622825 1.93552567
  1.97037421 2.06678535 2.06038182 1.90691084 2.09330098]
 [2.02373589 1.91213044 1.90294254 1.93292923 2.07753437 2.05660903
  1.90867714 1.90484093 2.06373764 1.91792713 1.93079576]
 [1.95942714 2.06775008 2.00484888 1.98687961 1.98512916 2.01844057
  2.03813802 2.03198329 1.91710724 1.93937188 1.91769428]
 [2.02048193 2.0789184  2.06043057 2.02805695 1.96435927 1.9630303
  1.92561779 1.98001404 2.0805043  2.03844292 2.04252382]
 [1.95699426 1.92531432 2.02794374 2.06095471 1.94469064 1.97535092
  1.92919824 2.07579858 2.0503362  2.03349775 2.09031273]
 [1.95762027 2.09398934 1.99217066 1.99723    1.93700287 2.03143531
  2.04281935 2.08384391 2.02535199 1.96988477 2.0767719 ]
 [1.90802791 1.90576759 2.05637351 2.07108143 1.94622305 1.91522307
  2.07046753 2.07075538 2.06305786 1.93719336 1.99396131]
 [1.92846937 1.94345399 1.94105569 2.07742649 2.08753134 1.9511901
  2.03016639 1.93158664 1.94340667 1.9961296  2.00796359]
 [1.91221364 1.91705727 1.93414169 2.05296732 2.05095009 1.92459143
  2.01017008 2.04445835 1.94660406 1.90730904 2.01179681]]
Cv: [[0.         0.         0.         0.         0.         0.
  0.         0.         0.         0.        ]
 [1.93774047 1.94273077 2.06463261 2.01918657 2.09425392 2.07984361
  1.98368804 1.9772463  1.99113917 1.94237069]
 [1.95037261 2.03669102 1.92195394 1.93154473 2.00744966 1.99279578
  1.91871892 1.96592285 1.97363093 2.04706706]
 [2.06822236 2.04212286 2.03422499 2.07212554 1.92727595 2.01667254
  2.05442848 1.97586914 1.93416883 1.96313051]
 [2.00361108 2.07685242 1.96413066 1.9236414  1.95985978 2.06065595
  2.07289652 1.9230392  1.99796087 2.01539305]
 [2.024642   2.07834998 2.06988953 1.90071854 2.06484797 1.95024844
  2.02546326 2.06507681 1.98707191 2.03759145]
 [1.90798187 2.01596683 2.08089671 1.98882196 2.0304942  1.96923245
  2.05199165 1.98825899 1.97946322 1.97879701]
 [1.92122229 2.01948648 1.90073792 1.9350196  1.91807401 1.90914855
  1.98330259 1.97698591 1.98379384 1.96913122]
 [2.05190109 2.06082392 1.95087786 1.91914085 2.05836897 1.94050404
  1.92182529 2.00329781 2.05879667 1.92753463]
 [2.07709509 2.08860363 1.92877074 1.93101272 1.94682997 2.06407577
  1.98374906 1.96465835 1.93169356 2.06658585]]
Rh: [[ 1.87413414 10.07752237  4.5992358   1.6009518   2.60875243  6.14406631
   1.39914766  6.34608475 14.71851385  1.76562321  2.33721302]
 [ 6.443135   12.14211643 12.16608751  1.06659052  1.19638562 11.15227642
   2.94183497  1.07768359  2.62101978  1.29401111  1.51804105]
 [ 4.03303533  1.33727167  1.98346639 12.08212558  4.56269813 17.04522559
   5.24654086  3.58883061  1.41885673 14.87746384  5.53154313]
 [ 3.64302744  5.34978231 14.45176254  2.74523658  3.51069356  4.1939678
   1.19923438  1.11042821  3.22542801  2.25111328  2.3738904 ]
 [ 1.72600047  4.26457508  2.50178295  1.38895651  2.07044401 12.36417233
  19.214357    5.17399301 16.76618725 18.53773107  7.94801177]
 [12.36980572  1.20089596  4.0551344   6.93400077 18.90221582 17.97986495
   9.82627596  1.20879161  7.38075645  1.85206573  3.93639521]
 [14.31776368  6.02929906 14.41668048 13.03190714 14.779863   15.85882462
  17.40184607  6.93554971  2.42231418  8.79630348 10.73861936]
 [ 6.06392452  7.32031002  2.24086805 12.90568907  1.99502046  1.30413693
   5.27892864  9.64143014  8.8013278   5.71872173  4.56300744]
 [11.87025078  8.77696614 10.42931211 16.16448842  8.9942309   5.36306479
   5.68664653  1.91119898 11.22708234 11.03825951  8.39654658]
 [ 4.43506767  1.76967983  6.92947783  1.11006285  2.6139146  13.7867778
   2.39945929  3.63972071 11.23478982  2.42552491  4.7443853 ]]
Rv: [[ 2.41193512  2.70914191 10.59762517  4.86178408  2.11850986  3.67418048
   2.10073064  1.3566518   1.63988471 13.70993329]
 [ 1.07378576  1.13202817 11.46173559 12.12901095 10.11986799  1.96394445
   2.22269326  1.20953204  2.10360043  4.40604065]
 [ 2.85663103 19.29202633  4.51986713 18.4762537   2.00762492 11.45309961
  10.07970174  3.3532414   1.33314075  1.70311835]
 [ 1.24664838  2.53306656  6.80335215 11.68879677  1.2813293   3.7792542
  10.9814363   1.18710116  9.37633711  1.58427874]
 [ 4.64357389  2.40643628  6.3544733  12.25329933  2.7380665   4.23382773
   1.53306207  2.70371364  7.71183585  5.73328552]
 [ 2.83356291  3.61765625  2.089542    2.04141159  5.54900779  7.54838525
   3.76236886 11.59764163  6.85805177  6.8254817 ]
 [ 4.15478906 19.8344658   1.94868411 16.61985819  3.26288723  2.75951242
   2.92382073 10.27924317  1.75708963  8.139053  ]
 [10.73169553 15.00199424  4.7159059   2.5094804  12.17620243  9.24018013
   5.79350926  5.62765443  2.30991809  7.42872418]
 [ 8.49342637  5.95426563 17.24734552 17.37546674  2.38921219  1.57686071
  15.53553008  5.43185852  2.56328617  1.25192879]]