-------Running parameters--------
T = 0.001
temperature_gradient = 0.0
gap = 0.0
M = 10
N = 10
VR = 0.0
Vmin = 0.0
Vmax = 1.1
vStep = 0.001
vSym = True
repeats = 50
fileName = array_10_10_disorder_c_std_0.1_r_std_9_run_9
dist = exp
fullOutput = True
use_graph = False
current_map = True
plot_current_map = False
plot_binary_current_map = False
frame_norm = False
dbg = False
resume = False
sc = False
leaping = False
constQ = False
modifyR = False
double_time = False
double_loop = False
output_folder = bgu_2d_finite_temperature_different_disorders_statistics
params_path = 
VG_avg = 0.0
VG_std = 0.0
C_avg = 2.0
C_std = 0.1
CG_avg = 10.0
CG_std = 0.0
R_avg = 10.0
R_std = 9.0
custom_rh = ""
custom_rv = ""
custom_ch = ""
custom_cv = ""
RG_avg = 500.0
RG_std = 0.0
n0_avg = 0.0
n0_std = 0.0
Q0_avg = 0.0
Q0_std = 0.0
----Array Parameters-----
Rows: 10
Columns: 10
VG: [[0.]
 [0.]
 [0.]
 [0.]
 [0.]
 [0.]
 [0.]
 [0.]
 [0.]
 [0.]
 [0.]
 [0.]
 [0.]
 [0.]
 [0.]
 [0.]
 [0.]
 [0.]
 [0.]
 [0.]
 [0.]
 [0.]
 [0.]
 [0.]
 [0.]
 [0.]
 [0.]
 [0.]
 [0.]
 [0.]
 [0.]
 [0.]
 [0.]
 [0.]
 [0.]
 [0.]
 [0.]
 [0.]
 [0.]
 [0.]
 [0.]
 [0.]
 [0.]
 [0.]
 [0.]
 [0.]
 [0.]
 [0.]
 [0.]
 [0.]
 [0.]
 [0.]
 [0.]
 [0.]
 [0.]
 [0.]
 [0.]
 [0.]
 [0.]
 [0.]
 [0.]
 [0.]
 [0.]
 [0.]
 [0.]
 [0.]
 [0.]
 [0.]
 [0.]
 [0.]
 [0.]
 [0.]
 [0.]
 [0.]
 [0.]
 [0.]
 [0.]
 [0.]
 [0.]
 [0.]
 [0.]
 [0.]
 [0.]
 [0.]
 [0.]
 [0.]
 [0.]
 [0.]
 [0.]
 [0.]
 [0.]
 [0.]
 [0.]
 [0.]
 [0.]
 [0.]
 [0.]
 [0.]
 [0.]
 [0.]]
CG: [[10.]
 [10.]
 [10.]
 [10.]
 [10.]
 [10.]
 [10.]
 [10.]
 [10.]
 [10.]
 [10.]
 [10.]
 [10.]
 [10.]
 [10.]
 [10.]
 [10.]
 [10.]
 [10.]
 [10.]
 [10.]
 [10.]
 [10.]
 [10.]
 [10.]
 [10.]
 [10.]
 [10.]
 [10.]
 [10.]
 [10.]
 [10.]
 [10.]
 [10.]
 [10.]
 [10.]
 [10.]
 [10.]
 [10.]
 [10.]
 [10.]
 [10.]
 [10.]
 [10.]
 [10.]
 [10.]
 [10.]
 [10.]
 [10.]
 [10.]
 [10.]
 [10.]
 [10.]
 [10.]
 [10.]
 [10.]
 [10.]
 [10.]
 [10.]
 [10.]
 [10.]
 [10.]
 [10.]
 [10.]
 [10.]
 [10.]
 [10.]
 [10.]
 [10.]
 [10.]
 [10.]
 [10.]
 [10.]
 [10.]
 [10.]
 [10.]
 [10.]
 [10.]
 [10.]
 [10.]
 [10.]
 [10.]
 [10.]
 [10.]
 [10.]
 [10.]
 [10.]
 [10.]
 [10.]
 [10.]
 [10.]
 [10.]
 [10.]
 [10.]
 [10.]
 [10.]
 [10.]
 [10.]
 [10.]
 [10.]]
RG: [[500.]
 [500.]
 [500.]
 [500.]
 [500.]
 [500.]
 [500.]
 [500.]
 [500.]
 [500.]
 [500.]
 [500.]
 [500.]
 [500.]
 [500.]
 [500.]
 [500.]
 [500.]
 [500.]
 [500.]
 [500.]
 [500.]
 [500.]
 [500.]
 [500.]
 [500.]
 [500.]
 [500.]
 [500.]
 [500.]
 [500.]
 [500.]
 [500.]
 [500.]
 [500.]
 [500.]
 [500.]
 [500.]
 [500.]
 [500.]
 [500.]
 [500.]
 [500.]
 [500.]
 [500.]
 [500.]
 [500.]
 [500.]
 [500.]
 [500.]
 [500.]
 [500.]
 [500.]
 [500.]
 [500.]
 [500.]
 [500.]
 [500.]
 [500.]
 [500.]
 [500.]
 [500.]
 [500.]
 [500.]
 [500.]
 [500.]
 [500.]
 [500.]
 [500.]
 [500.]
 [500.]
 [500.]
 [500.]
 [500.]
 [500.]
 [500.]
 [500.]
 [500.]
 [500.]
 [500.]
 [500.]
 [500.]
 [500.]
 [500.]
 [500.]
 [500.]
 [500.]
 [500.]
 [500.]
 [500.]
 [500.]
 [500.]
 [500.]
 [500.]
 [500.]
 [500.]
 [500.]
 [500.]
 [500.]
 [500.]]
Ch: [[2.0408093  2.00723002 2.07985077 2.02865375 2.03659781 2.08601001
  2.07846347 1.97918479 2.03568141 2.0981561  1.91160752]
 [2.03016304 1.95581066 2.0689664  2.06820078 1.96824444 2.00867048
  1.92071822 1.97222679 2.03709015 1.9895827  2.00628878]
 [1.94922343 1.99341191 2.08847465 1.92433233 1.97809795 2.01681215
  2.06246296 1.99749045 1.97761905 2.01480428 1.9547641 ]
 [1.95230503 1.97688725 1.98560356 2.00223402 1.96221254 2.04376989
  2.04837425 2.08167871 2.00418919 1.90784328 2.01700225]
 [1.96072193 2.01882346 1.9593635  1.96838608 2.09028189 2.04780338
  1.92091852 2.0742719  2.09689203 2.01470199 1.93557805]
 [1.96196142 2.08084551 1.90439161 2.06597061 2.07788595 1.95612004
  1.95189415 1.99928976 2.02030446 2.07798871 1.95404606]
 [1.92182865 1.93920521 1.9056825  1.95368689 2.04163819 2.0872283
  2.00269143 2.07977797 2.00698261 2.00919919 1.99410564]
 [1.90043238 1.9050235  2.00663951 1.9642739  1.93711917 2.03073519
  2.08917458 1.95322449 1.93919295 2.08971285 1.95617935]
 [2.00032012 2.05021177 2.07123783 1.98488151 2.04592372 2.04317314
  2.04475001 2.07105233 2.06478377 1.96565541 1.91643809]
 [1.91641116 1.95316592 1.91243764 1.94289158 1.93467997 1.93978514
  1.99038169 1.92094695 1.97250705 2.08910341 1.9439253 ]]
Cv: [[0.         0.         0.         0.         0.         0.
  0.         0.         0.         0.        ]
 [1.94750019 2.09274642 1.93501941 1.95953009 2.00095942 2.05766468
  2.0891195  2.05600586 2.02210242 2.010828  ]
 [2.00519162 1.99856631 1.93265359 1.90985237 2.04304711 1.96602928
  1.99367799 1.92449866 1.90849516 2.02558748]
 [2.03592759 1.91613476 1.92502398 1.9057563  2.03759661 1.92906394
  2.0041681  2.0517911  2.0551974  1.94533469]
 [1.93682385 2.02472579 1.98418933 2.04723593 1.96232318 1.92263979
  1.90961585 1.94953691 1.96713731 2.05633763]
 [1.98479199 2.01940841 2.04849894 1.9683488  1.97241453 1.92604419
  2.06241828 2.01413458 1.91898214 1.92060273]
 [2.06070553 1.90279432 2.024377   1.950369   1.97556313 2.05421448
  2.06764886 2.0439198  2.00896217 1.97306613]
 [2.01915496 1.94323854 2.00235151 1.95954046 2.0650573  1.98847118
  1.91253863 1.9800416  2.07399539 2.02926375]
 [1.97453266 1.94074883 1.98166247 1.90461511 2.03602073 1.95995814
  1.93199501 2.06990798 1.91835695 2.08398903]
 [2.08542164 2.06966766 1.93143049 1.95417837 2.08897028 2.03895352
  2.09407355 2.07258774 1.99755357 1.92383995]]
Rh: [[ 1.55583735  1.63337542  1.01439172  1.12851231 17.56047814  3.22260624
   2.45775113  7.33244615 12.15409635  2.13878729  3.1584931 ]
 [11.41997914  3.94741409  1.64419936  6.46266036  5.99201557 12.94013343
  12.63901307  7.50532741  1.90010601  4.34873879  1.2132777 ]
 [15.83453958  5.58104983  8.68901115  1.01480571  1.11553281  2.29440193
   1.58101406 13.02921239 18.68741581  1.08990606 15.21388256]
 [ 1.70678676  2.80125062  2.62911012  1.77375432  6.88584031  7.9467865
   5.85446027  3.59660823 18.67808662  1.7190971   5.85695367]
 [11.5845735   2.27487552  1.83254981  2.09851265 18.337651    1.17170003
   1.85948024  8.80579954  2.01402247  6.898381   17.61533169]
 [ 5.26084289  6.6434286   4.35958783  2.06776827 11.20089151  2.49345167
  14.01959422  5.64766195  9.79788926  1.15380079  3.64718458]
 [ 4.08363423  6.70386075 14.5071769   1.36275048  8.84123729 14.73729966
   8.59784057  5.24104821  1.46982213  1.56407367  4.93379804]
 [ 1.34453997 18.98892264  8.67887917  4.02466249  1.06074241  9.76441731
  13.6902177   1.53999011 14.08638942  1.18620617  2.20682882]
 [ 2.23377157  3.43195978  4.33251586  1.89393824  2.69228601  4.93902885
   2.27990251  3.39255982  1.79142107 16.47768654 13.82569928]
 [14.90240939  2.22213832  6.61660459  5.4714086   9.55235471  2.01108097
   4.45364222  1.64700794  1.96280224 13.17764588  1.07946802]]
Rv: [[ 1.42396907  2.95541155  4.87931641 17.11038134  1.71790621  8.89859061
   1.71056214 10.03110225 11.62859071  2.65577321]
 [ 1.71508515  2.31473454  8.09507695  1.46212146  1.12292421  9.48895631
  10.69116329 11.16121683  5.02819312  3.39890115]
 [ 6.44315121 17.01889382  2.9914206   1.04927137 13.45126374  9.03296631
   1.56502929  2.76843036  5.45674495  1.81919827]
 [ 1.29717871 10.6720357  17.2709617   1.76213996  8.96558015  9.29098677
   3.6095054   9.42083594 10.82061312  4.18474882]
 [ 9.9691858   2.43754908  3.21961219  2.19329688 14.47424047  8.60125723
   4.67268549  4.42277035  2.53687491  1.65801544]
 [ 1.0135543   2.81709674 11.33423256  2.28951264  9.52425857  2.00630691
   5.28910695  1.33833695  1.01737801  3.09325583]
 [ 4.21086365  2.98665038  1.23940027 10.33696007  1.0368488  18.88551989
   3.61451334  7.45243296  2.33799707 10.51269549]
 [ 4.64314175  3.48593463  1.05860426 15.43038129  9.62083816 18.69226081
  14.36486687  1.09900772  8.10023368  1.54735403]
 [ 9.0782386   4.38690572  3.24122341  6.64176327  9.03239689 18.94242024
   4.91794486  3.18667934  8.24019664  4.27496286]]