-------Running parameters--------
T = 0.001
temperature_gradient = 0.0
gap = 0.0
M = 10
N = 10
VR = 0.0
Vmin = 0.0
Vmax = 1.1
vStep = 0.001
vSym = True
repeats = 50
fileName = array_10_10_disorder_c_std_0.1_r_std_9.5_run_4
dist = exp
fullOutput = False
use_graph = False
current_map = False
plot_current_map = False
plot_binary_current_map = False
frame_norm = False
dbg = False
resume = False
sc = False
leaping = False
constQ = False
modifyR = False
double_time = False
double_loop = False
calcIT = False
output_folder = increase_disorder_by_multiplication
params_path = increase_disorder_by_multiplication/runningParameters_array_10_10_disorder_c_std_0.1_r_std_9_run_4.txt
VG_avg = 0.0
VG_std = 0.0
C_avg = 2.0
C_std = 0.1
CG_avg = 10.0
CG_std = 0.0
R_avg = 10.0
R_std = 9.0
custom_rh = ""
custom_rv = ""
custom_ch = 
custom_cv = ""
RG_avg = 500.0
RG_std = 0.0
n0_avg = 0.0
n0_std = 0.0
Q0_avg = 0.0
Q0_std = 0.0
----Array Parameters-----
Rows: 10
Columns: 10
VG: [[0.]
 [0.]
 [0.]
 [0.]
 [0.]
 [0.]
 [0.]
 [0.]
 [0.]
 [0.]
 [0.]
 [0.]
 [0.]
 [0.]
 [0.]
 [0.]
 [0.]
 [0.]
 [0.]
 [0.]
 [0.]
 [0.]
 [0.]
 [0.]
 [0.]
 [0.]
 [0.]
 [0.]
 [0.]
 [0.]
 [0.]
 [0.]
 [0.]
 [0.]
 [0.]
 [0.]
 [0.]
 [0.]
 [0.]
 [0.]
 [0.]
 [0.]
 [0.]
 [0.]
 [0.]
 [0.]
 [0.]
 [0.]
 [0.]
 [0.]
 [0.]
 [0.]
 [0.]
 [0.]
 [0.]
 [0.]
 [0.]
 [0.]
 [0.]
 [0.]
 [0.]
 [0.]
 [0.]
 [0.]
 [0.]
 [0.]
 [0.]
 [0.]
 [0.]
 [0.]
 [0.]
 [0.]
 [0.]
 [0.]
 [0.]
 [0.]
 [0.]
 [0.]
 [0.]
 [0.]
 [0.]
 [0.]
 [0.]
 [0.]
 [0.]
 [0.]
 [0.]
 [0.]
 [0.]
 [0.]
 [0.]
 [0.]
 [0.]
 [0.]
 [0.]
 [0.]
 [0.]
 [0.]
 [0.]
 [0.]]
CG: [[10.]
 [10.]
 [10.]
 [10.]
 [10.]
 [10.]
 [10.]
 [10.]
 [10.]
 [10.]
 [10.]
 [10.]
 [10.]
 [10.]
 [10.]
 [10.]
 [10.]
 [10.]
 [10.]
 [10.]
 [10.]
 [10.]
 [10.]
 [10.]
 [10.]
 [10.]
 [10.]
 [10.]
 [10.]
 [10.]
 [10.]
 [10.]
 [10.]
 [10.]
 [10.]
 [10.]
 [10.]
 [10.]
 [10.]
 [10.]
 [10.]
 [10.]
 [10.]
 [10.]
 [10.]
 [10.]
 [10.]
 [10.]
 [10.]
 [10.]
 [10.]
 [10.]
 [10.]
 [10.]
 [10.]
 [10.]
 [10.]
 [10.]
 [10.]
 [10.]
 [10.]
 [10.]
 [10.]
 [10.]
 [10.]
 [10.]
 [10.]
 [10.]
 [10.]
 [10.]
 [10.]
 [10.]
 [10.]
 [10.]
 [10.]
 [10.]
 [10.]
 [10.]
 [10.]
 [10.]
 [10.]
 [10.]
 [10.]
 [10.]
 [10.]
 [10.]
 [10.]
 [10.]
 [10.]
 [10.]
 [10.]
 [10.]
 [10.]
 [10.]
 [10.]
 [10.]
 [10.]
 [10.]
 [10.]
 [10.]]
RG: [[500.]
 [500.]
 [500.]
 [500.]
 [500.]
 [500.]
 [500.]
 [500.]
 [500.]
 [500.]
 [500.]
 [500.]
 [500.]
 [500.]
 [500.]
 [500.]
 [500.]
 [500.]
 [500.]
 [500.]
 [500.]
 [500.]
 [500.]
 [500.]
 [500.]
 [500.]
 [500.]
 [500.]
 [500.]
 [500.]
 [500.]
 [500.]
 [500.]
 [500.]
 [500.]
 [500.]
 [500.]
 [500.]
 [500.]
 [500.]
 [500.]
 [500.]
 [500.]
 [500.]
 [500.]
 [500.]
 [500.]
 [500.]
 [500.]
 [500.]
 [500.]
 [500.]
 [500.]
 [500.]
 [500.]
 [500.]
 [500.]
 [500.]
 [500.]
 [500.]
 [500.]
 [500.]
 [500.]
 [500.]
 [500.]
 [500.]
 [500.]
 [500.]
 [500.]
 [500.]
 [500.]
 [500.]
 [500.]
 [500.]
 [500.]
 [500.]
 [500.]
 [500.]
 [500.]
 [500.]
 [500.]
 [500.]
 [500.]
 [500.]
 [500.]
 [500.]
 [500.]
 [500.]
 [500.]
 [500.]
 [500.]
 [500.]
 [500.]
 [500.]
 [500.]
 [500.]
 [500.]
 [500.]
 [500.]
 [500.]]
Ch: [[1.95542674 1.97789885 1.90717498 1.90094228 2.09735993 2.05433248
  1.92839467 1.92831512 1.9777744  2.03886773 1.9922774 ]
 [2.04675045 1.95221998 1.97487638 1.92703837 1.96279861 1.93979803
  2.07849227 1.90643514 1.92620996 2.09200764 1.91700588]
 [1.99623056 1.99676822 2.07127764 2.02887425 1.92429659 1.9073522
  1.90100453 1.98932542 2.04979551 2.09684297 2.08009671]
 [2.01250838 1.93971368 1.99383572 2.06355252 1.97609269 1.92592976
  1.97276476 2.02311813 2.08567484 1.91818442 2.04026982]
 [1.93478076 1.97175763 2.01939376 1.97210787 1.97837939 1.97257184
  2.06210548 1.990433   1.95353982 1.92921066 1.95521116]
 [1.99123153 2.04844143 1.93026298 2.07282599 2.06415587 1.91627326
  1.95575765 1.95499984 2.05794661 1.99553632 1.9501877 ]
 [1.97515349 1.9801536  2.05626996 1.93410011 1.9005216  1.95733739
  1.97386424 1.90159052 2.09634981 2.05743136 1.98866479]
 [2.02499627 1.9812246  2.03814501 1.99370772 1.98229205 1.97572855
  2.04794539 1.92700048 1.91180384 2.04926709 2.05077896]
 [2.08882184 1.94539313 2.02762074 2.02629519 1.90959941 2.079961
  1.91535797 2.06118866 2.01073969 1.95317199 2.01191184]
 [2.02790703 1.98706471 2.08349254 2.04597601 2.02498572 1.90721777
  1.96258331 2.02443664 1.92382087 1.99448641 1.92954475]]
Cv: [[0.         0.         0.         0.         0.         0.
  0.         0.         0.         0.        ]
 [1.94241367 2.03266184 1.97120166 2.00518163 1.97052756 2.00391488
  1.92519161 1.90863802 1.90650602 1.99304204]
 [2.07774205 2.0956922  1.96975755 1.90036149 2.06261133 1.95434428
  2.01754097 2.03154914 1.99914886 2.01159942]
 [1.95359145 2.06326107 1.9113919  1.99828212 1.93396546 1.98727946
  1.91732201 1.94347246 2.05618464 1.97046964]
 [2.02144159 1.90398955 1.93570357 1.99620897 2.06590721 1.98460255
  2.05677124 2.01732452 1.94745696 1.99272309]
 [1.99550643 2.03557647 2.02826569 2.08617789 2.00031822 1.96027278
  2.01746912 2.09575678 2.01062581 2.01992557]
 [1.96583042 1.91007304 1.9284358  1.98878032 2.04736429 1.94319764
  1.9996975  2.06323726 1.95779921 1.97143523]
 [1.94078807 1.90203542 2.00179941 2.048099   2.07160605 2.09711472
  1.92018456 2.03298974 1.96616506 1.95350976]
 [2.01575398 2.01808039 2.08834518 2.06854273 2.03805578 2.05226348
  1.96597517 2.08236572 2.01652529 1.95192387]
 [2.04325151 2.09884196 2.09418892 2.08687278 1.98538072 1.91149706
  2.01427389 2.05740657 2.07764785 2.08794356]]
Rh: [[ 5.71469234 11.967469    1.08641965  1.50712574  4.79043776  1.95465102
   2.6062816  17.17854868  9.26817843 18.56051217  2.33644762]
 [ 1.45653205 14.78436856  4.76768768  2.25661009  2.25150667  6.59345337
  10.57537169  4.40884353  4.32530267  2.60177732  5.98932014]
 [ 5.52462111  1.39338469  3.17537818  7.58417832 10.67377493  8.25924277
  15.50495992 18.27400413  2.65155832  3.45847739  2.27496324]
 [13.36478944  3.38935025  7.71432491 11.05853598  1.85539027 11.58337989
   8.59206253  6.28350084  2.04011217  5.91374258  8.69865825]
 [11.08344516  1.52196296  9.85862017  2.74739158 18.38223952  6.73114521
   1.49320712  3.74545586 11.57041752 11.32723862  3.62058832]
 [ 5.37325692  2.23430361  6.68792288  2.64866384  3.21384979 10.78904944
  14.80970135  1.31164053  3.46285903  6.5317711   6.00304856]
 [14.78616368  7.95474711  6.89006156  2.3520705   4.3174608   2.87136379
   1.51815295  1.62616988  3.87207392  5.19693629  5.32831685]
 [ 1.389547    4.40289677  7.58640675 12.38770175 19.32803346 11.30213137
   1.90054021 10.69634109  8.23278723  4.90683918 14.35203478]
 [ 4.0376091   8.90132335  1.89193873  4.29650846  2.23523671  1.23738908
   1.24507409  6.13046044  4.19862113  3.24786587  6.88631934]
 [17.00914159 14.57900123  5.62123231  3.22062087  1.46199707 17.31182811
   9.91811374 17.02759712  5.52753937  1.98153818  3.53867053]]
Rv: [[19.550921    2.34116763  1.44661442  8.62422396  4.03871929  2.49111869
   1.51658147  8.23136469  1.92240849  1.60770134]
 [ 4.89714589  4.47165002  2.94824104  1.68669701 11.52987618  8.47216422
  17.31686678  3.68520563  8.76413442  1.80172253]
 [12.60424654 15.4790661   1.34225953  1.29349372  2.38749054  8.59579682
   2.83210613 19.77119129  1.91489998  2.20201021]
 [ 6.32833277  1.25980813  2.29357824 10.83113303  2.21571483  2.58299085
  13.83462956 16.89914017  2.16300916  1.27215719]
 [ 1.81252578  4.78035564  8.19039304  4.29158772 11.61520418  3.7027755
  19.68103711  2.67600242  1.54069351  4.99489563]
 [ 4.12984011  7.35456293  1.24430268  2.41141277  1.44270183  3.79442091
   7.17988004  1.25099709  1.20027872 19.98654057]
 [15.4802188   1.68821014 18.07960629  3.5319103   9.07582486  2.18608064
   1.44124382  4.14735596  2.35788911  7.57482207]
 [15.29781841 10.39017289  3.12040156 15.53276144  2.33309386  2.21798411
  13.28007683  6.80618353  1.5681268   3.20492156]
 [ 4.28395174  1.0901271   5.48986989  1.11484056  4.11846006  2.68582048
   2.46032669 17.56171734 15.33139546  4.94586732]]