-------Running parameters--------
T = 0.001
temperature_gradient = 0.0
gap = 0.0
M = 10
N = 10
VR = 0.0
Vmin = 0.0
Vmax = 1.1
vStep = 0.001
vSym = True
repeats = 50
fileName = array_10_10_disorder_c_std_0.1_r_std_9_run_4
dist = exp
fullOutput = True
use_graph = False
current_map = True
plot_current_map = False
plot_binary_current_map = False
frame_norm = False
dbg = False
resume = False
sc = False
leaping = False
constQ = False
modifyR = False
double_time = False
double_loop = False
output_folder = bgu_2d_finite_temperature_different_disorders_statistics
params_path = 
VG_avg = 0.0
VG_std = 0.0
C_avg = 2.0
C_std = 0.1
CG_avg = 10.0
CG_std = 0.0
R_avg = 10.0
R_std = 9.0
custom_rh = ""
custom_rv = ""
custom_ch = ""
custom_cv = ""
RG_avg = 500.0
RG_std = 0.0
n0_avg = 0.0
n0_std = 0.0
Q0_avg = 0.0
Q0_std = 0.0
----Array Parameters-----
Rows: 10
Columns: 10
VG: [[0.]
 [0.]
 [0.]
 [0.]
 [0.]
 [0.]
 [0.]
 [0.]
 [0.]
 [0.]
 [0.]
 [0.]
 [0.]
 [0.]
 [0.]
 [0.]
 [0.]
 [0.]
 [0.]
 [0.]
 [0.]
 [0.]
 [0.]
 [0.]
 [0.]
 [0.]
 [0.]
 [0.]
 [0.]
 [0.]
 [0.]
 [0.]
 [0.]
 [0.]
 [0.]
 [0.]
 [0.]
 [0.]
 [0.]
 [0.]
 [0.]
 [0.]
 [0.]
 [0.]
 [0.]
 [0.]
 [0.]
 [0.]
 [0.]
 [0.]
 [0.]
 [0.]
 [0.]
 [0.]
 [0.]
 [0.]
 [0.]
 [0.]
 [0.]
 [0.]
 [0.]
 [0.]
 [0.]
 [0.]
 [0.]
 [0.]
 [0.]
 [0.]
 [0.]
 [0.]
 [0.]
 [0.]
 [0.]
 [0.]
 [0.]
 [0.]
 [0.]
 [0.]
 [0.]
 [0.]
 [0.]
 [0.]
 [0.]
 [0.]
 [0.]
 [0.]
 [0.]
 [0.]
 [0.]
 [0.]
 [0.]
 [0.]
 [0.]
 [0.]
 [0.]
 [0.]
 [0.]
 [0.]
 [0.]
 [0.]]
CG: [[10.]
 [10.]
 [10.]
 [10.]
 [10.]
 [10.]
 [10.]
 [10.]
 [10.]
 [10.]
 [10.]
 [10.]
 [10.]
 [10.]
 [10.]
 [10.]
 [10.]
 [10.]
 [10.]
 [10.]
 [10.]
 [10.]
 [10.]
 [10.]
 [10.]
 [10.]
 [10.]
 [10.]
 [10.]
 [10.]
 [10.]
 [10.]
 [10.]
 [10.]
 [10.]
 [10.]
 [10.]
 [10.]
 [10.]
 [10.]
 [10.]
 [10.]
 [10.]
 [10.]
 [10.]
 [10.]
 [10.]
 [10.]
 [10.]
 [10.]
 [10.]
 [10.]
 [10.]
 [10.]
 [10.]
 [10.]
 [10.]
 [10.]
 [10.]
 [10.]
 [10.]
 [10.]
 [10.]
 [10.]
 [10.]
 [10.]
 [10.]
 [10.]
 [10.]
 [10.]
 [10.]
 [10.]
 [10.]
 [10.]
 [10.]
 [10.]
 [10.]
 [10.]
 [10.]
 [10.]
 [10.]
 [10.]
 [10.]
 [10.]
 [10.]
 [10.]
 [10.]
 [10.]
 [10.]
 [10.]
 [10.]
 [10.]
 [10.]
 [10.]
 [10.]
 [10.]
 [10.]
 [10.]
 [10.]
 [10.]]
RG: [[500.]
 [500.]
 [500.]
 [500.]
 [500.]
 [500.]
 [500.]
 [500.]
 [500.]
 [500.]
 [500.]
 [500.]
 [500.]
 [500.]
 [500.]
 [500.]
 [500.]
 [500.]
 [500.]
 [500.]
 [500.]
 [500.]
 [500.]
 [500.]
 [500.]
 [500.]
 [500.]
 [500.]
 [500.]
 [500.]
 [500.]
 [500.]
 [500.]
 [500.]
 [500.]
 [500.]
 [500.]
 [500.]
 [500.]
 [500.]
 [500.]
 [500.]
 [500.]
 [500.]
 [500.]
 [500.]
 [500.]
 [500.]
 [500.]
 [500.]
 [500.]
 [500.]
 [500.]
 [500.]
 [500.]
 [500.]
 [500.]
 [500.]
 [500.]
 [500.]
 [500.]
 [500.]
 [500.]
 [500.]
 [500.]
 [500.]
 [500.]
 [500.]
 [500.]
 [500.]
 [500.]
 [500.]
 [500.]
 [500.]
 [500.]
 [500.]
 [500.]
 [500.]
 [500.]
 [500.]
 [500.]
 [500.]
 [500.]
 [500.]
 [500.]
 [500.]
 [500.]
 [500.]
 [500.]
 [500.]
 [500.]
 [500.]
 [500.]
 [500.]
 [500.]
 [500.]
 [500.]
 [500.]
 [500.]
 [500.]]
Ch: [[1.95542674 1.97789885 1.90717498 1.90094228 2.09735993 2.05433248
  1.92839467 1.92831512 1.9777744  2.03886773 1.9922774 ]
 [2.04675045 1.95221998 1.97487638 1.92703837 1.96279861 1.93979803
  2.07849227 1.90643514 1.92620996 2.09200764 1.91700588]
 [1.99623056 1.99676822 2.07127764 2.02887425 1.92429659 1.9073522
  1.90100453 1.98932542 2.04979551 2.09684297 2.08009671]
 [2.01250838 1.93971368 1.99383572 2.06355252 1.97609269 1.92592976
  1.97276476 2.02311813 2.08567484 1.91818442 2.04026982]
 [1.93478076 1.97175763 2.01939376 1.97210787 1.97837939 1.97257184
  2.06210548 1.990433   1.95353982 1.92921066 1.95521116]
 [1.99123153 2.04844143 1.93026298 2.07282599 2.06415587 1.91627326
  1.95575765 1.95499984 2.05794661 1.99553632 1.9501877 ]
 [1.97515349 1.9801536  2.05626996 1.93410011 1.9005216  1.95733739
  1.97386424 1.90159052 2.09634981 2.05743136 1.98866479]
 [2.02499627 1.9812246  2.03814501 1.99370772 1.98229205 1.97572855
  2.04794539 1.92700048 1.91180384 2.04926709 2.05077896]
 [2.08882184 1.94539313 2.02762074 2.02629519 1.90959941 2.079961
  1.91535797 2.06118866 2.01073969 1.95317199 2.01191184]
 [2.02790703 1.98706471 2.08349254 2.04597601 2.02498572 1.90721777
  1.96258331 2.02443664 1.92382087 1.99448641 1.92954475]]
Cv: [[0.         0.         0.         0.         0.         0.
  0.         0.         0.         0.        ]
 [1.94241367 2.03266184 1.97120166 2.00518163 1.97052756 2.00391488
  1.92519161 1.90863802 1.90650602 1.99304204]
 [2.07774205 2.0956922  1.96975755 1.90036149 2.06261133 1.95434428
  2.01754097 2.03154914 1.99914886 2.01159942]
 [1.95359145 2.06326107 1.9113919  1.99828212 1.93396546 1.98727946
  1.91732201 1.94347246 2.05618464 1.97046964]
 [2.02144159 1.90398955 1.93570357 1.99620897 2.06590721 1.98460255
  2.05677124 2.01732452 1.94745696 1.99272309]
 [1.99550643 2.03557647 2.02826569 2.08617789 2.00031822 1.96027278
  2.01746912 2.09575678 2.01062581 2.01992557]
 [1.96583042 1.91007304 1.9284358  1.98878032 2.04736429 1.94319764
  1.9996975  2.06323726 1.95779921 1.97143523]
 [1.94078807 1.90203542 2.00179941 2.048099   2.07160605 2.09711472
  1.92018456 2.03298974 1.96616506 1.95350976]
 [2.01575398 2.01808039 2.08834518 2.06854273 2.03805578 2.05226348
  1.96597517 2.08236572 2.01652529 1.95192387]
 [2.04325151 2.09884196 2.09418892 2.08687278 1.98538072 1.91149706
  2.01427389 2.05740657 2.07764785 2.08794356]]
Rh: [[ 5.41391906 11.33760221  1.02923967  1.42780333  4.53830946  1.85177465
   2.46910888 16.27441454  8.78037957 17.58364311  2.21347669]
 [ 1.37987247 14.0062439   4.51675675  2.13784114  2.13300632  6.24642951
  10.01877318  4.17679913  4.09765516  2.46484167  5.67409276]
 [ 5.23385158  1.32004865  3.00825301  7.18501104 10.1119973   7.82454578
  14.6889094  17.31221444  2.51200262  3.27645226  2.15522833]
 [12.66137947  3.21096339  7.30830781 10.47650777  1.75773815 10.97372832
   8.13984871  5.95279027  1.93273785  5.60249297  8.24083413]
 [10.50010594  1.44185965  9.33974542  2.60279202 17.41475323  6.37687441
   1.41461727  3.5483266  10.96144818 10.73106817  3.43003104]
 [ 5.09045392  2.11670868  6.33592694  2.50926048  3.0446998  10.22120473
  14.03024338  1.24260682  3.28060329  6.18799367  5.68709864]
 [14.00794454  7.53607621  6.52742674  2.22827732  4.09022602  2.72023938
   1.43825016  1.54058199  3.66828056  4.92341333  5.04787912]
 [ 1.31641295  4.17116536  7.18712218 11.73571745 18.31076854 10.70728235
   1.80051178 10.13337577  7.79948264  4.64858449 13.59666453]
 [ 3.82510336  8.43283265  1.79236301  4.07037644  2.11759267  1.17226334
   1.17954387  5.80780463  3.97764107  3.07692556  6.52388148]
 [16.11392361 13.81168538  5.32537798  3.05111451  1.38504986 16.40067926
   9.39610775 16.1314078   5.23661625  1.8772467   3.35242471]]
Rv: [[18.52192516  2.21794828  1.37047682  8.17031744  3.82615512  2.36000718
   1.43676139  7.79813497  1.8212291   1.52308548]
 [ 4.63940137  4.23630002  2.79307046  1.59792348 10.92304059  8.02626084
  16.40545274  3.49124744  8.30286419  1.70689503]
 [11.94086514 14.66437841  1.27161429  1.2254151   2.26183314  8.14338646
   2.68304791 18.73060227  1.81411577  2.08611494]
 [ 5.99526262  1.19350244  2.1728636  10.2610734   2.09909826  2.44704396
  13.10649116 16.00971174  2.04916657  1.20520155]
 [ 1.71712969  4.52875797  7.75931972  4.06571468 11.00387764  3.50789258
  18.64519305  2.53516019  1.45960438  4.73200639]
 [ 3.9124801   6.96748067  1.17881307  2.28449631  1.36677015  3.59471455
   6.80199162  1.18515514  1.13710616 18.93461738]
 [14.66547044  1.59935697 17.12804806  3.34602028  8.59814987  2.07102376
   1.36538888  3.92907407  2.23378968  7.17614722]
 [14.49267007  9.84332169  2.9561699  14.71524768  2.21029945  2.1012481
  12.58112542  6.44796334  1.48559381  3.03624148]
 [ 4.0584806   1.03275199  5.20092937  1.05616474  3.901699    2.54446151
   2.33083581 16.63741643 14.52447991  4.68555851]]