-------Running parameters--------
T = 0.001
temperature_gradient = 0.0
gap = 0.0
M = 10
N = 10
VR = 0.0
Vmin = 0.0
Vmax = 1.1
vStep = 0.001
vSym = True
repeats = 50
fileName = array_10_10_disorder_c_std_0.1_r_std_9.5_run_2
dist = exp
fullOutput = False
use_graph = False
current_map = False
plot_current_map = False
plot_binary_current_map = False
frame_norm = False
dbg = False
resume = False
sc = False
leaping = False
constQ = False
modifyR = False
double_time = False
double_loop = False
calcIT = False
output_folder = increase_disorder_by_multiplication
params_path = increase_disorder_by_multiplication/runningParameters_array_10_10_disorder_c_std_0.1_r_std_9_run_2.txt
VG_avg = 0.0
VG_std = 0.0
C_avg = 2.0
C_std = 0.1
CG_avg = 10.0
CG_std = 0.0
R_avg = 10.0
R_std = 9.0
custom_rh = ""
custom_rv = ""
custom_ch = 
custom_cv = ""
RG_avg = 500.0
RG_std = 0.0
n0_avg = 0.0
n0_std = 0.0
Q0_avg = 0.0
Q0_std = 0.0
----Array Parameters-----
Rows: 10
Columns: 10
VG: [[0.]
 [0.]
 [0.]
 [0.]
 [0.]
 [0.]
 [0.]
 [0.]
 [0.]
 [0.]
 [0.]
 [0.]
 [0.]
 [0.]
 [0.]
 [0.]
 [0.]
 [0.]
 [0.]
 [0.]
 [0.]
 [0.]
 [0.]
 [0.]
 [0.]
 [0.]
 [0.]
 [0.]
 [0.]
 [0.]
 [0.]
 [0.]
 [0.]
 [0.]
 [0.]
 [0.]
 [0.]
 [0.]
 [0.]
 [0.]
 [0.]
 [0.]
 [0.]
 [0.]
 [0.]
 [0.]
 [0.]
 [0.]
 [0.]
 [0.]
 [0.]
 [0.]
 [0.]
 [0.]
 [0.]
 [0.]
 [0.]
 [0.]
 [0.]
 [0.]
 [0.]
 [0.]
 [0.]
 [0.]
 [0.]
 [0.]
 [0.]
 [0.]
 [0.]
 [0.]
 [0.]
 [0.]
 [0.]
 [0.]
 [0.]
 [0.]
 [0.]
 [0.]
 [0.]
 [0.]
 [0.]
 [0.]
 [0.]
 [0.]
 [0.]
 [0.]
 [0.]
 [0.]
 [0.]
 [0.]
 [0.]
 [0.]
 [0.]
 [0.]
 [0.]
 [0.]
 [0.]
 [0.]
 [0.]
 [0.]]
CG: [[10.]
 [10.]
 [10.]
 [10.]
 [10.]
 [10.]
 [10.]
 [10.]
 [10.]
 [10.]
 [10.]
 [10.]
 [10.]
 [10.]
 [10.]
 [10.]
 [10.]
 [10.]
 [10.]
 [10.]
 [10.]
 [10.]
 [10.]
 [10.]
 [10.]
 [10.]
 [10.]
 [10.]
 [10.]
 [10.]
 [10.]
 [10.]
 [10.]
 [10.]
 [10.]
 [10.]
 [10.]
 [10.]
 [10.]
 [10.]
 [10.]
 [10.]
 [10.]
 [10.]
 [10.]
 [10.]
 [10.]
 [10.]
 [10.]
 [10.]
 [10.]
 [10.]
 [10.]
 [10.]
 [10.]
 [10.]
 [10.]
 [10.]
 [10.]
 [10.]
 [10.]
 [10.]
 [10.]
 [10.]
 [10.]
 [10.]
 [10.]
 [10.]
 [10.]
 [10.]
 [10.]
 [10.]
 [10.]
 [10.]
 [10.]
 [10.]
 [10.]
 [10.]
 [10.]
 [10.]
 [10.]
 [10.]
 [10.]
 [10.]
 [10.]
 [10.]
 [10.]
 [10.]
 [10.]
 [10.]
 [10.]
 [10.]
 [10.]
 [10.]
 [10.]
 [10.]
 [10.]
 [10.]
 [10.]
 [10.]]
RG: [[500.]
 [500.]
 [500.]
 [500.]
 [500.]
 [500.]
 [500.]
 [500.]
 [500.]
 [500.]
 [500.]
 [500.]
 [500.]
 [500.]
 [500.]
 [500.]
 [500.]
 [500.]
 [500.]
 [500.]
 [500.]
 [500.]
 [500.]
 [500.]
 [500.]
 [500.]
 [500.]
 [500.]
 [500.]
 [500.]
 [500.]
 [500.]
 [500.]
 [500.]
 [500.]
 [500.]
 [500.]
 [500.]
 [500.]
 [500.]
 [500.]
 [500.]
 [500.]
 [500.]
 [500.]
 [500.]
 [500.]
 [500.]
 [500.]
 [500.]
 [500.]
 [500.]
 [500.]
 [500.]
 [500.]
 [500.]
 [500.]
 [500.]
 [500.]
 [500.]
 [500.]
 [500.]
 [500.]
 [500.]
 [500.]
 [500.]
 [500.]
 [500.]
 [500.]
 [500.]
 [500.]
 [500.]
 [500.]
 [500.]
 [500.]
 [500.]
 [500.]
 [500.]
 [500.]
 [500.]
 [500.]
 [500.]
 [500.]
 [500.]
 [500.]
 [500.]
 [500.]
 [500.]
 [500.]
 [500.]
 [500.]
 [500.]
 [500.]
 [500.]
 [500.]
 [500.]
 [500.]
 [500.]
 [500.]
 [500.]]
Ch: [[1.91074966 2.031875   2.079795   2.00463781 2.07309121 1.98998179
  1.97983717 2.08192921 1.90319563 2.02046634 1.98949595]
 [1.96893817 2.09011369 2.08089497 2.04276821 2.00838595 1.92371735
  2.08607912 2.06972818 1.95856966 2.06112888 2.0920377 ]
 [2.01037284 2.03682945 1.94796189 2.01335131 2.09834487 1.95936711
  1.98728218 1.99053265 1.94524581 1.94002486 1.95836101]
 [2.0906658  2.0475605  2.04987078 1.94503739 2.06586959 1.94174886
  1.91072433 2.04245826 1.95561107 2.04194417 1.91457041]
 [1.92215721 1.94341602 1.99138337 1.95761241 1.9080614  1.91945206
  1.92735807 2.02218105 1.95524246 1.91844398 2.08036318]
 [1.94585382 1.92893735 1.90821598 1.994121   2.01814202 1.99125932
  1.90578332 1.99434452 1.94295905 1.9801206  1.95973222]
 [2.033043   2.06334325 1.98361899 2.00817039 1.97452082 2.04569683
  1.95980432 1.9004989  1.90483295 1.94392334 1.92948625]
 [1.98218858 1.90851592 2.02444062 1.93706504 1.9940525  1.92445924
  1.91393583 2.02846627 1.99244282 1.95235728 1.95479072]
 [1.95365199 1.93902156 1.94039987 1.9280408  2.08056226 1.93913647
  1.96234662 1.95230345 2.07265656 1.95157443 2.03241522]
 [1.90266603 1.91914318 2.01484069 1.93636991 2.07721989 2.0334753
  1.97930915 1.96979454 1.9817285  2.07981271 2.0400413 ]]
Cv: [[0.         0.         0.         0.         0.         0.
  0.         0.         0.         0.        ]
 [1.93375374 1.99758219 2.05897472 1.9726423  1.93003244 1.9868227
  2.08118014 2.0155684  1.91061077 2.06803439]
 [2.03731742 2.05108339 1.91581721 2.07711358 1.95754254 1.97816407
  1.91154351 1.92720708 2.00677583 2.06467298]
 [2.04771387 1.91102731 2.02227445 2.09791331 1.94129693 1.95875871
  1.91397945 2.01816449 2.01325174 2.08329546]
 [2.0330219  1.93355263 1.92870391 2.06765554 2.01254801 1.95185073
  2.05570078 1.94050079 1.95757196 1.97589003]
 [2.09846254 2.0444568  1.97467251 1.91842593 1.92753988 2.0231332
  2.0248875  2.07573202 2.07074912 1.95402701]
 [1.91708486 2.08343759 1.91606941 1.97538805 1.92093353 2.06947145
  1.90815039 2.0382684  2.01291905 1.91658269]
 [2.09627436 1.91406122 1.91426873 1.9587376  2.03410168 2.05460062
  2.0592453  1.90370537 1.9457912  2.02397714]
 [1.90559703 1.95924924 1.92738007 1.90057836 2.04193022 1.98388945
  1.98249605 1.92617741 2.02967445 1.94869647]
 [1.93741943 2.0620789  1.95947556 2.07806728 2.07055398 2.00059282
  1.98474149 1.99854791 2.07534185 1.91623946]]
Rh: [[ 2.42507891  2.43266289 14.89305162 13.25870234  9.44267133  1.65014244
  10.32872911  1.11731535  1.23092099 16.64577808  8.75189629]
 [ 4.72355347  4.02559537  2.09302374 13.77009723  6.18700986  4.51507529
   3.09328305  2.80630538  5.83931853  6.70772398  3.40705392]
 [ 1.09504028  5.46374875 19.23044013  6.37587105  6.75568805  1.47759887
   1.55854999 13.1936886   6.34192774  4.0345837   9.89365742]
 [16.73266999 13.68893866 10.4458063   1.78777495 12.67374419 11.47957085
  14.23085021  8.32439657  1.51771807 11.47246159 10.48331928]
 [ 2.19622133  4.99143533  3.30922625  3.64421287  6.78043304  6.24020516
  15.02838046  1.09630804  3.71529345  1.06439899  4.71223669]
 [ 4.6470324   1.16659734 14.06121863  7.53519655 15.44067608 10.48819998
   7.5916904   1.86999547 10.47328951  3.46773159  1.38287488]
 [15.86915537  7.79007428  1.27525671  1.21270307 12.74035162  1.53220282
   2.5249463   1.77809443  2.54665486  9.60120717  3.25756716]
 [ 1.9730011   1.90503177  1.50661856  2.45035175  3.88883301  2.7940068
   9.04683422  5.62860209  6.82316679  1.08822102 12.15492129]
 [ 7.11509359 10.14274144  1.9606603   4.5387713   1.67056427  9.74752064
   2.4222193   2.28012512  1.22714476 18.22963262  7.5729496 ]
 [ 1.92256423  6.55511594  3.27418318 13.68519292  9.58532944 17.46660532
  10.82749315  9.8978693  10.34041813 14.75344416  4.25822475]]
Rv: [[ 1.10592922  3.64428876 13.66857953  1.76344439  7.76390241 16.34549906
   8.26689047 10.90765199  4.08646835 15.60923676]
 [ 5.89024421  4.66970019  4.91405957 12.95545011  1.59647391  3.52253028
   8.57972499  9.96832039 11.27658439 10.03733717]
 [ 4.4509298   2.06434033  4.63860669  7.80363599  4.30209144  1.37611527
  10.1760033   3.7396201   1.67045123 10.38874118]
 [ 2.16970774 15.26063206 10.0725111   6.45328164 10.66688269 17.37234233
  13.8247889   7.5618113   3.09117722  1.15409749]
 [15.01326386  1.31495059  1.4790434   1.56373085  6.81459552 14.06821734
   1.13403952  1.18197436  2.56164752  5.17554377]
 [19.3902893   2.72472781  8.99947577  1.4721456   6.63893718 17.35731305
   7.42462643  5.14106406  2.46264948 18.03572108]
 [ 6.96996539  5.97636955  1.2586517   9.05830684 14.23147951  4.39059006
   3.80247747  1.690774   10.21342227  7.70556171]
 [ 1.99583294 13.73100988 16.48121514  4.75121483  2.32287945 16.36471903
   1.78607308  7.13816179  2.11874411  4.03771501]
 [ 6.58503227  3.18163571  2.05749227  9.66328318 18.76975318 10.03807178
  15.80615919  3.68509841 18.02935378 19.02050849]]