-------Running parameters--------
T = 0.001
temperature_gradient = 0.0
gap = 0.0
M = 10
N = 10
VR = 0.0
Vmin = 0.0
Vmax = 1.1
vStep = 0.001
vSym = True
repeats = 50
fileName = array_10_10_disorder_c_std_0.1_r_std_9.5_run_1
dist = exp
fullOutput = False
use_graph = False
current_map = False
plot_current_map = False
plot_binary_current_map = False
frame_norm = False
dbg = False
resume = False
sc = False
leaping = False
constQ = False
modifyR = False
double_time = False
double_loop = False
calcIT = False
output_folder = increase_disorder_by_multiplication
params_path = increase_disorder_by_multiplication/runningParameters_array_10_10_disorder_c_std_0.1_r_std_9_run_1.txt
VG_avg = 0.0
VG_std = 0.0
C_avg = 2.0
C_std = 0.1
CG_avg = 10.0
CG_std = 0.0
R_avg = 10.0
R_std = 9.0
custom_rh = ""
custom_rv = ""
custom_ch = 
custom_cv = ""
RG_avg = 500.0
RG_std = 0.0
n0_avg = 0.0
n0_std = 0.0
Q0_avg = 0.0
Q0_std = 0.0
----Array Parameters-----
Rows: 10
Columns: 10
VG: [[0.]
 [0.]
 [0.]
 [0.]
 [0.]
 [0.]
 [0.]
 [0.]
 [0.]
 [0.]
 [0.]
 [0.]
 [0.]
 [0.]
 [0.]
 [0.]
 [0.]
 [0.]
 [0.]
 [0.]
 [0.]
 [0.]
 [0.]
 [0.]
 [0.]
 [0.]
 [0.]
 [0.]
 [0.]
 [0.]
 [0.]
 [0.]
 [0.]
 [0.]
 [0.]
 [0.]
 [0.]
 [0.]
 [0.]
 [0.]
 [0.]
 [0.]
 [0.]
 [0.]
 [0.]
 [0.]
 [0.]
 [0.]
 [0.]
 [0.]
 [0.]
 [0.]
 [0.]
 [0.]
 [0.]
 [0.]
 [0.]
 [0.]
 [0.]
 [0.]
 [0.]
 [0.]
 [0.]
 [0.]
 [0.]
 [0.]
 [0.]
 [0.]
 [0.]
 [0.]
 [0.]
 [0.]
 [0.]
 [0.]
 [0.]
 [0.]
 [0.]
 [0.]
 [0.]
 [0.]
 [0.]
 [0.]
 [0.]
 [0.]
 [0.]
 [0.]
 [0.]
 [0.]
 [0.]
 [0.]
 [0.]
 [0.]
 [0.]
 [0.]
 [0.]
 [0.]
 [0.]
 [0.]
 [0.]
 [0.]]
CG: [[10.]
 [10.]
 [10.]
 [10.]
 [10.]
 [10.]
 [10.]
 [10.]
 [10.]
 [10.]
 [10.]
 [10.]
 [10.]
 [10.]
 [10.]
 [10.]
 [10.]
 [10.]
 [10.]
 [10.]
 [10.]
 [10.]
 [10.]
 [10.]
 [10.]
 [10.]
 [10.]
 [10.]
 [10.]
 [10.]
 [10.]
 [10.]
 [10.]
 [10.]
 [10.]
 [10.]
 [10.]
 [10.]
 [10.]
 [10.]
 [10.]
 [10.]
 [10.]
 [10.]
 [10.]
 [10.]
 [10.]
 [10.]
 [10.]
 [10.]
 [10.]
 [10.]
 [10.]
 [10.]
 [10.]
 [10.]
 [10.]
 [10.]
 [10.]
 [10.]
 [10.]
 [10.]
 [10.]
 [10.]
 [10.]
 [10.]
 [10.]
 [10.]
 [10.]
 [10.]
 [10.]
 [10.]
 [10.]
 [10.]
 [10.]
 [10.]
 [10.]
 [10.]
 [10.]
 [10.]
 [10.]
 [10.]
 [10.]
 [10.]
 [10.]
 [10.]
 [10.]
 [10.]
 [10.]
 [10.]
 [10.]
 [10.]
 [10.]
 [10.]
 [10.]
 [10.]
 [10.]
 [10.]
 [10.]
 [10.]]
RG: [[500.]
 [500.]
 [500.]
 [500.]
 [500.]
 [500.]
 [500.]
 [500.]
 [500.]
 [500.]
 [500.]
 [500.]
 [500.]
 [500.]
 [500.]
 [500.]
 [500.]
 [500.]
 [500.]
 [500.]
 [500.]
 [500.]
 [500.]
 [500.]
 [500.]
 [500.]
 [500.]
 [500.]
 [500.]
 [500.]
 [500.]
 [500.]
 [500.]
 [500.]
 [500.]
 [500.]
 [500.]
 [500.]
 [500.]
 [500.]
 [500.]
 [500.]
 [500.]
 [500.]
 [500.]
 [500.]
 [500.]
 [500.]
 [500.]
 [500.]
 [500.]
 [500.]
 [500.]
 [500.]
 [500.]
 [500.]
 [500.]
 [500.]
 [500.]
 [500.]
 [500.]
 [500.]
 [500.]
 [500.]
 [500.]
 [500.]
 [500.]
 [500.]
 [500.]
 [500.]
 [500.]
 [500.]
 [500.]
 [500.]
 [500.]
 [500.]
 [500.]
 [500.]
 [500.]
 [500.]
 [500.]
 [500.]
 [500.]
 [500.]
 [500.]
 [500.]
 [500.]
 [500.]
 [500.]
 [500.]
 [500.]
 [500.]
 [500.]
 [500.]
 [500.]
 [500.]
 [500.]
 [500.]
 [500.]
 [500.]]
Ch: [[2.00679049 2.00170178 1.9743288  2.02792391 2.0531053  1.91541333
  2.06227428 1.9416242  2.04818637 2.07593275 2.03644075]
 [2.04569065 2.0296488  1.92043549 1.98933164 2.02541531 1.9961767
  2.00750239 1.94682713 1.98995973 1.96946377 1.95058355]
 [2.08404145 2.08053894 1.94887295 2.08990544 1.92760884 2.06643218
  1.94378349 1.96948469 1.92485503 2.02972745 2.0482555 ]
 [1.99466816 2.05382744 2.02502722 2.05582413 1.97492252 1.92725359
  1.93581555 1.94807006 2.03210006 1.95809026 2.00557229]
 [2.05446257 2.08892345 1.92058632 2.00121505 1.92812867 1.9355407
  1.925226   2.08534509 2.02025827 1.9148687  2.0677432 ]
 [1.99751978 2.08850704 1.9246298  2.08714843 2.09714794 1.97866229
  1.97521887 1.9798556  1.95627162 1.94964115 2.05929583]
 [1.97502052 2.05154277 1.97976194 2.05151954 1.93339277 2.08834729
  1.95482049 1.940463   2.00313936 2.01140618 2.04723058]
 [2.04647057 1.94386001 1.93837975 2.04820361 1.90268464 1.90756585
  1.94315214 1.92043032 1.95051176 2.0450022  2.04363591]
 [2.05789181 2.09447241 1.97332897 2.0090427  1.94236541 1.99784945
  2.07271561 1.90791365 2.01971801 2.02405478 1.94229824]
 [1.93483429 1.9882553  2.00384701 1.99119354 2.09097792 1.97545627
  2.0324129  2.00108909 2.08083939 1.90794257 2.09642679]]
Cv: [[0.         0.         0.         0.         0.         0.
  0.         0.         0.         0.        ]
 [2.08062183 2.02779567 1.97089378 2.07324238 2.04882601 2.05541154
  1.95635676 1.92908369 2.07840589 2.05827858]
 [1.91521814 2.00435548 1.93985415 1.98967338 1.9265285  1.9215464
  2.06980778 1.98780379 2.05525371 2.09897919]
 [1.92742378 1.91254527 1.92040072 1.92993789 2.02854749 2.04748624
  2.06887404 1.93264453 2.00353819 1.95529531]
 [1.93898499 1.92332192 2.0340531  1.96620298 1.99199311 1.93248173
  2.02068367 2.03106692 2.04784882 1.99041073]
 [2.09587934 2.02938132 2.05479437 1.90399336 2.08961822 2.06525521
  1.98562765 1.90235258 2.07426961 1.93116158]
 [1.98210668 2.06397196 2.07993394 1.92946458 2.07597673 2.03314066
  2.05745931 1.92620248 1.94204553 2.02839852]
 [2.08681705 2.00554418 2.05654953 1.95253962 2.09464361 2.02949083
  1.98211298 2.03154561 2.01044885 1.94792092]
 [2.06054946 2.06676967 1.97630969 2.02397678 1.96136529 2.09211365
  1.97881333 1.93159647 1.91391925 2.07128276]
 [2.03283842 2.03824229 2.05716718 1.94391002 1.9333839  2.09599475
  1.9333167  1.99042124 2.02926025 1.91306129]]
Rh: [[ 1.32528459  5.29534821  1.37126895  3.12506381  1.58654657  2.5299514
   1.26915137  1.86884316  1.17105073  1.88635877  1.53606257]
 [ 3.48839242  2.92588154  3.82046866  1.27216625  6.6617046   6.37479481
   1.4892168   3.68773427  6.76113113  3.89010678 14.92578193]
 [ 3.13426256  2.94249507  1.61450739 12.07055097  2.86783948  2.32966529
   2.7014865  10.46361201  1.08814424  1.61842331  6.09464049]
 [ 2.02522362  1.30711025  1.26033999 11.8955752   3.77411995  3.61378159
   2.25097155  8.56927092 15.5331177   1.33925607  4.82960677]
 [ 4.09853785  1.16631163  3.35073864  9.29888364  2.90548564  2.7406769
  17.58938517  9.0986291  10.0443389   1.94160669  7.25659957]
 [ 1.33568221  2.15061948  2.95907319  1.31502788  2.81392169 13.02527136
   1.52300776  5.20305131  4.88710309  2.79678363  3.21591855]
 [ 2.81739008  5.16380136  6.24348768  4.44577787  2.33089471  4.80778162
   5.54786149  1.35156049 19.2617804   9.37759764  5.34595919]
 [ 2.8022165   1.69544474 18.66572764 14.95622688  4.17285046  6.14335805
   1.79748743  1.36341416  2.50643313  5.58885     1.12904846]
 [13.79249161  1.35663222  4.40069257  4.34264212  5.92823768  4.11561626
   1.54184347  2.04353705  3.79680837  6.23296314  2.56850882]
 [ 2.41793773 17.1403205   5.8323676   2.62469101 18.64021882  2.57330071
   1.46862058  6.00743526  1.18144691  2.7425845   3.70679826]]
Rv: [[ 8.40952213  5.51855195 18.52668826  3.05966019  1.14116313  2.46213583
   6.55913321  2.76538067  1.60846845  3.88879663]
 [12.84734899  4.85469355  2.46700903 10.89952182  7.30567472 12.3512433
   1.17523594  1.93003492  1.92337071  2.33977723]
 [ 2.38785063 19.78303201  1.84183063  4.62129572  1.92169071  6.61353242
   4.123792    8.61036448  2.46742876  3.69653865]
 [ 1.10891708 12.11910691  5.62752766  1.14189408  1.05993412  7.38599805
   2.59599564 11.49509665  2.54914251 10.863141  ]
 [16.75923691  3.13911538  2.64290288  1.67110217 13.24797666  1.68070678
   4.50343753  1.35970768  1.24707388  6.29610176]
 [ 6.1801271   4.1120244  12.7042571   6.22421472 12.67268277 13.38190546
   2.79403685  2.34284154  8.75315785  5.51172285]
 [18.75823094  2.44190691  4.88512943  1.30153336 13.12803045  6.93012152
   3.06316018  4.95746779 10.95852137 18.02103643]
 [ 7.95838431 16.49470304  1.4502836   4.51979493  1.76200663  2.4067849
   1.93024761 17.66529222  1.64218049 14.99164883]
 [ 1.67942572  5.51103059  2.76157488  2.71056638  9.45365621  1.98708994
   9.78518671 18.56616825  8.98376058  1.95601545]]