-------Running parameters--------
T = 0.001
temperature_gradient = 0.0
gap = 0.0
M = 10
N = 10
VR = 0.0
Vmin = 0.0
Vmax = 1.1
vStep = 0.001
vSym = True
repeats = 50
fileName = array_10_10_disorder_c_std_0.1_r_std_9.5_run_5
dist = exp
fullOutput = False
use_graph = False
current_map = False
plot_current_map = False
plot_binary_current_map = False
frame_norm = False
dbg = False
resume = False
sc = False
leaping = False
constQ = False
modifyR = False
double_time = False
double_loop = False
calcIT = False
output_folder = increase_disorder_by_multiplication
params_path = increase_disorder_by_multiplication/runningParameters_array_10_10_disorder_c_std_0.1_r_std_9_run_5.txt
VG_avg = 0.0
VG_std = 0.0
C_avg = 2.0
C_std = 0.1
CG_avg = 10.0
CG_std = 0.0
R_avg = 10.0
R_std = 9.0
custom_rh = ""
custom_rv = ""
custom_ch = 
custom_cv = ""
RG_avg = 500.0
RG_std = 0.0
n0_avg = 0.0
n0_std = 0.0
Q0_avg = 0.0
Q0_std = 0.0
----Array Parameters-----
Rows: 10
Columns: 10
VG: [[0.]
 [0.]
 [0.]
 [0.]
 [0.]
 [0.]
 [0.]
 [0.]
 [0.]
 [0.]
 [0.]
 [0.]
 [0.]
 [0.]
 [0.]
 [0.]
 [0.]
 [0.]
 [0.]
 [0.]
 [0.]
 [0.]
 [0.]
 [0.]
 [0.]
 [0.]
 [0.]
 [0.]
 [0.]
 [0.]
 [0.]
 [0.]
 [0.]
 [0.]
 [0.]
 [0.]
 [0.]
 [0.]
 [0.]
 [0.]
 [0.]
 [0.]
 [0.]
 [0.]
 [0.]
 [0.]
 [0.]
 [0.]
 [0.]
 [0.]
 [0.]
 [0.]
 [0.]
 [0.]
 [0.]
 [0.]
 [0.]
 [0.]
 [0.]
 [0.]
 [0.]
 [0.]
 [0.]
 [0.]
 [0.]
 [0.]
 [0.]
 [0.]
 [0.]
 [0.]
 [0.]
 [0.]
 [0.]
 [0.]
 [0.]
 [0.]
 [0.]
 [0.]
 [0.]
 [0.]
 [0.]
 [0.]
 [0.]
 [0.]
 [0.]
 [0.]
 [0.]
 [0.]
 [0.]
 [0.]
 [0.]
 [0.]
 [0.]
 [0.]
 [0.]
 [0.]
 [0.]
 [0.]
 [0.]
 [0.]]
CG: [[10.]
 [10.]
 [10.]
 [10.]
 [10.]
 [10.]
 [10.]
 [10.]
 [10.]
 [10.]
 [10.]
 [10.]
 [10.]
 [10.]
 [10.]
 [10.]
 [10.]
 [10.]
 [10.]
 [10.]
 [10.]
 [10.]
 [10.]
 [10.]
 [10.]
 [10.]
 [10.]
 [10.]
 [10.]
 [10.]
 [10.]
 [10.]
 [10.]
 [10.]
 [10.]
 [10.]
 [10.]
 [10.]
 [10.]
 [10.]
 [10.]
 [10.]
 [10.]
 [10.]
 [10.]
 [10.]
 [10.]
 [10.]
 [10.]
 [10.]
 [10.]
 [10.]
 [10.]
 [10.]
 [10.]
 [10.]
 [10.]
 [10.]
 [10.]
 [10.]
 [10.]
 [10.]
 [10.]
 [10.]
 [10.]
 [10.]
 [10.]
 [10.]
 [10.]
 [10.]
 [10.]
 [10.]
 [10.]
 [10.]
 [10.]
 [10.]
 [10.]
 [10.]
 [10.]
 [10.]
 [10.]
 [10.]
 [10.]
 [10.]
 [10.]
 [10.]
 [10.]
 [10.]
 [10.]
 [10.]
 [10.]
 [10.]
 [10.]
 [10.]
 [10.]
 [10.]
 [10.]
 [10.]
 [10.]
 [10.]]
RG: [[500.]
 [500.]
 [500.]
 [500.]
 [500.]
 [500.]
 [500.]
 [500.]
 [500.]
 [500.]
 [500.]
 [500.]
 [500.]
 [500.]
 [500.]
 [500.]
 [500.]
 [500.]
 [500.]
 [500.]
 [500.]
 [500.]
 [500.]
 [500.]
 [500.]
 [500.]
 [500.]
 [500.]
 [500.]
 [500.]
 [500.]
 [500.]
 [500.]
 [500.]
 [500.]
 [500.]
 [500.]
 [500.]
 [500.]
 [500.]
 [500.]
 [500.]
 [500.]
 [500.]
 [500.]
 [500.]
 [500.]
 [500.]
 [500.]
 [500.]
 [500.]
 [500.]
 [500.]
 [500.]
 [500.]
 [500.]
 [500.]
 [500.]
 [500.]
 [500.]
 [500.]
 [500.]
 [500.]
 [500.]
 [500.]
 [500.]
 [500.]
 [500.]
 [500.]
 [500.]
 [500.]
 [500.]
 [500.]
 [500.]
 [500.]
 [500.]
 [500.]
 [500.]
 [500.]
 [500.]
 [500.]
 [500.]
 [500.]
 [500.]
 [500.]
 [500.]
 [500.]
 [500.]
 [500.]
 [500.]
 [500.]
 [500.]
 [500.]
 [500.]
 [500.]
 [500.]
 [500.]
 [500.]
 [500.]
 [500.]]
Ch: [[2.00881489 2.09511434 2.03387394 1.90355612 1.95602095 2.00890641
  1.96568602 1.90814464 1.9824444  2.08376291 1.99111704]
 [2.00051824 1.9714203  2.02183071 2.07263966 1.94921344 1.9465127
  2.06005581 2.03506012 1.9249207  1.90343846 2.0304744 ]
 [2.01648772 2.02389206 1.95205961 1.98721247 1.9724528  2.04884733
  2.06268747 2.07244961 1.96417014 1.91143588 1.93378826]
 [1.90978804 1.99711311 2.01154099 1.92921835 1.92212083 2.09846466
  1.94229492 1.96461411 1.92282001 2.04311885 1.95492014]
 [1.98965508 1.9295274  1.95905077 2.05949769 1.91261289 2.01955887
  2.07438317 1.91846682 1.96322908 1.94962602 1.90610578]
 [1.97869872 1.90622382 2.09406846 2.04206967 1.9291007  2.03476052
  1.97617235 1.92530997 1.99082863 1.9446376  2.08587167]
 [1.95389872 2.03877572 2.08661134 2.01420354 2.03459279 1.98939047
  1.96968147 1.96274481 2.06962677 1.91891642 1.96077768]
 [1.94280718 2.04315494 2.01311826 2.07982415 1.90561966 1.91709162
  1.90761057 1.90896214 1.91465379 1.97162619 2.04830881]
 [2.01324015 2.09020177 1.91691852 1.97366375 2.07844286 1.95736465
  1.91422995 1.91207057 1.99995416 2.0062571  1.96108534]
 [2.08330949 2.03345055 2.02085449 2.05109038 1.95832316 2.06691156
  2.00641303 1.90876962 1.94849783 2.04820307 1.9414683 ]]
Cv: [[0.         0.         0.         0.         0.         0.
  0.         0.         0.         0.        ]
 [1.92845588 1.9948862  1.90738118 1.92260075 2.03094203 1.95999456
  2.06059596 1.93574303 2.08586193 2.09847528]
 [1.97280122 2.00602166 2.04221444 1.9443036  1.90837198 2.08509054
  2.0351529  1.96354453 2.02966771 2.02357709]
 [1.99817799 2.04801321 1.97480736 1.90420441 2.02327457 2.03493245
  1.97775072 1.96484255 2.0328053  1.92159107]
 [1.9379365  2.04412153 2.00115833 2.08620505 2.00261774 1.91958951
  2.06686401 2.07453973 2.09476731 1.97269749]
 [2.08041283 1.92734289 1.94749664 1.94280818 1.99078427 2.07343477
  1.99600001 2.01134432 2.0829211  1.95610598]
 [1.97944077 1.97925794 2.01173056 2.08493193 1.93689499 2.08710917
  2.05836619 1.91428178 2.00024065 2.09487414]
 [1.91257638 2.07976276 2.033146   1.98374008 2.02468264 2.07990302
  2.08855684 2.01078724 2.0529448  1.94162659]
 [1.93817481 1.94176614 1.98496846 1.94825414 2.00433709 2.09299337
  2.07360503 2.01559151 2.05977469 1.94824853]
 [1.92349063 2.03552434 2.04413695 2.07882405 2.0947615  1.90453672
  2.04635571 2.00034409 2.03881947 2.0050066 ]]
Rh: [[16.94501168  1.27588157  1.21504018  2.91340862  2.01535296  7.35302292
   5.9350981   1.14340494  2.50468488  3.07692405  4.97005177]
 [ 9.25889963  7.27796064  6.02934018  4.00622463  1.71874989 14.82154752
   2.8130733   5.78175801  1.13352114  3.22492893 10.93259323]
 [ 1.2155835   1.40140003  6.06128144  5.93480073  1.08773422  1.12104806
  13.90353785  4.79226837  3.87119597  7.49626674  1.40440053]
 [ 3.47423443  6.93180343  3.59940258  3.52980821 17.95744673  1.68938724
   8.72536277 18.05543926  3.76737464  1.97146418  4.01460634]
 [ 1.8042437  16.50946535  8.46290748  7.67819937 14.36437277  3.55698439
   1.36389521  1.46692809  1.39266828  4.20307347  5.88498873]
 [ 4.54047471  3.40490931 16.61360266  4.94263801  6.97462435  3.86648915
   1.2101566   3.20007841  1.86623831  1.54755994  3.05950192]
 [10.66031512  2.77471787  1.45550135  3.42485237  1.80663815  2.29615064
  14.00355868  4.33278583  6.82631069  4.23586918  2.85779096]
 [17.59198083  3.89209215 15.49867527  6.85746839 10.74600972 14.06967719
   7.17203417  4.00310281  6.60975907  1.60171349  5.0135232 ]
 [ 2.3111572   1.8646571   2.43250282  4.96305393  2.51038565  1.63056393
   8.29783911  2.21737322  7.69097616 13.63335712  6.07221159]
 [ 1.11346414  3.54915587 15.96834991  5.60138272 11.84660598 10.69456587
   2.71253343  1.98380382  3.57709005  1.31198442  4.17282174]]
Rv: [[ 6.60268358  4.74145225  8.40569957  5.87984974 18.70343541  8.15599585
   2.19898603  8.49567443  7.36782381 19.36673144]
 [ 2.61331206  7.4957565   5.22970509  8.08457531  5.88549579  1.78090959
   5.2030833   4.80501957 13.28876019  7.53331986]
 [ 1.11194045  2.19617405  2.54595767  3.01587463  2.43958875  2.0295185
   1.06795747  1.15509858  4.59639014  1.61916673]
 [ 2.662649    7.96470865  1.65381775 17.29611381  1.51014924 19.29000136
   6.71448676  2.16396924  3.33200041  7.2772945 ]
 [ 2.8911593   3.9724788   2.93665313  1.23735442 11.01311574 13.24237218
  19.35487326  1.69323674  3.28715519  2.34959306]
 [ 7.61905418 12.28235435  2.28085335 16.01782242  4.18007431  1.07352673
   1.62964932  1.51351562  3.40823949 13.03378666]
 [ 3.36482918  4.40675244  2.26622163  5.07206533  5.0799737  19.72214194
  19.12262873  7.30518372  1.19367135  2.94915351]
 [ 2.8394409   2.25804489  1.06979982  5.27576109 12.48834283  2.06443304
   1.26573437  9.84779932  1.8338344   8.40779715]
 [ 7.99174525 17.52618427  5.3378123   5.17900041  1.8232595  10.1375955
   9.06752697  2.3655      2.90106265  3.02834983]]