-------Running parameters--------
T = 0.001
temperature_gradient = 0.0
gap = 0.0
M = 10
N = 10
VR = 0.0
Vmin = 0.0
Vmax = 1.1
vStep = 0.001
vSym = True
repeats = 50
fileName = array_10_10_disorder_c_std_0.1_r_std_9_run_7
dist = exp
fullOutput = True
use_graph = False
current_map = True
plot_current_map = False
plot_binary_current_map = False
frame_norm = False
dbg = False
resume = False
sc = False
leaping = False
constQ = False
modifyR = False
double_time = False
double_loop = False
output_folder = bgu_2d_finite_temperature_different_disorders_statistics
params_path = 
VG_avg = 0.0
VG_std = 0.0
C_avg = 2.0
C_std = 0.1
CG_avg = 10.0
CG_std = 0.0
R_avg = 10.0
R_std = 9.0
custom_rh = ""
custom_rv = ""
custom_ch = ""
custom_cv = ""
RG_avg = 500.0
RG_std = 0.0
n0_avg = 0.0
n0_std = 0.0
Q0_avg = 0.0
Q0_std = 0.0
----Array Parameters-----
Rows: 10
Columns: 10
VG: [[0.]
 [0.]
 [0.]
 [0.]
 [0.]
 [0.]
 [0.]
 [0.]
 [0.]
 [0.]
 [0.]
 [0.]
 [0.]
 [0.]
 [0.]
 [0.]
 [0.]
 [0.]
 [0.]
 [0.]
 [0.]
 [0.]
 [0.]
 [0.]
 [0.]
 [0.]
 [0.]
 [0.]
 [0.]
 [0.]
 [0.]
 [0.]
 [0.]
 [0.]
 [0.]
 [0.]
 [0.]
 [0.]
 [0.]
 [0.]
 [0.]
 [0.]
 [0.]
 [0.]
 [0.]
 [0.]
 [0.]
 [0.]
 [0.]
 [0.]
 [0.]
 [0.]
 [0.]
 [0.]
 [0.]
 [0.]
 [0.]
 [0.]
 [0.]
 [0.]
 [0.]
 [0.]
 [0.]
 [0.]
 [0.]
 [0.]
 [0.]
 [0.]
 [0.]
 [0.]
 [0.]
 [0.]
 [0.]
 [0.]
 [0.]
 [0.]
 [0.]
 [0.]
 [0.]
 [0.]
 [0.]
 [0.]
 [0.]
 [0.]
 [0.]
 [0.]
 [0.]
 [0.]
 [0.]
 [0.]
 [0.]
 [0.]
 [0.]
 [0.]
 [0.]
 [0.]
 [0.]
 [0.]
 [0.]
 [0.]]
CG: [[10.]
 [10.]
 [10.]
 [10.]
 [10.]
 [10.]
 [10.]
 [10.]
 [10.]
 [10.]
 [10.]
 [10.]
 [10.]
 [10.]
 [10.]
 [10.]
 [10.]
 [10.]
 [10.]
 [10.]
 [10.]
 [10.]
 [10.]
 [10.]
 [10.]
 [10.]
 [10.]
 [10.]
 [10.]
 [10.]
 [10.]
 [10.]
 [10.]
 [10.]
 [10.]
 [10.]
 [10.]
 [10.]
 [10.]
 [10.]
 [10.]
 [10.]
 [10.]
 [10.]
 [10.]
 [10.]
 [10.]
 [10.]
 [10.]
 [10.]
 [10.]
 [10.]
 [10.]
 [10.]
 [10.]
 [10.]
 [10.]
 [10.]
 [10.]
 [10.]
 [10.]
 [10.]
 [10.]
 [10.]
 [10.]
 [10.]
 [10.]
 [10.]
 [10.]
 [10.]
 [10.]
 [10.]
 [10.]
 [10.]
 [10.]
 [10.]
 [10.]
 [10.]
 [10.]
 [10.]
 [10.]
 [10.]
 [10.]
 [10.]
 [10.]
 [10.]
 [10.]
 [10.]
 [10.]
 [10.]
 [10.]
 [10.]
 [10.]
 [10.]
 [10.]
 [10.]
 [10.]
 [10.]
 [10.]
 [10.]]
RG: [[500.]
 [500.]
 [500.]
 [500.]
 [500.]
 [500.]
 [500.]
 [500.]
 [500.]
 [500.]
 [500.]
 [500.]
 [500.]
 [500.]
 [500.]
 [500.]
 [500.]
 [500.]
 [500.]
 [500.]
 [500.]
 [500.]
 [500.]
 [500.]
 [500.]
 [500.]
 [500.]
 [500.]
 [500.]
 [500.]
 [500.]
 [500.]
 [500.]
 [500.]
 [500.]
 [500.]
 [500.]
 [500.]
 [500.]
 [500.]
 [500.]
 [500.]
 [500.]
 [500.]
 [500.]
 [500.]
 [500.]
 [500.]
 [500.]
 [500.]
 [500.]
 [500.]
 [500.]
 [500.]
 [500.]
 [500.]
 [500.]
 [500.]
 [500.]
 [500.]
 [500.]
 [500.]
 [500.]
 [500.]
 [500.]
 [500.]
 [500.]
 [500.]
 [500.]
 [500.]
 [500.]
 [500.]
 [500.]
 [500.]
 [500.]
 [500.]
 [500.]
 [500.]
 [500.]
 [500.]
 [500.]
 [500.]
 [500.]
 [500.]
 [500.]
 [500.]
 [500.]
 [500.]
 [500.]
 [500.]
 [500.]
 [500.]
 [500.]
 [500.]
 [500.]
 [500.]
 [500.]
 [500.]
 [500.]
 [500.]]
Ch: [[1.92855265 1.92684386 2.01713344 1.95105788 1.93849411 1.9629769
  2.09825075 1.95405427 2.03521283 1.92803242 2.03587169]
 [2.06045    1.93084811 2.01885369 1.92434141 1.91238551 2.08740951
  1.90972229 1.92605114 1.94579244 2.07255351 2.09913663]
 [2.069123   2.07362786 2.00918741 2.04577742 1.94907631 1.93932778
  1.9856098  1.98443119 1.92901759 2.04423796 2.01544789]
 [2.02883028 2.03797138 2.0093516  1.91525662 2.08028516 2.05054674
  2.08125579 1.9872299  2.05030762 1.97967367 1.92180716]
 [2.07456079 2.0711757  1.90978576 1.98917354 1.92998682 2.0463716
  2.09131785 2.05073802 1.97822903 2.03635129 2.00609749]
 [2.02836931 2.0820891  2.08861903 2.00068236 2.05662163 1.99558922
  1.99171251 2.02771992 2.00822465 1.95897815 2.01612909]
 [2.01515374 1.92432822 2.05678259 2.06425597 2.01766689 2.0053867
  2.02663736 1.96746257 1.975368   2.01801552 1.95954239]
 [2.09011403 1.92624046 2.01718677 1.94412486 1.92286994 1.99107098
  1.96043428 1.99576101 2.06564437 1.99285095 1.98404389]
 [2.09752716 1.9146441  1.94239935 1.91924563 1.98138898 2.0440999
  2.06530398 2.02030428 2.08794836 2.06878308 1.91486373]
 [1.99217001 2.0142412  1.95377443 1.90442261 2.02796709 1.90833711
  2.04357794 1.99852285 1.9230714  2.0977497  2.03839985]]
Cv: [[0.         0.         0.         0.         0.         0.
  0.         0.         0.         0.        ]
 [1.93695528 1.95040891 1.9441871  2.03693415 1.98491629 1.99132752
  1.92139422 1.91171366 2.04575264 2.05149403]
 [2.01958845 2.06866949 2.07934067 2.02381941 1.90714163 1.9461814
  1.94907348 1.92151686 1.97809834 1.9869742 ]
 [2.03431981 1.97342611 2.04256973 2.0367691  2.09479936 1.98981003
  1.9645981  2.07356906 1.99799758 1.90102177]
 [2.06938731 1.9065582  2.03913785 1.92664613 1.93480163 2.09607118
  2.06692621 2.09902146 1.97368082 2.00666595]
 [1.93607177 1.93373176 1.90063008 1.95892615 1.98117911 1.91493821
  1.96081438 2.09286683 1.9317652  1.95893376]
 [2.05317614 1.96617828 1.98458968 1.92089478 1.98790651 1.94409859
  2.01967282 1.97106265 2.02321886 1.95680824]
 [1.95221468 2.01090503 1.92845374 1.92068706 2.00307111 1.95616467
  1.98605136 2.07591528 2.05742903 1.92488243]
 [1.91157428 2.07545175 1.96472567 2.06295688 2.00771264 2.0635685
  2.09617782 1.99513205 2.0230547  1.94452145]
 [1.96405779 1.91071949 2.08612058 2.07630515 1.98814355 1.96156723
  1.90408899 1.91095044 2.02567255 1.94173188]]
Rh: [[ 1.38103265 10.84358242  3.99706175  1.30354692 17.34470454 12.0578834
   9.32495934  1.02616805 11.51724192  1.24537988  6.89475236]
 [ 1.50066269  3.23882874  7.01868033 12.04816237 12.32462603 14.766287
   4.19977464  7.97632052  7.80414203 12.30186222  2.68556929]
 [ 1.22089485 10.93439515  1.71672994  5.11703995  7.54597233  2.52945877
   1.34273577  3.19929231 13.67659656  1.89180581  9.49971908]
 [ 9.79113342  6.68945496  1.36493299  2.92872954  1.93855123  1.28290468
   6.12746993  4.49346924  2.81470235 16.39905415  5.05839514]
 [ 6.91575482  4.91189877 11.51421561  1.44139775  1.37500806  5.64181285
  11.39215156  6.98909062 18.01794522  1.98563929 14.34827603]
 [ 1.00898071  5.50257421  1.40839134 12.11716464  8.65172257  3.32156702
   4.87947385  1.00475158 14.44959437 16.65414168  3.21587105]
 [ 1.08489027  1.18447765 18.46180833 14.17098299  2.62334556  7.16342098
   8.45545649 14.12012855  1.35716824  8.70477987  7.21573124]
 [ 1.71970286  5.81907287  1.1510536   7.02783997  2.3945316  14.92502455
   8.38684288  2.37056469  2.58564266  3.42996667  1.06330454]
 [ 5.25736553  5.34604332  1.23269142  5.45583597  1.56769791  1.66282899
   3.86175279  1.99698835  5.71816931  1.39236533  1.89636278]
 [ 5.66709341  2.81005635 16.35422838  1.99442091  3.1505291   4.70094674
   7.66074636 10.79465033  2.06208541  1.89583456  5.8571798 ]]
Rv: [[11.71123917  2.59590613  1.23296863 15.13742622  2.14819595  3.0422665
   3.06067567  7.0163502   3.99247049  6.09608486]
 [ 1.42308823  7.03704972  8.2878743   9.693472    2.62245301  1.02898216
   2.28455582  1.82644444 15.21039473  4.01950839]
 [ 1.448819    1.40457544  8.21272192  5.76531219  4.96276921  5.81289618
   9.34297874  1.01113778  3.01982808  2.84255386]
 [ 3.71237469  2.96868977  3.54629827  5.87807922  2.16442597  1.59139174
   1.99690776  9.25347998  8.02003288  5.08057673]
 [15.87987394  2.76194734  3.46515685  1.06613199  3.97168881 18.70331979
   5.45308007  3.33792458  5.96638678  4.01764859]
 [ 1.09630411  7.31858037 11.75036599  1.51082929  7.45544024  1.34841602
   3.55714872  6.40644739 16.81773722  9.34546322]
 [ 2.52039469  9.84503358  4.45403896  1.04968633 16.63135062  8.65531715
   4.31276992 14.18386525 11.92766595  6.62525308]
 [ 2.22260634 13.40533544  3.90867041  6.52968541  9.04815349 14.52673796
   6.36756317  1.71344217  7.02747497 15.35300997]
 [ 1.12374955  3.965879   13.86229484  6.01712034  7.41725322  2.17250151
   4.76989637  8.74027868  8.10943649 11.29639504]]