-------Running parameters--------
T = 0.001
gap = 0
M = 5
N = 15
VR = -1.0
VU = 0.0
VD = 0.0
rightElectrode = [1,1,1,1,1]
leftElectrode = [1,1,1,1,1]
upElectrode = [0,0,0,0,0,0,0,0,0,0,0,0,0,0,0]
downElectrode = [0,0,0,0,0,0,0,0,0,0,0,0,0,0,0]
Vmin = 2.0
Vmax = 0.1
vStep = 0.001
vSym = True
repeats = 1
fileName = array_5_15_r_std_9_run_2_horizontal
dist = exp
fullOutput = True
use_graph = False
current_map = True
plot_current_map = False
plot_binary_current_map = False
dbg = True
resume = False
sc = False
leaping = False
constQ = False
modifyR = False
calcIT = True
output_folder = 2d_long_array_bgu_with_perp_point_contact_IT
params_path = 2d_long_array_bgu_with_perp_point_contact/runningParameters_array_5_15_r_std_9_run_2.txt
VG_avg = 0.0
VG_std = 0.0
C_avg = 1.0
C_std = 1.0
CG_avg = 10.0
CG_std = 0.0
R_avg = 10.0
R_std = 9.0
custom_rh = 
custom_rv = 
custom_ch = 
custom_cv = 
RG_avg = 500.0
RG_std = 0.0
n0_avg = 0.0
n0_std = 0.0
Q0_avg = 0.0
Q0_std = 0.0
----Array Parameters-----
Rows: 5
Columns: 15
VG: [[0.]
 [0.]
 [0.]
 [0.]
 [0.]
 [0.]
 [0.]
 [0.]
 [0.]
 [0.]
 [0.]
 [0.]
 [0.]
 [0.]
 [0.]
 [0.]
 [0.]
 [0.]
 [0.]
 [0.]
 [0.]
 [0.]
 [0.]
 [0.]
 [0.]
 [0.]
 [0.]
 [0.]
 [0.]
 [0.]
 [0.]
 [0.]
 [0.]
 [0.]
 [0.]
 [0.]
 [0.]
 [0.]
 [0.]
 [0.]
 [0.]
 [0.]
 [0.]
 [0.]
 [0.]
 [0.]
 [0.]
 [0.]
 [0.]
 [0.]
 [0.]
 [0.]
 [0.]
 [0.]
 [0.]
 [0.]
 [0.]
 [0.]
 [0.]
 [0.]
 [0.]
 [0.]
 [0.]
 [0.]
 [0.]
 [0.]
 [0.]
 [0.]
 [0.]
 [0.]
 [0.]
 [0.]
 [0.]
 [0.]
 [0.]]
CG: [[10.]
 [10.]
 [10.]
 [10.]
 [10.]
 [10.]
 [10.]
 [10.]
 [10.]
 [10.]
 [10.]
 [10.]
 [10.]
 [10.]
 [10.]
 [10.]
 [10.]
 [10.]
 [10.]
 [10.]
 [10.]
 [10.]
 [10.]
 [10.]
 [10.]
 [10.]
 [10.]
 [10.]
 [10.]
 [10.]
 [10.]
 [10.]
 [10.]
 [10.]
 [10.]
 [10.]
 [10.]
 [10.]
 [10.]
 [10.]
 [10.]
 [10.]
 [10.]
 [10.]
 [10.]
 [10.]
 [10.]
 [10.]
 [10.]
 [10.]
 [10.]
 [10.]
 [10.]
 [10.]
 [10.]
 [10.]
 [10.]
 [10.]
 [10.]
 [10.]
 [10.]
 [10.]
 [10.]
 [10.]
 [10.]
 [10.]
 [10.]
 [10.]
 [10.]
 [10.]
 [10.]
 [10.]
 [10.]
 [10.]
 [10.]]
RG: [[500.]
 [500.]
 [500.]
 [500.]
 [500.]
 [500.]
 [500.]
 [500.]
 [500.]
 [500.]
 [500.]
 [500.]
 [500.]
 [500.]
 [500.]
 [500.]
 [500.]
 [500.]
 [500.]
 [500.]
 [500.]
 [500.]
 [500.]
 [500.]
 [500.]
 [500.]
 [500.]
 [500.]
 [500.]
 [500.]
 [500.]
 [500.]
 [500.]
 [500.]
 [500.]
 [500.]
 [500.]
 [500.]
 [500.]
 [500.]
 [500.]
 [500.]
 [500.]
 [500.]
 [500.]
 [500.]
 [500.]
 [500.]
 [500.]
 [500.]
 [500.]
 [500.]
 [500.]
 [500.]
 [500.]
 [500.]
 [500.]
 [500.]
 [500.]
 [500.]
 [500.]
 [500.]
 [500.]
 [500.]
 [500.]
 [500.]
 [500.]
 [500.]
 [500.]
 [500.]
 [500.]
 [500.]
 [500.]
 [500.]
 [500.]]
Ch: [[0.0129843  0.75696167 0.49661167 0.03837546 0.50672122 1.31294531
  0.36007608 0.02104131 1.6004779  0.0119605  0.08225152 0.02820668
  0.01009363 0.01543018 1.33510355 0.0690412 ]
 [0.08332079 0.04029056 0.01688501 0.95318674 0.01217807 1.543912
  0.76397087 0.15236031 1.88291401 0.03184215 0.13367406 0.55619312
  0.22508787 0.09429517 0.25615446 0.04392447]
 [0.78445184 0.51060288 0.28017112 0.78759113 0.03685235 0.05855884
  0.02175253 0.08733303 0.39187239 0.14986533 0.02637808 0.12744804
  0.16770684 0.05905196 0.27244452 0.03128341]
 [0.20132821 0.01348777 0.12304754 0.04092338 0.42027736 0.1659957
  1.08069146 0.15671778 1.07266471 0.03649113 0.04680618 0.27274485
  0.16598744 0.35159341 0.07357817 0.20795278]
 [0.20315697 1.37623914 0.10659235 0.13997919 0.20001082 0.26336148
  0.04649588 0.11837856 0.30660236 0.04768419 0.01013721 0.1418966
  0.12648042 0.42672068 0.03312568 1.08677735]]
Cv: [[1.2731588  0.02283718 0.63353832 0.61934217 1.24325888 0.18998053
  0.35885408 1.06951631 0.81896172 0.0383736  1.02330933 0.07702788
  0.0337653  0.18787314 0.16456468]
 [0.21463969 0.67106373 0.0216461  0.23271145 0.1598455  1.0340441
  0.53841481 0.84071726 0.24244474 0.16574298 0.18070677 0.10078575
  0.18335334 0.03336881 1.92630062]
 [0.01014929 0.18872968 0.01482965 0.19088988 0.0423008  0.3181927
  1.28827621 0.10948495 0.09092318 0.02336911 0.10659384 1.16916847
  0.92714557 0.03827915 0.02065155]
 [0.04076519 0.03078428 0.48660717 0.14362365 0.11708747 0.0152384
  0.06880947 0.46117648 0.43105726 0.07452041 1.60193636 0.08075585
  0.01839675 0.0827056  0.031537  ]
 [0.88013568 0.11035025 0.5930191  0.21873557 0.01859101 0.40571244
  1.21025543 0.15843661 0.05597002 0.01306318 0.03049671 0.03918875
  0.10388589 1.10249063 0.43363493]
 [0.17324649 1.68123427 0.03571563 0.01358404 0.44051864 0.05521488
  0.36965172 0.67805539 0.04353722 0.13419336 0.67381342 0.21345061
  0.11727176 0.0285907  0.01936922]]
Rh: [[ 4.91710098  8.03808584 17.29482695  4.15456771  1.53412346 10.74417681
  12.76735929  1.97250812  4.11767825 13.00218343  9.18028001  7.18495205
   1.94013642  6.304811   17.25306889  7.34618193]
 [ 2.60284741  3.28189673  1.75672825 13.77867569  2.73292004  5.7248129
   3.08181636 10.56202413 13.49398564  7.37239193 10.71368298  8.00245004
   1.7366307   4.38487368  1.31069148 18.03636544]
 [14.87451301  5.18223237  1.51103634  9.4684692   4.14408336  9.24666405
   2.7517424   2.43942975 17.32618557  9.4334082   5.50463269  4.08799084
  15.55571971  1.2859538   5.25419537  1.25413769]
 [16.40837083  2.18859245  2.6610109   5.36269082  6.0798366   5.03019542
   6.81434262  1.00627477  3.59868532  1.32679713  3.78389081  1.08109936
   1.44568209 10.88392176 17.41338568 13.95192241]
 [ 1.33902808  4.27653476 12.46426365  4.3490929  13.67703528  1.18584186
   7.64702767  7.19988428 17.49895916 15.3596582   3.85572562  3.92422386
   6.79616779  8.65806516  5.70124612  3.13320834]]
Rv: [[ 3.1016892  10.91295895  2.1229718  14.47506443 13.4684957   3.04778384
  10.42312848  3.4303843   6.80863896  3.51179804  2.24008187  1.45140574
   5.62244495  9.36037781  7.91099543]
 [ 1.97984786  2.61086007  1.83661013  2.40444182 10.41454531 11.36956822
   5.02058383 13.51430086  4.54414427  8.59862682  1.84284526  3.26018029
   3.11568462  6.24958192 14.26980188]
 [10.15790653  1.64119636 11.18504972  6.37453963  7.92091033 12.59294815
   2.60174515  1.04592835  1.24416981  6.00082205  8.34392943  7.67057686
  13.98147499 18.51475575  6.40351035]
 [18.26262928  5.88821878 13.57681489  3.13339245  4.46161276  1.01242741
  10.30010971  1.03012896  5.77531375  7.81005404 16.18528973  1.18561402
   6.50631543  1.6314525   1.52692636]
 [ 7.33215532  2.24991734  8.48005674  2.92233489  2.48780321  6.06787838
   3.12802355 17.14963381  1.16260556  3.49453243  1.19456399  3.56630657
   1.83195228  1.83809561 18.01134498]
 [ 6.70079121  1.30923246 17.9562573   7.11283683  1.15245919 17.73349258
  16.083595    4.93439603  2.01610393  2.85906014  1.21300491  5.26399758
   1.61102581  3.4223675   3.1615446 ]]