-------Running parameters--------
T = 0.001
temperature_gradient = 0
gap = 0
M = 5
N = 15
VR = 0.0
VU = 0.1
VD = -0.1
rightElectrode = 
leftElectrode = 
upElectrode = "[0,0,0,0,0,0,0,1,0,0,0,0,0,0,0]"
downElectrode = "[0,0,0,0,0,0,0,1,0,0,0,0,0,0,0]"
Vmin = 7.0
Vmax = 0.1
vStep = 0.001
vSym = True
repeats = 50
fileName = array_5_15_r_std_9_run_2_it
dist = exp
fullOutput = True
use_graph = False
current_map = True
plot_current_map = False
plot_binary_current_map = False
frame_norm = False
dbg = False
resume = True
sc = False
leaping = False
constQ = False
modifyR = False
double_time = False
double_loop = False
calcIT = True
output_folder = 2d_long_array_bgu_with_perp_point_contact_it
params_path = 2d_long_array_bgu_with_perp_point_contact/runningParameters_array_5_15_r_std_9_run_2.txt
VG_avg = 0.0
VG_std = 0.0
C_avg = 1.0
C_std = 0.0
CG_avg = 10.0
CG_std = 0.0
R_avg = 10.0
R_std = 0.0
custom_rh = ""
custom_rv = ""
custom_ch = ""
custom_cv = ""
RG_avg = 1000.0
RG_std = 0.0
n0_avg = 0.0
n0_std = 0.0
Q0_avg = 0.0
Q0_std = 0.0
----Array Parameters-----
Rows: 5
Columns: 15
VG: [[0.]
 [0.]
 [0.]
 [0.]
 [0.]
 [0.]
 [0.]
 [0.]
 [0.]
 [0.]
 [0.]
 [0.]
 [0.]
 [0.]
 [0.]
 [0.]
 [0.]
 [0.]
 [0.]
 [0.]
 [0.]
 [0.]
 [0.]
 [0.]
 [0.]
 [0.]
 [0.]
 [0.]
 [0.]
 [0.]
 [0.]
 [0.]
 [0.]
 [0.]
 [0.]
 [0.]
 [0.]
 [0.]
 [0.]
 [0.]
 [0.]
 [0.]
 [0.]
 [0.]
 [0.]
 [0.]
 [0.]
 [0.]
 [0.]
 [0.]
 [0.]
 [0.]
 [0.]
 [0.]
 [0.]
 [0.]
 [0.]
 [0.]
 [0.]
 [0.]
 [0.]
 [0.]
 [0.]
 [0.]
 [0.]
 [0.]
 [0.]
 [0.]
 [0.]
 [0.]
 [0.]
 [0.]
 [0.]
 [0.]
 [0.]]
CG: [[10.]
 [10.]
 [10.]
 [10.]
 [10.]
 [10.]
 [10.]
 [10.]
 [10.]
 [10.]
 [10.]
 [10.]
 [10.]
 [10.]
 [10.]
 [10.]
 [10.]
 [10.]
 [10.]
 [10.]
 [10.]
 [10.]
 [10.]
 [10.]
 [10.]
 [10.]
 [10.]
 [10.]
 [10.]
 [10.]
 [10.]
 [10.]
 [10.]
 [10.]
 [10.]
 [10.]
 [10.]
 [10.]
 [10.]
 [10.]
 [10.]
 [10.]
 [10.]
 [10.]
 [10.]
 [10.]
 [10.]
 [10.]
 [10.]
 [10.]
 [10.]
 [10.]
 [10.]
 [10.]
 [10.]
 [10.]
 [10.]
 [10.]
 [10.]
 [10.]
 [10.]
 [10.]
 [10.]
 [10.]
 [10.]
 [10.]
 [10.]
 [10.]
 [10.]
 [10.]
 [10.]
 [10.]
 [10.]
 [10.]
 [10.]]
RG: [[500.]
 [500.]
 [500.]
 [500.]
 [500.]
 [500.]
 [500.]
 [500.]
 [500.]
 [500.]
 [500.]
 [500.]
 [500.]
 [500.]
 [500.]
 [500.]
 [500.]
 [500.]
 [500.]
 [500.]
 [500.]
 [500.]
 [500.]
 [500.]
 [500.]
 [500.]
 [500.]
 [500.]
 [500.]
 [500.]
 [500.]
 [500.]
 [500.]
 [500.]
 [500.]
 [500.]
 [500.]
 [500.]
 [500.]
 [500.]
 [500.]
 [500.]
 [500.]
 [500.]
 [500.]
 [500.]
 [500.]
 [500.]
 [500.]
 [500.]
 [500.]
 [500.]
 [500.]
 [500.]
 [500.]
 [500.]
 [500.]
 [500.]
 [500.]
 [500.]
 [500.]
 [500.]
 [500.]
 [500.]
 [500.]
 [500.]
 [500.]
 [500.]
 [500.]
 [500.]
 [500.]
 [500.]
 [500.]
 [500.]
 [500.]]
Ch: [[0.31942383 1.08220035 0.46515464 0.15087181 0.02122889 0.68805003
  0.27115271 1.82322478 0.13238601 0.92263801 0.34747839 0.52484037
  0.57919152 0.0180306  0.11797933 0.02511706]
 [0.0291788  1.08422201 0.3177564  0.13715741 1.36193396 0.01145622
  0.16247245 0.03515011 0.65896231 0.15323317 0.0379761  0.37074001
  0.01189954 0.37158911 0.01849664 0.52609331]
 [0.01152173 0.04759662 0.16900899 1.89374114 1.50038939 0.12102198
  0.05015239 0.1831558  0.02831929 0.04752008 0.31834765 1.24489536
  0.44367294 0.01051785 0.05460824 0.26655893]
 [0.01695514 0.01967349 0.0227962  0.1230805  0.05723767 1.34453974
  0.22427357 0.19444532 0.76576429 0.27148942 1.91231426 0.05123202
  0.70138255 0.32247463 1.40440729 0.03736692]
 [0.77478416 0.06276804 0.08772368 0.12809268 0.01638196 0.83319652
  0.04401641 0.01070287 1.2335142  0.09385127 0.01685935 1.78277178
  0.03567387 0.0532054  0.0541498  0.01518533]]
Cv: [[0.24647226 0.03847922 1.13353725 0.16028583 0.09118421 0.86376727
  0.01432841 0.01264891 0.15831493 0.01357873 0.24133046 0.39264766
  0.01185409 0.08961719 1.35005934]
 [0.24261112 0.02748096 0.01932384 1.08999863 0.10361262 0.01368334
  1.45585225 1.12944028 0.02971339 0.01083826 0.08149936 0.12287573
  0.19708565 0.01510348 0.0668082 ]
 [0.13944169 0.68080964 0.09669477 1.116562   0.02989646 0.01875763
  0.14784984 0.04705513 1.261485   1.50878044 0.11098027 0.0942106
  1.571267   0.07448518 0.18906655]
 [0.0362186  0.31209425 0.99244546 1.98667687 1.57937564 0.02580643
  0.06644434 0.54168806 0.09035319 1.10482824 1.25630308 1.31571331
  0.05423854 1.05824572 0.02541953]
 [0.05001416 1.36729986 0.04053139 0.04559718 0.01573475 0.86165228
  0.01807646 1.8764998  0.06101449 0.01815921 1.24864884 0.18679293
  0.07007447 0.34504334 0.22338675]
 [0.078868   1.05025835 1.54248617 0.3987246  0.01957729 0.0167094
  0.07824035 0.10796642 0.25472194 0.42097795 0.55255303 0.01334171
  0.18496466 0.01162958 1.35567266]]
Rh: [[ 9.43102686  1.70695448 17.93131155  7.76415616  5.4783349   4.67524936
   3.40601511  1.66024676  2.2491307   1.63265138 14.93695587  3.41356362
   1.747305    1.66900766 17.07461237  4.07538225]
 [ 1.41969926  2.42939144  3.3750584   2.37049478 13.18296535  2.30156794
   1.28935773  2.94756286  1.70186003 10.07084718  7.06366601 17.12569446
   6.16305306 11.59698329  5.20543733  8.87709413]
 [ 4.19005473  3.63845551  1.08652548 18.15025511  2.73446558  8.03948408
   1.02173622  4.24890344  1.49305166  9.83119039  2.4295618   1.03190277
   4.24965083 12.96906574  1.51736018 16.95715064]
 [ 9.34673795  6.94447103 12.26111216  4.23139111  1.99098231  3.30080856
   3.06492819  2.52933101  4.88907755  5.67865262  6.0624239   6.1994588
  15.26717395  5.60888727 10.10151153  2.88372245]
 [ 3.18383621 14.32679383  1.72758926  2.60246333  1.00956631  1.12840761
  16.10943357 11.82311848  4.94590439  4.9451663   1.01564219 10.93841357
  12.46859522  3.33772187  9.92049322  2.96701788]]
Rv: [[ 2.70828587  3.17390383  4.68114843  1.23687393  5.68896054 11.09291881
   2.94531866 17.96132928  7.81799278  1.61417476  1.63809075 10.09039338
   3.37630296  1.78133421  8.20768319]
 [ 6.44346877 14.22537656  1.3433648   1.65936754  3.45133143  4.38019304
   4.79088094  1.92020783  9.96945333 16.3025587  15.96395389  5.15198907
   1.91470044 14.23355343  4.98892783]
 [ 7.22976056  1.09822868 12.35102583  5.7293469  13.86781611 15.5775395
   2.85309794  1.68083006  3.95133621 13.27458846  7.34667235  4.4189097
   2.00475109  3.5447333  17.32463481]
 [ 3.00617082  2.25281301 10.54191937  2.77002151  2.40567701  4.55027134
   4.76767636  7.04799766  9.66683975  1.34011689  2.29532054  4.94134572
   1.33174863  1.31887569  5.04019278]
 [ 1.2007011   1.07794289  1.12342392  4.69794977  1.39877687  2.26853911
   3.0505798  10.98646191  2.65315102  5.39396335  6.11517661  1.74688734
   6.18178608  1.64667525  5.21922051]
 [10.06945468  2.23614686  4.22909835  4.34491771  2.68598449  2.42085124
   3.91590125 12.71054922  5.59066708  8.58279119  2.06018803  3.82768285
   5.24918822 10.38638587  5.30204827]]