-------Running parameters--------
T = 0.0
gap = 0
M = 10
N = 10
VR = 0.0
Vmin = 0.0
Vmax = 4.0
vStep = 0.01
vSym = False
repeats = 20
fileName = array_10_10_cg_c_disorder_run_1
dist = exp
fullOutput = True
use_graph = False
current_map = True
plot_current_map = False
plot_binary_current_map = False
dbg = False
resume = False
sc = False
leaping = False
constQ = False
modifyR = False
output_folder = 2d_array_bgu_with_perp_curr
params_path = 
VG_avg = 0.0
VG_std = 0.0
C_avg = 1.0
C_std = 0.7
CG_avg = 10.0
CG_std = 5.0
R_avg = 10.0
R_std = 0.0
custom_rh = ""
custom_rv = ""
custom_ch = ""
custom_cv = ""
RG_avg = 500.0
RG_std = 0.0
n0_avg = 0.0
n0_std = 0.0
Q0_avg = 0.0
Q0_std = 0.0
----Array Parameters-----
Rows: 10
Columns: 10
VG: [[0.]
 [0.]
 [0.]
 [0.]
 [0.]
 [0.]
 [0.]
 [0.]
 [0.]
 [0.]
 [0.]
 [0.]
 [0.]
 [0.]
 [0.]
 [0.]
 [0.]
 [0.]
 [0.]
 [0.]
 [0.]
 [0.]
 [0.]
 [0.]
 [0.]
 [0.]
 [0.]
 [0.]
 [0.]
 [0.]
 [0.]
 [0.]
 [0.]
 [0.]
 [0.]
 [0.]
 [0.]
 [0.]
 [0.]
 [0.]
 [0.]
 [0.]
 [0.]
 [0.]
 [0.]
 [0.]
 [0.]
 [0.]
 [0.]
 [0.]
 [0.]
 [0.]
 [0.]
 [0.]
 [0.]
 [0.]
 [0.]
 [0.]
 [0.]
 [0.]
 [0.]
 [0.]
 [0.]
 [0.]
 [0.]
 [0.]
 [0.]
 [0.]
 [0.]
 [0.]
 [0.]
 [0.]
 [0.]
 [0.]
 [0.]
 [0.]
 [0.]
 [0.]
 [0.]
 [0.]
 [0.]
 [0.]
 [0.]
 [0.]
 [0.]
 [0.]
 [0.]
 [0.]
 [0.]
 [0.]
 [0.]
 [0.]
 [0.]
 [0.]
 [0.]
 [0.]
 [0.]
 [0.]
 [0.]
 [0.]]
CG: [[ 8.91501193]
 [14.77384764]
 [10.26939753]
 [ 7.50336678]
 [ 5.64604424]
 [10.31919803]
 [ 8.65907693]
 [ 7.08293399]
 [ 8.12074035]
 [ 8.14525189]
 [ 5.56626029]
 [ 6.71789285]
 [ 5.9931961 ]
 [ 9.41176875]
 [12.35932446]
 [ 9.35333632]
 [ 5.99669496]
 [11.64013089]
 [14.38894296]
 [ 6.74089137]
 [13.99292339]
 [12.54473934]
 [ 7.20726605]
 [10.77921248]
 [12.48204833]
 [11.34858193]
 [10.06453132]
 [14.45039575]
 [ 5.1345526 ]
 [ 6.85793521]
 [ 5.53268146]
 [ 9.98428306]
 [ 6.24950753]
 [ 6.24123928]
 [12.3757056 ]
 [13.90440766]
 [ 6.99528063]
 [ 8.64755417]
 [10.00452244]
 [ 6.48796313]
 [ 8.46760742]
 [12.14268808]
 [ 7.61838198]
 [12.9102002 ]
 [14.35035205]
 [ 9.62456395]
 [12.38205921]
 [11.30117562]
 [ 8.36374013]
 [11.85421673]
 [10.75747882]
 [12.7857357 ]
 [ 7.58583109]
 [ 9.46117461]
 [11.66446135]
 [ 6.42859697]
 [10.99155526]
 [ 5.17766394]
 [11.14269116]
 [10.48802828]
 [ 7.46913435]
 [12.05975786]
 [11.56424019]
 [ 7.3415333 ]
 [14.21957923]
 [13.45638054]
 [ 7.93060759]
 [10.36798163]
 [ 8.25934402]
 [10.15812663]
 [13.70168888]
 [ 6.04384481]
 [ 8.54159516]
 [ 5.79180055]
 [ 5.46708709]
 [ 8.95348518]
 [ 8.9541333 ]
 [ 6.09663365]
 [10.34736844]
 [ 6.32734576]
 [ 5.58708207]
 [11.46441695]
 [ 5.10982735]
 [ 7.56385427]
 [ 5.36365265]
 [ 7.28091272]
 [ 9.32415516]
 [12.41772071]
 [ 8.36207916]
 [ 7.28290239]
 [13.70181483]
 [11.95680681]
 [14.49285426]
 [ 7.16662052]
 [11.32697699]
 [ 6.53635846]
 [ 9.44772618]
 [ 6.33917929]
 [ 8.47983966]
 [ 6.09113946]]
RG: [[500.]
 [500.]
 [500.]
 [500.]
 [500.]
 [500.]
 [500.]
 [500.]
 [500.]
 [500.]
 [500.]
 [500.]
 [500.]
 [500.]
 [500.]
 [500.]
 [500.]
 [500.]
 [500.]
 [500.]
 [500.]
 [500.]
 [500.]
 [500.]
 [500.]
 [500.]
 [500.]
 [500.]
 [500.]
 [500.]
 [500.]
 [500.]
 [500.]
 [500.]
 [500.]
 [500.]
 [500.]
 [500.]
 [500.]
 [500.]
 [500.]
 [500.]
 [500.]
 [500.]
 [500.]
 [500.]
 [500.]
 [500.]
 [500.]
 [500.]
 [500.]
 [500.]
 [500.]
 [500.]
 [500.]
 [500.]
 [500.]
 [500.]
 [500.]
 [500.]
 [500.]
 [500.]
 [500.]
 [500.]
 [500.]
 [500.]
 [500.]
 [500.]
 [500.]
 [500.]
 [500.]
 [500.]
 [500.]
 [500.]
 [500.]
 [500.]
 [500.]
 [500.]
 [500.]
 [500.]
 [500.]
 [500.]
 [500.]
 [500.]
 [500.]
 [500.]
 [500.]
 [500.]
 [500.]
 [500.]
 [500.]
 [500.]
 [500.]
 [500.]
 [500.]
 [500.]
 [500.]
 [500.]
 [500.]
 [500.]]
Ch: [[1.6097977  1.17132103 0.3234263  0.60103619 0.87309713 0.60233255
  1.08502175 1.14333093 0.44547209 1.11379422 0.48933109]
 [1.28065426 1.52094541 0.7590829  0.71539743 0.76944906 0.34749503
  0.92312765 0.35073049 1.67086295 0.39033366 1.17104378]
 [0.46601535 0.44106193 0.76577745 0.66812313 0.67228437 0.6742246
  0.30419113 0.94889933 1.08252572 1.537469   0.61545002]
 [0.35411442 0.48499036 0.48938572 1.29531204 0.34388591 1.5246475
  0.65322666 1.6167182  1.05787117 1.10779218 0.74068702]
 [0.6600961  1.1802687  0.95129081 0.95228489 0.38750793 1.65214889
  0.34020383 1.13307464 0.40959269 1.49280036 0.43073492]
 [0.81552044 0.79379949 0.57172374 0.32607305 0.35200954 0.5139414
  1.01920868 0.64233253 0.78435475 0.87217799 0.78214437]
 [1.6042681  1.0832797  0.53219954 1.27544992 0.80855711 0.42206543
  1.34299509 1.32599402 1.10105908 0.89208227 1.19908839]
 [0.83364332 0.34684886 0.65999848 0.78399481 0.3047874  0.70602088
  0.33200122 0.86447502 0.98305233 0.46302834 0.45661635]
 [1.30059661 1.17371823 0.67130869 0.67349209 0.39011002 0.81303895
  0.32948064 1.12649262 0.58730037 1.40850524 0.48121761]
 [1.601324   0.72723571 0.32603799 0.63469466 0.31212878 0.79853535
  1.06852497 0.62328904 0.39352719 1.24959919 0.51419377]]
Cv: [[0.         0.         0.         0.         0.         0.
  0.         0.         0.         0.        ]
 [1.2830287  0.31645323 1.63733488 0.80285147 1.15454922 0.7839796
  0.80057569 0.9177036  0.30692045 0.98888034]
 [0.34430379 0.34342253 0.89313976 1.34265357 0.60362648 0.36813793
  0.66938228 0.33189417 0.44222754 1.54771567]
 [0.78978656 0.65558486 0.31045995 0.52402376 0.43816984 0.70947215
  1.4963384  1.21346118 1.56843057 0.67068395]
 [0.34297658 0.56184886 0.47025128 0.36174276 0.42813651 0.77354132
  0.53990983 0.31049075 0.89322557 0.67480991]
 [0.41341416 0.90874584 0.30532554 0.48394699 1.2785517  0.53481002
  0.47371156 1.31844316 0.40477687 1.62661915]
 [0.58171173 0.64799855 0.61882239 0.64337071 0.91611879 0.83737976
  0.81907824 0.31511084 1.12197894 1.38486143]
 [0.35886318 0.51257186 0.56720117 1.04689738 0.43199151 0.7150393
  1.17336466 0.60999865 0.36425978 1.10345331]
 [1.05946277 0.63074493 0.38092073 0.6902556  0.55209477 0.67428627
  0.43329672 1.63163666 0.7131585  0.4946309 ]
 [0.95432647 0.72374041 1.35128426 0.44405111 0.52923956 1.62597971
  0.53215981 0.76251904 0.4929861  0.30226732]]
Rh: [[10. 10. 10. 10. 10. 10. 10. 10. 10. 10. 10.]
 [10. 10. 10. 10. 10. 10. 10. 10. 10. 10. 10.]
 [10. 10. 10. 10. 10. 10. 10. 10. 10. 10. 10.]
 [10. 10. 10. 10. 10. 10. 10. 10. 10. 10. 10.]
 [10. 10. 10. 10. 10. 10. 10. 10. 10. 10. 10.]
 [10. 10. 10. 10. 10. 10. 10. 10. 10. 10. 10.]
 [10. 10. 10. 10. 10. 10. 10. 10. 10. 10. 10.]
 [10. 10. 10. 10. 10. 10. 10. 10. 10. 10. 10.]
 [10. 10. 10. 10. 10. 10. 10. 10. 10. 10. 10.]
 [10. 10. 10. 10. 10. 10. 10. 10. 10. 10. 10.]]
Rv: [[10. 10. 10. 10. 10. 10. 10. 10. 10. 10.]
 [10. 10. 10. 10. 10. 10. 10. 10. 10. 10.]
 [10. 10. 10. 10. 10. 10. 10. 10. 10. 10.]
 [10. 10. 10. 10. 10. 10. 10. 10. 10. 10.]
 [10. 10. 10. 10. 10. 10. 10. 10. 10. 10.]
 [10. 10. 10. 10. 10. 10. 10. 10. 10. 10.]
 [10. 10. 10. 10. 10. 10. 10. 10. 10. 10.]
 [10. 10. 10. 10. 10. 10. 10. 10. 10. 10.]
 [10. 10. 10. 10. 10. 10. 10. 10. 10. 10.]]