-------Running parameters--------
T = 0.0
gap = 0
M = 10
N = 10
VR = 0.0
Vmin = 0.0
Vmax = 4.0
vStep = 0.01
vSym = False
repeats = 20
fileName = array_10_10_r_cg_c_disorder_run_1
dist = exp
fullOutput = True
use_graph = False
current_map = True
plot_current_map = False
plot_binary_current_map = False
dbg = False
resume = False
sc = False
leaping = False
constQ = False
modifyR = False
output_folder = 2d_array_bgu_with_perp_curr
params_path = 
VG_avg = 0.0
VG_std = 0.0
C_avg = 1.0
C_std = 0.7
CG_avg = 10.0
CG_std = 5.0
R_avg = 10.0
R_std = 9.0
custom_rh = ""
custom_rv = ""
custom_ch = ""
custom_cv = ""
RG_avg = 500.0
RG_std = 0.0
n0_avg = 0.0
n0_std = 0.0
Q0_avg = 0.0
Q0_std = 0.0
----Array Parameters-----
Rows: 10
Columns: 10
VG: [[0.]
 [0.]
 [0.]
 [0.]
 [0.]
 [0.]
 [0.]
 [0.]
 [0.]
 [0.]
 [0.]
 [0.]
 [0.]
 [0.]
 [0.]
 [0.]
 [0.]
 [0.]
 [0.]
 [0.]
 [0.]
 [0.]
 [0.]
 [0.]
 [0.]
 [0.]
 [0.]
 [0.]
 [0.]
 [0.]
 [0.]
 [0.]
 [0.]
 [0.]
 [0.]
 [0.]
 [0.]
 [0.]
 [0.]
 [0.]
 [0.]
 [0.]
 [0.]
 [0.]
 [0.]
 [0.]
 [0.]
 [0.]
 [0.]
 [0.]
 [0.]
 [0.]
 [0.]
 [0.]
 [0.]
 [0.]
 [0.]
 [0.]
 [0.]
 [0.]
 [0.]
 [0.]
 [0.]
 [0.]
 [0.]
 [0.]
 [0.]
 [0.]
 [0.]
 [0.]
 [0.]
 [0.]
 [0.]
 [0.]
 [0.]
 [0.]
 [0.]
 [0.]
 [0.]
 [0.]
 [0.]
 [0.]
 [0.]
 [0.]
 [0.]
 [0.]
 [0.]
 [0.]
 [0.]
 [0.]
 [0.]
 [0.]
 [0.]
 [0.]
 [0.]
 [0.]
 [0.]
 [0.]
 [0.]
 [0.]]
CG: [[ 5.37167535]
 [11.57526839]
 [12.51238228]
 [ 6.30455553]
 [14.49134112]
 [14.95390828]
 [ 5.0032359 ]
 [10.93677514]
 [ 5.3390187 ]
 [13.39039549]
 [ 5.22643882]
 [14.41344532]
 [ 5.81496465]
 [12.16417264]
 [ 7.62754622]
 [ 8.71569187]
 [11.2996774 ]
 [14.38681453]
 [ 6.89524337]
 [ 6.19501203]
 [ 6.69730232]
 [ 5.26167592]
 [ 8.66709029]
 [ 9.30966784]
 [ 7.88741928]
 [13.62149806]
 [ 6.68146399]
 [ 6.73840976]
 [ 6.88892202]
 [ 9.40213405]
 [12.95964429]
 [11.46412544]
 [ 8.30548197]
 [14.96971669]
 [11.23495085]
 [ 7.18758165]
 [ 7.45725478]
 [ 5.84006861]
 [ 7.94612394]
 [ 6.86061663]
 [ 8.59456957]
 [ 7.07939938]
 [ 8.83875917]
 [ 5.06589759]
 [13.76002005]
 [ 5.45703201]
 [ 5.75178058]
 [11.24687644]
 [12.30049067]
 [ 8.48009822]
 [12.6032072 ]
 [ 5.97046906]
 [ 6.31646933]
 [13.20754621]
 [ 9.04393293]
 [ 6.04597218]
 [11.44370113]
 [12.16415037]
 [10.03709964]
 [14.33488447]
 [10.62193443]
 [ 9.47286174]
 [ 6.14111388]
 [ 5.14785984]
 [ 9.02704775]
 [10.82337591]
 [10.54811004]
 [ 5.58779791]
 [11.36764923]
 [ 6.58816816]
 [ 6.35443246]
 [ 5.36686627]
 [ 8.85912992]
 [ 9.91271424]
 [ 6.67001511]
 [ 9.98646526]
 [14.81839189]
 [ 6.24484472]
 [ 7.95830469]
 [ 5.14435369]
 [ 5.54354013]
 [13.54814551]
 [ 5.02805997]
 [ 6.84908641]
 [ 8.3557438 ]
 [11.08135121]
 [ 7.59510479]
 [11.93978039]
 [ 6.04066193]
 [ 9.91285753]
 [ 5.66355503]
 [ 5.30767049]
 [ 8.52529174]
 [ 9.20954607]
 [ 7.86234353]
 [ 5.19850209]
 [ 7.29872285]
 [10.24696416]
 [14.76077542]
 [12.44451529]]
RG: [[500.]
 [500.]
 [500.]
 [500.]
 [500.]
 [500.]
 [500.]
 [500.]
 [500.]
 [500.]
 [500.]
 [500.]
 [500.]
 [500.]
 [500.]
 [500.]
 [500.]
 [500.]
 [500.]
 [500.]
 [500.]
 [500.]
 [500.]
 [500.]
 [500.]
 [500.]
 [500.]
 [500.]
 [500.]
 [500.]
 [500.]
 [500.]
 [500.]
 [500.]
 [500.]
 [500.]
 [500.]
 [500.]
 [500.]
 [500.]
 [500.]
 [500.]
 [500.]
 [500.]
 [500.]
 [500.]
 [500.]
 [500.]
 [500.]
 [500.]
 [500.]
 [500.]
 [500.]
 [500.]
 [500.]
 [500.]
 [500.]
 [500.]
 [500.]
 [500.]
 [500.]
 [500.]
 [500.]
 [500.]
 [500.]
 [500.]
 [500.]
 [500.]
 [500.]
 [500.]
 [500.]
 [500.]
 [500.]
 [500.]
 [500.]
 [500.]
 [500.]
 [500.]
 [500.]
 [500.]
 [500.]
 [500.]
 [500.]
 [500.]
 [500.]
 [500.]
 [500.]
 [500.]
 [500.]
 [500.]
 [500.]
 [500.]
 [500.]
 [500.]
 [500.]
 [500.]
 [500.]
 [500.]
 [500.]
 [500.]]
Ch: [[1.59701926 1.11658863 1.11879225 1.3563686  0.33700475 0.5028079
  1.36086799 1.67437121 0.43815372 0.3473479  0.51090222]
 [0.46466573 1.13025354 0.5038004  0.41247741 1.60240364 0.93045119
  0.42054015 1.15566511 1.1292234  0.71648569 0.5377845 ]
 [1.39610527 1.31276746 1.1464094  0.83761748 0.66502291 1.61530339
  1.02503185 0.31105068 1.18880751 1.16302179 0.58689464]
 [0.80830271 0.60608241 0.41866003 0.34228272 0.41783843 0.53975186
  0.82601781 0.76748464 0.76288593 1.40407559 0.30016247]
 [1.04046564 0.30382666 0.65644006 1.6210942  1.51576165 0.73264076
  1.37454784 1.07864663 0.37644834 0.88249789 1.62571664]
 [0.31227018 0.78916276 0.49648979 0.33961977 0.51659542 0.49641743
  0.35773457 0.89261325 0.36730233 0.87188243 0.53180287]
 [0.53111794 0.38048423 1.42420062 0.78706112 1.05460896 1.49624653
  0.32778101 1.3693982  0.63373051 0.81756524 1.16098214]
 [0.45343626 0.89484655 1.22801247 1.4856976  0.94133035 0.58114034
  0.34685238 0.3294946  0.49455965 1.24331049 1.20694657]
 [1.64394444 0.37528982 0.64549697 1.10838547 0.63013372 0.48186347
  0.87323054 1.20710919 0.52102054 1.36961602 0.95043387]
 [1.13425717 1.55406507 0.45047025 1.32967164 1.2143487  0.48356864
  0.41820771 1.53061589 0.92957031 0.95954209 0.71920372]]
Cv: [[0.         0.         0.         0.         0.         0.
  0.         0.         0.         0.        ]
 [1.14983517 0.87649049 0.79890314 0.37901609 0.3858329  0.65925901
  0.34149338 0.64193539 1.31198446 1.53994633]
 [1.19976729 0.33236734 0.49676732 0.37533652 0.49913298 0.33354636
  1.09004008 0.87340769 0.31417889 0.91693832]
 [0.39724818 0.4332107  0.32963611 0.61256622 0.48698203 1.34317052
  0.52323688 1.45778989 0.38154777 0.58155727]
 [0.34609563 1.61245604 0.83040145 0.57565613 0.32698667 0.31667605
  1.66837129 0.39654034 0.7809236  0.33693994]
 [0.50162376 1.23636097 1.08940589 0.53757589 0.7230591  0.42654401
  0.59871906 0.6519651  0.36416007 0.36032514]
 [1.21107756 1.14982999 1.46793299 1.24775068 0.98127437 0.88315006
  1.14721441 0.34455407 1.18584315 0.92057597]
 [0.46793463 0.50841715 0.37541325 0.37597073 1.06945568 1.00457847
  1.38846507 0.45078539 1.31651601 0.77382584]
 [0.66805072 0.38122682 0.61317876 0.48119783 0.8727276  0.74195851
  0.38551434 1.27478605 1.12747421 0.65130569]
 [1.64450782 0.60582403 0.42835064 0.85983457 0.6035961  0.3891648
  0.35408787 0.41326771 1.24016929 0.99528313]]
Rh: [[ 8.4457368   6.29344933  1.30460404  5.13718818  5.04144111  5.71319919
   1.92484324  1.5383216   2.119131   12.00209535  9.01105447]
 [ 5.97767683  2.03275909  1.16885561  7.5637567  17.76815652  5.52987182
   7.32215507  6.39323915 16.3913859  12.07660505  1.46965232]
 [13.65301282  3.85171065 16.32820231  6.30249261  3.88931613  5.84789082
   1.35660042  6.76325494  2.01883972  8.48348309  3.40163001]
 [ 1.41691536  3.11145398 15.86104766  6.64046188  1.09215456  4.84260296
   2.02680014  2.36894572  5.36390258  1.32388518  1.21314145]
 [ 1.7410854  15.01790162 17.11412476  4.6110538  15.58164465  4.56382237
   1.41699954  5.24913098 12.16581907  2.94369152  3.52780628]
 [ 1.40058833  4.377426   12.7161621   1.21254394 15.52519841  9.40689759
   4.01698354  7.77478082  2.06189404  2.15760518  1.96306436]
 [ 4.45660263  1.04289201  3.31662822  7.68953044  1.39519055 17.87430913
  11.74364467  4.09509305  7.57224882  5.13496024  3.82137313]
 [ 2.71970429  3.38293316  6.75707878  9.38790862 16.98709776  1.62077411
   2.61160173  3.18268514 15.82007766  3.64524835  6.73403969]
 [ 4.67945888  6.27463623  3.16569946  2.23798896  2.4713904  17.44882295
   8.28256643  9.90578568  1.6907991   3.45811627  9.73191136]
 [ 8.24846996  2.07343328  1.08223331  2.2861124   6.31661517 10.79931619
   7.82818224 14.45642376 14.84384046 13.69681073  3.83124069]]
Rv: [[ 6.3386261  18.74358763 15.57480271  9.22746797  1.60164145  3.05875371
   1.11378064 16.49809182 12.1293107   9.03619505]
 [11.22508703  4.65457063 12.82053709  5.73547127  9.83111399  9.79945715
  11.91207445  3.24682227  1.13639034  8.15777521]
 [ 2.33463252  5.24833196  3.79867063  4.77712689  2.86233484 15.82696432
   3.85755768 16.65665381  7.29418988 13.36775704]
 [16.73219311 16.8253444   2.06314977 17.01775243  4.51099055  4.57212621
   8.12543813  6.33390632  3.61951344  3.09266955]
 [16.02234964  6.76505579  3.53996469  8.34445497  1.74718443  2.0763555
   4.97993143  6.61606219  5.55761771  1.99429581]
 [ 6.19248135 10.21005686  2.06256456  6.83741548 14.0102099  11.61555239
  11.03970351  1.30128907  8.05317333  1.23880587]
 [ 4.02751785  5.68437215  1.37630745 11.26368411 16.8300195   1.37828939
   6.53302442  9.12702385  6.91937019  1.78273067]
 [ 1.26174146  2.03544571  1.01148677  7.67358302  5.9453277   6.2019205
   3.5713302   1.30720674  1.51498615  7.54244495]
 [ 1.90730904 16.61909748 10.73378332  2.99654377  1.96227064  8.84042522
   5.84791063  4.73354139  2.12701087 15.24155734]]