-------Running parameters--------
T = 0.0
gap = 0
M = 10
N = 10
VR = 0.0
Vmin = 0.0
Vmax = 4.0
vStep = 0.01
vSym = False
repeats = 20
fileName = array_10_10_c_disorder_run_1
dist = exp
fullOutput = True
use_graph = False
current_map = True
plot_current_map = False
plot_binary_current_map = False
dbg = False
resume = False
sc = False
leaping = False
constQ = False
modifyR = False
output_folder = 2d_array_bgu_with_perp_curr
params_path = 
VG_avg = 0.0
VG_std = 0.0
C_avg = 1.0
C_std = 0.7
CG_avg = 10.0
CG_std = 0.0
R_avg = 10.0
R_std = 0.0
custom_rh = ""
custom_rv = ""
custom_ch = ""
custom_cv = ""
RG_avg = 500.0
RG_std = 0.0
n0_avg = 0.0
n0_std = 0.0
Q0_avg = 0.0
Q0_std = 0.0
----Array Parameters-----
Rows: 10
Columns: 10
VG: [[0.]
 [0.]
 [0.]
 [0.]
 [0.]
 [0.]
 [0.]
 [0.]
 [0.]
 [0.]
 [0.]
 [0.]
 [0.]
 [0.]
 [0.]
 [0.]
 [0.]
 [0.]
 [0.]
 [0.]
 [0.]
 [0.]
 [0.]
 [0.]
 [0.]
 [0.]
 [0.]
 [0.]
 [0.]
 [0.]
 [0.]
 [0.]
 [0.]
 [0.]
 [0.]
 [0.]
 [0.]
 [0.]
 [0.]
 [0.]
 [0.]
 [0.]
 [0.]
 [0.]
 [0.]
 [0.]
 [0.]
 [0.]
 [0.]
 [0.]
 [0.]
 [0.]
 [0.]
 [0.]
 [0.]
 [0.]
 [0.]
 [0.]
 [0.]
 [0.]
 [0.]
 [0.]
 [0.]
 [0.]
 [0.]
 [0.]
 [0.]
 [0.]
 [0.]
 [0.]
 [0.]
 [0.]
 [0.]
 [0.]
 [0.]
 [0.]
 [0.]
 [0.]
 [0.]
 [0.]
 [0.]
 [0.]
 [0.]
 [0.]
 [0.]
 [0.]
 [0.]
 [0.]
 [0.]
 [0.]
 [0.]
 [0.]
 [0.]
 [0.]
 [0.]
 [0.]
 [0.]
 [0.]
 [0.]
 [0.]]
CG: [[10.]
 [10.]
 [10.]
 [10.]
 [10.]
 [10.]
 [10.]
 [10.]
 [10.]
 [10.]
 [10.]
 [10.]
 [10.]
 [10.]
 [10.]
 [10.]
 [10.]
 [10.]
 [10.]
 [10.]
 [10.]
 [10.]
 [10.]
 [10.]
 [10.]
 [10.]
 [10.]
 [10.]
 [10.]
 [10.]
 [10.]
 [10.]
 [10.]
 [10.]
 [10.]
 [10.]
 [10.]
 [10.]
 [10.]
 [10.]
 [10.]
 [10.]
 [10.]
 [10.]
 [10.]
 [10.]
 [10.]
 [10.]
 [10.]
 [10.]
 [10.]
 [10.]
 [10.]
 [10.]
 [10.]
 [10.]
 [10.]
 [10.]
 [10.]
 [10.]
 [10.]
 [10.]
 [10.]
 [10.]
 [10.]
 [10.]
 [10.]
 [10.]
 [10.]
 [10.]
 [10.]
 [10.]
 [10.]
 [10.]
 [10.]
 [10.]
 [10.]
 [10.]
 [10.]
 [10.]
 [10.]
 [10.]
 [10.]
 [10.]
 [10.]
 [10.]
 [10.]
 [10.]
 [10.]
 [10.]
 [10.]
 [10.]
 [10.]
 [10.]
 [10.]
 [10.]
 [10.]
 [10.]
 [10.]
 [10.]]
RG: [[500.]
 [500.]
 [500.]
 [500.]
 [500.]
 [500.]
 [500.]
 [500.]
 [500.]
 [500.]
 [500.]
 [500.]
 [500.]
 [500.]
 [500.]
 [500.]
 [500.]
 [500.]
 [500.]
 [500.]
 [500.]
 [500.]
 [500.]
 [500.]
 [500.]
 [500.]
 [500.]
 [500.]
 [500.]
 [500.]
 [500.]
 [500.]
 [500.]
 [500.]
 [500.]
 [500.]
 [500.]
 [500.]
 [500.]
 [500.]
 [500.]
 [500.]
 [500.]
 [500.]
 [500.]
 [500.]
 [500.]
 [500.]
 [500.]
 [500.]
 [500.]
 [500.]
 [500.]
 [500.]
 [500.]
 [500.]
 [500.]
 [500.]
 [500.]
 [500.]
 [500.]
 [500.]
 [500.]
 [500.]
 [500.]
 [500.]
 [500.]
 [500.]
 [500.]
 [500.]
 [500.]
 [500.]
 [500.]
 [500.]
 [500.]
 [500.]
 [500.]
 [500.]
 [500.]
 [500.]
 [500.]
 [500.]
 [500.]
 [500.]
 [500.]
 [500.]
 [500.]
 [500.]
 [500.]
 [500.]
 [500.]
 [500.]
 [500.]
 [500.]
 [500.]
 [500.]
 [500.]
 [500.]
 [500.]
 [500.]]
Ch: [[1.33933412 0.30963238 1.69714516 0.41845661 1.64426822 0.81791019
  1.10684207 1.00534082 0.4218602  0.52812237 1.37252454]
 [0.31909962 0.97041145 0.8582338  0.33691967 0.7447161  1.12112168
  0.78402211 1.35657065 1.38762723 1.06956818 0.63485372]
 [1.10176022 0.75892834 0.68334855 1.09577514 0.39973576 0.77079948
  0.73679678 0.37431693 0.70949836 1.45811403 1.07478977]
 [1.11591658 1.46018471 0.70121145 1.32716246 1.14191552 1.07805743
  0.34965262 1.38508182 0.61751215 0.6081262  1.44347848]
 [1.40925291 0.38696838 0.81975929 1.06002824 0.44628904 0.37587195
  0.85509854 0.90302206 0.62300171 0.5278676  1.06981723]
 [0.55714044 1.32568492 1.25033235 1.46295481 1.02244925 0.75257519
  0.97336583 1.41476294 1.61747495 1.56855929 1.0238991 ]
 [1.29196495 0.49124119 0.3497825  0.82157859 1.66174138 0.32124602
  0.7655091  0.34073171 0.32911254 0.65083172 0.30924308]
 [0.79406103 1.65730611 1.30319071 0.32959615 0.81095326 0.45507731
  0.30977022 1.0408213  1.59482334 0.68290493 0.42380206]
 [0.58084519 0.89287961 0.36770991 1.62827029 0.67789995 0.47711546
  1.35265643 1.29407839 0.32166832 0.92696581 0.96978861]
 [0.86275257 0.32209264 0.35030578 1.50463496 0.74021118 1.0977598
  1.18456771 0.36727651 0.39295943 0.88936833 1.46916838]]
Cv: [[0.         0.         0.         0.         0.         0.
  0.         0.         0.         0.        ]
 [0.94060584 0.62012636 1.36172673 0.99187998 0.41689393 0.58060028
  0.83675755 0.31973935 0.47193808 1.45139546]
 [1.18658243 0.89535765 0.62721465 1.0258568  0.93844757 1.27256971
  0.4351341  0.4407886  0.94465458 0.92875495]
 [1.09227137 0.74119257 1.04512136 0.40800539 0.96210484 0.4699435
  0.63814613 1.4769262  1.65018791 0.52364397]
 [0.77156246 0.40124978 1.27380348 0.97183884 0.32863538 0.39695171
  1.55909088 1.52880886 0.66319357 0.73031179]
 [1.3111113  0.31369716 1.10966268 0.6424532  0.64668373 0.44352695
  0.3695387  0.45080356 1.66737938 1.26978267]
 [1.24292368 0.39400973 1.22063806 1.14711189 0.47817823 0.65910066
  0.99491826 0.61607359 1.44532313 1.20392075]
 [0.7211989  0.34100244 0.44691894 0.35632301 0.37534152 0.9873992
  0.31401413 0.88752841 0.86846928 0.35238672]
 [1.01427375 0.65525369 1.39668882 0.72817011 0.36554181 0.45883634
  0.46126074 0.72222561 0.30194718 0.85274157]
 [0.91607362 1.4623027  0.42216562 0.88674168 0.32139268 0.81585565
  0.74594585 0.43279379 0.93656406 1.01510187]]
Rh: [[10. 10. 10. 10. 10. 10. 10. 10. 10. 10. 10.]
 [10. 10. 10. 10. 10. 10. 10. 10. 10. 10. 10.]
 [10. 10. 10. 10. 10. 10. 10. 10. 10. 10. 10.]
 [10. 10. 10. 10. 10. 10. 10. 10. 10. 10. 10.]
 [10. 10. 10. 10. 10. 10. 10. 10. 10. 10. 10.]
 [10. 10. 10. 10. 10. 10. 10. 10. 10. 10. 10.]
 [10. 10. 10. 10. 10. 10. 10. 10. 10. 10. 10.]
 [10. 10. 10. 10. 10. 10. 10. 10. 10. 10. 10.]
 [10. 10. 10. 10. 10. 10. 10. 10. 10. 10. 10.]
 [10. 10. 10. 10. 10. 10. 10. 10. 10. 10. 10.]]
Rv: [[10. 10. 10. 10. 10. 10. 10. 10. 10. 10.]
 [10. 10. 10. 10. 10. 10. 10. 10. 10. 10.]
 [10. 10. 10. 10. 10. 10. 10. 10. 10. 10.]
 [10. 10. 10. 10. 10. 10. 10. 10. 10. 10.]
 [10. 10. 10. 10. 10. 10. 10. 10. 10. 10.]
 [10. 10. 10. 10. 10. 10. 10. 10. 10. 10.]
 [10. 10. 10. 10. 10. 10. 10. 10. 10. 10.]
 [10. 10. 10. 10. 10. 10. 10. 10. 10. 10.]
 [10. 10. 10. 10. 10. 10. 10. 10. 10. 10.]]