-------Running parameters--------
T = 0.0
gap = 0
M = 10
N = 10
VR = 0.0
Vmin = 0.0
Vmax = 4.0
vStep = 0.01
vSym = False
repeats = 20
fileName = array_10_10_r_c_disorder_run_2
dist = exp
fullOutput = True
use_graph = False
current_map = True
plot_current_map = False
plot_binary_current_map = False
dbg = False
resume = False
sc = False
leaping = False
constQ = False
modifyR = False
output_folder = 2d_array_bgu_with_perp_curr
params_path = 
VG_avg = 0.0
VG_std = 0.0
C_avg = 1.0
C_std = 0.7
CG_avg = 10.0
CG_std = 0.0
R_avg = 10.0
R_std = 9.0
custom_rh = ""
custom_rv = ""
custom_ch = ""
custom_cv = ""
RG_avg = 500.0
RG_std = 0.0
n0_avg = 0.0
n0_std = 0.0
Q0_avg = 0.0
Q0_std = 0.0
----Array Parameters-----
Rows: 10
Columns: 10
VG: [[0.]
 [0.]
 [0.]
 [0.]
 [0.]
 [0.]
 [0.]
 [0.]
 [0.]
 [0.]
 [0.]
 [0.]
 [0.]
 [0.]
 [0.]
 [0.]
 [0.]
 [0.]
 [0.]
 [0.]
 [0.]
 [0.]
 [0.]
 [0.]
 [0.]
 [0.]
 [0.]
 [0.]
 [0.]
 [0.]
 [0.]
 [0.]
 [0.]
 [0.]
 [0.]
 [0.]
 [0.]
 [0.]
 [0.]
 [0.]
 [0.]
 [0.]
 [0.]
 [0.]
 [0.]
 [0.]
 [0.]
 [0.]
 [0.]
 [0.]
 [0.]
 [0.]
 [0.]
 [0.]
 [0.]
 [0.]
 [0.]
 [0.]
 [0.]
 [0.]
 [0.]
 [0.]
 [0.]
 [0.]
 [0.]
 [0.]
 [0.]
 [0.]
 [0.]
 [0.]
 [0.]
 [0.]
 [0.]
 [0.]
 [0.]
 [0.]
 [0.]
 [0.]
 [0.]
 [0.]
 [0.]
 [0.]
 [0.]
 [0.]
 [0.]
 [0.]
 [0.]
 [0.]
 [0.]
 [0.]
 [0.]
 [0.]
 [0.]
 [0.]
 [0.]
 [0.]
 [0.]
 [0.]
 [0.]
 [0.]]
CG: [[10.]
 [10.]
 [10.]
 [10.]
 [10.]
 [10.]
 [10.]
 [10.]
 [10.]
 [10.]
 [10.]
 [10.]
 [10.]
 [10.]
 [10.]
 [10.]
 [10.]
 [10.]
 [10.]
 [10.]
 [10.]
 [10.]
 [10.]
 [10.]
 [10.]
 [10.]
 [10.]
 [10.]
 [10.]
 [10.]
 [10.]
 [10.]
 [10.]
 [10.]
 [10.]
 [10.]
 [10.]
 [10.]
 [10.]
 [10.]
 [10.]
 [10.]
 [10.]
 [10.]
 [10.]
 [10.]
 [10.]
 [10.]
 [10.]
 [10.]
 [10.]
 [10.]
 [10.]
 [10.]
 [10.]
 [10.]
 [10.]
 [10.]
 [10.]
 [10.]
 [10.]
 [10.]
 [10.]
 [10.]
 [10.]
 [10.]
 [10.]
 [10.]
 [10.]
 [10.]
 [10.]
 [10.]
 [10.]
 [10.]
 [10.]
 [10.]
 [10.]
 [10.]
 [10.]
 [10.]
 [10.]
 [10.]
 [10.]
 [10.]
 [10.]
 [10.]
 [10.]
 [10.]
 [10.]
 [10.]
 [10.]
 [10.]
 [10.]
 [10.]
 [10.]
 [10.]
 [10.]
 [10.]
 [10.]
 [10.]]
RG: [[500.]
 [500.]
 [500.]
 [500.]
 [500.]
 [500.]
 [500.]
 [500.]
 [500.]
 [500.]
 [500.]
 [500.]
 [500.]
 [500.]
 [500.]
 [500.]
 [500.]
 [500.]
 [500.]
 [500.]
 [500.]
 [500.]
 [500.]
 [500.]
 [500.]
 [500.]
 [500.]
 [500.]
 [500.]
 [500.]
 [500.]
 [500.]
 [500.]
 [500.]
 [500.]
 [500.]
 [500.]
 [500.]
 [500.]
 [500.]
 [500.]
 [500.]
 [500.]
 [500.]
 [500.]
 [500.]
 [500.]
 [500.]
 [500.]
 [500.]
 [500.]
 [500.]
 [500.]
 [500.]
 [500.]
 [500.]
 [500.]
 [500.]
 [500.]
 [500.]
 [500.]
 [500.]
 [500.]
 [500.]
 [500.]
 [500.]
 [500.]
 [500.]
 [500.]
 [500.]
 [500.]
 [500.]
 [500.]
 [500.]
 [500.]
 [500.]
 [500.]
 [500.]
 [500.]
 [500.]
 [500.]
 [500.]
 [500.]
 [500.]
 [500.]
 [500.]
 [500.]
 [500.]
 [500.]
 [500.]
 [500.]
 [500.]
 [500.]
 [500.]
 [500.]
 [500.]
 [500.]
 [500.]
 [500.]
 [500.]]
Ch: [[1.49936792 1.08191431 1.23167646 0.31774847 0.30344768 0.35050219
  0.88181391 1.22049986 1.14645178 1.0469599  0.35719486]
 [1.65114695 0.46105026 0.55078993 1.21046137 0.33603575 0.35623292
  1.49785584 0.63294855 0.54708058 0.97233142 0.92157154]
 [1.64384779 1.06319993 0.83551318 1.53414511 1.67238538 1.30139804
  0.91309455 1.31355349 0.42382597 0.92224988 0.71538498]
 [0.31725229 0.98840405 0.36690019 0.58205729 0.44935875 0.87721051
  1.16297652 0.70983594 0.30010901 0.77662003 1.28032599]
 [0.32256018 0.69319808 0.3869983  1.5683588  0.42712342 0.59535217
  1.42799414 0.71871299 0.77124063 0.31422133 1.14500493]
 [0.81788281 0.3644221  1.50062963 0.41320762 0.34478423 0.31899389
  0.33846305 1.41569422 0.41449431 0.5103313  0.40515709]
 [1.23439623 0.625501   1.17094556 1.20550848 0.42909807 1.05992651
  0.4118942  0.35738005 0.40015668 0.73051118 0.43806627]
 [0.47548411 1.50649033 0.51459473 0.64196341 1.03100694 0.97932353
  0.60392699 1.01630448 0.96575691 0.35745447 0.35739011]
 [0.40847803 1.39504932 0.75785649 0.66776068 1.53466038 0.60282976
  0.32796769 0.30869347 0.35068455 0.38968183 0.58740078]
 [0.81562884 0.65754428 0.48445539 1.02036997 0.38060963 1.1337563
  1.64493032 0.30637764 0.39584597 0.41660343 0.57710586]]
Cv: [[0.         0.         0.         0.         0.         0.
  0.         0.         0.         0.        ]
 [0.39434859 0.77142852 1.39177313 1.1437983  0.71400685 1.25541905
  0.86807911 0.52535281 0.64099388 0.73871682]
 [0.30884984 1.01399023 0.32635512 1.02411855 1.42604391 0.47702263
  1.37724735 1.27708114 1.18106676 0.33853652]
 [0.30518504 1.10410702 1.32067978 1.03422646 1.04375826 0.39490024
  0.34213024 0.33618886 0.6717667  0.77480601]
 [0.46440388 1.61891711 0.61724469 0.66759199 1.0881497  1.30032291
  1.51206036 0.46196889 0.33073505 1.38014498]
 [1.11362697 0.37606552 1.53315265 0.65529566 0.30091563 0.73020756
  0.34861219 0.56036755 0.35720804 0.62819942]
 [0.70160071 0.68192483 1.30175447 0.47023931 0.5140132  0.37426538
  0.97710065 1.64279331 0.45645626 1.41282786]
 [0.49071186 0.67433377 1.39838929 0.4019762  0.33723951 0.86498779
  0.33275017 0.41444133 0.43928846 1.47388274]
 [0.69123644 0.35188087 1.12994099 1.43479925 0.9213821  0.31834121
  0.44328803 0.59165409 0.81999146 0.56001656]
 [0.50536838 0.6523245  1.38395381 0.36321533 0.84789689 0.56043259
  0.49021675 0.39212682 0.59554163 0.38804866]]
Rh: [[ 7.56954754  1.15335129 11.28022619  2.40231084 14.59678096  6.0890456
   1.33493843  7.80591873  8.37779693  2.82023373  2.54881523]
 [ 3.53568366  7.03075672  1.32550274  1.1815952   1.83989082  2.63663496
   1.01079957  1.00347485  3.79509432  3.45122707  2.38935471]
 [ 1.07952903 18.73646472  2.32239124 12.94637047  1.66566022  6.67829959
   1.54839821  8.11582968  1.18159487  5.86048512  8.08799623]
 [ 4.50450684  3.82332635  7.3378647   2.63444139 11.79046564 10.08664719
   1.99658348  1.19381201 18.03277303  4.69676857  2.18011862]
 [15.92324287  2.27891887  7.25957814  5.27521226  1.09172784  2.43686392
  14.63112763  8.31357519  1.73247385  8.5835415   9.30851852]
 [ 6.59153583 13.83231225  6.47407291  7.86561054  8.97407346  1.20036436
   1.61641298 17.78321525  1.2470776   5.05455788 15.72576797]
 [10.65492488 13.19620177  5.39367503  5.28434519  2.7859757   1.42118122
  14.56368976  2.31494418 16.63097339 17.23184099  2.34769888]
 [16.56876628  2.89764    14.28201472  1.72563246 14.46513497  1.35907976
  17.48170071 17.89589847  1.31934194  8.68117946  6.02103526]
 [ 2.39950979  3.16192904 18.05772743  7.40858286  6.73247562  1.27268415
   1.84125563  5.2184117   3.63802939  3.43121723 17.40546931]
 [ 3.01199306  1.45299926 15.21564979  2.35569164  6.39304542 12.09655522
   5.73911721  5.75759441  2.7657247   4.89711549  1.53040597]]
Rv: [[ 1.08483453  3.40902099 10.82783214  1.65035531 14.28994129 15.5717115
  12.07050944  7.4537125   2.47544081  6.12228444]
 [ 2.69366007  4.72036543  1.64019525 16.91688713 13.07774871  5.15964365
   3.5132773  12.74987593  1.18891354  9.58018031]
 [ 5.4337478   6.0582091   1.34322478  9.07861513 16.31782005  1.49019187
  10.44013104  3.56844809  4.24939082  1.0950685 ]
 [ 2.66767909  3.43536101  3.21889426  3.02101992  5.01270546  1.00202723
  14.6127378   5.0389275   7.92600445  1.17849604]
 [ 1.48440958  1.77046767 12.61593041 12.19360269  1.92713127  1.25830096
  17.48469064  1.34099393  3.41903702  5.79837961]
 [ 1.96865969  8.65668251  6.06662043 17.66587443  9.24786777 11.55773558
  16.0587814   2.48926219  4.50477222  6.16147217]
 [ 1.70967008 13.54929322  5.769628   16.3513136  10.61015488 13.6685009
   3.12446842  3.46660232  1.54133359  1.00267204]
 [ 1.84948175  7.07093864 11.153826    1.33765795  5.61222985  3.1992448
   2.91213776  4.70117224  3.42124786  1.23026328]
 [ 4.7065635   1.74424393  1.73321938  2.79823225  1.4292536  17.36757086
   3.02019416  2.70547332  3.17520282  1.678694  ]]