-------Running parameters--------
T = 0.0
gap = 0
M = 10
N = 10
VR = 0.0
Vmin = 0.0
Vmax = 4.0
vStep = 0.01
vSym = False
repeats = 20
fileName = array_10_10_r_vg_disorder_run_1
dist = exp
fullOutput = True
use_graph = False
current_map = True
plot_current_map = False
plot_binary_current_map = False
dbg = False
resume = False
sc = False
leaping = False
constQ = False
modifyR = False
output_folder = 2d_array_bgu_with_perp_curr
params_path = 
VG_avg = 0.0
VG_std = 5.0
C_avg = 1.0
C_std = 0.0
CG_avg = 10.0
CG_std = 0.0
R_avg = 10.0
R_std = 9.0
custom_rh = ""
custom_rv = ""
custom_ch = ""
custom_cv = ""
RG_avg = 500.0
RG_std = 0.0
n0_avg = 0.0
n0_std = 0.0
Q0_avg = 0.0
Q0_std = 0.0
----Array Parameters-----
Rows: 10
Columns: 10
VG: [[ 9.25059952e-01]
 [ 3.28032157e+00]
 [-3.48770641e+00]
 [-3.56190605e+00]
 [ 2.27222718e+00]
 [-4.01983455e-01]
 [-2.30417578e+00]
 [-2.43798505e-01]
 [ 4.52330909e+00]
 [ 2.50425643e+00]
 [ 4.19614349e+00]
 [-4.16962990e+00]
 [ 3.04430117e+00]
 [-2.18896508e+00]
 [-2.25795626e+00]
 [ 1.00072977e+00]
 [ 3.10254522e+00]
 [ 7.18255265e-01]
 [-6.43858768e-01]
 [ 4.00034163e+00]
 [-1.24020686e+00]
 [ 4.21097524e+00]
 [ 4.94804474e+00]
 [ 2.85423829e+00]
 [ 3.05510958e+00]
 [ 2.56805477e+00]
 [-2.90756999e+00]
 [ 5.71731965e-01]
 [-1.80930849e-01]
 [ 3.45731535e+00]
 [-3.43334402e+00]
 [ 4.22783246e-01]
 [ 1.20238668e+00]
 [ 1.04916104e+00]
 [-4.14064396e+00]
 [ 2.32841939e+00]
 [ 3.48497254e+00]
 [ 2.53475078e+00]
 [-1.30320742e+00]
 [ 5.65960078e-01]
 [-4.71527093e+00]
 [-3.42581974e-01]
 [ 6.86173053e-01]
 [-3.08009017e-01]
 [-7.37058833e-01]
 [-2.24001370e+00]
 [ 4.17916330e+00]
 [-4.46128463e+00]
 [ 4.32362999e+00]
 [-1.98478233e+00]
 [-3.10113904e-01]
 [ 4.19442000e+00]
 [-1.54753568e+00]
 [ 1.21270849e+00]
 [ 3.59329143e-01]
 [ 3.75965394e+00]
 [-2.27134506e+00]
 [-3.80214862e+00]
 [-1.66380924e+00]
 [-2.08115140e+00]
 [ 9.35087026e-01]
 [-2.50968522e+00]
 [-4.55865202e-01]
 [ 1.20368792e+00]
 [-3.87452042e+00]
 [ 3.80405502e+00]
 [ 4.74147288e+00]
 [-3.75773540e+00]
 [-4.53518148e+00]
 [ 1.86141533e+00]
 [ 3.48762765e+00]
 [-2.42029430e+00]
 [-2.69971428e-01]
 [-2.16872630e+00]
 [ 1.03996969e+00]
 [ 4.51622083e+00]
 [ 1.30303257e+00]
 [ 2.09414826e+00]
 [ 3.40272557e+00]
 [ 1.07024379e-03]
 [-2.88278763e+00]
 [ 2.88092292e+00]
 [ 4.28810084e+00]
 [ 4.91063053e+00]
 [ 2.37177577e+00]
 [-3.13105622e+00]
 [ 2.53540086e+00]
 [-4.59880987e+00]
 [-4.47420386e-01]
 [ 4.07273730e+00]
 [ 2.92829559e+00]
 [-2.33010121e+00]
 [-4.33795494e+00]
 [-3.45390066e+00]
 [-2.84973902e+00]
 [-4.23960846e+00]
 [-3.96579941e-02]
 [ 3.24460099e+00]
 [-2.55836463e+00]
 [ 1.61766420e+00]]
CG: [[10.]
 [10.]
 [10.]
 [10.]
 [10.]
 [10.]
 [10.]
 [10.]
 [10.]
 [10.]
 [10.]
 [10.]
 [10.]
 [10.]
 [10.]
 [10.]
 [10.]
 [10.]
 [10.]
 [10.]
 [10.]
 [10.]
 [10.]
 [10.]
 [10.]
 [10.]
 [10.]
 [10.]
 [10.]
 [10.]
 [10.]
 [10.]
 [10.]
 [10.]
 [10.]
 [10.]
 [10.]
 [10.]
 [10.]
 [10.]
 [10.]
 [10.]
 [10.]
 [10.]
 [10.]
 [10.]
 [10.]
 [10.]
 [10.]
 [10.]
 [10.]
 [10.]
 [10.]
 [10.]
 [10.]
 [10.]
 [10.]
 [10.]
 [10.]
 [10.]
 [10.]
 [10.]
 [10.]
 [10.]
 [10.]
 [10.]
 [10.]
 [10.]
 [10.]
 [10.]
 [10.]
 [10.]
 [10.]
 [10.]
 [10.]
 [10.]
 [10.]
 [10.]
 [10.]
 [10.]
 [10.]
 [10.]
 [10.]
 [10.]
 [10.]
 [10.]
 [10.]
 [10.]
 [10.]
 [10.]
 [10.]
 [10.]
 [10.]
 [10.]
 [10.]
 [10.]
 [10.]
 [10.]
 [10.]
 [10.]]
RG: [[500.]
 [500.]
 [500.]
 [500.]
 [500.]
 [500.]
 [500.]
 [500.]
 [500.]
 [500.]
 [500.]
 [500.]
 [500.]
 [500.]
 [500.]
 [500.]
 [500.]
 [500.]
 [500.]
 [500.]
 [500.]
 [500.]
 [500.]
 [500.]
 [500.]
 [500.]
 [500.]
 [500.]
 [500.]
 [500.]
 [500.]
 [500.]
 [500.]
 [500.]
 [500.]
 [500.]
 [500.]
 [500.]
 [500.]
 [500.]
 [500.]
 [500.]
 [500.]
 [500.]
 [500.]
 [500.]
 [500.]
 [500.]
 [500.]
 [500.]
 [500.]
 [500.]
 [500.]
 [500.]
 [500.]
 [500.]
 [500.]
 [500.]
 [500.]
 [500.]
 [500.]
 [500.]
 [500.]
 [500.]
 [500.]
 [500.]
 [500.]
 [500.]
 [500.]
 [500.]
 [500.]
 [500.]
 [500.]
 [500.]
 [500.]
 [500.]
 [500.]
 [500.]
 [500.]
 [500.]
 [500.]
 [500.]
 [500.]
 [500.]
 [500.]
 [500.]
 [500.]
 [500.]
 [500.]
 [500.]
 [500.]
 [500.]
 [500.]
 [500.]
 [500.]
 [500.]
 [500.]
 [500.]
 [500.]
 [500.]]
Ch: [[1. 1. 1. 1. 1. 1. 1. 1. 1. 1. 1.]
 [1. 1. 1. 1. 1. 1. 1. 1. 1. 1. 1.]
 [1. 1. 1. 1. 1. 1. 1. 1. 1. 1. 1.]
 [1. 1. 1. 1. 1. 1. 1. 1. 1. 1. 1.]
 [1. 1. 1. 1. 1. 1. 1. 1. 1. 1. 1.]
 [1. 1. 1. 1. 1. 1. 1. 1. 1. 1. 1.]
 [1. 1. 1. 1. 1. 1. 1. 1. 1. 1. 1.]
 [1. 1. 1. 1. 1. 1. 1. 1. 1. 1. 1.]
 [1. 1. 1. 1. 1. 1. 1. 1. 1. 1. 1.]
 [1. 1. 1. 1. 1. 1. 1. 1. 1. 1. 1.]]
Cv: [[0. 0. 0. 0. 0. 0. 0. 0. 0. 0.]
 [1. 1. 1. 1. 1. 1. 1. 1. 1. 1.]
 [1. 1. 1. 1. 1. 1. 1. 1. 1. 1.]
 [1. 1. 1. 1. 1. 1. 1. 1. 1. 1.]
 [1. 1. 1. 1. 1. 1. 1. 1. 1. 1.]
 [1. 1. 1. 1. 1. 1. 1. 1. 1. 1.]
 [1. 1. 1. 1. 1. 1. 1. 1. 1. 1.]
 [1. 1. 1. 1. 1. 1. 1. 1. 1. 1.]
 [1. 1. 1. 1. 1. 1. 1. 1. 1. 1.]
 [1. 1. 1. 1. 1. 1. 1. 1. 1. 1.]]
Rh: [[ 5.57563702 16.17817278  2.11963274 17.04116127  2.56725133  3.70940392
   7.56341257  6.44973255  3.48140511  1.08817639  1.00017566]
 [ 7.04323067  3.29338377  4.24690146 16.75143895  2.31308616  1.55893441
   1.07209494  6.33884168 18.51764017  7.50287623  1.07316001]
 [ 1.09734842 14.46426826 16.61200645  1.67316253  2.23481234  3.04313844
   3.41942761 10.36162913  2.08811461  3.97466168  5.24917914]
 [ 8.24525648  4.14669912  1.29558096  6.96203563  1.75955442  3.94216789
   2.59085295  1.11460962  4.90073909  1.22790956  4.238611  ]
 [10.08339929  3.21429741  5.25965234  3.20817125 17.52937969  9.41008891
   1.57957679  3.41349804  4.37769323  8.7165188  11.50688953]
 [ 8.27995766  5.77072353  7.25406475  5.12014481 13.74830013 11.59582841
  12.86631336  8.36064123  3.57251537  3.45470731  1.02476951]
 [16.55871564  2.53222739  3.491509    5.29382961 14.67065363 14.65759096
  11.21868136 16.41046051  9.0548517   1.37362828 10.04348696]
 [ 7.35471738  9.26417426  1.17837953 16.5763883   5.41466401  1.03863497
   1.64743841 11.64857405  3.55366987 18.90777778  1.65103701]
 [ 1.23344744  9.13311226  3.12761371  2.41048949 10.02634257  2.32011936
   4.19723662  2.61910909  9.74235107 10.43519464  3.22328557]
 [10.12666907 12.99097916 11.76104077  2.93949091  1.0714234  12.50900257
   2.43151752  2.00314112  4.45778372  2.30817418  3.87368468]]
Rv: [[ 5.08724945  2.54712622  1.2259421   9.12909568  2.48910349  5.21028482
   4.49391804 10.44648181 10.81914488  2.68314281]
 [ 1.21949455  4.14819876  3.61635798  6.58368631  8.47101045 13.93274874
   4.48392268 16.49923041 12.68999161  4.00477611]
 [ 2.56657369  1.68246736  1.64180452  5.46028741  4.52249774  5.31673364
  17.07130025  7.8452471   4.7217089   5.4222968 ]
 [ 1.39836856  3.074586    9.99251462  3.19167163  2.08224641  2.71868906
   1.57706332  5.49475565  4.91305011  1.21611816]
 [ 1.60858377  1.03951199 11.47978702  1.11116173  4.24618543  2.35716839
   5.123876    1.34915204  4.96868008  5.39387549]
 [ 9.45177914  2.06148385 17.28687703 14.10948784  7.57456553  1.71391688
   1.87314584  2.38925332  7.75282845  2.35305628]
 [ 1.46342787  3.33578473 15.96553833  1.75730052  2.19342238 14.06981056
   9.3229633   2.36669946  3.45169282  1.46737953]
 [ 6.11330219 11.7648956   1.69650533  1.38128887  2.80630822  9.97612267
  12.72939597  2.46276857  7.56299985 11.43682852]
 [ 4.18268399  1.40280587 10.42802751 12.0303862   1.46377583 16.84558294
   1.3158039   4.11225578  2.65894301  2.8383685 ]]