-------Running parameters--------
T = 0.0
gap = 0
M = 10
N = 10
VR = 0.0
Vmin = 0.0
Vmax = 4.0
vStep = 0.01
vSym = False
repeats = 20
fileName = array_10_10_r_disorder_run_2
dist = exp
fullOutput = True
use_graph = False
current_map = True
plot_current_map = False
plot_binary_current_map = False
dbg = False
resume = False
sc = False
leaping = False
constQ = False
modifyR = False
output_folder = 2d_array_bgu_with_perp_curr
params_path = 
VG_avg = 0.0
VG_std = 0.0
C_avg = 1.0
C_std = 0.0
CG_avg = 10.0
CG_std = 0.0
R_avg = 10.0
R_std = 9.0
custom_rh = ""
custom_rv = ""
custom_ch = ""
custom_cv = ""
RG_avg = 500.0
RG_std = 0.0
n0_avg = 0.0
n0_std = 0.0
Q0_avg = 0.0
Q0_std = 0.0
----Array Parameters-----
Rows: 10
Columns: 10
VG: [[0.]
 [0.]
 [0.]
 [0.]
 [0.]
 [0.]
 [0.]
 [0.]
 [0.]
 [0.]
 [0.]
 [0.]
 [0.]
 [0.]
 [0.]
 [0.]
 [0.]
 [0.]
 [0.]
 [0.]
 [0.]
 [0.]
 [0.]
 [0.]
 [0.]
 [0.]
 [0.]
 [0.]
 [0.]
 [0.]
 [0.]
 [0.]
 [0.]
 [0.]
 [0.]
 [0.]
 [0.]
 [0.]
 [0.]
 [0.]
 [0.]
 [0.]
 [0.]
 [0.]
 [0.]
 [0.]
 [0.]
 [0.]
 [0.]
 [0.]
 [0.]
 [0.]
 [0.]
 [0.]
 [0.]
 [0.]
 [0.]
 [0.]
 [0.]
 [0.]
 [0.]
 [0.]
 [0.]
 [0.]
 [0.]
 [0.]
 [0.]
 [0.]
 [0.]
 [0.]
 [0.]
 [0.]
 [0.]
 [0.]
 [0.]
 [0.]
 [0.]
 [0.]
 [0.]
 [0.]
 [0.]
 [0.]
 [0.]
 [0.]
 [0.]
 [0.]
 [0.]
 [0.]
 [0.]
 [0.]
 [0.]
 [0.]
 [0.]
 [0.]
 [0.]
 [0.]
 [0.]
 [0.]
 [0.]
 [0.]]
CG: [[10.]
 [10.]
 [10.]
 [10.]
 [10.]
 [10.]
 [10.]
 [10.]
 [10.]
 [10.]
 [10.]
 [10.]
 [10.]
 [10.]
 [10.]
 [10.]
 [10.]
 [10.]
 [10.]
 [10.]
 [10.]
 [10.]
 [10.]
 [10.]
 [10.]
 [10.]
 [10.]
 [10.]
 [10.]
 [10.]
 [10.]
 [10.]
 [10.]
 [10.]
 [10.]
 [10.]
 [10.]
 [10.]
 [10.]
 [10.]
 [10.]
 [10.]
 [10.]
 [10.]
 [10.]
 [10.]
 [10.]
 [10.]
 [10.]
 [10.]
 [10.]
 [10.]
 [10.]
 [10.]
 [10.]
 [10.]
 [10.]
 [10.]
 [10.]
 [10.]
 [10.]
 [10.]
 [10.]
 [10.]
 [10.]
 [10.]
 [10.]
 [10.]
 [10.]
 [10.]
 [10.]
 [10.]
 [10.]
 [10.]
 [10.]
 [10.]
 [10.]
 [10.]
 [10.]
 [10.]
 [10.]
 [10.]
 [10.]
 [10.]
 [10.]
 [10.]
 [10.]
 [10.]
 [10.]
 [10.]
 [10.]
 [10.]
 [10.]
 [10.]
 [10.]
 [10.]
 [10.]
 [10.]
 [10.]
 [10.]]
RG: [[500.]
 [500.]
 [500.]
 [500.]
 [500.]
 [500.]
 [500.]
 [500.]
 [500.]
 [500.]
 [500.]
 [500.]
 [500.]
 [500.]
 [500.]
 [500.]
 [500.]
 [500.]
 [500.]
 [500.]
 [500.]
 [500.]
 [500.]
 [500.]
 [500.]
 [500.]
 [500.]
 [500.]
 [500.]
 [500.]
 [500.]
 [500.]
 [500.]
 [500.]
 [500.]
 [500.]
 [500.]
 [500.]
 [500.]
 [500.]
 [500.]
 [500.]
 [500.]
 [500.]
 [500.]
 [500.]
 [500.]
 [500.]
 [500.]
 [500.]
 [500.]
 [500.]
 [500.]
 [500.]
 [500.]
 [500.]
 [500.]
 [500.]
 [500.]
 [500.]
 [500.]
 [500.]
 [500.]
 [500.]
 [500.]
 [500.]
 [500.]
 [500.]
 [500.]
 [500.]
 [500.]
 [500.]
 [500.]
 [500.]
 [500.]
 [500.]
 [500.]
 [500.]
 [500.]
 [500.]
 [500.]
 [500.]
 [500.]
 [500.]
 [500.]
 [500.]
 [500.]
 [500.]
 [500.]
 [500.]
 [500.]
 [500.]
 [500.]
 [500.]
 [500.]
 [500.]
 [500.]
 [500.]
 [500.]
 [500.]]
Ch: [[1. 1. 1. 1. 1. 1. 1. 1. 1. 1. 1.]
 [1. 1. 1. 1. 1. 1. 1. 1. 1. 1. 1.]
 [1. 1. 1. 1. 1. 1. 1. 1. 1. 1. 1.]
 [1. 1. 1. 1. 1. 1. 1. 1. 1. 1. 1.]
 [1. 1. 1. 1. 1. 1. 1. 1. 1. 1. 1.]
 [1. 1. 1. 1. 1. 1. 1. 1. 1. 1. 1.]
 [1. 1. 1. 1. 1. 1. 1. 1. 1. 1. 1.]
 [1. 1. 1. 1. 1. 1. 1. 1. 1. 1. 1.]
 [1. 1. 1. 1. 1. 1. 1. 1. 1. 1. 1.]
 [1. 1. 1. 1. 1. 1. 1. 1. 1. 1. 1.]]
Cv: [[0. 0. 0. 0. 0. 0. 0. 0. 0. 0.]
 [1. 1. 1. 1. 1. 1. 1. 1. 1. 1.]
 [1. 1. 1. 1. 1. 1. 1. 1. 1. 1.]
 [1. 1. 1. 1. 1. 1. 1. 1. 1. 1.]
 [1. 1. 1. 1. 1. 1. 1. 1. 1. 1.]
 [1. 1. 1. 1. 1. 1. 1. 1. 1. 1.]
 [1. 1. 1. 1. 1. 1. 1. 1. 1. 1.]
 [1. 1. 1. 1. 1. 1. 1. 1. 1. 1.]
 [1. 1. 1. 1. 1. 1. 1. 1. 1. 1.]
 [1. 1. 1. 1. 1. 1. 1. 1. 1. 1.]]
Rh: [[ 9.37869853  7.53025328  4.21029058  8.30469968  1.90729059  3.7102193
   5.07769445  2.6151473   1.71485901  9.81556706  2.67088785]
 [ 9.17024914  3.0923809   4.51130129  1.11891519  2.59473671  1.85987068
   1.10639471  5.07826064  1.73584749  5.5468685   6.26341419]
 [ 1.83461888  1.0896141   1.68837997  1.14489021  1.05108721 17.18762171
   8.27166236  1.94026766  7.34711922  5.71557737  3.97911815]
 [ 3.03986107 16.45808801  6.09693756  2.54373658  2.91285573  4.05890247
  15.8139631  18.46479493 13.47281221  1.58174268  2.07435283]
 [ 4.58178531  1.07872749  4.52462493  1.12523893  1.06254651 13.10032496
   3.29769264  4.19596303 11.44583963 11.52446547  2.82781187]
 [15.88273526  3.37174413 17.53987131 16.40322355  1.47106957  2.96275354
   3.58774113  2.40224519  2.96183811  3.37844617  7.13984297]
 [ 5.94646296  1.35904166  6.87338599  5.70955013  2.34169315  2.94261743
   2.15372437  2.07697926 18.62082508  1.7674595   4.18720317]
 [15.55160094  7.30005202  2.98542027  4.91560179  8.93729128 13.04560578
   7.23802618 17.07668124  1.26791576  8.26358436  9.71234361]
 [ 1.24168339  6.48817822  1.20774738  1.46638597  2.15677716  2.85591549
   3.16522384  4.5992971   4.32418315  2.50903801  6.54748341]
 [ 2.59079761 17.86129156  3.77412604 16.48286262  2.29736157  7.22757401
   1.86821328  5.20349494  3.25528874  7.91081318  1.48339615]]
Rv: [[ 3.04449675  4.90655237 15.57435838  2.38242737  5.87685333  6.9352631
  13.69714066 12.87997471  7.2024546  10.77057222]
 [ 9.37975715 10.10180203  7.75218143  3.5211055  15.87993557  1.4669968
   1.89556392  3.23309802  2.09044569 14.60395755]
 [ 4.55378676  2.40763325  2.770995    2.2951011   4.95813007  1.61811426
   1.06899586 13.85636807  3.02465138  7.81905496]
 [13.00656436  6.53380682 14.3552105  10.56713766  1.35837802  6.9737176
   4.74763135  2.8101878   1.47661276 13.22950908]
 [11.35491556  9.29867247 16.02700847  2.53721662  3.0710221   3.35378863
   9.60970326  9.97103026 16.98168356  3.71542712]
 [ 1.89037912 13.69075028  1.73245768 14.30454977 18.39357868  5.23944207
   2.04279204 16.21911748  3.51797721  1.88075797]
 [ 5.65722854  1.12925894  2.62577429  1.50440467  3.99612881  9.51361915
   6.99701585  4.81020997 17.08929974  1.1555712 ]
 [ 1.57085054 18.03757916  4.06490682 16.15291376  2.50669855  1.89566953
   4.13214969  5.97791722  8.94163956  1.98436301]
 [ 1.80854481  6.59103758  2.95628979  1.34326093 17.33420553  4.31791544
   1.48963053  5.57933867  3.28783857  3.39117585]]