-------Running parameters--------
T = 0.0
gap = 0
M = 10
N = 10
VR = 0.0
Vmin = 0.0
Vmax = 4.0
vStep = 0.01
vSym = False
repeats = 20
fileName = array_10_10_r_cg_disorder_run_1
dist = exp
fullOutput = True
use_graph = False
current_map = True
plot_current_map = False
plot_binary_current_map = False
dbg = False
resume = False
sc = False
leaping = False
constQ = False
modifyR = False
output_folder = 2d_array_bgu_with_perp_curr
params_path = 
VG_avg = 0.0
VG_std = 0.0
C_avg = 1.0
C_std = 0.0
CG_avg = 10.0
CG_std = 5.0
R_avg = 10.0
R_std = 9.0
custom_rh = ""
custom_rv = ""
custom_ch = ""
custom_cv = ""
RG_avg = 500.0
RG_std = 0.0
n0_avg = 0.0
n0_std = 0.0
Q0_avg = 0.0
Q0_std = 0.0
----Array Parameters-----
Rows: 10
Columns: 10
VG: [[0.]
 [0.]
 [0.]
 [0.]
 [0.]
 [0.]
 [0.]
 [0.]
 [0.]
 [0.]
 [0.]
 [0.]
 [0.]
 [0.]
 [0.]
 [0.]
 [0.]
 [0.]
 [0.]
 [0.]
 [0.]
 [0.]
 [0.]
 [0.]
 [0.]
 [0.]
 [0.]
 [0.]
 [0.]
 [0.]
 [0.]
 [0.]
 [0.]
 [0.]
 [0.]
 [0.]
 [0.]
 [0.]
 [0.]
 [0.]
 [0.]
 [0.]
 [0.]
 [0.]
 [0.]
 [0.]
 [0.]
 [0.]
 [0.]
 [0.]
 [0.]
 [0.]
 [0.]
 [0.]
 [0.]
 [0.]
 [0.]
 [0.]
 [0.]
 [0.]
 [0.]
 [0.]
 [0.]
 [0.]
 [0.]
 [0.]
 [0.]
 [0.]
 [0.]
 [0.]
 [0.]
 [0.]
 [0.]
 [0.]
 [0.]
 [0.]
 [0.]
 [0.]
 [0.]
 [0.]
 [0.]
 [0.]
 [0.]
 [0.]
 [0.]
 [0.]
 [0.]
 [0.]
 [0.]
 [0.]
 [0.]
 [0.]
 [0.]
 [0.]
 [0.]
 [0.]
 [0.]
 [0.]
 [0.]
 [0.]]
CG: [[ 5.90266568]
 [10.7424551 ]
 [ 6.73412145]
 [12.39324489]
 [ 8.24462397]
 [11.1911136 ]
 [11.92545192]
 [ 5.16761657]
 [ 8.99059726]
 [ 6.72237321]
 [13.55601217]
 [ 6.13424677]
 [14.93655635]
 [ 6.35335145]
 [14.17680226]
 [ 9.88465565]
 [ 5.1561475 ]
 [ 5.774143  ]
 [11.36827843]
 [11.67902951]
 [ 7.61302909]
 [ 6.78969479]
 [14.54754441]
 [ 7.051916  ]
 [ 6.40163451]
 [10.52352331]
 [10.8421419 ]
 [ 6.54002485]
 [ 5.59334088]
 [ 6.73666568]
 [ 5.2001644 ]
 [ 6.73964235]
 [14.0826016 ]
 [ 7.74507851]
 [ 8.63672008]
 [ 8.36123258]
 [11.39002047]
 [ 9.57319195]
 [ 9.33037596]
 [ 5.97937108]
 [13.74460124]
 [ 8.60147629]
 [ 7.88498858]
 [ 5.54678432]
 [ 6.13655216]
 [ 7.58930896]
 [14.93273202]
 [ 8.02822244]
 [14.00287263]
 [ 5.13326399]
 [ 6.07214508]
 [12.76847638]
 [ 7.31135794]
 [ 5.53923541]
 [ 5.24097028]
 [10.55843552]
 [ 7.01019119]
 [13.67392922]
 [ 5.08348508]
 [12.58781427]
 [ 5.2156163 ]
 [ 7.13859877]
 [11.0330042 ]
 [ 5.44327532]
 [ 8.44569471]
 [12.85476317]
 [ 9.3111595 ]
 [ 6.85956092]
 [ 7.27472239]
 [ 9.92722911]
 [ 6.69087908]
 [12.3419375 ]
 [ 6.21451213]
 [ 5.71350086]
 [ 5.71084247]
 [ 6.32462957]
 [ 7.32140759]
 [ 8.13386103]
 [14.42237979]
 [ 9.98324207]
 [ 5.13443186]
 [ 8.53449404]
 [ 5.79366726]
 [11.69390301]
 [13.85456603]
 [ 5.55993366]
 [ 9.46090377]
 [ 7.36844848]
 [ 8.21324292]
 [ 7.87873092]
 [ 7.91352812]
 [ 5.19550886]
 [ 8.5428997 ]
 [12.57963334]
 [ 5.24531684]
 [10.88530074]
 [ 6.09382733]
 [ 8.17500933]
 [10.82466632]
 [ 5.4273726 ]]
RG: [[500.]
 [500.]
 [500.]
 [500.]
 [500.]
 [500.]
 [500.]
 [500.]
 [500.]
 [500.]
 [500.]
 [500.]
 [500.]
 [500.]
 [500.]
 [500.]
 [500.]
 [500.]
 [500.]
 [500.]
 [500.]
 [500.]
 [500.]
 [500.]
 [500.]
 [500.]
 [500.]
 [500.]
 [500.]
 [500.]
 [500.]
 [500.]
 [500.]
 [500.]
 [500.]
 [500.]
 [500.]
 [500.]
 [500.]
 [500.]
 [500.]
 [500.]
 [500.]
 [500.]
 [500.]
 [500.]
 [500.]
 [500.]
 [500.]
 [500.]
 [500.]
 [500.]
 [500.]
 [500.]
 [500.]
 [500.]
 [500.]
 [500.]
 [500.]
 [500.]
 [500.]
 [500.]
 [500.]
 [500.]
 [500.]
 [500.]
 [500.]
 [500.]
 [500.]
 [500.]
 [500.]
 [500.]
 [500.]
 [500.]
 [500.]
 [500.]
 [500.]
 [500.]
 [500.]
 [500.]
 [500.]
 [500.]
 [500.]
 [500.]
 [500.]
 [500.]
 [500.]
 [500.]
 [500.]
 [500.]
 [500.]
 [500.]
 [500.]
 [500.]
 [500.]
 [500.]
 [500.]
 [500.]
 [500.]
 [500.]]
Ch: [[1. 1. 1. 1. 1. 1. 1. 1. 1. 1. 1.]
 [1. 1. 1. 1. 1. 1. 1. 1. 1. 1. 1.]
 [1. 1. 1. 1. 1. 1. 1. 1. 1. 1. 1.]
 [1. 1. 1. 1. 1. 1. 1. 1. 1. 1. 1.]
 [1. 1. 1. 1. 1. 1. 1. 1. 1. 1. 1.]
 [1. 1. 1. 1. 1. 1. 1. 1. 1. 1. 1.]
 [1. 1. 1. 1. 1. 1. 1. 1. 1. 1. 1.]
 [1. 1. 1. 1. 1. 1. 1. 1. 1. 1. 1.]
 [1. 1. 1. 1. 1. 1. 1. 1. 1. 1. 1.]
 [1. 1. 1. 1. 1. 1. 1. 1. 1. 1. 1.]]
Cv: [[0. 0. 0. 0. 0. 0. 0. 0. 0. 0.]
 [1. 1. 1. 1. 1. 1. 1. 1. 1. 1.]
 [1. 1. 1. 1. 1. 1. 1. 1. 1. 1.]
 [1. 1. 1. 1. 1. 1. 1. 1. 1. 1.]
 [1. 1. 1. 1. 1. 1. 1. 1. 1. 1.]
 [1. 1. 1. 1. 1. 1. 1. 1. 1. 1.]
 [1. 1. 1. 1. 1. 1. 1. 1. 1. 1.]
 [1. 1. 1. 1. 1. 1. 1. 1. 1. 1.]
 [1. 1. 1. 1. 1. 1. 1. 1. 1. 1.]
 [1. 1. 1. 1. 1. 1. 1. 1. 1. 1.]]
Rh: [[ 3.13850397  2.56291851  3.52147321  7.70808441  2.42294486 15.445443
  11.28194798  2.51311541 18.06693841  5.16267064  1.97321564]
 [ 2.16772498  2.04436503  2.3930402  16.07774808  8.67149485  2.69308976
   3.56928768  3.93973486  9.22606     1.37874196  1.62556808]
 [ 1.15412948  9.27698166 16.65580478  1.61870012 13.29683002  3.72862436
  17.51070116  4.48821984  5.93626669  2.75496296  1.21654132]
 [ 1.04520958  7.05728791  4.20083852 10.59743595  4.56340458  2.28070884
   2.84980038  6.09644809  4.3177157   4.92146375 13.29819664]
 [ 1.62028181  1.72217682  7.08748714  1.12894314 14.03677996 16.39298164
   1.2472981   4.9663024   3.03190027  1.33600793  1.02135955]
 [ 5.3386624   5.18841858  3.74469968 18.44109674  1.73540756  5.07021237
   4.65480107  1.13570583 17.89718022 15.58345955  2.138746  ]
 [13.45450536  2.06626627 13.9330686   4.36954525  2.81085504  9.11649777
   1.40011091  3.69079489  9.28734453  3.17827817 11.72339362]
 [16.98958778  1.11523232  6.45485108 10.73814895  1.04681888 11.86840879
   2.1177528   3.07756535  7.54107697  3.14722599  1.11825262]
 [12.84751229  5.17154837 15.15125245  4.04203906  5.75988483  4.24376082
  10.23350903 18.87466859  1.63569364 16.95594323  3.51073376]
 [ 1.91981907 18.80318312  1.16515267  2.02003462  6.1505934   9.12040226
   4.14055969  5.77154217  1.14557981  1.10516557  5.11436878]]
Rv: [[ 2.76714151  3.32677198  1.66733167  1.10583799  7.22283481  1.62556364
   2.31935453  2.92874842  4.31223585  7.32937971]
 [ 7.82442051  5.99666868  8.17582931  4.69431694  1.1453321  17.28329892
   9.30796477  8.8064782   2.26783071  4.85041832]
 [17.7548076   4.31825697 15.83609486  6.20946276  2.58673031  2.48562087
   3.24971515  2.33867022  1.96960904  2.66105281]
 [ 8.29429951 16.06478701 14.54267964  2.34979276  5.4747968   3.51514119
   1.20360088 12.00080189  1.73623026  5.79858251]
 [18.14704657  7.17405753  1.99069807  1.25719902  2.2236176   1.85301931
   6.47905885 13.2242353  12.2985134  13.52200248]
 [ 2.00306244 14.5798989  12.83114327  7.19162929 11.22605034 14.28126715
   1.55267072  3.52130434 16.38191331  2.43296039]
 [ 2.90448261  1.38655844 14.69894     3.65022213 14.32612161 17.11312611
   8.67050392  1.01920101  1.824577    2.56594507]
 [ 5.95008285  6.18318346  6.89505407  1.25625194  8.04736     8.91049856
  17.94151559  6.46903567  3.31512739  1.57695542]
 [ 2.82982352  1.40234026  1.7522963   3.62934857  3.54100776  1.34590144
  16.81904235  9.43446117 11.33225275  6.62646938]]