-------Running parameters--------
T = 0.0
gap = 0
M = 10
N = 10
VR = 0.0
Vmin = 0.0
Vmax = 4.0
vStep = 0.01
vSym = False
repeats = 20
fileName = array_10_10_r_disorder_run_1
dist = exp
fullOutput = True
use_graph = False
current_map = True
plot_current_map = False
plot_binary_current_map = False
dbg = False
resume = False
sc = False
leaping = False
constQ = False
modifyR = False
output_folder = 2d_array_bgu_with_perp_curr
params_path = 
VG_avg = 0.0
VG_std = 0.0
C_avg = 1.0
C_std = 0.0
CG_avg = 10.0
CG_std = 0.0
R_avg = 10.0
R_std = 9.0
custom_rh = ""
custom_rv = ""
custom_ch = ""
custom_cv = ""
RG_avg = 500.0
RG_std = 0.0
n0_avg = 0.0
n0_std = 0.0
Q0_avg = 0.0
Q0_std = 0.0
----Array Parameters-----
Rows: 10
Columns: 10
VG: [[0.]
 [0.]
 [0.]
 [0.]
 [0.]
 [0.]
 [0.]
 [0.]
 [0.]
 [0.]
 [0.]
 [0.]
 [0.]
 [0.]
 [0.]
 [0.]
 [0.]
 [0.]
 [0.]
 [0.]
 [0.]
 [0.]
 [0.]
 [0.]
 [0.]
 [0.]
 [0.]
 [0.]
 [0.]
 [0.]
 [0.]
 [0.]
 [0.]
 [0.]
 [0.]
 [0.]
 [0.]
 [0.]
 [0.]
 [0.]
 [0.]
 [0.]
 [0.]
 [0.]
 [0.]
 [0.]
 [0.]
 [0.]
 [0.]
 [0.]
 [0.]
 [0.]
 [0.]
 [0.]
 [0.]
 [0.]
 [0.]
 [0.]
 [0.]
 [0.]
 [0.]
 [0.]
 [0.]
 [0.]
 [0.]
 [0.]
 [0.]
 [0.]
 [0.]
 [0.]
 [0.]
 [0.]
 [0.]
 [0.]
 [0.]
 [0.]
 [0.]
 [0.]
 [0.]
 [0.]
 [0.]
 [0.]
 [0.]
 [0.]
 [0.]
 [0.]
 [0.]
 [0.]
 [0.]
 [0.]
 [0.]
 [0.]
 [0.]
 [0.]
 [0.]
 [0.]
 [0.]
 [0.]
 [0.]
 [0.]]
CG: [[10.]
 [10.]
 [10.]
 [10.]
 [10.]
 [10.]
 [10.]
 [10.]
 [10.]
 [10.]
 [10.]
 [10.]
 [10.]
 [10.]
 [10.]
 [10.]
 [10.]
 [10.]
 [10.]
 [10.]
 [10.]
 [10.]
 [10.]
 [10.]
 [10.]
 [10.]
 [10.]
 [10.]
 [10.]
 [10.]
 [10.]
 [10.]
 [10.]
 [10.]
 [10.]
 [10.]
 [10.]
 [10.]
 [10.]
 [10.]
 [10.]
 [10.]
 [10.]
 [10.]
 [10.]
 [10.]
 [10.]
 [10.]
 [10.]
 [10.]
 [10.]
 [10.]
 [10.]
 [10.]
 [10.]
 [10.]
 [10.]
 [10.]
 [10.]
 [10.]
 [10.]
 [10.]
 [10.]
 [10.]
 [10.]
 [10.]
 [10.]
 [10.]
 [10.]
 [10.]
 [10.]
 [10.]
 [10.]
 [10.]
 [10.]
 [10.]
 [10.]
 [10.]
 [10.]
 [10.]
 [10.]
 [10.]
 [10.]
 [10.]
 [10.]
 [10.]
 [10.]
 [10.]
 [10.]
 [10.]
 [10.]
 [10.]
 [10.]
 [10.]
 [10.]
 [10.]
 [10.]
 [10.]
 [10.]
 [10.]]
RG: [[500.]
 [500.]
 [500.]
 [500.]
 [500.]
 [500.]
 [500.]
 [500.]
 [500.]
 [500.]
 [500.]
 [500.]
 [500.]
 [500.]
 [500.]
 [500.]
 [500.]
 [500.]
 [500.]
 [500.]
 [500.]
 [500.]
 [500.]
 [500.]
 [500.]
 [500.]
 [500.]
 [500.]
 [500.]
 [500.]
 [500.]
 [500.]
 [500.]
 [500.]
 [500.]
 [500.]
 [500.]
 [500.]
 [500.]
 [500.]
 [500.]
 [500.]
 [500.]
 [500.]
 [500.]
 [500.]
 [500.]
 [500.]
 [500.]
 [500.]
 [500.]
 [500.]
 [500.]
 [500.]
 [500.]
 [500.]
 [500.]
 [500.]
 [500.]
 [500.]
 [500.]
 [500.]
 [500.]
 [500.]
 [500.]
 [500.]
 [500.]
 [500.]
 [500.]
 [500.]
 [500.]
 [500.]
 [500.]
 [500.]
 [500.]
 [500.]
 [500.]
 [500.]
 [500.]
 [500.]
 [500.]
 [500.]
 [500.]
 [500.]
 [500.]
 [500.]
 [500.]
 [500.]
 [500.]
 [500.]
 [500.]
 [500.]
 [500.]
 [500.]
 [500.]
 [500.]
 [500.]
 [500.]
 [500.]
 [500.]]
Ch: [[1. 1. 1. 1. 1. 1. 1. 1. 1. 1. 1.]
 [1. 1. 1. 1. 1. 1. 1. 1. 1. 1. 1.]
 [1. 1. 1. 1. 1. 1. 1. 1. 1. 1. 1.]
 [1. 1. 1. 1. 1. 1. 1. 1. 1. 1. 1.]
 [1. 1. 1. 1. 1. 1. 1. 1. 1. 1. 1.]
 [1. 1. 1. 1. 1. 1. 1. 1. 1. 1. 1.]
 [1. 1. 1. 1. 1. 1. 1. 1. 1. 1. 1.]
 [1. 1. 1. 1. 1. 1. 1. 1. 1. 1. 1.]
 [1. 1. 1. 1. 1. 1. 1. 1. 1. 1. 1.]
 [1. 1. 1. 1. 1. 1. 1. 1. 1. 1. 1.]]
Cv: [[0. 0. 0. 0. 0. 0. 0. 0. 0. 0.]
 [1. 1. 1. 1. 1. 1. 1. 1. 1. 1.]
 [1. 1. 1. 1. 1. 1. 1. 1. 1. 1.]
 [1. 1. 1. 1. 1. 1. 1. 1. 1. 1.]
 [1. 1. 1. 1. 1. 1. 1. 1. 1. 1.]
 [1. 1. 1. 1. 1. 1. 1. 1. 1. 1.]
 [1. 1. 1. 1. 1. 1. 1. 1. 1. 1.]
 [1. 1. 1. 1. 1. 1. 1. 1. 1. 1.]
 [1. 1. 1. 1. 1. 1. 1. 1. 1. 1.]
 [1. 1. 1. 1. 1. 1. 1. 1. 1. 1.]]
Rh: [[ 1.53216689  2.91794211 16.02162943 11.32330572 11.51470222  2.8790274
   3.81993598  7.44859666 16.60195757  4.88533055  2.4920816 ]
 [ 3.30091366 11.3293521  14.35353866 14.62748774  8.15138668  2.10723025
   5.01882896 16.27543434 16.9028813   1.6897128  10.94037908]
 [ 3.11972527  1.83257541 16.93663874 14.02224423  1.12557044  6.68225858
   1.1520602   2.27301977  1.74626975  3.54061564  1.74775677]
 [16.2252616   4.91508416  2.16787887  1.47079537  1.04731706  5.54030393
   8.9330012   1.4064107   2.86708373  1.41971534  5.2272001 ]
 [ 1.67804909  1.66147168  2.51558914  1.13774871  8.95529244  1.57200665
   2.8874451   2.19644436  2.95344902 14.41082294 12.49208502]
 [ 4.94467215 12.06684376  1.37540197  1.74397015  1.52580763  4.7161337
   2.61107306  7.81549634  7.5194909   1.1874328   2.02788519]
 [ 6.67608197  3.01464786  3.41967928  5.66103626  8.24096897  1.72200282
   2.1896314  17.45751136  9.95123266 17.72587097  5.51153751]
 [ 1.65364711  1.01081668 16.5499889   1.57399397  5.16689205  3.05868508
  10.83094684  2.16822127 11.77559048  4.43144193  1.33008346]
 [ 2.74458026 17.07659331 16.91288086  1.23628946 16.95381331  1.10262949
   2.6879971  11.10120207  1.67103121  1.99741054  5.48522252]
 [ 2.82996655 10.50051168  5.26142437  9.13993448  1.58945476 10.48728275
  14.41258956  1.30414301  1.76338466  3.06468942  4.66934284]]
Rv: [[ 1.02184214  3.31542621 11.00829997  3.59717501  3.78122963 13.8347969
   2.24658463  2.57293407 11.34602305  5.52711459]
 [ 5.23765043  9.16937746  2.34910854  1.17160211  2.9876706   3.10838972
  14.31804888  1.83321097  1.64484918  1.73198096]
 [ 5.43716353  9.69187944  1.14589226  6.37655414  9.20425065  1.29507006
   1.14911692 14.62384278  3.57250882  1.20710165]
 [ 6.99689786  1.44514152  5.62954505  4.41243545  1.44354055  2.61646655
   1.92311005  2.98293771 10.8787335   5.2407121 ]
 [16.03522757  6.40963382  6.75462957 10.04293413  5.23537046 18.44896568
   9.83867249  6.51167851  5.94781333  6.36417813]
 [10.71340381  4.21738109  1.87625927 10.12528526  8.38685588  9.04900304
  12.86098746  1.30145245  7.0397354   1.02451294]
 [11.31935305  4.25164912 18.25950615  8.04580819  1.69307679  1.02572651
   7.21652734  1.00270405  2.81833477  8.6723785 ]
 [ 1.30775395  3.06183061  1.35727564  8.69602713  1.28333824  1.00988475
   8.52249441  4.30025722  1.79786944  2.20698576]
 [11.99869758  1.29331234  3.18458995  2.34369182  3.78885828  1.36258736
  11.31543891  3.22921988  2.3206815   1.26160094]]