-------Running parameters--------
T = 0.0
gap = 0
M = 10
N = 10
VR = 0.0
Vmin = 0.0
Vmax = 4.0
vStep = 0.01
vSym = False
repeats = 20
fileName = array_10_10_cg_c_disorder_run_2
dist = exp
fullOutput = True
use_graph = False
current_map = True
plot_current_map = False
plot_binary_current_map = False
dbg = False
resume = False
sc = False
leaping = False
constQ = False
modifyR = False
output_folder = 2d_array_bgu_with_perp_curr
params_path = 
VG_avg = 0.0
VG_std = 0.0
C_avg = 1.0
C_std = 0.7
CG_avg = 10.0
CG_std = 5.0
R_avg = 10.0
R_std = 0.0
custom_rh = ""
custom_rv = ""
custom_ch = ""
custom_cv = ""
RG_avg = 500.0
RG_std = 0.0
n0_avg = 0.0
n0_std = 0.0
Q0_avg = 0.0
Q0_std = 0.0
----Array Parameters-----
Rows: 10
Columns: 10
VG: [[0.]
 [0.]
 [0.]
 [0.]
 [0.]
 [0.]
 [0.]
 [0.]
 [0.]
 [0.]
 [0.]
 [0.]
 [0.]
 [0.]
 [0.]
 [0.]
 [0.]
 [0.]
 [0.]
 [0.]
 [0.]
 [0.]
 [0.]
 [0.]
 [0.]
 [0.]
 [0.]
 [0.]
 [0.]
 [0.]
 [0.]
 [0.]
 [0.]
 [0.]
 [0.]
 [0.]
 [0.]
 [0.]
 [0.]
 [0.]
 [0.]
 [0.]
 [0.]
 [0.]
 [0.]
 [0.]
 [0.]
 [0.]
 [0.]
 [0.]
 [0.]
 [0.]
 [0.]
 [0.]
 [0.]
 [0.]
 [0.]
 [0.]
 [0.]
 [0.]
 [0.]
 [0.]
 [0.]
 [0.]
 [0.]
 [0.]
 [0.]
 [0.]
 [0.]
 [0.]
 [0.]
 [0.]
 [0.]
 [0.]
 [0.]
 [0.]
 [0.]
 [0.]
 [0.]
 [0.]
 [0.]
 [0.]
 [0.]
 [0.]
 [0.]
 [0.]
 [0.]
 [0.]
 [0.]
 [0.]
 [0.]
 [0.]
 [0.]
 [0.]
 [0.]
 [0.]
 [0.]
 [0.]
 [0.]
 [0.]]
CG: [[ 8.6644941 ]
 [12.03350772]
 [11.76279376]
 [ 6.42090795]
 [14.92832053]
 [13.02976655]
 [ 6.11519734]
 [ 9.45525868]
 [ 5.70115949]
 [ 6.48611829]
 [11.04489978]
 [10.34397778]
 [ 8.81905142]
 [ 5.90581043]
 [ 5.05954406]
 [ 6.12345575]
 [12.18691271]
 [ 5.73489041]
 [ 8.78555407]
 [ 9.41705759]
 [ 5.66903429]
 [ 7.9898512 ]
 [14.82509832]
 [ 6.79969434]
 [ 8.11073986]
 [11.39299284]
 [ 6.85907875]
 [ 6.83304097]
 [10.84147122]
 [ 8.09494628]
 [ 6.92878387]
 [ 6.46906033]
 [ 5.2946578 ]
 [13.47323202]
 [12.188842  ]
 [12.0144753 ]
 [ 6.13858308]
 [10.47563834]
 [ 7.12944466]
 [ 9.3399517 ]
 [ 5.8961379 ]
 [ 6.31610949]
 [10.41153337]
 [ 7.04437084]
 [ 6.40282835]
 [ 9.9845736 ]
 [ 6.56564311]
 [13.59972127]
 [ 5.26405449]
 [ 8.71457992]
 [ 5.64157847]
 [ 7.93640197]
 [ 6.97686228]
 [13.61805681]
 [ 5.0743915 ]
 [ 8.21484371]
 [ 5.59714201]
 [ 7.49503218]
 [12.20285371]
 [12.4518659 ]
 [12.76856007]
 [10.17914529]
 [ 5.24222753]
 [ 7.04137621]
 [ 6.15019168]
 [10.79539008]
 [14.31883123]
 [ 8.82635927]
 [ 9.70564299]
 [ 5.51310066]
 [ 7.4305087 ]
 [ 8.91501401]
 [11.51136474]
 [12.20686467]
 [14.3170982 ]
 [13.55780229]
 [ 7.12057948]
 [11.56532623]
 [ 5.54473836]
 [ 7.48948934]
 [ 9.4257418 ]
 [14.86477305]
 [ 6.73101304]
 [14.94299252]
 [ 6.77326642]
 [11.385869  ]
 [ 9.86165737]
 [ 9.74704542]
 [ 5.05456793]
 [11.63978869]
 [ 8.9298371 ]
 [ 6.66163695]
 [ 6.42831494]
 [ 7.86712073]
 [ 5.49778248]
 [ 7.83041935]
 [14.83701333]
 [ 7.54002954]
 [ 9.95989438]
 [14.63571439]]
RG: [[500.]
 [500.]
 [500.]
 [500.]
 [500.]
 [500.]
 [500.]
 [500.]
 [500.]
 [500.]
 [500.]
 [500.]
 [500.]
 [500.]
 [500.]
 [500.]
 [500.]
 [500.]
 [500.]
 [500.]
 [500.]
 [500.]
 [500.]
 [500.]
 [500.]
 [500.]
 [500.]
 [500.]
 [500.]
 [500.]
 [500.]
 [500.]
 [500.]
 [500.]
 [500.]
 [500.]
 [500.]
 [500.]
 [500.]
 [500.]
 [500.]
 [500.]
 [500.]
 [500.]
 [500.]
 [500.]
 [500.]
 [500.]
 [500.]
 [500.]
 [500.]
 [500.]
 [500.]
 [500.]
 [500.]
 [500.]
 [500.]
 [500.]
 [500.]
 [500.]
 [500.]
 [500.]
 [500.]
 [500.]
 [500.]
 [500.]
 [500.]
 [500.]
 [500.]
 [500.]
 [500.]
 [500.]
 [500.]
 [500.]
 [500.]
 [500.]
 [500.]
 [500.]
 [500.]
 [500.]
 [500.]
 [500.]
 [500.]
 [500.]
 [500.]
 [500.]
 [500.]
 [500.]
 [500.]
 [500.]
 [500.]
 [500.]
 [500.]
 [500.]
 [500.]
 [500.]
 [500.]
 [500.]
 [500.]
 [500.]]
Ch: [[0.79172443 0.64067811 0.42497537 0.33148024 0.52118596 1.15953768
  0.79481288 1.28123096 0.78996746 0.99493244 0.77203273]
 [0.35415726 0.31120775 0.68119547 0.90454599 1.01619138 1.01560874
  0.36112007 0.48534356 0.34392487 0.79210037 0.40537605]
 [1.61896998 0.39596357 0.86672826 0.62289339 1.68447666 0.63601775
  0.41647327 1.28224858 0.62046077 0.49277216 1.15059507]
 [0.43802967 1.37158873 1.43877596 0.66986693 0.66059596 0.98107708
  0.40839474 1.22703259 1.00795065 0.5657035  1.25009357]
 [1.07432904 0.36840462 1.44202173 0.90336579 1.35311021 1.20988288
  0.64710682 1.65282494 1.31231981 0.85296385 1.5837484 ]
 [0.44056412 0.3154132  0.65214179 0.61608947 1.29287231 0.64829619
  0.30921758 0.39929247 1.00751484 1.51066392 1.38329341]
 [0.82465503 1.20562054 0.69382003 1.02280274 0.85422384 0.54265113
  1.0086152  0.72848657 0.56549171 1.35052792 0.6988932 ]
 [1.53451398 0.4441475  0.89686078 0.54605583 1.10041616 0.53651855
  1.23286351 0.44983507 0.96677711 0.54198595 0.48122233]
 [1.45623153 1.12333827 0.55237472 0.48708262 0.77437829 0.447922
  0.45287457 1.45944846 1.30551365 1.61428492 0.37817301]
 [1.0894972  0.41152085 1.6412537  0.73227843 1.032948   0.47704817
  0.63041044 0.42883158 1.55543494 0.69344211 0.34342242]]
Cv: [[0.         0.         0.         0.         0.         0.
  0.         0.         0.         0.        ]
 [1.0493339  0.4688223  0.51828136 0.3084287  0.52321175 0.45105288
  0.7815625  0.7497621  1.60691371 1.31841623]
 [0.34485879 1.00221013 0.85054902 0.9877438  0.45420913 1.32173216
  1.17272035 0.39376261 0.35119533 0.57070951]
 [1.463389   0.65426509 0.3162986  0.94964551 0.63261605 0.35562038
  1.52270721 0.36678311 0.78690492 0.39075885]
 [0.90494241 0.62668804 0.94411744 0.94599204 1.2350181  1.32877583
  0.6313996  1.32205879 0.92759085 1.47170138]
 [0.84162219 0.36462754 1.36035475 0.55997147 0.67563909 1.16382196
  0.83320971 0.6496432  1.57135401 1.43029419]
 [0.50124886 1.59346441 0.36698393 0.41216506 1.38680171 1.49029357
  0.36008576 0.38559967 0.34106527 0.46204179]
 [0.54027354 0.35699689 0.38546286 1.08726932 0.61992449 0.31616054
  1.41355024 0.3912707  1.01905554 1.26378487]
 [1.01788075 0.39723396 1.61824596 1.23998809 0.95642651 0.62905705
  1.07417059 1.05965587 1.17808489 0.43059031]
 [0.37258111 0.51860577 0.61485683 0.7028634  1.32302291 0.67207421
  1.35778205 0.94336523 0.92464151 0.57538545]]
Rh: [[10. 10. 10. 10. 10. 10. 10. 10. 10. 10. 10.]
 [10. 10. 10. 10. 10. 10. 10. 10. 10. 10. 10.]
 [10. 10. 10. 10. 10. 10. 10. 10. 10. 10. 10.]
 [10. 10. 10. 10. 10. 10. 10. 10. 10. 10. 10.]
 [10. 10. 10. 10. 10. 10. 10. 10. 10. 10. 10.]
 [10. 10. 10. 10. 10. 10. 10. 10. 10. 10. 10.]
 [10. 10. 10. 10. 10. 10. 10. 10. 10. 10. 10.]
 [10. 10. 10. 10. 10. 10. 10. 10. 10. 10. 10.]
 [10. 10. 10. 10. 10. 10. 10. 10. 10. 10. 10.]
 [10. 10. 10. 10. 10. 10. 10. 10. 10. 10. 10.]]
Rv: [[10. 10. 10. 10. 10. 10. 10. 10. 10. 10.]
 [10. 10. 10. 10. 10. 10. 10. 10. 10. 10.]
 [10. 10. 10. 10. 10. 10. 10. 10. 10. 10.]
 [10. 10. 10. 10. 10. 10. 10. 10. 10. 10.]
 [10. 10. 10. 10. 10. 10. 10. 10. 10. 10.]
 [10. 10. 10. 10. 10. 10. 10. 10. 10. 10.]
 [10. 10. 10. 10. 10. 10. 10. 10. 10. 10.]
 [10. 10. 10. 10. 10. 10. 10. 10. 10. 10.]
 [10. 10. 10. 10. 10. 10. 10. 10. 10. 10.]]