-------Running parameters--------
T = 0.0
gap = 0
M = 10
N = 10
VR = 0.0
Vmin = 0.0
Vmax = 4.0
vStep = 0.01
vSym = False
repeats = 20
fileName = array_10_10_r_cg_disorder_run_2
dist = exp
fullOutput = True
use_graph = False
current_map = True
plot_current_map = False
plot_binary_current_map = False
dbg = False
resume = False
sc = False
leaping = False
constQ = False
modifyR = False
output_folder = 2d_array_bgu_with_perp_curr
params_path = 
VG_avg = 0.0
VG_std = 0.0
C_avg = 1.0
C_std = 0.0
CG_avg = 10.0
CG_std = 5.0
R_avg = 10.0
R_std = 9.0
custom_rh = ""
custom_rv = ""
custom_ch = ""
custom_cv = ""
RG_avg = 500.0
RG_std = 0.0
n0_avg = 0.0
n0_std = 0.0
Q0_avg = 0.0
Q0_std = 0.0
----Array Parameters-----
Rows: 10
Columns: 10
VG: [[0.]
 [0.]
 [0.]
 [0.]
 [0.]
 [0.]
 [0.]
 [0.]
 [0.]
 [0.]
 [0.]
 [0.]
 [0.]
 [0.]
 [0.]
 [0.]
 [0.]
 [0.]
 [0.]
 [0.]
 [0.]
 [0.]
 [0.]
 [0.]
 [0.]
 [0.]
 [0.]
 [0.]
 [0.]
 [0.]
 [0.]
 [0.]
 [0.]
 [0.]
 [0.]
 [0.]
 [0.]
 [0.]
 [0.]
 [0.]
 [0.]
 [0.]
 [0.]
 [0.]
 [0.]
 [0.]
 [0.]
 [0.]
 [0.]
 [0.]
 [0.]
 [0.]
 [0.]
 [0.]
 [0.]
 [0.]
 [0.]
 [0.]
 [0.]
 [0.]
 [0.]
 [0.]
 [0.]
 [0.]
 [0.]
 [0.]
 [0.]
 [0.]
 [0.]
 [0.]
 [0.]
 [0.]
 [0.]
 [0.]
 [0.]
 [0.]
 [0.]
 [0.]
 [0.]
 [0.]
 [0.]
 [0.]
 [0.]
 [0.]
 [0.]
 [0.]
 [0.]
 [0.]
 [0.]
 [0.]
 [0.]
 [0.]
 [0.]
 [0.]
 [0.]
 [0.]
 [0.]
 [0.]
 [0.]
 [0.]]
CG: [[12.36077728]
 [ 7.60219103]
 [ 7.18967456]
 [ 9.90820196]
 [12.95969896]
 [ 6.38281969]
 [12.70259115]
 [11.64464633]
 [ 6.28808446]
 [ 6.69715433]
 [ 6.5725316 ]
 [ 6.30405158]
 [ 6.87944834]
 [ 8.63509292]
 [ 8.09615528]
 [ 5.12801742]
 [ 7.79929756]
 [ 6.64053807]
 [ 5.11300669]
 [ 6.50314925]
 [ 9.66368037]
 [ 5.72674392]
 [ 8.58326916]
 [13.26542774]
 [12.71130548]
 [ 9.2083327 ]
 [ 5.24298532]
 [ 7.10745869]
 [ 6.57983379]
 [14.38694347]
 [12.87229869]
 [ 7.77670275]
 [ 6.42986929]
 [ 8.47084239]
 [12.85255758]
 [ 8.22057452]
 [ 6.45828935]
 [ 6.69731263]
 [ 8.83792588]
 [ 6.58016904]
 [ 9.24243114]
 [10.80853159]
 [ 6.46199288]
 [11.79461265]
 [13.92963985]
 [13.4219282 ]
 [ 9.44133998]
 [ 7.11680036]
 [ 5.41749772]
 [ 5.79833439]
 [ 7.06348484]
 [11.20601025]
 [10.65162707]
 [ 7.88376035]
 [ 5.05952045]
 [ 6.2388103 ]
 [ 5.12333662]
 [ 9.08094102]
 [ 5.86892904]
 [12.32080422]
 [ 6.24846317]
 [13.10205143]
 [ 5.87660426]
 [ 5.03199821]
 [ 6.07651843]
 [ 5.34518939]
 [10.38745093]
 [12.6279957 ]
 [ 7.37252495]
 [13.63607678]
 [ 7.44813955]
 [14.1573969 ]
 [ 5.39619116]
 [ 8.41926931]
 [ 5.46291804]
 [11.05561823]
 [ 9.31763709]
 [14.2075738 ]
 [ 6.80504089]
 [ 5.44261926]
 [10.09293252]
 [ 6.36538598]
 [ 5.00751327]
 [ 7.44542805]
 [ 5.30307973]
 [ 9.41747866]
 [10.09608543]
 [ 9.89422665]
 [13.13214228]
 [ 6.67494303]
 [ 9.52617913]
 [ 8.24199478]
 [ 8.34452193]
 [ 6.77268679]
 [ 9.77102   ]
 [11.50006276]
 [ 5.36938954]
 [ 6.33786042]
 [ 9.58793933]
 [ 7.27666511]]
RG: [[500.]
 [500.]
 [500.]
 [500.]
 [500.]
 [500.]
 [500.]
 [500.]
 [500.]
 [500.]
 [500.]
 [500.]
 [500.]
 [500.]
 [500.]
 [500.]
 [500.]
 [500.]
 [500.]
 [500.]
 [500.]
 [500.]
 [500.]
 [500.]
 [500.]
 [500.]
 [500.]
 [500.]
 [500.]
 [500.]
 [500.]
 [500.]
 [500.]
 [500.]
 [500.]
 [500.]
 [500.]
 [500.]
 [500.]
 [500.]
 [500.]
 [500.]
 [500.]
 [500.]
 [500.]
 [500.]
 [500.]
 [500.]
 [500.]
 [500.]
 [500.]
 [500.]
 [500.]
 [500.]
 [500.]
 [500.]
 [500.]
 [500.]
 [500.]
 [500.]
 [500.]
 [500.]
 [500.]
 [500.]
 [500.]
 [500.]
 [500.]
 [500.]
 [500.]
 [500.]
 [500.]
 [500.]
 [500.]
 [500.]
 [500.]
 [500.]
 [500.]
 [500.]
 [500.]
 [500.]
 [500.]
 [500.]
 [500.]
 [500.]
 [500.]
 [500.]
 [500.]
 [500.]
 [500.]
 [500.]
 [500.]
 [500.]
 [500.]
 [500.]
 [500.]
 [500.]
 [500.]
 [500.]
 [500.]
 [500.]]
Ch: [[1. 1. 1. 1. 1. 1. 1. 1. 1. 1. 1.]
 [1. 1. 1. 1. 1. 1. 1. 1. 1. 1. 1.]
 [1. 1. 1. 1. 1. 1. 1. 1. 1. 1. 1.]
 [1. 1. 1. 1. 1. 1. 1. 1. 1. 1. 1.]
 [1. 1. 1. 1. 1. 1. 1. 1. 1. 1. 1.]
 [1. 1. 1. 1. 1. 1. 1. 1. 1. 1. 1.]
 [1. 1. 1. 1. 1. 1. 1. 1. 1. 1. 1.]
 [1. 1. 1. 1. 1. 1. 1. 1. 1. 1. 1.]
 [1. 1. 1. 1. 1. 1. 1. 1. 1. 1. 1.]
 [1. 1. 1. 1. 1. 1. 1. 1. 1. 1. 1.]]
Cv: [[0. 0. 0. 0. 0. 0. 0. 0. 0. 0.]
 [1. 1. 1. 1. 1. 1. 1. 1. 1. 1.]
 [1. 1. 1. 1. 1. 1. 1. 1. 1. 1.]
 [1. 1. 1. 1. 1. 1. 1. 1. 1. 1.]
 [1. 1. 1. 1. 1. 1. 1. 1. 1. 1.]
 [1. 1. 1. 1. 1. 1. 1. 1. 1. 1.]
 [1. 1. 1. 1. 1. 1. 1. 1. 1. 1.]
 [1. 1. 1. 1. 1. 1. 1. 1. 1. 1.]
 [1. 1. 1. 1. 1. 1. 1. 1. 1. 1.]
 [1. 1. 1. 1. 1. 1. 1. 1. 1. 1.]]
Rh: [[ 3.26096807  8.08121377  3.63172905  1.13532073  5.45890934  1.19512168
   1.55587303  3.63195779  8.36861873  9.3390121   1.02361393]
 [ 1.29248514  1.9782383   3.96540917  3.97983447  3.28252609  7.99193642
   2.923761    3.06154413  1.20863201  8.21979278  1.05391381]
 [ 1.16176181  2.18401328 14.46823098  5.20806181  3.81982429  1.42512694
   4.08651272  2.09859239  6.71570772  2.57207601  7.59527968]
 [11.12612068  1.98302506  1.66131508  8.31011755  7.94734506  2.44543053
   3.12292123 14.80301263 10.91003783  2.78821333  1.85823926]
 [ 7.62573781  5.3535664  13.56665257  3.90266516 12.93032774  2.88109525
   1.33574136  3.18498299  1.9004095   3.70227333  1.78662929]
 [15.72816259 17.5373799   2.02647076  4.17844773  3.19273323 16.59812517
  14.5971169   2.7126087   1.21755649  1.34683491  1.32077973]
 [15.35571143 18.58486367  6.54207758  1.68170908 10.5596209  17.36844638
   7.6536095   1.07880723 11.86787622  3.17200177  1.25544003]
 [ 1.51611612 15.31662663  1.1728735   8.57244162  1.14580858 14.98080165
   7.26162683 16.74713732 15.23679155  1.09876175  5.37891288]
 [ 2.66768603  3.37696571  5.15279023  2.44252774  5.41560273  3.24911342
   3.96713239  8.68181406  7.43168008  4.34169771  1.01098124]
 [ 2.35629406  1.96502484  4.2653249   2.58585931 13.54075886  2.5379911
  17.91901884  5.74878051  1.55356986  8.9383892   2.71390124]]
Rv: [[ 3.17566053  5.04877603  1.74660273  2.595885   12.99934338  5.53420019
   8.22455564  2.43643608  6.51519329  8.24239926]
 [10.03119304  9.0835686  17.42463651  1.03405438  2.46685914  2.18138991
   3.27798927  2.45514898  2.79976872  2.30606457]
 [ 1.1404424  17.4801861   5.58303286  9.54872046  6.62788333  1.58084596
   2.5400422   6.02732649 12.15980022  1.73626984]
 [ 2.48780101  9.19312027  7.44592912  2.6135838  10.55325936 18.10106803
   9.49028684  1.58053266  1.36694323  2.6826923 ]
 [ 8.70398646 17.20158593  1.09056631  3.74939468  6.96126255  9.51441868
   3.3574918   5.05862223 14.36238239  1.3444352 ]
 [16.8483525  17.23270478  1.12031627  3.22272723 16.69898419  3.27314514
   1.73290821  2.73289681 18.09557131  2.44920622]
 [ 1.02016739  2.13604972 11.99128386  2.63259138  2.15288889  3.67978185
   3.79067853  2.89386723  3.21739698 12.73077544]
 [ 2.37302432 10.93567808  5.03257515 14.6109718   1.43352122  9.09592778
  13.96418329 11.14145411  3.62599813  1.92155109]
 [ 1.60728412  9.85881598  2.52683729  1.45445894  1.1851988  12.98431702
   8.42648524  1.06468816  7.88324899  1.35341718]]