-------Running parameters--------
T = 0.0
gap = 0
M = 10
N = 10
VR = 0.0
Vmin = 0.0
Vmax = 4.0
vStep = 0.01
vSym = False
repeats = 20
fileName = array_10_10_r_vg_disorder_run_2
dist = exp
fullOutput = True
use_graph = False
current_map = True
plot_current_map = False
plot_binary_current_map = False
dbg = False
resume = False
sc = False
leaping = False
constQ = False
modifyR = False
output_folder = 2d_array_bgu_with_perp_curr
params_path = 
VG_avg = 0.0
VG_std = 5.0
C_avg = 1.0
C_std = 0.0
CG_avg = 10.0
CG_std = 0.0
R_avg = 10.0
R_std = 9.0
custom_rh = ""
custom_rv = ""
custom_ch = ""
custom_cv = ""
RG_avg = 500.0
RG_std = 0.0
n0_avg = 0.0
n0_std = 0.0
Q0_avg = 0.0
Q0_std = 0.0
----Array Parameters-----
Rows: 10
Columns: 10
VG: [[ 1.52116639]
 [ 4.59830782]
 [-3.4512416 ]
 [ 3.13755045]
 [-4.36786734]
 [ 2.77600414]
 [ 1.3151376 ]
 [ 4.04792069]
 [-3.5319807 ]
 [ 4.97868682]
 [ 1.03288206]
 [-3.66197393]
 [-2.70841889]
 [-4.85582163]
 [-2.95917273]
 [ 0.46214812]
 [ 2.49908959]
 [ 1.55388618]
 [-0.93559875]
 [ 0.50916337]
 [ 3.2516083 ]
 [ 1.98790793]
 [-4.86123236]
 [-3.39521628]
 [-1.18367611]
 [-0.70440688]
 [-2.74825645]
 [ 0.07983214]
 [ 4.39756854]
 [ 2.7437115 ]
 [ 4.92303613]
 [ 0.64954994]
 [ 4.44894312]
 [-3.05364842]
 [ 3.78768157]
 [-3.52979247]
 [-1.30190198]
 [ 1.0157381 ]
 [-0.83589509]
 [ 2.45615787]
 [ 1.12692252]
 [-4.18932178]
 [ 4.87518639]
 [ 2.449201  ]
 [-1.94918129]
 [ 1.01015876]
 [ 1.81025304]
 [-0.85691212]
 [ 1.37893289]
 [-4.98719651]
 [ 2.56075494]
 [-2.19242993]
 [ 4.14468579]
 [-3.9768044 ]
 [-4.6753722 ]
 [ 1.74298938]
 [ 1.41238219]
 [-0.10013793]
 [-4.2206232 ]
 [-2.19059563]
 [ 3.85320496]
 [-1.72867138]
 [-0.68736155]
 [-1.36793749]
 [-4.43947747]
 [-2.44019181]
 [ 4.11208769]
 [ 3.08617974]
 [ 1.61089344]
 [ 1.94311145]
 [ 4.22663644]
 [-3.77397299]
 [-2.26889092]
 [ 1.77319442]
 [ 2.17252801]
 [-0.21114904]
 [-1.73649503]
 [ 3.18052173]
 [ 1.17242934]
 [ 4.87128191]
 [-0.83084028]
 [ 1.85166069]
 [-4.85085881]
 [ 3.25748654]
 [ 4.6687365 ]
 [-4.78452441]
 [ 4.84962153]
 [ 3.95845543]
 [ 2.02197811]
 [ 0.61660173]
 [ 2.50756669]
 [ 3.9307728 ]
 [-3.01250798]
 [ 4.29674029]
 [-1.55103177]
 [-4.76650479]
 [-3.95533193]
 [ 1.90634488]
 [-3.84764133]
 [ 1.75728675]]
CG: [[10.]
 [10.]
 [10.]
 [10.]
 [10.]
 [10.]
 [10.]
 [10.]
 [10.]
 [10.]
 [10.]
 [10.]
 [10.]
 [10.]
 [10.]
 [10.]
 [10.]
 [10.]
 [10.]
 [10.]
 [10.]
 [10.]
 [10.]
 [10.]
 [10.]
 [10.]
 [10.]
 [10.]
 [10.]
 [10.]
 [10.]
 [10.]
 [10.]
 [10.]
 [10.]
 [10.]
 [10.]
 [10.]
 [10.]
 [10.]
 [10.]
 [10.]
 [10.]
 [10.]
 [10.]
 [10.]
 [10.]
 [10.]
 [10.]
 [10.]
 [10.]
 [10.]
 [10.]
 [10.]
 [10.]
 [10.]
 [10.]
 [10.]
 [10.]
 [10.]
 [10.]
 [10.]
 [10.]
 [10.]
 [10.]
 [10.]
 [10.]
 [10.]
 [10.]
 [10.]
 [10.]
 [10.]
 [10.]
 [10.]
 [10.]
 [10.]
 [10.]
 [10.]
 [10.]
 [10.]
 [10.]
 [10.]
 [10.]
 [10.]
 [10.]
 [10.]
 [10.]
 [10.]
 [10.]
 [10.]
 [10.]
 [10.]
 [10.]
 [10.]
 [10.]
 [10.]
 [10.]
 [10.]
 [10.]
 [10.]]
RG: [[500.]
 [500.]
 [500.]
 [500.]
 [500.]
 [500.]
 [500.]
 [500.]
 [500.]
 [500.]
 [500.]
 [500.]
 [500.]
 [500.]
 [500.]
 [500.]
 [500.]
 [500.]
 [500.]
 [500.]
 [500.]
 [500.]
 [500.]
 [500.]
 [500.]
 [500.]
 [500.]
 [500.]
 [500.]
 [500.]
 [500.]
 [500.]
 [500.]
 [500.]
 [500.]
 [500.]
 [500.]
 [500.]
 [500.]
 [500.]
 [500.]
 [500.]
 [500.]
 [500.]
 [500.]
 [500.]
 [500.]
 [500.]
 [500.]
 [500.]
 [500.]
 [500.]
 [500.]
 [500.]
 [500.]
 [500.]
 [500.]
 [500.]
 [500.]
 [500.]
 [500.]
 [500.]
 [500.]
 [500.]
 [500.]
 [500.]
 [500.]
 [500.]
 [500.]
 [500.]
 [500.]
 [500.]
 [500.]
 [500.]
 [500.]
 [500.]
 [500.]
 [500.]
 [500.]
 [500.]
 [500.]
 [500.]
 [500.]
 [500.]
 [500.]
 [500.]
 [500.]
 [500.]
 [500.]
 [500.]
 [500.]
 [500.]
 [500.]
 [500.]
 [500.]
 [500.]
 [500.]
 [500.]
 [500.]
 [500.]]
Ch: [[1. 1. 1. 1. 1. 1. 1. 1. 1. 1. 1.]
 [1. 1. 1. 1. 1. 1. 1. 1. 1. 1. 1.]
 [1. 1. 1. 1. 1. 1. 1. 1. 1. 1. 1.]
 [1. 1. 1. 1. 1. 1. 1. 1. 1. 1. 1.]
 [1. 1. 1. 1. 1. 1. 1. 1. 1. 1. 1.]
 [1. 1. 1. 1. 1. 1. 1. 1. 1. 1. 1.]
 [1. 1. 1. 1. 1. 1. 1. 1. 1. 1. 1.]
 [1. 1. 1. 1. 1. 1. 1. 1. 1. 1. 1.]
 [1. 1. 1. 1. 1. 1. 1. 1. 1. 1. 1.]
 [1. 1. 1. 1. 1. 1. 1. 1. 1. 1. 1.]]
Cv: [[0. 0. 0. 0. 0. 0. 0. 0. 0. 0.]
 [1. 1. 1. 1. 1. 1. 1. 1. 1. 1.]
 [1. 1. 1. 1. 1. 1. 1. 1. 1. 1.]
 [1. 1. 1. 1. 1. 1. 1. 1. 1. 1.]
 [1. 1. 1. 1. 1. 1. 1. 1. 1. 1.]
 [1. 1. 1. 1. 1. 1. 1. 1. 1. 1.]
 [1. 1. 1. 1. 1. 1. 1. 1. 1. 1.]
 [1. 1. 1. 1. 1. 1. 1. 1. 1. 1.]
 [1. 1. 1. 1. 1. 1. 1. 1. 1. 1.]
 [1. 1. 1. 1. 1. 1. 1. 1. 1. 1.]]
Rh: [[11.3545473   1.0688806  18.01883195  2.49243758  1.45047143 12.62490983
   1.73455983  1.4146709   1.92053526  5.58537759 11.37341058]
 [ 3.66058377  3.40947375  5.8640303  15.34903598  5.80844122  3.83715166
   1.26422908  6.49346853  6.3167465   6.28378065  5.68060331]
 [ 1.35518199 15.93403931  8.68313585 14.54176019  1.43989813 11.20854789
   7.03026728 17.95803246  2.24838245  1.04703026 10.67207489]
 [ 1.37668513 17.69530665 10.43685344  4.82460516  4.22092901  1.62817429
   5.82192483  2.31157946  1.54528334  3.01124463  1.04940473]
 [16.70968228  1.11347113  2.5078883  11.61730439 12.04344841  1.90013147
   1.76122622 10.36746755  5.95385691  1.08579408  1.46063249]
 [ 4.55981119  7.64444587  4.88589765 10.61366253  2.33488194  1.66583525
   1.74802305  3.25380765  5.27257352  7.83588682  4.24036801]
 [ 6.93118448  5.40344309  1.01981995  1.66796959  3.80826929 18.94705512
  11.33575481  2.81521931  4.31819706  1.1457357  12.80009786]
 [ 6.69949644  9.29020285  1.11932996  5.29522801 14.24143486  6.41935838
   2.07617793  1.52916297  9.39788794  1.9034192   4.15390181]
 [ 2.31475134  1.15480685  1.87202905  1.52048755 14.31523121  5.21803572
   1.245331    4.06223437  5.94380143 15.8285085   4.18260059]
 [ 1.21860021  9.70272935  2.3188271   1.28466231 17.37240035  1.2918822
   8.00056065  2.11456784  3.8129003   1.85161647  1.66438083]]
Rv: [[ 4.10005136  1.51323163  1.55919418  1.83174433  1.36039697  5.60679392
   9.61094429 15.04827506 17.57743406  5.07265403]
 [ 5.64991865  4.30289184  1.44168618 15.41699605  3.66224957  3.07915269
   5.17914562  1.28490905  3.77138594  3.49483905]
 [ 4.21103919  5.65341413  6.78741872  4.08861119  1.57699499  2.28815583
   2.3145376   2.67272321  1.75107469  1.11907345]
 [ 6.43446561  7.01594051  2.86571668 18.8054551   6.42976965 15.78727564
   6.45087796  5.20562083  8.11010144 17.71617051]
 [ 5.52153981  7.77354461 14.98154886  8.90162366  1.25945632  9.25329819
   1.08404364  6.84502611  3.2201085   1.79512092]
 [ 3.85776839  4.43798196  5.68573703  3.40627496  8.9591507   3.31697481
   3.69445306 17.28950509  1.7746465   5.83489211]
 [ 1.62455921 17.88513724  9.23936261 10.09895261  3.14213541 13.04911791
   2.9544596   1.35205504 15.82403833  2.79725745]
 [10.39432146  2.88983243 10.59121948  1.97455551  2.43765903  8.33625234
   2.4648911   3.37221473  3.25823594  2.80189411]
 [ 2.75368242 15.57311556  1.05182457  8.64384418  2.86561954  6.18540256
  15.28270467  9.52047706  1.49335262  1.18760169]]