-------Running parameters--------
T = 0
M = 10
N = 10
VR = 0.0
Vmin = 0.0
Vmax = 2.0
vStep = 0.01
repeats = 20
fileName = r_disorder_10_10
dist = exp
fullOutput = False
use_graph = False
current_map = True
plot_current_map = False
dbg = False
output_folder = different_disorder_square_array
VG_avg = 0.0
VG_std = 0.0
C_avg = 1.0
C_std = 0.0
CG_avg = 10.0
CG_std = 0.0
R_avg = 10.0
R_std = 9.0
custom_rh = ""
custom_rv = ""
RG_avg = 1000.0
RG_std = 0.0
n0_avg = 0.0
n0_std = 0.0
Q0_avg = 0.0
Q0_std = 0.0
----Array Parameters-----
Rows: 10
Columns: 10
VG: [[0. 0. 0. 0. 0. 0. 0. 0. 0. 0.]
 [0. 0. 0. 0. 0. 0. 0. 0. 0. 0.]
 [0. 0. 0. 0. 0. 0. 0. 0. 0. 0.]
 [0. 0. 0. 0. 0. 0. 0. 0. 0. 0.]
 [0. 0. 0. 0. 0. 0. 0. 0. 0. 0.]
 [0. 0. 0. 0. 0. 0. 0. 0. 0. 0.]
 [0. 0. 0. 0. 0. 0. 0. 0. 0. 0.]
 [0. 0. 0. 0. 0. 0. 0. 0. 0. 0.]
 [0. 0. 0. 0. 0. 0. 0. 0. 0. 0.]
 [0. 0. 0. 0. 0. 0. 0. 0. 0. 0.]]
CG: [[10. 10. 10. 10. 10. 10. 10. 10. 10. 10.]
 [10. 10. 10. 10. 10. 10. 10. 10. 10. 10.]
 [10. 10. 10. 10. 10. 10. 10. 10. 10. 10.]
 [10. 10. 10. 10. 10. 10. 10. 10. 10. 10.]
 [10. 10. 10. 10. 10. 10. 10. 10. 10. 10.]
 [10. 10. 10. 10. 10. 10. 10. 10. 10. 10.]
 [10. 10. 10. 10. 10. 10. 10. 10. 10. 10.]
 [10. 10. 10. 10. 10. 10. 10. 10. 10. 10.]
 [10. 10. 10. 10. 10. 10. 10. 10. 10. 10.]
 [10. 10. 10. 10. 10. 10. 10. 10. 10. 10.]]
RG: [[1000. 1000. 1000. 1000. 1000. 1000. 1000. 1000. 1000. 1000.]
 [1000. 1000. 1000. 1000. 1000. 1000. 1000. 1000. 1000. 1000.]
 [1000. 1000. 1000. 1000. 1000. 1000. 1000. 1000. 1000. 1000.]
 [1000. 1000. 1000. 1000. 1000. 1000. 1000. 1000. 1000. 1000.]
 [1000. 1000. 1000. 1000. 1000. 1000. 1000. 1000. 1000. 1000.]
 [1000. 1000. 1000. 1000. 1000. 1000. 1000. 1000. 1000. 1000.]
 [1000. 1000. 1000. 1000. 1000. 1000. 1000. 1000. 1000. 1000.]
 [1000. 1000. 1000. 1000. 1000. 1000. 1000. 1000. 1000. 1000.]
 [1000. 1000. 1000. 1000. 1000. 1000. 1000. 1000. 1000. 1000.]
 [1000. 1000. 1000. 1000. 1000. 1000. 1000. 1000. 1000. 1000.]]
Ch: [[1. 1. 1. 1. 1. 1. 1. 1. 1. 1. 1.]
 [1. 1. 1. 1. 1. 1. 1. 1. 1. 1. 1.]
 [1. 1. 1. 1. 1. 1. 1. 1. 1. 1. 1.]
 [1. 1. 1. 1. 1. 1. 1. 1. 1. 1. 1.]
 [1. 1. 1. 1. 1. 1. 1. 1. 1. 1. 1.]
 [1. 1. 1. 1. 1. 1. 1. 1. 1. 1. 1.]
 [1. 1. 1. 1. 1. 1. 1. 1. 1. 1. 1.]
 [1. 1. 1. 1. 1. 1. 1. 1. 1. 1. 1.]
 [1. 1. 1. 1. 1. 1. 1. 1. 1. 1. 1.]
 [1. 1. 1. 1. 1. 1. 1. 1. 1. 1. 1.]]
Cv: [[0. 0. 0. 0. 0. 0. 0. 0. 0. 0.]
 [1. 1. 1. 1. 1. 1. 1. 1. 1. 1.]
 [1. 1. 1. 1. 1. 1. 1. 1. 1. 1.]
 [1. 1. 1. 1. 1. 1. 1. 1. 1. 1.]
 [1. 1. 1. 1. 1. 1. 1. 1. 1. 1.]
 [1. 1. 1. 1. 1. 1. 1. 1. 1. 1.]
 [1. 1. 1. 1. 1. 1. 1. 1. 1. 1.]
 [1. 1. 1. 1. 1. 1. 1. 1. 1. 1.]
 [1. 1. 1. 1. 1. 1. 1. 1. 1. 1.]
 [1. 1. 1. 1. 1. 1. 1. 1. 1. 1.]]
Rh: [[ 2.24116692  9.64198274  3.00482287 16.45041556  6.43080975  3.07265193
   5.85928553  6.05702202  1.19065799  5.61706482  3.67463567]
 [10.05761018  9.93148821  2.96078089  1.76905629  1.06954505  5.06927001
  11.24570203 16.52554338  2.17151013  6.05618945  1.49374096]
 [ 3.29847102  3.17582191  1.16256812  7.07788603  6.22594287  3.61223171
  12.89476208  2.46189809 15.10327082 10.74395392  2.91475813]
 [18.78139437  1.13522475  2.35393113  8.71273156  5.81723533  2.57948803
   9.7752982   1.14799805  2.2659797  10.62390501  2.74086522]
 [15.85554099  3.1470629   2.4036761   4.93552426  5.88060847 10.5179778
   3.253217   10.14730542  6.79035955  9.47666383  5.62600688]
 [ 1.47967182  8.47689983  5.40662742  4.81133545  1.17684182  9.62427149
   8.94785116  1.26695511 11.93190939 12.21997182  1.72125031]
 [17.57747147  2.65796026  5.17155924  6.12371837  6.16492974  4.59362636
   2.48419807  3.05744104  2.29998175  1.2864879   1.14539387]
 [ 2.89857362  2.16249866 12.03702905  1.94880169 13.71971296  2.22229977
   2.01235353 18.98604728  8.72815465  2.82962539  1.42822302]
 [ 7.46927139  2.55014521 10.76497523  2.32671484  4.54717173  9.66443501
   5.42546624  1.3067925   7.09925637  1.17851061  3.50442763]
 [ 2.64570727  3.95640817  8.22110212  2.15461418  5.26776405  2.6456186
   1.5801071   3.33524931  1.22611666  1.38529924  1.37805813]]
Rv: [[ 1.29083897  2.23872421 11.01456547  1.92614864  3.34521354  6.46639187
   5.58391936  1.27921376  2.32033533  5.15973352]
 [ 1.0608178   3.08744013  1.85497602  2.36954732  4.95680523  2.87507064
  12.83591155  8.94484011 17.61211775  3.47524698]
 [ 9.13523124  3.94263936 17.42720517  7.63658728  1.0701945   2.2455168
   2.76286214  5.99647024  3.97369609  2.64948227]
 [11.78118832 12.51473997  5.6303377   6.30401379 10.20124729  1.51495882
   1.57981288  6.61684206  6.00325191  2.04908683]
 [16.15740397  6.02295802  1.29397989  1.67548621  5.05083503  1.29613851
   3.26223563  3.50728473  4.36270152  1.2097997 ]
 [ 2.11376881 14.46805016 13.95605805  4.42082878  6.17307092  1.53268309
   5.68706117 10.90528183  5.04223061  2.10245998]
 [ 1.58262607  1.40189138  2.02050505  3.21988931  8.29243126  2.94086484
  16.97316781  1.34523183  4.17980546  4.58148213]
 [ 5.07006014  2.71014292  6.38839438  8.51976584  6.44569264  2.6633823
  16.29175584  3.94803553 13.40282127  8.66670741]
 [ 4.43416998  1.74247515  8.63214643 13.34520258  5.16098141  1.87440279
   4.05686513  1.27023037  9.97201982  2.30573048]]