-------Running parameters--------
T = 0.101
temperature_gradient = -0.01
gap = 0.0
M = 10
N = 10
VR = 0.0
Vmin = 0.0
Vmax = 1.1
vStep = 0.01
vSym = False
repeats = 20
fileName = array_10_10_disorder_m_t_grad_0.01_run_1
dist = exp
fullOutput = True
use_graph = False
current_map = True
plot_current_map = False
plot_binary_current_map = False
frame_norm = False
dbg = False
resume = False
sc = False
leaping = False
constQ = False
modifyR = False
double_time = False
double_loop = False
output_folder = bgu_2d_array_temperature_gradient_non_symmetric_v
params_path = bgu_2d_array_temperature_gradient/runningParameters_array_10_10_disorder_t_grad_0.01_run_1.txt
VG_avg = 0.0
VG_std = 0.0
C_avg = 2.0
C_std = 1.0
CG_avg = 10.0
CG_std = 0.0
R_avg = 10.0
R_std = 9.0
custom_rh = ""
custom_rv = ""
custom_ch = ""
custom_cv = ""
RG_avg = 500.0
RG_std = 0.0
n0_avg = 0.0
n0_std = 0.0
Q0_avg = 0.0
Q0_std = 0.0
----Array Parameters-----
Rows: 10
Columns: 10
VG: [[0.]
 [0.]
 [0.]
 [0.]
 [0.]
 [0.]
 [0.]
 [0.]
 [0.]
 [0.]
 [0.]
 [0.]
 [0.]
 [0.]
 [0.]
 [0.]
 [0.]
 [0.]
 [0.]
 [0.]
 [0.]
 [0.]
 [0.]
 [0.]
 [0.]
 [0.]
 [0.]
 [0.]
 [0.]
 [0.]
 [0.]
 [0.]
 [0.]
 [0.]
 [0.]
 [0.]
 [0.]
 [0.]
 [0.]
 [0.]
 [0.]
 [0.]
 [0.]
 [0.]
 [0.]
 [0.]
 [0.]
 [0.]
 [0.]
 [0.]
 [0.]
 [0.]
 [0.]
 [0.]
 [0.]
 [0.]
 [0.]
 [0.]
 [0.]
 [0.]
 [0.]
 [0.]
 [0.]
 [0.]
 [0.]
 [0.]
 [0.]
 [0.]
 [0.]
 [0.]
 [0.]
 [0.]
 [0.]
 [0.]
 [0.]
 [0.]
 [0.]
 [0.]
 [0.]
 [0.]
 [0.]
 [0.]
 [0.]
 [0.]
 [0.]
 [0.]
 [0.]
 [0.]
 [0.]
 [0.]
 [0.]
 [0.]
 [0.]
 [0.]
 [0.]
 [0.]
 [0.]
 [0.]
 [0.]
 [0.]]
CG: [[10.]
 [10.]
 [10.]
 [10.]
 [10.]
 [10.]
 [10.]
 [10.]
 [10.]
 [10.]
 [10.]
 [10.]
 [10.]
 [10.]
 [10.]
 [10.]
 [10.]
 [10.]
 [10.]
 [10.]
 [10.]
 [10.]
 [10.]
 [10.]
 [10.]
 [10.]
 [10.]
 [10.]
 [10.]
 [10.]
 [10.]
 [10.]
 [10.]
 [10.]
 [10.]
 [10.]
 [10.]
 [10.]
 [10.]
 [10.]
 [10.]
 [10.]
 [10.]
 [10.]
 [10.]
 [10.]
 [10.]
 [10.]
 [10.]
 [10.]
 [10.]
 [10.]
 [10.]
 [10.]
 [10.]
 [10.]
 [10.]
 [10.]
 [10.]
 [10.]
 [10.]
 [10.]
 [10.]
 [10.]
 [10.]
 [10.]
 [10.]
 [10.]
 [10.]
 [10.]
 [10.]
 [10.]
 [10.]
 [10.]
 [10.]
 [10.]
 [10.]
 [10.]
 [10.]
 [10.]
 [10.]
 [10.]
 [10.]
 [10.]
 [10.]
 [10.]
 [10.]
 [10.]
 [10.]
 [10.]
 [10.]
 [10.]
 [10.]
 [10.]
 [10.]
 [10.]
 [10.]
 [10.]
 [10.]
 [10.]]
RG: [[500.]
 [500.]
 [500.]
 [500.]
 [500.]
 [500.]
 [500.]
 [500.]
 [500.]
 [500.]
 [500.]
 [500.]
 [500.]
 [500.]
 [500.]
 [500.]
 [500.]
 [500.]
 [500.]
 [500.]
 [500.]
 [500.]
 [500.]
 [500.]
 [500.]
 [500.]
 [500.]
 [500.]
 [500.]
 [500.]
 [500.]
 [500.]
 [500.]
 [500.]
 [500.]
 [500.]
 [500.]
 [500.]
 [500.]
 [500.]
 [500.]
 [500.]
 [500.]
 [500.]
 [500.]
 [500.]
 [500.]
 [500.]
 [500.]
 [500.]
 [500.]
 [500.]
 [500.]
 [500.]
 [500.]
 [500.]
 [500.]
 [500.]
 [500.]
 [500.]
 [500.]
 [500.]
 [500.]
 [500.]
 [500.]
 [500.]
 [500.]
 [500.]
 [500.]
 [500.]
 [500.]
 [500.]
 [500.]
 [500.]
 [500.]
 [500.]
 [500.]
 [500.]
 [500.]
 [500.]
 [500.]
 [500.]
 [500.]
 [500.]
 [500.]
 [500.]
 [500.]
 [500.]
 [500.]
 [500.]
 [500.]
 [500.]
 [500.]
 [500.]
 [500.]
 [500.]
 [500.]
 [500.]
 [500.]
 [500.]]
Ch: [[1.03893013 2.4119908  2.12119565 1.35256895 1.54818278 1.78554574
  1.34491005 2.05183312 2.33543985 2.64342218 2.40239293]
 [2.47393241 1.26743801 1.0926249  1.90521733 2.60709496 1.09705837
  2.74157157 1.62387941 2.44330624 1.27176602 1.08583739]
 [1.02777753 2.817436   2.16213922 1.58161043 1.6312703  2.70859415
  2.01511156 1.57890848 2.11105912 2.18217739 1.0117861 ]
 [1.29679809 1.00874846 1.37840984 2.70668876 1.37271876 1.56648791
  2.9668779  2.24986635 1.48630667 1.60623263 1.11748175]
 [1.3981203  1.98514256 1.64607494 1.36182711 1.35289397 1.16251168
  1.59927463 2.88129078 2.20971772 1.54659892 1.55367538]
 [1.76022512 1.61027692 1.92634587 2.64887749 2.01980045 2.88755744
  1.1665604  1.59038975 2.34844857 1.9871416  1.55067212]
 [1.67278891 1.82278235 2.52891225 2.86437741 1.18151626 1.32685822
  1.56588962 2.09836412 1.42380433 2.2631683  1.1876974 ]
 [2.22500408 1.01235081 1.50061466 2.03195044 1.50438568 1.88801796
  1.557105   1.69936194 1.58825639 1.67363033 1.20766753]
 [1.48225003 1.39820728 1.1341887  2.11425029 1.43265061 1.5934591
  1.55482784 2.60749678 1.01401978 1.05469493 2.89059491]
 [2.15791771 2.50514119 1.78663224 1.94365212 1.40197752 1.26019906
  2.09370343 1.12243689 2.71291062 1.24386405 2.16741503]]
Cv: [[0.         0.         0.         0.         0.         0.
  0.         0.         0.         0.        ]
 [2.27803367 2.31828349 2.29287872 2.66997017 1.36071632 1.08714271
  1.07064031 2.32832427 2.04984802 1.49492371]
 [1.5275628  1.12581051 2.06898252 2.7777684  1.85530672 1.87466988
  2.08603658 2.69161693 2.52133662 1.45679184]
 [1.38847719 2.30820641 2.45915761 2.84116696 1.13249758 2.9440496
  1.74089832 2.9384077  1.41355136 1.32264801]
 [2.29479414 2.19503618 1.93002983 1.21016739 1.14259326 1.65944903
  1.34111359 2.80151033 1.90548853 2.04961916]
 [2.98938016 1.49076399 1.18904075 2.15822395 1.77623143 1.54871699
  1.04299414 2.57276196 2.77939029 1.4856939 ]
 [2.77648285 1.11156067 1.36521704 2.29074289 1.92802405 1.45668784
  1.43260224 1.27963205 1.7031271  1.4199967 ]
 [1.33510364 1.21779294 1.07044124 1.63689332 1.73830744 2.06961081
  1.59008364 2.08265413 2.35597671 1.9844162 ]
 [1.30189145 1.94672798 2.65335052 1.16325974 2.79828787 1.0725031
  1.538995   1.03330471 1.99576558 2.73849729]
 [2.44970177 1.52097393 2.17609385 1.54016379 1.11790577 1.73489994
  1.31759864 1.66143428 1.12844468 2.06553655]]
Rh: [[ 3.12310894  4.61757545  1.08426751  3.40828983 12.34814395  9.208943
   2.69613051  6.94092994  4.23950604  1.27591952  6.37940519]
 [ 2.0138178   8.15220274  5.63119983  1.33581342  9.05732926  3.01822949
   1.62836435 16.14930918  2.45614592  1.89743878  1.38165892]
 [ 2.84597987 14.94959069  3.47343728  1.66003255  3.33344859  1.31478889
   8.25366199  6.57906953  1.00837293  1.52200425 13.75720212]
 [ 1.35998511  9.72418339  2.41776816  8.33454651  1.99765717  8.48615292
   2.25756035  6.88007882  6.16538301 12.38946667 13.95802903]
 [ 4.10869465 10.85453649  2.17609604  4.05580251  8.37415809  9.59929552
   2.52525795  4.45204077  4.54616056  8.53425873  3.61647134]
 [ 2.46123937 16.64939244  3.97632865  7.17011653  1.71693338 11.88044553
   9.6835634   9.29947234  4.39677375  1.23917727 10.8528399 ]
 [12.90769747  9.33466691 17.0969472   3.43034682  1.89083219  1.14889963
   2.11545221  8.47501323  1.36896188  3.61567242  5.62952609]
 [ 6.01875588  2.42521384  1.69125066  6.84356472  4.58702352  9.41572788
   6.33655954 10.49152348  1.2651292   3.90471708  1.21659182]
 [ 2.10504459  4.55718118  1.37433854 14.89861321  5.56007586  1.25303936
  12.16442331  2.0906812   2.35670035  1.04988302 11.46245888]
 [ 7.4992754   8.24948451 14.39194051  1.13369565  1.61629931  2.67267584
  17.43945304  1.19238381 18.54507466  6.94838825  6.43280358]]
Rv: [[12.15696046  6.93037971  5.16929008  1.36366506  8.3995203   2.95001434
   6.50540665 13.22471798  1.47106013  1.32508527]
 [ 2.30562462  4.23036943  1.95065976  7.92012109 15.37806114  1.45878639
   7.32216459  1.12976199  9.46871926  1.9598068 ]
 [ 1.08379611  6.41530196  3.44854161  8.70645349  1.49144118  1.31441716
   1.41072467 10.26938523  1.3347961   4.72791985]
 [ 4.97207851  5.20701644 12.05904874  1.19707932 15.3850381   3.10328201
   5.56022846  2.66505625  8.54202792  1.85213405]
 [ 1.31748387  4.70093502  2.09691029  1.17065346  4.32868934 15.20283965
  18.14013863 11.59633055 14.15453556 14.4187984 ]
 [ 3.20612171  1.20453107  3.83349817  2.20980236  1.78669004  1.71528156
   3.19626927  4.37723228  1.34638641  2.30784376]
 [ 4.40721177  7.68515208  1.57311307  3.33560354  1.55362734  4.00233519
   1.52575947  5.21980105  1.30824508  2.97954488]
 [ 6.06480698  5.75755432  1.8039532   2.66734906  2.05189787  1.04038785
  15.19101121  1.04974738  2.99329553  7.62688774]
 [ 1.6259341   5.75175225 15.10555728  6.7683792   3.4129358   2.76773854
   7.98061241  1.73129994  6.2723334   5.44784417]]