-------Running parameters--------
T = 0.051
temperature_gradient = -0.005
gap = 0.0
M = 10
N = 10
VR = 0.0
Vmin = 0.0
Vmax = 1.1
vStep = 0.01
vSym = False
repeats = 20
fileName = array_10_10_disorder_m_t_grad_0.005_run_1
dist = exp
fullOutput = True
use_graph = False
current_map = True
plot_current_map = False
plot_binary_current_map = False
frame_norm = False
dbg = False
resume = False
sc = False
leaping = False
constQ = False
modifyR = False
double_time = False
double_loop = False
output_folder = bgu_2d_array_temperature_gradient_non_symmetric_v
params_path = bgu_2d_array_temperature_gradient/runningParameters_array_10_10_disorder_t_grad_0.005_run_1.txt
VG_avg = 0.0
VG_std = 0.0
C_avg = 2.0
C_std = 1.0
CG_avg = 10.0
CG_std = 0.0
R_avg = 10.0
R_std = 9.0
custom_rh = ""
custom_rv = ""
custom_ch = ""
custom_cv = ""
RG_avg = 500.0
RG_std = 0.0
n0_avg = 0.0
n0_std = 0.0
Q0_avg = 0.0
Q0_std = 0.0
----Array Parameters-----
Rows: 10
Columns: 10
VG: [[0.]
 [0.]
 [0.]
 [0.]
 [0.]
 [0.]
 [0.]
 [0.]
 [0.]
 [0.]
 [0.]
 [0.]
 [0.]
 [0.]
 [0.]
 [0.]
 [0.]
 [0.]
 [0.]
 [0.]
 [0.]
 [0.]
 [0.]
 [0.]
 [0.]
 [0.]
 [0.]
 [0.]
 [0.]
 [0.]
 [0.]
 [0.]
 [0.]
 [0.]
 [0.]
 [0.]
 [0.]
 [0.]
 [0.]
 [0.]
 [0.]
 [0.]
 [0.]
 [0.]
 [0.]
 [0.]
 [0.]
 [0.]
 [0.]
 [0.]
 [0.]
 [0.]
 [0.]
 [0.]
 [0.]
 [0.]
 [0.]
 [0.]
 [0.]
 [0.]
 [0.]
 [0.]
 [0.]
 [0.]
 [0.]
 [0.]
 [0.]
 [0.]
 [0.]
 [0.]
 [0.]
 [0.]
 [0.]
 [0.]
 [0.]
 [0.]
 [0.]
 [0.]
 [0.]
 [0.]
 [0.]
 [0.]
 [0.]
 [0.]
 [0.]
 [0.]
 [0.]
 [0.]
 [0.]
 [0.]
 [0.]
 [0.]
 [0.]
 [0.]
 [0.]
 [0.]
 [0.]
 [0.]
 [0.]
 [0.]]
CG: [[10.]
 [10.]
 [10.]
 [10.]
 [10.]
 [10.]
 [10.]
 [10.]
 [10.]
 [10.]
 [10.]
 [10.]
 [10.]
 [10.]
 [10.]
 [10.]
 [10.]
 [10.]
 [10.]
 [10.]
 [10.]
 [10.]
 [10.]
 [10.]
 [10.]
 [10.]
 [10.]
 [10.]
 [10.]
 [10.]
 [10.]
 [10.]
 [10.]
 [10.]
 [10.]
 [10.]
 [10.]
 [10.]
 [10.]
 [10.]
 [10.]
 [10.]
 [10.]
 [10.]
 [10.]
 [10.]
 [10.]
 [10.]
 [10.]
 [10.]
 [10.]
 [10.]
 [10.]
 [10.]
 [10.]
 [10.]
 [10.]
 [10.]
 [10.]
 [10.]
 [10.]
 [10.]
 [10.]
 [10.]
 [10.]
 [10.]
 [10.]
 [10.]
 [10.]
 [10.]
 [10.]
 [10.]
 [10.]
 [10.]
 [10.]
 [10.]
 [10.]
 [10.]
 [10.]
 [10.]
 [10.]
 [10.]
 [10.]
 [10.]
 [10.]
 [10.]
 [10.]
 [10.]
 [10.]
 [10.]
 [10.]
 [10.]
 [10.]
 [10.]
 [10.]
 [10.]
 [10.]
 [10.]
 [10.]
 [10.]]
RG: [[500.]
 [500.]
 [500.]
 [500.]
 [500.]
 [500.]
 [500.]
 [500.]
 [500.]
 [500.]
 [500.]
 [500.]
 [500.]
 [500.]
 [500.]
 [500.]
 [500.]
 [500.]
 [500.]
 [500.]
 [500.]
 [500.]
 [500.]
 [500.]
 [500.]
 [500.]
 [500.]
 [500.]
 [500.]
 [500.]
 [500.]
 [500.]
 [500.]
 [500.]
 [500.]
 [500.]
 [500.]
 [500.]
 [500.]
 [500.]
 [500.]
 [500.]
 [500.]
 [500.]
 [500.]
 [500.]
 [500.]
 [500.]
 [500.]
 [500.]
 [500.]
 [500.]
 [500.]
 [500.]
 [500.]
 [500.]
 [500.]
 [500.]
 [500.]
 [500.]
 [500.]
 [500.]
 [500.]
 [500.]
 [500.]
 [500.]
 [500.]
 [500.]
 [500.]
 [500.]
 [500.]
 [500.]
 [500.]
 [500.]
 [500.]
 [500.]
 [500.]
 [500.]
 [500.]
 [500.]
 [500.]
 [500.]
 [500.]
 [500.]
 [500.]
 [500.]
 [500.]
 [500.]
 [500.]
 [500.]
 [500.]
 [500.]
 [500.]
 [500.]
 [500.]
 [500.]
 [500.]
 [500.]
 [500.]
 [500.]]
Ch: [[1.85171782 1.8059201  1.9917567  2.0401037  1.41635747 1.71911565
  1.78001028 1.08134225 1.06300446 2.52816727 2.90324211]
 [2.0023188  2.15434116 2.64599367 2.32049245 2.61262464 2.66171818
  1.1498673  2.26696427 1.06934771 2.03589288 1.09922683]
 [1.79005165 1.18195589 1.98078002 1.89984707 2.26974638 2.10386998
  1.33299001 1.45888657 1.02458201 2.56684925 2.7002087 ]
 [1.57727317 1.99578626 2.84576691 1.64483813 2.89928005 1.96325808
  2.66451553 1.97433681 2.84416073 2.50092376 1.08148256]
 [2.60731418 1.14349699 1.33427238 1.84741284 1.81451715 2.12279777
  1.59056021 1.39776025 2.32835426 2.35615958 1.01010227]
 [2.13151471 2.02928382 1.98257389 1.50036306 1.23432819 2.39700971
  2.64011844 1.61929394 2.66280509 2.6718353  2.20794741]
 [1.44016606 1.11695663 2.31449406 2.25026665 2.81436555 1.64962736
  2.66449511 1.18999822 1.65328151 1.35884135 2.59802122]
 [1.64503501 2.97570918 1.45848997 1.59154846 1.6589576  1.95264614
  1.79534027 1.44052811 1.54091825 2.45031341 1.2409686 ]
 [1.02118935 2.77740471 1.88311424 1.03444911 1.64544416 1.42077027
  1.00854533 2.0062025  1.85790767 2.19330104 2.89476705]
 [1.15887006 2.07621148 1.66639704 1.13725423 2.82788397 1.15510229
  2.53797989 2.44464094 2.22146026 1.10038997 1.76751543]]
Cv: [[0.         0.         0.         0.         0.         0.
  0.         0.         0.         0.        ]
 [2.92593107 1.19003322 1.90725987 1.74720799 2.85376493 1.44015089
  2.38894032 1.34382773 1.30994234 1.31945816]
 [2.17962049 1.3046314  2.12905957 1.27769359 1.43656105 2.38400616
  2.62215928 1.61989535 1.00578888 1.25244159]
 [2.3045439  2.65398773 1.78573694 1.20298488 2.60316487 2.85414443
  1.24712255 2.86311157 1.1336837  2.21642034]
 [2.94001229 1.08334604 1.06712472 1.17177356 2.32894474 1.41334794
  1.07584232 1.85640841 1.05748751 1.94468615]
 [1.01645332 1.65323254 1.1160006  2.51325636 1.77323389 1.48503032
  1.60133236 1.53229191 1.86824552 1.79730514]
 [1.18536168 1.07641756 2.60307511 1.85367622 1.30356885 1.46049168
  2.85877125 1.54170756 1.29403883 1.89621146]
 [1.36596192 2.75969122 2.22626448 1.23573465 2.34897284 1.96748104
  2.76267595 1.3811969  1.94487229 1.82589398]
 [2.69847771 1.17260257 1.46169259 1.66930767 1.35808887 2.8008056
  1.22210706 1.69273972 2.35671959 1.37898655]
 [1.26967712 2.28786295 1.29291407 1.5474588  1.87432352 2.02800205
  2.18362908 2.8061653  2.72830823 1.02113086]]
Rh: [[ 1.66910336 13.72228585  2.37095839  8.91229058  5.02199893  5.62483288
   1.69374624 11.7746162   4.15514583 18.61151406  7.6466021 ]
 [ 1.06644937  5.0015966   9.967772    3.94032432  2.21500502  2.06647644
   8.77685563  1.88883114  1.36346775  1.08447482 11.29655575]
 [ 1.90616334 12.51095476  2.11079802 13.42808694  6.90718984  8.80230075
   2.09994045  1.41739145  4.39445863  1.84979429  7.8442955 ]
 [ 1.15697445  4.06270064  2.42429319  5.72376755  2.0012739   4.09833092
  16.64884983 13.38888969  5.10175805  4.59716336  6.83684974]
 [ 6.56771457  3.33103303  3.06608181  6.44720594  3.96908223  1.76191147
  18.58609052  2.8685578   2.58452679  3.05099252  5.19124681]
 [ 2.06359374 17.48882048 16.67711945  2.43174689  3.74357098  1.08608257
   1.74040864  7.466251    2.25046919 16.22980744  1.9498262 ]
 [13.74929805  1.39184047  3.38805425  1.10658489  1.38917107  8.69978481
   2.46877157  1.32788991  8.28951373  5.85709343  2.32574895]
 [ 1.09489768  1.1122338   3.51140898  1.58612958  3.41700756 11.13386598
   8.09569011 14.74574189  2.87352024  1.16721545  4.67986287]
 [13.01042048 13.21677637  2.73221846  1.32925436  3.45513514  1.52947065
   1.051815   18.19131671  3.03259816  8.09453516  1.09674956]
 [ 1.55655704  1.57692353  1.05970746  3.33078393  7.52473218  9.77344657
   1.09564028  4.71588808  2.03905129  1.23763785  1.48120765]]
Rv: [[ 4.68294177  2.35029671  4.23088707  2.90677416  9.6674985   4.09377695
   4.99237668  1.59598145  1.05298476  1.92681304]
 [ 3.22629521  1.13542143  4.25059328  7.3330139   5.84748754  1.93342627
   6.65835831  3.90518584  1.11025801 11.45060751]
 [ 6.11874034  2.01740844  4.29255563  2.05045253  1.72694601  2.06290226
   2.31226949  4.19075034  2.54057788  7.61470245]
 [ 1.93728401  8.25530283  1.26375879  3.58157506  2.1198173   2.52790287
   9.11907944 10.3226836   8.58276279  5.47365743]
 [ 4.37183109 15.16451761  8.11219697  9.38734797 11.98714529  1.07068637
   6.35050936 11.42490527 14.74587244  2.92233287]
 [ 9.26302163  1.18309363  8.09383243  4.31485763 16.96521868  6.71938227
   1.37737926  5.44761121 12.26812805 11.73729668]
 [13.93546579  1.04986681  7.81537068  6.04067876  2.26183937  1.95478933
  10.84458503 12.35610883  2.86607911 18.48425836]
 [ 9.01627302  3.64899184  4.16707584 13.8199465   8.7645659   3.32166869
   7.96529018  1.60705395  1.25877324  2.94545643]
 [ 5.86545647  7.69718688  6.56861376  2.20635801  9.72400795  3.17332133
   7.31870029  1.15402156  3.08579362  4.31648813]]