-------Running parameters--------
T = 0.001
temperature_gradient = 0.0
gap = 0.0
M = 10
N = 10
VR = 0.0
Vmin = 0.0
Vmax = 1.1
vStep = 0.001
vSym = True
repeats = 50
fileName = array_10_10_r_std_19_run_2
dist = exp
fullOutput = True
use_graph = False
current_map = False
plot_current_map = False
plot_binary_current_map = False
frame_norm = False
dbg = False
resume = False
sc = False
leaping = False
constQ = False
modifyR = False
double_time = False
double_loop = False
calcIT = False
output_folder = bgu_2d_finite_temperature_different_r_disorders
params_path = 
VG_avg = 0.0
VG_std = 0.0
C_avg = 2.0
C_std = 0.1
CG_avg = 10.0
CG_std = 0.0
R_avg = 20.0
R_std = 19.0
custom_rh = ""
custom_rv = ""
custom_ch = ""
custom_cv = ""
RG_avg = 500.0
RG_std = 0.0
n0_avg = 0.0
n0_std = 0.0
Q0_avg = 0.0
Q0_std = 0.0
----Array Parameters-----
Rows: 10
Columns: 10
VG: [[0.]
 [0.]
 [0.]
 [0.]
 [0.]
 [0.]
 [0.]
 [0.]
 [0.]
 [0.]
 [0.]
 [0.]
 [0.]
 [0.]
 [0.]
 [0.]
 [0.]
 [0.]
 [0.]
 [0.]
 [0.]
 [0.]
 [0.]
 [0.]
 [0.]
 [0.]
 [0.]
 [0.]
 [0.]
 [0.]
 [0.]
 [0.]
 [0.]
 [0.]
 [0.]
 [0.]
 [0.]
 [0.]
 [0.]
 [0.]
 [0.]
 [0.]
 [0.]
 [0.]
 [0.]
 [0.]
 [0.]
 [0.]
 [0.]
 [0.]
 [0.]
 [0.]
 [0.]
 [0.]
 [0.]
 [0.]
 [0.]
 [0.]
 [0.]
 [0.]
 [0.]
 [0.]
 [0.]
 [0.]
 [0.]
 [0.]
 [0.]
 [0.]
 [0.]
 [0.]
 [0.]
 [0.]
 [0.]
 [0.]
 [0.]
 [0.]
 [0.]
 [0.]
 [0.]
 [0.]
 [0.]
 [0.]
 [0.]
 [0.]
 [0.]
 [0.]
 [0.]
 [0.]
 [0.]
 [0.]
 [0.]
 [0.]
 [0.]
 [0.]
 [0.]
 [0.]
 [0.]
 [0.]
 [0.]
 [0.]]
CG: [[10.]
 [10.]
 [10.]
 [10.]
 [10.]
 [10.]
 [10.]
 [10.]
 [10.]
 [10.]
 [10.]
 [10.]
 [10.]
 [10.]
 [10.]
 [10.]
 [10.]
 [10.]
 [10.]
 [10.]
 [10.]
 [10.]
 [10.]
 [10.]
 [10.]
 [10.]
 [10.]
 [10.]
 [10.]
 [10.]
 [10.]
 [10.]
 [10.]
 [10.]
 [10.]
 [10.]
 [10.]
 [10.]
 [10.]
 [10.]
 [10.]
 [10.]
 [10.]
 [10.]
 [10.]
 [10.]
 [10.]
 [10.]
 [10.]
 [10.]
 [10.]
 [10.]
 [10.]
 [10.]
 [10.]
 [10.]
 [10.]
 [10.]
 [10.]
 [10.]
 [10.]
 [10.]
 [10.]
 [10.]
 [10.]
 [10.]
 [10.]
 [10.]
 [10.]
 [10.]
 [10.]
 [10.]
 [10.]
 [10.]
 [10.]
 [10.]
 [10.]
 [10.]
 [10.]
 [10.]
 [10.]
 [10.]
 [10.]
 [10.]
 [10.]
 [10.]
 [10.]
 [10.]
 [10.]
 [10.]
 [10.]
 [10.]
 [10.]
 [10.]
 [10.]
 [10.]
 [10.]
 [10.]
 [10.]
 [10.]]
RG: [[500.]
 [500.]
 [500.]
 [500.]
 [500.]
 [500.]
 [500.]
 [500.]
 [500.]
 [500.]
 [500.]
 [500.]
 [500.]
 [500.]
 [500.]
 [500.]
 [500.]
 [500.]
 [500.]
 [500.]
 [500.]
 [500.]
 [500.]
 [500.]
 [500.]
 [500.]
 [500.]
 [500.]
 [500.]
 [500.]
 [500.]
 [500.]
 [500.]
 [500.]
 [500.]
 [500.]
 [500.]
 [500.]
 [500.]
 [500.]
 [500.]
 [500.]
 [500.]
 [500.]
 [500.]
 [500.]
 [500.]
 [500.]
 [500.]
 [500.]
 [500.]
 [500.]
 [500.]
 [500.]
 [500.]
 [500.]
 [500.]
 [500.]
 [500.]
 [500.]
 [500.]
 [500.]
 [500.]
 [500.]
 [500.]
 [500.]
 [500.]
 [500.]
 [500.]
 [500.]
 [500.]
 [500.]
 [500.]
 [500.]
 [500.]
 [500.]
 [500.]
 [500.]
 [500.]
 [500.]
 [500.]
 [500.]
 [500.]
 [500.]
 [500.]
 [500.]
 [500.]
 [500.]
 [500.]
 [500.]
 [500.]
 [500.]
 [500.]
 [500.]
 [500.]
 [500.]
 [500.]
 [500.]
 [500.]
 [500.]]
Ch: [[1.91819668 2.04232898 1.93325832 1.94589787 1.93687959 1.99060484
  1.97812464 1.99574099 2.02287517 1.96392046 2.014839  ]
 [1.91627163 2.05407449 2.00615211 1.94119303 2.05847486 1.99106262
  1.99280554 2.08543509 2.08143582 2.00378995 1.92880189]
 [2.03999334 1.93046647 1.90554264 2.04120618 2.00498672 2.00827047
  1.92636068 1.91655747 2.05004901 2.09306707 1.94608781]
 [2.01163514 1.94147241 1.98064127 1.93692676 1.91947109 1.94865301
  1.9289166  2.01634551 1.92406212 2.0792008  2.02899045]
 [2.08509949 2.04881797 1.93210153 2.01808918 1.91658771 1.93703862
  1.92389519 1.96085172 1.92083079 1.98454975 1.91740272]
 [1.96947344 2.09981449 2.00071961 2.04132829 1.94420221 2.05595785
  2.05880946 1.91247215 2.06090017 1.90521443 1.93758339]
 [2.09296553 2.05598922 1.98494991 2.06759426 1.9163182  1.91637089
  2.00528317 2.02112234 2.00524654 2.0417101  1.94315005]
 [1.96666273 2.09065028 2.05116712 2.07325972 1.94913998 2.01728908
  1.91407302 1.93614554 2.03397548 2.06330281 1.96471525]
 [1.98741496 2.06952996 2.08678632 1.96371903 1.93680702 1.91642636
  1.9851082  2.02962076 1.96903941 1.98205148 1.92272674]
 [2.09001874 2.04706115 2.01222993 1.99534761 1.93422682 1.92765206
  2.08026315 2.01260829 1.90578654 1.99349366 1.98673241]]
Cv: [[0.         0.         0.         0.         0.         0.
  0.         0.         0.         0.        ]
 [1.96706243 1.90498772 2.04114281 1.9981697  2.07978557 2.07106135
  2.039282   2.0383907  2.09424908 2.05484596]
 [2.05347074 1.97886034 1.91953267 2.07181885 1.94204237 1.93238793
  1.92989202 2.09176288 2.08835129 1.95146529]
 [2.00120807 2.09858753 2.05709959 1.93024169 1.94399864 1.98869125
  2.05494689 2.03467046 2.01417842 1.9104889 ]
 [2.0023381  1.93039813 1.97324742 1.94929668 1.97395671 1.94187339
  2.08150496 1.97337782 1.9441921  1.99172718]
 [1.96657752 2.05897415 2.0702646  1.98754665 2.01459515 1.98612514
  1.94534882 2.03532839 1.90447544 1.90825612]
 [2.00957701 2.04426363 2.0464355  1.94464601 1.96148467 2.07613786
  1.92312718 2.07317478 1.98181228 1.91326603]
 [1.96422079 1.99770178 1.94803119 1.96222687 2.04887721 1.93712118
  2.00431031 1.97714083 2.09711456 1.96084857]
 [2.05883379 1.9918374  2.08809289 1.95512608 2.03771    1.93978276
  2.04519792 2.00327429 1.97981673 1.99983531]
 [1.98094288 2.08616477 2.01371183 1.93339255 1.96057159 2.00827156
  2.00655542 1.97713708 1.96876859 2.03899064]]
Rh: [[ 2.81453725  2.76687026 17.38763045  4.30019693  7.65358419 18.55981565
   4.54340893  1.11537866  3.02559938  1.94274375 35.59315216]
 [33.47962755  1.08859751  1.57718686  7.30217565  1.42431684  4.41476212
  12.8640649  17.1612564  23.46964915  2.83662391  1.34725942]
 [ 1.23523286 15.19406738  9.08776287  6.29185547  8.95484542 29.51245256
   2.69110516  7.68344603  7.86314562 17.01505929  3.0250969 ]
 [ 1.71139525  5.71160697  1.0551958   9.21700223 11.45271277  1.33584753
   3.70464078 14.87130384  2.11924655  4.33230449  4.26971849]
 [36.81028492  1.25985605  3.58408305  3.3726245   4.9207968   5.09007464
  26.15833302  5.22941628  1.30169306  6.28969476  8.04421831]
 [ 2.37689659 24.43184104  1.09589163  7.60314635  8.33803353  2.02878389
   8.05886651  1.18504267  4.90303375 29.84463585  1.73889913]
 [ 6.42460052  1.10983653  1.49507219 27.39468096  1.12532424 12.0618629
   1.99592228  1.03104008  4.59307333  2.6925863  14.11953994]
 [ 2.24328674 31.51117614  1.53029446  3.08381391  5.34486307 20.41033688
  14.87381962 29.84716909 13.30742567 12.93848169  3.11568673]
 [20.03321617 17.50831248 11.53679486  3.62405084 36.13199896  1.65848056
  16.48234132  1.94744152 18.1791395  37.97426638  1.79742609]
 [11.26492245  1.82115256  7.03573859  1.53599452 22.41989202  2.18439665
   2.40752023  3.23007267 19.02716087 38.55880636 10.86473027]]
Rv: [[ 1.734332    1.74098945  4.50705122  5.20429169  3.46115241  8.19177577
  26.83560051 23.05462231  1.60395115  3.11167562]
 [11.51267813  1.52982778  4.30731881  1.04720887 21.25758989  1.508961
   1.2123865  32.59511916  6.50202202  1.03460889]
 [16.50065832  1.01984016  4.12542858  4.89232892  1.06701668  8.82466671
   9.7350476  33.32672894  1.96449854  4.52285126]
 [ 2.28485815 13.63652738 21.29242233  1.44036213  2.39629421  6.5777508
   7.14830255  6.89259492  4.46287176  1.09571135]
 [ 7.50713097  7.76177661 11.15896701  3.52442294 25.68354712 10.24789058
  29.17038345 30.61055052 23.91955863  8.92240797]
 [ 1.47834625  3.98841531 33.0469504   1.83415075 15.14085237 15.32063529
   2.85101748  1.05423145 27.84602988  4.66162884]
 [23.62068631  9.83442933  4.51825304  2.16793518  1.20368312  3.88205466
  23.32700212  1.89759365 11.01333698 28.07761841]
 [ 3.95283061  3.98258703  3.50168615 36.3042548   1.56778366  3.06711121
   1.03389415  5.96820081  7.27539322  3.5367539 ]
 [ 1.74467247  2.75264355 11.05724329  1.21686093 18.0177291   3.59621696
   7.32608881 15.36992106  2.74848079 22.19810427]]