-------Running parameters--------
T = 0.001
temperature_gradient = 0.0
gap = 0.0
M = 10
N = 10
VR = 0.0
Vmin = 0.0
Vmax = 1.1
vStep = 0.001
vSym = True
repeats = 50
fileName = array_10_10_r_std_19_run_3
dist = exp
fullOutput = True
use_graph = False
current_map = False
plot_current_map = False
plot_binary_current_map = False
frame_norm = False
dbg = False
resume = False
sc = False
leaping = False
constQ = False
modifyR = False
double_time = False
double_loop = False
calcIT = False
output_folder = bgu_2d_finite_temperature_different_r_disorders
params_path = 
VG_avg = 0.0
VG_std = 0.0
C_avg = 2.0
C_std = 0.1
CG_avg = 10.0
CG_std = 0.0
R_avg = 20.0
R_std = 19.0
custom_rh = ""
custom_rv = ""
custom_ch = ""
custom_cv = ""
RG_avg = 500.0
RG_std = 0.0
n0_avg = 0.0
n0_std = 0.0
Q0_avg = 0.0
Q0_std = 0.0
----Array Parameters-----
Rows: 10
Columns: 10
VG: [[0.]
 [0.]
 [0.]
 [0.]
 [0.]
 [0.]
 [0.]
 [0.]
 [0.]
 [0.]
 [0.]
 [0.]
 [0.]
 [0.]
 [0.]
 [0.]
 [0.]
 [0.]
 [0.]
 [0.]
 [0.]
 [0.]
 [0.]
 [0.]
 [0.]
 [0.]
 [0.]
 [0.]
 [0.]
 [0.]
 [0.]
 [0.]
 [0.]
 [0.]
 [0.]
 [0.]
 [0.]
 [0.]
 [0.]
 [0.]
 [0.]
 [0.]
 [0.]
 [0.]
 [0.]
 [0.]
 [0.]
 [0.]
 [0.]
 [0.]
 [0.]
 [0.]
 [0.]
 [0.]
 [0.]
 [0.]
 [0.]
 [0.]
 [0.]
 [0.]
 [0.]
 [0.]
 [0.]
 [0.]
 [0.]
 [0.]
 [0.]
 [0.]
 [0.]
 [0.]
 [0.]
 [0.]
 [0.]
 [0.]
 [0.]
 [0.]
 [0.]
 [0.]
 [0.]
 [0.]
 [0.]
 [0.]
 [0.]
 [0.]
 [0.]
 [0.]
 [0.]
 [0.]
 [0.]
 [0.]
 [0.]
 [0.]
 [0.]
 [0.]
 [0.]
 [0.]
 [0.]
 [0.]
 [0.]
 [0.]]
CG: [[10.]
 [10.]
 [10.]
 [10.]
 [10.]
 [10.]
 [10.]
 [10.]
 [10.]
 [10.]
 [10.]
 [10.]
 [10.]
 [10.]
 [10.]
 [10.]
 [10.]
 [10.]
 [10.]
 [10.]
 [10.]
 [10.]
 [10.]
 [10.]
 [10.]
 [10.]
 [10.]
 [10.]
 [10.]
 [10.]
 [10.]
 [10.]
 [10.]
 [10.]
 [10.]
 [10.]
 [10.]
 [10.]
 [10.]
 [10.]
 [10.]
 [10.]
 [10.]
 [10.]
 [10.]
 [10.]
 [10.]
 [10.]
 [10.]
 [10.]
 [10.]
 [10.]
 [10.]
 [10.]
 [10.]
 [10.]
 [10.]
 [10.]
 [10.]
 [10.]
 [10.]
 [10.]
 [10.]
 [10.]
 [10.]
 [10.]
 [10.]
 [10.]
 [10.]
 [10.]
 [10.]
 [10.]
 [10.]
 [10.]
 [10.]
 [10.]
 [10.]
 [10.]
 [10.]
 [10.]
 [10.]
 [10.]
 [10.]
 [10.]
 [10.]
 [10.]
 [10.]
 [10.]
 [10.]
 [10.]
 [10.]
 [10.]
 [10.]
 [10.]
 [10.]
 [10.]
 [10.]
 [10.]
 [10.]
 [10.]]
RG: [[500.]
 [500.]
 [500.]
 [500.]
 [500.]
 [500.]
 [500.]
 [500.]
 [500.]
 [500.]
 [500.]
 [500.]
 [500.]
 [500.]
 [500.]
 [500.]
 [500.]
 [500.]
 [500.]
 [500.]
 [500.]
 [500.]
 [500.]
 [500.]
 [500.]
 [500.]
 [500.]
 [500.]
 [500.]
 [500.]
 [500.]
 [500.]
 [500.]
 [500.]
 [500.]
 [500.]
 [500.]
 [500.]
 [500.]
 [500.]
 [500.]
 [500.]
 [500.]
 [500.]
 [500.]
 [500.]
 [500.]
 [500.]
 [500.]
 [500.]
 [500.]
 [500.]
 [500.]
 [500.]
 [500.]
 [500.]
 [500.]
 [500.]
 [500.]
 [500.]
 [500.]
 [500.]
 [500.]
 [500.]
 [500.]
 [500.]
 [500.]
 [500.]
 [500.]
 [500.]
 [500.]
 [500.]
 [500.]
 [500.]
 [500.]
 [500.]
 [500.]
 [500.]
 [500.]
 [500.]
 [500.]
 [500.]
 [500.]
 [500.]
 [500.]
 [500.]
 [500.]
 [500.]
 [500.]
 [500.]
 [500.]
 [500.]
 [500.]
 [500.]
 [500.]
 [500.]
 [500.]
 [500.]
 [500.]
 [500.]]
Ch: [[2.083502   1.99296671 2.06949988 1.97242065 1.92349116 1.99744518
  1.92229267 2.0645128  2.03088078 1.97408364 1.95738125]
 [1.93101081 1.94158918 1.99583078 1.96652564 2.04713481 2.07657466
  1.98181619 2.09364435 1.93147547 2.08690512 2.01801304]
 [1.96505389 1.93073018 1.95318402 2.0465148  2.08133878 1.94739148
  1.91332506 2.000967   1.98620129 1.94072157 2.07750073]
 [2.08695612 2.08356434 1.97019976 1.92274131 1.9511423  2.06161774
  1.95414961 1.98200312 2.06878688 1.97471754 1.99840138]
 [1.9836626  1.90874756 2.04506921 2.0754394  2.01444012 1.97057182
  2.03159306 2.04848268 1.95814482 2.07236422 2.02518196]
 [2.00248125 2.01479595 1.937435   2.07879341 2.0996735  2.09732688
  1.94426107 2.03205891 2.03051051 2.08051585 1.92450752]
 [2.04436994 1.93885142 2.01206048 1.91173826 2.03590828 1.90494963
  1.9848238  1.92069195 2.03669749 2.08812095 2.0369244 ]
 [1.92353848 1.91438868 2.07923372 1.978039   1.98580966 1.96504518
  1.90791681 2.04942731 2.05950539 1.93115658 1.9764177 ]
 [1.98614897 1.95136854 2.07883666 1.9412899  1.93935643 1.94108292
  2.00147904 1.93700858 1.98087184 1.96917251 1.96246956]
 [1.98731667 1.96493043 1.9158636  2.03802905 1.90358994 1.94802301
  2.03798786 2.05217436 1.91600195 1.9019385  2.07915262]]
Cv: [[0.         0.         0.         0.         0.         0.
  0.         0.         0.         0.        ]
 [1.91444429 1.98582313 1.93147907 2.06098907 1.91905843 1.90016086
  2.06117292 1.92337755 1.95732294 1.93485698]
 [2.00226269 2.08901722 2.01594762 2.00140208 2.07870591 2.08615741
  1.90619046 2.04934935 1.95161667 2.04477404]
 [2.05295918 2.09297242 1.92168484 1.92998121 1.92241165 2.07255597
  2.06696384 1.96171094 2.09194006 2.03108216]
 [2.07224939 2.01511351 2.09898243 2.05533248 2.04136273 1.90921788
  1.91273286 2.07391766 1.93194038 2.06112834]
 [2.037195   1.91986503 1.96121112 2.04152086 1.97505666 2.00204803
  2.02491926 1.93912322 2.00433649 1.90306532]
 [1.91324357 2.05644939 2.08502888 1.95920738 1.91920079 1.95915574
  1.90415057 2.0584991  1.92615245 1.95975136]
 [1.97915087 1.95010624 1.9266109  1.94876127 1.92660355 1.91733344
  1.97876102 2.08873923 1.98829096 1.90437105]
 [1.97787335 2.02042341 1.97596496 1.95151193 1.90958317 1.92080726
  2.09738358 2.02409758 2.00682931 1.98954361]
 [1.95580245 2.04375316 1.94409975 1.93043014 1.92048244 1.96046951
  2.05662588 1.95588981 1.96211913 1.95960122]]
Rh: [[ 4.10525373  7.27165884 36.37417097  2.50022802 18.47609412 18.5846102
   3.20643402  6.23241859 24.15479186  2.58057704  1.6301843 ]
 [ 3.2428152  38.50591538 15.74528636  2.54597088 38.79749743  2.14612677
   1.69474238 28.10531699 11.76656804  7.47693177  4.73051623]
 [ 1.63225758  7.42227849 13.21431373 21.48397861 19.1804438  31.6728975
  14.34432191  1.50513879 33.51575975  2.43401176 17.67577261]
 [ 3.90670165 28.54578302 11.49883081 21.1129215   1.74475998 10.67534194
   5.20075544 14.18855318  2.10241326  1.50401708  1.5136134 ]
 [ 5.87944891  2.56654088 23.85189175  1.01321843  4.45871631  2.31881809
   2.14468203  1.02286513  5.3839485  26.10455642  2.5565072 ]
 [ 1.97549545  1.58162517  1.27079546 12.99384965 25.91205992 12.52069993
  18.08380574 21.1007968  30.53878553 11.48557097 14.21134797]
 [ 3.02888163  1.82789925  2.74977043 28.47000352  1.32994499 36.19058003
  20.25581024 14.79585512 22.64751396  2.20219698 25.72595071]
 [ 5.0183172   1.07991156  5.45858829  7.18613464  1.80044678  9.22579009
   2.59841821  9.93297178  2.8143143   5.37298643  3.06411863]
 [ 1.5066023  13.34406728 37.59772991 28.18228441 30.29783774  1.27167262
   2.09585564  4.6042154   1.37642941  1.29761159  3.98724263]
 [ 7.54881342  6.16980865 28.76920603  3.96783173  3.41075245 22.68527304
   7.26098719  4.79156378 27.27320614  6.77997883 14.98830608]]
Rv: [[23.98201224  1.32891838 13.42738549  1.18527704 19.09173822  4.33241406
   5.44419235  4.39189136 32.7740754  16.27439774]
 [ 4.17058651  1.82541107  1.0585249   2.1113392   7.23000868  1.09441622
   6.36987495  3.58711345 21.98388377  3.01018702]
 [16.3246159   3.15420283  1.0707773   2.66538933 30.24648111  1.10059508
  20.80799543  1.75293438  4.22512059  4.6006362 ]
 [ 2.50254992  1.17580752  8.18660364  1.85452217 26.91335691  4.45539146
   1.61729506  1.37582016 32.191457   19.80481456]
 [ 8.22482905  1.00766483  3.30509962 29.59631055 36.69539069  1.01252892
   2.67150592  1.41199386  2.42285055  1.93437034]
 [ 2.15282427  2.0939774   4.50003833  5.08360899  8.75655099  3.00187195
   2.94330413  3.32721519  5.39295498  1.8355752 ]
 [ 1.29574407  5.47224701  9.47245063 18.15970043  1.92427027  1.72287353
   5.60163733  1.16286921  2.96187502  1.13807999]
 [26.46832035  7.1266396   2.31472816 22.24304448  4.38257511  1.03373698
   1.07214635 24.13212418  9.06382721  5.0840985 ]
 [ 1.19832209  1.69146667  3.14592425  2.16160748  7.74726565  2.97897636
   7.11751162 23.67088675  2.55697316 16.48761125]]