-------Running parameters--------
T = 0.001
temperature_gradient = 0.0
gap = 0.0
M = 10
N = 10
VR = 0.0
Vmin = 0.0
Vmax = 1.1
vStep = 0.001
vSym = True
repeats = 50
fileName = array_10_10_r_std_19_run_4
dist = exp
fullOutput = True
use_graph = False
current_map = False
plot_current_map = False
plot_binary_current_map = False
frame_norm = False
dbg = False
resume = False
sc = False
leaping = False
constQ = False
modifyR = False
double_time = False
double_loop = False
calcIT = False
output_folder = bgu_2d_finite_temperature_different_r_disorders
params_path = 
VG_avg = 0.0
VG_std = 0.0
C_avg = 2.0
C_std = 0.1
CG_avg = 10.0
CG_std = 0.0
R_avg = 20.0
R_std = 19.0
custom_rh = ""
custom_rv = ""
custom_ch = ""
custom_cv = ""
RG_avg = 500.0
RG_std = 0.0
n0_avg = 0.0
n0_std = 0.0
Q0_avg = 0.0
Q0_std = 0.0
----Array Parameters-----
Rows: 10
Columns: 10
VG: [[0.]
 [0.]
 [0.]
 [0.]
 [0.]
 [0.]
 [0.]
 [0.]
 [0.]
 [0.]
 [0.]
 [0.]
 [0.]
 [0.]
 [0.]
 [0.]
 [0.]
 [0.]
 [0.]
 [0.]
 [0.]
 [0.]
 [0.]
 [0.]
 [0.]
 [0.]
 [0.]
 [0.]
 [0.]
 [0.]
 [0.]
 [0.]
 [0.]
 [0.]
 [0.]
 [0.]
 [0.]
 [0.]
 [0.]
 [0.]
 [0.]
 [0.]
 [0.]
 [0.]
 [0.]
 [0.]
 [0.]
 [0.]
 [0.]
 [0.]
 [0.]
 [0.]
 [0.]
 [0.]
 [0.]
 [0.]
 [0.]
 [0.]
 [0.]
 [0.]
 [0.]
 [0.]
 [0.]
 [0.]
 [0.]
 [0.]
 [0.]
 [0.]
 [0.]
 [0.]
 [0.]
 [0.]
 [0.]
 [0.]
 [0.]
 [0.]
 [0.]
 [0.]
 [0.]
 [0.]
 [0.]
 [0.]
 [0.]
 [0.]
 [0.]
 [0.]
 [0.]
 [0.]
 [0.]
 [0.]
 [0.]
 [0.]
 [0.]
 [0.]
 [0.]
 [0.]
 [0.]
 [0.]
 [0.]
 [0.]]
CG: [[10.]
 [10.]
 [10.]
 [10.]
 [10.]
 [10.]
 [10.]
 [10.]
 [10.]
 [10.]
 [10.]
 [10.]
 [10.]
 [10.]
 [10.]
 [10.]
 [10.]
 [10.]
 [10.]
 [10.]
 [10.]
 [10.]
 [10.]
 [10.]
 [10.]
 [10.]
 [10.]
 [10.]
 [10.]
 [10.]
 [10.]
 [10.]
 [10.]
 [10.]
 [10.]
 [10.]
 [10.]
 [10.]
 [10.]
 [10.]
 [10.]
 [10.]
 [10.]
 [10.]
 [10.]
 [10.]
 [10.]
 [10.]
 [10.]
 [10.]
 [10.]
 [10.]
 [10.]
 [10.]
 [10.]
 [10.]
 [10.]
 [10.]
 [10.]
 [10.]
 [10.]
 [10.]
 [10.]
 [10.]
 [10.]
 [10.]
 [10.]
 [10.]
 [10.]
 [10.]
 [10.]
 [10.]
 [10.]
 [10.]
 [10.]
 [10.]
 [10.]
 [10.]
 [10.]
 [10.]
 [10.]
 [10.]
 [10.]
 [10.]
 [10.]
 [10.]
 [10.]
 [10.]
 [10.]
 [10.]
 [10.]
 [10.]
 [10.]
 [10.]
 [10.]
 [10.]
 [10.]
 [10.]
 [10.]
 [10.]]
RG: [[500.]
 [500.]
 [500.]
 [500.]
 [500.]
 [500.]
 [500.]
 [500.]
 [500.]
 [500.]
 [500.]
 [500.]
 [500.]
 [500.]
 [500.]
 [500.]
 [500.]
 [500.]
 [500.]
 [500.]
 [500.]
 [500.]
 [500.]
 [500.]
 [500.]
 [500.]
 [500.]
 [500.]
 [500.]
 [500.]
 [500.]
 [500.]
 [500.]
 [500.]
 [500.]
 [500.]
 [500.]
 [500.]
 [500.]
 [500.]
 [500.]
 [500.]
 [500.]
 [500.]
 [500.]
 [500.]
 [500.]
 [500.]
 [500.]
 [500.]
 [500.]
 [500.]
 [500.]
 [500.]
 [500.]
 [500.]
 [500.]
 [500.]
 [500.]
 [500.]
 [500.]
 [500.]
 [500.]
 [500.]
 [500.]
 [500.]
 [500.]
 [500.]
 [500.]
 [500.]
 [500.]
 [500.]
 [500.]
 [500.]
 [500.]
 [500.]
 [500.]
 [500.]
 [500.]
 [500.]
 [500.]
 [500.]
 [500.]
 [500.]
 [500.]
 [500.]
 [500.]
 [500.]
 [500.]
 [500.]
 [500.]
 [500.]
 [500.]
 [500.]
 [500.]
 [500.]
 [500.]
 [500.]
 [500.]
 [500.]]
Ch: [[2.07248651 1.94108062 1.93382943 2.0815513  2.08629039 2.00293497
  2.08767915 2.08114091 1.9035809  2.01146104 1.95713614]
 [1.9704723  1.94779192 1.9292952  2.09638738 2.0355282  1.95900237
  2.0839581  1.96523684 2.07566155 2.01063828 2.04147784]
 [1.98972901 1.91641808 1.95101007 1.98121658 1.90992751 1.96548638
  1.98583214 2.08969883 1.95232603 2.08215595 2.08303296]
 [1.94141581 1.96096245 1.96015142 1.96400622 1.93095074 1.95255022
  2.06410914 1.99888837 1.99049603 2.01753603 2.06247551]
 [2.04168549 2.06336128 2.00606372 2.06137031 1.95713097 2.03106005
  1.95342645 2.04034795 2.02959106 1.94453007 1.95098387]
 [1.96436615 2.03803012 2.00629947 1.95004058 2.03889628 1.94160783
  1.93853345 2.02073442 2.04795345 1.92792026 2.00906426]
 [1.93925805 1.96903236 1.98681096 2.06321146 1.90754861 1.90410837
  2.06373791 2.06481482 1.98670088 1.98078304 2.02156798]
 [1.90858642 1.90103947 1.95820146 1.98382199 2.06481926 2.02290763
  2.02830717 1.99642194 2.07771188 1.91761549 1.939002  ]
 [2.02744185 1.97102244 2.06117453 1.96188125 1.9540764  1.97468137
  2.0326166  1.90964809 2.00005564 2.08630394 1.97615901]
 [2.04839911 2.04925544 2.01094647 2.08219292 2.09989082 2.01753501
  1.99690195 2.02846291 2.0155423  1.92943167 1.99464796]]
Cv: [[0.         0.         0.         0.         0.         0.
  0.         0.         0.         0.        ]
 [2.08685241 1.96238012 2.04070805 2.06850357 1.99698619 1.91418399
  1.9454344  2.06553293 2.08660496 1.93877281]
 [1.99429345 1.901775   2.0276832  2.02132229 2.07390176 1.90319698
  1.97966966 2.09523192 2.03628256 1.96625299]
 [2.06162323 2.01796928 1.91576162 1.91209508 2.09128099 2.06021659
  1.92044292 2.0064288  2.06928418 1.99423535]
 [2.0669408  2.05719265 2.08926384 1.92625622 1.94799068 1.9222057
  1.92677548 2.09347524 1.98064951 1.96832928]
 [2.02057911 2.09862234 1.9752129  2.00692628 1.99678806 1.97148378
  2.06710408 2.00287915 1.92952346 2.02872546]
 [1.95441484 2.08363202 1.99973164 2.0193934  2.01277728 2.08149404
  2.07530524 2.02801088 1.96403065 2.08041906]
 [1.96699759 1.95638985 1.9812403  1.9157771  1.96915087 1.95840887
  2.02753239 1.98614426 2.02134269 1.99828775]
 [1.99196559 1.93126809 2.03558337 2.08510749 2.09408375 2.02608426
  2.08940828 2.01500102 2.01802664 2.05230677]
 [2.06248715 2.0865176  1.91936433 1.93405975 2.04863358 1.94390215
  2.04307004 1.97994318 1.96889009 2.08384525]]
Rh: [[20.61421043  1.29416152  9.6770044   6.63274882  1.07125561  1.13463404
   3.44310722 38.380017    3.86138649  5.10441899 17.68630683]
 [37.17354844 17.63786342  7.73550457  4.48169626  5.21117374 35.59371169
   2.08635706  3.4619039   1.12449884  5.06965255  4.72681384]
 [ 4.30569848 36.08736551 32.16510581  1.04430063 19.00956339 28.77736313
   1.5155603   2.56035173 37.54349674  7.23305267  3.76825088]
 [12.40836163  3.09533975  9.55708942 19.73301524  2.09267571  6.92829749
   3.93466487 34.18306526  3.69955749  1.11752668  1.95723044]
 [10.03455583 30.27446182 11.34781278 17.98616186  3.11132489  2.85887474
   2.42147892  1.34684452  5.52977885  1.07231849 12.38593049]
 [ 1.10188758  3.0800756   2.08795476 35.18712811 10.27178263 31.40261814
   2.03183221  4.6949972  17.51069061 19.45727342 10.05814362]
 [11.95817871  7.12533011  2.90992722 23.12064672 33.75230483 12.28750543
   8.51944987 24.02675826  8.54381182  1.05216382  4.58644891]
 [ 8.690796    7.11652224 30.5321695   1.93119625 30.55613846  2.33397716
   1.41085548  3.95272998 15.03606546 24.04760261  5.38844077]
 [ 2.15748515  4.94205691  2.52079345  3.62271859 19.13580041 10.3281712
   7.4600365  24.07259229  7.40416415 25.44943462  8.51541595]
 [ 5.48003793 38.24298886  3.12882181  3.83878347  1.90771894  4.62970047
   1.71648851  5.4722225  10.86217027 37.52198685  1.12189704]]
Rv: [[ 1.33012341  8.29369393  2.6450905  22.63227561 35.60578068  5.14654562
   4.10079546  9.03609109 13.30599236 13.33814302]
 [14.30110576 34.9750335   1.52110071 23.69247457 11.71224941  5.04258371
   1.63413304 15.40542443  1.00959432  2.4164921 ]
 [ 1.2839256  10.43738703 32.86742218 25.4281295   4.62949956  2.55804136
  27.11727301  5.08184638 19.0943847  16.58932726]
 [ 1.1172093  15.85582174 10.81545079  1.98635567  1.50356499  2.8405947
   8.76128763  6.00733684  1.85346424 15.09149727]
 [ 1.28322855  1.61113357  2.65127475  2.23870449  3.60416372  3.21639065
   1.90583154  5.6397475   1.25075108  1.83298796]
 [ 1.19558129  3.68357654 16.27745338  1.69882931 32.5082302  20.60112274
  31.20246184 22.19045386  1.46602947 13.50123523]
 [16.87876991  2.2810505   5.91451783  2.08623485  6.10045951 18.33401832
  11.39833205 12.49046499  2.4002178   7.95027228]
 [ 1.0477419   2.76888427  2.17320605 26.98257869 21.55997072 14.61489096
   8.77484295  2.29199885 30.53173185 19.35694791]
 [ 5.96579573  2.57021152 21.79161568  6.20972013  4.61688245 27.46501485
  18.63703418  1.16106376  3.1152797  14.31289921]]