-------Running parameters--------
T = 0.001
temperature_gradient = 0.0
gap = 0.0
M = 10
N = 10
VR = 0.0
Vmin = 0.0
Vmax = 1.1
vStep = 0.001
vSym = True
repeats = 50
fileName = array_10_10_r_std_19_run_6
dist = exp
fullOutput = True
use_graph = False
current_map = False
plot_current_map = False
plot_binary_current_map = False
frame_norm = False
dbg = False
resume = False
sc = False
leaping = False
constQ = False
modifyR = False
double_time = False
double_loop = False
calcIT = False
output_folder = bgu_2d_finite_temperature_different_r_disorders
params_path = 
VG_avg = 0.0
VG_std = 0.0
C_avg = 2.0
C_std = 0.1
CG_avg = 10.0
CG_std = 0.0
R_avg = 20.0
R_std = 19.0
custom_rh = ""
custom_rv = ""
custom_ch = ""
custom_cv = ""
RG_avg = 500.0
RG_std = 0.0
n0_avg = 0.0
n0_std = 0.0
Q0_avg = 0.0
Q0_std = 0.0
----Array Parameters-----
Rows: 10
Columns: 10
VG: [[0.]
 [0.]
 [0.]
 [0.]
 [0.]
 [0.]
 [0.]
 [0.]
 [0.]
 [0.]
 [0.]
 [0.]
 [0.]
 [0.]
 [0.]
 [0.]
 [0.]
 [0.]
 [0.]
 [0.]
 [0.]
 [0.]
 [0.]
 [0.]
 [0.]
 [0.]
 [0.]
 [0.]
 [0.]
 [0.]
 [0.]
 [0.]
 [0.]
 [0.]
 [0.]
 [0.]
 [0.]
 [0.]
 [0.]
 [0.]
 [0.]
 [0.]
 [0.]
 [0.]
 [0.]
 [0.]
 [0.]
 [0.]
 [0.]
 [0.]
 [0.]
 [0.]
 [0.]
 [0.]
 [0.]
 [0.]
 [0.]
 [0.]
 [0.]
 [0.]
 [0.]
 [0.]
 [0.]
 [0.]
 [0.]
 [0.]
 [0.]
 [0.]
 [0.]
 [0.]
 [0.]
 [0.]
 [0.]
 [0.]
 [0.]
 [0.]
 [0.]
 [0.]
 [0.]
 [0.]
 [0.]
 [0.]
 [0.]
 [0.]
 [0.]
 [0.]
 [0.]
 [0.]
 [0.]
 [0.]
 [0.]
 [0.]
 [0.]
 [0.]
 [0.]
 [0.]
 [0.]
 [0.]
 [0.]
 [0.]]
CG: [[10.]
 [10.]
 [10.]
 [10.]
 [10.]
 [10.]
 [10.]
 [10.]
 [10.]
 [10.]
 [10.]
 [10.]
 [10.]
 [10.]
 [10.]
 [10.]
 [10.]
 [10.]
 [10.]
 [10.]
 [10.]
 [10.]
 [10.]
 [10.]
 [10.]
 [10.]
 [10.]
 [10.]
 [10.]
 [10.]
 [10.]
 [10.]
 [10.]
 [10.]
 [10.]
 [10.]
 [10.]
 [10.]
 [10.]
 [10.]
 [10.]
 [10.]
 [10.]
 [10.]
 [10.]
 [10.]
 [10.]
 [10.]
 [10.]
 [10.]
 [10.]
 [10.]
 [10.]
 [10.]
 [10.]
 [10.]
 [10.]
 [10.]
 [10.]
 [10.]
 [10.]
 [10.]
 [10.]
 [10.]
 [10.]
 [10.]
 [10.]
 [10.]
 [10.]
 [10.]
 [10.]
 [10.]
 [10.]
 [10.]
 [10.]
 [10.]
 [10.]
 [10.]
 [10.]
 [10.]
 [10.]
 [10.]
 [10.]
 [10.]
 [10.]
 [10.]
 [10.]
 [10.]
 [10.]
 [10.]
 [10.]
 [10.]
 [10.]
 [10.]
 [10.]
 [10.]
 [10.]
 [10.]
 [10.]
 [10.]]
RG: [[500.]
 [500.]
 [500.]
 [500.]
 [500.]
 [500.]
 [500.]
 [500.]
 [500.]
 [500.]
 [500.]
 [500.]
 [500.]
 [500.]
 [500.]
 [500.]
 [500.]
 [500.]
 [500.]
 [500.]
 [500.]
 [500.]
 [500.]
 [500.]
 [500.]
 [500.]
 [500.]
 [500.]
 [500.]
 [500.]
 [500.]
 [500.]
 [500.]
 [500.]
 [500.]
 [500.]
 [500.]
 [500.]
 [500.]
 [500.]
 [500.]
 [500.]
 [500.]
 [500.]
 [500.]
 [500.]
 [500.]
 [500.]
 [500.]
 [500.]
 [500.]
 [500.]
 [500.]
 [500.]
 [500.]
 [500.]
 [500.]
 [500.]
 [500.]
 [500.]
 [500.]
 [500.]
 [500.]
 [500.]
 [500.]
 [500.]
 [500.]
 [500.]
 [500.]
 [500.]
 [500.]
 [500.]
 [500.]
 [500.]
 [500.]
 [500.]
 [500.]
 [500.]
 [500.]
 [500.]
 [500.]
 [500.]
 [500.]
 [500.]
 [500.]
 [500.]
 [500.]
 [500.]
 [500.]
 [500.]
 [500.]
 [500.]
 [500.]
 [500.]
 [500.]
 [500.]
 [500.]
 [500.]
 [500.]
 [500.]]
Ch: [[2.0248428  2.03061711 2.08361367 1.95004942 1.95943227 2.03168717
  2.0227262  2.04369381 2.03579387 2.07425138 1.93275068]
 [1.92142352 2.07369152 2.01732805 2.01894534 2.08057034 1.95631657
  1.91389139 1.90109327 2.01452821 1.99845752 2.02718333]
 [1.99970166 1.96832409 1.98762637 2.05007846 2.03146636 1.91099238
  1.92494041 1.94327376 1.9230021  2.04980398 1.92064862]
 [1.92682411 1.95493869 1.90421828 1.98920837 2.0865596  1.97593438
  1.95291223 1.91610304 1.94740897 1.91026692 2.06692937]
 [2.03463023 1.98265764 2.00545449 1.9425845  2.03819103 1.96092253
  1.9928844  2.05492442 2.00957098 2.07409778 1.98874214]
 [2.09865023 2.05863881 1.94184136 2.04218946 1.95011663 2.06538984
  1.96240873 2.01394814 2.08302468 2.02654703 1.93350367]
 [2.01639122 1.92289564 2.02741138 1.95403923 2.02832763 2.04666291
  2.06020645 2.07290964 2.00299688 1.91341033 1.91839163]
 [2.02447999 2.05847397 1.90294319 1.92766212 2.02479251 2.03442917
  2.06330529 1.91614563 1.93750565 1.96405103 1.9171869 ]
 [2.05988112 1.96082285 1.95472152 1.92303399 2.07223902 2.02555201
  1.9167951  1.93106912 1.93620042 2.08552302 1.97713001]
 [2.05096721 1.99281284 2.04280252 1.99960924 2.07607864 1.96210828
  1.95116943 1.96018962 1.90197673 1.92355155 2.0429252 ]]
Cv: [[0.         0.         0.         0.         0.         0.
  0.         0.         0.         0.        ]
 [2.06035721 2.05832761 2.04913203 2.04172594 1.92379102 1.95364134
  2.09426467 2.06730595 1.94938967 1.94158546]
 [1.96673417 1.9489127  2.02042651 1.94363722 1.97781579 2.05537469
  1.93068197 1.95801856 1.98306119 2.05835636]
 [2.09762031 2.01296735 1.930952   1.97204833 1.96559544 1.94185958
  1.90808146 2.05963656 1.91691102 1.98923722]
 [1.90598288 2.09051237 1.96872315 1.90118951 2.08481012 2.03545021
  1.98507252 1.94552037 2.050441   1.96092303]
 [2.09873501 2.08786921 2.04834921 1.96800007 1.99626319 2.07683573
  1.90101276 2.01186094 2.06184144 1.97486813]
 [2.03545671 1.93128112 1.9619336  1.94308954 1.91334724 1.917848
  2.022817   1.95866159 2.04651503 2.08773975]
 [2.01606873 2.00637325 2.06076228 2.03948853 2.00909698 1.90168218
  1.94324567 2.02719597 2.03653334 2.08367569]
 [2.09637136 1.96569979 1.99706813 2.05524944 2.08217932 2.00238154
  1.93644201 2.02158837 2.08832061 2.03228014]
 [2.08854095 1.94733646 1.94537129 1.97580974 1.94373929 1.90504275
  2.00409506 1.99361802 2.08972459 1.92670899]]
Rh: [[18.23789991 12.50940417 12.96453085  3.89456624  2.1652351   7.63372416
   2.26046346  4.18892098 30.46595388  1.5177085  16.205804  ]
 [23.7231842   3.20504564  1.68623455 29.81728413  3.61867227  3.81095404
   7.61393154 38.72590158  6.23966202  1.28902925  3.62884679]
 [ 1.31627036 31.90907122  1.36786669  1.09272285 38.43388433  8.65938972
   2.44215662  6.11496502 11.61039426  1.86102325  9.19077372]
 [ 2.22938936 26.228239   24.78029671  1.22201416 34.02455822  7.7014035
   1.10621644 20.32018601  2.27169525  5.3956192   2.98410381]
 [ 5.61772501 30.44682116  7.29114798  8.39105796  7.14702128  1.89371342
   1.82680306 32.1571326   4.61256063  2.40892134 12.65105966]
 [14.13489052 13.99668523 11.23153183  1.64414663 30.3858978   3.55734154
   9.92272781  4.98741587  9.84722914 11.74656899  5.89633291]
 [ 3.76674778 13.745315   11.35099574 10.45471308  1.89795267  7.6415916
   7.90955508  1.67815706  1.6294489  11.52225333  4.02583736]
 [23.44910109 12.19766986 19.37988242  5.544056   27.90256443 11.00744585
   4.70618771  9.14798395 14.03186153  1.22514594 13.0762825 ]
 [ 1.10160752 17.72359252 18.10920474 27.38468162  2.82360439 11.34454636
  34.75384165 21.09035562 21.67827234  1.74974918  6.7396317 ]
 [ 2.41971629 28.88353313  2.53486474  3.32678017  4.35465443  2.01658324
   4.8699151  14.5091261  21.13333823  3.3778741   3.73542119]]
Rv: [[10.16723479 20.05860589  1.04496287  5.21504129 36.347348    6.95726091
  32.42331213  3.7453843  28.35669657 17.71463921]
 [ 3.33523417 12.87158818  2.48550401  4.93537666 16.20849947  4.31397875
   2.49336879 12.68711769  9.30814555  4.34613371]
 [ 3.05644713  5.23985293  2.08437576  3.97132252  2.11076222 10.61057642
   1.48202645 13.27419601 10.83285277 20.63679547]
 [ 5.58341721 20.21391022  2.05272017  1.0114443  23.30750327 14.80404074
   2.6838881  12.05948702 20.90111787  1.38793751]
 [ 6.43363154 13.30285079  2.9737975   1.86139285 14.23694638 17.32728615
  12.4375253   1.36058593  9.86264354 17.90867792]
 [ 4.82581743  5.75097661  5.85993016  4.51423368  5.32362695 17.10276081
   7.84939598 15.10998636  1.88907456  3.15097438]
 [ 1.63176755 10.8835091   2.08380692  3.11244863  1.49619254  1.21206579
   5.12720639  5.63915412  1.40472483  7.53565221]
 [ 2.50073203  4.08202861 31.48469609  1.41757858  4.35528419  2.84331263
   2.13962939  2.21364405 17.29216915  6.93594068]
 [ 1.33134871  9.38334046  7.57205327  4.21212817 15.42721998  1.18213948
   1.77394106 23.98053813  2.22406814 22.24932623]]