-------Running parameters--------
T = 0.001
temperature_gradient = 0.0
gap = 0.0
M = 10
N = 10
VR = 0.0
Vmin = 0.0
Vmax = 1.1
vStep = 0.001
vSym = True
repeats = 50
fileName = array_10_10_r_std_19_run_7
dist = exp
fullOutput = True
use_graph = False
current_map = False
plot_current_map = False
plot_binary_current_map = False
frame_norm = False
dbg = False
resume = False
sc = False
leaping = False
constQ = False
modifyR = False
double_time = False
double_loop = False
calcIT = False
output_folder = bgu_2d_finite_temperature_different_r_disorders
params_path = 
VG_avg = 0.0
VG_std = 0.0
C_avg = 2.0
C_std = 0.1
CG_avg = 10.0
CG_std = 0.0
R_avg = 20.0
R_std = 19.0
custom_rh = ""
custom_rv = ""
custom_ch = ""
custom_cv = ""
RG_avg = 500.0
RG_std = 0.0
n0_avg = 0.0
n0_std = 0.0
Q0_avg = 0.0
Q0_std = 0.0
----Array Parameters-----
Rows: 10
Columns: 10
VG: [[0.]
 [0.]
 [0.]
 [0.]
 [0.]
 [0.]
 [0.]
 [0.]
 [0.]
 [0.]
 [0.]
 [0.]
 [0.]
 [0.]
 [0.]
 [0.]
 [0.]
 [0.]
 [0.]
 [0.]
 [0.]
 [0.]
 [0.]
 [0.]
 [0.]
 [0.]
 [0.]
 [0.]
 [0.]
 [0.]
 [0.]
 [0.]
 [0.]
 [0.]
 [0.]
 [0.]
 [0.]
 [0.]
 [0.]
 [0.]
 [0.]
 [0.]
 [0.]
 [0.]
 [0.]
 [0.]
 [0.]
 [0.]
 [0.]
 [0.]
 [0.]
 [0.]
 [0.]
 [0.]
 [0.]
 [0.]
 [0.]
 [0.]
 [0.]
 [0.]
 [0.]
 [0.]
 [0.]
 [0.]
 [0.]
 [0.]
 [0.]
 [0.]
 [0.]
 [0.]
 [0.]
 [0.]
 [0.]
 [0.]
 [0.]
 [0.]
 [0.]
 [0.]
 [0.]
 [0.]
 [0.]
 [0.]
 [0.]
 [0.]
 [0.]
 [0.]
 [0.]
 [0.]
 [0.]
 [0.]
 [0.]
 [0.]
 [0.]
 [0.]
 [0.]
 [0.]
 [0.]
 [0.]
 [0.]
 [0.]]
CG: [[10.]
 [10.]
 [10.]
 [10.]
 [10.]
 [10.]
 [10.]
 [10.]
 [10.]
 [10.]
 [10.]
 [10.]
 [10.]
 [10.]
 [10.]
 [10.]
 [10.]
 [10.]
 [10.]
 [10.]
 [10.]
 [10.]
 [10.]
 [10.]
 [10.]
 [10.]
 [10.]
 [10.]
 [10.]
 [10.]
 [10.]
 [10.]
 [10.]
 [10.]
 [10.]
 [10.]
 [10.]
 [10.]
 [10.]
 [10.]
 [10.]
 [10.]
 [10.]
 [10.]
 [10.]
 [10.]
 [10.]
 [10.]
 [10.]
 [10.]
 [10.]
 [10.]
 [10.]
 [10.]
 [10.]
 [10.]
 [10.]
 [10.]
 [10.]
 [10.]
 [10.]
 [10.]
 [10.]
 [10.]
 [10.]
 [10.]
 [10.]
 [10.]
 [10.]
 [10.]
 [10.]
 [10.]
 [10.]
 [10.]
 [10.]
 [10.]
 [10.]
 [10.]
 [10.]
 [10.]
 [10.]
 [10.]
 [10.]
 [10.]
 [10.]
 [10.]
 [10.]
 [10.]
 [10.]
 [10.]
 [10.]
 [10.]
 [10.]
 [10.]
 [10.]
 [10.]
 [10.]
 [10.]
 [10.]
 [10.]]
RG: [[500.]
 [500.]
 [500.]
 [500.]
 [500.]
 [500.]
 [500.]
 [500.]
 [500.]
 [500.]
 [500.]
 [500.]
 [500.]
 [500.]
 [500.]
 [500.]
 [500.]
 [500.]
 [500.]
 [500.]
 [500.]
 [500.]
 [500.]
 [500.]
 [500.]
 [500.]
 [500.]
 [500.]
 [500.]
 [500.]
 [500.]
 [500.]
 [500.]
 [500.]
 [500.]
 [500.]
 [500.]
 [500.]
 [500.]
 [500.]
 [500.]
 [500.]
 [500.]
 [500.]
 [500.]
 [500.]
 [500.]
 [500.]
 [500.]
 [500.]
 [500.]
 [500.]
 [500.]
 [500.]
 [500.]
 [500.]
 [500.]
 [500.]
 [500.]
 [500.]
 [500.]
 [500.]
 [500.]
 [500.]
 [500.]
 [500.]
 [500.]
 [500.]
 [500.]
 [500.]
 [500.]
 [500.]
 [500.]
 [500.]
 [500.]
 [500.]
 [500.]
 [500.]
 [500.]
 [500.]
 [500.]
 [500.]
 [500.]
 [500.]
 [500.]
 [500.]
 [500.]
 [500.]
 [500.]
 [500.]
 [500.]
 [500.]
 [500.]
 [500.]
 [500.]
 [500.]
 [500.]
 [500.]
 [500.]
 [500.]]
Ch: [[2.01981567 2.0226573  2.06031952 2.03207606 2.0555529  1.97170605
  1.92533951 2.0624176  2.01523689 2.04701012 2.03686413]
 [2.04336809 1.97269996 2.00154747 1.96599816 2.07199014 2.0920249
  1.96547542 1.96121226 1.91973955 2.08349221 1.99163628]
 [1.92821233 1.95457345 1.91245508 2.06846511 2.00886727 1.91283865
  2.08937645 2.01598129 1.9059382  2.03656824 2.08287547]
 [1.99674832 2.06330667 1.93128758 2.03642306 1.96365112 1.90199541
  2.01127027 2.05125167 2.05963773 2.05234997 2.04777251]
 [1.96215949 1.98360041 1.9105202  2.09692991 1.97233347 2.07601145
  2.02903406 2.09306693 2.05918726 1.95539772 1.91655268]
 [2.07330123 2.07874808 2.01847458 2.04331886 1.91339602 2.05113974
  1.96950712 2.02814418 1.99680993 2.08447981 2.03380616]
 [2.09311309 2.01593688 1.92319029 2.02524411 2.03776985 1.98337745
  1.98909301 2.07018977 1.95212142 1.97803166 1.98970565]
 [2.08532383 2.04920437 1.99988272 2.00564071 1.96782625 1.9119059
  1.91317272 2.07435728 2.06392721 2.06706755 1.93317688]
 [2.05539553 1.97587912 2.03176028 2.07715289 1.92962724 1.90602827
  1.96013874 1.93917057 1.90177474 1.93440814 1.92465471]
 [2.00469687 1.99527473 1.93655794 2.02741546 1.9762491  1.99413928
  1.90377833 2.03585172 1.92260272 2.00997186 1.97364811]]
Cv: [[0.         0.         0.         0.         0.         0.
  0.         0.         0.         0.        ]
 [1.92838956 2.01506602 1.93651931 2.08858852 2.08388201 2.08981699
  1.91243079 2.06424475 1.92593979 2.05590231]
 [1.97129178 2.07650324 1.9230165  1.95862565 2.08204161 1.99163201
  2.09094752 1.98575377 2.09277412 1.99285997]
 [1.97326504 2.06988702 2.06275361 1.9203995  2.03107725 1.93432914
  1.90355364 2.04948721 1.97353994 1.9100705 ]
 [1.90743354 1.95003447 2.09586258 1.96515784 2.03361181 1.93619972
  1.92309336 2.02013842 1.90318458 1.90302692]
 [1.95283082 1.99962199 2.06641797 1.91337725 1.90114893 2.04179943
  2.00062672 1.92998774 1.97789166 1.9658559 ]
 [2.05251795 2.09882144 2.02999687 2.09258122 1.94688455 2.0826179
  1.91527094 2.0012794  2.00417166 1.97411171]
 [1.93146357 2.02030731 1.96905859 1.96976766 2.02581505 1.93353235
  1.94790944 1.98951075 1.98879799 1.9675294 ]
 [1.92254221 2.02498248 2.07791795 2.08810463 1.96619774 1.99807651
  2.00746902 2.05802776 2.08533602 2.03148918]
 [1.9117684  1.99223279 1.98208417 2.00506501 2.01558687 1.98327607
  1.97434498 1.99408267 1.96819765 1.90374022]]
Rh: [[ 9.32824616 14.96211108 13.75059458  2.83139227  2.25791667  3.04603913
   1.10740072  3.43446048  8.09427313  2.37510029  2.19338082]
 [ 2.2922317  14.07217522 19.83496909  1.73903129 12.78216083  1.05781061
   5.922268    1.80082428  1.23458332 21.48659297  1.31535728]
 [35.47413877 21.41306001  1.25484462  6.95360356 15.43198249  8.20791742
   2.97745082  1.04052712  3.63495136 25.10257155  3.98138367]
 [ 1.33163108 20.26033459  1.09327668  2.95107346  6.65691254  1.36275536
  28.64871713  1.66075603 10.27794835 33.20822914  3.19143747]
 [16.85726902  1.77794503  6.14882966  2.12854227  1.25084724  5.87253453
   2.2832956   1.29370046  7.56988219 13.39857613  9.39396609]
 [12.87672207 34.11885336 22.45805553 11.20662478 14.95092836  1.00195594
   8.6423798  22.98974966 13.54225362  6.43663628 33.91488301]
 [ 1.60688717  8.76989642  9.55105259 27.81059659 36.3146362  26.12321017
   2.29487628 30.59751476  1.05393923  1.11211608 32.42663624]
 [ 2.59251238  3.1055741   6.30255047  2.2517177  23.71035613 22.63770064
   1.10894558  5.87047531  1.5604893   5.09663758  1.74338339]
 [11.98186071  5.98914612 34.16926423  2.58308623 17.49638349  5.30001804
   3.49079764  2.92647301 34.62523624 32.32039854  8.37982941]
 [ 4.59443844 26.94912795  2.96182413  1.85540804  1.05407891 18.14576501
   2.81107272 13.40268691 11.58371995 10.2962318  11.68808573]]
Rv: [[ 1.07169915 20.99440311  7.62619224  1.17725345  9.70212629  6.56429822
   9.62801619 35.69420503  7.77883317  2.75640242]
 [ 8.61227296 10.24807734  2.74650996 37.01498428  3.48141081  3.97735128
  28.48450846 28.75430343  2.33160243  8.77952617]
 [ 9.2041232   4.26593845  2.08114783 25.8260065   3.20386418  2.38678406
   2.21414615  1.58277272  1.63986184 11.60363116]
 [ 1.17511973  8.94380877 13.57307115 34.18440217 10.07662249  6.38271537
  21.6978891   5.81017379 15.68043539 24.28016584]
 [ 4.4132964   2.30387846  1.79617491  3.82157937 10.76117328  3.12902686
  21.66393456  8.7398187  26.32391246  7.29854216]
 [20.83198423  4.07367922  1.05876702 12.08966627  1.58328482  3.96936485
  13.80224083 15.44849184  6.02216994  5.57222763]
 [ 7.40081444  1.24376502  3.4455402  21.60300066  2.94708465  2.18653538
  35.62168014  1.49330187  1.38221955 13.74304015]
 [ 4.17430924 12.74878258 35.29218948 13.16692239 26.47713641  6.6272932
   4.70809821  8.36953354  1.19533633 11.21579239]
 [ 2.3331147   2.08383967 22.27871161  7.50673037  9.73923878  1.66786466
   9.94441788  1.65491866  1.28874638 14.07885941]]