-------Running parameters--------
T = 0.001
temperature_gradient = 0.0
gap = 0.0
M = 10
N = 10
VR = 0.0
Vmin = 0.0
Vmax = 1.1
vStep = 0.001
vSym = True
repeats = 50
fileName = array_10_10_r_std_19_run_10
dist = exp
fullOutput = True
use_graph = False
current_map = False
plot_current_map = False
plot_binary_current_map = False
frame_norm = False
dbg = False
resume = False
sc = False
leaping = False
constQ = False
modifyR = False
double_time = False
double_loop = False
calcIT = False
output_folder = bgu_2d_finite_temperature_different_r_disorders
params_path = 
VG_avg = 0.0
VG_std = 0.0
C_avg = 2.0
C_std = 0.1
CG_avg = 10.0
CG_std = 0.0
R_avg = 20.0
R_std = 19.0
custom_rh = ""
custom_rv = ""
custom_ch = ""
custom_cv = ""
RG_avg = 500.0
RG_std = 0.0
n0_avg = 0.0
n0_std = 0.0
Q0_avg = 0.0
Q0_std = 0.0
----Array Parameters-----
Rows: 10
Columns: 10
VG: [[0.]
 [0.]
 [0.]
 [0.]
 [0.]
 [0.]
 [0.]
 [0.]
 [0.]
 [0.]
 [0.]
 [0.]
 [0.]
 [0.]
 [0.]
 [0.]
 [0.]
 [0.]
 [0.]
 [0.]
 [0.]
 [0.]
 [0.]
 [0.]
 [0.]
 [0.]
 [0.]
 [0.]
 [0.]
 [0.]
 [0.]
 [0.]
 [0.]
 [0.]
 [0.]
 [0.]
 [0.]
 [0.]
 [0.]
 [0.]
 [0.]
 [0.]
 [0.]
 [0.]
 [0.]
 [0.]
 [0.]
 [0.]
 [0.]
 [0.]
 [0.]
 [0.]
 [0.]
 [0.]
 [0.]
 [0.]
 [0.]
 [0.]
 [0.]
 [0.]
 [0.]
 [0.]
 [0.]
 [0.]
 [0.]
 [0.]
 [0.]
 [0.]
 [0.]
 [0.]
 [0.]
 [0.]
 [0.]
 [0.]
 [0.]
 [0.]
 [0.]
 [0.]
 [0.]
 [0.]
 [0.]
 [0.]
 [0.]
 [0.]
 [0.]
 [0.]
 [0.]
 [0.]
 [0.]
 [0.]
 [0.]
 [0.]
 [0.]
 [0.]
 [0.]
 [0.]
 [0.]
 [0.]
 [0.]
 [0.]]
CG: [[10.]
 [10.]
 [10.]
 [10.]
 [10.]
 [10.]
 [10.]
 [10.]
 [10.]
 [10.]
 [10.]
 [10.]
 [10.]
 [10.]
 [10.]
 [10.]
 [10.]
 [10.]
 [10.]
 [10.]
 [10.]
 [10.]
 [10.]
 [10.]
 [10.]
 [10.]
 [10.]
 [10.]
 [10.]
 [10.]
 [10.]
 [10.]
 [10.]
 [10.]
 [10.]
 [10.]
 [10.]
 [10.]
 [10.]
 [10.]
 [10.]
 [10.]
 [10.]
 [10.]
 [10.]
 [10.]
 [10.]
 [10.]
 [10.]
 [10.]
 [10.]
 [10.]
 [10.]
 [10.]
 [10.]
 [10.]
 [10.]
 [10.]
 [10.]
 [10.]
 [10.]
 [10.]
 [10.]
 [10.]
 [10.]
 [10.]
 [10.]
 [10.]
 [10.]
 [10.]
 [10.]
 [10.]
 [10.]
 [10.]
 [10.]
 [10.]
 [10.]
 [10.]
 [10.]
 [10.]
 [10.]
 [10.]
 [10.]
 [10.]
 [10.]
 [10.]
 [10.]
 [10.]
 [10.]
 [10.]
 [10.]
 [10.]
 [10.]
 [10.]
 [10.]
 [10.]
 [10.]
 [10.]
 [10.]
 [10.]]
RG: [[500.]
 [500.]
 [500.]
 [500.]
 [500.]
 [500.]
 [500.]
 [500.]
 [500.]
 [500.]
 [500.]
 [500.]
 [500.]
 [500.]
 [500.]
 [500.]
 [500.]
 [500.]
 [500.]
 [500.]
 [500.]
 [500.]
 [500.]
 [500.]
 [500.]
 [500.]
 [500.]
 [500.]
 [500.]
 [500.]
 [500.]
 [500.]
 [500.]
 [500.]
 [500.]
 [500.]
 [500.]
 [500.]
 [500.]
 [500.]
 [500.]
 [500.]
 [500.]
 [500.]
 [500.]
 [500.]
 [500.]
 [500.]
 [500.]
 [500.]
 [500.]
 [500.]
 [500.]
 [500.]
 [500.]
 [500.]
 [500.]
 [500.]
 [500.]
 [500.]
 [500.]
 [500.]
 [500.]
 [500.]
 [500.]
 [500.]
 [500.]
 [500.]
 [500.]
 [500.]
 [500.]
 [500.]
 [500.]
 [500.]
 [500.]
 [500.]
 [500.]
 [500.]
 [500.]
 [500.]
 [500.]
 [500.]
 [500.]
 [500.]
 [500.]
 [500.]
 [500.]
 [500.]
 [500.]
 [500.]
 [500.]
 [500.]
 [500.]
 [500.]
 [500.]
 [500.]
 [500.]
 [500.]
 [500.]
 [500.]]
Ch: [[1.91054831 2.00277212 1.98411159 2.05059899 1.93244838 2.01157314
  1.988472   1.93269195 1.93644639 2.06650873 2.04248219]
 [1.97912809 1.93408053 1.96905197 2.08664446 1.9224926  1.97609856
  2.08254211 1.95333064 2.0489609  2.06351817 1.9496837 ]
 [2.01107966 2.05758214 1.99355232 2.08871722 2.08883407 1.9855817
  1.9638344  2.07524114 1.93490878 1.96345216 1.94765805]
 [1.92080196 1.92791899 1.99131922 1.90777933 2.06522697 2.08149922
  1.95207689 2.03565503 1.98003888 2.09023875 1.97085937]
 [1.92875227 1.98243649 2.09655423 2.01285815 1.90107244 2.06940467
  2.00987546 1.93224612 1.90483005 2.07466382 2.05473753]
 [1.92710292 2.0564592  1.97263738 1.91432072 2.01512101 2.04624351
  1.99787441 1.96728713 1.91771054 2.02486157 1.99445146]
 [1.94663003 1.94511928 1.90200291 2.0972979  1.94083754 2.05212179
  1.96761068 2.03817209 2.04003175 1.90556209 1.96006678]
 [1.99817248 2.05342849 1.94757697 1.93772493 1.93725869 2.02179486
  1.95734512 1.92632081 1.9954192  2.04277463 2.04059967]
 [1.96421944 2.00532616 1.97158237 1.96271425 1.93450457 1.9865259
  1.90616992 2.08630984 2.06976032 1.9217389  2.0878205 ]
 [1.93240261 1.91143462 2.05208028 2.06695115 1.92513397 1.90557605
  1.97333789 2.09907987 1.9525949  2.02625269 2.06355435]]
Cv: [[0.         0.         0.         0.         0.         0.
  0.         0.         0.         0.        ]
 [2.04402975 2.04530376 1.91004228 2.09885941 1.93816535 1.9942123
  1.99150028 1.98877517 2.09389032 1.96729498]
 [2.01103202 1.93263632 1.90065261 1.92777266 2.05594846 1.90329457
  1.97621943 2.08424258 2.00433421 1.94748197]
 [2.06897894 1.99645032 2.05681592 2.0970052  1.96604974 2.09183562
  2.06932945 2.06097153 1.94212737 2.052996  ]
 [1.90200194 2.07331881 1.97638909 1.98407599 1.91017525 2.09543824
  2.0047332  1.92014331 1.99919204 1.97803222]
 [2.03390247 2.02209043 2.00155437 2.04839161 1.92568082 2.02582991
  1.99589328 1.90101449 2.03835138 2.09699586]
 [2.0803816  2.04655634 1.90618768 2.09566196 2.06884913 1.94323866
  1.99227363 1.90171916 2.0355985  1.9762027 ]
 [1.98378736 2.08318163 1.95559073 1.98368618 2.06659627 2.09933903
  1.9064489  1.92955845 2.00430467 1.96470366]
 [2.03301719 2.06651269 2.01585655 1.99205558 2.06873809 2.08210246
  1.96324445 2.05744064 2.02590511 2.01793291]
 [2.02190999 1.973494   2.02610808 1.94663719 1.99831831 1.96805739
  2.07269902 1.94066409 2.09103713 1.93435651]]
Rh: [[ 4.36837137  1.21499427 10.23555751  3.25799775  2.42224645 37.07941584
   4.91262167 30.22259513 13.76494991 21.31614494  1.2720793 ]
 [ 1.59938005 14.21007023 10.59241005  1.270864    3.74578428  2.01585632
   1.01618775 34.79497742  3.36288146  2.01978166  7.19584951]
 [16.2826085  17.1359715   1.25819229  6.2785897  28.20228176  1.15208144
   4.31958978  2.53856498  9.6058251  13.47127095  2.57796744]
 [ 4.03515041 37.59820935  4.85603611 10.24472642  1.73378685  9.2542836
  23.63065845  2.02944677  3.0559483   2.00796393 18.3089447 ]
 [18.35705876 16.27724147 21.85701155  2.50838175 34.40563845 35.7324899
  18.05363362 10.66959768  4.19165588 11.36000012 13.77137632]
 [ 2.12820952  3.57411513 12.99458878 29.26685649 14.52562139  1.06700087
   8.47034716  5.081308    1.27508566  2.70096789 35.13205013]
 [ 1.171546   34.65066853 21.74116651 11.44857671  2.1402916   4.69904371
  29.12732793 25.55847743  3.22026629  5.26435037 17.08117374]
 [ 2.10971376  2.02562859 21.11413006 17.2858311  30.85457739  1.07627107
  12.96825861  2.89071114  4.63935869 30.84824879 19.70199792]
 [ 5.09176028 11.69733401 33.05820208  6.15570241 12.51431394  8.26193034
   2.52821946  7.08635114  8.11469645 17.98393555  6.14049471]
 [ 1.0435674  21.75064968 13.52528857  2.81472057 19.44463542 10.12767777
  29.55856213 12.99197932 22.90011511 14.94638352  3.07891686]]
Rv: [[21.0857832  25.23063034  2.52531517  3.75879168  1.20176465 23.23640166
   2.07052111  2.15604203  7.78055458 25.32718574]
 [ 4.34501011  7.44756665  1.20626751 35.78733756  2.12544135 30.30091781
   1.28594218  3.93693012  2.52426996 35.51823355]
 [13.94045151 26.71930818  7.03134375  3.25489548  3.86744787  4.68442423
   9.15325678  3.05050345  2.18052799  4.74131457]
 [ 1.82360152  1.22444775  2.8073673   5.44755122  3.56164316  4.51804381
  27.01622995  7.76059985  2.55627281 13.27978958]
 [ 1.64038292  8.72999863  4.80113462  3.63347163 25.34050998  4.39127425
   2.17264015  8.4237433  21.79255606  3.17264767]
 [ 1.01033868  3.09155217 21.65645694 17.17516612  9.31848659  8.18729911
  10.86173819  4.19746179 16.58466456 13.57739574]
 [10.53173908 22.26062478  3.0296265  20.78803945  5.78510503  2.56152146
  13.74584263  4.73731015 12.87448789  3.25395379]
 [24.17168377  6.62716037  4.30908072  3.2809694   4.61680612  4.29595206
   5.56081177  2.42505616 18.04213989  1.43056152]
 [17.34741565  9.47906367  2.45325013  2.62466982  3.31580349  3.17285484
   1.83603937  5.00733902  1.47955459 36.78543607]]