-------Running parameters--------
T = 0.001
temperature_gradient = 0.0
gap = 0.0
M = 10
N = 10
VR = 0.0
Vmin = 0.0
Vmax = 1.1
vStep = 0.001
vSym = True
repeats = 50
fileName = array_10_10_r_std_19_run_9
dist = exp
fullOutput = True
use_graph = False
current_map = False
plot_current_map = False
plot_binary_current_map = False
frame_norm = False
dbg = False
resume = False
sc = False
leaping = False
constQ = False
modifyR = False
double_time = False
double_loop = False
calcIT = False
output_folder = bgu_2d_finite_temperature_different_r_disorders
params_path = 
VG_avg = 0.0
VG_std = 0.0
C_avg = 2.0
C_std = 0.1
CG_avg = 10.0
CG_std = 0.0
R_avg = 20.0
R_std = 19.0
custom_rh = ""
custom_rv = ""
custom_ch = ""
custom_cv = ""
RG_avg = 500.0
RG_std = 0.0
n0_avg = 0.0
n0_std = 0.0
Q0_avg = 0.0
Q0_std = 0.0
----Array Parameters-----
Rows: 10
Columns: 10
VG: [[0.]
 [0.]
 [0.]
 [0.]
 [0.]
 [0.]
 [0.]
 [0.]
 [0.]
 [0.]
 [0.]
 [0.]
 [0.]
 [0.]
 [0.]
 [0.]
 [0.]
 [0.]
 [0.]
 [0.]
 [0.]
 [0.]
 [0.]
 [0.]
 [0.]
 [0.]
 [0.]
 [0.]
 [0.]
 [0.]
 [0.]
 [0.]
 [0.]
 [0.]
 [0.]
 [0.]
 [0.]
 [0.]
 [0.]
 [0.]
 [0.]
 [0.]
 [0.]
 [0.]
 [0.]
 [0.]
 [0.]
 [0.]
 [0.]
 [0.]
 [0.]
 [0.]
 [0.]
 [0.]
 [0.]
 [0.]
 [0.]
 [0.]
 [0.]
 [0.]
 [0.]
 [0.]
 [0.]
 [0.]
 [0.]
 [0.]
 [0.]
 [0.]
 [0.]
 [0.]
 [0.]
 [0.]
 [0.]
 [0.]
 [0.]
 [0.]
 [0.]
 [0.]
 [0.]
 [0.]
 [0.]
 [0.]
 [0.]
 [0.]
 [0.]
 [0.]
 [0.]
 [0.]
 [0.]
 [0.]
 [0.]
 [0.]
 [0.]
 [0.]
 [0.]
 [0.]
 [0.]
 [0.]
 [0.]
 [0.]]
CG: [[10.]
 [10.]
 [10.]
 [10.]
 [10.]
 [10.]
 [10.]
 [10.]
 [10.]
 [10.]
 [10.]
 [10.]
 [10.]
 [10.]
 [10.]
 [10.]
 [10.]
 [10.]
 [10.]
 [10.]
 [10.]
 [10.]
 [10.]
 [10.]
 [10.]
 [10.]
 [10.]
 [10.]
 [10.]
 [10.]
 [10.]
 [10.]
 [10.]
 [10.]
 [10.]
 [10.]
 [10.]
 [10.]
 [10.]
 [10.]
 [10.]
 [10.]
 [10.]
 [10.]
 [10.]
 [10.]
 [10.]
 [10.]
 [10.]
 [10.]
 [10.]
 [10.]
 [10.]
 [10.]
 [10.]
 [10.]
 [10.]
 [10.]
 [10.]
 [10.]
 [10.]
 [10.]
 [10.]
 [10.]
 [10.]
 [10.]
 [10.]
 [10.]
 [10.]
 [10.]
 [10.]
 [10.]
 [10.]
 [10.]
 [10.]
 [10.]
 [10.]
 [10.]
 [10.]
 [10.]
 [10.]
 [10.]
 [10.]
 [10.]
 [10.]
 [10.]
 [10.]
 [10.]
 [10.]
 [10.]
 [10.]
 [10.]
 [10.]
 [10.]
 [10.]
 [10.]
 [10.]
 [10.]
 [10.]
 [10.]]
RG: [[500.]
 [500.]
 [500.]
 [500.]
 [500.]
 [500.]
 [500.]
 [500.]
 [500.]
 [500.]
 [500.]
 [500.]
 [500.]
 [500.]
 [500.]
 [500.]
 [500.]
 [500.]
 [500.]
 [500.]
 [500.]
 [500.]
 [500.]
 [500.]
 [500.]
 [500.]
 [500.]
 [500.]
 [500.]
 [500.]
 [500.]
 [500.]
 [500.]
 [500.]
 [500.]
 [500.]
 [500.]
 [500.]
 [500.]
 [500.]
 [500.]
 [500.]
 [500.]
 [500.]
 [500.]
 [500.]
 [500.]
 [500.]
 [500.]
 [500.]
 [500.]
 [500.]
 [500.]
 [500.]
 [500.]
 [500.]
 [500.]
 [500.]
 [500.]
 [500.]
 [500.]
 [500.]
 [500.]
 [500.]
 [500.]
 [500.]
 [500.]
 [500.]
 [500.]
 [500.]
 [500.]
 [500.]
 [500.]
 [500.]
 [500.]
 [500.]
 [500.]
 [500.]
 [500.]
 [500.]
 [500.]
 [500.]
 [500.]
 [500.]
 [500.]
 [500.]
 [500.]
 [500.]
 [500.]
 [500.]
 [500.]
 [500.]
 [500.]
 [500.]
 [500.]
 [500.]
 [500.]
 [500.]
 [500.]
 [500.]]
Ch: [[2.08303597 2.09221579 2.06964164 2.0494107  2.00334207 2.05577969
  2.07951501 1.98713852 1.96397784 1.98868611 2.04884042]
 [2.08378363 2.08080502 2.08833041 1.99440893 1.97691836 2.03666958
  2.02908006 1.94003965 1.93049931 2.09425793 1.95039989]
 [1.91742876 1.98402782 1.95042248 1.91958134 1.92808317 1.99971054
  1.96814886 2.00837812 1.9214184  2.00474836 2.0068294 ]
 [2.07990961 1.97397973 2.07971921 2.0690007  1.91582287 1.99414065
  2.0413598  1.95831404 2.05118723 2.01509746 1.94752056]
 [2.06257832 2.0200831  2.03859734 2.07316387 2.02235815 1.9401456
  1.9190117  1.98334393 1.99636519 2.09446021 1.91431872]
 [2.02883719 2.06241843 2.08227964 2.08981073 1.96745031 2.09633604
  2.0964826  1.96907703 2.06663949 2.09340977 2.01231956]
 [2.05560455 1.90221447 2.06723216 1.96897302 2.03922776 1.93831543
  2.06714715 2.0891072  2.09434845 2.06735071 1.91132598]
 [1.96506666 2.09317424 1.93448025 2.00907766 1.92756198 2.05852655
  2.05488292 2.06860757 1.9740012  2.08895091 2.08855319]
 [2.0636308  2.0884751  1.97892272 1.98802136 1.97115256 1.95322795
  1.97231878 1.93515585 1.90888238 1.93902954 1.90592565]
 [2.0565637  2.01085439 1.99416432 2.06555335 1.93885467 2.01675923
  2.06097575 2.01287891 2.09457212 1.94678072 1.92999166]]
Cv: [[0.         0.         0.         0.         0.         0.
  0.         0.         0.         0.        ]
 [1.91581808 2.03638539 1.99063761 1.9653077  2.05761879 1.91368447
  1.92912145 1.97279079 1.9862488  1.94400458]
 [2.08504992 1.91101672 2.04843345 2.0916266  2.04426626 2.004406
  1.96413421 2.05636002 1.95087216 2.06515397]
 [1.93259666 2.09816353 1.93948787 1.9629239  1.91041734 2.09163343
  2.07077341 1.93179154 2.0179395  2.01751779]
 [2.06708791 2.09050785 2.09463439 1.98190343 1.93687072 1.95017808
  2.07057409 2.01971443 2.00362369 2.01704146]
 [1.93958655 1.94707292 1.95540158 1.90567499 1.94203668 2.07073377
  1.91685771 1.95993637 2.03890847 1.93329049]
 [2.0464651  2.04774579 1.96558916 1.98668749 1.95455384 2.02207101
  2.03617728 1.94043151 2.00985985 1.92027673]
 [1.98739021 2.07561283 2.0486882  2.02016622 2.06035817 2.05317329
  1.93306132 1.91738854 1.93397459 2.08153352]
 [1.90834459 1.92539108 2.00681388 2.00775638 1.98234826 2.05039716
  2.05315912 2.07990627 1.978294   2.05057658]
 [1.91499002 2.04151539 1.9749378  2.03840015 1.96218234 2.01373378
  2.04683475 2.09887422 2.01042956 2.06851685]]
Rh: [[ 2.29569505 12.26865998 16.29095361  6.86159425  9.00968705 13.09500477
   2.7157747  11.76853424 17.83147899  6.21460638  1.98719367]
 [ 2.83882698  6.61448345 35.38342467  4.61452969 21.04095042 13.61314963
  26.10209699  1.28435571  5.27677971  1.35862295  6.02332278]
 [18.02508478  1.61387878  1.94446512  3.78517618 13.12466602  1.89978857
   1.44870376 20.63599969  1.23372562  5.09413587  1.7097048 ]
 [ 1.12885655  8.7289848   4.10473922  6.42871949  5.70485397 35.45500175
   7.65125657  2.4470982  17.11287438  9.41711215 31.31419524]
 [ 2.17242549  1.26680011  2.53243154  8.83526859  4.89158794  4.65222725
   2.01671009  2.41311705  2.66516058  7.39826328 21.72880743]
 [38.13940264 23.98907368  2.65407979  1.5848595   2.13099697  1.68606159
   1.75853674 27.13426584 13.12093433 24.49756718 13.05993338]
 [ 3.5453126   6.88959923  9.61407873 29.09691404  6.25692461 34.70031611
   1.92974178  6.29074038 12.57945292  1.67635953 13.81311935]
 [ 3.53301425  1.72621627 31.67663482 21.72368536 11.00898494  2.01271842
  11.07251561  2.59179174  4.86651589 28.64874233  7.50854691]
 [24.63212356  1.96983255  1.97400253 10.02042149 12.47439104  5.42924085
   6.07962679  1.50093478  2.10155827 11.57802704 16.42032031]
 [ 1.42400666  5.03901037 24.99609893 22.22046709 12.41873672  3.73013423
  23.34930408 25.62873418  8.54522973  3.77288333 27.85650815]]
Rv: [[ 1.3407623  26.87784263  1.09598688 22.38008768 30.94550266  1.01327751
  25.60433139  2.88563867  5.12692331  8.90003579]
 [25.49605113 12.94280345  7.97020995 37.61770986  8.09991225 19.80489
  34.57867995 14.42368842  6.11653851 35.64022973]
 [ 3.71667229  1.14256043  3.21175639  2.06298352 22.11559844 30.45373547
   1.99355223  6.64276934 28.17205158  4.98731943]
 [ 9.95268823  2.66021626  1.85156027 27.34785254 31.02602534 12.77498967
   1.22755312  7.51858915  6.38747514  1.26785318]
 [ 7.47500599  2.54820679  5.6733819  10.8322933  20.55364841  3.21847106
  10.60986876  7.25183489 35.31492033 19.61871393]
 [ 3.80819019  9.4113513   1.02346636  1.97361492  7.91985471  1.22936219
   4.30537301 38.46467101  4.92378612 13.20041826]
 [ 1.84135581  2.24284511 30.43575067 10.99288008 10.24985802 14.28619598
  13.80442984  1.18435186 11.05318631  3.02127544]
 [32.53699732 28.57462508 31.57763356  2.15227294 13.43950479 10.53079966
  16.10258345 35.74633805 11.28320731  5.76928975]
 [ 4.41408593  7.2341689   5.96713192  1.52613117 17.53241256  3.53929607
  16.65987096  2.15500738  1.18426527  1.86567139]]