-------Running parameters--------
T = 0.001
temperature_gradient = 0.0
gap = 0.0
M = 10
N = 10
VR = 0.0
Vmin = 0.0
Vmax = 1.1
vStep = 0.001
vSym = True
repeats = 50
fileName = array_10_10_r_std_19_run_1
dist = exp
fullOutput = True
use_graph = False
current_map = False
plot_current_map = False
plot_binary_current_map = False
frame_norm = False
dbg = False
resume = False
sc = False
leaping = False
constQ = False
modifyR = False
double_time = False
double_loop = False
calcIT = False
output_folder = bgu_2d_finite_temperature_different_r_disorders
params_path = 
VG_avg = 0.0
VG_std = 0.0
C_avg = 2.0
C_std = 0.1
CG_avg = 10.0
CG_std = 0.0
R_avg = 20.0
R_std = 19.0
custom_rh = ""
custom_rv = ""
custom_ch = ""
custom_cv = ""
RG_avg = 500.0
RG_std = 0.0
n0_avg = 0.0
n0_std = 0.0
Q0_avg = 0.0
Q0_std = 0.0
----Array Parameters-----
Rows: 10
Columns: 10
VG: [[0.]
 [0.]
 [0.]
 [0.]
 [0.]
 [0.]
 [0.]
 [0.]
 [0.]
 [0.]
 [0.]
 [0.]
 [0.]
 [0.]
 [0.]
 [0.]
 [0.]
 [0.]
 [0.]
 [0.]
 [0.]
 [0.]
 [0.]
 [0.]
 [0.]
 [0.]
 [0.]
 [0.]
 [0.]
 [0.]
 [0.]
 [0.]
 [0.]
 [0.]
 [0.]
 [0.]
 [0.]
 [0.]
 [0.]
 [0.]
 [0.]
 [0.]
 [0.]
 [0.]
 [0.]
 [0.]
 [0.]
 [0.]
 [0.]
 [0.]
 [0.]
 [0.]
 [0.]
 [0.]
 [0.]
 [0.]
 [0.]
 [0.]
 [0.]
 [0.]
 [0.]
 [0.]
 [0.]
 [0.]
 [0.]
 [0.]
 [0.]
 [0.]
 [0.]
 [0.]
 [0.]
 [0.]
 [0.]
 [0.]
 [0.]
 [0.]
 [0.]
 [0.]
 [0.]
 [0.]
 [0.]
 [0.]
 [0.]
 [0.]
 [0.]
 [0.]
 [0.]
 [0.]
 [0.]
 [0.]
 [0.]
 [0.]
 [0.]
 [0.]
 [0.]
 [0.]
 [0.]
 [0.]
 [0.]
 [0.]]
CG: [[10.]
 [10.]
 [10.]
 [10.]
 [10.]
 [10.]
 [10.]
 [10.]
 [10.]
 [10.]
 [10.]
 [10.]
 [10.]
 [10.]
 [10.]
 [10.]
 [10.]
 [10.]
 [10.]
 [10.]
 [10.]
 [10.]
 [10.]
 [10.]
 [10.]
 [10.]
 [10.]
 [10.]
 [10.]
 [10.]
 [10.]
 [10.]
 [10.]
 [10.]
 [10.]
 [10.]
 [10.]
 [10.]
 [10.]
 [10.]
 [10.]
 [10.]
 [10.]
 [10.]
 [10.]
 [10.]
 [10.]
 [10.]
 [10.]
 [10.]
 [10.]
 [10.]
 [10.]
 [10.]
 [10.]
 [10.]
 [10.]
 [10.]
 [10.]
 [10.]
 [10.]
 [10.]
 [10.]
 [10.]
 [10.]
 [10.]
 [10.]
 [10.]
 [10.]
 [10.]
 [10.]
 [10.]
 [10.]
 [10.]
 [10.]
 [10.]
 [10.]
 [10.]
 [10.]
 [10.]
 [10.]
 [10.]
 [10.]
 [10.]
 [10.]
 [10.]
 [10.]
 [10.]
 [10.]
 [10.]
 [10.]
 [10.]
 [10.]
 [10.]
 [10.]
 [10.]
 [10.]
 [10.]
 [10.]
 [10.]]
RG: [[500.]
 [500.]
 [500.]
 [500.]
 [500.]
 [500.]
 [500.]
 [500.]
 [500.]
 [500.]
 [500.]
 [500.]
 [500.]
 [500.]
 [500.]
 [500.]
 [500.]
 [500.]
 [500.]
 [500.]
 [500.]
 [500.]
 [500.]
 [500.]
 [500.]
 [500.]
 [500.]
 [500.]
 [500.]
 [500.]
 [500.]
 [500.]
 [500.]
 [500.]
 [500.]
 [500.]
 [500.]
 [500.]
 [500.]
 [500.]
 [500.]
 [500.]
 [500.]
 [500.]
 [500.]
 [500.]
 [500.]
 [500.]
 [500.]
 [500.]
 [500.]
 [500.]
 [500.]
 [500.]
 [500.]
 [500.]
 [500.]
 [500.]
 [500.]
 [500.]
 [500.]
 [500.]
 [500.]
 [500.]
 [500.]
 [500.]
 [500.]
 [500.]
 [500.]
 [500.]
 [500.]
 [500.]
 [500.]
 [500.]
 [500.]
 [500.]
 [500.]
 [500.]
 [500.]
 [500.]
 [500.]
 [500.]
 [500.]
 [500.]
 [500.]
 [500.]
 [500.]
 [500.]
 [500.]
 [500.]
 [500.]
 [500.]
 [500.]
 [500.]
 [500.]
 [500.]
 [500.]
 [500.]
 [500.]
 [500.]]
Ch: [[1.97902015 2.05971574 1.93300659 2.04757369 1.9539138  2.00669759
  2.03974417 2.07467604 1.92685116 1.95491323 1.96567047]
 [2.08272644 1.90084713 2.05071652 1.93693218 1.90997196 1.97489999
  2.04230598 2.07942108 2.02398633 2.01671874 1.96749308]
 [1.91085887 2.04147162 2.01483287 1.97608019 2.05623667 2.0567182
  2.03871637 1.94513446 2.08679108 2.08618226 1.93839303]
 [2.00325609 1.99668041 1.96187801 2.00888751 1.91204849 2.01347359
  1.94915591 2.0091697  1.99356762 1.97137097 1.92803498]
 [1.98038414 2.04993877 2.00863434 2.00837565 2.01054092 1.95387103
  1.99311392 1.9855426  1.97887446 2.00422658 1.90364258]
 [2.04903509 1.97796504 2.05502036 2.04401097 2.08363863 2.09959207
  2.09614389 2.00941315 2.06265918 1.91063787 2.05907838]
 [2.06092157 2.02301999 2.01906672 2.09085448 2.09535114 1.93037593
  2.00888616 1.93673367 2.03728313 1.99778174 2.05845101]
 [1.9789895  1.91242333 1.97337258 1.95895091 2.0005292  2.04755422
  1.90555497 2.06398726 2.01113642 2.08711175 2.0529722 ]
 [1.97956246 1.90249863 1.94873417 2.08812497 1.94453389 1.9715638
  1.95788288 2.08981809 2.0058071  1.9006611  1.93083082]
 [2.09923605 2.05899451 2.03004435 1.95893484 1.9238744  1.91090767
  1.97639369 1.95073422 1.93461374 2.01836618 1.91722976]]
Cv: [[0.         0.         0.         0.         0.         0.
  0.         0.         0.         0.        ]
 [2.08653805 2.02019775 1.9767827  2.05201397 1.90444543 2.05985849
  1.90123477 1.92652543 1.90416061 1.94261916]
 [1.92817904 1.97641136 2.02146141 1.92842486 1.95823801 1.9269047
  2.00296048 2.07521027 1.91067229 2.07703369]
 [1.91507036 2.05101302 1.97550266 1.93078764 2.05514602 1.92956618
  2.06346209 2.07763071 1.90478197 2.03880479]
 [2.07767583 1.92544721 2.07773264 1.98390412 2.06769034 1.93385095
  1.98379536 1.92774766 1.98986016 1.98000548]
 [2.01642858 1.92603725 2.07397349 1.99887742 1.94701361 1.97047502
  1.95784165 2.02338313 2.03840524 2.00903553]
 [2.06950683 1.98277186 1.95082917 2.06313953 2.00050191 1.98369778
  2.08241751 1.98641351 2.05762838 1.98757427]
 [1.90583558 1.94764793 1.95741484 2.09392945 2.06251684 2.01527667
  1.96153485 2.04927087 2.07735025 2.09810553]
 [1.9186737  1.93103806 1.99436829 1.90195647 1.92784468 2.07983587
  2.08621617 2.05087268 2.03296621 2.06214573]
 [1.96536667 1.94835894 1.98969871 2.06402946 1.96555832 1.942287
  1.93250139 1.91691143 1.96868719 2.07711702]]
Rh: [[ 7.51246529 21.62867389  1.7293473   2.76206226  7.31665553  2.56509057
   1.60053128 10.80753514  1.1075773  11.84257178  2.7774063 ]
 [ 3.552886    6.62242807  1.90301814 10.37274938  3.06789904  5.77316012
  24.27130157  6.38807723  7.04226119  3.40765403  3.81866759]
 [ 9.58328709  2.84479405 15.46792227  6.82934022  6.05449875  5.84919467
   2.27403733  3.42785204  3.36731259 34.81556965  5.26754651]
 [ 1.07233165  2.66176086 36.12357473  7.33817999  2.76184638  1.26453074
  13.64045359  1.87474751  6.99166891 19.68296898 38.4883866 ]
 [11.60244554 19.31213197  5.09716317  3.26348188 18.68441078  5.76918483
   8.08754679  2.022525    7.52679526 10.03838289 21.14198794]
 [ 2.45720151  7.70379363  6.5221168   4.27693009  2.99218318  2.31064178
   1.63241522  7.19700703 14.25985394  1.85039067  7.26953349]
 [ 8.45750822  1.08308905 32.29794258 25.71689013 17.1468989   3.38934128
   4.63205701  5.89213006  8.35326603  1.45749297  4.18406439]
 [37.28531047 14.30116293  1.759628    1.96446198 31.70042947 13.97420112
   6.93058547  1.5413253   7.89649359  1.80066135  4.35588212]
 [ 4.44590881  1.09865796  6.75741961 18.97320047 21.61241823  8.0938265
  18.75442004  1.20017489  3.64361201 29.13492211  1.52664966]
 [19.21217188 29.98787306  4.636975    6.8799341  10.89657701 16.65413411
   3.59099275 16.83758378  1.80025546  1.41177782 24.91540966]]
Rv: [[ 5.44220817 15.68646787  1.61871493 17.12272566  9.62627788  8.14199834
   3.28930037 17.09939931 23.70170858  1.57407549]
 [33.85180219  5.41061945 33.78595527 12.89753759  1.0149519   1.95581587
   5.65961818 15.55372486 26.74674467  4.45095584]
 [19.52693466 10.20592301  4.29357231  2.54810806  6.1504513  20.31362599
  13.22292128  5.63862278  1.83258882 11.97795078]
 [ 5.62859546  1.00029743  1.21604244  5.340124   34.43536231  3.51470443
   9.76147176  2.6418433  14.97550808 11.8051302 ]
 [ 2.42139415 33.21811548 22.29562273 12.55359409 34.50407079  4.62008877
   5.54943036 26.21678579 13.44344324 22.32459727]
 [13.27566958  1.41703776  2.08608892  5.91050634 19.72368473  8.95344944
   1.11539975 23.36355392  1.03370482 22.4729743 ]
 [ 8.71414932 21.64866325  2.58285676 26.03006774  3.79517037  3.39616996
   8.68911234 18.28528181  3.66142639  5.01992019]
 [ 3.54770349  1.19402498 10.90094847  1.07424288  7.69939441  9.04585016
   8.65776491  2.42775776  1.11797153  2.60183164]
 [ 5.39327699 25.40177285  4.73714099  1.99146259 12.39510594  9.32397745
  11.45150651  3.305214    3.57789482  1.04668067]]