-------Running parameters--------
T = 0.001
temperature_gradient = 0.0
gap = 0.0
M = 10
N = 10
VR = 0.0
Vmin = 0.0
Vmax = 1.1
vStep = 0.001
vSym = True
repeats = 50
fileName = array_10_10_r_std_19_run_8
dist = exp
fullOutput = True
use_graph = False
current_map = False
plot_current_map = False
plot_binary_current_map = False
frame_norm = False
dbg = False
resume = False
sc = False
leaping = False
constQ = False
modifyR = False
double_time = False
double_loop = False
calcIT = False
output_folder = bgu_2d_finite_temperature_different_r_disorders
params_path = 
VG_avg = 0.0
VG_std = 0.0
C_avg = 2.0
C_std = 0.1
CG_avg = 10.0
CG_std = 0.0
R_avg = 20.0
R_std = 19.0
custom_rh = ""
custom_rv = ""
custom_ch = ""
custom_cv = ""
RG_avg = 500.0
RG_std = 0.0
n0_avg = 0.0
n0_std = 0.0
Q0_avg = 0.0
Q0_std = 0.0
----Array Parameters-----
Rows: 10
Columns: 10
VG: [[0.]
 [0.]
 [0.]
 [0.]
 [0.]
 [0.]
 [0.]
 [0.]
 [0.]
 [0.]
 [0.]
 [0.]
 [0.]
 [0.]
 [0.]
 [0.]
 [0.]
 [0.]
 [0.]
 [0.]
 [0.]
 [0.]
 [0.]
 [0.]
 [0.]
 [0.]
 [0.]
 [0.]
 [0.]
 [0.]
 [0.]
 [0.]
 [0.]
 [0.]
 [0.]
 [0.]
 [0.]
 [0.]
 [0.]
 [0.]
 [0.]
 [0.]
 [0.]
 [0.]
 [0.]
 [0.]
 [0.]
 [0.]
 [0.]
 [0.]
 [0.]
 [0.]
 [0.]
 [0.]
 [0.]
 [0.]
 [0.]
 [0.]
 [0.]
 [0.]
 [0.]
 [0.]
 [0.]
 [0.]
 [0.]
 [0.]
 [0.]
 [0.]
 [0.]
 [0.]
 [0.]
 [0.]
 [0.]
 [0.]
 [0.]
 [0.]
 [0.]
 [0.]
 [0.]
 [0.]
 [0.]
 [0.]
 [0.]
 [0.]
 [0.]
 [0.]
 [0.]
 [0.]
 [0.]
 [0.]
 [0.]
 [0.]
 [0.]
 [0.]
 [0.]
 [0.]
 [0.]
 [0.]
 [0.]
 [0.]]
CG: [[10.]
 [10.]
 [10.]
 [10.]
 [10.]
 [10.]
 [10.]
 [10.]
 [10.]
 [10.]
 [10.]
 [10.]
 [10.]
 [10.]
 [10.]
 [10.]
 [10.]
 [10.]
 [10.]
 [10.]
 [10.]
 [10.]
 [10.]
 [10.]
 [10.]
 [10.]
 [10.]
 [10.]
 [10.]
 [10.]
 [10.]
 [10.]
 [10.]
 [10.]
 [10.]
 [10.]
 [10.]
 [10.]
 [10.]
 [10.]
 [10.]
 [10.]
 [10.]
 [10.]
 [10.]
 [10.]
 [10.]
 [10.]
 [10.]
 [10.]
 [10.]
 [10.]
 [10.]
 [10.]
 [10.]
 [10.]
 [10.]
 [10.]
 [10.]
 [10.]
 [10.]
 [10.]
 [10.]
 [10.]
 [10.]
 [10.]
 [10.]
 [10.]
 [10.]
 [10.]
 [10.]
 [10.]
 [10.]
 [10.]
 [10.]
 [10.]
 [10.]
 [10.]
 [10.]
 [10.]
 [10.]
 [10.]
 [10.]
 [10.]
 [10.]
 [10.]
 [10.]
 [10.]
 [10.]
 [10.]
 [10.]
 [10.]
 [10.]
 [10.]
 [10.]
 [10.]
 [10.]
 [10.]
 [10.]
 [10.]]
RG: [[500.]
 [500.]
 [500.]
 [500.]
 [500.]
 [500.]
 [500.]
 [500.]
 [500.]
 [500.]
 [500.]
 [500.]
 [500.]
 [500.]
 [500.]
 [500.]
 [500.]
 [500.]
 [500.]
 [500.]
 [500.]
 [500.]
 [500.]
 [500.]
 [500.]
 [500.]
 [500.]
 [500.]
 [500.]
 [500.]
 [500.]
 [500.]
 [500.]
 [500.]
 [500.]
 [500.]
 [500.]
 [500.]
 [500.]
 [500.]
 [500.]
 [500.]
 [500.]
 [500.]
 [500.]
 [500.]
 [500.]
 [500.]
 [500.]
 [500.]
 [500.]
 [500.]
 [500.]
 [500.]
 [500.]
 [500.]
 [500.]
 [500.]
 [500.]
 [500.]
 [500.]
 [500.]
 [500.]
 [500.]
 [500.]
 [500.]
 [500.]
 [500.]
 [500.]
 [500.]
 [500.]
 [500.]
 [500.]
 [500.]
 [500.]
 [500.]
 [500.]
 [500.]
 [500.]
 [500.]
 [500.]
 [500.]
 [500.]
 [500.]
 [500.]
 [500.]
 [500.]
 [500.]
 [500.]
 [500.]
 [500.]
 [500.]
 [500.]
 [500.]
 [500.]
 [500.]
 [500.]
 [500.]
 [500.]
 [500.]]
Ch: [[2.09917827 1.98884942 2.05251778 1.94771863 2.08317917 2.00934813
  2.08627813 2.04072878 1.91042197 1.96248075 2.01789352]
 [1.91428235 2.03202184 1.99843315 2.07454385 1.97855519 1.95849225
  1.96359003 2.02753002 1.90844898 1.95989958 2.00354229]
 [1.977798   1.96506157 1.97997403 1.90199822 1.9443225  1.99374962
  1.99382931 2.08161943 2.06821151 1.9725397  2.02564541]
 [1.97105047 1.95206989 2.08350978 1.92403033 1.95738768 1.94540913
  1.99869506 1.94535068 1.94373848 2.077655   1.91195685]
 [1.97489001 2.06567591 1.95086525 1.93446955 1.90644    2.06899889
  1.96060455 1.90494126 1.94029286 2.08126576 1.95888114]
 [2.06013913 1.91986403 2.08312323 1.9685867  2.05812842 2.08605404
  2.03561867 1.9678309  2.0927066  2.01707815 2.07081421]
 [1.9193183  2.00109044 1.98604505 1.97910755 2.04517314 2.01333408
  2.0471367  1.96802776 1.95749845 1.9166104  2.07756097]
 [2.0524991  2.04513889 2.00990339 1.91613327 1.93406709 1.94649051
  1.97580247 2.03849692 1.91003236 2.06233094 2.07455767]
 [2.03588925 1.98227953 1.97075527 2.06936578 1.92578566 2.03532876
  2.05631989 2.0766329  1.95000238 1.94073724 2.07880619]
 [2.08842011 1.97382532 2.00047115 1.99817731 2.01433744 2.02513869
  2.00685748 2.02474849 2.09130881 2.05567047 2.08825958]]
Cv: [[0.         0.         0.         0.         0.         0.
  0.         0.         0.         0.        ]
 [2.06445865 2.01624739 2.0493079  2.01476635 2.09695285 1.99566466
  1.94622038 1.93842948 2.0751353  2.01962599]
 [2.03678931 1.9940811  2.05624407 2.02719463 1.94181279 1.90586492
  2.09986814 1.99898835 2.01874192 1.95172824]
 [1.99593068 1.90559333 1.98142377 1.99779758 2.06409187 1.98988788
  2.0226372  1.953021   2.05452366 1.967462  ]
 [2.04253686 1.95187706 2.00368952 2.03948293 2.03535027 1.91220181
  2.03369975 1.97664174 2.07783929 2.08475752]
 [1.95101022 2.05773349 1.99983572 1.93851007 1.93312238 2.08762374
  1.94420076 2.00988802 1.91918017 1.99136522]
 [1.99437213 1.97591013 2.03636103 1.97987545 1.90365195 1.98163973
  2.00487864 1.98824511 2.08025371 1.99991779]
 [1.93427787 1.97306558 2.0680662  2.04364211 1.91272388 2.04471504
  1.92385336 2.02095646 2.01553434 2.02330643]
 [2.00332648 1.95431995 1.97551012 1.99175751 2.01119925 2.04181076
  2.02046752 2.06901379 2.06360073 2.05041173]
 [1.95739463 1.93219381 1.9712595  1.92187952 1.98214826 2.05688277
  1.92290853 1.92207258 2.08750425 1.98422596]]
Rh: [[12.06620961 28.99533293  1.3365503   4.07385856  1.14072294  1.05291144
   6.70324901  2.25802544 30.28963925 31.68119184  2.13016236]
 [ 1.63259221 29.72595012 19.86834012 12.57199053 15.13309796  7.09621853
   6.90844114  6.15321047  8.31878246 10.0348561   1.61531757]
 [ 3.88097766  6.64085615  5.19519594  5.6271776   1.91375132  1.21085427
   7.17650215  2.10427299 17.1755577   2.19553757 12.47029807]
 [17.40253065  1.12466931  1.54943416  1.59975655 15.45686848  2.55359571
   4.59403331  5.57366758  3.24351974  8.60542616  2.69440161]
 [26.15218665 17.29928657 10.97099698 17.41671975 10.29146405 16.19477637
  28.93015246 13.7520727   1.96133086  1.73274435  4.81358998]
 [ 6.3328066  22.97177033 12.77128706 30.42831511  1.20838233 38.39766202
   6.10510684  1.17358754  4.25066246  5.80719412  5.34470455]
 [ 2.30901284  4.01092362  1.4385965   3.98632925  6.06417038 15.37903595
   7.15293011  3.63322189  5.77632415 37.02935526  1.2476839 ]
 [ 8.7169987   7.23504698 33.45421769  6.47070756  9.77080245 22.01463244
   4.61040024  2.21738949  2.20776759 35.08057554  8.14918983]
 [19.56110105 16.21699105 17.33961256  4.11768751  1.93999741 26.83305266
   2.53639421 12.08715426 11.48805552 16.74176703  1.98752912]
 [ 1.92172286  2.51714551 27.6544391   3.70647056  1.36810793  3.03841961
   1.51553953 10.27913364  1.12147355 25.95455648  7.77645297]]
Rv: [[19.38529343 27.32061543  8.96442739 27.15333835  1.04329395  6.29618199
   7.73907504 17.21302839 25.33921414 28.84424807]
 [ 8.52420054 11.37863248  3.10511692  2.00475364 15.34474763 23.12979102
   8.43251326 34.03456231 27.50685538  1.44209624]
 [ 2.56747624 26.88784748  4.14483166  1.76298026  8.6713067   4.35684654
   1.50383231  6.34243047  1.89919003 13.70571746]
 [21.31997399  8.17144006  1.47130959 20.82152314  1.65354087  7.06858107
   1.68570461  2.55184406 10.04311295  3.1438669 ]
 [21.30570654  1.16937373  4.37975848 14.65744815  6.45803301 30.1162618
   4.90170542  1.34592567  1.89638583  4.28936155]
 [11.05759625 19.55481686  2.42688853 24.23472672 11.15954577  3.82583429
   5.68213176  4.46019518  5.56602723  1.24073653]
 [ 2.9387735   2.42381024  6.87442723  9.61858946  4.43003525  1.0365288
  10.46921332 24.02233483 36.85704068  3.74992332]
 [ 1.10601198  1.34218353 30.89485855  1.38494916  5.52998076  1.63000245
  21.49838596  8.58333535 24.12272549  2.63187101]
 [ 2.59868183  4.93902939 20.66649825 25.39093539 23.1481697   8.4522936
  16.05787691 20.87758244 25.93754911 12.2051439 ]]