-------Running parameters--------
T = 0.001
temperature_gradient = 0.0
gap = 0.2
M = 10
N = 10
VR = 0.0
Vmin = 0.0
Vmax = 7.0
vStep = 0.1
vSym = True
repeats = 1
fileName = array_10_10_superconducting
dist = exp
fullOutput = True
use_graph = False
current_map = False
plot_current_map = False
plot_binary_current_map = False
frame_norm = False
dbg = True
resume = False
sc = True
leaping = False
constQ = False
modifyR = False
double_time = False
double_loop = False
output_folder = superconducting_dbg
params_path = 
VG_avg = 0.0
VG_std = 0.0
C_avg = 2.0
C_std = 1.0
CG_avg = 10.0
CG_std = 0.0
R_avg = 10.0
R_std = 9.0
custom_rh = 
custom_rv = 
custom_ch = 
custom_cv = 
RG_avg = 500.0
RG_std = 0.0
n0_avg = 0.0
n0_std = 0.0
Q0_avg = 0.0
Q0_std = 0.0
----Array Parameters-----
Rows: 10
Columns: 10
VG: [[0.]
 [0.]
 [0.]
 [0.]
 [0.]
 [0.]
 [0.]
 [0.]
 [0.]
 [0.]
 [0.]
 [0.]
 [0.]
 [0.]
 [0.]
 [0.]
 [0.]
 [0.]
 [0.]
 [0.]
 [0.]
 [0.]
 [0.]
 [0.]
 [0.]
 [0.]
 [0.]
 [0.]
 [0.]
 [0.]
 [0.]
 [0.]
 [0.]
 [0.]
 [0.]
 [0.]
 [0.]
 [0.]
 [0.]
 [0.]
 [0.]
 [0.]
 [0.]
 [0.]
 [0.]
 [0.]
 [0.]
 [0.]
 [0.]
 [0.]
 [0.]
 [0.]
 [0.]
 [0.]
 [0.]
 [0.]
 [0.]
 [0.]
 [0.]
 [0.]
 [0.]
 [0.]
 [0.]
 [0.]
 [0.]
 [0.]
 [0.]
 [0.]
 [0.]
 [0.]
 [0.]
 [0.]
 [0.]
 [0.]
 [0.]
 [0.]
 [0.]
 [0.]
 [0.]
 [0.]
 [0.]
 [0.]
 [0.]
 [0.]
 [0.]
 [0.]
 [0.]
 [0.]
 [0.]
 [0.]
 [0.]
 [0.]
 [0.]
 [0.]
 [0.]
 [0.]
 [0.]
 [0.]
 [0.]
 [0.]]
CG: [[10.]
 [10.]
 [10.]
 [10.]
 [10.]
 [10.]
 [10.]
 [10.]
 [10.]
 [10.]
 [10.]
 [10.]
 [10.]
 [10.]
 [10.]
 [10.]
 [10.]
 [10.]
 [10.]
 [10.]
 [10.]
 [10.]
 [10.]
 [10.]
 [10.]
 [10.]
 [10.]
 [10.]
 [10.]
 [10.]
 [10.]
 [10.]
 [10.]
 [10.]
 [10.]
 [10.]
 [10.]
 [10.]
 [10.]
 [10.]
 [10.]
 [10.]
 [10.]
 [10.]
 [10.]
 [10.]
 [10.]
 [10.]
 [10.]
 [10.]
 [10.]
 [10.]
 [10.]
 [10.]
 [10.]
 [10.]
 [10.]
 [10.]
 [10.]
 [10.]
 [10.]
 [10.]
 [10.]
 [10.]
 [10.]
 [10.]
 [10.]
 [10.]
 [10.]
 [10.]
 [10.]
 [10.]
 [10.]
 [10.]
 [10.]
 [10.]
 [10.]
 [10.]
 [10.]
 [10.]
 [10.]
 [10.]
 [10.]
 [10.]
 [10.]
 [10.]
 [10.]
 [10.]
 [10.]
 [10.]
 [10.]
 [10.]
 [10.]
 [10.]
 [10.]
 [10.]
 [10.]
 [10.]
 [10.]
 [10.]]
RG: [[500.]
 [500.]
 [500.]
 [500.]
 [500.]
 [500.]
 [500.]
 [500.]
 [500.]
 [500.]
 [500.]
 [500.]
 [500.]
 [500.]
 [500.]
 [500.]
 [500.]
 [500.]
 [500.]
 [500.]
 [500.]
 [500.]
 [500.]
 [500.]
 [500.]
 [500.]
 [500.]
 [500.]
 [500.]
 [500.]
 [500.]
 [500.]
 [500.]
 [500.]
 [500.]
 [500.]
 [500.]
 [500.]
 [500.]
 [500.]
 [500.]
 [500.]
 [500.]
 [500.]
 [500.]
 [500.]
 [500.]
 [500.]
 [500.]
 [500.]
 [500.]
 [500.]
 [500.]
 [500.]
 [500.]
 [500.]
 [500.]
 [500.]
 [500.]
 [500.]
 [500.]
 [500.]
 [500.]
 [500.]
 [500.]
 [500.]
 [500.]
 [500.]
 [500.]
 [500.]
 [500.]
 [500.]
 [500.]
 [500.]
 [500.]
 [500.]
 [500.]
 [500.]
 [500.]
 [500.]
 [500.]
 [500.]
 [500.]
 [500.]
 [500.]
 [500.]
 [500.]
 [500.]
 [500.]
 [500.]
 [500.]
 [500.]
 [500.]
 [500.]
 [500.]
 [500.]
 [500.]
 [500.]
 [500.]
 [500.]]
Ch: [[1.70902979 1.20500274 1.62816637 1.48733053 2.18470908 1.5323536
  1.09432855 1.10789412 1.52146088 2.00485096 1.1785082 ]
 [2.28721649 1.82412667 1.27619208 1.45593002 1.2269953  1.33456663
  1.86934342 1.00375258 2.27902721 1.59708799 1.38341473]
 [2.81370985 1.28682615 2.72648164 1.6871726  1.64854117 1.40292296
  2.36168374 1.20449917 1.8563417  2.08862361 2.09853185]
 [1.23369748 1.33295721 2.4003616  1.71115575 1.40061832 1.20010454
  2.58058595 1.73856134 2.41771061 1.50575352 2.24323085]
 [2.84570075 2.25214726 2.27144745 1.08351361 1.18557746 1.20537474
  1.07170695 2.08042337 1.39326942 2.57134849 1.03817922]
 [2.43322259 2.94028132 1.60642206 2.90836617 1.25715576 2.62968728
  1.37491368 1.50091802 1.25283825 2.65847852 1.06755801]
 [2.7477584  1.53668154 1.3756758  1.91164939 1.22633898 1.35641604
  2.07231885 1.7006076  1.88753289 1.76486989 1.83551982]
 [2.49107091 2.60668384 1.89501258 1.61998795 1.01437945 2.05578916
  1.60117733 1.44538708 2.95967808 2.15489614 1.23127467]
 [1.24974111 1.78022213 1.17626947 1.03465253 1.67260397 1.457964
  1.96685763 2.53037244 1.25268687 1.33922697 2.66108957]
 [2.16998422 2.09630816 1.90921725 1.82071795 2.01101461 2.34111611
  1.75036941 1.32900741 1.14575998 1.97239162 1.7770676 ]]
Cv: [[0.         0.         0.         0.         0.         0.
  0.         0.         0.         0.        ]
 [1.00329635 1.61447524 1.94541171 2.7262321  2.18879763 2.6270669
  1.04692094 2.97267329 2.96433779 2.36353941]
 [1.10012384 2.42753741 1.93873289 1.82809426 1.96466778 2.83199605
  1.46853109 2.10798609 1.2840305  1.23406367]
 [1.13671286 1.66788335 2.29534733 1.03310491 1.51151445 1.18650062
  1.7516355  2.05186028 1.68917985 1.96825314]
 [1.74163998 1.22115665 1.1119377  1.60976627 1.7118977  2.67028809
  2.38115008 1.36979737 2.34729057 1.62381768]
 [1.18558421 2.06187865 1.45146238 2.19682142 1.4893609  2.59990475
  1.92122661 2.94366115 2.72274608 1.69111572]
 [2.9761014  1.13702074 2.00087869 1.2501385  1.35302561 1.44286346
  1.34368328 1.6979749  1.1964289  1.6788681 ]
 [1.16566934 2.42479896 1.74329012 1.53985211 2.29839873 1.40463243
  2.9268242  2.41648463 1.5143907  1.96173213]
 [2.82227479 2.9212576  1.03889264 2.48559212 2.27562847 2.60310539
  1.30289576 1.97799407 2.52059502 1.33689328]
 [1.85047988 1.95133844 2.00600843 1.57506736 1.83066866 1.95655958
  1.38343805 2.05748244 1.42247271 1.5292049 ]]
Rh: [[ 2.65819736 15.06432076  7.54530599 14.36137302  4.06778693  5.13078408
   1.92868599  7.59826515  2.31159537  1.89355207  5.33050107]
 [ 5.34986807  1.14231246  6.17423239 17.62621006 18.16868441 11.38741365
   5.29865387  3.74396025 10.29588336  4.00923406 10.99093328]
 [ 3.94043961  1.7903398   7.56324021  5.9624261   1.61695683  1.5596742
   8.0609548   3.41827087  1.50671073  1.87554146  2.60680567]
 [ 5.08841003  1.15623641  6.77503295  4.0584947   6.19703608 10.59673225
   8.65762608  4.47215718  1.94582551 10.45629068  7.89570616]
 [12.08111247 10.83438723  6.32384562  1.91037276  2.68217754  1.0011288
   1.05222655 12.16326641  3.07533966 13.99043453  2.64252544]
 [18.62813249  1.1389257   1.98272996  3.2237508   1.42472375 15.43420514
   3.7720715  13.34021427  3.08006252  4.92200688  1.87860575]
 [12.78261971  1.03522757  8.56172373  5.10686434  4.35174998 11.05763262
   4.64036745  3.91445532  3.21720186  3.82847512  1.34708987]
 [ 1.42994143  5.78137632  4.41487253  4.97358714  1.18525717  2.1086606
   9.96139975 14.65351303  6.46164221  1.88231046  8.90359223]
 [ 8.57640286  2.99952306 13.69997058  2.13630837  2.4323563   8.56131267
  10.50433092  1.90185176  1.20868591  3.03170769  1.10125753]
 [14.60099468  2.28623065  6.16803551  8.44172476  1.10798729  1.19766642
   4.44240449  2.22237228 10.90854897  1.37901413  4.46548346]]
Rv: [[ 2.36063196 13.45298886  1.98375255  4.6266874   2.86836846  6.81368438
   2.55472577 12.59991641  7.44906322  7.80201719]
 [ 2.3966778  18.85696567  4.50572041  2.38296287  1.58297341  6.36750533
  14.5579986   1.45594524  2.41764375  1.38572657]
 [ 1.54896825 12.63046265  3.80164847  1.09458164 10.60166847  1.83589906
  10.82239959  1.53185048 10.73026982  7.46493668]
 [14.982001    1.41397236  2.48016799 13.37135112  1.64823046  8.8149759
   1.70758317  2.14351501 15.90343039  9.53114397]
 [ 6.79493807 10.61113713  7.60905424 13.37357028  9.71233412 14.22173029
   2.88241     1.28553453  4.42134687  1.08678752]
 [ 8.20666054 11.54717587  5.24094552 11.43551869  2.50036107 11.90143556
  11.51019113 17.77521458  2.75618875  7.00519933]
 [ 1.66010672 13.0097116   1.35489991  2.11730383  4.367565    2.29151451
   4.04983932  7.58470149  2.34830793  5.02652501]
 [ 1.72172923  5.98350441  2.81154121 11.4233587   3.9872279   1.99848858
   7.8795891  11.34472649  7.54524655  8.96458609]
 [ 4.039899    8.13080615  7.18714194  9.68913071  2.5825373   2.1381042
   1.03026907  6.62634825  2.62875706  7.66220731]]