-------Running parameters--------
T = 0.001
temperature_gradient = 0.0
gap = 0.0
M = 10
N = 10
VR = 0.0
Vmin = 0.0
Vmax = 3.0
vStep = 0.001
vSym = True
repeats = 50
fileName = array_10_10_disorder_c_std_0.9_r_std_9.5_cg_5_run_3
dist = exp
fullOutput = True
use_graph = False
current_map = True
plot_current_map = False
plot_binary_current_map = False
frame_norm = False
dbg = False
resume = False
sc = False
leaping = False
constQ = False
modifyR = False
double_time = False
double_loop = False
output_folder = bgu_2d_arrays_different_cg
params_path = 
VG_avg = 0.0
VG_std = 0.0
C_avg = 1.0
C_std = 0.9
CG_avg = 5.0
CG_std = 0.0
R_avg = 10.0
R_std = 9.5
custom_rh = ""
custom_rv = ""
custom_ch = ""
custom_cv = ""
RG_avg = 500.0
RG_std = 0.0
n0_avg = 0.0
n0_std = 0.0
Q0_avg = 0.0
Q0_std = 0.0
----Array Parameters-----
Rows: 10
Columns: 10
VG: [[0.]
 [0.]
 [0.]
 [0.]
 [0.]
 [0.]
 [0.]
 [0.]
 [0.]
 [0.]
 [0.]
 [0.]
 [0.]
 [0.]
 [0.]
 [0.]
 [0.]
 [0.]
 [0.]
 [0.]
 [0.]
 [0.]
 [0.]
 [0.]
 [0.]
 [0.]
 [0.]
 [0.]
 [0.]
 [0.]
 [0.]
 [0.]
 [0.]
 [0.]
 [0.]
 [0.]
 [0.]
 [0.]
 [0.]
 [0.]
 [0.]
 [0.]
 [0.]
 [0.]
 [0.]
 [0.]
 [0.]
 [0.]
 [0.]
 [0.]
 [0.]
 [0.]
 [0.]
 [0.]
 [0.]
 [0.]
 [0.]
 [0.]
 [0.]
 [0.]
 [0.]
 [0.]
 [0.]
 [0.]
 [0.]
 [0.]
 [0.]
 [0.]
 [0.]
 [0.]
 [0.]
 [0.]
 [0.]
 [0.]
 [0.]
 [0.]
 [0.]
 [0.]
 [0.]
 [0.]
 [0.]
 [0.]
 [0.]
 [0.]
 [0.]
 [0.]
 [0.]
 [0.]
 [0.]
 [0.]
 [0.]
 [0.]
 [0.]
 [0.]
 [0.]
 [0.]
 [0.]
 [0.]
 [0.]
 [0.]]
CG: [[5.]
 [5.]
 [5.]
 [5.]
 [5.]
 [5.]
 [5.]
 [5.]
 [5.]
 [5.]
 [5.]
 [5.]
 [5.]
 [5.]
 [5.]
 [5.]
 [5.]
 [5.]
 [5.]
 [5.]
 [5.]
 [5.]
 [5.]
 [5.]
 [5.]
 [5.]
 [5.]
 [5.]
 [5.]
 [5.]
 [5.]
 [5.]
 [5.]
 [5.]
 [5.]
 [5.]
 [5.]
 [5.]
 [5.]
 [5.]
 [5.]
 [5.]
 [5.]
 [5.]
 [5.]
 [5.]
 [5.]
 [5.]
 [5.]
 [5.]
 [5.]
 [5.]
 [5.]
 [5.]
 [5.]
 [5.]
 [5.]
 [5.]
 [5.]
 [5.]
 [5.]
 [5.]
 [5.]
 [5.]
 [5.]
 [5.]
 [5.]
 [5.]
 [5.]
 [5.]
 [5.]
 [5.]
 [5.]
 [5.]
 [5.]
 [5.]
 [5.]
 [5.]
 [5.]
 [5.]
 [5.]
 [5.]
 [5.]
 [5.]
 [5.]
 [5.]
 [5.]
 [5.]
 [5.]
 [5.]
 [5.]
 [5.]
 [5.]
 [5.]
 [5.]
 [5.]
 [5.]
 [5.]
 [5.]
 [5.]]
RG: [[500.]
 [500.]
 [500.]
 [500.]
 [500.]
 [500.]
 [500.]
 [500.]
 [500.]
 [500.]
 [500.]
 [500.]
 [500.]
 [500.]
 [500.]
 [500.]
 [500.]
 [500.]
 [500.]
 [500.]
 [500.]
 [500.]
 [500.]
 [500.]
 [500.]
 [500.]
 [500.]
 [500.]
 [500.]
 [500.]
 [500.]
 [500.]
 [500.]
 [500.]
 [500.]
 [500.]
 [500.]
 [500.]
 [500.]
 [500.]
 [500.]
 [500.]
 [500.]
 [500.]
 [500.]
 [500.]
 [500.]
 [500.]
 [500.]
 [500.]
 [500.]
 [500.]
 [500.]
 [500.]
 [500.]
 [500.]
 [500.]
 [500.]
 [500.]
 [500.]
 [500.]
 [500.]
 [500.]
 [500.]
 [500.]
 [500.]
 [500.]
 [500.]
 [500.]
 [500.]
 [500.]
 [500.]
 [500.]
 [500.]
 [500.]
 [500.]
 [500.]
 [500.]
 [500.]
 [500.]
 [500.]
 [500.]
 [500.]
 [500.]
 [500.]
 [500.]
 [500.]
 [500.]
 [500.]
 [500.]
 [500.]
 [500.]
 [500.]
 [500.]
 [500.]
 [500.]
 [500.]
 [500.]
 [500.]
 [500.]]
Ch: [[0.13156216 1.32554885 1.39713107 0.74626642 0.12276495 1.80574093
  1.55350192 1.40699719 1.09874236 0.20353141 0.84801433]
 [0.18192271 0.841732   1.62066682 0.83065051 0.13292405 0.69953897
  1.44509387 0.33459246 0.80422737 0.45819507 0.58259753]
 [0.688901   1.03883657 1.41534497 0.61525191 0.16255302 1.25895789
  0.28655173 1.25120009 0.25953884 0.1834841  1.10573794]
 [0.1479132  0.18224517 0.30902644 0.11636788 0.76772377 0.29640224
  1.14559034 1.79725718 0.83759795 0.25109385 0.20469761]
 [0.59657773 1.86786043 0.3425571  0.16776436 0.27163299 1.11378583
  0.12142478 0.64239257 0.11064051 0.10736272 0.96068847]
 [0.94443545 0.3227437  0.51237214 0.32855754 1.78392663 0.18910269
  0.7668262  0.32857466 1.3682506  0.15646987 0.68850108]
 [0.28398712 0.45411192 1.72369091 0.40003668 0.16779393 1.31161191
  1.50495162 0.27525897 0.11503664 0.67511167 0.1367015 ]
 [0.24329304 0.13874488 0.14524784 1.26499013 1.54563238 1.17569925
  1.02851467 1.0898291  0.20601267 1.52998689 0.20487376]
 [0.8280243  1.02887997 0.31026374 0.69194565 0.50782666 0.27290219
  1.68950562 0.31692463 0.10872377 1.39091909 0.16770716]
 [0.10933921 0.12810953 0.47152806 1.20542631 1.7355605  0.70921451
  0.72745381 1.0697207  0.47880003 1.56332873 1.81605415]]
Cv: [[0.         0.         0.         0.         0.         0.
  0.         0.         0.         0.        ]
 [0.1856291  0.47547677 0.1870615  0.45017716 0.6452863  0.52326001
  1.43285599 0.64727042 0.22881584 0.33418012]
 [0.4718045  0.1342858  0.15169751 0.30813858 0.93761313 0.20631662
  0.21613446 0.60882523 0.16808501 0.27378838]
 [0.53466541 0.45935493 0.13060112 0.23056367 0.42990333 0.18156734
  0.22545556 0.26357099 1.17160248 0.41044278]
 [0.1300329  0.12172113 0.23166985 1.66762874 0.14668088 0.74391301
  0.21896356 1.0260821  0.11142224 0.59897954]
 [0.34892741 0.58734674 0.20567952 0.20986025 0.13995047 1.59822435
  0.45631781 0.39209265 0.14631091 0.24246143]
 [0.55915141 1.51007244 0.13505849 0.88917754 0.93345932 1.31303428
  0.24239719 0.10339822 0.45180023 1.37134154]
 [1.41141944 1.15436751 1.0174687  0.12067214 0.12403018 0.47153898
  0.73181472 0.69463451 0.33546295 0.49048497]
 [0.82418038 0.42846596 0.59836765 0.95391141 1.82915507 0.225772
  0.18753902 0.20250627 0.36480009 0.19929187]
 [0.2687153  0.39022613 1.44187443 0.14189324 0.38333433 0.72057577
  0.25215735 1.58032129 0.56676581 0.49305556]]
Rh: [[11.87137684  1.94556836  6.22622446 13.75514681  0.59969331  7.88417286
   0.50850819  1.37225895  3.17545861  0.90989285  0.59370628]
 [ 1.14578782  6.42092965  6.46629965  0.64701966 17.14268022  2.53513387
  15.1189874   4.57063039  5.87358392  8.11216899  8.704889  ]
 [ 7.2706188  17.47122572  1.3993817   5.42615756  2.27087728  4.93033685
   5.39089974  1.05555691  2.16712104  1.37983036  1.93963944]
 [ 1.52464936  1.31768117  6.24899278 10.66674855 14.15410622 18.95366511
   1.77568547 14.63083814  5.84938725 11.76677623  6.20943963]
 [ 1.48727099  2.37297963  2.10614368  1.01412233  5.44199029  1.6138129
   0.61333035  3.06436521 12.3701431   1.40683694 18.88097452]
 [ 1.94733035  1.0666158  11.5213394   4.14499825  2.34287042  0.7578434
  12.24405295  0.66179357  2.77051166  9.71743684  1.77617561]
 [ 1.02848102  1.54754102  2.57744568  2.83654189  6.80421926  3.21949223
  10.6444155   1.92644451  3.41675474  0.59865901  4.28998916]
 [ 2.89640156  5.2999943   0.85759007  1.96116792 10.68653279  0.62499304
   1.54173111  0.73996626  1.2686627  19.32901524  2.23809044]
 [ 2.84865946  0.59181489  4.00424247  4.96986164  1.35991236  4.70588494
   6.91251984  3.30485336  3.43202054  0.77064289  2.09808   ]
 [ 0.5252374  12.71253343 19.21991287 11.6818438   8.55634138 17.52631939
   2.92346841  0.57847765  3.46362646  3.76193892  0.73908024]]
Rv: [[ 3.3552641   4.17232     4.45060431  4.7851079   3.07279929  3.03138104
   3.49225677  1.44810475 16.0890873   1.14888015]
 [ 0.80316942  1.0415326   1.36220197  2.10074687 11.24666556  1.0906135
   0.56626491  0.51720946  6.16121925  8.83728258]
 [ 2.37152713  1.0235548   0.53227942  7.30828362  1.88101748  2.65311137
   1.07822971  1.17736795 10.56688619  0.55051133]
 [ 2.51520905  2.7508511   2.24841662  4.43653074  1.74128184  7.95344544
   1.05948889 12.79301663  0.56949977  8.50320376]
 [ 3.52607665  8.61943716 13.3216379   0.75877524  1.80389454  1.16504687
   5.65942828  5.56354216  1.14397432  8.84773413]
 [ 0.97120083  3.70707701  2.79948033  1.40090882 16.06763126  1.12997169
   0.76620127  1.2405544   9.25280239 14.04141031]
 [ 0.78722663  2.30036245  1.26069352 12.71987196  5.97439367  2.39294682
  17.44657946  3.71559992  6.58898954 10.16105603]
 [ 5.79735545  0.65534318  5.16867441  0.61351465  1.92599142  4.57587766
   1.56521709 15.08763022  0.62165372  1.88052797]
 [ 7.47076319  1.3278369   2.1649122   0.54739159  0.55912347  4.21205233
   1.01582683  2.16942975 10.79739871  9.79111219]]