-------Running parameters--------
T = 0.001
temperature_gradient = 0.0
gap = 0.0
M = 10
N = 10
VR = 0.0
Vmin = 0.0
Vmax = 3.0
vStep = 0.001
vSym = True
repeats = 50
fileName = array_10_10_disorder_c_std_0.9_r_std_9.5_cg_1_run_10
dist = exp
fullOutput = True
use_graph = False
current_map = True
plot_current_map = False
plot_binary_current_map = False
frame_norm = False
dbg = False
resume = False
sc = False
leaping = False
constQ = False
modifyR = False
double_time = False
double_loop = False
output_folder = bgu_2d_arrays_different_cg
params_path = 
VG_avg = 0.0
VG_std = 0.0
C_avg = 1.0
C_std = 0.9
CG_avg = 1.0
CG_std = 0.0
R_avg = 10.0
R_std = 9.5
custom_rh = ""
custom_rv = ""
custom_ch = ""
custom_cv = ""
RG_avg = 500.0
RG_std = 0.0
n0_avg = 0.0
n0_std = 0.0
Q0_avg = 0.0
Q0_std = 0.0
----Array Parameters-----
Rows: 10
Columns: 10
VG: [[0.]
 [0.]
 [0.]
 [0.]
 [0.]
 [0.]
 [0.]
 [0.]
 [0.]
 [0.]
 [0.]
 [0.]
 [0.]
 [0.]
 [0.]
 [0.]
 [0.]
 [0.]
 [0.]
 [0.]
 [0.]
 [0.]
 [0.]
 [0.]
 [0.]
 [0.]
 [0.]
 [0.]
 [0.]
 [0.]
 [0.]
 [0.]
 [0.]
 [0.]
 [0.]
 [0.]
 [0.]
 [0.]
 [0.]
 [0.]
 [0.]
 [0.]
 [0.]
 [0.]
 [0.]
 [0.]
 [0.]
 [0.]
 [0.]
 [0.]
 [0.]
 [0.]
 [0.]
 [0.]
 [0.]
 [0.]
 [0.]
 [0.]
 [0.]
 [0.]
 [0.]
 [0.]
 [0.]
 [0.]
 [0.]
 [0.]
 [0.]
 [0.]
 [0.]
 [0.]
 [0.]
 [0.]
 [0.]
 [0.]
 [0.]
 [0.]
 [0.]
 [0.]
 [0.]
 [0.]
 [0.]
 [0.]
 [0.]
 [0.]
 [0.]
 [0.]
 [0.]
 [0.]
 [0.]
 [0.]
 [0.]
 [0.]
 [0.]
 [0.]
 [0.]
 [0.]
 [0.]
 [0.]
 [0.]
 [0.]]
CG: [[1.]
 [1.]
 [1.]
 [1.]
 [1.]
 [1.]
 [1.]
 [1.]
 [1.]
 [1.]
 [1.]
 [1.]
 [1.]
 [1.]
 [1.]
 [1.]
 [1.]
 [1.]
 [1.]
 [1.]
 [1.]
 [1.]
 [1.]
 [1.]
 [1.]
 [1.]
 [1.]
 [1.]
 [1.]
 [1.]
 [1.]
 [1.]
 [1.]
 [1.]
 [1.]
 [1.]
 [1.]
 [1.]
 [1.]
 [1.]
 [1.]
 [1.]
 [1.]
 [1.]
 [1.]
 [1.]
 [1.]
 [1.]
 [1.]
 [1.]
 [1.]
 [1.]
 [1.]
 [1.]
 [1.]
 [1.]
 [1.]
 [1.]
 [1.]
 [1.]
 [1.]
 [1.]
 [1.]
 [1.]
 [1.]
 [1.]
 [1.]
 [1.]
 [1.]
 [1.]
 [1.]
 [1.]
 [1.]
 [1.]
 [1.]
 [1.]
 [1.]
 [1.]
 [1.]
 [1.]
 [1.]
 [1.]
 [1.]
 [1.]
 [1.]
 [1.]
 [1.]
 [1.]
 [1.]
 [1.]
 [1.]
 [1.]
 [1.]
 [1.]
 [1.]
 [1.]
 [1.]
 [1.]
 [1.]
 [1.]]
RG: [[500.]
 [500.]
 [500.]
 [500.]
 [500.]
 [500.]
 [500.]
 [500.]
 [500.]
 [500.]
 [500.]
 [500.]
 [500.]
 [500.]
 [500.]
 [500.]
 [500.]
 [500.]
 [500.]
 [500.]
 [500.]
 [500.]
 [500.]
 [500.]
 [500.]
 [500.]
 [500.]
 [500.]
 [500.]
 [500.]
 [500.]
 [500.]
 [500.]
 [500.]
 [500.]
 [500.]
 [500.]
 [500.]
 [500.]
 [500.]
 [500.]
 [500.]
 [500.]
 [500.]
 [500.]
 [500.]
 [500.]
 [500.]
 [500.]
 [500.]
 [500.]
 [500.]
 [500.]
 [500.]
 [500.]
 [500.]
 [500.]
 [500.]
 [500.]
 [500.]
 [500.]
 [500.]
 [500.]
 [500.]
 [500.]
 [500.]
 [500.]
 [500.]
 [500.]
 [500.]
 [500.]
 [500.]
 [500.]
 [500.]
 [500.]
 [500.]
 [500.]
 [500.]
 [500.]
 [500.]
 [500.]
 [500.]
 [500.]
 [500.]
 [500.]
 [500.]
 [500.]
 [500.]
 [500.]
 [500.]
 [500.]
 [500.]
 [500.]
 [500.]
 [500.]
 [500.]
 [500.]
 [500.]
 [500.]
 [500.]]
Ch: [[0.16080281 0.44974322 0.4638073  0.89914956 0.12446031 0.19299909
  1.65832283 1.43167491 0.28701629 0.88855982 1.10467807]
 [0.1076251  0.35531544 0.22466213 0.12176513 1.3415361  0.87199637
  0.18838229 0.26534632 0.48022112 0.25204856 0.69447675]
 [0.37909412 0.18216658 0.13090039 0.2602401  1.27176529 0.29090996
  0.3571913  1.59437197 0.17907477 0.28367063 0.13548313]
 [1.73368997 0.22549037 0.38194616 0.79973864 0.27782895 0.10649948
  0.43446517 0.14021748 0.13086077 0.21775791 1.14513798]
 [0.23933243 1.7689783  0.37528439 1.02782603 0.11981422 1.02648341
  1.77154161 0.22196502 0.75134337 0.56012668 0.12041815]
 [1.26542809 0.31817074 1.03288584 0.17845926 0.75068778 1.74681346
  0.85865896 0.1247681  0.62740043 1.60500676 1.12646271]
 [1.10664152 0.44525391 0.45349471 0.80844033 1.54487291 1.2115798
  0.83802574 1.10072012 0.2287406  1.69588338 1.35170045]
 [1.30749215 0.28515978 0.41080907 1.62560287 0.75760049 0.36229112
  1.44921635 0.51069714 0.10247031 0.22194672 0.82891014]
 [0.34824186 1.18755057 0.81008759 1.81965589 0.24128034 0.21177815
  0.30115362 0.58092536 1.85139105 0.10775964 0.12554236]
 [0.33270371 0.34505153 1.33742654 0.11469378 0.79094185 0.47259962
  0.14283132 0.1189462  0.38577591 0.15359208 0.59820318]]
Cv: [[0.         0.         0.         0.         0.         0.
  0.         0.         0.         0.        ]
 [0.12100701 0.28310719 0.53755127 0.28580409 1.6852077  1.60611667
  1.24770823 0.3680204  1.61614064 0.20854292]
 [0.31922293 0.10818651 0.32190935 0.37580093 1.13718804 0.15387712
  0.52398029 0.47621886 0.32625235 0.12686919]
 [0.44090862 0.32551139 0.65099102 0.2424304  1.67379615 0.15097116
  0.20038366 1.29835025 0.10206865 0.21491459]
 [0.5308618  0.36780383 0.67578816 0.1729871  0.34178712 0.38324007
  0.12323448 1.02565527 0.39027927 0.11346141]
 [0.10880596 0.56155205 0.62845742 0.53854365 0.17403149 0.90620064
  0.33099167 0.7450337  0.39323817 0.69901363]
 [0.6501654  0.70245731 0.19319314 0.37399588 0.27710451 0.43514885
  0.16140373 0.12160491 0.15156366 0.79975877]
 [0.13129086 0.16852936 0.88441066 0.27963963 0.55873339 0.83463867
  0.61279575 1.89823716 0.13798414 0.28379299]
 [1.37404471 1.22272268 0.74805937 0.3457881  0.19560767 0.49927889
  0.1332555  0.20084057 0.28834143 0.81164927]
 [0.18739755 0.17670406 0.15701114 0.98351146 0.26646679 0.24242191
  0.15662369 1.19075389 1.36405994 0.10531176]]
Rh: [[ 9.92358898  6.12161279 15.96064534  0.6762719   0.71603868  0.85590613
   9.04763206  1.58938631  4.70232914  9.11100374  0.63939686]
 [ 1.27883626  1.24240817  6.77823384  1.33226993  9.79943984  0.86277368
   0.57405506  9.7887217   2.80014029  0.64048209  1.45901523]
 [ 7.97059293  4.2450225  13.81751454  5.09293786 12.85883387 11.10030842
   1.22754626  0.62934601  6.34510804  1.0798107   1.0001141 ]
 [ 5.6197145   8.62399488  4.0826968  10.11176273  0.77412256  5.43527928
   0.84681422  4.08011102  0.56700975  2.27632993  7.88782456]
 [ 0.89933857  1.51952583  0.65534638 10.83973019  1.11169906  1.32409252
   3.52727118  3.84287945  1.20454454  6.56912467  2.43160857]
 [ 0.77589562  4.99677065  3.87145224  2.43377358  4.62328128  5.21535463
  17.35541793  1.73076788  0.53300124  1.20905321  0.54395873]
 [ 5.5370655   0.62395335  3.57526641  4.84300225  8.10188352  0.55874514
   4.85435491  7.95297458  0.67819057  3.80913775 12.16681678]
 [ 0.73767625  3.17162757 15.73447884  0.52373126  1.0065657   6.71331746
   0.93263668  0.69740919  9.17465714 15.2498926   0.51209457]
 [ 1.23538517  0.90898845  5.27291247  0.68334717  0.73984358  6.34279323
   1.40144482  1.10065808  1.28297792  3.20085625 15.54268277]
 [ 0.60754531 16.5398543   6.40948589  1.0086222   9.10321083  2.09548368
   1.74464807 18.54938427  8.67177992  1.03209326 15.42466758]]
Rv: [[ 1.43227221  7.00664211  4.89918385  3.22836264  1.56307663  0.53335655
   0.81408954  3.84936186  1.85289399  1.29155194]
 [ 0.53340722  5.76022156  2.09836729  6.29257441  2.27107561  3.47629403
  11.78928645 18.92305349  0.84079113  5.08333697]
 [ 0.69072943  5.194149    1.64699669  0.9817397   2.6938861   1.55496212
   5.27712745  1.41278347 15.36670485 11.78002423]
 [ 2.03589732  1.01125754 16.02014563 14.49263543  2.32175491 10.01283326
   0.59963803  0.54169919  5.8846827   0.73038577]
 [ 3.81745523  1.01065409 17.52717229  4.58059885  5.68476997 13.16123442
   1.71470288  0.74843173  0.59322146 14.9563418 ]
 [12.40740901  3.25657979  0.82375434  4.34080329  2.31099027  3.33277109
   4.89524949  0.71784172  1.18993252  6.02303675]
 [ 0.70739436  1.32013666  2.87069123  1.87512646  4.11587898  4.50111615
   5.7895762   1.95070581 10.36456765  1.57184487]
 [ 3.60124818  0.6077176   1.08012747  1.95879455  4.60394139  1.28138466
   0.63043499  1.01909127  4.94109581  2.28144726]
 [ 4.40829026  3.91907586  0.50966522  1.45255799  4.36970286  0.8538653
   8.51052756  1.01112194  3.81227565  1.22756514]]