-------Running parameters--------
T = 0.001
temperature_gradient = 0.0
gap = 0.0
M = 10
N = 10
VR = 0.0
Vmin = 0.0
Vmax = 3.0
vStep = 0.001
vSym = True
repeats = 50
fileName = array_10_10_disorder_c_std_0.9_r_std_9.5_cg_2_run_10
dist = exp
fullOutput = True
use_graph = False
current_map = True
plot_current_map = False
plot_binary_current_map = False
frame_norm = False
dbg = False
resume = False
sc = False
leaping = False
constQ = False
modifyR = False
double_time = False
double_loop = False
output_folder = bgu_2d_arrays_different_cg
params_path = 
VG_avg = 0.0
VG_std = 0.0
C_avg = 1.0
C_std = 0.9
CG_avg = 2.0
CG_std = 0.0
R_avg = 10.0
R_std = 9.5
custom_rh = ""
custom_rv = ""
custom_ch = ""
custom_cv = ""
RG_avg = 500.0
RG_std = 0.0
n0_avg = 0.0
n0_std = 0.0
Q0_avg = 0.0
Q0_std = 0.0
----Array Parameters-----
Rows: 10
Columns: 10
VG: [[0.]
 [0.]
 [0.]
 [0.]
 [0.]
 [0.]
 [0.]
 [0.]
 [0.]
 [0.]
 [0.]
 [0.]
 [0.]
 [0.]
 [0.]
 [0.]
 [0.]
 [0.]
 [0.]
 [0.]
 [0.]
 [0.]
 [0.]
 [0.]
 [0.]
 [0.]
 [0.]
 [0.]
 [0.]
 [0.]
 [0.]
 [0.]
 [0.]
 [0.]
 [0.]
 [0.]
 [0.]
 [0.]
 [0.]
 [0.]
 [0.]
 [0.]
 [0.]
 [0.]
 [0.]
 [0.]
 [0.]
 [0.]
 [0.]
 [0.]
 [0.]
 [0.]
 [0.]
 [0.]
 [0.]
 [0.]
 [0.]
 [0.]
 [0.]
 [0.]
 [0.]
 [0.]
 [0.]
 [0.]
 [0.]
 [0.]
 [0.]
 [0.]
 [0.]
 [0.]
 [0.]
 [0.]
 [0.]
 [0.]
 [0.]
 [0.]
 [0.]
 [0.]
 [0.]
 [0.]
 [0.]
 [0.]
 [0.]
 [0.]
 [0.]
 [0.]
 [0.]
 [0.]
 [0.]
 [0.]
 [0.]
 [0.]
 [0.]
 [0.]
 [0.]
 [0.]
 [0.]
 [0.]
 [0.]
 [0.]]
CG: [[2.]
 [2.]
 [2.]
 [2.]
 [2.]
 [2.]
 [2.]
 [2.]
 [2.]
 [2.]
 [2.]
 [2.]
 [2.]
 [2.]
 [2.]
 [2.]
 [2.]
 [2.]
 [2.]
 [2.]
 [2.]
 [2.]
 [2.]
 [2.]
 [2.]
 [2.]
 [2.]
 [2.]
 [2.]
 [2.]
 [2.]
 [2.]
 [2.]
 [2.]
 [2.]
 [2.]
 [2.]
 [2.]
 [2.]
 [2.]
 [2.]
 [2.]
 [2.]
 [2.]
 [2.]
 [2.]
 [2.]
 [2.]
 [2.]
 [2.]
 [2.]
 [2.]
 [2.]
 [2.]
 [2.]
 [2.]
 [2.]
 [2.]
 [2.]
 [2.]
 [2.]
 [2.]
 [2.]
 [2.]
 [2.]
 [2.]
 [2.]
 [2.]
 [2.]
 [2.]
 [2.]
 [2.]
 [2.]
 [2.]
 [2.]
 [2.]
 [2.]
 [2.]
 [2.]
 [2.]
 [2.]
 [2.]
 [2.]
 [2.]
 [2.]
 [2.]
 [2.]
 [2.]
 [2.]
 [2.]
 [2.]
 [2.]
 [2.]
 [2.]
 [2.]
 [2.]
 [2.]
 [2.]
 [2.]
 [2.]]
RG: [[500.]
 [500.]
 [500.]
 [500.]
 [500.]
 [500.]
 [500.]
 [500.]
 [500.]
 [500.]
 [500.]
 [500.]
 [500.]
 [500.]
 [500.]
 [500.]
 [500.]
 [500.]
 [500.]
 [500.]
 [500.]
 [500.]
 [500.]
 [500.]
 [500.]
 [500.]
 [500.]
 [500.]
 [500.]
 [500.]
 [500.]
 [500.]
 [500.]
 [500.]
 [500.]
 [500.]
 [500.]
 [500.]
 [500.]
 [500.]
 [500.]
 [500.]
 [500.]
 [500.]
 [500.]
 [500.]
 [500.]
 [500.]
 [500.]
 [500.]
 [500.]
 [500.]
 [500.]
 [500.]
 [500.]
 [500.]
 [500.]
 [500.]
 [500.]
 [500.]
 [500.]
 [500.]
 [500.]
 [500.]
 [500.]
 [500.]
 [500.]
 [500.]
 [500.]
 [500.]
 [500.]
 [500.]
 [500.]
 [500.]
 [500.]
 [500.]
 [500.]
 [500.]
 [500.]
 [500.]
 [500.]
 [500.]
 [500.]
 [500.]
 [500.]
 [500.]
 [500.]
 [500.]
 [500.]
 [500.]
 [500.]
 [500.]
 [500.]
 [500.]
 [500.]
 [500.]
 [500.]
 [500.]
 [500.]
 [500.]]
Ch: [[0.12365856 0.73867523 0.45851772 0.7303725  0.11347474 0.7789025
  0.36081573 0.38860946 0.12108869 0.10637341 1.38484932]
 [0.38708833 0.96356952 0.35980471 0.96141919 1.38395718 1.77984189
  0.82290723 0.17817793 0.8501279  0.31137004 0.25623816]
 [1.54434671 0.1291275  0.84426782 1.33403889 0.34998434 0.56455785
  0.20667294 0.27346003 1.85697127 0.22627435 0.11526858]
 [0.10495786 0.15482202 0.48062649 0.19812223 0.1289322  0.13098224
  0.29279687 0.2990265  0.32583661 0.41641781 1.85485175]
 [0.28911707 0.24227004 0.20720404 0.58136107 0.55681016 1.7896816
  1.11596372 0.53515283 0.62485788 0.35457346 0.31039341]
 [0.51887543 0.21076784 0.15141138 1.2869902  0.15104591 0.38258448
  0.45035455 0.1060779  0.18752564 0.39712638 1.3449106 ]
 [0.13015793 1.45022617 0.47248696 1.25444226 1.25571855 0.24573575
  0.29779256 0.68928912 1.03562913 0.25628118 0.12033102]
 [0.62123151 0.24703439 1.851804   1.43997699 0.59834504 0.20186739
  0.20293756 0.27560216 1.83582158 0.14944246 0.33772676]
 [1.02062002 0.70095768 1.64129947 0.76447137 0.14694206 0.5135033
  0.5964133  0.51593169 0.36495416 0.70035559 0.11911537]
 [0.55902121 0.10874924 0.11866639 0.93285679 0.15513141 0.13220935
  1.04069988 0.83152575 0.10197313 1.4726779  0.27329339]]
Cv: [[0.         0.         0.         0.         0.         0.
  0.         0.         0.         0.        ]
 [1.82434877 0.36844616 0.24726958 0.62205627 0.11278997 0.50722446
  0.3572584  0.37264781 0.52337121 0.87326594]
 [0.56832344 0.10381094 0.25929908 1.11533318 0.56908533 0.63244824
  0.2820511  0.17090686 0.4869552  1.60395958]
 [0.87060836 1.20292735 0.29591409 0.18914617 1.47373418 0.72781283
  0.2059601  0.31877116 0.29212705 0.15163219]
 [1.19725926 0.95944417 0.14027643 1.53298192 0.99208014 0.8802797
  0.3878222  0.14003274 0.84067415 1.72259418]
 [0.31864271 0.44286423 0.52293762 0.89402065 1.81976203 0.91291801
  1.65648195 0.24487353 0.15310504 0.31281709]
 [1.12950332 0.31836937 0.80719752 1.33152754 0.26939132 0.8752335
  0.31955237 0.19221159 0.47423383 1.15562058]
 [0.20272205 0.41702418 0.1105833  0.54711721 0.41063412 0.31841495
  1.06102521 0.11083585 0.12985282 0.67618157]
 [0.4935903  0.61397424 0.30685377 0.54380787 0.14298465 0.17466235
  0.70302437 0.25243177 0.36354485 1.79323798]
 [0.8677383  0.40943219 0.73205165 0.16542005 0.47113175 0.96911807
  0.11833525 0.11379873 0.48539879 0.48110645]]
Rh: [[ 1.10871596  2.08606406  0.69114134 10.87443361 16.23190805  4.74275351
   1.06076914  5.54634103  7.41049371  0.81732875 19.32005488]
 [ 8.91601238  5.07833634  1.47775944 17.11815439  1.85806198  0.81023352
   6.64509417  3.45372252  4.94737827  0.88199173  0.97330592]
 [11.78401978 17.04527884  5.98423432  0.73496861 11.42256939  6.78660742
   4.40005745  3.74767353 12.43927818  0.51848076  1.26588238]
 [ 1.25113964  0.50334121  1.83363834  7.34056896  3.93048354 13.01447509
   8.49775052  0.89796552 13.43210828  1.5939022   2.01321164]
 [ 5.58054094  0.93699224  7.73204536 10.49023771  1.32808993  1.95988642
   7.4281433   1.38972841  1.17347035  0.68440795  3.57386784]
 [ 2.17031267  1.23381595  3.09775968  1.34755457  0.81278792 16.19161085
  12.33350477  4.21510754  2.31412533  4.43353298  6.25763886]
 [15.44139098  2.29558582  0.53243956  5.38728806  2.64404484  1.96084181
   4.15424942  6.10306537  0.54428809  1.65649912  0.5222022 ]
 [ 0.72565427  0.70860321  0.52349272  1.69281985 12.13411127  3.3730885
   2.58249044  2.64893648  1.6541985   3.25891085  2.16025586]
 [ 8.87033777  1.45734275  5.5806603   5.12635193  5.65047542  9.05929648
  12.98558645  3.55206283 17.55178548 14.29109952 16.46577102]
 [ 1.54898808  2.10314025 10.6364505  13.05000683  5.08627847  4.40341459
   1.23352209 12.53511159  3.88510782 11.65789109 10.83009429]]
Rv: [[ 3.44027807  0.65159623  0.83544071  0.86073071  5.90135341  7.46361448
   3.82387403  5.93300184  0.66793566  1.42952483]
 [17.82017383  2.43255952 14.45694945  8.80772909  4.80738475 12.15240554
   1.63496109  3.66823131  1.79655972  2.97995327]
 [ 1.18986297  1.64258482 16.00857669  0.8769591   1.35622672 18.42840168
  15.6591217   5.75802346  1.60287379 14.60454442]
 [10.73007216  4.10935191  4.90294986  3.37931785  0.63672994  0.72261165
   7.43829203  9.86847013  7.9186604   0.55961122]
 [ 9.57682869 13.29624554 11.88953521  1.79162933  0.63588612  0.50715397
   9.29463781  9.73369877  5.91123214 10.77528492]
 [10.36003738  3.74580913  7.33289567 12.34166643  5.96938087  0.86467759
   5.63498078 12.45850688  3.66704391 17.22603522]
 [ 7.05610686 11.16065368 13.23740454  0.63481391  1.60818703  6.34008036
  10.33348402  2.24707575  3.93977383  1.33211846]
 [ 0.73825188  5.11329665  1.86480682  0.54840883  6.41454989  6.30669703
   1.4131593   2.0489705   3.82082541  4.96104636]
 [ 4.01579574  2.18046079  1.45068326  5.18023945 11.8612746   0.83377846
   2.73630648  2.08395987  2.57150312  4.65587637]]