-------Running parameters--------
T = 0.001
temperature_gradient = 0.0
gap = 0.0
M = 10
N = 10
VR = 0.0
Vmin = 0.0
Vmax = 3.0
vStep = 0.001
vSym = True
repeats = 50
fileName = array_10_10_disorder_c_std_0.9_r_std_9.5_cg_10_run_1
dist = exp
fullOutput = True
use_graph = False
current_map = True
plot_current_map = False
plot_binary_current_map = False
frame_norm = False
dbg = False
resume = False
sc = False
leaping = False
constQ = False
modifyR = False
double_time = False
double_loop = False
output_folder = bgu_2d_arrays_different_cg
params_path = 
VG_avg = 0.0
VG_std = 0.0
C_avg = 1.0
C_std = 0.9
CG_avg = 10.0
CG_std = 0.0
R_avg = 10.0
R_std = 9.5
custom_rh = ""
custom_rv = ""
custom_ch = ""
custom_cv = ""
RG_avg = 500.0
RG_std = 0.0
n0_avg = 0.0
n0_std = 0.0
Q0_avg = 0.0
Q0_std = 0.0
----Array Parameters-----
Rows: 10
Columns: 10
VG: [[0.]
 [0.]
 [0.]
 [0.]
 [0.]
 [0.]
 [0.]
 [0.]
 [0.]
 [0.]
 [0.]
 [0.]
 [0.]
 [0.]
 [0.]
 [0.]
 [0.]
 [0.]
 [0.]
 [0.]
 [0.]
 [0.]
 [0.]
 [0.]
 [0.]
 [0.]
 [0.]
 [0.]
 [0.]
 [0.]
 [0.]
 [0.]
 [0.]
 [0.]
 [0.]
 [0.]
 [0.]
 [0.]
 [0.]
 [0.]
 [0.]
 [0.]
 [0.]
 [0.]
 [0.]
 [0.]
 [0.]
 [0.]
 [0.]
 [0.]
 [0.]
 [0.]
 [0.]
 [0.]
 [0.]
 [0.]
 [0.]
 [0.]
 [0.]
 [0.]
 [0.]
 [0.]
 [0.]
 [0.]
 [0.]
 [0.]
 [0.]
 [0.]
 [0.]
 [0.]
 [0.]
 [0.]
 [0.]
 [0.]
 [0.]
 [0.]
 [0.]
 [0.]
 [0.]
 [0.]
 [0.]
 [0.]
 [0.]
 [0.]
 [0.]
 [0.]
 [0.]
 [0.]
 [0.]
 [0.]
 [0.]
 [0.]
 [0.]
 [0.]
 [0.]
 [0.]
 [0.]
 [0.]
 [0.]
 [0.]]
CG: [[10.]
 [10.]
 [10.]
 [10.]
 [10.]
 [10.]
 [10.]
 [10.]
 [10.]
 [10.]
 [10.]
 [10.]
 [10.]
 [10.]
 [10.]
 [10.]
 [10.]
 [10.]
 [10.]
 [10.]
 [10.]
 [10.]
 [10.]
 [10.]
 [10.]
 [10.]
 [10.]
 [10.]
 [10.]
 [10.]
 [10.]
 [10.]
 [10.]
 [10.]
 [10.]
 [10.]
 [10.]
 [10.]
 [10.]
 [10.]
 [10.]
 [10.]
 [10.]
 [10.]
 [10.]
 [10.]
 [10.]
 [10.]
 [10.]
 [10.]
 [10.]
 [10.]
 [10.]
 [10.]
 [10.]
 [10.]
 [10.]
 [10.]
 [10.]
 [10.]
 [10.]
 [10.]
 [10.]
 [10.]
 [10.]
 [10.]
 [10.]
 [10.]
 [10.]
 [10.]
 [10.]
 [10.]
 [10.]
 [10.]
 [10.]
 [10.]
 [10.]
 [10.]
 [10.]
 [10.]
 [10.]
 [10.]
 [10.]
 [10.]
 [10.]
 [10.]
 [10.]
 [10.]
 [10.]
 [10.]
 [10.]
 [10.]
 [10.]
 [10.]
 [10.]
 [10.]
 [10.]
 [10.]
 [10.]
 [10.]]
RG: [[500.]
 [500.]
 [500.]
 [500.]
 [500.]
 [500.]
 [500.]
 [500.]
 [500.]
 [500.]
 [500.]
 [500.]
 [500.]
 [500.]
 [500.]
 [500.]
 [500.]
 [500.]
 [500.]
 [500.]
 [500.]
 [500.]
 [500.]
 [500.]
 [500.]
 [500.]
 [500.]
 [500.]
 [500.]
 [500.]
 [500.]
 [500.]
 [500.]
 [500.]
 [500.]
 [500.]
 [500.]
 [500.]
 [500.]
 [500.]
 [500.]
 [500.]
 [500.]
 [500.]
 [500.]
 [500.]
 [500.]
 [500.]
 [500.]
 [500.]
 [500.]
 [500.]
 [500.]
 [500.]
 [500.]
 [500.]
 [500.]
 [500.]
 [500.]
 [500.]
 [500.]
 [500.]
 [500.]
 [500.]
 [500.]
 [500.]
 [500.]
 [500.]
 [500.]
 [500.]
 [500.]
 [500.]
 [500.]
 [500.]
 [500.]
 [500.]
 [500.]
 [500.]
 [500.]
 [500.]
 [500.]
 [500.]
 [500.]
 [500.]
 [500.]
 [500.]
 [500.]
 [500.]
 [500.]
 [500.]
 [500.]
 [500.]
 [500.]
 [500.]
 [500.]
 [500.]
 [500.]
 [500.]
 [500.]
 [500.]]
Ch: [[0.63468349 0.18511894 0.66117708 0.79194758 0.47121046 0.27422943
  0.9592083  1.64660072 0.24401194 0.39923842 1.2757121 ]
 [0.16595687 0.44073551 0.10341376 0.37386785 0.21964361 0.20051136
  0.15290252 0.28356309 0.1551818  0.46951179 0.50139474]
 [0.96402345 0.57199283 0.20001384 0.25647287 0.41601236 0.27089428
  0.39257518 0.27661446 1.02637644 1.79255013 0.20831616]
 [0.16462407 0.30946441 0.40412689 1.82929723 0.13143532 1.07965526
  0.89260347 0.13171213 1.89897118 0.16651835 0.24140023]
 [0.81020649 0.33597792 1.44505993 1.51820928 1.00496068 0.10251818
  0.41277126 1.04714693 1.46894333 0.10766621 0.17579238]
 [1.40678902 0.17354553 0.50808189 1.10676966 0.50912235 0.36992295
  0.39306881 0.28836899 0.61022863 0.10417527 0.11718605]
 [0.49058531 0.13136537 0.36655562 0.68281607 0.40880842 0.37803326
  0.14155686 1.63841947 0.5990293  0.45663601 0.65206031]
 [0.81219707 1.29412874 0.52699501 0.59082107 1.69432805 0.55838617
  0.37035126 0.17580529 1.3789281  0.94325573 0.33846632]
 [1.23481702 1.06497228 0.79137789 0.33514953 0.10700881 1.81689986
  0.63707269 0.50308242 0.13961473 1.00855247 0.31677587]
 [0.2397722  0.20096353 1.08004931 0.90036502 1.02672203 0.23511875
  0.18733271 0.23817376 1.12328669 0.25730999 0.54658369]]
Cv: [[0.         0.         0.         0.         0.         0.
  0.         0.         0.         0.        ]
 [1.82768908 0.31604545 0.45803598 0.93346517 0.33560044 0.49163342
  0.26580995 1.68972629 0.1721611  0.89113838]
 [0.22833459 0.56675648 0.54457572 0.16731508 0.921016   0.91138986
  0.72918208 0.31739245 0.24533112 0.22240685]
 [0.61903825 0.87253525 0.3793528  0.32728609 1.73830816 0.38773458
  0.86718769 0.26421679 0.89909275 0.42521   ]
 [0.68412232 0.72804775 0.10550573 0.10826958 0.60104071 0.38182708
  0.47086709 1.25416403 1.56687717 0.44164146]
 [0.52382515 0.11344211 0.97167702 0.74006671 0.69052052 0.34358819
  0.46361776 0.1802545  0.79683092 0.92992935]
 [0.5162377  0.1749334  0.11440225 0.42447488 0.44566443 1.63885546
  0.41394064 0.32049778 0.93349545 0.19208381]
 [0.14157845 0.90344794 0.22254729 0.39488027 0.4240569  0.62501172
  0.62758869 0.82337258 0.56620798 0.54075103]
 [0.47334449 0.16138107 0.27383777 0.1287066  0.65159527 0.10644176
  0.97414943 0.24602102 0.35499806 1.00012447]
 [0.40508903 0.1520512  0.29436133 0.2024515  0.55499134 0.17860672
  0.63096091 0.26326465 0.78822427 0.131954  ]]
Rh: [[19.01813719  1.34979695  4.72124615  7.32971617 17.7071683  18.11993749
   2.70388336  0.56677534  3.80747456  2.22780496  5.86387219]
 [ 5.65288992  7.95243724  0.8927954   2.06952794  2.76182967  1.56548569
   1.51149412  3.124573    2.78838957  3.36796434  4.06304737]
 [ 0.99460452  0.99083306  2.52311363  8.13891554  1.02932501 18.79557131
   3.05809     3.15887718  2.97311471  0.7893139  10.51432734]
 [ 8.41459058  8.52631475  1.27998214  7.56493348  3.77317705  2.63646174
   0.69724829 13.52159937  0.7936546   2.88970749 12.87045481]
 [ 2.34358238  4.73703849  8.27306379  9.28170819  5.10152873  3.30546237
   0.55524173  1.30034115  3.12657159  2.231653    4.00285327]
 [ 2.79647765  0.85819549  8.3451738   1.81779735  0.58052485 18.51676325
   3.15366904  3.65419073  3.00936653 13.32963786  4.95933816]
 [ 0.87966654  0.79990765  1.27923497  0.72293942  0.59337178 13.44644944
   3.83809404  5.48594637  1.72622607  1.31820405  7.79768718]
 [ 7.64996891  1.9392925   2.11280228  6.60956676  2.4686439   6.56426717
   0.63016416  0.8890774   7.05899726  3.57851602  1.00183344]
 [ 2.26579433 17.73019633  3.50563732  0.5779734   0.79365111  2.40901333
   1.45750993  4.67073434  1.86443432  5.1276738   1.22103703]
 [ 2.82814575  6.58921387  3.93419402  7.78109356  3.32380075 19.10024175
  14.22449787  0.98150319  9.26086671  2.51678434  0.81827324]]
Rv: [[ 9.41363866  0.70013429  7.58436527  0.51904402  5.53697333  3.69416503
   6.1263763   5.55285754 18.51727964  1.50799417]
 [ 1.77966421  3.63598137 13.57752956 14.23386091  0.87681276 16.43085692
  12.13901928  0.76229346 18.61655859 12.73011194]
 [ 0.50791767 10.75929557  1.64385643  2.64595962  7.47496817  1.03167446
  16.68070674  0.53970966 14.69505429  2.7975081 ]
 [ 2.25426032  3.37637978  3.61210348  0.70237283  4.74262529 11.21085394
  12.82379349  1.71320783  1.50604856 11.55513946]
 [ 4.57771204  4.72475217  5.45612365  1.26696246 17.9131151   1.30489004
   4.18336547  1.20843358  4.66311854  2.32623542]
 [ 3.79048731  6.46445086  2.45438066  3.64569458  0.60808511  3.57447909
   7.7028951   3.98005387 13.92985153  1.95059013]
 [ 3.9053374   0.81091992 15.86344353  7.94241462  8.84040631  0.97674471
   0.6971891   7.87563627  2.43032328  1.19333349]
 [ 1.1384456   3.0323098   1.88465251  2.11045829  3.64384713  4.85847959
   2.75668214  4.74060378  2.09192956 15.70525812]
 [ 3.85381951  0.57066819  1.58033696  2.06716441  0.55443838  6.40572958
  10.83907096  2.22420001  3.7952446   1.41311398]]