-------Running parameters--------
T = 0.001
temperature_gradient = 0.0
gap = 0.0
M = 10
N = 10
VR = 0.0
Vmin = 0.0
Vmax = 3.0
vStep = 0.001
vSym = True
repeats = 50
fileName = array_10_10_disorder_c_std_0.9_r_std_9.5_cg_2_run_4
dist = exp
fullOutput = True
use_graph = False
current_map = True
plot_current_map = False
plot_binary_current_map = False
frame_norm = False
dbg = False
resume = False
sc = False
leaping = False
constQ = False
modifyR = False
double_time = False
double_loop = False
output_folder = bgu_2d_arrays_different_cg
params_path = 
VG_avg = 0.0
VG_std = 0.0
C_avg = 1.0
C_std = 0.9
CG_avg = 2.0
CG_std = 0.0
R_avg = 10.0
R_std = 9.5
custom_rh = ""
custom_rv = ""
custom_ch = ""
custom_cv = ""
RG_avg = 500.0
RG_std = 0.0
n0_avg = 0.0
n0_std = 0.0
Q0_avg = 0.0
Q0_std = 0.0
----Array Parameters-----
Rows: 10
Columns: 10
VG: [[0.]
 [0.]
 [0.]
 [0.]
 [0.]
 [0.]
 [0.]
 [0.]
 [0.]
 [0.]
 [0.]
 [0.]
 [0.]
 [0.]
 [0.]
 [0.]
 [0.]
 [0.]
 [0.]
 [0.]
 [0.]
 [0.]
 [0.]
 [0.]
 [0.]
 [0.]
 [0.]
 [0.]
 [0.]
 [0.]
 [0.]
 [0.]
 [0.]
 [0.]
 [0.]
 [0.]
 [0.]
 [0.]
 [0.]
 [0.]
 [0.]
 [0.]
 [0.]
 [0.]
 [0.]
 [0.]
 [0.]
 [0.]
 [0.]
 [0.]
 [0.]
 [0.]
 [0.]
 [0.]
 [0.]
 [0.]
 [0.]
 [0.]
 [0.]
 [0.]
 [0.]
 [0.]
 [0.]
 [0.]
 [0.]
 [0.]
 [0.]
 [0.]
 [0.]
 [0.]
 [0.]
 [0.]
 [0.]
 [0.]
 [0.]
 [0.]
 [0.]
 [0.]
 [0.]
 [0.]
 [0.]
 [0.]
 [0.]
 [0.]
 [0.]
 [0.]
 [0.]
 [0.]
 [0.]
 [0.]
 [0.]
 [0.]
 [0.]
 [0.]
 [0.]
 [0.]
 [0.]
 [0.]
 [0.]
 [0.]]
CG: [[2.]
 [2.]
 [2.]
 [2.]
 [2.]
 [2.]
 [2.]
 [2.]
 [2.]
 [2.]
 [2.]
 [2.]
 [2.]
 [2.]
 [2.]
 [2.]
 [2.]
 [2.]
 [2.]
 [2.]
 [2.]
 [2.]
 [2.]
 [2.]
 [2.]
 [2.]
 [2.]
 [2.]
 [2.]
 [2.]
 [2.]
 [2.]
 [2.]
 [2.]
 [2.]
 [2.]
 [2.]
 [2.]
 [2.]
 [2.]
 [2.]
 [2.]
 [2.]
 [2.]
 [2.]
 [2.]
 [2.]
 [2.]
 [2.]
 [2.]
 [2.]
 [2.]
 [2.]
 [2.]
 [2.]
 [2.]
 [2.]
 [2.]
 [2.]
 [2.]
 [2.]
 [2.]
 [2.]
 [2.]
 [2.]
 [2.]
 [2.]
 [2.]
 [2.]
 [2.]
 [2.]
 [2.]
 [2.]
 [2.]
 [2.]
 [2.]
 [2.]
 [2.]
 [2.]
 [2.]
 [2.]
 [2.]
 [2.]
 [2.]
 [2.]
 [2.]
 [2.]
 [2.]
 [2.]
 [2.]
 [2.]
 [2.]
 [2.]
 [2.]
 [2.]
 [2.]
 [2.]
 [2.]
 [2.]
 [2.]]
RG: [[500.]
 [500.]
 [500.]
 [500.]
 [500.]
 [500.]
 [500.]
 [500.]
 [500.]
 [500.]
 [500.]
 [500.]
 [500.]
 [500.]
 [500.]
 [500.]
 [500.]
 [500.]
 [500.]
 [500.]
 [500.]
 [500.]
 [500.]
 [500.]
 [500.]
 [500.]
 [500.]
 [500.]
 [500.]
 [500.]
 [500.]
 [500.]
 [500.]
 [500.]
 [500.]
 [500.]
 [500.]
 [500.]
 [500.]
 [500.]
 [500.]
 [500.]
 [500.]
 [500.]
 [500.]
 [500.]
 [500.]
 [500.]
 [500.]
 [500.]
 [500.]
 [500.]
 [500.]
 [500.]
 [500.]
 [500.]
 [500.]
 [500.]
 [500.]
 [500.]
 [500.]
 [500.]
 [500.]
 [500.]
 [500.]
 [500.]
 [500.]
 [500.]
 [500.]
 [500.]
 [500.]
 [500.]
 [500.]
 [500.]
 [500.]
 [500.]
 [500.]
 [500.]
 [500.]
 [500.]
 [500.]
 [500.]
 [500.]
 [500.]
 [500.]
 [500.]
 [500.]
 [500.]
 [500.]
 [500.]
 [500.]
 [500.]
 [500.]
 [500.]
 [500.]
 [500.]
 [500.]
 [500.]
 [500.]
 [500.]]
Ch: [[1.37028218 1.10936897 0.62879128 0.57163509 0.20600832 0.10410096
  1.22242093 0.30850519 0.48410805 0.89362164 1.38193374]
 [0.27457724 0.84505304 0.247682   0.2601942  0.25492569 0.27071111
  1.17671952 1.31406898 0.22857666 0.28593367 0.5510329 ]
 [0.97336491 0.94838381 1.62811377 0.30623121 1.18997268 1.66400428
  0.35791556 0.44984818 0.51949538 1.21552635 0.21907042]
 [0.39472982 0.28467679 0.79940739 0.14925162 0.14449774 0.78912947
  1.77642449 1.86833893 0.57819173 0.16881155 0.13992324]
 [0.16111502 0.54459787 1.12251995 0.40367474 0.67969075 0.70642742
  1.72886392 0.5830663  1.6197585  0.14503168 0.23279134]
 [0.58983182 1.36044865 0.10161335 0.17717877 0.36611825 0.21199635
  0.1068877  0.13735918 0.2469079  0.308885   0.1186619 ]
 [0.11485688 1.1904459  0.11280641 0.13431057 0.81543185 0.42719481
  0.71687896 1.01188329 1.22729488 0.33838306 0.19180005]
 [0.41839652 0.72338148 0.67741747 0.22775485 0.31146299 0.28157394
  0.3171564  0.10929954 0.19702867 0.1336538  1.43938558]
 [0.17410985 0.15338008 0.81408085 0.21376881 0.96085269 0.1153106
  0.19244651 0.75912014 0.43450325 0.38654305 1.64959348]
 [0.62542012 1.13348466 0.51880623 0.24247107 0.16107781 0.2347343
  0.66629019 0.11566551 0.45037384 0.37352936 1.17212873]]
Cv: [[0.         0.         0.         0.         0.         0.
  0.         0.         0.         0.        ]
 [1.79393804 0.20554772 0.12729809 0.19030719 0.32288221 0.49769894
  0.17746606 1.40125058 0.58711412 0.10909204]
 [0.15074993 0.58621059 0.49718197 0.10207866 1.69889135 0.16910709
  1.508413   0.94021302 0.29468581 0.17306355]
 [0.10876482 0.71827431 1.10714472 0.25371526 0.39907209 0.13271127
  0.49945117 0.72134506 0.92260521 0.1258819 ]
 [0.82565924 0.85334116 0.39619338 0.58377183 1.16981185 0.49421969
  0.16538848 1.1283246  0.58318284 0.13084774]
 [0.5389354  0.21641656 0.45873713 1.4363759  0.1132581  0.12747172
  0.62754564 0.92236467 1.06917687 0.24263255]
 [0.23978928 0.58763003 0.33919559 0.23322246 0.16224012 0.41007747
  0.35569862 0.11336012 0.76129362 0.60115005]
 [1.34412715 0.38422726 1.25561281 0.20659359 0.11825817 0.64775404
  0.65906744 0.20033832 1.4302229  1.81892134]
 [0.53887301 1.63217875 1.01764362 0.93593082 1.11870916 1.49165999
  0.95309341 0.42346451 0.24734871 0.24488464]
 [0.35052388 1.4036058  0.12972322 0.55558783 1.15311345 1.67904226
  0.29668005 1.12938584 0.23559764 0.62470358]]
Rh: [[ 3.31936254 10.34894041 11.63607171 19.01998757  0.87903893 13.62810407
  16.9204783   1.01703913  0.71118588  9.80817252  2.59012042]
 [ 0.79524837  4.79448234  1.29151491  3.16380492  5.88805674  0.9748326
   2.02425951  5.47140658  1.58185925 12.75252927  7.6181336 ]
 [ 4.20696477 13.26936714  3.20931149  1.88362031  9.89880443 12.57826328
   1.17519453  1.10526394  7.19395227  5.78851434 16.98295191]
 [ 2.38402779  1.19773567  1.35273568  0.5532255   6.8690129   0.54687154
   7.26017098  6.63298255  1.60261518  2.08549172  7.55027349]
 [ 1.79780898 11.18261609  3.64062972  0.65122395  1.22404938  0.89839766
   1.53119053  0.74798652  0.55875012 14.96859943  5.25817098]
 [ 9.15705531 14.07390454  1.23748998  2.07944629  2.22292752  1.01376747
   0.73308823  2.30272048  2.25483459  3.55618124  1.01406414]
 [ 1.00021339  3.34203361  0.81264248  4.74109183 17.5931424   4.12312425
   5.486713    3.83778576  1.19016949  0.8841978   3.72462656]
 [ 2.19365989 12.83399101  0.76397289  6.37232739  0.92997592  2.20238874
   1.09056449  2.29382595 10.22378575  9.85706476  5.94953925]
 [ 8.4031875   8.02271203 11.34556665 17.9197963   8.95217535  1.42651367
   5.97049201  0.57791833  0.98471218  9.88443244 14.53593691]
 [ 5.23531679  1.93581854  1.27170445  3.0903078   0.68487869  0.84862632
   1.34211677  1.76062796 12.67432332  5.63366107  2.54632631]]
Rv: [[ 9.86844855 18.62532159  3.37853417 10.2392085   3.4495128   9.56310948
  18.46014187 10.65827863  6.99738856  5.56483019]
 [10.52477375  3.36378982 14.27505077  6.63955821 13.36460837  1.82314821
   9.39670023  3.50091314  1.10699512  7.5799441 ]
 [ 4.46478708  0.54349633  1.14781638  0.93346265  1.35125235  9.27126311
  12.39295793 14.92423377  2.7696081   2.01309294]
 [ 6.12511027  2.38370392  0.59666696  4.25910411  5.34605526  1.76161552
   1.7342903   1.30675699  1.0899719  13.54570709]
 [ 0.59794335  1.93945354  1.73964488  7.66965483  8.54430551 13.81426328
   2.48631976  0.61183942  2.04464442 16.08885911]
 [ 2.72601502 12.70138977  0.9251042  10.104239    2.94329825  0.87534948
  11.51782243  3.89872911  5.18392203  3.61013712]
 [ 4.32428266  3.04506265  3.84810636  0.51499124  0.99900578  0.80808228
  10.72069554  5.6173363   7.2707512   0.71255232]
 [ 0.54361239  9.95981513  1.10299175 17.06926395  1.16701557  3.9815952
   1.0954421   8.44288681  8.8953589   0.76345949]
 [ 1.12835876 16.11586555 14.98676016  3.57257103  1.96134107  1.25008415
   1.36232239 18.75070559  9.51896369  8.12382027]]