-------Running parameters--------
T = 0.001
temperature_gradient = 0.0
gap = 0.0
M = 10
N = 10
VR = 0.0
Vmin = 0.0
Vmax = 3.0
vStep = 0.001
vSym = True
repeats = 50
fileName = array_10_10_disorder_c_std_0.9_r_std_9.5_cg_10_run_4
dist = exp
fullOutput = True
use_graph = False
current_map = True
plot_current_map = False
plot_binary_current_map = False
frame_norm = False
dbg = False
resume = False
sc = False
leaping = False
constQ = False
modifyR = False
double_time = False
double_loop = False
output_folder = bgu_2d_arrays_different_cg
params_path = 
VG_avg = 0.0
VG_std = 0.0
C_avg = 1.0
C_std = 0.9
CG_avg = 10.0
CG_std = 0.0
R_avg = 10.0
R_std = 9.5
custom_rh = ""
custom_rv = ""
custom_ch = ""
custom_cv = ""
RG_avg = 500.0
RG_std = 0.0
n0_avg = 0.0
n0_std = 0.0
Q0_avg = 0.0
Q0_std = 0.0
----Array Parameters-----
Rows: 10
Columns: 10
VG: [[0.]
 [0.]
 [0.]
 [0.]
 [0.]
 [0.]
 [0.]
 [0.]
 [0.]
 [0.]
 [0.]
 [0.]
 [0.]
 [0.]
 [0.]
 [0.]
 [0.]
 [0.]
 [0.]
 [0.]
 [0.]
 [0.]
 [0.]
 [0.]
 [0.]
 [0.]
 [0.]
 [0.]
 [0.]
 [0.]
 [0.]
 [0.]
 [0.]
 [0.]
 [0.]
 [0.]
 [0.]
 [0.]
 [0.]
 [0.]
 [0.]
 [0.]
 [0.]
 [0.]
 [0.]
 [0.]
 [0.]
 [0.]
 [0.]
 [0.]
 [0.]
 [0.]
 [0.]
 [0.]
 [0.]
 [0.]
 [0.]
 [0.]
 [0.]
 [0.]
 [0.]
 [0.]
 [0.]
 [0.]
 [0.]
 [0.]
 [0.]
 [0.]
 [0.]
 [0.]
 [0.]
 [0.]
 [0.]
 [0.]
 [0.]
 [0.]
 [0.]
 [0.]
 [0.]
 [0.]
 [0.]
 [0.]
 [0.]
 [0.]
 [0.]
 [0.]
 [0.]
 [0.]
 [0.]
 [0.]
 [0.]
 [0.]
 [0.]
 [0.]
 [0.]
 [0.]
 [0.]
 [0.]
 [0.]
 [0.]]
CG: [[10.]
 [10.]
 [10.]
 [10.]
 [10.]
 [10.]
 [10.]
 [10.]
 [10.]
 [10.]
 [10.]
 [10.]
 [10.]
 [10.]
 [10.]
 [10.]
 [10.]
 [10.]
 [10.]
 [10.]
 [10.]
 [10.]
 [10.]
 [10.]
 [10.]
 [10.]
 [10.]
 [10.]
 [10.]
 [10.]
 [10.]
 [10.]
 [10.]
 [10.]
 [10.]
 [10.]
 [10.]
 [10.]
 [10.]
 [10.]
 [10.]
 [10.]
 [10.]
 [10.]
 [10.]
 [10.]
 [10.]
 [10.]
 [10.]
 [10.]
 [10.]
 [10.]
 [10.]
 [10.]
 [10.]
 [10.]
 [10.]
 [10.]
 [10.]
 [10.]
 [10.]
 [10.]
 [10.]
 [10.]
 [10.]
 [10.]
 [10.]
 [10.]
 [10.]
 [10.]
 [10.]
 [10.]
 [10.]
 [10.]
 [10.]
 [10.]
 [10.]
 [10.]
 [10.]
 [10.]
 [10.]
 [10.]
 [10.]
 [10.]
 [10.]
 [10.]
 [10.]
 [10.]
 [10.]
 [10.]
 [10.]
 [10.]
 [10.]
 [10.]
 [10.]
 [10.]
 [10.]
 [10.]
 [10.]
 [10.]]
RG: [[500.]
 [500.]
 [500.]
 [500.]
 [500.]
 [500.]
 [500.]
 [500.]
 [500.]
 [500.]
 [500.]
 [500.]
 [500.]
 [500.]
 [500.]
 [500.]
 [500.]
 [500.]
 [500.]
 [500.]
 [500.]
 [500.]
 [500.]
 [500.]
 [500.]
 [500.]
 [500.]
 [500.]
 [500.]
 [500.]
 [500.]
 [500.]
 [500.]
 [500.]
 [500.]
 [500.]
 [500.]
 [500.]
 [500.]
 [500.]
 [500.]
 [500.]
 [500.]
 [500.]
 [500.]
 [500.]
 [500.]
 [500.]
 [500.]
 [500.]
 [500.]
 [500.]
 [500.]
 [500.]
 [500.]
 [500.]
 [500.]
 [500.]
 [500.]
 [500.]
 [500.]
 [500.]
 [500.]
 [500.]
 [500.]
 [500.]
 [500.]
 [500.]
 [500.]
 [500.]
 [500.]
 [500.]
 [500.]
 [500.]
 [500.]
 [500.]
 [500.]
 [500.]
 [500.]
 [500.]
 [500.]
 [500.]
 [500.]
 [500.]
 [500.]
 [500.]
 [500.]
 [500.]
 [500.]
 [500.]
 [500.]
 [500.]
 [500.]
 [500.]
 [500.]
 [500.]
 [500.]
 [500.]
 [500.]
 [500.]]
Ch: [[0.88450938 0.39535259 0.13484079 0.52129816 0.81964871 0.71217034
  0.15934751 0.38683479 1.74813686 1.12369828 0.45584891]
 [0.10052643 0.10195049 1.0098867  0.30537096 1.14784126 0.73173122
  1.37183362 1.58269349 0.79973009 0.2233859  0.53490637]
 [0.2232967  0.16897329 1.41380076 0.17411714 0.33651272 0.15041014
  0.57088121 0.21444223 0.31254761 0.5236401  0.53090622]
 [0.23244132 1.01167721 1.27497609 0.89337114 0.33583222 0.1330556
  0.17400931 1.01017574 0.2373725  0.74116153 1.45119039]
 [0.14412332 0.57504932 1.40455703 1.61394953 0.18546757 1.75490776
  1.14703963 0.38581877 0.88752893 0.45976831 1.3545623 ]
 [0.66091954 0.74535127 1.70226652 1.33784682 0.10689173 1.57087573
  0.30786223 0.23874496 0.70536189 0.12052853 0.59366964]
 [0.73731762 0.20809365 0.1446023  0.43557524 0.15336033 0.4643716
  0.22341067 1.21315043 0.11829656 0.24020479 1.52769185]
 [0.11953501 1.27864786 0.22804102 0.27442079 0.149508   0.60424073
  0.19396678 1.35199182 0.16560925 0.21184169 0.69070211]
 [1.31377462 0.99990046 1.8590788  0.17089209 0.77644565 0.48925773
  0.39542429 0.22229396 0.12128857 0.1220003  0.52210951]
 [0.27007352 1.0784727  1.17880573 0.26054171 0.17755418 0.10334406
  0.82474797 1.63338324 0.22495315 0.50793498 0.12918959]]
Cv: [[0.         0.         0.         0.         0.         0.
  0.         0.         0.         0.        ]
 [0.42915487 0.5825289  0.13448645 1.45945043 0.51990361 0.11129828
  1.68445493 0.26944745 0.6497723  0.1470449 ]
 [0.37898646 0.57082093 0.15477274 0.1107549  0.3755648  0.11752071
  0.63840147 0.13612877 0.12393344 0.21401296]
 [0.12084337 0.19227301 0.32585509 0.72778178 0.47128301 0.11099637
  0.80796329 0.13914419 0.28523446 0.79659336]
 [0.1217222  1.08671144 0.19426737 0.56948621 0.95917718 0.72168055
  0.11080341 0.62192052 0.16452646 0.2624444 ]
 [1.54071936 0.44120055 0.29603344 0.3066493  0.83698596 1.1449283
  0.15097245 1.23623124 0.21962528 0.82014076]
 [0.85116176 1.64465591 0.11274148 1.24638757 1.35168321 0.16470533
  1.68882815 0.2130365  1.14905372 0.74251989]
 [1.14352076 0.37972594 0.76885332 0.14364197 0.32776647 0.12810939
  1.65597941 0.20822692 0.69304141 0.64444358]
 [0.1428016  0.35731982 0.53253455 0.57752164 0.10375871 0.24754778
  0.37453118 0.16744567 0.1208207  1.0928511 ]
 [0.14815717 0.38476976 1.01482697 0.10085969 0.27006059 0.81439304
  0.84979472 0.58269382 1.03865581 0.73341179]]
Rh: [[ 7.53741015 16.20399478  0.87618051  0.6208115   0.56541928  0.61567024
  12.26566481  1.86038196  2.6898485   0.72339715  6.29876142]
 [ 1.75877082  5.86896221  1.74215935  4.15836256  1.60506619 19.25615233
  12.91832526  0.59485471 16.09157151  0.8213709   8.77342606]
 [ 0.87693089 12.75322169  2.36418134  2.619684    0.91701766  1.73609614
   1.65567374  2.2818591   9.17230184  0.91585432  2.0151326 ]
 [10.23420321  8.55106749 10.929935    7.96273866  3.09262807  1.03077032
   0.73230334  5.33623064  1.2384757   1.28833886  3.6946141 ]
 [ 0.8760126   0.9125151   0.67734278 19.42712382  2.39410456  4.94423051
   5.51100292  4.78011086 17.17122709  5.61277825  1.01792544]
 [ 7.03890868  5.36261434  0.89187056  6.86413207  5.98719665  7.95771625
   2.04476219  1.47382596 18.18013616  9.24811519 13.60169933]
 [ 0.58306669  0.79628925  6.9052635  10.58588108  0.82955424  7.03240256
   1.02180984  2.37350547  5.92938038 10.18893933  6.42948886]
 [ 3.98999705  3.80715999  8.46802409  2.63006151  0.83467178 17.4004848
   9.05156335  2.00737941  1.56789099  2.04665986  5.45448893]
 [ 7.47605378  2.05432279  1.84737321  6.0339181   0.62958228  6.08903674
   0.78690303  4.5235322   0.56534912  1.28613063  1.88382767]
 [11.99952533  0.57338476  8.40268957  2.00826181  1.70866808  9.08049456
   1.85296829  0.96810089  2.08374927  0.50393296  1.00272813]]
Rv: [[12.6464174   0.90148115 10.30691724  2.04812523 13.05992733 12.02790587
   2.26477198  0.56729036  2.89784997 16.43352941]
 [ 0.79724589  2.52493851  3.46826853  4.23059644  2.39695843  2.28047438
   7.68378772  1.30054095  9.21203173  2.37798838]
 [ 3.96236326  4.01824936  2.55374385 13.13066519  1.10041781  4.86141082
   6.53091866 11.38239885  0.74902771  6.17696494]
 [ 5.57227242 19.06260339  0.90473912  7.76662497  1.97681927  5.39120924
  19.10022975  5.17849968  2.94887711 19.01262946]
 [12.07081916  5.3606089  18.90565167  1.72666143  2.68456436  0.95043036
   0.62457565  4.0048816   1.31281924  0.63548088]
 [18.02745262 10.55818046  5.39326151  0.87051915  3.5992476   1.33084854
   1.03270579 14.70155566  3.69120396 13.01789393]
 [ 3.00996562  8.20312843  3.33298881  2.07836489  1.98856627  6.88812795
   0.68037163  0.91068816  6.9978546   3.4145122 ]
 [ 1.94993336 14.51788535  0.71872091 14.5478355   0.5580807   9.80430161
   5.6357254   2.40358578 18.12767331  2.32487057]
 [ 0.51782044 14.87572271  9.58923405  9.92286238  5.62954419 12.49792575
   5.62633652 16.71473917  0.6739894   1.53943379]]