-------Running parameters--------
T = 0.001
temperature_gradient = 0.0
gap = 0.0
M = 10
N = 10
VR = 0.0
Vmin = 0.0
Vmax = 3.0
vStep = 0.001
vSym = True
repeats = 50
fileName = array_10_10_disorder_c_std_0.9_r_std_9.5_cg_5_run_10
dist = exp
fullOutput = True
use_graph = False
current_map = True
plot_current_map = False
plot_binary_current_map = False
frame_norm = False
dbg = False
resume = False
sc = False
leaping = False
constQ = False
modifyR = False
double_time = False
double_loop = False
output_folder = bgu_2d_arrays_different_cg
params_path = 
VG_avg = 0.0
VG_std = 0.0
C_avg = 1.0
C_std = 0.9
CG_avg = 5.0
CG_std = 0.0
R_avg = 10.0
R_std = 9.5
custom_rh = ""
custom_rv = ""
custom_ch = ""
custom_cv = ""
RG_avg = 500.0
RG_std = 0.0
n0_avg = 0.0
n0_std = 0.0
Q0_avg = 0.0
Q0_std = 0.0
----Array Parameters-----
Rows: 10
Columns: 10
VG: [[0.]
 [0.]
 [0.]
 [0.]
 [0.]
 [0.]
 [0.]
 [0.]
 [0.]
 [0.]
 [0.]
 [0.]
 [0.]
 [0.]
 [0.]
 [0.]
 [0.]
 [0.]
 [0.]
 [0.]
 [0.]
 [0.]
 [0.]
 [0.]
 [0.]
 [0.]
 [0.]
 [0.]
 [0.]
 [0.]
 [0.]
 [0.]
 [0.]
 [0.]
 [0.]
 [0.]
 [0.]
 [0.]
 [0.]
 [0.]
 [0.]
 [0.]
 [0.]
 [0.]
 [0.]
 [0.]
 [0.]
 [0.]
 [0.]
 [0.]
 [0.]
 [0.]
 [0.]
 [0.]
 [0.]
 [0.]
 [0.]
 [0.]
 [0.]
 [0.]
 [0.]
 [0.]
 [0.]
 [0.]
 [0.]
 [0.]
 [0.]
 [0.]
 [0.]
 [0.]
 [0.]
 [0.]
 [0.]
 [0.]
 [0.]
 [0.]
 [0.]
 [0.]
 [0.]
 [0.]
 [0.]
 [0.]
 [0.]
 [0.]
 [0.]
 [0.]
 [0.]
 [0.]
 [0.]
 [0.]
 [0.]
 [0.]
 [0.]
 [0.]
 [0.]
 [0.]
 [0.]
 [0.]
 [0.]
 [0.]]
CG: [[5.]
 [5.]
 [5.]
 [5.]
 [5.]
 [5.]
 [5.]
 [5.]
 [5.]
 [5.]
 [5.]
 [5.]
 [5.]
 [5.]
 [5.]
 [5.]
 [5.]
 [5.]
 [5.]
 [5.]
 [5.]
 [5.]
 [5.]
 [5.]
 [5.]
 [5.]
 [5.]
 [5.]
 [5.]
 [5.]
 [5.]
 [5.]
 [5.]
 [5.]
 [5.]
 [5.]
 [5.]
 [5.]
 [5.]
 [5.]
 [5.]
 [5.]
 [5.]
 [5.]
 [5.]
 [5.]
 [5.]
 [5.]
 [5.]
 [5.]
 [5.]
 [5.]
 [5.]
 [5.]
 [5.]
 [5.]
 [5.]
 [5.]
 [5.]
 [5.]
 [5.]
 [5.]
 [5.]
 [5.]
 [5.]
 [5.]
 [5.]
 [5.]
 [5.]
 [5.]
 [5.]
 [5.]
 [5.]
 [5.]
 [5.]
 [5.]
 [5.]
 [5.]
 [5.]
 [5.]
 [5.]
 [5.]
 [5.]
 [5.]
 [5.]
 [5.]
 [5.]
 [5.]
 [5.]
 [5.]
 [5.]
 [5.]
 [5.]
 [5.]
 [5.]
 [5.]
 [5.]
 [5.]
 [5.]
 [5.]]
RG: [[500.]
 [500.]
 [500.]
 [500.]
 [500.]
 [500.]
 [500.]
 [500.]
 [500.]
 [500.]
 [500.]
 [500.]
 [500.]
 [500.]
 [500.]
 [500.]
 [500.]
 [500.]
 [500.]
 [500.]
 [500.]
 [500.]
 [500.]
 [500.]
 [500.]
 [500.]
 [500.]
 [500.]
 [500.]
 [500.]
 [500.]
 [500.]
 [500.]
 [500.]
 [500.]
 [500.]
 [500.]
 [500.]
 [500.]
 [500.]
 [500.]
 [500.]
 [500.]
 [500.]
 [500.]
 [500.]
 [500.]
 [500.]
 [500.]
 [500.]
 [500.]
 [500.]
 [500.]
 [500.]
 [500.]
 [500.]
 [500.]
 [500.]
 [500.]
 [500.]
 [500.]
 [500.]
 [500.]
 [500.]
 [500.]
 [500.]
 [500.]
 [500.]
 [500.]
 [500.]
 [500.]
 [500.]
 [500.]
 [500.]
 [500.]
 [500.]
 [500.]
 [500.]
 [500.]
 [500.]
 [500.]
 [500.]
 [500.]
 [500.]
 [500.]
 [500.]
 [500.]
 [500.]
 [500.]
 [500.]
 [500.]
 [500.]
 [500.]
 [500.]
 [500.]
 [500.]
 [500.]
 [500.]
 [500.]
 [500.]]
Ch: [[0.29330057 0.13344102 0.23491554 1.44661284 1.05060916 0.62954316
  1.65894087 0.3509279  0.17087982 0.84088175 0.14114137]
 [0.21972859 0.21642884 0.1285844  1.33124177 1.61639987 0.22759156
  0.63551328 0.30478752 0.28439672 0.21484775 1.01627905]
 [1.43235937 0.16047093 1.78832992 0.20772814 0.17615483 0.3062368
  0.36381241 0.26105035 0.33743889 1.70813645 0.108993  ]
 [0.10113744 0.1364938  0.85445266 0.77877351 1.38834958 1.50698314
  1.00316148 0.26819827 0.35388538 0.53433316 1.74155911]
 [1.05487973 0.51781519 0.30675391 0.11803198 0.71386066 0.3903578
  0.19297492 0.14920959 0.43613549 0.36390837 0.13667699]
 [0.53671561 0.99664745 0.20227291 1.0213453  0.35654015 1.00118313
  0.34922809 0.95812968 0.3021936  0.39454221 0.23130804]
 [1.72157942 0.174249   0.8641802  1.42966648 0.13790063 0.15930994
  0.17327344 0.26019101 0.10236453 0.14776826 0.27928797]
 [1.34613724 0.31232558 0.1165866  0.99091293 1.09791085 0.23352084
  0.11547811 0.74625535 0.22660353 1.49969725 1.23678831]
 [0.26262273 1.31142752 0.38792062 0.71137752 0.59419243 0.47532266
  0.35284047 0.28745376 0.13269358 0.25662368 0.36175208]
 [1.18692719 0.11823247 0.95887564 0.24178082 0.12742547 1.08369891
  1.43346273 1.74495002 1.14500058 1.03954408 0.13416893]]
Cv: [[0.         0.         0.         0.         0.         0.
  0.         0.         0.         0.        ]
 [0.11367849 0.10611563 1.14085291 0.11356985 1.2156523  0.11835138
  0.66186276 1.34352399 0.89195509 0.27648841]
 [0.16082194 0.1618115  0.48063374 1.78926992 0.34951803 0.3919144
  0.37896345 0.17855244 0.69655488 1.42503349]
 [0.23816141 0.32361837 0.15676861 0.26141515 0.68690968 0.78983319
  0.14754919 0.15737848 1.17755238 0.17566851]
 [0.16903721 0.21900957 0.15392276 0.37244382 0.73975935 0.32555816
  1.29298505 0.170191   0.50479632 0.36904586]
 [0.36466361 0.39071879 0.11066562 0.66454269 0.58037934 0.46197101
  0.34507575 0.72550866 0.61097407 1.09136412]
 [0.31942154 0.16829977 1.32147687 1.61156962 0.13262022 0.64120846
  1.26896457 1.27413081 0.22754237 0.78248154]
 [0.29996229 0.28110959 0.94628779 0.15442303 0.50382669 1.60599625
  0.68891302 0.18108056 0.27183955 0.86401145]
 [0.79140985 1.80166631 0.23506036 0.91626645 0.27758427 0.12657949
  0.42383561 0.13091117 0.43441787 0.24637865]
 [1.54956776 0.84746684 0.19267202 1.48213153 1.3601889  0.14497489
  1.74047972 0.21005358 0.23859477 0.45292837]]
Rh: [[ 1.32588858  6.91905311  4.42586784  1.21954213 18.01881794  1.14056426
  10.65905198 14.43727727 17.24271918  3.04358179 15.18045743]
 [ 6.00829219 12.50042875  0.68517461  4.3664375   2.46936162  0.57217577
  11.96377542  0.80549843  2.81294343  2.12031939  1.68679309]
 [13.38384378  9.41002589  2.1098934  18.87991563  0.56445256  1.33705805
   0.95992211  0.59515059  1.01707572  0.59947637  6.3125516 ]
 [ 0.50055617 15.09577981  0.63014687  0.96155316 13.45540586  2.27585677
   0.59382006  2.56794936 18.28154254  7.93049888  1.30009803]
 [12.48645441  2.19194751  6.54449147  2.07155591  1.18133803  0.5797651
   3.18732779  6.41003142  6.18167098  0.63093362 13.07349358]
 [ 7.62896143  7.49812628  1.84918041  1.29946984  0.90711091  5.50994
   2.06136026  0.54962906  2.73334821  1.00195141  0.86074024]
 [18.30113643  4.43956892  0.90636242  6.55808221  3.47351962 19.00009411
   2.16201009  1.05039333  5.82430654  1.36654435 14.59544927]
 [18.76467129  0.94996579  1.014375    0.57192613  1.04393684 10.69822378
   4.55320068 18.37861767  3.90518456  0.71474313  3.20158536]
 [ 1.41763553  1.40429327  4.61770262  2.61607052  2.06767798  0.9237001
   0.55008315 10.56512111  3.33516617 14.2089157   0.5427739 ]
 [ 2.30162535  3.577408    6.29912771  2.41018659 10.96718632  2.16421294
  10.73300053  1.03993101  4.58581945  2.65234629  6.53362777]]
Rv: [[ 5.0972298   3.86342382  1.35935535  2.79954744  1.42883093  5.28817874
   5.88227611  0.51234869  0.94322597 11.35264949]
 [ 6.30484432  0.65744835  2.09526716 19.38579526 13.66726747  0.5675745
  12.50963318  9.32901841  5.82025664  6.98005841]
 [ 1.22684347  2.61941542  0.82720712  0.83522763  8.72545074  3.59078219
   9.44462336  0.91647543  1.25791305  1.36067134]
 [18.38587912  1.99660346  4.6058315   0.78273317  0.99405547  1.19392936
   0.65150149 10.7654956   5.84192067  2.34075832]
 [ 0.65272767  0.83255223  0.84330394  1.40364937 14.48506558  5.5543153
  17.4210013   0.85072526  0.9858435   1.51879857]
 [18.8554922  19.31255874  9.38937831  1.32976609  9.5079776   7.89019267
   0.69689467  5.94773906  3.48724335  1.76202569]
 [ 4.5116916   1.73095931  5.91678593 10.31915025  1.11413526  2.23494469
   3.22235506  4.02885066  1.98537209  0.59930043]
 [ 2.71372021  0.52167153 14.35062448  9.08011528  9.62576504 18.14778712
   2.14576582  0.59775222  9.84544829 17.84987674]
 [ 6.12284403  6.66130692  6.93118794  5.23875922  0.82935891  2.1375548
   1.33663201  0.54783526  5.37464763 10.74353951]]