-------Running parameters--------
T = 0.001
temperature_gradient = 0.0
gap = 0.0
M = 10
N = 10
VR = 0.0
Vmin = 0.0
Vmax = 3.0
vStep = 0.001
vSym = True
repeats = 50
fileName = array_10_10_disorder_c_std_0.9_r_std_9.5_cg_10_run_5
dist = exp
fullOutput = True
use_graph = False
current_map = True
plot_current_map = False
plot_binary_current_map = False
frame_norm = False
dbg = False
resume = False
sc = False
leaping = False
constQ = False
modifyR = False
double_time = False
double_loop = False
output_folder = bgu_2d_arrays_different_cg
params_path = 
VG_avg = 0.0
VG_std = 0.0
C_avg = 1.0
C_std = 0.9
CG_avg = 10.0
CG_std = 0.0
R_avg = 10.0
R_std = 9.5
custom_rh = ""
custom_rv = ""
custom_ch = ""
custom_cv = ""
RG_avg = 500.0
RG_std = 0.0
n0_avg = 0.0
n0_std = 0.0
Q0_avg = 0.0
Q0_std = 0.0
----Array Parameters-----
Rows: 10
Columns: 10
VG: [[0.]
 [0.]
 [0.]
 [0.]
 [0.]
 [0.]
 [0.]
 [0.]
 [0.]
 [0.]
 [0.]
 [0.]
 [0.]
 [0.]
 [0.]
 [0.]
 [0.]
 [0.]
 [0.]
 [0.]
 [0.]
 [0.]
 [0.]
 [0.]
 [0.]
 [0.]
 [0.]
 [0.]
 [0.]
 [0.]
 [0.]
 [0.]
 [0.]
 [0.]
 [0.]
 [0.]
 [0.]
 [0.]
 [0.]
 [0.]
 [0.]
 [0.]
 [0.]
 [0.]
 [0.]
 [0.]
 [0.]
 [0.]
 [0.]
 [0.]
 [0.]
 [0.]
 [0.]
 [0.]
 [0.]
 [0.]
 [0.]
 [0.]
 [0.]
 [0.]
 [0.]
 [0.]
 [0.]
 [0.]
 [0.]
 [0.]
 [0.]
 [0.]
 [0.]
 [0.]
 [0.]
 [0.]
 [0.]
 [0.]
 [0.]
 [0.]
 [0.]
 [0.]
 [0.]
 [0.]
 [0.]
 [0.]
 [0.]
 [0.]
 [0.]
 [0.]
 [0.]
 [0.]
 [0.]
 [0.]
 [0.]
 [0.]
 [0.]
 [0.]
 [0.]
 [0.]
 [0.]
 [0.]
 [0.]
 [0.]]
CG: [[10.]
 [10.]
 [10.]
 [10.]
 [10.]
 [10.]
 [10.]
 [10.]
 [10.]
 [10.]
 [10.]
 [10.]
 [10.]
 [10.]
 [10.]
 [10.]
 [10.]
 [10.]
 [10.]
 [10.]
 [10.]
 [10.]
 [10.]
 [10.]
 [10.]
 [10.]
 [10.]
 [10.]
 [10.]
 [10.]
 [10.]
 [10.]
 [10.]
 [10.]
 [10.]
 [10.]
 [10.]
 [10.]
 [10.]
 [10.]
 [10.]
 [10.]
 [10.]
 [10.]
 [10.]
 [10.]
 [10.]
 [10.]
 [10.]
 [10.]
 [10.]
 [10.]
 [10.]
 [10.]
 [10.]
 [10.]
 [10.]
 [10.]
 [10.]
 [10.]
 [10.]
 [10.]
 [10.]
 [10.]
 [10.]
 [10.]
 [10.]
 [10.]
 [10.]
 [10.]
 [10.]
 [10.]
 [10.]
 [10.]
 [10.]
 [10.]
 [10.]
 [10.]
 [10.]
 [10.]
 [10.]
 [10.]
 [10.]
 [10.]
 [10.]
 [10.]
 [10.]
 [10.]
 [10.]
 [10.]
 [10.]
 [10.]
 [10.]
 [10.]
 [10.]
 [10.]
 [10.]
 [10.]
 [10.]
 [10.]]
RG: [[500.]
 [500.]
 [500.]
 [500.]
 [500.]
 [500.]
 [500.]
 [500.]
 [500.]
 [500.]
 [500.]
 [500.]
 [500.]
 [500.]
 [500.]
 [500.]
 [500.]
 [500.]
 [500.]
 [500.]
 [500.]
 [500.]
 [500.]
 [500.]
 [500.]
 [500.]
 [500.]
 [500.]
 [500.]
 [500.]
 [500.]
 [500.]
 [500.]
 [500.]
 [500.]
 [500.]
 [500.]
 [500.]
 [500.]
 [500.]
 [500.]
 [500.]
 [500.]
 [500.]
 [500.]
 [500.]
 [500.]
 [500.]
 [500.]
 [500.]
 [500.]
 [500.]
 [500.]
 [500.]
 [500.]
 [500.]
 [500.]
 [500.]
 [500.]
 [500.]
 [500.]
 [500.]
 [500.]
 [500.]
 [500.]
 [500.]
 [500.]
 [500.]
 [500.]
 [500.]
 [500.]
 [500.]
 [500.]
 [500.]
 [500.]
 [500.]
 [500.]
 [500.]
 [500.]
 [500.]
 [500.]
 [500.]
 [500.]
 [500.]
 [500.]
 [500.]
 [500.]
 [500.]
 [500.]
 [500.]
 [500.]
 [500.]
 [500.]
 [500.]
 [500.]
 [500.]
 [500.]
 [500.]
 [500.]
 [500.]]
Ch: [[0.52177268 0.40735992 0.1347778  0.18541814 0.92005089 1.15780515
  0.44613677 0.54075698 1.33677785 0.49402748 1.34683115]
 [0.3490274  0.90488216 0.77640948 1.62763282 0.11221124 0.10412513
  1.39405886 0.11317665 0.12141242 0.82967413 0.32806708]
 [0.12685381 1.47067859 0.78164277 1.13117281 0.7969858  0.32231276
  0.23509871 0.13260195 0.61551607 0.22174575 0.51790654]
 [0.67935579 0.51987154 1.50403568 0.30745188 1.53259194 0.16567584
  0.2509641  0.18733734 0.11572537 0.20838594 0.12936993]
 [0.35915322 0.60296827 1.21153965 0.43831313 0.30184325 1.2160698
  0.12164619 1.86208959 0.14008832 0.67588007 0.32015576]
 [0.14982462 0.95846505 0.29230193 0.67591206 0.24265519 0.4157213
  0.6842263  0.61081489 0.14543697 0.61312171 0.17136657]
 [0.1887642  1.08735291 0.9057897  1.79639923 0.49892473 0.46278585
  0.58404062 0.26538199 1.15265613 0.83042444 0.44690741]
 [0.94041606 1.11361992 0.38067364 0.138217   1.07237013 0.36505629
  0.58412095 0.29399256 1.22621638 1.1644951  0.11910095]
 [0.11959112 0.21544671 1.00599173 0.13372036 0.85819026 1.03864138
  0.6063065  0.1608047  0.62175981 0.45751964 0.21836615]
 [0.35693874 0.4911835  1.0036957  0.18180377 0.11446241 0.1944659
  1.2296514  0.51475268 0.23568723 0.66587801 0.21722869]]
Cv: [[0.         0.         0.         0.         0.         0.
  0.         0.         0.         0.        ]
 [1.68712072 0.42922304 0.76397692 0.82742201 0.55897558 0.10048405
  0.83595113 0.32159765 0.46873614 0.69056716]
 [0.14166318 0.59641016 0.21621685 0.38745813 1.09724053 0.57315695
  0.12147068 0.47154361 0.36158267 0.36422406]
 [0.40151727 0.69273444 0.16388443 0.26452771 1.16365899 0.29865321
  0.88194479 0.13714591 1.36562692 0.1767788 ]
 [0.11226653 0.18014249 0.64389029 0.16403616 0.6892327  1.67462579
  0.53200016 0.24320111 1.79585707 0.26207242]
 [1.43555443 1.7183238  0.89449111 1.3215489  0.62136739 0.52306981
  1.64307844 0.22764142 0.10263223 1.14083781]
 [0.17085863 0.10972118 0.91788138 1.74933433 0.26428508 0.66916354
  0.19756175 0.43777366 1.35812344 0.66993194]
 [0.17309033 0.56139775 0.1480512  0.38118517 0.62039704 0.13906731
  0.16987834 0.88641883 1.22892911 0.42840032]
 [0.20671737 0.41447328 0.95823836 0.26676583 0.21155158 0.46730803
  0.59448852 0.55116755 0.76807819 1.07494029]
 [0.19194735 0.61744725 1.41154539 0.15936217 1.01350012 0.44729288
  0.4679191  0.27722751 0.19070659 0.24482341]]
Rh: [[ 2.62031061  3.41699383 19.36518915  9.74234566  6.50804697  2.35078164
   6.1929917   0.65679516 16.13537597  6.04977315  0.56539577]
 [11.55153334  1.18352136 13.27654316  2.03790804  0.60877205  2.67695843
   9.26581938  9.9988256   1.70088465  0.6518684   1.19269485]
 [ 2.05766114 15.82787371 13.35697288  1.37475965 14.03650446  9.42365848
  17.21577189  3.24360085  0.56267055  0.69633007  1.09584526]
 [ 9.6426993   1.44351134  1.15139447  2.78670481  1.91466853 10.70363616
  16.58475713 10.42855151  1.69088469  0.95876271  1.12903947]
 [ 4.33498107  1.1270175   3.67031861  0.60119579  5.44453668  2.71938157
   1.28679859  1.81040736  2.02620541  0.94935461  0.97496696]
 [ 1.4739653   4.93672701 19.03203351  2.75732733 12.7436234  12.49170253
   1.03431764  6.64665912  4.44761905  0.83975385  0.51552   ]
 [ 4.29635814  7.38137274 16.15549147  3.52898971  0.66312919 14.16549784
   2.06411028  1.55152298  0.55431681  1.887399    3.77631469]
 [14.30933813  7.34446159 11.14130974  4.24211739  1.06371385  6.68235229
   6.63278645  1.08607191  1.17499274  8.12592606 17.5308131 ]
 [ 5.68594355 18.91824669  0.56376348  4.11295945  0.52009407  2.94226616
   2.69728995 14.31908573 14.57015358  1.03851324  0.81764378]
 [ 1.00544757 13.92873879  6.51992232  2.13077121  0.55446191  0.79712447
  14.0184488   0.85198438  1.34821126  2.37272677  8.04493648]]
Rv: [[ 2.38054565  2.20324     4.56301669  2.9632693   7.1237815   1.69541637
   1.61848199  2.68038819  0.67522982  1.59637319]
 [ 7.76023662  1.94888174 11.64172606  1.07971489  1.983637    9.21413545
   2.32844196  1.38101055  1.0750243   0.68156707]
 [ 0.7135734   0.6907792   2.1819283   0.59262     8.95464104  3.09891399
   1.62274576  2.95378703  0.6361059  12.86681816]
 [ 2.01667097 17.44235569  3.18761315  0.92774544  4.60063807 13.07395441
   5.48895863  2.58096304  9.23316224  1.65490654]
 [11.58990671  3.79284686 16.10438972  1.07193447  4.98391818 10.66794121
  17.0597987   2.06411032  1.34036859  1.43255749]
 [ 2.4805475  14.53081972  6.57236095  5.42812699  5.13110812 17.28573337
   2.54061662  0.51746472  2.43964707  0.81822598]
 [ 0.83213522 13.55204937  2.71408187  0.94638393  7.85637784  0.92603341
   1.15337844  9.54509784  4.17966609  3.17122809]
 [ 6.29306756 13.43105585  1.89064364 12.35512844 19.38691104  2.36604532
   2.49855852 18.28634636  0.60366621  1.11276034]
 [ 0.90134203 13.05837056 10.34550841  0.58282688  4.13026178  2.91817863
   1.19239994  9.46453224  2.74282737  0.62111159]]