-------Running parameters--------
T = 0.001
temperature_gradient = 0.0
gap = 0.0
M = 10
N = 10
VR = 0.0
Vmin = 0.0
Vmax = 3.0
vStep = 0.001
vSym = True
repeats = 50
fileName = array_10_10_disorder_c_std_0.9_r_std_9.5_cg_5_run_2
dist = exp
fullOutput = True
use_graph = False
current_map = True
plot_current_map = False
plot_binary_current_map = False
frame_norm = False
dbg = False
resume = False
sc = False
leaping = False
constQ = False
modifyR = False
double_time = False
double_loop = False
output_folder = bgu_2d_arrays_different_cg
params_path = 
VG_avg = 0.0
VG_std = 0.0
C_avg = 1.0
C_std = 0.9
CG_avg = 5.0
CG_std = 0.0
R_avg = 10.0
R_std = 9.5
custom_rh = ""
custom_rv = ""
custom_ch = ""
custom_cv = ""
RG_avg = 500.0
RG_std = 0.0
n0_avg = 0.0
n0_std = 0.0
Q0_avg = 0.0
Q0_std = 0.0
----Array Parameters-----
Rows: 10
Columns: 10
VG: [[0.]
 [0.]
 [0.]
 [0.]
 [0.]
 [0.]
 [0.]
 [0.]
 [0.]
 [0.]
 [0.]
 [0.]
 [0.]
 [0.]
 [0.]
 [0.]
 [0.]
 [0.]
 [0.]
 [0.]
 [0.]
 [0.]
 [0.]
 [0.]
 [0.]
 [0.]
 [0.]
 [0.]
 [0.]
 [0.]
 [0.]
 [0.]
 [0.]
 [0.]
 [0.]
 [0.]
 [0.]
 [0.]
 [0.]
 [0.]
 [0.]
 [0.]
 [0.]
 [0.]
 [0.]
 [0.]
 [0.]
 [0.]
 [0.]
 [0.]
 [0.]
 [0.]
 [0.]
 [0.]
 [0.]
 [0.]
 [0.]
 [0.]
 [0.]
 [0.]
 [0.]
 [0.]
 [0.]
 [0.]
 [0.]
 [0.]
 [0.]
 [0.]
 [0.]
 [0.]
 [0.]
 [0.]
 [0.]
 [0.]
 [0.]
 [0.]
 [0.]
 [0.]
 [0.]
 [0.]
 [0.]
 [0.]
 [0.]
 [0.]
 [0.]
 [0.]
 [0.]
 [0.]
 [0.]
 [0.]
 [0.]
 [0.]
 [0.]
 [0.]
 [0.]
 [0.]
 [0.]
 [0.]
 [0.]
 [0.]]
CG: [[5.]
 [5.]
 [5.]
 [5.]
 [5.]
 [5.]
 [5.]
 [5.]
 [5.]
 [5.]
 [5.]
 [5.]
 [5.]
 [5.]
 [5.]
 [5.]
 [5.]
 [5.]
 [5.]
 [5.]
 [5.]
 [5.]
 [5.]
 [5.]
 [5.]
 [5.]
 [5.]
 [5.]
 [5.]
 [5.]
 [5.]
 [5.]
 [5.]
 [5.]
 [5.]
 [5.]
 [5.]
 [5.]
 [5.]
 [5.]
 [5.]
 [5.]
 [5.]
 [5.]
 [5.]
 [5.]
 [5.]
 [5.]
 [5.]
 [5.]
 [5.]
 [5.]
 [5.]
 [5.]
 [5.]
 [5.]
 [5.]
 [5.]
 [5.]
 [5.]
 [5.]
 [5.]
 [5.]
 [5.]
 [5.]
 [5.]
 [5.]
 [5.]
 [5.]
 [5.]
 [5.]
 [5.]
 [5.]
 [5.]
 [5.]
 [5.]
 [5.]
 [5.]
 [5.]
 [5.]
 [5.]
 [5.]
 [5.]
 [5.]
 [5.]
 [5.]
 [5.]
 [5.]
 [5.]
 [5.]
 [5.]
 [5.]
 [5.]
 [5.]
 [5.]
 [5.]
 [5.]
 [5.]
 [5.]
 [5.]]
RG: [[500.]
 [500.]
 [500.]
 [500.]
 [500.]
 [500.]
 [500.]
 [500.]
 [500.]
 [500.]
 [500.]
 [500.]
 [500.]
 [500.]
 [500.]
 [500.]
 [500.]
 [500.]
 [500.]
 [500.]
 [500.]
 [500.]
 [500.]
 [500.]
 [500.]
 [500.]
 [500.]
 [500.]
 [500.]
 [500.]
 [500.]
 [500.]
 [500.]
 [500.]
 [500.]
 [500.]
 [500.]
 [500.]
 [500.]
 [500.]
 [500.]
 [500.]
 [500.]
 [500.]
 [500.]
 [500.]
 [500.]
 [500.]
 [500.]
 [500.]
 [500.]
 [500.]
 [500.]
 [500.]
 [500.]
 [500.]
 [500.]
 [500.]
 [500.]
 [500.]
 [500.]
 [500.]
 [500.]
 [500.]
 [500.]
 [500.]
 [500.]
 [500.]
 [500.]
 [500.]
 [500.]
 [500.]
 [500.]
 [500.]
 [500.]
 [500.]
 [500.]
 [500.]
 [500.]
 [500.]
 [500.]
 [500.]
 [500.]
 [500.]
 [500.]
 [500.]
 [500.]
 [500.]
 [500.]
 [500.]
 [500.]
 [500.]
 [500.]
 [500.]
 [500.]
 [500.]
 [500.]
 [500.]
 [500.]
 [500.]]
Ch: [[0.12421368 0.40781998 0.667466   0.30205027 0.25485199 0.12264725
  0.16123922 0.37898368 1.67704375 0.20411363 0.12599757]
 [0.34363331 0.75018903 1.37747521 0.14026272 0.11429341 0.86791045
  0.64528009 0.169513   0.35244958 0.12472024 1.36980739]
 [0.12954405 0.61674624 0.28833669 0.54893181 0.11638171 1.72514677
  0.2131562  0.38369807 0.1787442  0.18649789 0.85431802]
 [0.82517734 0.25591824 0.7023843  0.20176175 1.29270946 0.21506222
  0.29454982 0.18517209 0.20455159 1.26801651 1.84106357]
 [0.30527932 0.87469067 1.40209235 1.72362597 1.05874122 0.14923871
  0.27789134 0.56464934 0.79109425 0.18453904 0.65156986]
 [0.33245241 0.35071535 1.29822575 0.55566642 1.16436172 0.22206884
  0.57707826 1.12489832 0.11164038 0.3402463  0.55158719]
 [0.15979144 0.17981736 1.12968018 0.2690869  1.46610549 0.16769619
  1.01394671 0.22136011 0.71680955 0.39570942 1.51480714]
 [0.84869684 0.24941231 1.37678006 0.22581596 0.10686657 0.43666311
  0.91904797 1.57022436 1.11338958 0.98064817 0.23254691]
 [0.79296987 0.43247572 1.38229481 0.52942408 1.16862847 0.12703111
  0.11550278 0.3387795  0.14306525 0.24606615 0.3006945 ]
 [1.1079479  0.40254688 0.23859522 0.20139464 0.99309765 0.25314501
  0.24884857 0.21609587 0.29916433 1.08281985 0.12903494]]
Cv: [[0.         0.         0.         0.         0.         0.
  0.         0.         0.         0.        ]
 [0.14050395 0.66352168 1.53015473 0.11869667 0.91949792 0.19168878
  0.76926472 1.75119181 0.47722922 1.4892539 ]
 [0.4215728  0.37627707 0.10426844 0.82647139 0.1042411  0.52693415
  0.74286089 1.25763454 0.15467783 0.2356798 ]
 [0.25755971 0.87706957 1.66710729 1.34702626 1.20893544 0.49648658
  0.37170429 1.11079307 0.61692086 0.49090048]
 [0.11960449 0.82642872 0.4083945  0.13586444 0.59342458 1.38163606
  1.24085786 0.22418688 0.21233311 1.77926243]
 [0.21828844 0.38978789 0.37764456 0.46870199 0.22113054 0.21160838
  0.1207288  1.11904916 0.50575588 0.69097212]
 [1.40342698 0.21343371 0.15540914 0.17384843 0.25973166 0.57733685
  0.10185836 0.45191351 1.12310808 0.5128404 ]
 [1.19241126 0.17786224 0.17520364 0.60747483 0.16095997 1.29333718
  1.49296709 0.15075151 0.15015154 1.52849641]
 [0.35224865 1.77832448 0.83302249 1.1593284  0.24449111 1.37941124
  0.14415083 0.79010642 0.61460332 0.80235776]
 [0.39073607 0.54903251 0.30454728 1.70080207 0.49437164 0.63054223
  0.12043282 0.46288594 1.18846086 0.11611948]]
Rh: [[ 2.20864565  2.29494268  2.16498702  0.76627474  0.59282147  1.38609721
   1.03487087 11.93835968  6.88687066  2.2632081   0.59990093]
 [12.92052981  0.63855381  8.70777514 10.78827147  3.19448651 17.15904109
  16.30375182  0.51968898  1.60345201  1.50090118 10.15568305]
 [ 1.55847288  6.13706429  5.84317843  0.95323561  8.60089439  1.16376663
   4.367012    2.38498889  0.9110585   6.00268636  2.9467513 ]
 [ 1.02323959  2.72634554 10.28948604  1.17700737  6.30663432 10.86352555
   2.54037878 14.44725073  6.05095863  1.481066    5.89538313]
 [ 2.50237104  5.43760012  2.14634373  0.50798833 19.38747077  4.49769651
   1.11083519 10.86522483  1.06600173  2.13126865  4.60766721]
 [14.66114599  2.33644055  1.94507621  0.74072649  1.63107174 12.29432077
   1.71112895  2.3480973   0.84462638  1.13206827  2.77908248]
 [ 5.07099879  5.90388616 12.74539587  1.01127328  0.79720586  2.21026042
   1.95737916  2.77164115 12.50287852  0.56354301  0.93319199]
 [ 0.54629172  2.66957404  2.30473759  9.19910204  9.66334779  9.04762372
   1.41950446  1.63194578  5.8932984   9.97394752  1.20254208]
 [ 5.08784757  1.2578319   4.6525194  15.51669478  0.7408572   1.59486276
   4.60885041  7.31603784  0.9042994  12.46351244  2.81064004]
 [ 3.15205571 17.59223689 11.26135138  1.63078187  0.54717719  3.99031752
   7.38197564  1.99295419  3.90722178  1.99698268  1.62147076]]
Rv: [[11.11272798 18.79893321  0.8378722   7.8366318  12.01934646  3.59653361
   1.52986391  0.96473113  2.5369847  10.07809378]
 [ 0.67872146  1.22983049  2.90572005  9.56262396  0.70995885  2.50602722
   0.6438836  13.13214828  0.96440931 14.10065331]
 [ 1.82843229  0.59017675  5.2081649   9.49459003  1.12540183  1.19714517
   1.06534749 13.76763187  2.20631818  0.92813707]
 [ 1.00693521 14.31305579  6.52584203  0.50046994  2.33174964  5.3068266
   3.98674636  0.74944966  7.69458832  2.82878129]
 [ 0.87935142  1.51569521  1.66157117 10.30912992 17.70717172 11.0636503
   0.70148163 10.14781703  8.16781476  5.38278177]
 [ 5.72560891  8.48417658  9.68923206  0.9673401   0.63448943  4.7701517
  14.61756895  1.57588806  1.55560122  0.97891798]
 [ 1.38665519  4.25896623  1.95544419  3.07206142 10.16005848 16.85022019
   1.39301883  1.71952652 14.41758966  4.69262122]
 [ 7.7824994   1.91508163  2.46140687  7.27897195 19.19027653  3.29538653
   6.89543263  4.96689052  1.84979826  1.06695667]
 [ 0.66802858  2.43745122  0.7767985  12.83360377  3.52969066  0.94456913
   8.73835287 14.46460995  0.63246221  2.30057868]]