-------Running parameters--------
T = 0.001
temperature_gradient = 0.0
gap = 0.0
M = 10
N = 10
VR = 0.0
Vmin = 0.0
Vmax = 3.0
vStep = 0.001
vSym = True
repeats = 50
fileName = array_10_10_disorder_c_std_0.9_r_std_9.5_cg_2_run_5
dist = exp
fullOutput = True
use_graph = False
current_map = True
plot_current_map = False
plot_binary_current_map = False
frame_norm = False
dbg = False
resume = False
sc = False
leaping = False
constQ = False
modifyR = False
double_time = False
double_loop = False
output_folder = bgu_2d_arrays_different_cg
params_path = 
VG_avg = 0.0
VG_std = 0.0
C_avg = 1.0
C_std = 0.9
CG_avg = 2.0
CG_std = 0.0
R_avg = 10.0
R_std = 9.5
custom_rh = ""
custom_rv = ""
custom_ch = ""
custom_cv = ""
RG_avg = 500.0
RG_std = 0.0
n0_avg = 0.0
n0_std = 0.0
Q0_avg = 0.0
Q0_std = 0.0
----Array Parameters-----
Rows: 10
Columns: 10
VG: [[0.]
 [0.]
 [0.]
 [0.]
 [0.]
 [0.]
 [0.]
 [0.]
 [0.]
 [0.]
 [0.]
 [0.]
 [0.]
 [0.]
 [0.]
 [0.]
 [0.]
 [0.]
 [0.]
 [0.]
 [0.]
 [0.]
 [0.]
 [0.]
 [0.]
 [0.]
 [0.]
 [0.]
 [0.]
 [0.]
 [0.]
 [0.]
 [0.]
 [0.]
 [0.]
 [0.]
 [0.]
 [0.]
 [0.]
 [0.]
 [0.]
 [0.]
 [0.]
 [0.]
 [0.]
 [0.]
 [0.]
 [0.]
 [0.]
 [0.]
 [0.]
 [0.]
 [0.]
 [0.]
 [0.]
 [0.]
 [0.]
 [0.]
 [0.]
 [0.]
 [0.]
 [0.]
 [0.]
 [0.]
 [0.]
 [0.]
 [0.]
 [0.]
 [0.]
 [0.]
 [0.]
 [0.]
 [0.]
 [0.]
 [0.]
 [0.]
 [0.]
 [0.]
 [0.]
 [0.]
 [0.]
 [0.]
 [0.]
 [0.]
 [0.]
 [0.]
 [0.]
 [0.]
 [0.]
 [0.]
 [0.]
 [0.]
 [0.]
 [0.]
 [0.]
 [0.]
 [0.]
 [0.]
 [0.]
 [0.]]
CG: [[2.]
 [2.]
 [2.]
 [2.]
 [2.]
 [2.]
 [2.]
 [2.]
 [2.]
 [2.]
 [2.]
 [2.]
 [2.]
 [2.]
 [2.]
 [2.]
 [2.]
 [2.]
 [2.]
 [2.]
 [2.]
 [2.]
 [2.]
 [2.]
 [2.]
 [2.]
 [2.]
 [2.]
 [2.]
 [2.]
 [2.]
 [2.]
 [2.]
 [2.]
 [2.]
 [2.]
 [2.]
 [2.]
 [2.]
 [2.]
 [2.]
 [2.]
 [2.]
 [2.]
 [2.]
 [2.]
 [2.]
 [2.]
 [2.]
 [2.]
 [2.]
 [2.]
 [2.]
 [2.]
 [2.]
 [2.]
 [2.]
 [2.]
 [2.]
 [2.]
 [2.]
 [2.]
 [2.]
 [2.]
 [2.]
 [2.]
 [2.]
 [2.]
 [2.]
 [2.]
 [2.]
 [2.]
 [2.]
 [2.]
 [2.]
 [2.]
 [2.]
 [2.]
 [2.]
 [2.]
 [2.]
 [2.]
 [2.]
 [2.]
 [2.]
 [2.]
 [2.]
 [2.]
 [2.]
 [2.]
 [2.]
 [2.]
 [2.]
 [2.]
 [2.]
 [2.]
 [2.]
 [2.]
 [2.]
 [2.]]
RG: [[500.]
 [500.]
 [500.]
 [500.]
 [500.]
 [500.]
 [500.]
 [500.]
 [500.]
 [500.]
 [500.]
 [500.]
 [500.]
 [500.]
 [500.]
 [500.]
 [500.]
 [500.]
 [500.]
 [500.]
 [500.]
 [500.]
 [500.]
 [500.]
 [500.]
 [500.]
 [500.]
 [500.]
 [500.]
 [500.]
 [500.]
 [500.]
 [500.]
 [500.]
 [500.]
 [500.]
 [500.]
 [500.]
 [500.]
 [500.]
 [500.]
 [500.]
 [500.]
 [500.]
 [500.]
 [500.]
 [500.]
 [500.]
 [500.]
 [500.]
 [500.]
 [500.]
 [500.]
 [500.]
 [500.]
 [500.]
 [500.]
 [500.]
 [500.]
 [500.]
 [500.]
 [500.]
 [500.]
 [500.]
 [500.]
 [500.]
 [500.]
 [500.]
 [500.]
 [500.]
 [500.]
 [500.]
 [500.]
 [500.]
 [500.]
 [500.]
 [500.]
 [500.]
 [500.]
 [500.]
 [500.]
 [500.]
 [500.]
 [500.]
 [500.]
 [500.]
 [500.]
 [500.]
 [500.]
 [500.]
 [500.]
 [500.]
 [500.]
 [500.]
 [500.]
 [500.]
 [500.]
 [500.]
 [500.]
 [500.]]
Ch: [[0.20054331 0.14699457 0.10723101 1.88000526 1.22238173 0.19746503
  0.90134919 0.47738745 0.91447665 1.57261938 0.86759634]
 [1.53159606 1.83289929 0.15624488 1.80011357 0.91793418 0.18423523
  0.67604441 1.13632284 0.36902594 0.62537431 0.38841364]
 [0.86138639 0.57763795 1.39129949 0.12269331 0.52764923 0.6474719
  0.13639778 0.19314287 0.38343403 0.70488806 0.41524961]
 [0.25757307 0.20098829 1.47730637 0.33306101 0.16924174 0.35328713
  1.38699111 0.33811904 0.53874687 0.48350613 1.30602913]
 [0.13272939 1.72537059 0.2831467  1.15729911 0.99694609 0.20652514
  1.04240775 0.18314377 0.1447108  0.10419426 0.51804771]
 [0.15032837 0.15424013 0.34955262 0.26946184 0.27110146 0.11114121
  1.32752145 0.32323177 0.45202989 0.39126614 0.74890956]
 [1.51483788 0.11386093 0.10886611 1.36158777 0.55660369 1.31539368
  0.29613713 0.59237685 1.23845485 0.23923854 1.68175668]
 [0.30905452 0.14539281 0.12344986 1.18589378 0.22017229 1.85729623
  0.13599665 0.76563405 0.1898509  0.25305274 0.15988141]
 [0.14944994 0.7029909  0.10229332 0.24664687 0.25818962 0.45481505
  1.35125408 0.63045516 0.54248511 0.83599644 0.80710769]
 [0.21382945 1.30093102 0.30070042 0.20933744 1.8767789  0.11435101
  0.11702125 1.07982786 1.81005801 0.74299081 1.50070063]]
Cv: [[0.         0.         0.         0.         0.         0.
  0.         0.         0.         0.        ]
 [0.66584319 0.55281113 0.23903486 0.11859102 0.24380876 0.85826999
  1.05005622 0.52438819 1.30325698 0.13881506]
 [0.38268266 0.84217289 0.28856643 0.57487031 0.47325376 0.27893705
  1.7962594  0.12727596 0.20353354 0.14923703]
 [0.93310196 0.11001015 1.1384769  0.7890012  0.29360893 0.43681109
  0.11669999 1.06692314 0.16864811 0.26014816]
 [0.77087695 1.15492206 0.27579124 0.19147897 0.32904657 0.41216126
  0.5389373  0.58581238 0.30399269 1.04229429]
 [0.84490355 1.82312376 1.65174188 0.4858605  0.31583934 0.90409013
  1.26515075 0.30978742 0.20058904 0.2027028 ]
 [0.37129623 0.12756077 1.21965343 0.1359255  0.24729346 0.27086619
  0.65805071 0.26914765 0.43252336 0.57635731]
 [0.57568647 0.1220271  0.39621637 0.10473438 0.5167015  0.83541415
  1.59965776 0.20640605 0.10403249 0.27224088]
 [0.41582663 0.1241409  0.1708637  0.52051771 0.16211456 0.40003703
  0.1540553  0.30534837 0.71403725 1.18646408]
 [0.11891387 1.22708111 1.22476244 0.13365467 0.38932496 0.64693891
  0.17553342 1.24985999 0.19419557 0.16787489]]
Rh: [[ 3.86540538  0.67434146  0.84260609 16.1256803   1.27269527 14.01846423
  13.35894191 13.15211505  0.71015527  2.43810862  3.80418741]
 [ 2.5583569   7.19084421  1.25033403  0.79644604  1.52307495  5.19048284
  10.94691231  1.81362472  2.32795431  4.05391786 11.07062053]
 [ 4.0826285   0.87391585  2.80319504  2.27473845  0.55209444 10.67805586
   1.56980782  1.43727299 11.73950328  0.56298326 12.83001134]
 [16.14620598  8.54064018  5.42268299 17.37640778  5.66619908  0.68765053
   0.66093826  6.68339816  6.72075583  8.22536228 11.35944291]
 [ 8.96725831  0.85047392  7.1746469   4.96964251  0.607415    4.56972138
   1.23758272  8.95147659 11.15776464  1.21338986  2.28748105]
 [ 2.13168578  8.43407009  1.37100724  1.04260371  3.70372184 11.90492113
   4.41317991  7.8442011  11.99961533  1.70621568  7.50430855]
 [ 3.72881234  2.45591726 15.99150889  8.09730127  6.72862087  4.07950224
   1.46115425  1.31212579  9.3575683  18.38135407  2.2698549 ]
 [ 2.66072701 12.71508392  0.59032741  5.82870395  0.83486131  1.91921799
   1.14282447 12.31954734  0.54942141  6.48245557  9.11805918]
 [ 0.55144018 17.69959856  6.88433715  5.51587525  8.26816607  5.69706202
   5.65235971  6.66973491  2.15483552  0.54355217  5.96196024]
 [ 3.54089441  0.84014611  6.56564031  0.64801332  4.85307787  0.81074544
   1.5285025   9.73531392  1.62876078  6.40725658  4.4915771 ]]
Rv: [[ 1.87095723  1.16831458  5.46726386  0.58206514  5.33300651  2.34270977
   3.6155267   4.63743909  2.18367627 13.92703322]
 [ 1.58510258  3.02916953  2.93566981  0.515622    1.05590634 16.01051405
   0.80949047 16.48766615 11.83388062  0.53127528]
 [17.30384026  7.85789034  0.72411622  2.26036162  9.92002913  8.17363078
   2.21876369  2.64104997  3.10253908  1.00488503]
 [ 1.39689002 10.83440185  0.9552671   0.52328684  2.90308514  0.73125588
   1.95796466  1.23073031 12.1004656   1.92914931]
 [15.05811379  3.01123043 14.65769358  5.36719361  5.66188845  9.96878699
   0.54658638  1.27541574  0.56981948  7.13054268]
 [ 9.09796416 18.26797936  4.26960814  8.3603511   1.23028338  0.58467247
  12.14558483  2.97592756  1.368204    1.83167687]
 [ 2.35824537  7.73954271 12.5745023   1.7166485   1.17083791  1.28981515
   1.07774438  1.31626073  1.43118242 13.55413368]
 [ 0.99975592  4.05462006 16.57613952  4.18891601  7.26091215  2.17905384
   1.6654541   6.86897906  0.62192678  0.94042497]
 [ 0.9736552   4.16558185  0.88706931 13.15562628  2.41988276  9.41914798
   1.11204879  0.58092417  5.19442618  0.6915223 ]]