-------Running parameters--------
T = 0.001
temperature_gradient = 0.0
gap = 0.0
M = 10
N = 10
VR = 0.0
Vmin = 0.0
Vmax = 3.0
vStep = 0.001
vSym = True
repeats = 50
fileName = array_10_10_disorder_c_std_0.9_r_std_9.5_cg_5_run_7
dist = exp
fullOutput = True
use_graph = False
current_map = True
plot_current_map = False
plot_binary_current_map = False
frame_norm = False
dbg = False
resume = False
sc = False
leaping = False
constQ = False
modifyR = False
double_time = False
double_loop = False
output_folder = bgu_2d_arrays_different_cg
params_path = 
VG_avg = 0.0
VG_std = 0.0
C_avg = 1.0
C_std = 0.9
CG_avg = 5.0
CG_std = 0.0
R_avg = 10.0
R_std = 9.5
custom_rh = ""
custom_rv = ""
custom_ch = ""
custom_cv = ""
RG_avg = 500.0
RG_std = 0.0
n0_avg = 0.0
n0_std = 0.0
Q0_avg = 0.0
Q0_std = 0.0
----Array Parameters-----
Rows: 10
Columns: 10
VG: [[0.]
 [0.]
 [0.]
 [0.]
 [0.]
 [0.]
 [0.]
 [0.]
 [0.]
 [0.]
 [0.]
 [0.]
 [0.]
 [0.]
 [0.]
 [0.]
 [0.]
 [0.]
 [0.]
 [0.]
 [0.]
 [0.]
 [0.]
 [0.]
 [0.]
 [0.]
 [0.]
 [0.]
 [0.]
 [0.]
 [0.]
 [0.]
 [0.]
 [0.]
 [0.]
 [0.]
 [0.]
 [0.]
 [0.]
 [0.]
 [0.]
 [0.]
 [0.]
 [0.]
 [0.]
 [0.]
 [0.]
 [0.]
 [0.]
 [0.]
 [0.]
 [0.]
 [0.]
 [0.]
 [0.]
 [0.]
 [0.]
 [0.]
 [0.]
 [0.]
 [0.]
 [0.]
 [0.]
 [0.]
 [0.]
 [0.]
 [0.]
 [0.]
 [0.]
 [0.]
 [0.]
 [0.]
 [0.]
 [0.]
 [0.]
 [0.]
 [0.]
 [0.]
 [0.]
 [0.]
 [0.]
 [0.]
 [0.]
 [0.]
 [0.]
 [0.]
 [0.]
 [0.]
 [0.]
 [0.]
 [0.]
 [0.]
 [0.]
 [0.]
 [0.]
 [0.]
 [0.]
 [0.]
 [0.]
 [0.]]
CG: [[5.]
 [5.]
 [5.]
 [5.]
 [5.]
 [5.]
 [5.]
 [5.]
 [5.]
 [5.]
 [5.]
 [5.]
 [5.]
 [5.]
 [5.]
 [5.]
 [5.]
 [5.]
 [5.]
 [5.]
 [5.]
 [5.]
 [5.]
 [5.]
 [5.]
 [5.]
 [5.]
 [5.]
 [5.]
 [5.]
 [5.]
 [5.]
 [5.]
 [5.]
 [5.]
 [5.]
 [5.]
 [5.]
 [5.]
 [5.]
 [5.]
 [5.]
 [5.]
 [5.]
 [5.]
 [5.]
 [5.]
 [5.]
 [5.]
 [5.]
 [5.]
 [5.]
 [5.]
 [5.]
 [5.]
 [5.]
 [5.]
 [5.]
 [5.]
 [5.]
 [5.]
 [5.]
 [5.]
 [5.]
 [5.]
 [5.]
 [5.]
 [5.]
 [5.]
 [5.]
 [5.]
 [5.]
 [5.]
 [5.]
 [5.]
 [5.]
 [5.]
 [5.]
 [5.]
 [5.]
 [5.]
 [5.]
 [5.]
 [5.]
 [5.]
 [5.]
 [5.]
 [5.]
 [5.]
 [5.]
 [5.]
 [5.]
 [5.]
 [5.]
 [5.]
 [5.]
 [5.]
 [5.]
 [5.]
 [5.]]
RG: [[500.]
 [500.]
 [500.]
 [500.]
 [500.]
 [500.]
 [500.]
 [500.]
 [500.]
 [500.]
 [500.]
 [500.]
 [500.]
 [500.]
 [500.]
 [500.]
 [500.]
 [500.]
 [500.]
 [500.]
 [500.]
 [500.]
 [500.]
 [500.]
 [500.]
 [500.]
 [500.]
 [500.]
 [500.]
 [500.]
 [500.]
 [500.]
 [500.]
 [500.]
 [500.]
 [500.]
 [500.]
 [500.]
 [500.]
 [500.]
 [500.]
 [500.]
 [500.]
 [500.]
 [500.]
 [500.]
 [500.]
 [500.]
 [500.]
 [500.]
 [500.]
 [500.]
 [500.]
 [500.]
 [500.]
 [500.]
 [500.]
 [500.]
 [500.]
 [500.]
 [500.]
 [500.]
 [500.]
 [500.]
 [500.]
 [500.]
 [500.]
 [500.]
 [500.]
 [500.]
 [500.]
 [500.]
 [500.]
 [500.]
 [500.]
 [500.]
 [500.]
 [500.]
 [500.]
 [500.]
 [500.]
 [500.]
 [500.]
 [500.]
 [500.]
 [500.]
 [500.]
 [500.]
 [500.]
 [500.]
 [500.]
 [500.]
 [500.]
 [500.]
 [500.]
 [500.]
 [500.]
 [500.]
 [500.]
 [500.]]
Ch: [[0.14499465 1.51642212 0.10764994 1.85801583 0.29297781 0.71583695
  0.36339694 0.55078587 0.32857639 0.90703705 0.11476056]
 [0.64355528 0.20177989 0.13882186 0.17137211 0.20605216 1.08634979
  0.48038726 0.17984377 0.25686995 0.81607244 0.14600488]
 [0.57026325 0.59360407 0.25928916 0.26845321 0.92476251 1.20109042
  0.11225797 0.17816737 0.4579192  0.82921219 0.25312234]
 [0.83247982 0.73073175 0.30889653 0.21607936 0.8638109  0.16522771
  0.13599987 0.11166587 0.27996431 0.16334446 0.40194569]
 [1.76735942 0.30632005 0.91674079 0.17743952 0.47765567 0.12501411
  0.95676929 0.10955336 0.51360738 0.20104183 0.31794831]
 [0.52352778 0.33410748 0.38460708 0.66797194 0.18693106 0.22084819
  0.15881927 0.16820798 0.41796266 1.08709496 0.15343897]
 [0.71775096 0.1010275  0.13227404 0.41540342 0.18768364 0.26519948
  0.30224114 0.17584036 0.25378797 0.14585835 0.46727401]
 [0.29204334 0.19378688 0.57727312 0.77874709 0.10587795 0.14836378
  0.24253981 0.19059942 1.00827187 0.20013678 1.55012929]
 [0.14222772 0.14758945 0.6155636  0.12205962 0.19247722 1.43444318
  0.15476484 1.67270846 0.16946063 0.43017834 0.28094391]
 [0.21940779 0.69325086 1.0675801  0.25230045 0.1018754  0.22431368
  0.19901073 0.26526745 1.671778   1.59215557 0.57157333]]
Cv: [[0.         0.         0.         0.         0.         0.
  0.         0.         0.         0.        ]
 [0.14502638 1.48534969 0.37557772 0.10215157 0.88469413 0.65974192
  1.47181213 0.25011313 0.20645513 1.46171049]
 [0.34145658 0.26918617 0.6984495  0.14402428 0.14189198 0.12081031
  1.06578295 0.68998829 1.88647034 0.16385554]
 [0.12376081 0.21073333 0.17452543 1.63301977 0.76727527 0.23274029
  0.31322702 0.21991874 1.08700902 0.27101004]
 [0.24411169 1.5521599  0.70771871 1.27069962 0.61212814 1.30017473
  0.53248935 0.10853062 0.34474508 1.55142618]
 [1.32125097 1.75995516 0.32021242 0.80186848 0.36843651 0.76786033
  0.21763418 0.16729208 0.35178916 0.34431294]
 [0.11970555 0.61537428 1.11577863 1.13413792 1.35094603 1.82009638
  0.2210686  0.23513615 0.30185955 0.10284876]
 [0.33904781 1.72602271 1.16762392 0.28335374 0.17750031 1.24986482
  0.22412275 0.31429019 0.2366435  1.39755584]
 [0.9433214  0.61102176 0.87188252 0.19694328 0.17912409 0.97542078
  1.04105741 1.48911727 0.12189918 0.73651411]
 [0.15795738 0.22065474 0.22980946 0.14472933 0.3327512  0.39711498
  0.17452746 0.32349534 1.78592701 0.45077023]]
Rh: [[ 2.87109418  0.57865163 16.51307118 11.24092357  0.8773052  14.82757888
   1.00368654  8.53609089  0.85977369 16.48307716  3.58286632]
 [ 2.60371998  1.11637999  6.44843572 14.36999943  0.64532136  1.51460827
   4.16883215  1.06390291  8.64089823  1.85990811  0.86020057]
 [ 0.70723275  2.37661405  0.56779175  2.32793848  4.82737466  1.73912608
   2.17454121  9.9292951   0.66825285 12.57910615  2.09558575]
 [ 3.68289344  1.154495    0.91526964  1.91314244  3.21243034 15.83925118
   3.4638988   7.02711007  1.79158183  0.88899388  1.03880993]
 [ 1.59342079  8.3324554   0.99900406  4.59083161  0.68771568  0.83418744
   1.84792732 11.52441396  5.78229889  0.58302477 13.26572485]
 [ 8.83091023  4.86987875  4.56327435  1.20598048  1.38749132  1.8289686
   2.13814916  8.05474635  0.63609905  5.98750916  3.95986488]
 [ 2.53576831  9.54677152  2.17434684  1.10963999 10.42497617  1.33069296
   2.90233629 10.19148674  3.23264295  9.92334152  3.6518522 ]
 [ 2.88225597  0.85884907  0.66381309 16.22256662  5.60113938  0.60806542
  15.20279682  2.03681177  7.31542372  7.46462648  3.18421052]
 [ 0.99083487  7.38847171  2.3944662   0.79920095  5.01748459 12.26159121
   1.87434271 16.16070274  1.95929295  1.85038841 17.7235359 ]
 [ 9.69481403  0.65106272  1.44058834 16.90167544 13.55003645  0.78119193
   5.07739635  3.77707759 12.30796886  4.09540578  5.94945834]]
Rv: [[ 0.85949123  6.31586308 12.70034929  1.5757115   4.95651269 14.7810019
   3.8526811   8.4146875   4.80324067  0.80784614]
 [12.36327914  6.62236125  1.7280004   3.76781235 11.92364526  0.85219499
   1.15245525 13.86133482 11.09302137  1.06959027]
 [ 1.7751482  16.29632485  0.56793968  1.83292293  0.95114008  9.00032778
   1.28293613  1.12079509  2.88194943  0.55090659]
 [ 0.78568872  2.96868882  8.6015736   1.8687122   0.6053616   0.67521306
   0.63046199 14.38362317  0.60530346  1.19952478]
 [ 6.77304179  7.17845261  6.91142714  2.20126789  8.26281689  3.15931692
   1.2848886   1.14799396  2.9514859  18.90320884]
 [ 5.80929873  0.77026987 11.45869498  2.03066008 16.63092522  0.59942436
   5.26381183  8.72972602  5.16744451  2.65309671]
 [ 1.19016661  0.59673901  2.17632772  3.61440763 13.49702768  5.30491555
   2.5448471   0.61379602  1.35935867 15.2784293 ]
 [ 0.65452495 15.97991995  0.8802001   0.60851344  0.51403961  4.69135024
   8.53202381 11.98604661 10.55126765  2.13531431]
 [17.49369838 16.82795426  0.60455677  0.53765205  4.91815336  1.89844177
   7.6805603   1.87004905  1.1601616   0.60556212]]