-------Running parameters--------
T = 0.001
temperature_gradient = 0.0
gap = 0.0
M = 10
N = 10
VR = 0.0
Vmin = 0.0
Vmax = 3.0
vStep = 0.001
vSym = True
repeats = 50
fileName = array_10_10_disorder_c_std_0.9_r_std_9.5_cg_5_run_4
dist = exp
fullOutput = True
use_graph = False
current_map = True
plot_current_map = False
plot_binary_current_map = False
frame_norm = False
dbg = False
resume = False
sc = False
leaping = False
constQ = False
modifyR = False
double_time = False
double_loop = False
output_folder = bgu_2d_arrays_different_cg
params_path = 
VG_avg = 0.0
VG_std = 0.0
C_avg = 1.0
C_std = 0.9
CG_avg = 5.0
CG_std = 0.0
R_avg = 10.0
R_std = 9.5
custom_rh = ""
custom_rv = ""
custom_ch = ""
custom_cv = ""
RG_avg = 500.0
RG_std = 0.0
n0_avg = 0.0
n0_std = 0.0
Q0_avg = 0.0
Q0_std = 0.0
----Array Parameters-----
Rows: 10
Columns: 10
VG: [[0.]
 [0.]
 [0.]
 [0.]
 [0.]
 [0.]
 [0.]
 [0.]
 [0.]
 [0.]
 [0.]
 [0.]
 [0.]
 [0.]
 [0.]
 [0.]
 [0.]
 [0.]
 [0.]
 [0.]
 [0.]
 [0.]
 [0.]
 [0.]
 [0.]
 [0.]
 [0.]
 [0.]
 [0.]
 [0.]
 [0.]
 [0.]
 [0.]
 [0.]
 [0.]
 [0.]
 [0.]
 [0.]
 [0.]
 [0.]
 [0.]
 [0.]
 [0.]
 [0.]
 [0.]
 [0.]
 [0.]
 [0.]
 [0.]
 [0.]
 [0.]
 [0.]
 [0.]
 [0.]
 [0.]
 [0.]
 [0.]
 [0.]
 [0.]
 [0.]
 [0.]
 [0.]
 [0.]
 [0.]
 [0.]
 [0.]
 [0.]
 [0.]
 [0.]
 [0.]
 [0.]
 [0.]
 [0.]
 [0.]
 [0.]
 [0.]
 [0.]
 [0.]
 [0.]
 [0.]
 [0.]
 [0.]
 [0.]
 [0.]
 [0.]
 [0.]
 [0.]
 [0.]
 [0.]
 [0.]
 [0.]
 [0.]
 [0.]
 [0.]
 [0.]
 [0.]
 [0.]
 [0.]
 [0.]
 [0.]]
CG: [[5.]
 [5.]
 [5.]
 [5.]
 [5.]
 [5.]
 [5.]
 [5.]
 [5.]
 [5.]
 [5.]
 [5.]
 [5.]
 [5.]
 [5.]
 [5.]
 [5.]
 [5.]
 [5.]
 [5.]
 [5.]
 [5.]
 [5.]
 [5.]
 [5.]
 [5.]
 [5.]
 [5.]
 [5.]
 [5.]
 [5.]
 [5.]
 [5.]
 [5.]
 [5.]
 [5.]
 [5.]
 [5.]
 [5.]
 [5.]
 [5.]
 [5.]
 [5.]
 [5.]
 [5.]
 [5.]
 [5.]
 [5.]
 [5.]
 [5.]
 [5.]
 [5.]
 [5.]
 [5.]
 [5.]
 [5.]
 [5.]
 [5.]
 [5.]
 [5.]
 [5.]
 [5.]
 [5.]
 [5.]
 [5.]
 [5.]
 [5.]
 [5.]
 [5.]
 [5.]
 [5.]
 [5.]
 [5.]
 [5.]
 [5.]
 [5.]
 [5.]
 [5.]
 [5.]
 [5.]
 [5.]
 [5.]
 [5.]
 [5.]
 [5.]
 [5.]
 [5.]
 [5.]
 [5.]
 [5.]
 [5.]
 [5.]
 [5.]
 [5.]
 [5.]
 [5.]
 [5.]
 [5.]
 [5.]
 [5.]]
RG: [[500.]
 [500.]
 [500.]
 [500.]
 [500.]
 [500.]
 [500.]
 [500.]
 [500.]
 [500.]
 [500.]
 [500.]
 [500.]
 [500.]
 [500.]
 [500.]
 [500.]
 [500.]
 [500.]
 [500.]
 [500.]
 [500.]
 [500.]
 [500.]
 [500.]
 [500.]
 [500.]
 [500.]
 [500.]
 [500.]
 [500.]
 [500.]
 [500.]
 [500.]
 [500.]
 [500.]
 [500.]
 [500.]
 [500.]
 [500.]
 [500.]
 [500.]
 [500.]
 [500.]
 [500.]
 [500.]
 [500.]
 [500.]
 [500.]
 [500.]
 [500.]
 [500.]
 [500.]
 [500.]
 [500.]
 [500.]
 [500.]
 [500.]
 [500.]
 [500.]
 [500.]
 [500.]
 [500.]
 [500.]
 [500.]
 [500.]
 [500.]
 [500.]
 [500.]
 [500.]
 [500.]
 [500.]
 [500.]
 [500.]
 [500.]
 [500.]
 [500.]
 [500.]
 [500.]
 [500.]
 [500.]
 [500.]
 [500.]
 [500.]
 [500.]
 [500.]
 [500.]
 [500.]
 [500.]
 [500.]
 [500.]
 [500.]
 [500.]
 [500.]
 [500.]
 [500.]
 [500.]
 [500.]
 [500.]
 [500.]]
Ch: [[0.16546033 0.10998912 0.57461821 0.3568529  0.18038138 1.62416685
  1.18891456 0.11740628 0.18324045 1.84974088 1.49302931]
 [0.87494925 0.29989412 0.19173247 0.5983389  0.10789713 0.47908454
  1.68169807 1.64353013 0.25698636 0.38343203 0.53766677]
 [0.14616914 0.67486823 0.36924454 0.45940356 0.1503103  0.93606927
  0.84335841 0.47743843 0.55791517 0.41241486 0.52487333]
 [0.45456887 1.39141102 0.25029044 0.40448402 0.66239513 1.87200083
  1.52718635 0.85494653 0.11014996 0.16064764 0.52553113]
 [0.34238779 0.15856983 0.22532351 0.30852649 0.86562996 0.14764046
  0.20196631 0.48291508 1.43508371 0.22155191 0.59275396]
 [0.5246169  0.39778722 0.84578801 0.39468714 0.44482944 0.37091567
  0.52953983 1.67030121 0.51677114 0.41159292 0.13657002]
 [1.24927817 0.85972021 0.22339556 0.12949215 1.51971961 0.19360567
  0.88275359 0.66628846 0.14369351 0.13662464 1.15797217]
 [1.20832422 0.16727397 0.86093443 0.28367791 1.82138847 0.12999055
  0.93887648 1.13754046 0.14703202 1.30121411 0.75928823]
 [0.12320029 0.19102205 0.85620556 1.15243378 0.32355545 0.36537399
  0.72807229 1.09416685 0.17420513 0.20845035 0.56284395]
 [0.68414708 1.7207502  0.37901666 0.60525666 1.53909778 1.45973281
  0.10077608 0.13739144 0.68550652 1.86144009 0.47735518]]
Cv: [[0.         0.         0.         0.         0.         0.
  0.         0.         0.         0.        ]
 [0.46166515 1.72366415 0.70019709 0.20873721 0.44294775 0.52251409
  1.19459221 0.19112652 0.26788044 0.22796793]
 [0.20881411 0.55347085 0.15737814 0.10337723 1.10277284 1.14649907
  0.90037361 0.72115911 0.43379722 1.46128184]
 [0.81732291 0.21338414 0.12662449 1.22629307 0.67124087 0.64937777
  0.33967301 0.19730472 1.37167151 1.20899329]
 [0.1332024  0.37198316 1.35588087 0.13739866 1.25098268 0.2407925
  0.10043485 0.17846282 0.33573185 0.20985504]
 [0.11824154 0.1383783  1.01562013 0.20971414 1.02231032 0.79152869
  0.17132427 0.61867475 0.16304194 1.03192814]
 [0.10015872 0.10274258 1.40336295 0.11657468 1.00737506 0.1990987
  0.23289418 1.64457256 1.6617644  0.10125193]
 [0.17603552 0.352778   0.17792098 0.40878645 0.31078792 0.6702252
  0.52201978 0.10004703 0.26364355 0.31048352]
 [0.20972164 1.82420065 0.19832949 0.50152472 1.14181527 0.40993206
  0.85886629 0.37557999 0.20301816 1.26570304]
 [0.51816218 0.36930717 0.18598854 0.45878282 0.69082691 0.17472844
  1.33160985 0.75786072 0.8480106  0.69327725]]
Rh: [[13.04926611  5.87899849  0.82173626  3.24103942  5.03760388  6.27189294
   3.41661484  4.80467208  5.50772122  1.66925998 11.20240251]
 [ 2.77534954  0.60674276  0.62454087  2.92179436  4.85782373  6.58425301
   1.95475842  1.15156712 14.9548922  15.23672501  0.74779366]
 [ 0.84301078  7.82557982  2.84121424 13.57919109 14.05078159  0.80069939
   9.88169253  4.92121267  0.83691115  1.35908052  8.79790476]
 [11.41760725  4.1225352   1.38520643  6.93398948  1.82540063  1.67001403
   1.62351614  9.5605412   0.641526    0.61960354  6.68530987]
 [ 0.6588136  18.00981754  7.27932559 12.57851726  0.91976634  5.38444666
   2.64066522  3.56093492 18.82863293  0.56399141  0.77216396]
 [ 7.64825715  4.6863928   1.01764422  0.8161825   1.50847067  1.03822353
   3.17861842  4.54462192  2.22490015  0.62618499 10.3613811 ]
 [ 5.65421553  4.49898921  0.59390272  0.91315319  1.59347896  1.07317972
  10.10259435  2.03747458  4.12256055  4.49146296  2.93020154]
 [11.29315878  2.50652647  5.11241194  0.51384446  0.55297118 10.4559069
   1.56785249 10.89315586  8.22231314  2.63418898  5.84125882]
 [ 2.89464612  4.48363804 14.10653266  3.45054396  8.678466    2.37798025
   0.69857309  1.22714956  5.93120856  1.88538929  0.95709088]
 [ 9.6939727   0.55516383  1.26330682  0.50420697  2.06499174  9.30097472
   9.93472694  7.5527638   2.26834901  9.05806656  5.43736052]]
Rv: [[ 1.25291536  6.14319388 11.13451633  8.45887348  2.6912134  14.60568359
   2.49488543  1.69700537  0.50027513 11.48378048]
 [ 1.32231851  0.88671619 12.98292743  5.767749   10.46246662 19.09099352
   1.65469995  7.93003414  1.73507937  0.70511808]
 [10.84886808  5.337787    2.04650899  2.31937692  6.64292696 14.30463809
   0.88540776 16.29027119  0.56827097  1.29200089]
 [10.19438241  1.97209124  0.7981468   2.53553613  3.24695068  4.88497764
   3.22794124  8.7408323   6.48849324  4.08777816]
 [ 2.26643167  2.18986569  1.0943343   1.48035507  1.59500653  1.56543165
   1.13492735 13.9227594   9.0823557   1.93824823]
 [ 1.29821744  1.11720808 12.44810865  8.84683392  0.53908315  5.41339665
   3.46669675  0.60086901  0.88040755  3.86129286]
 [ 1.57828172 10.94203496  2.3730077   7.50872084 16.36359734  4.37259725
   4.10123987  0.85256226  3.39869059  2.87194286]
 [ 2.17596954  6.98428103 17.62219827  0.50034129  1.04342259  0.82904403
   0.95469834  0.79695194  0.63781958  1.47138077]
 [ 8.56428191  1.1456101   2.2352961   0.96846516  0.83711001  6.42085736
   2.0771341   2.0428552   9.44854552  6.10314024]]