-------Running parameters--------
T = 0.001
temperature_gradient = 0.0
gap = 0.0
M = 10
N = 10
VR = 0.0
Vmin = 0.0
Vmax = 3.0
vStep = 0.001
vSym = True
repeats = 50
fileName = array_10_10_disorder_c_std_0.9_r_std_9.5_cg_1_run_2
dist = exp
fullOutput = True
use_graph = False
current_map = True
plot_current_map = False
plot_binary_current_map = False
frame_norm = False
dbg = False
resume = False
sc = False
leaping = False
constQ = False
modifyR = False
double_time = False
double_loop = False
output_folder = bgu_2d_arrays_different_cg
params_path = 
VG_avg = 0.0
VG_std = 0.0
C_avg = 1.0
C_std = 0.9
CG_avg = 1.0
CG_std = 0.0
R_avg = 10.0
R_std = 9.5
custom_rh = ""
custom_rv = ""
custom_ch = ""
custom_cv = ""
RG_avg = 500.0
RG_std = 0.0
n0_avg = 0.0
n0_std = 0.0
Q0_avg = 0.0
Q0_std = 0.0
----Array Parameters-----
Rows: 10
Columns: 10
VG: [[0.]
 [0.]
 [0.]
 [0.]
 [0.]
 [0.]
 [0.]
 [0.]
 [0.]
 [0.]
 [0.]
 [0.]
 [0.]
 [0.]
 [0.]
 [0.]
 [0.]
 [0.]
 [0.]
 [0.]
 [0.]
 [0.]
 [0.]
 [0.]
 [0.]
 [0.]
 [0.]
 [0.]
 [0.]
 [0.]
 [0.]
 [0.]
 [0.]
 [0.]
 [0.]
 [0.]
 [0.]
 [0.]
 [0.]
 [0.]
 [0.]
 [0.]
 [0.]
 [0.]
 [0.]
 [0.]
 [0.]
 [0.]
 [0.]
 [0.]
 [0.]
 [0.]
 [0.]
 [0.]
 [0.]
 [0.]
 [0.]
 [0.]
 [0.]
 [0.]
 [0.]
 [0.]
 [0.]
 [0.]
 [0.]
 [0.]
 [0.]
 [0.]
 [0.]
 [0.]
 [0.]
 [0.]
 [0.]
 [0.]
 [0.]
 [0.]
 [0.]
 [0.]
 [0.]
 [0.]
 [0.]
 [0.]
 [0.]
 [0.]
 [0.]
 [0.]
 [0.]
 [0.]
 [0.]
 [0.]
 [0.]
 [0.]
 [0.]
 [0.]
 [0.]
 [0.]
 [0.]
 [0.]
 [0.]
 [0.]]
CG: [[1.]
 [1.]
 [1.]
 [1.]
 [1.]
 [1.]
 [1.]
 [1.]
 [1.]
 [1.]
 [1.]
 [1.]
 [1.]
 [1.]
 [1.]
 [1.]
 [1.]
 [1.]
 [1.]
 [1.]
 [1.]
 [1.]
 [1.]
 [1.]
 [1.]
 [1.]
 [1.]
 [1.]
 [1.]
 [1.]
 [1.]
 [1.]
 [1.]
 [1.]
 [1.]
 [1.]
 [1.]
 [1.]
 [1.]
 [1.]
 [1.]
 [1.]
 [1.]
 [1.]
 [1.]
 [1.]
 [1.]
 [1.]
 [1.]
 [1.]
 [1.]
 [1.]
 [1.]
 [1.]
 [1.]
 [1.]
 [1.]
 [1.]
 [1.]
 [1.]
 [1.]
 [1.]
 [1.]
 [1.]
 [1.]
 [1.]
 [1.]
 [1.]
 [1.]
 [1.]
 [1.]
 [1.]
 [1.]
 [1.]
 [1.]
 [1.]
 [1.]
 [1.]
 [1.]
 [1.]
 [1.]
 [1.]
 [1.]
 [1.]
 [1.]
 [1.]
 [1.]
 [1.]
 [1.]
 [1.]
 [1.]
 [1.]
 [1.]
 [1.]
 [1.]
 [1.]
 [1.]
 [1.]
 [1.]
 [1.]]
RG: [[500.]
 [500.]
 [500.]
 [500.]
 [500.]
 [500.]
 [500.]
 [500.]
 [500.]
 [500.]
 [500.]
 [500.]
 [500.]
 [500.]
 [500.]
 [500.]
 [500.]
 [500.]
 [500.]
 [500.]
 [500.]
 [500.]
 [500.]
 [500.]
 [500.]
 [500.]
 [500.]
 [500.]
 [500.]
 [500.]
 [500.]
 [500.]
 [500.]
 [500.]
 [500.]
 [500.]
 [500.]
 [500.]
 [500.]
 [500.]
 [500.]
 [500.]
 [500.]
 [500.]
 [500.]
 [500.]
 [500.]
 [500.]
 [500.]
 [500.]
 [500.]
 [500.]
 [500.]
 [500.]
 [500.]
 [500.]
 [500.]
 [500.]
 [500.]
 [500.]
 [500.]
 [500.]
 [500.]
 [500.]
 [500.]
 [500.]
 [500.]
 [500.]
 [500.]
 [500.]
 [500.]
 [500.]
 [500.]
 [500.]
 [500.]
 [500.]
 [500.]
 [500.]
 [500.]
 [500.]
 [500.]
 [500.]
 [500.]
 [500.]
 [500.]
 [500.]
 [500.]
 [500.]
 [500.]
 [500.]
 [500.]
 [500.]
 [500.]
 [500.]
 [500.]
 [500.]
 [500.]
 [500.]
 [500.]
 [500.]]
Ch: [[0.87836108 0.12359087 0.92774513 0.19946147 0.28635108 1.12260954
  0.7957681  0.58470347 0.20241284 0.43243382 0.10204883]
 [1.86507542 0.12921062 0.54417808 0.12762682 0.3252898  0.27484067
  0.29286334 0.23317891 0.96168667 0.70065852 1.1893781 ]
 [0.55488199 0.33317291 1.25817198 1.01646921 0.22215315 1.20040073
  0.28833207 1.06632354 0.66199886 0.11122649 0.48741946]
 [0.11939932 0.99499962 0.47547629 0.39629008 1.33939449 1.4843912
  0.16760904 0.12417272 0.23009433 0.19141789 1.65995753]
 [0.52300377 0.62573401 1.38421872 0.3252764  0.63056619 1.29006504
  0.38071453 0.50936653 0.22081516 0.86055808 0.15731324]
 [0.34757202 1.22308902 0.56794161 1.1854214  0.34223296 0.24684366
  1.07315981 1.29956675 0.36402907 0.51051261 1.35359027]
 [0.22853756 0.15301917 0.31050717 0.9754684  0.49172767 0.19790576
  0.84082465 0.40067664 1.00842633 0.1380978  1.37410711]
 [0.335936   0.5778709  0.19202743 0.13502091 0.12465509 0.43921323
  0.3349157  0.30594874 1.03316394 0.30102913 0.36277008]
 [1.74014676 0.17105546 0.31996857 1.67812184 0.63708431 1.27450876
  0.14788108 0.75555662 0.85890974 1.60412652 0.10755245]
 [0.37204674 1.73802777 0.34618185 1.1262578  0.73943783 0.2558317
  0.36785031 0.19299767 0.10190712 0.15525957 1.46457926]]
Cv: [[0.         0.         0.         0.         0.         0.
  0.         0.         0.         0.        ]
 [1.67490183 0.15828987 1.42345327 0.13773368 0.65787855 0.25414056
  0.38474348 0.52119287 0.33828058 0.10718082]
 [0.93288938 0.10292255 1.31859217 1.55161915 1.20579943 0.10927092
  0.18143477 0.31879493 0.16313001 0.90232264]
 [0.11439989 1.22651503 1.3069013  0.85308408 1.36906245 0.97052649
  1.05498078 1.26958962 0.7661002  1.6068947 ]
 [0.27821441 0.54679646 0.35712446 0.45290106 1.61264705 0.27353448
  0.16046159 0.28008852 0.20566851 1.44614749]
 [0.5678214  0.85413991 0.49571192 1.21290691 0.17788753 0.25148562
  0.41582331 0.23311372 0.27432663 0.18135078]
 [0.17067035 1.2168337  0.12267559 0.31675005 1.49026348 0.18616142
  0.60664385 0.1781616  0.173649   0.98581684]
 [0.90301324 1.53975276 0.50548731 0.14985172 0.65422479 1.08828554
  0.31916731 0.14796118 0.26901594 0.14340575]
 [0.70570213 0.8567428  0.2403567  0.37079347 0.34025702 0.38493372
  1.33010595 1.16310081 1.65373046 1.6277735 ]
 [0.16656288 0.25378756 1.12470291 0.89490659 0.13124557 0.81368058
  0.14963891 0.88893458 0.24619437 1.44725096]]
Rh: [[ 0.90339234  0.74671044  2.09876221  8.08897848 12.0694196   2.22315323
   3.95820352  4.58705239  1.03063482  3.33816843 10.10045088]
 [11.49797522  4.50491891  1.00896753 13.89273641  1.2148967   0.55361665
  16.50157714 14.45397482  9.88043481  6.69392662  1.03080262]
 [ 1.08528345  3.04604486 10.77970412  7.47745115  2.46684177 12.22776881
   8.38063752  1.82144599 16.06037062  1.26303452  4.25372678]
 [ 4.19283429  7.48822009  2.03798829  3.85791163  0.92115494  1.56461925
   1.58236122 15.96629702  4.54233334  2.39042792 11.46862668]
 [ 1.67765473  6.80607249  7.34412994  2.29981959  2.5016204  19.34040139
   1.05321153  5.41111551  1.36946469  0.58534364  1.72980265]
 [ 2.36949648  3.84918124  0.70112379  0.56079225  1.03723107  4.10875089
   7.52733713  2.11133652  1.30463495  1.32867305  0.88925989]
 [ 1.42199635  3.90321155  2.64244474  8.20403934  2.58504447  6.5506833
  15.69919416  1.02120274  7.12413203 18.489081    1.34226152]
 [16.75104318 16.22187517 14.31940034  1.77915889  1.37806625  2.23523374
   0.9741606   1.97297137  5.37862386  0.55182784  2.1792609 ]
 [ 0.53643476  1.08991524  0.73283398  1.68669379  0.83284242  0.82654713
   2.03103945  1.64353392 10.19227788  5.91133297  4.90575931]
 [ 1.29198343  0.69558815 13.41715592  0.6360514  17.58518378  0.55891233
   1.01889314  2.67352063  3.01852107  0.8095154   2.44368683]]
Rv: [[ 0.94123815  1.13851436  0.51106268  9.73769343  8.8376863  14.68557309
  10.33800739  1.75745814  0.54975098  9.04114141]
 [ 6.40254687  9.34954977  1.81507342  1.98892404  0.56008399  0.69779997
  11.68238646  0.87804834  9.62356742 15.9851339 ]
 [ 1.84947378  0.58326903  0.52301926  2.04353313  7.58522741  7.20169599
   3.39011705 11.49993105  0.77234569  1.34008391]
 [15.38884947  1.2082373   0.53351055  1.14234194 16.19178963  5.76693415
   4.88789613  1.52503334  7.89728005  6.55541453]
 [ 5.53237299 12.87275232  1.9046082   4.3975545  12.24184237  1.23791584
   5.87919586  3.09268954  0.51000125  0.58939631]
 [ 2.10282129 14.6908339   1.01687058  2.9183751   2.72981754  1.02523001
   1.60663982  3.22610633  6.21110035  1.09212527]
 [12.53117732  7.8394631  12.55347511 14.24264884  6.48096648  1.784259
   1.26401024  8.96263717  3.12030814 10.56398358]
 [ 3.02422487  2.71740657 18.2847451   0.82937174 10.35792195  0.92412509
   9.16204352  2.13036653  3.68301721  0.58620372]
 [ 0.58288247  0.85594787  1.41028036  8.00805278  1.22056621  1.65514871
   5.80203044  0.86263728 11.26502538 10.86897565]]