-------Running parameters--------
T = 0.001
temperature_gradient = 0.0
gap = 0.0
M = 10
N = 10
VR = 0.0
Vmin = 0.0
Vmax = 3.0
vStep = 0.001
vSym = True
repeats = 50
fileName = array_10_10_disorder_c_std_0.9_r_std_9.5_cg_2_run_3
dist = exp
fullOutput = True
use_graph = False
current_map = True
plot_current_map = False
plot_binary_current_map = False
frame_norm = False
dbg = False
resume = False
sc = False
leaping = False
constQ = False
modifyR = False
double_time = False
double_loop = False
output_folder = bgu_2d_arrays_different_cg
params_path = 
VG_avg = 0.0
VG_std = 0.0
C_avg = 1.0
C_std = 0.9
CG_avg = 2.0
CG_std = 0.0
R_avg = 10.0
R_std = 9.5
custom_rh = ""
custom_rv = ""
custom_ch = ""
custom_cv = ""
RG_avg = 500.0
RG_std = 0.0
n0_avg = 0.0
n0_std = 0.0
Q0_avg = 0.0
Q0_std = 0.0
----Array Parameters-----
Rows: 10
Columns: 10
VG: [[0.]
 [0.]
 [0.]
 [0.]
 [0.]
 [0.]
 [0.]
 [0.]
 [0.]
 [0.]
 [0.]
 [0.]
 [0.]
 [0.]
 [0.]
 [0.]
 [0.]
 [0.]
 [0.]
 [0.]
 [0.]
 [0.]
 [0.]
 [0.]
 [0.]
 [0.]
 [0.]
 [0.]
 [0.]
 [0.]
 [0.]
 [0.]
 [0.]
 [0.]
 [0.]
 [0.]
 [0.]
 [0.]
 [0.]
 [0.]
 [0.]
 [0.]
 [0.]
 [0.]
 [0.]
 [0.]
 [0.]
 [0.]
 [0.]
 [0.]
 [0.]
 [0.]
 [0.]
 [0.]
 [0.]
 [0.]
 [0.]
 [0.]
 [0.]
 [0.]
 [0.]
 [0.]
 [0.]
 [0.]
 [0.]
 [0.]
 [0.]
 [0.]
 [0.]
 [0.]
 [0.]
 [0.]
 [0.]
 [0.]
 [0.]
 [0.]
 [0.]
 [0.]
 [0.]
 [0.]
 [0.]
 [0.]
 [0.]
 [0.]
 [0.]
 [0.]
 [0.]
 [0.]
 [0.]
 [0.]
 [0.]
 [0.]
 [0.]
 [0.]
 [0.]
 [0.]
 [0.]
 [0.]
 [0.]
 [0.]]
CG: [[2.]
 [2.]
 [2.]
 [2.]
 [2.]
 [2.]
 [2.]
 [2.]
 [2.]
 [2.]
 [2.]
 [2.]
 [2.]
 [2.]
 [2.]
 [2.]
 [2.]
 [2.]
 [2.]
 [2.]
 [2.]
 [2.]
 [2.]
 [2.]
 [2.]
 [2.]
 [2.]
 [2.]
 [2.]
 [2.]
 [2.]
 [2.]
 [2.]
 [2.]
 [2.]
 [2.]
 [2.]
 [2.]
 [2.]
 [2.]
 [2.]
 [2.]
 [2.]
 [2.]
 [2.]
 [2.]
 [2.]
 [2.]
 [2.]
 [2.]
 [2.]
 [2.]
 [2.]
 [2.]
 [2.]
 [2.]
 [2.]
 [2.]
 [2.]
 [2.]
 [2.]
 [2.]
 [2.]
 [2.]
 [2.]
 [2.]
 [2.]
 [2.]
 [2.]
 [2.]
 [2.]
 [2.]
 [2.]
 [2.]
 [2.]
 [2.]
 [2.]
 [2.]
 [2.]
 [2.]
 [2.]
 [2.]
 [2.]
 [2.]
 [2.]
 [2.]
 [2.]
 [2.]
 [2.]
 [2.]
 [2.]
 [2.]
 [2.]
 [2.]
 [2.]
 [2.]
 [2.]
 [2.]
 [2.]
 [2.]]
RG: [[500.]
 [500.]
 [500.]
 [500.]
 [500.]
 [500.]
 [500.]
 [500.]
 [500.]
 [500.]
 [500.]
 [500.]
 [500.]
 [500.]
 [500.]
 [500.]
 [500.]
 [500.]
 [500.]
 [500.]
 [500.]
 [500.]
 [500.]
 [500.]
 [500.]
 [500.]
 [500.]
 [500.]
 [500.]
 [500.]
 [500.]
 [500.]
 [500.]
 [500.]
 [500.]
 [500.]
 [500.]
 [500.]
 [500.]
 [500.]
 [500.]
 [500.]
 [500.]
 [500.]
 [500.]
 [500.]
 [500.]
 [500.]
 [500.]
 [500.]
 [500.]
 [500.]
 [500.]
 [500.]
 [500.]
 [500.]
 [500.]
 [500.]
 [500.]
 [500.]
 [500.]
 [500.]
 [500.]
 [500.]
 [500.]
 [500.]
 [500.]
 [500.]
 [500.]
 [500.]
 [500.]
 [500.]
 [500.]
 [500.]
 [500.]
 [500.]
 [500.]
 [500.]
 [500.]
 [500.]
 [500.]
 [500.]
 [500.]
 [500.]
 [500.]
 [500.]
 [500.]
 [500.]
 [500.]
 [500.]
 [500.]
 [500.]
 [500.]
 [500.]
 [500.]
 [500.]
 [500.]
 [500.]
 [500.]
 [500.]]
Ch: [[1.03215662 0.15165018 1.6120577  0.20948866 0.27395239 0.5348944
  0.6449925  1.25101559 0.19728249 0.71367191 0.7804096 ]
 [0.28722261 1.08005803 0.24824197 0.68905918 1.36156075 0.10327654
  0.55592288 1.51634109 1.61032835 0.18487559 0.16690792]
 [1.01233672 1.39143336 0.48764719 0.5938654  1.38747257 1.68794547
  0.14323599 0.16104945 0.51479526 0.41673417 0.7046754 ]
 [1.64439381 0.69354725 0.10835801 1.19911153 0.18260037 0.1857185
  0.47808894 1.72988783 0.10862752 0.19753884 0.45372072]
 [0.36418404 0.29532351 0.52988704 0.21139863 1.5775271  0.53107867
  0.16229048 0.1086603  1.74327238 0.12218866 0.36435922]
 [0.24676439 0.56315129 0.29325165 0.16183257 0.84280918 0.82867122
  0.39797781 0.39864269 0.11787225 0.50479829 1.13954959]
 [1.8137087  0.41796623 0.42164143 0.19648398 0.43834142 0.32209924
  0.48659854 0.1869309  0.3938096  0.32180499 0.16312871]
 [0.45067759 1.1078168  0.62490111 0.65957386 0.33401964 0.1396013
  1.21237071 0.56732878 0.31899176 0.40145162 0.58860898]
 [1.66560351 0.22652677 0.56716336 0.16950025 0.25220082 0.11179813
  0.14619968 0.51538165 1.28423213 0.22876068 0.33790415]
 [0.16258104 0.78918445 1.0061833  0.32037735 0.17289318 0.22031012
  1.20751307 0.18008849 0.1247062  0.1592589  0.20006876]]
Cv: [[0.         0.         0.         0.         0.         0.
  0.         0.         0.         0.        ]
 [0.33443273 0.87104194 0.60153648 0.40444652 1.12781487 0.35194697
  1.53505924 0.46762194 0.21038994 1.6266275 ]
 [0.51012155 0.11891597 0.16665123 0.35091937 0.10195489 0.19384226
  0.2096879  0.1244773  0.22187625 0.15977539]
 [1.35743835 0.23997297 1.09333391 1.52802927 0.38101646 1.19213173
  0.31929812 1.21864737 0.5912895  1.63070856]
 [0.10864471 0.12387065 0.25833125 0.11631525 0.74583431 1.13562336
  0.3983896  0.66837724 1.21794785 0.23623684]
 [0.17976425 0.89825992 0.11264701 0.12490415 0.30713346 0.26609349
  1.02073561 0.83327286 0.26288033 0.59727507]
 [0.29771464 0.48604412 0.6673466  0.56090937 0.75555327 0.16496768
  1.28787541 0.58492599 1.29331228 0.97481245]
 [0.12012616 0.81632444 0.10234357 0.16602885 0.39734192 0.22831908
  0.46095553 1.4878814  0.28352603 0.57561518]
 [0.14507993 1.57488445 1.38612408 0.39950176 0.61114453 0.15518891
  0.46692074 0.14203204 0.14159957 0.19482938]
 [0.27713087 0.46250525 0.33327503 0.82088611 0.33061323 0.36651113
  0.68821559 0.15661165 0.1596515  0.33998794]]
Rh: [[ 1.18049815  7.0155549   1.42286698 18.45863982 10.63696035  1.13382975
   0.53243577 17.26012131  5.20670326  8.06406952  0.71786683]
 [ 3.03296692  0.60029904  4.46173681  1.10850843  2.16728452 15.82367591
   3.80798318  8.12649199  0.51310452  3.20459622  6.20958327]
 [ 1.47602294  2.13461614  7.06448572  2.38041716  6.39891359  1.62103726
   1.40112641  4.749801    5.93240511  8.03912471  1.14993192]
 [ 6.44000168  9.98136435  1.44514565  1.6024995   2.68789412  1.65523754
   1.28501115 14.08194914  8.00662402  3.604793    6.85122824]
 [ 0.65531837  2.90960816 18.64294778  0.77098909  3.06748822  3.48679043
  15.04516286  0.57250503  3.57758156 11.00486028  9.46362594]
 [ 3.62135172  3.74206916  2.74186278  7.16890059 10.102325    1.4828091
   0.95744337  0.75886898  1.72183647  0.9985771  11.67012341]
 [ 0.50636136  0.83018456  4.55583763 10.97948181  1.05960653  3.30790739
   2.71363261  0.50477345  1.69359908  4.48446524  1.26405306]
 [ 1.83856904  2.82532045 10.98637603  1.69542392  4.32713218  2.1321431
   4.22678853  3.56676914 16.7372498   5.95098539  9.60314289]
 [ 0.59533191  0.79034869 11.90128535 16.2308289   6.01433719  9.87656871
   3.17894038 12.3179349   9.97339555  1.27692093  3.09752505]
 [ 0.61729539  7.27942427 13.01115608  1.91410218  2.34488821  3.85121221
   1.88224608  2.17219987  0.67465051  0.63713348  3.96917731]]
Rv: [[ 1.04956913  5.16591782 18.33643691 17.73213167  1.32875059  1.58903719
   6.04324414 16.35109989  5.5519844  12.99301874]
 [ 3.66308596  0.82857469  1.01444126 13.71498429  1.01839122  0.94125248
   2.26396149 19.46059499  5.77616652  9.99810863]
 [13.24194397  0.98486177  0.90563582  5.90886205 13.33594976  0.51466572
   7.73267085  8.81158755 14.91604341  7.51060948]
 [ 0.94984651  1.34600756  9.43447176  1.32641476  1.41130243  1.9115311
   3.23969384  6.63621518  1.99339444  0.5357397 ]
 [ 0.61858861  1.56657574  1.61452232  4.01088276  3.43706596  2.51323542
   2.85572191  2.46800865  1.18004306  2.67838885]
 [18.34375091 11.97142532  0.81156334  1.97854131  0.70036603 13.67656196
   1.46403461  0.86969091  2.2440153  11.979348  ]
 [ 1.78034276  1.41573376  3.4235364   5.50288443  0.87850748  0.523743
   5.13687836 10.57328963  6.70407396  0.70597294]
 [ 4.5332657   1.7888768   0.60792019  5.88878738  0.70644239  1.53759686
  14.13243455  1.98533186 12.79897354  3.85160548]
 [ 1.12223693  3.4389024   0.57593739 14.11869718  5.28807299  1.44181685
  14.78297181  0.53702727  2.16250454  0.98550775]]