-------Running parameters--------
T = 0.001
temperature_gradient = 0.0
gap = 0.0
M = 10
N = 10
VR = 0.0
Vmin = 0.0
Vmax = 3.0
vStep = 0.001
vSym = True
repeats = 50
fileName = array_10_10_disorder_c_std_0.9_r_std_9.5_cg_2_run_7
dist = exp
fullOutput = True
use_graph = False
current_map = True
plot_current_map = False
plot_binary_current_map = False
frame_norm = False
dbg = False
resume = False
sc = False
leaping = False
constQ = False
modifyR = False
double_time = False
double_loop = False
output_folder = bgu_2d_arrays_different_cg
params_path = 
VG_avg = 0.0
VG_std = 0.0
C_avg = 1.0
C_std = 0.9
CG_avg = 2.0
CG_std = 0.0
R_avg = 10.0
R_std = 9.5
custom_rh = ""
custom_rv = ""
custom_ch = ""
custom_cv = ""
RG_avg = 500.0
RG_std = 0.0
n0_avg = 0.0
n0_std = 0.0
Q0_avg = 0.0
Q0_std = 0.0
----Array Parameters-----
Rows: 10
Columns: 10
VG: [[0.]
 [0.]
 [0.]
 [0.]
 [0.]
 [0.]
 [0.]
 [0.]
 [0.]
 [0.]
 [0.]
 [0.]
 [0.]
 [0.]
 [0.]
 [0.]
 [0.]
 [0.]
 [0.]
 [0.]
 [0.]
 [0.]
 [0.]
 [0.]
 [0.]
 [0.]
 [0.]
 [0.]
 [0.]
 [0.]
 [0.]
 [0.]
 [0.]
 [0.]
 [0.]
 [0.]
 [0.]
 [0.]
 [0.]
 [0.]
 [0.]
 [0.]
 [0.]
 [0.]
 [0.]
 [0.]
 [0.]
 [0.]
 [0.]
 [0.]
 [0.]
 [0.]
 [0.]
 [0.]
 [0.]
 [0.]
 [0.]
 [0.]
 [0.]
 [0.]
 [0.]
 [0.]
 [0.]
 [0.]
 [0.]
 [0.]
 [0.]
 [0.]
 [0.]
 [0.]
 [0.]
 [0.]
 [0.]
 [0.]
 [0.]
 [0.]
 [0.]
 [0.]
 [0.]
 [0.]
 [0.]
 [0.]
 [0.]
 [0.]
 [0.]
 [0.]
 [0.]
 [0.]
 [0.]
 [0.]
 [0.]
 [0.]
 [0.]
 [0.]
 [0.]
 [0.]
 [0.]
 [0.]
 [0.]
 [0.]]
CG: [[2.]
 [2.]
 [2.]
 [2.]
 [2.]
 [2.]
 [2.]
 [2.]
 [2.]
 [2.]
 [2.]
 [2.]
 [2.]
 [2.]
 [2.]
 [2.]
 [2.]
 [2.]
 [2.]
 [2.]
 [2.]
 [2.]
 [2.]
 [2.]
 [2.]
 [2.]
 [2.]
 [2.]
 [2.]
 [2.]
 [2.]
 [2.]
 [2.]
 [2.]
 [2.]
 [2.]
 [2.]
 [2.]
 [2.]
 [2.]
 [2.]
 [2.]
 [2.]
 [2.]
 [2.]
 [2.]
 [2.]
 [2.]
 [2.]
 [2.]
 [2.]
 [2.]
 [2.]
 [2.]
 [2.]
 [2.]
 [2.]
 [2.]
 [2.]
 [2.]
 [2.]
 [2.]
 [2.]
 [2.]
 [2.]
 [2.]
 [2.]
 [2.]
 [2.]
 [2.]
 [2.]
 [2.]
 [2.]
 [2.]
 [2.]
 [2.]
 [2.]
 [2.]
 [2.]
 [2.]
 [2.]
 [2.]
 [2.]
 [2.]
 [2.]
 [2.]
 [2.]
 [2.]
 [2.]
 [2.]
 [2.]
 [2.]
 [2.]
 [2.]
 [2.]
 [2.]
 [2.]
 [2.]
 [2.]
 [2.]]
RG: [[500.]
 [500.]
 [500.]
 [500.]
 [500.]
 [500.]
 [500.]
 [500.]
 [500.]
 [500.]
 [500.]
 [500.]
 [500.]
 [500.]
 [500.]
 [500.]
 [500.]
 [500.]
 [500.]
 [500.]
 [500.]
 [500.]
 [500.]
 [500.]
 [500.]
 [500.]
 [500.]
 [500.]
 [500.]
 [500.]
 [500.]
 [500.]
 [500.]
 [500.]
 [500.]
 [500.]
 [500.]
 [500.]
 [500.]
 [500.]
 [500.]
 [500.]
 [500.]
 [500.]
 [500.]
 [500.]
 [500.]
 [500.]
 [500.]
 [500.]
 [500.]
 [500.]
 [500.]
 [500.]
 [500.]
 [500.]
 [500.]
 [500.]
 [500.]
 [500.]
 [500.]
 [500.]
 [500.]
 [500.]
 [500.]
 [500.]
 [500.]
 [500.]
 [500.]
 [500.]
 [500.]
 [500.]
 [500.]
 [500.]
 [500.]
 [500.]
 [500.]
 [500.]
 [500.]
 [500.]
 [500.]
 [500.]
 [500.]
 [500.]
 [500.]
 [500.]
 [500.]
 [500.]
 [500.]
 [500.]
 [500.]
 [500.]
 [500.]
 [500.]
 [500.]
 [500.]
 [500.]
 [500.]
 [500.]
 [500.]]
Ch: [[0.37562839 1.47342804 1.72514216 1.11643544 0.27248054 0.46852157
  0.2295955  1.50798955 0.9128954  0.34467521 1.52142897]
 [0.40178697 0.14946483 0.43147918 0.78873193 0.4825696  0.19823231
  1.2815264  0.43616288 1.16533381 0.10769902 0.126738  ]
 [0.12816725 1.51049472 0.33806398 0.8107784  0.3945907  0.72823955
  0.36927139 0.10462367 0.17395839 0.82002035 0.22856699]
 [0.36724953 0.15579327 0.46905536 1.35986581 0.42093479 0.26236787
  0.26729222 0.14488735 1.75446348 0.17973935 0.30073926]
 [0.22427613 0.87182997 0.12747592 0.75601445 0.82929659 0.76590507
  1.23221214 0.41394946 0.11118173 1.82005973 0.57001458]
 [0.20530931 1.49076768 0.2211546  1.64083036 0.64571746 0.62055319
  0.13940118 0.12388286 0.89250902 0.77824593 0.17339357]
 [0.23634547 0.7086062  0.69025605 1.2882214  0.89028801 0.10877046
  1.4310941  0.26845904 1.45892528 0.23843169 0.42811173]
 [1.39423484 1.47201741 0.15007861 0.25130576 0.53527409 1.07538207
  0.44333234 0.30437335 0.30669168 0.21447546 0.56483989]
 [0.65234371 0.63671206 1.85549986 0.10138807 0.3195896  1.02862257
  0.10855266 0.22796183 0.47078083 0.97299961 0.52200997]
 [1.03249773 0.2714803  1.83394568 0.43594289 0.1853352  0.24477512
  0.70266898 0.25832163 1.62387189 0.1360973  0.92858836]]
Cv: [[0.         0.         0.         0.         0.         0.
  0.         0.         0.         0.        ]
 [0.10010288 0.25008734 0.68528904 0.78142717 0.29165494 1.59588117
  0.3138223  0.17394092 0.59821634 0.74807853]
 [0.60723261 0.47479832 0.13549951 0.18819682 0.5975634  1.63787915
  0.55247593 0.66311037 0.50993937 0.3489825 ]
 [0.11111876 0.13824645 1.59867005 1.70077837 0.22853371 0.26257574
  1.68288247 0.91456118 0.38508698 0.16188711]
 [0.78809089 0.16074804 0.10856061 0.24150188 0.46537121 0.57467544
  0.1515317  1.82884947 0.3342419  0.28392999]
 [0.16176899 1.12220886 0.30444239 1.1257496  1.48484844 0.27416879
  0.2955836  1.80627914 0.13201721 1.86608084]
 [1.35048711 0.60352094 1.32882026 0.17606565 0.47913866 0.63467608
  0.8251121  0.7518431  0.15862875 0.20464947]
 [0.13047668 0.11438967 0.34197916 0.11313935 0.583232   0.17769457
  0.26274969 1.50585704 0.37138342 1.84334296]
 [0.10730601 1.37902488 1.05567689 1.59193098 0.10522932 0.55082906
  0.89409266 0.95169244 0.61515778 0.56180574]
 [0.18363244 0.70915105 0.12267801 0.12868872 0.63720772 0.6996778
  1.53840061 0.8570702  0.11631361 0.23459654]]
Rh: [[ 7.43037233  0.76186686  2.52838203 14.71490003  9.12176061  1.44478044
   2.90766575  1.65203007  1.00397033  8.15397796 18.23972294]
 [ 9.31073931  9.10779617  1.38952804  0.74790118 12.892763   18.36673984
   0.67246222 13.00108816  0.52109827  0.99947741  0.93328574]
 [10.85954921  4.80646349  7.86566457 11.10393557  0.50798605  3.02543327
   1.2208157   2.98946047 15.40865126  0.98282777  6.71700415]
 [ 1.18061721  8.02122477 12.01570181 17.53726512  0.97345457  7.8199391
  12.00785625  2.38076499  2.71650188  2.56189467  1.13832499]
 [ 0.80081854  1.62095743  0.61791847  1.07518256  0.96059588  1.85356216
   1.12647323 14.89969748 16.7236658   0.64832912  4.62390296]
 [ 0.66747667  4.58986138  1.23014903  3.88497355  5.95297398 12.21040976
  14.43358471 16.53548898 13.81133232  3.37317403  3.37949055]
 [ 3.90467363  1.66586728 13.44257877  4.58058484  2.37307699  8.01522798
   0.94182143  2.50152214  4.48766813 10.45650978  0.73631712]
 [ 2.8715212  10.08551658  8.87394164 17.05495578  0.56971719 13.09075169
   4.96811264 10.09238652  0.5865683   0.5430548   5.93281056]
 [ 4.38661039  3.53922014  8.91238502  1.05621694 14.85717733  1.07169053
   6.1079069   0.78145157  4.07911132  4.90284154  0.64096408]
 [ 2.88971219  6.8456983  17.53059826  4.02907239  1.89210578  0.5563006
   5.37098934  9.9473796   1.80402663  4.6402556   1.31284235]]
Rv: [[ 4.10932114  2.82091525 11.74388462  5.29963143  1.43978249  1.03872155
   0.51634033  3.40866873 16.74139542  1.05390425]
 [15.47099756  3.2393517   2.18136468  1.24337833  6.68896523  7.95220945
   0.54710572  1.19030533  1.7157004   3.64105026]
 [ 3.48207403 12.85682189  3.04909185  0.64061158 14.46225344  9.910285
   1.54795772  0.93679631 14.80881199  6.02145236]
 [17.740675    7.63757607  1.44805585  0.55476192  0.59339238 16.66559392
   3.65541146 17.33428505 13.84932738  2.31146354]
 [ 3.51491814  3.35872349  1.10050613  4.96062276  2.07577244  1.27062855
   0.83632713  6.96744723  2.42478646  6.23634381]
 [17.00527155  0.87538012 18.06194042  0.60399072  1.78524216 13.55012453
   2.60641107  1.2095038   3.94219796  1.38295259]
 [ 0.64410159  2.53176391  1.16190462  0.60672892  2.3310723   0.92333422
  13.23943672  0.81206304  0.51708879  0.67772813]
 [18.84887459  1.22103617  3.62486634 18.94848576  2.29616855  2.94256066
   1.80861383  8.47995449  0.83968675  3.12488197]
 [ 0.57812439  2.85049873  0.50463645 14.19140283 10.30600205  8.75579112
   5.90475318  2.61122059 12.18605607 10.70695794]]