-------Running parameters--------
T = 0.001
temperature_gradient = 0.0
gap = 0.0
M = 10
N = 10
VR = 0.0
Vmin = 0.0
Vmax = 3.0
vStep = 0.001
vSym = True
repeats = 50
fileName = array_10_10_disorder_c_std_0.9_r_std_9.5_cg_10_run_9
dist = exp
fullOutput = True
use_graph = False
current_map = True
plot_current_map = False
plot_binary_current_map = False
frame_norm = False
dbg = False
resume = False
sc = False
leaping = False
constQ = False
modifyR = False
double_time = False
double_loop = False
output_folder = bgu_2d_arrays_different_cg
params_path = 
VG_avg = 0.0
VG_std = 0.0
C_avg = 1.0
C_std = 0.9
CG_avg = 10.0
CG_std = 0.0
R_avg = 10.0
R_std = 9.5
custom_rh = ""
custom_rv = ""
custom_ch = ""
custom_cv = ""
RG_avg = 500.0
RG_std = 0.0
n0_avg = 0.0
n0_std = 0.0
Q0_avg = 0.0
Q0_std = 0.0
----Array Parameters-----
Rows: 10
Columns: 10
VG: [[0.]
 [0.]
 [0.]
 [0.]
 [0.]
 [0.]
 [0.]
 [0.]
 [0.]
 [0.]
 [0.]
 [0.]
 [0.]
 [0.]
 [0.]
 [0.]
 [0.]
 [0.]
 [0.]
 [0.]
 [0.]
 [0.]
 [0.]
 [0.]
 [0.]
 [0.]
 [0.]
 [0.]
 [0.]
 [0.]
 [0.]
 [0.]
 [0.]
 [0.]
 [0.]
 [0.]
 [0.]
 [0.]
 [0.]
 [0.]
 [0.]
 [0.]
 [0.]
 [0.]
 [0.]
 [0.]
 [0.]
 [0.]
 [0.]
 [0.]
 [0.]
 [0.]
 [0.]
 [0.]
 [0.]
 [0.]
 [0.]
 [0.]
 [0.]
 [0.]
 [0.]
 [0.]
 [0.]
 [0.]
 [0.]
 [0.]
 [0.]
 [0.]
 [0.]
 [0.]
 [0.]
 [0.]
 [0.]
 [0.]
 [0.]
 [0.]
 [0.]
 [0.]
 [0.]
 [0.]
 [0.]
 [0.]
 [0.]
 [0.]
 [0.]
 [0.]
 [0.]
 [0.]
 [0.]
 [0.]
 [0.]
 [0.]
 [0.]
 [0.]
 [0.]
 [0.]
 [0.]
 [0.]
 [0.]
 [0.]]
CG: [[10.]
 [10.]
 [10.]
 [10.]
 [10.]
 [10.]
 [10.]
 [10.]
 [10.]
 [10.]
 [10.]
 [10.]
 [10.]
 [10.]
 [10.]
 [10.]
 [10.]
 [10.]
 [10.]
 [10.]
 [10.]
 [10.]
 [10.]
 [10.]
 [10.]
 [10.]
 [10.]
 [10.]
 [10.]
 [10.]
 [10.]
 [10.]
 [10.]
 [10.]
 [10.]
 [10.]
 [10.]
 [10.]
 [10.]
 [10.]
 [10.]
 [10.]
 [10.]
 [10.]
 [10.]
 [10.]
 [10.]
 [10.]
 [10.]
 [10.]
 [10.]
 [10.]
 [10.]
 [10.]
 [10.]
 [10.]
 [10.]
 [10.]
 [10.]
 [10.]
 [10.]
 [10.]
 [10.]
 [10.]
 [10.]
 [10.]
 [10.]
 [10.]
 [10.]
 [10.]
 [10.]
 [10.]
 [10.]
 [10.]
 [10.]
 [10.]
 [10.]
 [10.]
 [10.]
 [10.]
 [10.]
 [10.]
 [10.]
 [10.]
 [10.]
 [10.]
 [10.]
 [10.]
 [10.]
 [10.]
 [10.]
 [10.]
 [10.]
 [10.]
 [10.]
 [10.]
 [10.]
 [10.]
 [10.]
 [10.]]
RG: [[500.]
 [500.]
 [500.]
 [500.]
 [500.]
 [500.]
 [500.]
 [500.]
 [500.]
 [500.]
 [500.]
 [500.]
 [500.]
 [500.]
 [500.]
 [500.]
 [500.]
 [500.]
 [500.]
 [500.]
 [500.]
 [500.]
 [500.]
 [500.]
 [500.]
 [500.]
 [500.]
 [500.]
 [500.]
 [500.]
 [500.]
 [500.]
 [500.]
 [500.]
 [500.]
 [500.]
 [500.]
 [500.]
 [500.]
 [500.]
 [500.]
 [500.]
 [500.]
 [500.]
 [500.]
 [500.]
 [500.]
 [500.]
 [500.]
 [500.]
 [500.]
 [500.]
 [500.]
 [500.]
 [500.]
 [500.]
 [500.]
 [500.]
 [500.]
 [500.]
 [500.]
 [500.]
 [500.]
 [500.]
 [500.]
 [500.]
 [500.]
 [500.]
 [500.]
 [500.]
 [500.]
 [500.]
 [500.]
 [500.]
 [500.]
 [500.]
 [500.]
 [500.]
 [500.]
 [500.]
 [500.]
 [500.]
 [500.]
 [500.]
 [500.]
 [500.]
 [500.]
 [500.]
 [500.]
 [500.]
 [500.]
 [500.]
 [500.]
 [500.]
 [500.]
 [500.]
 [500.]
 [500.]
 [500.]
 [500.]]
Ch: [[1.42364909 0.96017395 0.10362844 0.76917553 0.79941729 0.47851613
  0.1608763  1.77429045 1.23226185 0.69673956 0.21362399]
 [0.44786312 0.4115683  0.73837458 1.12118033 0.16875852 0.27177469
  0.21576758 0.34991594 0.17661623 0.7658522  1.78903262]
 [1.7371948  0.13204724 1.57212538 0.25248478 0.18376047 1.17465844
  1.05528745 0.11232413 0.82868282 0.31992471 0.2431968 ]
 [1.78369445 1.86476568 0.13275968 0.18399581 1.37385189 0.85228343
  0.49925619 1.51225953 0.12846669 0.26491629 0.32791452]
 [0.79463004 0.48394146 1.0016293  0.26915    1.59850555 0.25649124
  1.20017892 1.47205865 1.26167797 0.13955639 0.28071602]
 [0.95200329 1.35393457 1.8702991  0.13319487 1.25775658 1.26543604
  0.35311727 1.33363148 0.12220072 0.20861047 1.47078355]
 [0.27957047 0.16008132 0.18869753 0.50738122 0.24165905 0.82125329
  0.37582659 0.94286591 0.66558692 1.28611044 0.15231155]
 [0.24412963 0.94012072 0.34991407 0.68630833 0.39987864 0.57776103
  0.28533342 0.55791731 1.39681979 0.42152114 0.20038096]
 [0.13553817 1.79775893 0.81768172 0.19695522 1.5809963  0.69196681
  1.37383188 0.85347376 0.10331228 0.15629549 0.71306273]
 [1.2302089  0.1686992  0.44381297 0.19556589 0.1456684  1.6473057
  0.6035313  0.41257247 1.41158166 1.40130548 0.33175387]]
Cv: [[0.         0.         0.         0.         0.         0.
  0.         0.         0.         0.        ]
 [0.11667669 0.23692433 1.45402855 0.59381835 0.17872124 0.23165238
  0.80714783 0.30907209 0.15970288 1.84914341]
 [0.44707907 0.118002   1.23791782 1.85152577 0.3005611  0.1853938
  0.13999091 0.34377196 1.40278883 0.15780988]
 [0.57696914 0.12880951 0.24072033 1.10583456 0.31033961 0.14160538
  0.89901511 0.85471088 0.31862969 0.24454772]
 [1.03673967 1.16653767 0.36914683 0.19283609 0.24741109 0.41894458
  0.21103016 0.18831973 0.73588686 0.17235891]
 [0.23083962 0.92207421 0.82131783 0.75438599 0.40002661 1.32747038
  0.74549891 1.79006033 1.26888825 0.30494512]
 [0.59801955 0.20632864 0.45773989 1.42159006 0.59131532 1.45905433
  0.87018963 1.13264818 1.89919643 0.29321037]
 [1.74463102 0.28572899 1.33970331 0.20541231 1.28073468 0.59968538
  0.30422629 0.52653075 0.81863595 0.2109643 ]
 [0.9735769  0.7927413  0.45936838 1.75154676 1.42205596 0.500948
  0.44988592 0.15133673 0.22807819 1.12408483]
 [0.24308466 1.04469966 0.1022275  1.02392362 0.53012975 0.64537014
  0.46916959 0.73754792 0.11701778 0.10422549]]
Rh: [[ 1.20729428  2.08200622  4.08350956  0.59762555  9.18239874  3.42537208
   3.73693926 12.16324265 17.32285254  3.7106119   7.37989175]
 [ 1.2042299   1.62738533  1.23004612  5.01542867  1.57051486 14.38947421
   0.80311483  5.26749421  0.66812901  1.50240597  5.439691  ]
 [ 1.44573552  1.03436173  5.21100166  0.6681283  11.98038024  4.6803402
   2.67670632  4.29081455  3.44298246  8.39978601  7.22979336]
 [13.84154687  9.15516856  1.35483589  2.77099515 17.48356849  1.64245953
   1.08181423  1.27167927  0.89865635  3.74691215 18.0561073 ]
 [ 2.90001209  4.69296429  0.55729384  0.85576429  1.02573589  9.40198372
   3.11290351 10.63775122 10.30717666 12.97285826  0.56544936]
 [ 8.11528378  1.19756025  2.77182574  0.67860305  1.2376976   2.57244955
   6.36152914  1.43374166  4.65790301  9.24520918  5.57511607]
 [ 1.30761576  0.70855847 13.65367626  3.40568411  9.47828366  4.28642508
   2.65255901  1.30109092  7.45757433  7.23143598  5.61251957]
 [ 0.68017599  0.92806882  0.82805805  2.34505286 18.36890475 14.61346937
   2.03397577  4.77761897  1.59253961  0.62266391 12.46695237]
 [ 2.93784152  0.70336275 18.7990305   2.96609356 16.16222514  0.75640316
   7.18404282  2.91475323  0.9779991   4.49037583  2.73535981]
 [ 1.44572322  0.50038134  8.06437439  9.63965101  1.96105978  2.28658419
   4.18812399  1.03638332  1.35389335  0.63938367  3.98578752]]
Rv: [[ 0.71723969  2.05752134  4.24705292  7.86979298 18.1339995   2.22060809
   6.19941216  4.67899851  7.93325359  2.45663738]
 [ 0.55127714  1.90876455  5.9596076   0.68985342  7.1821554   0.97321889
  10.17601914  0.76316842  6.06589109  2.60988296]
 [ 0.52014905  4.76948225  4.31603261  1.95516993  1.42018873  5.37781591
   0.52127339  0.86663985  9.25760114 10.23197454]
 [ 0.89626146 10.03520425  0.66288657  6.89630297  6.34986529  0.9067692
   6.03336168  8.67078849  7.72656286  1.26311779]
 [15.79734617  2.63535341  3.44340906  0.90892024  5.57590161  3.28213938
  12.34111335 13.67335733 18.51981671  2.03276878]
 [ 6.68805156  0.74223586  6.22440065  1.50995407  1.33786763  1.0536733
   0.85608846  2.22328569  4.30403532  4.71547487]
 [ 3.03335709  0.66344855  6.35764206  9.89226959  0.54404645  0.54671081
  17.23937394  1.02872169  1.05319391  4.89479966]
 [ 2.17158347  3.12373575 10.67538191  2.62087258  0.6455264  11.85328039
   2.43647766  0.96782783  7.05329029  0.77890215]
 [ 0.62663485  8.35954611  0.62207011 16.2221242   1.92094747  3.04721578
   3.62434195  3.98812348 13.77297358  7.20105672]]