-------Running parameters--------
T = 0.001
temperature_gradient = 0.0
gap = 0.0
M = 10
N = 10
VR = 0.0
Vmin = 0.0
Vmax = 3.0
vStep = 0.001
vSym = True
repeats = 50
fileName = array_10_10_disorder_c_std_0.9_r_std_9.5_cg_5_run_9
dist = exp
fullOutput = True
use_graph = False
current_map = True
plot_current_map = False
plot_binary_current_map = False
frame_norm = False
dbg = False
resume = False
sc = False
leaping = False
constQ = False
modifyR = False
double_time = False
double_loop = False
output_folder = bgu_2d_arrays_different_cg
params_path = 
VG_avg = 0.0
VG_std = 0.0
C_avg = 1.0
C_std = 0.9
CG_avg = 5.0
CG_std = 0.0
R_avg = 10.0
R_std = 9.5
custom_rh = ""
custom_rv = ""
custom_ch = ""
custom_cv = ""
RG_avg = 500.0
RG_std = 0.0
n0_avg = 0.0
n0_std = 0.0
Q0_avg = 0.0
Q0_std = 0.0
----Array Parameters-----
Rows: 10
Columns: 10
VG: [[0.]
 [0.]
 [0.]
 [0.]
 [0.]
 [0.]
 [0.]
 [0.]
 [0.]
 [0.]
 [0.]
 [0.]
 [0.]
 [0.]
 [0.]
 [0.]
 [0.]
 [0.]
 [0.]
 [0.]
 [0.]
 [0.]
 [0.]
 [0.]
 [0.]
 [0.]
 [0.]
 [0.]
 [0.]
 [0.]
 [0.]
 [0.]
 [0.]
 [0.]
 [0.]
 [0.]
 [0.]
 [0.]
 [0.]
 [0.]
 [0.]
 [0.]
 [0.]
 [0.]
 [0.]
 [0.]
 [0.]
 [0.]
 [0.]
 [0.]
 [0.]
 [0.]
 [0.]
 [0.]
 [0.]
 [0.]
 [0.]
 [0.]
 [0.]
 [0.]
 [0.]
 [0.]
 [0.]
 [0.]
 [0.]
 [0.]
 [0.]
 [0.]
 [0.]
 [0.]
 [0.]
 [0.]
 [0.]
 [0.]
 [0.]
 [0.]
 [0.]
 [0.]
 [0.]
 [0.]
 [0.]
 [0.]
 [0.]
 [0.]
 [0.]
 [0.]
 [0.]
 [0.]
 [0.]
 [0.]
 [0.]
 [0.]
 [0.]
 [0.]
 [0.]
 [0.]
 [0.]
 [0.]
 [0.]
 [0.]]
CG: [[5.]
 [5.]
 [5.]
 [5.]
 [5.]
 [5.]
 [5.]
 [5.]
 [5.]
 [5.]
 [5.]
 [5.]
 [5.]
 [5.]
 [5.]
 [5.]
 [5.]
 [5.]
 [5.]
 [5.]
 [5.]
 [5.]
 [5.]
 [5.]
 [5.]
 [5.]
 [5.]
 [5.]
 [5.]
 [5.]
 [5.]
 [5.]
 [5.]
 [5.]
 [5.]
 [5.]
 [5.]
 [5.]
 [5.]
 [5.]
 [5.]
 [5.]
 [5.]
 [5.]
 [5.]
 [5.]
 [5.]
 [5.]
 [5.]
 [5.]
 [5.]
 [5.]
 [5.]
 [5.]
 [5.]
 [5.]
 [5.]
 [5.]
 [5.]
 [5.]
 [5.]
 [5.]
 [5.]
 [5.]
 [5.]
 [5.]
 [5.]
 [5.]
 [5.]
 [5.]
 [5.]
 [5.]
 [5.]
 [5.]
 [5.]
 [5.]
 [5.]
 [5.]
 [5.]
 [5.]
 [5.]
 [5.]
 [5.]
 [5.]
 [5.]
 [5.]
 [5.]
 [5.]
 [5.]
 [5.]
 [5.]
 [5.]
 [5.]
 [5.]
 [5.]
 [5.]
 [5.]
 [5.]
 [5.]
 [5.]]
RG: [[500.]
 [500.]
 [500.]
 [500.]
 [500.]
 [500.]
 [500.]
 [500.]
 [500.]
 [500.]
 [500.]
 [500.]
 [500.]
 [500.]
 [500.]
 [500.]
 [500.]
 [500.]
 [500.]
 [500.]
 [500.]
 [500.]
 [500.]
 [500.]
 [500.]
 [500.]
 [500.]
 [500.]
 [500.]
 [500.]
 [500.]
 [500.]
 [500.]
 [500.]
 [500.]
 [500.]
 [500.]
 [500.]
 [500.]
 [500.]
 [500.]
 [500.]
 [500.]
 [500.]
 [500.]
 [500.]
 [500.]
 [500.]
 [500.]
 [500.]
 [500.]
 [500.]
 [500.]
 [500.]
 [500.]
 [500.]
 [500.]
 [500.]
 [500.]
 [500.]
 [500.]
 [500.]
 [500.]
 [500.]
 [500.]
 [500.]
 [500.]
 [500.]
 [500.]
 [500.]
 [500.]
 [500.]
 [500.]
 [500.]
 [500.]
 [500.]
 [500.]
 [500.]
 [500.]
 [500.]
 [500.]
 [500.]
 [500.]
 [500.]
 [500.]
 [500.]
 [500.]
 [500.]
 [500.]
 [500.]
 [500.]
 [500.]
 [500.]
 [500.]
 [500.]
 [500.]
 [500.]
 [500.]
 [500.]
 [500.]]
Ch: [[0.40604357 1.00158248 1.31221426 0.49701351 0.41078286 0.24799068
  0.15713028 0.37532606 1.4186895  0.37034488 1.64503568]
 [0.54071344 0.31199778 1.54620811 0.1582901  0.86289814 0.11471087
  0.49005806 1.12092489 0.85500222 0.21944901 1.14912318]
 [0.6362185  0.91128641 0.25812197 0.10711675 0.49671218 0.23475064
  0.31981285 0.13851555 0.82616443 0.8345353  1.82901338]
 [0.11227316 0.30133665 0.18427436 1.1634454  0.12638062 0.5627473
  1.36934533 0.76962598 1.7903832  0.26236982 0.47054106]
 [0.1121738  0.19052226 0.46560503 0.88949646 0.11519055 0.1006106
  0.47786177 0.22284961 0.13780639 0.29077232 0.12158535]
 [1.82615839 1.64639112 0.4702335  1.35790886 0.33771656 0.28875439
  0.24770092 0.29101859 1.4445849  0.85549061 1.04337176]
 [0.60045626 0.13939369 0.24875874 0.99116163 1.40472609 1.12411863
  0.88307137 0.12581202 0.34249034 0.54222535 1.5433334 ]
 [0.91894424 0.56277459 0.6851422  0.21633598 1.53784779 0.3260902
  1.4105506  0.66413123 0.58312702 0.53533066 0.6967059 ]
 [0.85892134 0.10495438 0.16528485 1.32697958 0.60620093 0.82871334
  0.34454265 0.42853387 1.77323755 0.14685548 0.30973974]
 [1.80984377 0.30020229 0.69112778 0.10521825 0.63038564 1.1216376
  0.5667334  0.10435295 1.25399877 1.03068483 0.52695103]]
Cv: [[0.         0.         0.         0.         0.         0.
  0.         0.         0.         0.        ]
 [0.25267289 0.74147406 0.10107845 0.40783837 1.34469178 0.90211978
  1.29938935 0.7727564  0.92356977 1.52406602]
 [0.10134585 0.2040812  0.53630292 1.67301225 1.26745686 1.73298224
  1.3622954  0.10085155 0.587292   0.45057608]
 [0.57718196 1.6858461  0.35761796 1.86017494 0.38673135 1.27200251
  0.1462896  0.60262843 0.38506728 0.59020763]
 [0.82473527 0.93703715 0.42928696 0.25010392 0.79798851 1.41156504
  0.27665993 0.15752624 1.88076807 0.60770317]
 [0.27644517 0.21748182 1.77169845 0.22022607 0.19600815 0.74460408
  0.14844053 0.6933309  0.5758694  0.13001055]
 [0.21275012 0.31995546 0.43861134 1.69370717 0.71227732 0.70301068
  0.82430267 0.18482701 0.52629772 0.40977869]
 [0.36634346 0.18931484 0.79754671 1.27761935 0.7071047  0.54652431
  0.14218489 0.12705195 0.77770946 0.69300868]
 [1.78402894 0.3754095  0.16663309 0.84237187 0.87482034 0.73014768
  1.57838029 0.72157731 0.24785857 0.22035539]
 [1.10220028 0.25678612 0.26337307 0.7523874  0.42626588 1.29689992
  0.11678469 0.31971983 0.14661784 1.84691031]]
Rh: [[ 6.03547298 12.66383855  2.30718206  0.92932299  3.87195581  7.97629751
   4.1542974   3.40705719  2.06560349 11.11912941  3.27726715]
 [ 1.16006743  0.83114216  4.14352604  4.57651408  5.21778731  4.78116926
   4.18875387  4.41114084  0.96144885 10.20026577 10.94740463]
 [15.57516038 16.76219544  5.05313333  2.89999932  0.59919397  0.57460841
   2.6874836   0.62017354  2.21138314  5.30439263  6.56324909]
 [ 8.71337468  3.34274486 14.21766639  2.16200193  3.99672607 15.72369925
  10.36884301  1.48030545  3.06846967  4.98156122  0.99535356]
 [ 9.8737732   0.92790851  0.78856538  9.24799807 18.69990846 17.95265027
   3.22187145 10.99229171  5.30296728 10.88580288 18.66039113]
 [ 9.0134478  14.88760469 19.43758533  1.22610885  6.14775102  0.61439642
   1.15996856  1.25933489  8.37724996  0.8707753   9.46310075]
 [ 0.69789927  0.59399763  2.90471626  0.52170196  2.21549847  7.41562008
   1.64970637  9.82297615  1.65045331 11.82049528 14.6734224 ]
 [ 5.16190243  6.50435185 18.23297854  8.6879872   1.26800615  1.13661656
   7.10684634  8.65244385 16.28082973 14.00947157 14.83574712]
 [ 0.61985129  8.46043925  9.38852375  1.15544762  1.19415182  0.58498344
  18.70948679  4.28036742  1.29665489  0.51068481  1.90060272]
 [ 0.70777791  4.90987416  2.27104887  0.79237285  9.94180347  0.87066266
   4.63375741  2.50436205  0.58445427  0.95149073  5.72170764]]
Rv: [[ 1.78615952  0.56267421  0.77622505  1.3057701  10.43025481  3.92160118
   3.24982134  0.92716011  6.67797759  3.91380241]
 [ 1.4838458  11.19958871 15.82097619  3.95011228  0.71801403  3.31871799
   0.81885416  0.66212084  1.17370169  4.57657742]
 [ 0.91138326  2.80109849  0.55509135  4.39388109 12.98756544  1.8577803
   8.96121027  9.5672135   3.54511368 11.82922587]
 [ 1.13921059  7.79284999  0.5643781   1.57946809  1.65980755 17.83383003
  19.06718734  1.57679662  8.13032745  2.91726386]
 [ 3.5044482   9.91788241  7.74629509  2.36146778  3.03533715 10.40406983
   4.53208089  1.32862904  7.1313861   5.60650245]
 [ 3.3098176   5.39710514  1.30545521  2.07703601  2.13239012  0.59153035
  17.1838757   5.87215319 11.13758056  6.28377624]
 [ 1.98570151 11.790097    7.71368662  5.29934889  1.57772905 17.61172524
  15.83082877  1.77448498 10.10877229  1.63742112]
 [ 8.54887505  3.91187665  0.89422087  0.58305784 12.444292    0.6003096
   6.79536555  2.53486063  8.96112515 13.43777752]
 [ 0.90460066  0.85976251  1.39625391  2.86673111 19.43982097 11.19971187
   1.71662314  0.97550134  0.8742588   0.96494956]]