-------Running parameters--------
T = 0.001
temperature_gradient = 0.0
gap = 0.0
M = 10
N = 10
VR = 0.0
Vmin = 0.0
Vmax = 3.0
vStep = 0.001
vSym = True
repeats = 50
fileName = array_10_10_disorder_c_std_0.9_r_std_9.5_cg_5_run_6
dist = exp
fullOutput = True
use_graph = False
current_map = True
plot_current_map = False
plot_binary_current_map = False
frame_norm = False
dbg = False
resume = False
sc = False
leaping = False
constQ = False
modifyR = False
double_time = False
double_loop = False
output_folder = bgu_2d_arrays_different_cg
params_path = 
VG_avg = 0.0
VG_std = 0.0
C_avg = 1.0
C_std = 0.9
CG_avg = 5.0
CG_std = 0.0
R_avg = 10.0
R_std = 9.5
custom_rh = ""
custom_rv = ""
custom_ch = ""
custom_cv = ""
RG_avg = 500.0
RG_std = 0.0
n0_avg = 0.0
n0_std = 0.0
Q0_avg = 0.0
Q0_std = 0.0
----Array Parameters-----
Rows: 10
Columns: 10
VG: [[0.]
 [0.]
 [0.]
 [0.]
 [0.]
 [0.]
 [0.]
 [0.]
 [0.]
 [0.]
 [0.]
 [0.]
 [0.]
 [0.]
 [0.]
 [0.]
 [0.]
 [0.]
 [0.]
 [0.]
 [0.]
 [0.]
 [0.]
 [0.]
 [0.]
 [0.]
 [0.]
 [0.]
 [0.]
 [0.]
 [0.]
 [0.]
 [0.]
 [0.]
 [0.]
 [0.]
 [0.]
 [0.]
 [0.]
 [0.]
 [0.]
 [0.]
 [0.]
 [0.]
 [0.]
 [0.]
 [0.]
 [0.]
 [0.]
 [0.]
 [0.]
 [0.]
 [0.]
 [0.]
 [0.]
 [0.]
 [0.]
 [0.]
 [0.]
 [0.]
 [0.]
 [0.]
 [0.]
 [0.]
 [0.]
 [0.]
 [0.]
 [0.]
 [0.]
 [0.]
 [0.]
 [0.]
 [0.]
 [0.]
 [0.]
 [0.]
 [0.]
 [0.]
 [0.]
 [0.]
 [0.]
 [0.]
 [0.]
 [0.]
 [0.]
 [0.]
 [0.]
 [0.]
 [0.]
 [0.]
 [0.]
 [0.]
 [0.]
 [0.]
 [0.]
 [0.]
 [0.]
 [0.]
 [0.]
 [0.]]
CG: [[5.]
 [5.]
 [5.]
 [5.]
 [5.]
 [5.]
 [5.]
 [5.]
 [5.]
 [5.]
 [5.]
 [5.]
 [5.]
 [5.]
 [5.]
 [5.]
 [5.]
 [5.]
 [5.]
 [5.]
 [5.]
 [5.]
 [5.]
 [5.]
 [5.]
 [5.]
 [5.]
 [5.]
 [5.]
 [5.]
 [5.]
 [5.]
 [5.]
 [5.]
 [5.]
 [5.]
 [5.]
 [5.]
 [5.]
 [5.]
 [5.]
 [5.]
 [5.]
 [5.]
 [5.]
 [5.]
 [5.]
 [5.]
 [5.]
 [5.]
 [5.]
 [5.]
 [5.]
 [5.]
 [5.]
 [5.]
 [5.]
 [5.]
 [5.]
 [5.]
 [5.]
 [5.]
 [5.]
 [5.]
 [5.]
 [5.]
 [5.]
 [5.]
 [5.]
 [5.]
 [5.]
 [5.]
 [5.]
 [5.]
 [5.]
 [5.]
 [5.]
 [5.]
 [5.]
 [5.]
 [5.]
 [5.]
 [5.]
 [5.]
 [5.]
 [5.]
 [5.]
 [5.]
 [5.]
 [5.]
 [5.]
 [5.]
 [5.]
 [5.]
 [5.]
 [5.]
 [5.]
 [5.]
 [5.]
 [5.]]
RG: [[500.]
 [500.]
 [500.]
 [500.]
 [500.]
 [500.]
 [500.]
 [500.]
 [500.]
 [500.]
 [500.]
 [500.]
 [500.]
 [500.]
 [500.]
 [500.]
 [500.]
 [500.]
 [500.]
 [500.]
 [500.]
 [500.]
 [500.]
 [500.]
 [500.]
 [500.]
 [500.]
 [500.]
 [500.]
 [500.]
 [500.]
 [500.]
 [500.]
 [500.]
 [500.]
 [500.]
 [500.]
 [500.]
 [500.]
 [500.]
 [500.]
 [500.]
 [500.]
 [500.]
 [500.]
 [500.]
 [500.]
 [500.]
 [500.]
 [500.]
 [500.]
 [500.]
 [500.]
 [500.]
 [500.]
 [500.]
 [500.]
 [500.]
 [500.]
 [500.]
 [500.]
 [500.]
 [500.]
 [500.]
 [500.]
 [500.]
 [500.]
 [500.]
 [500.]
 [500.]
 [500.]
 [500.]
 [500.]
 [500.]
 [500.]
 [500.]
 [500.]
 [500.]
 [500.]
 [500.]
 [500.]
 [500.]
 [500.]
 [500.]
 [500.]
 [500.]
 [500.]
 [500.]
 [500.]
 [500.]
 [500.]
 [500.]
 [500.]
 [500.]
 [500.]
 [500.]
 [500.]
 [500.]
 [500.]
 [500.]]
Ch: [[0.50065955 1.46871021 1.32338199 1.57309544 1.0227395  0.62371801
  0.48439379 0.46331017 0.22232329 0.35795122 0.25742549]
 [0.32219588 0.80217173 0.12079956 1.6903583  0.25629476 0.12240319
  1.14329721 0.23295281 0.34496975 0.10300159 0.11934029]
 [0.34683074 0.37513443 0.1165048  1.55290645 0.51850436 1.55498057
  0.15470826 1.31883415 0.42598643 0.45759343 0.14647551]
 [0.22271922 0.3865682  0.53514622 1.46265846 1.36676045 1.37046249
  0.13948092 0.45257697 0.69382541 0.20879016 0.31657828]
 [0.35547315 0.99137019 0.63103462 1.09985843 0.28697827 0.24532641
  0.4133667  0.12652832 0.29193027 0.51095674 1.29970557]
 [0.51712473 0.24689337 1.684173   0.32833415 1.36263737 1.16123862
  0.29189403 1.66363228 0.14555188 0.80913861 0.10768068]
 [0.13449901 1.01171865 0.16680119 0.14902425 1.2150177  0.15405452
  1.68821992 0.21032075 0.70871379 0.39354522 1.26263308]
 [0.80111395 0.30050787 0.70671367 0.11885226 0.1009402  0.65558849
  0.25712968 0.5980335  1.10598947 0.26051693 0.53595008]
 [1.50299781 1.74664569 0.81324005 0.18750581 1.30980339 1.5405377
  0.51671988 0.96503865 1.21753554 0.37407669 0.21771174]
 [0.43959865 0.60351184 0.22842378 1.3300021  0.36105783 1.36521153
  0.15343231 0.11895638 1.27003765 0.33204396 0.101893  ]]
Cv: [[0.         0.         0.         0.         0.         0.
  0.         0.         0.         0.        ]
 [1.77164138 0.10750533 0.74797935 0.78276101 1.29255554 1.29874455
  0.22521068 0.89655909 0.16987533 1.05777703]
 [0.97650422 0.18968677 1.05676156 0.11091986 0.2107536  0.92453409
  0.18132541 0.69041333 0.26113567 0.86916435]
 [0.10350014 0.56357764 0.92810923 0.37035592 0.40938141 1.45400437
  0.32217727 0.1112376  1.0341897  1.4236121 ]
 [0.1235302  0.19184642 0.64839199 0.19531585 0.10833694 0.50960061
  1.20312556 0.83216631 0.27780934 0.2167    ]
 [1.29920482 0.11256779 0.12487692 0.11237068 0.22923392 0.11839058
  0.16419274 0.48988564 0.1276246  0.67608277]
 [1.17409304 1.87800964 0.23338134 0.83210397 0.2931221  1.82311724
  0.129344   0.23527059 0.1786467  0.66299453]
 [0.32111376 0.94934672 0.36129664 0.10642635 0.24737128 0.53362982
  0.76421085 0.30743613 0.11343011 0.13486926]
 [1.84450439 1.58241872 0.27211804 1.03952126 0.16807221 1.7587502
  0.83941481 0.65252087 1.39417085 0.10989229]
 [0.18773724 1.48735485 0.77721153 1.83673541 1.75466216 0.17427082
  0.19718339 0.12340192 1.06565817 0.70276242]]
Rh: [[ 0.50671524  1.26958495 15.14014111  1.86924248  1.39401832  4.73506867
   0.670452    4.86569405 10.43137593 10.7013029  12.96695712]
 [17.385958   13.43192303  7.47687127  6.0420419  15.01303535  1.13657278
   1.43569687  1.2925513   0.95074585  0.66012189  5.89743275]
 [ 2.26639366  6.68895375  4.39051738  1.57149772  1.86677175  0.9222434
   2.74863907  0.81560655  3.58613656  8.83880803  2.0042658 ]
 [ 4.71581435  4.17430224  7.6132078   9.74894918  0.86172951  5.5331507
   2.99595113  3.68463129  1.17743268  7.98908912  1.50826378]
 [ 1.00688756  2.48200547  0.58723804 11.38434932  1.56965704  0.71324312
  17.354702    1.54228782  1.26569579  4.69089742  1.55468751]
 [ 1.22482987  0.81297681 15.7001698   4.113407    3.68244025  4.49663958
  19.4291904  14.75533075  2.34337279 10.45800984  0.6249462 ]
 [ 0.90304261  2.1805713  15.4754317   8.65027046  2.23271165  1.47483345
   0.92336874  1.45610275 12.98266835  3.89291907  0.74668495]
 [ 7.63089499  2.64005844  1.08073586 18.22307417  9.37781716  6.01651416
   0.55626311  1.2949232   0.86835553  8.74797326  6.35239106]
 [ 0.50672379  1.316012    7.62518787  3.96938247  0.78196461  1.25941658
   1.07004662  0.94402539  0.64786555 14.24352214  0.81336313]
 [ 0.60868315  0.68860389 12.59887056 18.13303896 10.4733315   1.64315986
  14.36191027  0.95983696  3.46998689  1.10105075 15.79188932]]
Rv: [[ 3.03224001 10.11336001  7.00814025 12.89083107  1.11592017  1.27619423
   6.15896813  0.58943043 14.39380087 17.1862718 ]
 [ 0.79089261  1.37320496  0.55613634  5.83902356  5.07778761  1.33375288
   1.61624793  6.0972693   4.85890637  1.16322969]
 [ 2.86864908 11.09835779  8.53256693  9.46548569  0.77023962  0.5925951
   6.69415008 11.5813502   0.83033585  1.82099054]
 [ 5.26554473  0.88686433  1.64176187  6.06002093  9.34975135 11.60599433
   3.29950719 10.27916253  0.70464387  1.65912087]
 [14.6846677   0.59520983 15.80162667  6.69885249  1.33085904  3.64751773
  16.32028481  0.73762883  5.01057651 17.35276333]
 [16.35396702  8.04004772  2.19043526 11.59197654  0.51032837  2.05098129
   3.5927118  10.07459071  3.21449301  0.56093825]
 [ 1.95117194 16.61194124  2.37076153  1.47208142  1.44347955  0.78279707
  10.86116043 15.1455853   8.707749    1.05661519]
 [ 0.93887626  3.67317594  3.8312187   3.09208843  0.79947026  2.02058495
   1.28468176  1.72882299  0.62692569  0.5357854 ]
 [13.36901235 14.01160869  0.67593965  1.40614031  3.12428341  2.3599972
   2.86312164  8.48006439  0.75154567  0.63734804]]