-------Running parameters--------
T = 0.001
temperature_gradient = 0.0
gap = 0.0
M = 10
N = 10
VR = 0.0
Vmin = 0.0
Vmax = 3.0
vStep = 0.001
vSym = True
repeats = 50
fileName = array_10_10_disorder_c_std_0.9_r_std_9.5_cg_1_run_3
dist = exp
fullOutput = True
use_graph = False
current_map = True
plot_current_map = False
plot_binary_current_map = False
frame_norm = False
dbg = False
resume = False
sc = False
leaping = False
constQ = False
modifyR = False
double_time = False
double_loop = False
output_folder = bgu_2d_arrays_different_cg
params_path = 
VG_avg = 0.0
VG_std = 0.0
C_avg = 1.0
C_std = 0.9
CG_avg = 1.0
CG_std = 0.0
R_avg = 10.0
R_std = 9.5
custom_rh = ""
custom_rv = ""
custom_ch = ""
custom_cv = ""
RG_avg = 500.0
RG_std = 0.0
n0_avg = 0.0
n0_std = 0.0
Q0_avg = 0.0
Q0_std = 0.0
----Array Parameters-----
Rows: 10
Columns: 10
VG: [[0.]
 [0.]
 [0.]
 [0.]
 [0.]
 [0.]
 [0.]
 [0.]
 [0.]
 [0.]
 [0.]
 [0.]
 [0.]
 [0.]
 [0.]
 [0.]
 [0.]
 [0.]
 [0.]
 [0.]
 [0.]
 [0.]
 [0.]
 [0.]
 [0.]
 [0.]
 [0.]
 [0.]
 [0.]
 [0.]
 [0.]
 [0.]
 [0.]
 [0.]
 [0.]
 [0.]
 [0.]
 [0.]
 [0.]
 [0.]
 [0.]
 [0.]
 [0.]
 [0.]
 [0.]
 [0.]
 [0.]
 [0.]
 [0.]
 [0.]
 [0.]
 [0.]
 [0.]
 [0.]
 [0.]
 [0.]
 [0.]
 [0.]
 [0.]
 [0.]
 [0.]
 [0.]
 [0.]
 [0.]
 [0.]
 [0.]
 [0.]
 [0.]
 [0.]
 [0.]
 [0.]
 [0.]
 [0.]
 [0.]
 [0.]
 [0.]
 [0.]
 [0.]
 [0.]
 [0.]
 [0.]
 [0.]
 [0.]
 [0.]
 [0.]
 [0.]
 [0.]
 [0.]
 [0.]
 [0.]
 [0.]
 [0.]
 [0.]
 [0.]
 [0.]
 [0.]
 [0.]
 [0.]
 [0.]
 [0.]]
CG: [[1.]
 [1.]
 [1.]
 [1.]
 [1.]
 [1.]
 [1.]
 [1.]
 [1.]
 [1.]
 [1.]
 [1.]
 [1.]
 [1.]
 [1.]
 [1.]
 [1.]
 [1.]
 [1.]
 [1.]
 [1.]
 [1.]
 [1.]
 [1.]
 [1.]
 [1.]
 [1.]
 [1.]
 [1.]
 [1.]
 [1.]
 [1.]
 [1.]
 [1.]
 [1.]
 [1.]
 [1.]
 [1.]
 [1.]
 [1.]
 [1.]
 [1.]
 [1.]
 [1.]
 [1.]
 [1.]
 [1.]
 [1.]
 [1.]
 [1.]
 [1.]
 [1.]
 [1.]
 [1.]
 [1.]
 [1.]
 [1.]
 [1.]
 [1.]
 [1.]
 [1.]
 [1.]
 [1.]
 [1.]
 [1.]
 [1.]
 [1.]
 [1.]
 [1.]
 [1.]
 [1.]
 [1.]
 [1.]
 [1.]
 [1.]
 [1.]
 [1.]
 [1.]
 [1.]
 [1.]
 [1.]
 [1.]
 [1.]
 [1.]
 [1.]
 [1.]
 [1.]
 [1.]
 [1.]
 [1.]
 [1.]
 [1.]
 [1.]
 [1.]
 [1.]
 [1.]
 [1.]
 [1.]
 [1.]
 [1.]]
RG: [[500.]
 [500.]
 [500.]
 [500.]
 [500.]
 [500.]
 [500.]
 [500.]
 [500.]
 [500.]
 [500.]
 [500.]
 [500.]
 [500.]
 [500.]
 [500.]
 [500.]
 [500.]
 [500.]
 [500.]
 [500.]
 [500.]
 [500.]
 [500.]
 [500.]
 [500.]
 [500.]
 [500.]
 [500.]
 [500.]
 [500.]
 [500.]
 [500.]
 [500.]
 [500.]
 [500.]
 [500.]
 [500.]
 [500.]
 [500.]
 [500.]
 [500.]
 [500.]
 [500.]
 [500.]
 [500.]
 [500.]
 [500.]
 [500.]
 [500.]
 [500.]
 [500.]
 [500.]
 [500.]
 [500.]
 [500.]
 [500.]
 [500.]
 [500.]
 [500.]
 [500.]
 [500.]
 [500.]
 [500.]
 [500.]
 [500.]
 [500.]
 [500.]
 [500.]
 [500.]
 [500.]
 [500.]
 [500.]
 [500.]
 [500.]
 [500.]
 [500.]
 [500.]
 [500.]
 [500.]
 [500.]
 [500.]
 [500.]
 [500.]
 [500.]
 [500.]
 [500.]
 [500.]
 [500.]
 [500.]
 [500.]
 [500.]
 [500.]
 [500.]
 [500.]
 [500.]
 [500.]
 [500.]
 [500.]
 [500.]]
Ch: [[0.17423088 1.66679402 0.27796105 0.23423121 0.52648605 1.20114227
  0.1869636  0.84365793 0.11387747 0.8958119  0.66980239]
 [0.99378691 1.38322718 0.18851056 0.10827634 0.31044543 0.37035858
  0.73689381 0.1571645  0.51419275 1.27551322 0.10375885]
 [0.89258533 0.60003307 0.22348294 1.11889396 0.56567051 0.11944133
  0.58880977 0.12412009 0.10196798 0.10426725 0.10780652]
 [0.19515509 0.76975489 0.39459747 0.28017076 0.6339996  0.82291357
  0.37761456 1.15938909 0.47391481 0.16327224 0.1383123 ]
 [0.28052433 1.31155592 0.61118076 0.52579916 0.29532758 0.34031997
  1.82120578 1.19137418 0.14572495 1.16734589 0.19138194]
 [0.46991155 0.21339475 0.42944795 0.34511226 0.15327901 0.68348526
  1.24614275 0.18481171 1.65607913 0.95134729 0.77304424]
 [1.01246904 0.22389018 0.5564008  0.97998602 0.27675055 0.47931451
  0.3773056  0.26430873 0.13970709 0.3002971  0.24964043]
 [0.4734605  0.11201079 0.14927055 0.3663251  1.12967313 0.24534346
  0.97920161 0.28263933 1.0822175  0.34610256 1.55715836]
 [0.80045882 1.5681808  0.12400014 0.4152627  0.81087859 0.16483905
  0.46793559 0.24707448 0.13060184 0.58769239 0.58587286]
 [1.03785583 0.71916504 1.48887112 0.48258029 1.66815457 0.15290635
  0.45736165 1.30402313 0.36002367 0.72657011 0.49110386]]
Cv: [[0.         0.         0.         0.         0.         0.
  0.         0.         0.         0.        ]
 [0.20575645 0.17819998 0.85320154 1.13370871 0.15848512 0.153336
  1.35982954 0.59592873 0.82714476 1.22685914]
 [0.43643217 1.39263483 0.64277779 1.41382248 0.82413413 0.28477572
  0.31071626 0.94022538 0.38018321 1.30175293]
 [0.10877014 0.49500299 0.20821832 0.23191295 0.19832966 0.12627989
  1.17274855 0.45378486 1.63238865 0.27905274]
 [0.68267976 1.6306527  0.77720591 0.32634558 0.13228819 0.5452989
  0.10016187 0.20675232 0.13935887 0.11381901]
 [1.29119784 1.89027326 0.27202109 0.52362034 1.23248551 0.80728696
  0.15245344 1.86137967 1.42343012 1.72543373]
 [0.30689641 0.93309829 0.2416815  1.69279055 0.13019633 0.13695045
  1.33117805 0.96835571 0.66713727 0.10532931]
 [0.23086516 0.32844347 0.59311033 0.13372091 0.13014144 0.1190574
  0.42831755 0.2265366  0.59468159 0.2069345 ]
 [0.22719244 0.28186408 0.34573729 1.76342431 0.41323678 0.16865147
  0.23922274 0.97598211 0.77057768 0.74832968]
 [0.93270049 0.21432641 0.35132096 0.16250066 0.37555244 0.24785034
  0.10263496 0.17314569 0.66208077 0.46801272]]
Rh: [[ 5.8912631   8.86326017  7.60517068  1.38960573  4.47573862  1.55639305
   3.60496081  7.66684803  1.34181886  4.32284804  6.56610912]
 [ 6.0540275   7.97329551  9.34515598  0.73660357  1.24888598  4.99076722
   2.0351154  17.28951875  1.78291014  7.72795569 16.67062481]
 [ 9.67769467  1.40949851 14.2639645   2.63998165  1.42388979  1.10637198
   6.72643575  9.88329639  8.71253912  2.83419403 16.91402946]
 [ 8.00890208 14.44113283  1.67737562 18.71460846  1.0123736   3.80245599
   1.20989068  1.24250327  3.65855123  3.4927549   4.12683644]
 [ 2.78058172  0.71960759 11.7150086  13.36424841  2.54595864  2.68698155
   6.26970421  2.55971605  1.42309693  0.56770339  5.67385594]
 [ 2.81600572  2.43654923  1.56992908  4.81483223  4.48968702  4.11975671
  15.44878406  6.53441606 13.28986969  8.99483628 17.80873779]
 [18.75870494  0.66995109  1.15983311  4.64845948  4.08330816  1.43361045
  17.76386075  8.69815524  0.55355744  9.23927216  4.62615318]
 [17.21002153  1.14541811 16.81724013  8.53083243  0.84900246  0.59230226
   5.70987562  3.01258475  5.36055076  1.3022254  15.274849  ]
 [ 2.64555074  1.36087135  1.17782562  1.56617592  3.26362889 10.31803078
   0.69633167  1.13764912  0.59619459 15.75093863  1.2060165 ]
 [ 4.17295779  0.71449205 11.49396949  8.19133611  6.93698271  1.09293199
   6.30986842 10.72247269 18.46779404 16.214795   14.3951924 ]]
Rv: [[ 3.51283965  1.34381974  1.77618233  0.6101907   8.86074319  3.87350147
   1.2664409   0.67040211  0.90111308  2.68319693]
 [ 0.68901578  7.25043512  9.97835313  0.94849149  0.8317359   1.3385374
  10.99019957 18.68245552  0.54181327 16.12720187]
 [ 0.9172289   5.13373826 10.19011685  2.27042625  0.53504079  3.41335789
  12.72878343 10.08765109  0.84096555 15.06362777]
 [ 1.12551875  0.66002254  1.40652405  3.58712305  0.91780869  9.74342001
   6.22111002  9.97823567 12.30781386  5.05418998]
 [ 0.51993666  8.57789216  9.73338392  0.84419534 10.67613095 13.29127462
   1.31090521 13.1402925   0.51936917  1.72307199]
 [ 1.25380344  6.66053533  4.84251408  4.67940943 18.69134079  3.69619254
   9.54979185 17.50144034 11.90203955  1.81035782]
 [ 0.58682089  1.15977375  2.0972268   3.2544876  13.5827263   6.01140658
   1.31956236  3.70093708  1.29372637 13.44895903]
 [ 0.59704143  8.4630903   0.51087577  8.48981783  7.51988488  6.32870031
   1.44831533  0.53884279 13.98713512  0.52327138]
 [18.23220919  0.83894293  7.8575338   0.513855    8.16783389  3.10662839
   2.86381816  2.53198904  1.53849383  0.87616162]]