-------Running parameters--------
T = 0.001
temperature_gradient = 0.0
gap = 0.0
M = 10
N = 10
VR = 0.0
Vmin = 0.0
Vmax = 3.0
vStep = 0.001
vSym = True
repeats = 50
fileName = array_10_10_disorder_c_std_0.9_r_std_9.5_cg_1_run_4
dist = exp
fullOutput = True
use_graph = False
current_map = True
plot_current_map = False
plot_binary_current_map = False
frame_norm = False
dbg = False
resume = False
sc = False
leaping = False
constQ = False
modifyR = False
double_time = False
double_loop = False
output_folder = bgu_2d_arrays_different_cg
params_path = 
VG_avg = 0.0
VG_std = 0.0
C_avg = 1.0
C_std = 0.9
CG_avg = 1.0
CG_std = 0.0
R_avg = 10.0
R_std = 9.5
custom_rh = ""
custom_rv = ""
custom_ch = ""
custom_cv = ""
RG_avg = 500.0
RG_std = 0.0
n0_avg = 0.0
n0_std = 0.0
Q0_avg = 0.0
Q0_std = 0.0
----Array Parameters-----
Rows: 10
Columns: 10
VG: [[0.]
 [0.]
 [0.]
 [0.]
 [0.]
 [0.]
 [0.]
 [0.]
 [0.]
 [0.]
 [0.]
 [0.]
 [0.]
 [0.]
 [0.]
 [0.]
 [0.]
 [0.]
 [0.]
 [0.]
 [0.]
 [0.]
 [0.]
 [0.]
 [0.]
 [0.]
 [0.]
 [0.]
 [0.]
 [0.]
 [0.]
 [0.]
 [0.]
 [0.]
 [0.]
 [0.]
 [0.]
 [0.]
 [0.]
 [0.]
 [0.]
 [0.]
 [0.]
 [0.]
 [0.]
 [0.]
 [0.]
 [0.]
 [0.]
 [0.]
 [0.]
 [0.]
 [0.]
 [0.]
 [0.]
 [0.]
 [0.]
 [0.]
 [0.]
 [0.]
 [0.]
 [0.]
 [0.]
 [0.]
 [0.]
 [0.]
 [0.]
 [0.]
 [0.]
 [0.]
 [0.]
 [0.]
 [0.]
 [0.]
 [0.]
 [0.]
 [0.]
 [0.]
 [0.]
 [0.]
 [0.]
 [0.]
 [0.]
 [0.]
 [0.]
 [0.]
 [0.]
 [0.]
 [0.]
 [0.]
 [0.]
 [0.]
 [0.]
 [0.]
 [0.]
 [0.]
 [0.]
 [0.]
 [0.]
 [0.]]
CG: [[1.]
 [1.]
 [1.]
 [1.]
 [1.]
 [1.]
 [1.]
 [1.]
 [1.]
 [1.]
 [1.]
 [1.]
 [1.]
 [1.]
 [1.]
 [1.]
 [1.]
 [1.]
 [1.]
 [1.]
 [1.]
 [1.]
 [1.]
 [1.]
 [1.]
 [1.]
 [1.]
 [1.]
 [1.]
 [1.]
 [1.]
 [1.]
 [1.]
 [1.]
 [1.]
 [1.]
 [1.]
 [1.]
 [1.]
 [1.]
 [1.]
 [1.]
 [1.]
 [1.]
 [1.]
 [1.]
 [1.]
 [1.]
 [1.]
 [1.]
 [1.]
 [1.]
 [1.]
 [1.]
 [1.]
 [1.]
 [1.]
 [1.]
 [1.]
 [1.]
 [1.]
 [1.]
 [1.]
 [1.]
 [1.]
 [1.]
 [1.]
 [1.]
 [1.]
 [1.]
 [1.]
 [1.]
 [1.]
 [1.]
 [1.]
 [1.]
 [1.]
 [1.]
 [1.]
 [1.]
 [1.]
 [1.]
 [1.]
 [1.]
 [1.]
 [1.]
 [1.]
 [1.]
 [1.]
 [1.]
 [1.]
 [1.]
 [1.]
 [1.]
 [1.]
 [1.]
 [1.]
 [1.]
 [1.]
 [1.]]
RG: [[500.]
 [500.]
 [500.]
 [500.]
 [500.]
 [500.]
 [500.]
 [500.]
 [500.]
 [500.]
 [500.]
 [500.]
 [500.]
 [500.]
 [500.]
 [500.]
 [500.]
 [500.]
 [500.]
 [500.]
 [500.]
 [500.]
 [500.]
 [500.]
 [500.]
 [500.]
 [500.]
 [500.]
 [500.]
 [500.]
 [500.]
 [500.]
 [500.]
 [500.]
 [500.]
 [500.]
 [500.]
 [500.]
 [500.]
 [500.]
 [500.]
 [500.]
 [500.]
 [500.]
 [500.]
 [500.]
 [500.]
 [500.]
 [500.]
 [500.]
 [500.]
 [500.]
 [500.]
 [500.]
 [500.]
 [500.]
 [500.]
 [500.]
 [500.]
 [500.]
 [500.]
 [500.]
 [500.]
 [500.]
 [500.]
 [500.]
 [500.]
 [500.]
 [500.]
 [500.]
 [500.]
 [500.]
 [500.]
 [500.]
 [500.]
 [500.]
 [500.]
 [500.]
 [500.]
 [500.]
 [500.]
 [500.]
 [500.]
 [500.]
 [500.]
 [500.]
 [500.]
 [500.]
 [500.]
 [500.]
 [500.]
 [500.]
 [500.]
 [500.]
 [500.]
 [500.]
 [500.]
 [500.]
 [500.]
 [500.]]
Ch: [[0.11001349 0.8952768  0.30586714 0.6272179  0.81153453 1.1423685
  0.33698683 0.12303157 0.2623414  0.19981524 0.59800227]
 [1.56233294 1.56852547 0.19782133 0.37668284 0.16423132 0.41050078
  0.1349914  0.25337631 0.37364363 0.68354595 0.35347864]
 [1.3536838  0.1306086  0.26213786 0.49199356 1.56454787 0.65674743
  1.16419698 0.12814013 0.54232113 0.8686722  0.54152797]
 [0.17062057 0.18754162 0.49201438 0.5220425  0.44992517 0.12951422
  0.34405354 1.01502055 0.77260359 0.31450535 1.21387785]
 [0.5379564  0.29456728 0.53206061 0.62316725 0.20442048 1.52864332
  0.15764669 0.18289581 0.22168022 0.44203156 1.25759458]
 [0.22195898 0.13242588 0.38067872 0.10591035 0.19593368 0.1395927
  0.11169717 1.16066758 0.14633612 0.4535632  0.56842844]
 [0.43365748 0.1365009  0.32800426 1.75589339 0.33358007 0.35346123
  0.13362536 0.47259215 0.4563697  0.57968735 0.2944138 ]
 [0.67943951 0.19654351 1.83531803 1.3554732  0.58657159 0.50399533
  0.5548346  1.14432996 1.5851646  1.07223382 0.46740784]
 [1.56589843 0.25986919 0.85030727 0.83582745 0.16923146 0.10673748
  0.15636858 0.27271397 1.67663933 0.55630756 1.05041497]
 [0.44463916 0.19236299 0.80773088 0.19183963 0.33335795 0.2172369
  0.39190423 1.25092848 1.16194859 1.8767773  0.54431294]]
Cv: [[0.         0.         0.         0.         0.         0.
  0.         0.         0.         0.        ]
 [0.11092624 0.18187538 1.10302761 1.62619994 0.16947984 0.30458484
  0.38749088 0.86779494 0.25805394 0.16191912]
 [0.86922645 0.45203756 0.63974055 0.16902695 1.48563461 0.14754443
  0.53619072 0.2196627  0.15827367 0.23856717]
 [0.37082147 1.47688177 0.92282534 0.15551531 0.22794144 0.73006936
  1.87764649 0.10276919 0.18439717 1.55944934]
 [0.19305848 0.68689428 0.96692587 0.39241786 0.40211037 0.5669434
  0.11880651 1.03083706 1.74061769 1.00044386]
 [0.11772603 0.60834383 0.22845162 0.65496431 0.63982181 1.15793184
  0.17253017 1.84813954 0.81063906 0.13895779]
 [0.58905599 0.83994951 0.79792561 0.41530307 0.13267123 0.61416327
  1.79168407 0.36812321 1.55239158 0.94173725]
 [0.38062957 0.25811434 0.20276428 0.49084485 0.32037883 1.29547375
  0.50954162 1.73093656 0.10638637 0.20594935]
 [0.2550141  1.11754889 0.65531121 0.58846517 0.1627011  0.16185427
  0.50653621 0.32331932 1.07906046 0.13523269]
 [0.61491781 0.2933095  0.56966784 1.52995327 0.14617419 0.23478579
  0.11892308 0.16632926 0.83642959 0.18123754]]
Rh: [[ 9.95165688  7.30552433  6.92356679  1.93126703  1.22463267  1.55222257
   1.8804335   1.72145464  0.83102508  7.3605626   1.93500431]
 [ 8.97559652  2.15054667  0.51106213  0.86117644  5.20113199  0.54084605
   0.50097293  3.38142973  0.82140626 16.97424992  4.01348991]
 [ 2.88513181 18.41724556  1.77579373 15.6775412   2.40162917  2.93904078
  15.33851088 11.84671879  8.94502761  4.91059075  1.17794685]
 [15.91976352  3.14680667  0.74647643  0.84267199  0.99507663  3.37648225
   0.51502357 15.50270415  6.96028299  4.70830425  0.67438961]
 [10.64210629 17.68646442  1.88390275  5.25664198  1.62222933  1.01547933
   0.86734631 12.9274074  11.91837352  6.29075674  4.03482169]
 [ 0.78338697  4.66924264 19.23423634  2.94644515  4.17483204 15.44912722
   6.80293826  0.93266153  9.56810464  0.86964849  1.51641501]
 [13.32391735 13.91989576 17.57460394 10.10319235  5.83655302  6.17452964
   3.48283408  1.86645266  0.90064667  7.0075749   4.71798163]
 [ 1.93109657 14.74920374  2.74705692 15.95546667 16.13440537  5.22297691
   0.74255092 12.63043547  0.62061803  7.73551232  0.90979126]
 [ 3.51912344  3.26171664  5.83224854  6.83750844 14.17392484  8.9640843
   0.75090926 14.73444879  2.68043778  0.93684092  1.28919075]
 [ 1.0462801   1.22890793  3.28307811  0.5514552   0.67938587  2.56517795
   1.95330896  4.24319691  1.11426891  7.58231528  2.7166046 ]]
Rv: [[ 0.91391368  4.52918871 14.96249441  2.54050055  1.01607933  0.74931793
   5.5344557   2.72538689  1.62784788  1.94491078]
 [ 1.29252399  0.82993989  2.07011009  3.80766827 14.46395006  0.74386115
   3.17816681  0.95283116  7.4467397  16.38232634]
 [ 2.46047804  0.90915561 12.36059097  2.40259306 12.96552193  0.69707453
   1.52660503  0.50435852 12.83438284  3.25033041]
 [ 0.70148137  0.50657379  0.60792145 12.88141382 10.40544084  2.13005386
   6.82486068 16.3963235   0.66278628  1.25028013]
 [ 1.10977815  0.69283294  2.63254786  0.58408078  4.48283168  2.07750784
   4.21722488  0.52236874 18.27150935  3.49466425]
 [10.73329484  9.01857493  8.4536127   3.46680568 17.82647099 16.7546881
   3.90074788  3.04012703  1.31196065  0.57842935]
 [ 0.74342243  0.60378319  1.95317206  0.5831482   0.67307612  1.32357143
   2.17648631  7.40294184 13.69533786 19.3721764 ]
 [ 5.36590054  8.14982447 13.78753412  1.75824348  5.45530722  8.53936289
   0.75681773  4.26329986  5.7828478  11.0970522 ]
 [12.41495515  8.63053861 19.41904311 13.26353307  2.40715377  1.46192922
   6.55188762  6.36859907  1.43888549 14.31958107]]