-------Running parameters--------
T = 0.001
temperature_gradient = 0.0
gap = 0.0
M = 10
N = 10
VR = 0.0
Vmin = 0.0
Vmax = 3.0
vStep = 0.001
vSym = True
repeats = 50
fileName = array_10_10_disorder_c_std_0.9_r_std_9.5_cg_5_run_5
dist = exp
fullOutput = True
use_graph = False
current_map = True
plot_current_map = False
plot_binary_current_map = False
frame_norm = False
dbg = False
resume = False
sc = False
leaping = False
constQ = False
modifyR = False
double_time = False
double_loop = False
output_folder = bgu_2d_arrays_different_cg
params_path = 
VG_avg = 0.0
VG_std = 0.0
C_avg = 1.0
C_std = 0.9
CG_avg = 5.0
CG_std = 0.0
R_avg = 10.0
R_std = 9.5
custom_rh = ""
custom_rv = ""
custom_ch = ""
custom_cv = ""
RG_avg = 500.0
RG_std = 0.0
n0_avg = 0.0
n0_std = 0.0
Q0_avg = 0.0
Q0_std = 0.0
----Array Parameters-----
Rows: 10
Columns: 10
VG: [[0.]
 [0.]
 [0.]
 [0.]
 [0.]
 [0.]
 [0.]
 [0.]
 [0.]
 [0.]
 [0.]
 [0.]
 [0.]
 [0.]
 [0.]
 [0.]
 [0.]
 [0.]
 [0.]
 [0.]
 [0.]
 [0.]
 [0.]
 [0.]
 [0.]
 [0.]
 [0.]
 [0.]
 [0.]
 [0.]
 [0.]
 [0.]
 [0.]
 [0.]
 [0.]
 [0.]
 [0.]
 [0.]
 [0.]
 [0.]
 [0.]
 [0.]
 [0.]
 [0.]
 [0.]
 [0.]
 [0.]
 [0.]
 [0.]
 [0.]
 [0.]
 [0.]
 [0.]
 [0.]
 [0.]
 [0.]
 [0.]
 [0.]
 [0.]
 [0.]
 [0.]
 [0.]
 [0.]
 [0.]
 [0.]
 [0.]
 [0.]
 [0.]
 [0.]
 [0.]
 [0.]
 [0.]
 [0.]
 [0.]
 [0.]
 [0.]
 [0.]
 [0.]
 [0.]
 [0.]
 [0.]
 [0.]
 [0.]
 [0.]
 [0.]
 [0.]
 [0.]
 [0.]
 [0.]
 [0.]
 [0.]
 [0.]
 [0.]
 [0.]
 [0.]
 [0.]
 [0.]
 [0.]
 [0.]
 [0.]]
CG: [[5.]
 [5.]
 [5.]
 [5.]
 [5.]
 [5.]
 [5.]
 [5.]
 [5.]
 [5.]
 [5.]
 [5.]
 [5.]
 [5.]
 [5.]
 [5.]
 [5.]
 [5.]
 [5.]
 [5.]
 [5.]
 [5.]
 [5.]
 [5.]
 [5.]
 [5.]
 [5.]
 [5.]
 [5.]
 [5.]
 [5.]
 [5.]
 [5.]
 [5.]
 [5.]
 [5.]
 [5.]
 [5.]
 [5.]
 [5.]
 [5.]
 [5.]
 [5.]
 [5.]
 [5.]
 [5.]
 [5.]
 [5.]
 [5.]
 [5.]
 [5.]
 [5.]
 [5.]
 [5.]
 [5.]
 [5.]
 [5.]
 [5.]
 [5.]
 [5.]
 [5.]
 [5.]
 [5.]
 [5.]
 [5.]
 [5.]
 [5.]
 [5.]
 [5.]
 [5.]
 [5.]
 [5.]
 [5.]
 [5.]
 [5.]
 [5.]
 [5.]
 [5.]
 [5.]
 [5.]
 [5.]
 [5.]
 [5.]
 [5.]
 [5.]
 [5.]
 [5.]
 [5.]
 [5.]
 [5.]
 [5.]
 [5.]
 [5.]
 [5.]
 [5.]
 [5.]
 [5.]
 [5.]
 [5.]
 [5.]]
RG: [[500.]
 [500.]
 [500.]
 [500.]
 [500.]
 [500.]
 [500.]
 [500.]
 [500.]
 [500.]
 [500.]
 [500.]
 [500.]
 [500.]
 [500.]
 [500.]
 [500.]
 [500.]
 [500.]
 [500.]
 [500.]
 [500.]
 [500.]
 [500.]
 [500.]
 [500.]
 [500.]
 [500.]
 [500.]
 [500.]
 [500.]
 [500.]
 [500.]
 [500.]
 [500.]
 [500.]
 [500.]
 [500.]
 [500.]
 [500.]
 [500.]
 [500.]
 [500.]
 [500.]
 [500.]
 [500.]
 [500.]
 [500.]
 [500.]
 [500.]
 [500.]
 [500.]
 [500.]
 [500.]
 [500.]
 [500.]
 [500.]
 [500.]
 [500.]
 [500.]
 [500.]
 [500.]
 [500.]
 [500.]
 [500.]
 [500.]
 [500.]
 [500.]
 [500.]
 [500.]
 [500.]
 [500.]
 [500.]
 [500.]
 [500.]
 [500.]
 [500.]
 [500.]
 [500.]
 [500.]
 [500.]
 [500.]
 [500.]
 [500.]
 [500.]
 [500.]
 [500.]
 [500.]
 [500.]
 [500.]
 [500.]
 [500.]
 [500.]
 [500.]
 [500.]
 [500.]
 [500.]
 [500.]
 [500.]
 [500.]]
Ch: [[1.17796631 0.31162281 0.98819795 0.14757339 1.21753577 0.15445738
  0.13481806 1.60236811 0.66703813 0.17699212 0.38222058]
 [0.24203957 0.10822222 0.1935762  1.31280404 0.27414844 0.32400538
  1.48511593 0.45404664 0.73120544 0.66261948 1.27339196]
 [1.13048769 0.10380044 0.12262714 1.13390855 0.4501816  0.17992141
  0.77665589 0.14170815 0.38065279 1.88328704 1.39157653]
 [0.47399544 1.28946582 0.10948385 0.75050932 0.30725894 0.12053293
  0.52434269 0.36644185 1.73525482 0.57959059 0.56525423]
 [0.39871717 1.05829102 0.81753551 1.75490807 1.74202889 0.2916379
  0.75403885 1.50596887 0.17036337 1.56377182 0.34450228]
 [0.28132972 0.87878978 0.16977797 0.5882718  0.80980775 0.11147058
  0.11575023 0.7678835  1.02989112 0.60841498 0.15365252]
 [0.61751735 0.75003743 0.30643308 0.23201908 0.441644   0.67533811
  0.39661991 0.70628662 0.52159548 0.37595234 0.14168987]
 [1.88900933 0.42833002 0.25657191 0.23144733 1.31314871 1.25470292
  0.53174344 0.38545735 1.30696821 0.32067668 1.55037292]
 [0.85413722 0.42130821 0.57421089 0.55831309 1.01670567 0.11130529
  0.24562966 0.29728747 0.1927835  0.31875353 0.44417065]
 [0.12363805 0.25989387 0.67479711 0.51230741 0.63149735 0.16267854
  0.15098448 0.10117557 0.30286239 0.21311547 0.24873072]]
Cv: [[0.         0.         0.         0.         0.         0.
  0.         0.         0.         0.        ]
 [0.58599021 0.55596909 0.93139906 0.75169282 0.11681242 1.12928391
  1.03592754 0.2559206  0.42925426 1.18230702]
 [0.39927842 0.46136645 0.41432395 0.12296847 1.0663962  0.13544212
  1.22280753 0.59060731 1.56663893 0.10037712]
 [0.22791014 0.38100536 0.93745474 0.50808471 0.30543214 0.84764524
  1.85604987 0.33150337 0.74038455 0.10279681]
 [0.33231279 0.90910499 0.4537323  0.16302121 1.50299529 0.65766422
  0.24543873 0.50866472 0.34463272 1.82570945]
 [0.17429392 0.4341328  0.8524563  1.8630698  0.90261068 0.12015136
  0.47065923 0.80614058 0.1271757  0.2626045 ]
 [0.14214564 0.11183673 0.22100434 0.12639112 1.56551415 0.31367638
  0.15988289 0.45007945 0.22887364 0.79123076]
 [1.01746277 0.21882079 0.67435483 0.36978566 1.10001421 0.40574662
  0.78250192 0.16854995 0.38170155 0.21651967]
 [0.97139481 0.91157783 0.20050109 0.35236731 0.22278653 1.8239187
  0.81237981 0.30692146 0.36042542 0.13591783]
 [0.21457371 0.87934545 0.25916878 0.23024158 0.8699926  0.3448414
  0.77129401 0.59138423 0.60247923 0.18299035]]
Rh: [[ 2.06325958  2.29156169  5.52584029 12.23850951  0.69754036  8.45677671
   0.73869537  1.90895456  1.81992341 12.47223574  0.78505718]
 [ 0.64128989  9.21485969  0.69624489 12.24658037  1.27870377  0.61058586
   9.14895518 17.96731151  0.81129507  2.77987455  0.55725983]
 [ 0.98179534  4.18593331  0.68397153  1.25998804  1.58842983  0.52860851
   3.49404209 12.61379848  5.63567143  3.11031581  0.6779419 ]
 [ 1.9882553   0.8299239   3.40083081  2.35748226  2.53597521 19.2662779
   8.29102897  2.914935    1.03141256  1.50434852 16.53560865]
 [ 4.1810751   2.92128973  0.63749806 12.54192091  1.08227981  0.53147737
   1.67680721 11.04056406  2.52681887 10.41870957  1.65636426]
 [ 7.19223552  3.83082998  5.93448429  2.97086686  2.50802967  1.74279313
   2.65854696  2.08281676 17.2380597   0.56879343  1.70750625]
 [ 4.05548338  4.04822733  5.49593982  3.02294727 10.05038781  2.80217157
   1.41605483  8.54353464 14.96062699  1.10677591 11.47832122]
 [ 1.78445727  5.34831614  4.79115064 17.26350333  7.75977994  3.77245313
   0.86616059 14.84990261  6.02252868  0.93382113  1.47895415]
 [ 1.32727741  1.12432913  1.39411723 16.54171316  0.76043621  6.42875967
   0.54373762  0.97184423  1.08810975  9.49562099  9.0332833 ]
 [ 1.03476006 15.91886801  0.90495624  1.42488016  3.61555706 12.3826081
   0.59153323  6.03156757  0.83821817  3.56114292  0.8611592 ]]
Rv: [[ 9.49647387  1.06399497 12.66028585 15.40794303 17.35404684  8.24044615
  14.54155221 10.99280943  0.81207355  0.63623064]
 [10.58883549  2.73284229  6.96660584 15.24060105  0.98715364  5.20898878
   7.04726562 14.68033681  0.89059062  1.54874081]
 [ 7.50989593  8.05779448  0.51010659 16.23309279  0.67523827  3.06690778
  16.7634717   1.1209997   0.60406426 16.82220613]
 [15.41927427 11.36509077  2.40206741  1.41584848  1.01456703  1.13168692
   1.20896802  0.67395263 11.83710197  3.56618979]
 [16.62914251  0.88688419  2.645352    0.76558583  2.6505401   4.82626034
   0.82820846  3.7131075   1.04825462  1.47744852]
 [ 1.41572722  0.66555447 17.17142304  2.65833216  9.37435821  3.68381095
   4.70342061 14.82704492  1.52885014  9.06979972]
 [ 3.90156543  1.21789963  0.58691201  6.19244471  4.45228156  0.58979659
   4.00372133  4.94883316  0.57676877  8.72341403]
 [ 5.95741418  1.23076094 16.12817935  0.83038651  3.51481596  7.92108018
   0.56295134 10.83169698  4.14321407  4.97909189]
 [ 7.71057255  8.58697572  1.18245817  9.40527128  0.89778414  0.7548927
   8.77632672  4.40913476  2.70237637  9.09536465]]