-------Running parameters--------
T = 0.001
temperature_gradient = 0.0
gap = 0.0
M = 10
N = 10
VR = 0.0
Vmin = 0.0
Vmax = 3.0
vStep = 0.001
vSym = True
repeats = 50
fileName = array_10_10_disorder_c_std_0.9_r_std_9.5_cg_2_run_9
dist = exp
fullOutput = True
use_graph = False
current_map = True
plot_current_map = False
plot_binary_current_map = False
frame_norm = False
dbg = False
resume = False
sc = False
leaping = False
constQ = False
modifyR = False
double_time = False
double_loop = False
output_folder = bgu_2d_arrays_different_cg
params_path = 
VG_avg = 0.0
VG_std = 0.0
C_avg = 1.0
C_std = 0.9
CG_avg = 2.0
CG_std = 0.0
R_avg = 10.0
R_std = 9.5
custom_rh = ""
custom_rv = ""
custom_ch = ""
custom_cv = ""
RG_avg = 500.0
RG_std = 0.0
n0_avg = 0.0
n0_std = 0.0
Q0_avg = 0.0
Q0_std = 0.0
----Array Parameters-----
Rows: 10
Columns: 10
VG: [[0.]
 [0.]
 [0.]
 [0.]
 [0.]
 [0.]
 [0.]
 [0.]
 [0.]
 [0.]
 [0.]
 [0.]
 [0.]
 [0.]
 [0.]
 [0.]
 [0.]
 [0.]
 [0.]
 [0.]
 [0.]
 [0.]
 [0.]
 [0.]
 [0.]
 [0.]
 [0.]
 [0.]
 [0.]
 [0.]
 [0.]
 [0.]
 [0.]
 [0.]
 [0.]
 [0.]
 [0.]
 [0.]
 [0.]
 [0.]
 [0.]
 [0.]
 [0.]
 [0.]
 [0.]
 [0.]
 [0.]
 [0.]
 [0.]
 [0.]
 [0.]
 [0.]
 [0.]
 [0.]
 [0.]
 [0.]
 [0.]
 [0.]
 [0.]
 [0.]
 [0.]
 [0.]
 [0.]
 [0.]
 [0.]
 [0.]
 [0.]
 [0.]
 [0.]
 [0.]
 [0.]
 [0.]
 [0.]
 [0.]
 [0.]
 [0.]
 [0.]
 [0.]
 [0.]
 [0.]
 [0.]
 [0.]
 [0.]
 [0.]
 [0.]
 [0.]
 [0.]
 [0.]
 [0.]
 [0.]
 [0.]
 [0.]
 [0.]
 [0.]
 [0.]
 [0.]
 [0.]
 [0.]
 [0.]
 [0.]]
CG: [[2.]
 [2.]
 [2.]
 [2.]
 [2.]
 [2.]
 [2.]
 [2.]
 [2.]
 [2.]
 [2.]
 [2.]
 [2.]
 [2.]
 [2.]
 [2.]
 [2.]
 [2.]
 [2.]
 [2.]
 [2.]
 [2.]
 [2.]
 [2.]
 [2.]
 [2.]
 [2.]
 [2.]
 [2.]
 [2.]
 [2.]
 [2.]
 [2.]
 [2.]
 [2.]
 [2.]
 [2.]
 [2.]
 [2.]
 [2.]
 [2.]
 [2.]
 [2.]
 [2.]
 [2.]
 [2.]
 [2.]
 [2.]
 [2.]
 [2.]
 [2.]
 [2.]
 [2.]
 [2.]
 [2.]
 [2.]
 [2.]
 [2.]
 [2.]
 [2.]
 [2.]
 [2.]
 [2.]
 [2.]
 [2.]
 [2.]
 [2.]
 [2.]
 [2.]
 [2.]
 [2.]
 [2.]
 [2.]
 [2.]
 [2.]
 [2.]
 [2.]
 [2.]
 [2.]
 [2.]
 [2.]
 [2.]
 [2.]
 [2.]
 [2.]
 [2.]
 [2.]
 [2.]
 [2.]
 [2.]
 [2.]
 [2.]
 [2.]
 [2.]
 [2.]
 [2.]
 [2.]
 [2.]
 [2.]
 [2.]]
RG: [[500.]
 [500.]
 [500.]
 [500.]
 [500.]
 [500.]
 [500.]
 [500.]
 [500.]
 [500.]
 [500.]
 [500.]
 [500.]
 [500.]
 [500.]
 [500.]
 [500.]
 [500.]
 [500.]
 [500.]
 [500.]
 [500.]
 [500.]
 [500.]
 [500.]
 [500.]
 [500.]
 [500.]
 [500.]
 [500.]
 [500.]
 [500.]
 [500.]
 [500.]
 [500.]
 [500.]
 [500.]
 [500.]
 [500.]
 [500.]
 [500.]
 [500.]
 [500.]
 [500.]
 [500.]
 [500.]
 [500.]
 [500.]
 [500.]
 [500.]
 [500.]
 [500.]
 [500.]
 [500.]
 [500.]
 [500.]
 [500.]
 [500.]
 [500.]
 [500.]
 [500.]
 [500.]
 [500.]
 [500.]
 [500.]
 [500.]
 [500.]
 [500.]
 [500.]
 [500.]
 [500.]
 [500.]
 [500.]
 [500.]
 [500.]
 [500.]
 [500.]
 [500.]
 [500.]
 [500.]
 [500.]
 [500.]
 [500.]
 [500.]
 [500.]
 [500.]
 [500.]
 [500.]
 [500.]
 [500.]
 [500.]
 [500.]
 [500.]
 [500.]
 [500.]
 [500.]
 [500.]
 [500.]
 [500.]
 [500.]]
Ch: [[0.28923153 0.12754743 0.58147781 1.46487656 0.23630763 0.36950114
  0.54168113 0.13318199 0.37503305 0.23796083 1.76252208]
 [0.34892003 0.50114297 0.3267777  0.11430198 1.05052291 1.20655356
  0.42591283 0.27033414 0.11487837 0.74884587 0.22133194]
 [0.69928747 0.2933115  0.64910191 1.05030456 0.32584025 0.74153769
  1.0117722  0.19641996 0.64543079 0.13167114 0.28501675]
 [0.91836136 0.27520896 0.42908698 0.40065923 0.23024608 1.30316229
  0.10619218 1.55126528 0.13690587 0.1036346  0.32723123]
 [0.1163472  0.67364808 0.51409317 1.89748614 1.55899169 0.10400995
  0.2023212  0.47222054 1.58725984 0.44914823 0.6649799 ]
 [0.33946362 0.66591945 0.27471842 0.78989502 0.17119285 0.14648939
  0.52757301 0.81016095 0.83266074 1.22229919 0.10680864]
 [0.30712005 0.10218156 0.3900943  0.51580047 0.81450731 0.10898444
  0.13751416 1.08009094 0.19491012 0.46418272 1.0011187 ]
 [0.27901087 0.18679632 0.15927944 1.2520702  0.86827619 0.83499315
  0.21709581 0.10893416 0.80151225 1.62256081 0.21969228]
 [0.23069072 0.35768866 0.64364641 0.16023091 0.16009148 1.4252155
  1.74980241 0.21057045 1.7535519  0.6170261  0.70563289]
 [0.91028318 1.15315529 0.14685653 0.74654206 0.23580236 0.8620356
  0.499512   0.77485012 0.32284039 1.28443488 0.21070567]]
Cv: [[0.         0.         0.         0.         0.         0.
  0.         0.         0.         0.        ]
 [0.10645424 0.73143141 0.26791438 0.78015207 0.90004594 0.26900985
  0.18019902 0.11737839 1.44247301 0.8602558 ]
 [0.30166636 0.27045358 0.42495888 0.13894387 0.29913579 0.70739062
  0.26830975 0.17869408 1.18418279 0.46345798]
 [0.14501661 0.43705717 1.3767679  1.49811949 0.20308262 0.20619907
  0.30520897 0.117631   1.72728388 0.78265414]
 [1.56029796 0.96338872 0.21128965 0.22521259 0.15903633 0.38456812
  0.12211068 0.33044768 1.66923849 0.40368437]
 [0.65351048 1.26036027 0.16578631 1.67474405 0.1361819  0.11551623
  0.16628273 0.19359274 0.1163867  0.45586892]
 [0.10105058 0.33683617 0.13011699 0.12645691 1.51338401 1.1203534
  1.06924829 0.44143416 1.28009886 0.10310188]
 [0.42056039 0.79082706 0.28640674 0.41766539 0.48674613 0.30395509
  0.60656537 0.2309763  0.27770564 1.52305984]
 [0.23928078 0.17989158 0.140431   0.30850452 0.24648813 0.72014885
  0.33066807 0.22743036 1.89423009 0.67245579]
 [0.12395845 0.33405091 0.27363149 0.15833138 0.45336835 1.72444068
  0.33348247 0.43108758 0.11222291 0.12623747]]
Rh: [[ 3.89602421 19.27017717 15.27700017  0.69193659  0.75147226 10.75123837
   0.70055731  1.2693235   0.85443741  0.86471453  4.8003272 ]
 [ 0.50672425  0.758225    0.95834796  2.40131319  1.07552932  2.51135376
   1.12335717  1.06197544  1.13556191  2.61246282  1.88189415]
 [14.84641614  1.48750433  4.46270601  2.04457743  1.28169997  5.97491608
   2.67796885 17.3032729   8.68070886  7.41573318 10.58388441]
 [ 5.14809365  1.76391942  2.55342243 18.46169483  4.65243309  6.58702277
   2.92971462  4.94257777  9.82788967  5.99762952 17.64212705]
 [ 0.64176362  1.57570697  1.23115908  6.19880068  3.51238874  8.21992533
   0.68626261  9.4677489   0.61679186  5.27234722  0.90601623]
 [ 0.72341832  1.27584626  2.65478185  0.61937038  6.2543822  14.47778361
   4.28501346  8.21117089  3.35954292 14.79041932  0.58947043]
 [ 1.3953181   1.13196055  7.25199099  4.64687484  0.51344999  0.81410596
   4.65813728 17.44450004  4.97861067  1.66650735  9.11905001]
 [ 1.38483492  6.37453904  8.15567729  6.58424845 10.03006555  2.87892011
   1.0290822   1.17852364  1.56892837  1.08975861  1.44929697]
 [ 0.60438667  1.81337189  1.29669502  1.86695737  3.83204612 18.58748795
   2.73087979  3.45052923  2.02277127  1.27393691  3.00410416]
 [ 1.23631706  4.39277927  5.63911376  7.14940627  0.84128017  1.3869746
   6.29138562  8.13641037  1.40887529  4.6260223   0.61492178]]
Rv: [[ 0.60246342  3.98522004  3.11769954  4.32059583 13.89698014  4.97657107
   5.61645872 18.02183265  3.10743245  0.59914038]
 [ 0.70432629  0.51185936  1.36848797  1.54142681  3.63086591  3.15599155
   1.03086017 13.92109589 10.93585342 14.25867005]
 [ 5.54487543  1.3694183  12.63095875 18.08812214  5.558849    1.41627852
   0.84698016  2.11856219  6.31994455  8.713101  ]
 [ 8.00580896  4.68058557  4.3288545  12.90123619  0.99210365 11.38013237
   7.03593815  2.33505663  2.24485888  0.64783001]
 [ 0.68731129  3.55139203  3.78682417  1.28103142  0.88403231 10.23061132
  15.9783551   8.67311085  8.41655855  1.5944407 ]
 [ 5.56625749  0.59498338  6.09580444 11.59320982  2.37693362  3.6408752
   2.93580298  7.0662499   2.9416174   1.53387081]
 [ 1.97948819  2.19723103  1.02463049  1.99936367  1.80962957  0.73761149
   3.38185191  0.71912673  5.37734012  1.85971381]
 [ 0.81412776 17.82056652  0.64923915  1.79452489  2.91331698 18.18703921
  12.8100382   0.73634573  1.39121011  5.92162504]
 [ 9.37156593 15.75796317  0.75067866  0.54287782  5.10928569  6.85656881
   1.78617462  9.3695815   0.55703548  4.29655535]]