-------Running parameters--------
T = 0.001
temperature_gradient = 0.0
gap = 0.0
M = 10
N = 10
VR = 0.0
Vmin = 0.0
Vmax = 3.0
vStep = 0.001
vSym = True
repeats = 50
fileName = array_10_10_disorder_c_std_0.9_r_std_9.5_cg_1_run_9
dist = exp
fullOutput = True
use_graph = False
current_map = True
plot_current_map = False
plot_binary_current_map = False
frame_norm = False
dbg = False
resume = False
sc = False
leaping = False
constQ = False
modifyR = False
double_time = False
double_loop = False
output_folder = bgu_2d_arrays_different_cg
params_path = 
VG_avg = 0.0
VG_std = 0.0
C_avg = 1.0
C_std = 0.9
CG_avg = 1.0
CG_std = 0.0
R_avg = 10.0
R_std = 9.5
custom_rh = ""
custom_rv = ""
custom_ch = ""
custom_cv = ""
RG_avg = 500.0
RG_std = 0.0
n0_avg = 0.0
n0_std = 0.0
Q0_avg = 0.0
Q0_std = 0.0
----Array Parameters-----
Rows: 10
Columns: 10
VG: [[0.]
 [0.]
 [0.]
 [0.]
 [0.]
 [0.]
 [0.]
 [0.]
 [0.]
 [0.]
 [0.]
 [0.]
 [0.]
 [0.]
 [0.]
 [0.]
 [0.]
 [0.]
 [0.]
 [0.]
 [0.]
 [0.]
 [0.]
 [0.]
 [0.]
 [0.]
 [0.]
 [0.]
 [0.]
 [0.]
 [0.]
 [0.]
 [0.]
 [0.]
 [0.]
 [0.]
 [0.]
 [0.]
 [0.]
 [0.]
 [0.]
 [0.]
 [0.]
 [0.]
 [0.]
 [0.]
 [0.]
 [0.]
 [0.]
 [0.]
 [0.]
 [0.]
 [0.]
 [0.]
 [0.]
 [0.]
 [0.]
 [0.]
 [0.]
 [0.]
 [0.]
 [0.]
 [0.]
 [0.]
 [0.]
 [0.]
 [0.]
 [0.]
 [0.]
 [0.]
 [0.]
 [0.]
 [0.]
 [0.]
 [0.]
 [0.]
 [0.]
 [0.]
 [0.]
 [0.]
 [0.]
 [0.]
 [0.]
 [0.]
 [0.]
 [0.]
 [0.]
 [0.]
 [0.]
 [0.]
 [0.]
 [0.]
 [0.]
 [0.]
 [0.]
 [0.]
 [0.]
 [0.]
 [0.]
 [0.]]
CG: [[1.]
 [1.]
 [1.]
 [1.]
 [1.]
 [1.]
 [1.]
 [1.]
 [1.]
 [1.]
 [1.]
 [1.]
 [1.]
 [1.]
 [1.]
 [1.]
 [1.]
 [1.]
 [1.]
 [1.]
 [1.]
 [1.]
 [1.]
 [1.]
 [1.]
 [1.]
 [1.]
 [1.]
 [1.]
 [1.]
 [1.]
 [1.]
 [1.]
 [1.]
 [1.]
 [1.]
 [1.]
 [1.]
 [1.]
 [1.]
 [1.]
 [1.]
 [1.]
 [1.]
 [1.]
 [1.]
 [1.]
 [1.]
 [1.]
 [1.]
 [1.]
 [1.]
 [1.]
 [1.]
 [1.]
 [1.]
 [1.]
 [1.]
 [1.]
 [1.]
 [1.]
 [1.]
 [1.]
 [1.]
 [1.]
 [1.]
 [1.]
 [1.]
 [1.]
 [1.]
 [1.]
 [1.]
 [1.]
 [1.]
 [1.]
 [1.]
 [1.]
 [1.]
 [1.]
 [1.]
 [1.]
 [1.]
 [1.]
 [1.]
 [1.]
 [1.]
 [1.]
 [1.]
 [1.]
 [1.]
 [1.]
 [1.]
 [1.]
 [1.]
 [1.]
 [1.]
 [1.]
 [1.]
 [1.]
 [1.]]
RG: [[500.]
 [500.]
 [500.]
 [500.]
 [500.]
 [500.]
 [500.]
 [500.]
 [500.]
 [500.]
 [500.]
 [500.]
 [500.]
 [500.]
 [500.]
 [500.]
 [500.]
 [500.]
 [500.]
 [500.]
 [500.]
 [500.]
 [500.]
 [500.]
 [500.]
 [500.]
 [500.]
 [500.]
 [500.]
 [500.]
 [500.]
 [500.]
 [500.]
 [500.]
 [500.]
 [500.]
 [500.]
 [500.]
 [500.]
 [500.]
 [500.]
 [500.]
 [500.]
 [500.]
 [500.]
 [500.]
 [500.]
 [500.]
 [500.]
 [500.]
 [500.]
 [500.]
 [500.]
 [500.]
 [500.]
 [500.]
 [500.]
 [500.]
 [500.]
 [500.]
 [500.]
 [500.]
 [500.]
 [500.]
 [500.]
 [500.]
 [500.]
 [500.]
 [500.]
 [500.]
 [500.]
 [500.]
 [500.]
 [500.]
 [500.]
 [500.]
 [500.]
 [500.]
 [500.]
 [500.]
 [500.]
 [500.]
 [500.]
 [500.]
 [500.]
 [500.]
 [500.]
 [500.]
 [500.]
 [500.]
 [500.]
 [500.]
 [500.]
 [500.]
 [500.]
 [500.]
 [500.]
 [500.]
 [500.]
 [500.]]
Ch: [[1.31462203 0.25998161 0.14134327 0.38486185 1.87991405 0.13067552
  0.46185759 0.21131217 0.12005255 0.18083198 1.76046147]
 [1.29280098 0.54053426 0.42423549 0.71252903 0.22467507 0.13110883
  0.94909887 0.14976792 0.3095151  0.47120477 0.32043828]
 [0.17643758 0.36661124 1.09129965 1.1744886  0.13978943 0.55313005
  0.45906923 0.24771047 1.89127383 0.35653655 0.501522  ]
 [0.96459711 1.20618588 0.65589638 0.33799319 1.16164499 0.26652734
  0.38238935 1.54994712 0.33896749 1.22443892 0.81080285]
 [0.12741587 1.53667411 0.80344241 0.25919645 0.54877492 1.23472721
  0.47500506 0.89873898 1.01912741 0.12146302 0.17567355]
 [0.4266913  1.21847118 0.36452441 0.22146777 0.77642333 0.28825503
  0.15332218 1.53339138 0.50248651 0.18325304 0.9583143 ]
 [0.10825614 0.16442765 0.11874842 0.56382617 0.73142596 0.73793591
  0.84924834 0.34489795 0.13329764 0.91933903 1.03699472]
 [0.10919948 0.34166875 0.39472761 0.37736153 0.83140235 0.49260963
  0.84734988 0.93746517 0.40756655 1.69084484 0.78275081]
 [0.77546901 0.65263289 0.28123078 0.10678561 0.33704141 1.30942778
  0.30160378 1.58696108 0.56184157 0.28698677 1.02121095]
 [0.20585513 0.768303   0.47914698 0.55521924 0.58071997 1.44579765
  0.19520599 0.14663708 0.11134422 0.15914035 0.4161494 ]]
Cv: [[0.         0.         0.         0.         0.         0.
  0.         0.         0.         0.        ]
 [0.73509069 1.78619832 0.112985   0.7165324  0.35987937 0.19574732
  0.77550926 0.40351918 0.25000598 0.93801573]
 [0.14482659 0.41480092 1.12424919 0.60382744 0.7089222  0.76439587
  1.31483805 0.84389876 0.80364908 0.85254528]
 [0.18481582 0.12301839 1.70533799 0.10382374 0.64729244 0.4384096
  0.19733534 0.13735678 1.52875021 0.25631487]
 [0.44349018 0.54476889 0.23912181 0.66301899 0.46811075 0.57483103
  1.75121061 0.60248776 0.30042614 0.19350027]
 [0.95782637 0.14599295 1.80868984 0.13853639 1.28121827 0.58649389
  0.17173795 0.93271579 0.40739027 1.11067396]
 [0.15358837 0.10664963 0.1436919  0.52617248 1.56038769 0.6582146
  0.1609451  0.56253034 0.16104541 0.48943528]
 [0.12120894 0.59061129 1.66985533 0.81157278 1.42834185 0.17547088
  0.13906183 0.5297435  0.13481827 0.52681646]
 [0.12356266 0.95090355 0.78385712 1.72606205 1.43186794 0.10179728
  0.91621517 0.73902486 0.11481318 0.14315147]
 [0.25778308 1.31046287 1.21968609 0.42121193 1.88064535 0.18223265
  0.28650724 0.48175866 0.10720166 0.27332346]]
Rh: [[ 2.52015615  2.41056944  1.20421233  8.90922801  0.67067191  3.23357357
   2.65296314  1.17635268  1.09437495  4.3937216   1.74965167]
 [ 1.67815493 10.00280436  5.4767809  14.14118805  4.60543635  4.00971036
   0.78377221  0.67078153  1.15595267  6.60638794  0.62983669]
 [17.90342081  3.57524853  9.08251253 16.61265408  0.85328128  6.10011505
   0.52908413  5.51370575  0.81092489  6.90139074  4.0963939 ]
 [ 1.41468175  2.3691622   1.93519369  1.88442043  5.47391894  1.28491842
   0.87146832  3.15086386  1.36773412  2.12858988  5.10378702]
 [11.43534961  1.13113392  5.55542142  0.85313698  2.04706668 14.67778251
   1.7252467   5.8493191  18.54116481  5.60097695  4.20083361]
 [ 2.57189781  6.74292396  3.62095172  2.47221157 10.4968497   3.9206358
  11.37160705  2.67096939 10.16544189  2.01304347  1.50300236]
 [ 1.7309265   1.22517543  2.10426061  0.51931609  3.08253735 18.07581481
  11.74514104  2.13855621  8.02189281  1.44716447  0.8642365 ]
 [10.00618621 15.29663948  1.33375396  0.73868595 11.16015419  1.49348376
  15.36018273  1.44861771  0.58893889  1.02786065  0.86333541]
 [ 7.15869022  0.53228219  7.76493191  1.64029527  0.65925748  0.54457826
   5.5110451   3.82401758 13.34345978  1.66972385  8.34648946]
 [10.17322768  3.52596699 13.32064025 10.2341428   0.68831944  1.6065378
   2.52178337  1.19160882 11.55667765  4.14843511  2.00537133]]
Rv: [[ 6.57146787  6.43200057  0.50879624  0.79786621  1.28938339  4.82189803
   1.39102758  2.2952604   9.10730815  0.59360864]
 [ 5.68128737  1.87603929  0.63867686  1.84844571 14.8534301  13.06072555
   0.72958215 10.02349085 13.35272572  4.64280569]
 [ 2.80594529 15.78451075  0.64290123  3.91357652  1.12578668 16.58886182
   4.52917227  1.02370608  8.70967207  4.55167967]
 [16.69300995  0.69879754  2.41675752  1.25319437  1.45244181  1.87497729
  12.43004552  6.57362664  2.93843562  0.74539755]
 [ 0.66400403  1.41205504  0.52867624  0.5070929   8.74658542  2.18369299
   2.51199099 15.56032328  1.07025937  9.12197739]
 [ 0.54850357  3.44794167  2.61496982  0.54883913 13.66010189  1.11377141
   4.55668838  1.16549974  5.33974368  5.24330315]
 [ 1.97616038  1.83677633 18.34388143  0.60739034 11.55896618  0.78593479
   0.56909243  2.24172006  3.12939282  3.48685855]
 [ 1.33734244 16.36117985  1.07073558  2.73854815  0.55580534  1.34616776
  10.23057418  7.61006762  3.07398569  2.85855721]
 [ 5.93556749  9.17267186  1.6425304   1.1254061   3.12131501 18.57807667
  10.06999406  3.08683983  1.29594508  2.0951298 ]]