-------Running parameters--------
T = 0.001
temperature_gradient = 0.0
gap = 0.0
M = 10
N = 10
VR = 0.0
Vmin = 0.0
Vmax = 3.0
vStep = 0.001
vSym = True
repeats = 50
fileName = array_10_10_disorder_c_std_0.9_r_std_9.5_cg_2_run_2
dist = exp
fullOutput = True
use_graph = False
current_map = True
plot_current_map = False
plot_binary_current_map = False
frame_norm = False
dbg = False
resume = False
sc = False
leaping = False
constQ = False
modifyR = False
double_time = False
double_loop = False
output_folder = bgu_2d_arrays_different_cg
params_path = 
VG_avg = 0.0
VG_std = 0.0
C_avg = 1.0
C_std = 0.9
CG_avg = 2.0
CG_std = 0.0
R_avg = 10.0
R_std = 9.5
custom_rh = ""
custom_rv = ""
custom_ch = ""
custom_cv = ""
RG_avg = 500.0
RG_std = 0.0
n0_avg = 0.0
n0_std = 0.0
Q0_avg = 0.0
Q0_std = 0.0
----Array Parameters-----
Rows: 10
Columns: 10
VG: [[0.]
 [0.]
 [0.]
 [0.]
 [0.]
 [0.]
 [0.]
 [0.]
 [0.]
 [0.]
 [0.]
 [0.]
 [0.]
 [0.]
 [0.]
 [0.]
 [0.]
 [0.]
 [0.]
 [0.]
 [0.]
 [0.]
 [0.]
 [0.]
 [0.]
 [0.]
 [0.]
 [0.]
 [0.]
 [0.]
 [0.]
 [0.]
 [0.]
 [0.]
 [0.]
 [0.]
 [0.]
 [0.]
 [0.]
 [0.]
 [0.]
 [0.]
 [0.]
 [0.]
 [0.]
 [0.]
 [0.]
 [0.]
 [0.]
 [0.]
 [0.]
 [0.]
 [0.]
 [0.]
 [0.]
 [0.]
 [0.]
 [0.]
 [0.]
 [0.]
 [0.]
 [0.]
 [0.]
 [0.]
 [0.]
 [0.]
 [0.]
 [0.]
 [0.]
 [0.]
 [0.]
 [0.]
 [0.]
 [0.]
 [0.]
 [0.]
 [0.]
 [0.]
 [0.]
 [0.]
 [0.]
 [0.]
 [0.]
 [0.]
 [0.]
 [0.]
 [0.]
 [0.]
 [0.]
 [0.]
 [0.]
 [0.]
 [0.]
 [0.]
 [0.]
 [0.]
 [0.]
 [0.]
 [0.]
 [0.]]
CG: [[2.]
 [2.]
 [2.]
 [2.]
 [2.]
 [2.]
 [2.]
 [2.]
 [2.]
 [2.]
 [2.]
 [2.]
 [2.]
 [2.]
 [2.]
 [2.]
 [2.]
 [2.]
 [2.]
 [2.]
 [2.]
 [2.]
 [2.]
 [2.]
 [2.]
 [2.]
 [2.]
 [2.]
 [2.]
 [2.]
 [2.]
 [2.]
 [2.]
 [2.]
 [2.]
 [2.]
 [2.]
 [2.]
 [2.]
 [2.]
 [2.]
 [2.]
 [2.]
 [2.]
 [2.]
 [2.]
 [2.]
 [2.]
 [2.]
 [2.]
 [2.]
 [2.]
 [2.]
 [2.]
 [2.]
 [2.]
 [2.]
 [2.]
 [2.]
 [2.]
 [2.]
 [2.]
 [2.]
 [2.]
 [2.]
 [2.]
 [2.]
 [2.]
 [2.]
 [2.]
 [2.]
 [2.]
 [2.]
 [2.]
 [2.]
 [2.]
 [2.]
 [2.]
 [2.]
 [2.]
 [2.]
 [2.]
 [2.]
 [2.]
 [2.]
 [2.]
 [2.]
 [2.]
 [2.]
 [2.]
 [2.]
 [2.]
 [2.]
 [2.]
 [2.]
 [2.]
 [2.]
 [2.]
 [2.]
 [2.]]
RG: [[500.]
 [500.]
 [500.]
 [500.]
 [500.]
 [500.]
 [500.]
 [500.]
 [500.]
 [500.]
 [500.]
 [500.]
 [500.]
 [500.]
 [500.]
 [500.]
 [500.]
 [500.]
 [500.]
 [500.]
 [500.]
 [500.]
 [500.]
 [500.]
 [500.]
 [500.]
 [500.]
 [500.]
 [500.]
 [500.]
 [500.]
 [500.]
 [500.]
 [500.]
 [500.]
 [500.]
 [500.]
 [500.]
 [500.]
 [500.]
 [500.]
 [500.]
 [500.]
 [500.]
 [500.]
 [500.]
 [500.]
 [500.]
 [500.]
 [500.]
 [500.]
 [500.]
 [500.]
 [500.]
 [500.]
 [500.]
 [500.]
 [500.]
 [500.]
 [500.]
 [500.]
 [500.]
 [500.]
 [500.]
 [500.]
 [500.]
 [500.]
 [500.]
 [500.]
 [500.]
 [500.]
 [500.]
 [500.]
 [500.]
 [500.]
 [500.]
 [500.]
 [500.]
 [500.]
 [500.]
 [500.]
 [500.]
 [500.]
 [500.]
 [500.]
 [500.]
 [500.]
 [500.]
 [500.]
 [500.]
 [500.]
 [500.]
 [500.]
 [500.]
 [500.]
 [500.]
 [500.]
 [500.]
 [500.]
 [500.]]
Ch: [[0.26842074 0.57000951 0.19142811 0.35405913 0.22803177 0.72521704
  0.27393874 1.40838077 0.49380235 0.15017727 0.26068785]
 [0.43870837 0.8767296  0.64988001 0.1067829  0.12313015 0.44350233
  1.78565056 0.6544802  1.64098083 0.43597013 0.28715177]
 [0.2523685  0.535067   0.56193378 0.73524842 1.22575124 1.00048147
  0.22173655 0.14598645 0.6452874  0.66503628 0.23953783]
 [1.71896046 0.4741785  0.17349004 0.29340109 0.70162381 0.15421225
  0.35506886 0.16217371 1.52049853 0.38300377 1.22928862]
 [0.12001575 1.51448378 0.18508222 1.0817108  0.48203699 1.6021972
  0.5406678  0.14621363 1.0376834  1.17160645 1.04637154]
 [0.38670783 0.12441741 1.63589412 0.15434752 0.15464667 1.57766357
  1.63852724 0.17962446 1.53631248 0.8162686  1.04900739]
 [0.20955628 1.34567589 0.4286966  0.75428113 0.38225641 0.15632504
  0.33322549 0.14771571 0.13398871 0.45846073 0.33941638]
 [0.40310348 0.28447833 0.77385678 0.12120122 0.10960725 0.74159578
  1.78575278 0.21277207 1.11766803 1.12719064 0.50280466]
 [0.19335604 0.2639179  0.37935879 1.09097469 1.00465704 0.11393627
  0.10947458 0.10845155 0.31810592 0.18429684 0.13661556]
 [0.3835141  1.34725121 0.17520072 0.32222782 0.52810009 0.32096286
  0.13449985 1.78432411 1.61069237 0.66709765 0.59385635]]
Cv: [[0.         0.         0.         0.         0.         0.
  0.         0.         0.         0.        ]
 [0.10753941 1.56015267 0.19720268 0.19913667 0.23030551 1.3126413
  1.10034307 0.4023959  0.5179354  0.43621267]
 [1.19411479 0.12790638 0.89894652 1.48667337 0.64943845 0.10736833
  0.23429814 0.45684374 0.22876092 0.40235591]
 [0.16638093 0.76096694 0.13326666 0.48702004 0.15514305 1.69689528
  1.39380634 0.21296471 1.35337578 0.16482542]
 [0.49431414 1.41138388 0.57370583 1.22782589 1.4284569  0.17458585
  0.18666962 1.60190121 1.68691711 1.25062668]
 [0.35929393 0.20590882 1.84132821 0.19508943 0.5906844  0.21952101
  0.15685269 0.70203378 0.24241203 1.47763914]
 [0.25216589 0.9042918  1.54856311 1.61971576 0.32072391 0.12654409
  1.47045904 0.20943726 0.12615125 1.03652221]
 [0.27903803 0.48300331 1.4131799  0.1160691  1.70263362 0.15609285
  0.15273837 0.17677048 0.27596091 0.73773357]
 [0.14122609 0.27599915 0.77669729 1.38560804 0.10743685 0.10399465
  0.44202029 0.5961272  0.33197122 0.34644969]
 [0.48552808 0.38870946 1.67053581 0.4826439  0.68641911 1.07352398
  0.14534727 0.31978245 1.6403598  0.56482297]]
Rh: [[ 1.02806612  1.4974144   1.47332505  0.95264611 13.82800105  7.95680644
   5.53105018 16.08698227 11.34392827 12.09067468  3.52747701]
 [10.68420764  1.82015019  0.56089815  0.57745851  8.89712464  1.91038581
  11.27702199  4.39839776 12.52388648  2.03875074  3.95870123]
 [17.24632096  0.79528854  4.24549238  2.23345255  0.93761266  8.83447477
   1.34632281  1.58331341 11.23716998  3.88070077  1.28635294]
 [ 2.11782869  1.79306759  1.38237369  8.64417353  3.01341089 13.02401143
   0.69400824 13.90883943 11.21858772  0.73007081  5.23890177]
 [ 0.76024767 11.04368982  3.19646299  0.80043897  1.91035985  2.0753958
   7.32966144  1.93552335 12.37547836 11.11156781 17.29619321]
 [ 3.39872099  3.15946229  4.02876129 15.74444826  1.13684242  1.57274283
   1.90349314 13.6171445   0.78269551 12.85013321  1.85774072]
 [ 1.45089594  0.92204756  6.28014004  5.94320539 12.09023814  1.71962536
   2.15598235  0.5077136   4.83971008 14.05110455 12.9903235 ]
 [ 2.8525623   6.22612743  4.92921151  9.77541343  4.11674898  0.9455605
  18.25656087  1.29415804  2.85513604  2.51894159  8.32938421]
 [ 2.43828629 16.87966115  0.58568221  4.11154063  3.11251324  4.99994518
   3.14058051 10.8660264  11.15360253 17.98941089  1.68991893]
 [ 0.60890512  7.91965115  4.35313321  7.20839738 11.28527582  2.71120867
   2.90198426  6.19639081  3.97555952 18.20809724  8.20240482]]
Rv: [[ 2.35901054 15.97925883  0.6785515   0.87587785  2.36640838  1.21335524
   2.30374074  1.08515807  5.80286644  0.84777858]
 [ 9.36012348  1.32038468  3.09407949  1.4596507   0.74735514  2.84652423
   5.25422425  3.86890741  8.39314012 14.23723968]
 [11.61276518 11.59106731 18.05034438  1.38828674  2.53974047  1.04259673
   0.83581603  3.45893784  9.46382562 10.7292106 ]
 [15.00414849  7.73701329 14.0925796   0.5703163   4.83534757  6.9331692
  17.90905987 14.70224393  8.05396525  1.26567946]
 [ 6.23694775  1.12758234  0.8361235   1.11992034 17.26697793  3.60917229
   1.61837741 17.79724952  0.531532    0.6656855 ]
 [ 0.53169893  6.84253464  1.04812393  1.97491359  4.78777031 11.79182593
   1.68765929  1.75011118  1.90909675  1.13141009]
 [ 0.8006629   3.59415612  0.51931656  2.11812141  3.8626061   0.6118564
   2.97247949 13.00813228  3.40387316  1.55252685]
 [ 3.69084822 18.28291947  2.28117158  0.54872274  1.96482115  0.58382342
   1.39336975  0.61263431  1.04224596  7.85303932]
 [ 9.74049281  1.72464576  6.95135     2.24648879  5.51505742  0.84677915
   1.28942528  1.42719582  1.2642801   7.33183524]]