-------Running parameters--------
T = 0.001
temperature_gradient = 0.0
gap = 0.0
M = 10
N = 10
VR = 0.0
Vmin = 0.0
Vmax = 3.0
vStep = 0.001
vSym = True
repeats = 50
fileName = array_10_10_disorder_c_std_0.9_r_std_9.5_cg_10_run_8
dist = exp
fullOutput = True
use_graph = False
current_map = True
plot_current_map = False
plot_binary_current_map = False
frame_norm = False
dbg = False
resume = False
sc = False
leaping = False
constQ = False
modifyR = False
double_time = False
double_loop = False
output_folder = bgu_2d_arrays_different_cg
params_path = 
VG_avg = 0.0
VG_std = 0.0
C_avg = 1.0
C_std = 0.9
CG_avg = 10.0
CG_std = 0.0
R_avg = 10.0
R_std = 9.5
custom_rh = ""
custom_rv = ""
custom_ch = ""
custom_cv = ""
RG_avg = 500.0
RG_std = 0.0
n0_avg = 0.0
n0_std = 0.0
Q0_avg = 0.0
Q0_std = 0.0
----Array Parameters-----
Rows: 10
Columns: 10
VG: [[0.]
 [0.]
 [0.]
 [0.]
 [0.]
 [0.]
 [0.]
 [0.]
 [0.]
 [0.]
 [0.]
 [0.]
 [0.]
 [0.]
 [0.]
 [0.]
 [0.]
 [0.]
 [0.]
 [0.]
 [0.]
 [0.]
 [0.]
 [0.]
 [0.]
 [0.]
 [0.]
 [0.]
 [0.]
 [0.]
 [0.]
 [0.]
 [0.]
 [0.]
 [0.]
 [0.]
 [0.]
 [0.]
 [0.]
 [0.]
 [0.]
 [0.]
 [0.]
 [0.]
 [0.]
 [0.]
 [0.]
 [0.]
 [0.]
 [0.]
 [0.]
 [0.]
 [0.]
 [0.]
 [0.]
 [0.]
 [0.]
 [0.]
 [0.]
 [0.]
 [0.]
 [0.]
 [0.]
 [0.]
 [0.]
 [0.]
 [0.]
 [0.]
 [0.]
 [0.]
 [0.]
 [0.]
 [0.]
 [0.]
 [0.]
 [0.]
 [0.]
 [0.]
 [0.]
 [0.]
 [0.]
 [0.]
 [0.]
 [0.]
 [0.]
 [0.]
 [0.]
 [0.]
 [0.]
 [0.]
 [0.]
 [0.]
 [0.]
 [0.]
 [0.]
 [0.]
 [0.]
 [0.]
 [0.]
 [0.]]
CG: [[10.]
 [10.]
 [10.]
 [10.]
 [10.]
 [10.]
 [10.]
 [10.]
 [10.]
 [10.]
 [10.]
 [10.]
 [10.]
 [10.]
 [10.]
 [10.]
 [10.]
 [10.]
 [10.]
 [10.]
 [10.]
 [10.]
 [10.]
 [10.]
 [10.]
 [10.]
 [10.]
 [10.]
 [10.]
 [10.]
 [10.]
 [10.]
 [10.]
 [10.]
 [10.]
 [10.]
 [10.]
 [10.]
 [10.]
 [10.]
 [10.]
 [10.]
 [10.]
 [10.]
 [10.]
 [10.]
 [10.]
 [10.]
 [10.]
 [10.]
 [10.]
 [10.]
 [10.]
 [10.]
 [10.]
 [10.]
 [10.]
 [10.]
 [10.]
 [10.]
 [10.]
 [10.]
 [10.]
 [10.]
 [10.]
 [10.]
 [10.]
 [10.]
 [10.]
 [10.]
 [10.]
 [10.]
 [10.]
 [10.]
 [10.]
 [10.]
 [10.]
 [10.]
 [10.]
 [10.]
 [10.]
 [10.]
 [10.]
 [10.]
 [10.]
 [10.]
 [10.]
 [10.]
 [10.]
 [10.]
 [10.]
 [10.]
 [10.]
 [10.]
 [10.]
 [10.]
 [10.]
 [10.]
 [10.]
 [10.]]
RG: [[500.]
 [500.]
 [500.]
 [500.]
 [500.]
 [500.]
 [500.]
 [500.]
 [500.]
 [500.]
 [500.]
 [500.]
 [500.]
 [500.]
 [500.]
 [500.]
 [500.]
 [500.]
 [500.]
 [500.]
 [500.]
 [500.]
 [500.]
 [500.]
 [500.]
 [500.]
 [500.]
 [500.]
 [500.]
 [500.]
 [500.]
 [500.]
 [500.]
 [500.]
 [500.]
 [500.]
 [500.]
 [500.]
 [500.]
 [500.]
 [500.]
 [500.]
 [500.]
 [500.]
 [500.]
 [500.]
 [500.]
 [500.]
 [500.]
 [500.]
 [500.]
 [500.]
 [500.]
 [500.]
 [500.]
 [500.]
 [500.]
 [500.]
 [500.]
 [500.]
 [500.]
 [500.]
 [500.]
 [500.]
 [500.]
 [500.]
 [500.]
 [500.]
 [500.]
 [500.]
 [500.]
 [500.]
 [500.]
 [500.]
 [500.]
 [500.]
 [500.]
 [500.]
 [500.]
 [500.]
 [500.]
 [500.]
 [500.]
 [500.]
 [500.]
 [500.]
 [500.]
 [500.]
 [500.]
 [500.]
 [500.]
 [500.]
 [500.]
 [500.]
 [500.]
 [500.]
 [500.]
 [500.]
 [500.]
 [500.]]
Ch: [[0.44954617 0.13627575 1.00110317 0.43416894 1.8381234  1.58426378
  0.60204152 0.54221277 0.32993454 0.26505982 0.38620541]
 [0.95669169 0.22328188 1.4414147  1.18772884 1.10442974 0.99753352
  0.20753077 0.25895352 0.21750738 0.54070194 0.24972769]
 [0.10784873 0.53355212 0.16700157 1.31968314 0.64140709 0.15849163
  0.10918257 0.83676641 1.15194403 0.15805098 1.30371882]
 [1.44536859 0.56257832 0.12278629 0.15407711 0.16060137 0.67686101
  1.29379773 0.84034237 0.16063398 1.32055784 0.10670403]
 [0.45564468 1.29364248 0.21235636 0.10983003 0.26061686 1.02419333
  0.11845407 0.21983208 1.21747528 1.07211218 1.26978366]
 [0.68984487 0.8183744  0.25762968 1.18222783 1.17391953 0.96430991
  0.51277294 0.84193777 0.28493449 0.10142495 0.67797625]
 [0.12073725 0.24244994 0.19069441 0.64686828 0.65219177 0.16625703
  0.55415304 1.88033397 0.90750586 0.45999868 0.28805188]
 [0.12142601 0.11061318 0.38860121 1.65445666 1.15533555 1.87360151
  0.34566192 0.47717459 0.28449629 0.27823676 1.24094033]
 [0.44361993 0.2279361  0.29696844 1.00562631 0.47701624 0.41218388
  0.4366457  0.18466848 1.08907924 1.59618294 0.43955738]
 [1.67388698 1.50467233 0.92980201 0.12354909 0.79265871 0.53972649
  0.66643446 0.25806987 1.29889912 0.72003082 0.19241387]]
Cv: [[0.         0.         0.         0.         0.         0.
  0.         0.         0.         0.        ]
 [1.10439809 0.1275178  0.21124604 0.12852219 1.72390394 0.11657178
  1.25025377 1.33161785 0.26647611 1.61509361]
 [0.1389294  1.00772309 0.52510493 0.16887999 0.36485811 0.11507834
  0.17509199 0.11721498 0.11318447 0.10863278]
 [0.13673997 0.27969136 0.95302319 0.82535127 0.18087175 0.31318989
  0.13604337 0.14250334 1.54412753 0.68428165]
 [0.72596534 1.79225497 1.8787055  0.30366377 1.62967608 0.40063922
  0.80519918 0.27620931 0.13848306 1.32322738]
 [0.59750973 0.18292865 1.19554379 0.39719325 0.264793   0.3756904
  1.17882505 0.22704762 1.56157326 0.490324  ]
 [0.21446807 0.67346247 0.20152674 1.53719701 0.28077971 1.86243046
  0.28871685 0.1193311  0.81996088 0.84186163]
 [0.10630812 0.32302679 0.83221539 0.2019107  0.39705046 0.27264872
  0.1004493  0.1027566  0.33350525 0.43618527]
 [0.19838174 0.6004748  0.21375553 0.5885003  0.22706275 0.34964124
  1.40120604 0.42147506 0.39687455 0.15815738]
 [0.49428468 0.86176603 1.67543371 0.92871425 0.24362721 0.81764188
  0.46899261 0.41041881 0.13704788 0.23140072]]
Rh: [[ 8.99742672  1.65252194  0.54272941  0.50822433  6.92344987  1.27074471
   9.52312354  4.4436885   0.54110139  1.61756556 17.06979223]
 [ 1.06217     2.15895871  2.46734386  1.40072856  0.9240771   1.79550282
   8.07458179 11.12257505  5.04934723  7.65940408  1.57937601]
 [16.90628671  7.83928658  0.64566483  0.89081392  0.79116535  0.52942342
   2.21847292  0.86340972  4.2587856   5.93666123 15.01578623]
 [ 6.58051123  8.22140819 15.23640759 11.28695316  1.36193627  1.22709847
  13.52968191  0.83133733  8.88301241  1.4523609  18.18095042]
 [ 0.56868096 18.38818651 11.96224105  6.08356317 12.53309374  0.85536042
  13.35993688  1.96112914  1.22591953  0.67643594  3.50534059]
 [ 1.3549504   4.34839004  6.50343403  1.30764389  4.78249904  0.68821116
  10.11765223  1.12076423 11.15310352  1.80798357  5.70199151]
 [ 5.23772722 14.28485496  3.67548095  0.90717082  1.71645937 14.82439829
  15.39925395  1.1036817   0.6523074  17.74216512  8.74988655]
 [ 3.04755978  3.89149365  2.89906325 18.30781874  7.80325272  1.74607023
  16.7646007   0.79488265  7.58424447 10.97997392  0.67682517]
 [ 1.36550588 12.90473165 16.86676549 10.30643265  1.09380535  3.00656217
  16.09831586  0.56555518  2.84899995  2.29779527  4.51140333]
 [ 2.32161325  2.0245689  17.15665734  0.60983625 10.48513184  1.54953434
   2.08172264  3.76739627  1.28287592  9.24445579  4.05090191]]
Rv: [[ 1.38592402  1.20933185  2.77892742  3.23645351  2.11486775  4.21800076
   0.82911364  4.85406484 11.30722105  0.53739189]
 [ 1.58536084  2.36808817  2.41610391 13.82340057  2.04169176 15.77240322
   4.06258697 18.90692119  1.31346007  7.27188078]
 [ 4.43557664  2.98466553  1.65380314  8.85236707  7.98463118  4.3910538
  10.14165479  2.13494148  1.27879081  0.77282949]
 [ 6.94144922  7.09274134  2.41316616 11.92394271  5.76110444  7.14624906
   2.00354367  2.24778755  1.00251817  4.56314653]
 [ 6.49454262  3.27878416  1.21197454  4.82148378  9.02910312  1.40827776
   2.43718849 10.89137824  3.81203355  9.36083032]
 [ 2.13503988  1.42929697  3.95004078  8.25524459  1.41227712  0.87673163
   0.69898822  4.78596834  2.18697133  0.86870765]
 [ 3.93767175  2.38213507  3.23032977  6.96542253  3.19973687  0.64550836
  10.29062329 16.79282809 18.75655408 13.4755968 ]
 [ 0.74235922  1.02981024  2.40834651  5.49168193  0.92162424  1.61026035
   1.53266022  2.25999943  0.56529068  1.15581856]
 [ 0.95315432  6.68368259  3.88258947  0.96511972 14.69887974  1.22159043
   1.67838816  2.95724696 18.42994331  9.80589826]]