-------Running parameters--------
T = 0.001
temperature_gradient = 0.0
gap = 0.0
M = 10
N = 10
VR = 0.0
Vmin = 0.0
Vmax = 3.0
vStep = 0.001
vSym = True
repeats = 50
fileName = array_10_10_disorder_c_std_0.9_r_std_9.5_cg_10_run_7
dist = exp
fullOutput = True
use_graph = False
current_map = True
plot_current_map = False
plot_binary_current_map = False
frame_norm = False
dbg = False
resume = False
sc = False
leaping = False
constQ = False
modifyR = False
double_time = False
double_loop = False
output_folder = bgu_2d_arrays_different_cg
params_path = 
VG_avg = 0.0
VG_std = 0.0
C_avg = 1.0
C_std = 0.9
CG_avg = 10.0
CG_std = 0.0
R_avg = 10.0
R_std = 9.5
custom_rh = ""
custom_rv = ""
custom_ch = ""
custom_cv = ""
RG_avg = 500.0
RG_std = 0.0
n0_avg = 0.0
n0_std = 0.0
Q0_avg = 0.0
Q0_std = 0.0
----Array Parameters-----
Rows: 10
Columns: 10
VG: [[0.]
 [0.]
 [0.]
 [0.]
 [0.]
 [0.]
 [0.]
 [0.]
 [0.]
 [0.]
 [0.]
 [0.]
 [0.]
 [0.]
 [0.]
 [0.]
 [0.]
 [0.]
 [0.]
 [0.]
 [0.]
 [0.]
 [0.]
 [0.]
 [0.]
 [0.]
 [0.]
 [0.]
 [0.]
 [0.]
 [0.]
 [0.]
 [0.]
 [0.]
 [0.]
 [0.]
 [0.]
 [0.]
 [0.]
 [0.]
 [0.]
 [0.]
 [0.]
 [0.]
 [0.]
 [0.]
 [0.]
 [0.]
 [0.]
 [0.]
 [0.]
 [0.]
 [0.]
 [0.]
 [0.]
 [0.]
 [0.]
 [0.]
 [0.]
 [0.]
 [0.]
 [0.]
 [0.]
 [0.]
 [0.]
 [0.]
 [0.]
 [0.]
 [0.]
 [0.]
 [0.]
 [0.]
 [0.]
 [0.]
 [0.]
 [0.]
 [0.]
 [0.]
 [0.]
 [0.]
 [0.]
 [0.]
 [0.]
 [0.]
 [0.]
 [0.]
 [0.]
 [0.]
 [0.]
 [0.]
 [0.]
 [0.]
 [0.]
 [0.]
 [0.]
 [0.]
 [0.]
 [0.]
 [0.]
 [0.]]
CG: [[10.]
 [10.]
 [10.]
 [10.]
 [10.]
 [10.]
 [10.]
 [10.]
 [10.]
 [10.]
 [10.]
 [10.]
 [10.]
 [10.]
 [10.]
 [10.]
 [10.]
 [10.]
 [10.]
 [10.]
 [10.]
 [10.]
 [10.]
 [10.]
 [10.]
 [10.]
 [10.]
 [10.]
 [10.]
 [10.]
 [10.]
 [10.]
 [10.]
 [10.]
 [10.]
 [10.]
 [10.]
 [10.]
 [10.]
 [10.]
 [10.]
 [10.]
 [10.]
 [10.]
 [10.]
 [10.]
 [10.]
 [10.]
 [10.]
 [10.]
 [10.]
 [10.]
 [10.]
 [10.]
 [10.]
 [10.]
 [10.]
 [10.]
 [10.]
 [10.]
 [10.]
 [10.]
 [10.]
 [10.]
 [10.]
 [10.]
 [10.]
 [10.]
 [10.]
 [10.]
 [10.]
 [10.]
 [10.]
 [10.]
 [10.]
 [10.]
 [10.]
 [10.]
 [10.]
 [10.]
 [10.]
 [10.]
 [10.]
 [10.]
 [10.]
 [10.]
 [10.]
 [10.]
 [10.]
 [10.]
 [10.]
 [10.]
 [10.]
 [10.]
 [10.]
 [10.]
 [10.]
 [10.]
 [10.]
 [10.]]
RG: [[500.]
 [500.]
 [500.]
 [500.]
 [500.]
 [500.]
 [500.]
 [500.]
 [500.]
 [500.]
 [500.]
 [500.]
 [500.]
 [500.]
 [500.]
 [500.]
 [500.]
 [500.]
 [500.]
 [500.]
 [500.]
 [500.]
 [500.]
 [500.]
 [500.]
 [500.]
 [500.]
 [500.]
 [500.]
 [500.]
 [500.]
 [500.]
 [500.]
 [500.]
 [500.]
 [500.]
 [500.]
 [500.]
 [500.]
 [500.]
 [500.]
 [500.]
 [500.]
 [500.]
 [500.]
 [500.]
 [500.]
 [500.]
 [500.]
 [500.]
 [500.]
 [500.]
 [500.]
 [500.]
 [500.]
 [500.]
 [500.]
 [500.]
 [500.]
 [500.]
 [500.]
 [500.]
 [500.]
 [500.]
 [500.]
 [500.]
 [500.]
 [500.]
 [500.]
 [500.]
 [500.]
 [500.]
 [500.]
 [500.]
 [500.]
 [500.]
 [500.]
 [500.]
 [500.]
 [500.]
 [500.]
 [500.]
 [500.]
 [500.]
 [500.]
 [500.]
 [500.]
 [500.]
 [500.]
 [500.]
 [500.]
 [500.]
 [500.]
 [500.]
 [500.]
 [500.]
 [500.]
 [500.]
 [500.]
 [500.]]
Ch: [[1.23490809 1.16860907 0.12702469 0.24965621 0.78221756 1.51638218
  0.42637467 0.10207821 0.180619   1.26897556 0.1083557 ]
 [0.80886977 0.91137013 0.94608252 0.10423143 0.15000846 0.53031655
  1.59192347 1.44113374 1.04303463 0.70615232 1.58143737]
 [1.14511679 0.77233913 0.47395741 0.40233068 0.99070492 0.24052736
  0.1695453  0.89370494 0.87032832 1.58538509 1.0727652 ]
 [1.26687218 0.15342825 0.55246244 0.17668502 0.10074314 0.28547526
  0.45996039 0.18935949 1.74608947 0.24219686 0.58714149]
 [0.24418162 1.03607581 0.12961271 1.76467881 0.1301942  0.20053052
  1.18534469 0.58690537 0.24299756 0.30559283 0.52081273]
 [0.132639   0.43478627 1.88903668 0.10464995 0.4626425  0.29598146
  1.03278582 1.00277576 0.19164932 0.38665699 0.79688889]
 [0.39655176 0.90289863 1.55849982 0.71540835 0.68338523 0.43315519
  0.25395862 0.25068208 0.24728821 0.33643882 0.16789922]
 [0.32785212 0.10490989 0.21551953 0.36482968 1.25578153 0.7468312
  0.75753809 0.30683524 0.13588135 0.12794165 0.72107953]
 [0.11816016 1.42021212 1.79228105 0.10992174 0.20005804 1.0883561
  0.35528241 0.91042285 0.42309943 0.17324668 0.82145566]
 [0.20403817 0.37503783 0.385039   0.42212117 0.48871007 0.27606285
  0.22879756 0.43083344 0.12926471 0.35398875 0.25911799]]
Cv: [[0.         0.         0.         0.         0.         0.
  0.         0.         0.         0.        ]
 [0.64961247 0.16723819 0.81847438 1.66797983 0.49498536 0.15894971
  0.21523079 1.047856   0.44188907 0.44354583]
 [1.88084517 1.42903522 0.6469292  0.77465685 1.51411917 0.94258294
  0.74419817 1.40931553 1.88045383 0.40156378]
 [0.34780945 0.65157634 0.26756112 0.12758703 1.0722192  0.11428383
  0.36553901 0.21091621 0.92110123 0.75209348]
 [0.63565827 0.17362805 0.27606486 0.37315106 1.0653377  1.43283806
  0.23379276 0.44705639 0.31237011 0.22933454]
 [0.13649324 0.78806655 1.21584784 0.12196886 0.97292348 0.10518994
  0.63235554 0.10134364 0.12324838 1.60930095]
 [1.1672276  0.11443799 0.15150579 1.65848269 0.68127    0.13759892
  0.16799325 0.11169746 0.15313233 0.51373093]
 [0.32562583 1.40587036 0.74282896 0.16946096 0.42527077 0.16085999
  0.25814574 0.25487178 1.38467498 0.11381233]
 [1.63012934 1.72926624 0.68100284 1.0630008  0.57340865 0.4655557
  0.19223581 0.11045009 0.10404076 0.8183805 ]
 [0.67700421 1.72007244 0.24273584 0.21909176 0.3303039  0.60071729
  0.30204611 0.88914093 0.90606832 0.37159014]]
Rh: [[ 1.02236459  0.58246291  0.99334756 12.26040523 13.57232163  0.72694964
   1.2172367   5.28771237  0.55779629  2.03182945  0.67246609]
 [18.90087229 18.32486062  1.34663498  4.34425093  7.73664553  0.68312928
   9.18752602  0.77401973  1.13283391  5.47679964  0.53272884]
 [ 6.81692931  4.44241824  4.61833121  2.88137767  3.85582467  7.88274902
   7.33198979  1.27103772  4.91590572  1.37351602  1.595905  ]
 [ 6.71293981  0.60080813  5.48450207 18.76422782  8.87305852  0.7322269
   2.28489436  6.19424104  2.69001281 10.34779871 18.09474819]
 [ 1.49258644  1.14995001 11.75277448  1.71333649  2.93017295  6.36655142
  15.52833863  1.36391372  0.54558108  5.7295308   0.64372404]
 [19.17466443  0.51463965  6.35152068  7.99863     0.60221238  2.38796969
   0.84522288  9.59342956  5.06830184 13.15452819  3.22006414]
 [ 0.71737395  6.30874605  4.90409874  0.95822786  1.12374897  9.99795683
   3.1095355   6.58684192  0.76321447  9.2951385   5.2281524 ]
 [ 0.6012348  15.54070381  7.11844058  9.30961595  1.29021092  0.63346349
   6.45662394  0.80704741  0.65955212 13.72468707  5.39626479]
 [ 1.10395226  2.23833645  0.74835302  0.89598464  1.01720153  0.93869078
  16.4570087  12.35072014  1.03070527 14.48721357  7.38683169]
 [ 1.40111625  8.33479819 17.54056463  3.10943106  5.12649043 11.58416353
   0.58540643  0.91204762  4.96643805  6.90950951  1.12201527]]
Rv: [[ 2.66530103  0.51508302 18.23567998  2.25273744  7.26617491  8.21642432
   0.57060154  1.11804912  1.95383338  1.22587999]
 [10.29367357  2.95946071 10.75777266  2.2554886  16.07936952  2.55544741
   2.96801567  4.08907715  7.11138427  5.2002868 ]
 [ 1.10686268  0.67882121 11.14458663 10.11160681  0.68109522  3.08536621
   1.49977142  0.72358327 19.04221651  5.02096486]
 [11.54909315 17.21920428  4.3531359   2.09671856  0.56934211  9.80690514
   6.85153567  3.20234319  0.81734369  2.81055057]
 [ 1.15964959  2.51202166  1.61382322  7.89977689 18.78692205  8.23975186
   2.06593018  1.6886938   2.96575435  0.84929658]
 [14.36772279 18.28558768 19.39901944  2.1885693  18.73008133  0.76271897
   1.03689414  9.94661937  1.20581307  2.61205497]
 [ 2.36936728 17.30048584  4.14785184  0.88018363  5.02972062  4.86648968
   1.28159044  0.54489702 15.97151624  0.7071316 ]
 [ 4.41813146  4.54785853  0.83925594 12.07518408  3.36777499 13.38076744
   0.58247105  8.81469529  2.35464984 16.75839685]
 [18.34784355 10.64636116 17.62485759  0.68966918  6.45577953  8.43159903
   0.7123418   5.30743291  8.45051569  0.95266987]]