-------Running parameters--------
T = 0.001
temperature_gradient = 0.0
gap = 0.0
M = 10
N = 10
VR = 0.0
Vmin = 0.0
Vmax = 3.0
vStep = 0.001
vSym = True
repeats = 50
fileName = array_10_10_disorder_c_std_0.9_r_std_9.5_cg_1_run_6
dist = exp
fullOutput = True
use_graph = False
current_map = True
plot_current_map = False
plot_binary_current_map = False
frame_norm = False
dbg = False
resume = False
sc = False
leaping = False
constQ = False
modifyR = False
double_time = False
double_loop = False
output_folder = bgu_2d_arrays_different_cg
params_path = 
VG_avg = 0.0
VG_std = 0.0
C_avg = 1.0
C_std = 0.9
CG_avg = 1.0
CG_std = 0.0
R_avg = 10.0
R_std = 9.5
custom_rh = ""
custom_rv = ""
custom_ch = ""
custom_cv = ""
RG_avg = 500.0
RG_std = 0.0
n0_avg = 0.0
n0_std = 0.0
Q0_avg = 0.0
Q0_std = 0.0
----Array Parameters-----
Rows: 10
Columns: 10
VG: [[0.]
 [0.]
 [0.]
 [0.]
 [0.]
 [0.]
 [0.]
 [0.]
 [0.]
 [0.]
 [0.]
 [0.]
 [0.]
 [0.]
 [0.]
 [0.]
 [0.]
 [0.]
 [0.]
 [0.]
 [0.]
 [0.]
 [0.]
 [0.]
 [0.]
 [0.]
 [0.]
 [0.]
 [0.]
 [0.]
 [0.]
 [0.]
 [0.]
 [0.]
 [0.]
 [0.]
 [0.]
 [0.]
 [0.]
 [0.]
 [0.]
 [0.]
 [0.]
 [0.]
 [0.]
 [0.]
 [0.]
 [0.]
 [0.]
 [0.]
 [0.]
 [0.]
 [0.]
 [0.]
 [0.]
 [0.]
 [0.]
 [0.]
 [0.]
 [0.]
 [0.]
 [0.]
 [0.]
 [0.]
 [0.]
 [0.]
 [0.]
 [0.]
 [0.]
 [0.]
 [0.]
 [0.]
 [0.]
 [0.]
 [0.]
 [0.]
 [0.]
 [0.]
 [0.]
 [0.]
 [0.]
 [0.]
 [0.]
 [0.]
 [0.]
 [0.]
 [0.]
 [0.]
 [0.]
 [0.]
 [0.]
 [0.]
 [0.]
 [0.]
 [0.]
 [0.]
 [0.]
 [0.]
 [0.]
 [0.]]
CG: [[1.]
 [1.]
 [1.]
 [1.]
 [1.]
 [1.]
 [1.]
 [1.]
 [1.]
 [1.]
 [1.]
 [1.]
 [1.]
 [1.]
 [1.]
 [1.]
 [1.]
 [1.]
 [1.]
 [1.]
 [1.]
 [1.]
 [1.]
 [1.]
 [1.]
 [1.]
 [1.]
 [1.]
 [1.]
 [1.]
 [1.]
 [1.]
 [1.]
 [1.]
 [1.]
 [1.]
 [1.]
 [1.]
 [1.]
 [1.]
 [1.]
 [1.]
 [1.]
 [1.]
 [1.]
 [1.]
 [1.]
 [1.]
 [1.]
 [1.]
 [1.]
 [1.]
 [1.]
 [1.]
 [1.]
 [1.]
 [1.]
 [1.]
 [1.]
 [1.]
 [1.]
 [1.]
 [1.]
 [1.]
 [1.]
 [1.]
 [1.]
 [1.]
 [1.]
 [1.]
 [1.]
 [1.]
 [1.]
 [1.]
 [1.]
 [1.]
 [1.]
 [1.]
 [1.]
 [1.]
 [1.]
 [1.]
 [1.]
 [1.]
 [1.]
 [1.]
 [1.]
 [1.]
 [1.]
 [1.]
 [1.]
 [1.]
 [1.]
 [1.]
 [1.]
 [1.]
 [1.]
 [1.]
 [1.]
 [1.]]
RG: [[500.]
 [500.]
 [500.]
 [500.]
 [500.]
 [500.]
 [500.]
 [500.]
 [500.]
 [500.]
 [500.]
 [500.]
 [500.]
 [500.]
 [500.]
 [500.]
 [500.]
 [500.]
 [500.]
 [500.]
 [500.]
 [500.]
 [500.]
 [500.]
 [500.]
 [500.]
 [500.]
 [500.]
 [500.]
 [500.]
 [500.]
 [500.]
 [500.]
 [500.]
 [500.]
 [500.]
 [500.]
 [500.]
 [500.]
 [500.]
 [500.]
 [500.]
 [500.]
 [500.]
 [500.]
 [500.]
 [500.]
 [500.]
 [500.]
 [500.]
 [500.]
 [500.]
 [500.]
 [500.]
 [500.]
 [500.]
 [500.]
 [500.]
 [500.]
 [500.]
 [500.]
 [500.]
 [500.]
 [500.]
 [500.]
 [500.]
 [500.]
 [500.]
 [500.]
 [500.]
 [500.]
 [500.]
 [500.]
 [500.]
 [500.]
 [500.]
 [500.]
 [500.]
 [500.]
 [500.]
 [500.]
 [500.]
 [500.]
 [500.]
 [500.]
 [500.]
 [500.]
 [500.]
 [500.]
 [500.]
 [500.]
 [500.]
 [500.]
 [500.]
 [500.]
 [500.]
 [500.]
 [500.]
 [500.]
 [500.]]
Ch: [[0.76858064 1.63730544 0.49824851 1.34979839 0.83849555 1.72160378
  1.20459201 0.36173505 0.29575571 0.1263091  0.86758389]
 [0.39849643 0.35660936 1.68163864 0.16305686 0.46044634 1.5661187
  0.39378802 1.20754879 0.28038891 0.71352507 0.94259778]
 [0.73063923 0.26351788 0.61888247 0.31893159 1.03325847 0.31430882
  0.34339892 0.63667357 0.64987702 0.29991583 0.13089972]
 [1.89586919 0.25761648 0.82671313 1.35739049 0.48618581 0.41327551
  0.47436217 0.12643708 0.15357379 0.3394336  0.30944764]
 [0.45292613 0.28983644 0.8572639  0.18181055 0.18939763 0.83709268
  1.88713068 0.73230446 0.63472259 0.15293227 1.66051396]
 [0.16380517 1.18998328 0.29045355 0.25353075 0.11320299 0.43436311
  0.44535801 0.30666169 1.04629356 1.25955525 0.49211983]
 [0.81367924 1.41346671 0.32450865 0.66573947 0.26591911 0.54861787
  0.80864359 0.29839935 0.13468585 0.13107701 1.67052503]
 [0.17498612 0.60672679 0.64495592 0.19253765 0.50680324 0.90679117
  0.27040673 1.33555237 0.17523904 0.16365565 0.74843079]
 [1.76109307 0.30916205 1.2380168  1.40618629 1.76107918 1.72893178
  0.10221804 0.38506809 0.56052078 0.36334397 0.83158177]
 [0.15908147 0.16005397 0.28055366 1.49199216 0.18955925 1.20647873
  0.11070383 0.84193693 0.11790915 0.30079981 0.22920411]]
Cv: [[0.         0.         0.         0.         0.         0.
  0.         0.         0.         0.        ]
 [1.65602666 0.14617697 0.14999877 0.26685558 1.47516128 0.20617247
  0.17303723 0.23464256 0.78109147 0.25455698]
 [1.38388507 1.20288192 0.22432814 0.28019389 1.82643101 0.20759296
  1.27033015 0.78527676 0.14447417 1.682762  ]
 [0.19933889 1.05865838 0.32122753 0.2072125  0.37522831 0.14100478
  0.70745856 1.16216117 0.37838785 0.59223405]
 [0.20685961 0.40071111 1.05167544 0.71201811 0.16853889 0.92678018
  0.13225936 0.9278435  0.53175756 1.60765004]
 [1.71643547 0.24600791 0.17355538 0.82637119 1.39362422 0.31746319
  0.49355731 0.20718718 0.33104635 1.22220671]
 [0.4615622  0.14907646 0.58855471 1.48139452 0.18490787 0.99185573
  0.4793141  0.41349126 0.61572072 0.36009556]
 [0.10290833 1.29935994 0.96771296 0.69929    0.30764459 1.29787214
  0.24622418 1.19840108 0.69715554 1.28707256]
 [0.11167918 0.14643114 1.25345018 0.56015411 0.13211133 0.10868625
  1.24236046 0.72626563 1.2747009  0.11211171]
 [0.80595672 0.34950547 0.40467558 0.13586549 0.75709351 1.3756783
  0.69605582 0.14270554 0.4575641  0.30685105]]
Rh: [[ 2.38833878  6.05159     8.56055195  0.55642804  7.78660952  0.79082803
  15.71322686  3.00982732  1.80534358  7.92526716 15.85084614]
 [ 0.54626904  2.36594309  2.1961258   1.67105277  1.67537138  1.18875787
   3.01927691 11.17789344  2.21674268 14.18469026  1.14098497]
 [ 6.60749914  8.6977996   0.75237065 19.17129932  0.66688411 19.21705221
   4.17846148  3.18296322  5.5499194   0.6379497   0.53019509]
 [ 1.35362055  0.50871162  1.10012749  1.76534057 11.93698167  7.50967019
   3.58670027  6.47910255  0.89123772  0.60598373  0.67334824]
 [ 0.646035    9.87872798  1.41531442  7.44105812  3.24695866  3.26839941
  12.34199475  0.93181681  1.31579727  2.71804309  1.23742244]
 [ 0.79767882  3.40288179 15.73501448  1.13152584  0.53605536  1.44422395
   1.58272021  0.5320825   1.64719205  7.28736541  2.10260622]
 [ 1.02914675  1.85340071  2.60179291  5.39877406  4.50060945  4.50721232
   1.27451451  4.41860916 16.54833043  1.22211652  0.67262498]
 [ 2.33629061  2.80550117  0.96538549  0.798377    9.49208741  6.67132029
  11.95428672  1.29986275  9.43645681  6.54406082  3.8712434 ]
 [ 0.96723431 14.10616166  6.60873993  5.14816584  1.30181708  3.49024981
   0.59703518  1.22843417  7.13221962  1.18803131  0.63757501]
 [ 0.54818641 17.46530762  8.24337127  0.69504169  0.62092624  3.21376276
   1.51254143  4.16364269  8.39301043  2.22955133  1.1802108 ]]
Rv: [[19.09461502  3.76805591  3.37430706  1.48412028  1.42704261  3.02402267
   1.56150243  5.06121541  6.58264622  0.86892983]
 [16.42407194 13.51965482  1.04492423  9.0880977   0.63797044  2.10858234
   3.56694213  0.78597078 15.00858539  3.41974383]
 [ 2.11527437  6.22972259  0.55096278  1.06318834  5.38817738  0.93641653
  10.99785405  0.64112675  0.93396679  1.15991111]
 [ 3.26643588 17.05846038  1.27726877  5.17943938  9.37772449  1.83823684
   0.78188766  4.91642231  3.09909745  0.56772631]
 [ 6.03920957  7.45273633  0.69988395  2.59735067  5.66786018  5.78364551
  11.08619887  2.57066707 10.01850072  0.93246191]
 [ 3.84551518  1.92210803  1.26047728 10.18001985 15.74929114  8.04806803
   1.6683553   0.66884723  1.20492896  1.88208852]
 [ 1.29537477  1.40847398  3.21008023  1.10686061  2.1967102   4.9392756
   2.63853494 11.3838676   7.55879065  1.50300732]
 [ 5.44948993  9.92438969 11.47176928  0.65778384  3.76091332  1.03305164
   5.22952771  0.872977    0.95269308  3.02214579]
 [ 8.74959321  0.54430423  0.97390516  2.25485273 10.93825449  4.46671791
   2.00675894  0.82535261  8.27790574  7.7470604 ]]