-------Running parameters--------
T = 0.001
temperature_gradient = 0.0
gap = 0.0
M = 10
N = 10
VR = 0.0
Vmin = 0.0
Vmax = 3.0
vStep = 0.001
vSym = True
repeats = 50
fileName = array_10_10_disorder_c_std_0.9_r_std_9.5_cg_1_run_7
dist = exp
fullOutput = True
use_graph = False
current_map = True
plot_current_map = False
plot_binary_current_map = False
frame_norm = False
dbg = False
resume = False
sc = False
leaping = False
constQ = False
modifyR = False
double_time = False
double_loop = False
output_folder = bgu_2d_arrays_different_cg
params_path = 
VG_avg = 0.0
VG_std = 0.0
C_avg = 1.0
C_std = 0.9
CG_avg = 1.0
CG_std = 0.0
R_avg = 10.0
R_std = 9.5
custom_rh = ""
custom_rv = ""
custom_ch = ""
custom_cv = ""
RG_avg = 500.0
RG_std = 0.0
n0_avg = 0.0
n0_std = 0.0
Q0_avg = 0.0
Q0_std = 0.0
----Array Parameters-----
Rows: 10
Columns: 10
VG: [[0.]
 [0.]
 [0.]
 [0.]
 [0.]
 [0.]
 [0.]
 [0.]
 [0.]
 [0.]
 [0.]
 [0.]
 [0.]
 [0.]
 [0.]
 [0.]
 [0.]
 [0.]
 [0.]
 [0.]
 [0.]
 [0.]
 [0.]
 [0.]
 [0.]
 [0.]
 [0.]
 [0.]
 [0.]
 [0.]
 [0.]
 [0.]
 [0.]
 [0.]
 [0.]
 [0.]
 [0.]
 [0.]
 [0.]
 [0.]
 [0.]
 [0.]
 [0.]
 [0.]
 [0.]
 [0.]
 [0.]
 [0.]
 [0.]
 [0.]
 [0.]
 [0.]
 [0.]
 [0.]
 [0.]
 [0.]
 [0.]
 [0.]
 [0.]
 [0.]
 [0.]
 [0.]
 [0.]
 [0.]
 [0.]
 [0.]
 [0.]
 [0.]
 [0.]
 [0.]
 [0.]
 [0.]
 [0.]
 [0.]
 [0.]
 [0.]
 [0.]
 [0.]
 [0.]
 [0.]
 [0.]
 [0.]
 [0.]
 [0.]
 [0.]
 [0.]
 [0.]
 [0.]
 [0.]
 [0.]
 [0.]
 [0.]
 [0.]
 [0.]
 [0.]
 [0.]
 [0.]
 [0.]
 [0.]
 [0.]]
CG: [[1.]
 [1.]
 [1.]
 [1.]
 [1.]
 [1.]
 [1.]
 [1.]
 [1.]
 [1.]
 [1.]
 [1.]
 [1.]
 [1.]
 [1.]
 [1.]
 [1.]
 [1.]
 [1.]
 [1.]
 [1.]
 [1.]
 [1.]
 [1.]
 [1.]
 [1.]
 [1.]
 [1.]
 [1.]
 [1.]
 [1.]
 [1.]
 [1.]
 [1.]
 [1.]
 [1.]
 [1.]
 [1.]
 [1.]
 [1.]
 [1.]
 [1.]
 [1.]
 [1.]
 [1.]
 [1.]
 [1.]
 [1.]
 [1.]
 [1.]
 [1.]
 [1.]
 [1.]
 [1.]
 [1.]
 [1.]
 [1.]
 [1.]
 [1.]
 [1.]
 [1.]
 [1.]
 [1.]
 [1.]
 [1.]
 [1.]
 [1.]
 [1.]
 [1.]
 [1.]
 [1.]
 [1.]
 [1.]
 [1.]
 [1.]
 [1.]
 [1.]
 [1.]
 [1.]
 [1.]
 [1.]
 [1.]
 [1.]
 [1.]
 [1.]
 [1.]
 [1.]
 [1.]
 [1.]
 [1.]
 [1.]
 [1.]
 [1.]
 [1.]
 [1.]
 [1.]
 [1.]
 [1.]
 [1.]
 [1.]]
RG: [[500.]
 [500.]
 [500.]
 [500.]
 [500.]
 [500.]
 [500.]
 [500.]
 [500.]
 [500.]
 [500.]
 [500.]
 [500.]
 [500.]
 [500.]
 [500.]
 [500.]
 [500.]
 [500.]
 [500.]
 [500.]
 [500.]
 [500.]
 [500.]
 [500.]
 [500.]
 [500.]
 [500.]
 [500.]
 [500.]
 [500.]
 [500.]
 [500.]
 [500.]
 [500.]
 [500.]
 [500.]
 [500.]
 [500.]
 [500.]
 [500.]
 [500.]
 [500.]
 [500.]
 [500.]
 [500.]
 [500.]
 [500.]
 [500.]
 [500.]
 [500.]
 [500.]
 [500.]
 [500.]
 [500.]
 [500.]
 [500.]
 [500.]
 [500.]
 [500.]
 [500.]
 [500.]
 [500.]
 [500.]
 [500.]
 [500.]
 [500.]
 [500.]
 [500.]
 [500.]
 [500.]
 [500.]
 [500.]
 [500.]
 [500.]
 [500.]
 [500.]
 [500.]
 [500.]
 [500.]
 [500.]
 [500.]
 [500.]
 [500.]
 [500.]
 [500.]
 [500.]
 [500.]
 [500.]
 [500.]
 [500.]
 [500.]
 [500.]
 [500.]
 [500.]
 [500.]
 [500.]
 [500.]
 [500.]
 [500.]]
Ch: [[1.74349859 1.43355596 0.12502491 0.59011    0.62614192 1.23652889
  1.84412655 1.83647786 0.30644985 1.79968692 0.35959541]
 [0.10073025 0.30525761 1.12283467 1.49203551 0.99183502 0.4738656
  0.15911551 0.13498001 0.15958052 0.23212546 0.50321202]
 [0.50428618 0.24371566 0.89209595 0.97298542 0.53057045 0.20066836
  0.10832932 0.38463049 0.71489518 0.38776048 0.32470236]
 [1.07463504 1.28074827 0.33374654 0.27107588 0.21836501 0.20773943
  0.13751491 0.46435981 0.51522419 0.11232224 0.21641414]
 [0.41579943 0.15832076 0.53347752 0.22118163 0.7835411  1.29341291
  0.22544515 0.1757669  0.10294866 0.40820231 0.32459671]
 [0.12435397 0.56330408 0.40272787 1.23541184 0.42947862 1.43436011
  0.21216773 0.69748203 0.2481904  1.46398621 1.81124936]
 [0.57308122 0.5247254  0.47839001 0.13598084 0.10509465 0.721917
  0.60112216 0.48149278 0.90818477 0.94672526 0.24409995]
 [0.10191733 0.32836737 0.38919355 0.11154918 0.72836494 0.14354606
  0.16476853 0.12583972 0.3998124  0.1250309  0.12149236]
 [1.21181947 0.1307878  1.24317891 1.45603125 0.15672043 0.22034593
  1.72006733 0.39295981 1.86563512 0.32815944 1.53235456]
 [0.53192107 0.52069432 0.91419353 0.16367513 0.25205419 1.09575746
  0.81015008 1.16591523 0.97761645 0.10140433 0.29518324]]
Cv: [[0.         0.         0.         0.         0.         0.
  0.         0.         0.         0.        ]
 [0.41812461 0.43198804 0.1536383  0.28904026 0.21956997 0.88950102
  0.40347783 0.79684593 0.31070554 1.81840916]
 [1.18497893 1.33321629 0.26466122 0.11770777 1.35349647 0.10578565
  1.320421   1.63135519 0.8303508  0.63211063]
 [0.99342472 0.52304242 0.51926721 0.30421749 0.15454771 0.3295151
  1.00050623 0.48121541 0.12042804 0.377678  ]
 [0.3720454  0.31861522 0.73395259 0.11304685 1.14259341 0.90159444
  0.71358338 0.38629345 0.1571779  0.16859385]
 [1.39346042 0.18536723 0.37369933 0.77879058 1.45038964 0.40242258
  0.612837   0.38752667 0.31294475 0.21996879]
 [0.3442099  0.30385403 1.62348468 1.38760588 1.59976707 1.26295164
  0.80565621 0.24179555 0.71913612 1.84310152]
 [1.73601909 0.76442864 0.36925586 0.8736526  0.53729003 0.25447971
  0.1472465  0.13124365 0.18275014 0.28581296]
 [0.47784595 0.45656491 0.38838035 0.16345867 1.6383485  1.08619395
  0.61820833 0.85154813 0.62456518 0.17294641]
 [0.10088832 1.23598386 1.09095191 0.33912518 1.18444206 1.36099863
  0.1262625  1.59829701 0.21364766 1.47532155]]
Rh: [[ 2.01252892  2.42024495 11.63927004  1.44548279  0.70535662  2.1456561
   2.01899438  0.79049539  4.0909866   1.11795374  7.37183907]
 [ 8.20265407  0.55345631  1.2714692   2.06381072  5.16282967 12.3591299
   0.79477331  9.90239347  9.07326826  6.19350471 13.6758266 ]
 [ 2.42534801  8.83575734  0.7097635   6.63883138  1.00469103 13.74261855
   6.00330131  8.9614065   6.59985297  6.90129102  8.65959556]
 [ 6.86012089 12.07551976  1.77550672  1.88408097 19.45766796  0.74843264
   2.6039603   6.34512589 16.03516252  4.74439888 12.21225543]
 [ 9.37822636  6.11996029 13.24438589  7.77491728  0.79175767  6.13297828
  13.68392857 13.05940599  5.81948089  5.90964769  1.13344132]
 [14.70430823  2.9189759  16.11036259 11.45609607  7.24650586  5.45205298
   2.50241439  0.60670222  6.60741327  2.56770353 11.70186223]
 [ 1.30309683 11.74589639  1.51396178  2.32661906  1.2073439   1.71570362
   8.02354899  0.55629582  9.6958434   0.78523658  6.6707379 ]
 [ 1.20911385  2.99574498  6.14106994  0.70345482  1.68771158  4.29528927
   4.20570238  3.92538839  6.87455032  3.97007646 15.27288014]
 [ 2.95160093  1.21612127  3.8693875  13.14686525  4.29365662  8.67919215
   8.51346425  5.14634153  1.68223746  0.98631948  3.33296953]
 [ 6.7373091   0.95061987  8.28576435  2.8853639   5.42249681  1.94640353
   1.37696955  1.21244214 15.6306515   1.38635025  4.0672369 ]]
Rv: [[ 0.68341689  9.72286057  0.70054044  1.3050019   1.26609763  2.53848524
   9.1246218   5.5397145   7.09014776  9.1622096 ]
 [ 2.51705862  5.93152326  0.73365003  2.36014479 18.81763181  4.43015774
   2.31568177  8.86073295  2.54167142  1.33369685]
 [ 8.41123844 11.04871671 14.78353093  2.3883053   2.4635975   1.09396127
   9.68136966 18.90754163  8.60547169  5.66949331]
 [ 5.14852786  7.45547622  7.05518002  6.6980874   7.99760152  5.67501299
  13.92456895  4.48125375  4.68459956  0.75407778]
 [ 4.39444423 10.53468454  1.36497795  4.85273478  0.98790288 18.65845777
   1.57684353  9.7721043  16.28098452 10.11813049]
 [ 3.87420521  9.95627191  2.53532106  1.94550197  3.8567536   0.70607132
  13.27387495  0.96856396  4.23884169  2.70181989]
 [ 5.63234152  2.31422295  6.05935775  1.13382028  3.98283611  1.37320236
  17.93042887  5.30215841  5.29448837 10.76424679]
 [ 8.57211753  1.48806756  3.06890127  0.55438009  2.17669351  1.84025327
   5.0266205  11.21758563  0.90994883 11.23695992]
 [ 2.28994056  5.04924708  0.95372951  0.90503802  1.54257385 17.61536317
   0.77699028 14.56922189  5.65571492 17.51249129]]