-------Running parameters--------
T = 0.001
temperature_gradient = 0.0
gap = 0.0
M = 10
N = 10
VR = 0.0
Vmin = 0.0
Vmax = 3.0
vStep = 0.001
vSym = True
repeats = 50
fileName = array_10_10_disorder_c_std_0.9_r_std_9.5_cg_2_run_6
dist = exp
fullOutput = True
use_graph = False
current_map = True
plot_current_map = False
plot_binary_current_map = False
frame_norm = False
dbg = False
resume = False
sc = False
leaping = False
constQ = False
modifyR = False
double_time = False
double_loop = False
output_folder = bgu_2d_arrays_different_cg
params_path = 
VG_avg = 0.0
VG_std = 0.0
C_avg = 1.0
C_std = 0.9
CG_avg = 2.0
CG_std = 0.0
R_avg = 10.0
R_std = 9.5
custom_rh = ""
custom_rv = ""
custom_ch = ""
custom_cv = ""
RG_avg = 500.0
RG_std = 0.0
n0_avg = 0.0
n0_std = 0.0
Q0_avg = 0.0
Q0_std = 0.0
----Array Parameters-----
Rows: 10
Columns: 10
VG: [[0.]
 [0.]
 [0.]
 [0.]
 [0.]
 [0.]
 [0.]
 [0.]
 [0.]
 [0.]
 [0.]
 [0.]
 [0.]
 [0.]
 [0.]
 [0.]
 [0.]
 [0.]
 [0.]
 [0.]
 [0.]
 [0.]
 [0.]
 [0.]
 [0.]
 [0.]
 [0.]
 [0.]
 [0.]
 [0.]
 [0.]
 [0.]
 [0.]
 [0.]
 [0.]
 [0.]
 [0.]
 [0.]
 [0.]
 [0.]
 [0.]
 [0.]
 [0.]
 [0.]
 [0.]
 [0.]
 [0.]
 [0.]
 [0.]
 [0.]
 [0.]
 [0.]
 [0.]
 [0.]
 [0.]
 [0.]
 [0.]
 [0.]
 [0.]
 [0.]
 [0.]
 [0.]
 [0.]
 [0.]
 [0.]
 [0.]
 [0.]
 [0.]
 [0.]
 [0.]
 [0.]
 [0.]
 [0.]
 [0.]
 [0.]
 [0.]
 [0.]
 [0.]
 [0.]
 [0.]
 [0.]
 [0.]
 [0.]
 [0.]
 [0.]
 [0.]
 [0.]
 [0.]
 [0.]
 [0.]
 [0.]
 [0.]
 [0.]
 [0.]
 [0.]
 [0.]
 [0.]
 [0.]
 [0.]
 [0.]]
CG: [[2.]
 [2.]
 [2.]
 [2.]
 [2.]
 [2.]
 [2.]
 [2.]
 [2.]
 [2.]
 [2.]
 [2.]
 [2.]
 [2.]
 [2.]
 [2.]
 [2.]
 [2.]
 [2.]
 [2.]
 [2.]
 [2.]
 [2.]
 [2.]
 [2.]
 [2.]
 [2.]
 [2.]
 [2.]
 [2.]
 [2.]
 [2.]
 [2.]
 [2.]
 [2.]
 [2.]
 [2.]
 [2.]
 [2.]
 [2.]
 [2.]
 [2.]
 [2.]
 [2.]
 [2.]
 [2.]
 [2.]
 [2.]
 [2.]
 [2.]
 [2.]
 [2.]
 [2.]
 [2.]
 [2.]
 [2.]
 [2.]
 [2.]
 [2.]
 [2.]
 [2.]
 [2.]
 [2.]
 [2.]
 [2.]
 [2.]
 [2.]
 [2.]
 [2.]
 [2.]
 [2.]
 [2.]
 [2.]
 [2.]
 [2.]
 [2.]
 [2.]
 [2.]
 [2.]
 [2.]
 [2.]
 [2.]
 [2.]
 [2.]
 [2.]
 [2.]
 [2.]
 [2.]
 [2.]
 [2.]
 [2.]
 [2.]
 [2.]
 [2.]
 [2.]
 [2.]
 [2.]
 [2.]
 [2.]
 [2.]]
RG: [[500.]
 [500.]
 [500.]
 [500.]
 [500.]
 [500.]
 [500.]
 [500.]
 [500.]
 [500.]
 [500.]
 [500.]
 [500.]
 [500.]
 [500.]
 [500.]
 [500.]
 [500.]
 [500.]
 [500.]
 [500.]
 [500.]
 [500.]
 [500.]
 [500.]
 [500.]
 [500.]
 [500.]
 [500.]
 [500.]
 [500.]
 [500.]
 [500.]
 [500.]
 [500.]
 [500.]
 [500.]
 [500.]
 [500.]
 [500.]
 [500.]
 [500.]
 [500.]
 [500.]
 [500.]
 [500.]
 [500.]
 [500.]
 [500.]
 [500.]
 [500.]
 [500.]
 [500.]
 [500.]
 [500.]
 [500.]
 [500.]
 [500.]
 [500.]
 [500.]
 [500.]
 [500.]
 [500.]
 [500.]
 [500.]
 [500.]
 [500.]
 [500.]
 [500.]
 [500.]
 [500.]
 [500.]
 [500.]
 [500.]
 [500.]
 [500.]
 [500.]
 [500.]
 [500.]
 [500.]
 [500.]
 [500.]
 [500.]
 [500.]
 [500.]
 [500.]
 [500.]
 [500.]
 [500.]
 [500.]
 [500.]
 [500.]
 [500.]
 [500.]
 [500.]
 [500.]
 [500.]
 [500.]
 [500.]
 [500.]]
Ch: [[0.13340463 0.32929535 0.4315943  0.41786521 0.77824774 0.53219608
  0.27315349 0.28587635 0.21629818 0.18971066 0.24534273]
 [0.79941401 0.44753023 0.31205747 0.6152814  1.25409727 1.19898558
  1.19838149 0.79792741 0.71028489 0.32535696 0.18232155]
 [1.7234297  0.28002216 0.39865827 0.1411454  0.159977   1.83972294
  0.39045555 0.11543042 0.41727641 0.41345325 0.24992111]
 [0.93431201 1.04680786 0.16315514 0.35358971 0.11785523 1.725429
  0.13585014 0.2653846  1.77169041 1.11970125 0.29467508]
 [1.12422003 0.66218692 0.15691221 1.72138134 0.16563091 1.41423858
  1.85512499 0.31175908 0.36528725 0.52898718 0.13709421]
 [0.296658   0.18546122 1.41939399 1.06374214 1.20228918 0.10310586
  0.19147422 0.35698017 0.26675117 1.01421572 1.65234972]
 [0.12906991 0.44055559 1.7897389  0.42443895 0.19663431 0.65251319
  0.14821282 0.43254219 0.20672046 0.98374478 0.736545  ]
 [1.28857496 0.57519256 0.17016331 1.77511432 0.57458495 0.11386277
  0.65943156 0.19405845 0.10350943 1.22341169 0.2163945 ]
 [0.34348468 0.25747647 0.71581901 0.16242391 1.17159019 1.88002623
  1.20773232 0.44885584 0.24549321 0.23624531 0.31883674]
 [0.79474206 0.55181084 0.11162061 0.27675968 0.61787527 0.18059563
  0.1441666  0.81568689 0.58464171 0.8208009  0.20082034]]
Cv: [[0.         0.         0.         0.         0.         0.
  0.         0.         0.         0.        ]
 [1.15151541 0.20969221 0.12114806 0.51373912 0.99629893 0.52823355
  0.12322388 0.42642644 0.28498936 1.08974935]
 [0.79223053 0.52477469 0.39405354 1.24445036 0.25794605 0.30951733
  0.13367943 0.20975339 0.42953543 0.11585124]
 [0.83054218 0.11085452 0.33980194 0.28704398 0.19470384 0.2466159
  1.50556167 0.5232961  0.42098903 0.16146321]
 [0.7727792  0.83374559 1.23808947 0.97434814 0.19816945 1.35738005
  1.15716713 0.22680481 0.41197657 0.63939052]
 [1.10764003 0.10436633 1.41817546 0.99690457 1.30549653 0.11283619
  0.27309828 0.59768038 0.2256889  0.11972288]
 [0.8947129  1.10067851 1.14113816 1.45718204 0.92550222 0.16410757
  0.30985059 0.18390916 0.15468214 1.82264674]
 [0.28878377 1.45657513 0.10091918 0.30875646 0.65223623 1.84771023
  0.40130833 0.11962753 1.44031866 1.41392688]
 [0.67277151 0.14663561 0.23320152 0.87537169 0.21410269 0.7601216
  0.43248343 0.64638135 0.18400615 0.33862721]
 [0.3757023  0.12631972 0.26759906 0.13605706 0.16550178 1.64182714
  0.50361884 0.48173735 0.86281972 1.63415231]]
Rh: [[ 2.5609923  12.26757332  0.55216226 11.4257882   6.05129561  4.96209873
  11.13032478  3.85223927  2.9288684   1.33236382  0.66019515]
 [13.00632949  4.79690379  9.09632073  0.70026886 17.12839458  0.81860479
   8.46337933  2.84891994  5.31311282  0.712422    1.01802433]
 [ 3.82556912  8.28643373  3.23088075  8.54481061 15.60968446 16.04839167
   1.30668659  6.52126199  0.99423747 10.03607656  3.64364853]
 [16.05359633  6.19380291  1.00090124  1.30681112  1.60866959  2.25484301
   0.88505466  1.32452841  0.90826751  1.52962083  5.35447763]
 [ 3.86030128  0.92284189  1.32974205  0.59706301 15.34644255  3.18840344
  11.25723966  5.29179805  1.96338568 15.08683234  0.80349207]
 [ 7.78228705 18.10452119  8.28056881  9.69982282  7.15357291  3.06058662
  16.06353943  1.06820007 15.89342549  3.33394694  4.24781404]
 [ 9.84157573  6.46145152  2.7127178   5.14720849  4.22973577  6.56569934
   0.75612495  0.79742258  7.17931217  4.04682715  0.60592476]
 [17.76896917  1.65240035  9.33851021  8.94472613  0.5307565   1.60680126
   1.93637811  2.43052941  5.86961529  0.64673494  9.94071949]
 [ 0.81956048  0.82983433 11.20040896  0.62029824  3.1823791   3.12197145
  16.20786215  4.19821427  1.1085387  12.44055501  2.86972214]
 [ 0.65637243  1.45382942  0.6414705   0.82460314  1.84090542  1.26937984
  10.89152907 16.76855409 13.68090079  2.51722485  1.81434434]]
Rv: [[ 3.79233125  5.93947341  4.92057101  7.85930248  2.20761807  3.03637877
   0.72433146  0.82106416  6.33252336 12.53175001]
 [ 6.36614531  0.95149888  2.19937209 18.00487692  9.16365733  0.76311832
  19.40948683  2.27664581 13.46838752  1.34079882]
 [ 3.43849097  7.94485158  0.91629381  1.48567701  4.41089759 10.63468489
   1.09601281  0.50613074  0.59274374  9.89361986]
 [10.57092267  4.00804534  2.76029019  0.93761565  5.26437812  2.66386846
  11.52735645  1.96862154 18.92864404  3.10671557]
 [ 1.25362099  0.95493701  6.73869701  3.61473601 17.64779495  9.48953638
   4.45891676  0.76481956  7.98527737  0.71144263]
 [ 5.2949035   3.59795939 11.08550198  6.12661144  3.28973529 11.43326478
   0.84355352  1.52025836  6.39715058  4.18826815]
 [ 5.28538238  9.05977611  3.52500924 18.48293682  8.0424878  14.26438905
   9.1950396   0.98116913  3.60309688  0.86881429]
 [ 2.77894852  2.01162302  3.09793485  3.6545615   0.84836375  1.39580216
   4.69667521  3.29862536  6.83122918  0.63827018]
 [ 0.65192797  3.29418082  6.321142    1.99432752 13.94377707  0.92321084
  15.21738274  0.99315311  0.8305018   1.45381471]]