-------Running parameters--------
T = 0.001
temperature_gradient = 0.0
gap = 0.0
M = 10
N = 10
VR = 0.0
Vmin = 0.0
Vmax = 3.0
vStep = 0.001
vSym = True
repeats = 50
fileName = array_10_10_disorder_c_std_0.9_r_std_9.5_cg_2_run_1
dist = exp
fullOutput = True
use_graph = False
current_map = True
plot_current_map = False
plot_binary_current_map = False
frame_norm = False
dbg = False
resume = False
sc = False
leaping = False
constQ = False
modifyR = False
double_time = False
double_loop = False
output_folder = bgu_2d_arrays_different_cg
params_path = 
VG_avg = 0.0
VG_std = 0.0
C_avg = 1.0
C_std = 0.9
CG_avg = 2.0
CG_std = 0.0
R_avg = 10.0
R_std = 9.5
custom_rh = ""
custom_rv = ""
custom_ch = ""
custom_cv = ""
RG_avg = 500.0
RG_std = 0.0
n0_avg = 0.0
n0_std = 0.0
Q0_avg = 0.0
Q0_std = 0.0
----Array Parameters-----
Rows: 10
Columns: 10
VG: [[0.]
 [0.]
 [0.]
 [0.]
 [0.]
 [0.]
 [0.]
 [0.]
 [0.]
 [0.]
 [0.]
 [0.]
 [0.]
 [0.]
 [0.]
 [0.]
 [0.]
 [0.]
 [0.]
 [0.]
 [0.]
 [0.]
 [0.]
 [0.]
 [0.]
 [0.]
 [0.]
 [0.]
 [0.]
 [0.]
 [0.]
 [0.]
 [0.]
 [0.]
 [0.]
 [0.]
 [0.]
 [0.]
 [0.]
 [0.]
 [0.]
 [0.]
 [0.]
 [0.]
 [0.]
 [0.]
 [0.]
 [0.]
 [0.]
 [0.]
 [0.]
 [0.]
 [0.]
 [0.]
 [0.]
 [0.]
 [0.]
 [0.]
 [0.]
 [0.]
 [0.]
 [0.]
 [0.]
 [0.]
 [0.]
 [0.]
 [0.]
 [0.]
 [0.]
 [0.]
 [0.]
 [0.]
 [0.]
 [0.]
 [0.]
 [0.]
 [0.]
 [0.]
 [0.]
 [0.]
 [0.]
 [0.]
 [0.]
 [0.]
 [0.]
 [0.]
 [0.]
 [0.]
 [0.]
 [0.]
 [0.]
 [0.]
 [0.]
 [0.]
 [0.]
 [0.]
 [0.]
 [0.]
 [0.]
 [0.]]
CG: [[2.]
 [2.]
 [2.]
 [2.]
 [2.]
 [2.]
 [2.]
 [2.]
 [2.]
 [2.]
 [2.]
 [2.]
 [2.]
 [2.]
 [2.]
 [2.]
 [2.]
 [2.]
 [2.]
 [2.]
 [2.]
 [2.]
 [2.]
 [2.]
 [2.]
 [2.]
 [2.]
 [2.]
 [2.]
 [2.]
 [2.]
 [2.]
 [2.]
 [2.]
 [2.]
 [2.]
 [2.]
 [2.]
 [2.]
 [2.]
 [2.]
 [2.]
 [2.]
 [2.]
 [2.]
 [2.]
 [2.]
 [2.]
 [2.]
 [2.]
 [2.]
 [2.]
 [2.]
 [2.]
 [2.]
 [2.]
 [2.]
 [2.]
 [2.]
 [2.]
 [2.]
 [2.]
 [2.]
 [2.]
 [2.]
 [2.]
 [2.]
 [2.]
 [2.]
 [2.]
 [2.]
 [2.]
 [2.]
 [2.]
 [2.]
 [2.]
 [2.]
 [2.]
 [2.]
 [2.]
 [2.]
 [2.]
 [2.]
 [2.]
 [2.]
 [2.]
 [2.]
 [2.]
 [2.]
 [2.]
 [2.]
 [2.]
 [2.]
 [2.]
 [2.]
 [2.]
 [2.]
 [2.]
 [2.]
 [2.]]
RG: [[500.]
 [500.]
 [500.]
 [500.]
 [500.]
 [500.]
 [500.]
 [500.]
 [500.]
 [500.]
 [500.]
 [500.]
 [500.]
 [500.]
 [500.]
 [500.]
 [500.]
 [500.]
 [500.]
 [500.]
 [500.]
 [500.]
 [500.]
 [500.]
 [500.]
 [500.]
 [500.]
 [500.]
 [500.]
 [500.]
 [500.]
 [500.]
 [500.]
 [500.]
 [500.]
 [500.]
 [500.]
 [500.]
 [500.]
 [500.]
 [500.]
 [500.]
 [500.]
 [500.]
 [500.]
 [500.]
 [500.]
 [500.]
 [500.]
 [500.]
 [500.]
 [500.]
 [500.]
 [500.]
 [500.]
 [500.]
 [500.]
 [500.]
 [500.]
 [500.]
 [500.]
 [500.]
 [500.]
 [500.]
 [500.]
 [500.]
 [500.]
 [500.]
 [500.]
 [500.]
 [500.]
 [500.]
 [500.]
 [500.]
 [500.]
 [500.]
 [500.]
 [500.]
 [500.]
 [500.]
 [500.]
 [500.]
 [500.]
 [500.]
 [500.]
 [500.]
 [500.]
 [500.]
 [500.]
 [500.]
 [500.]
 [500.]
 [500.]
 [500.]
 [500.]
 [500.]
 [500.]
 [500.]
 [500.]
 [500.]]
Ch: [[0.17306061 0.40324354 0.36650146 1.245048   0.45775221 0.94439622
  0.52473916 1.73472014 0.17028094 0.13818203 0.17783403]
 [0.2272467  0.33447401 0.27102258 0.21024014 0.10593126 0.10549653
  1.02327411 0.14639515 1.24429328 1.53411659 1.653844  ]
 [0.14009188 0.98053947 0.28636103 0.10074113 0.25496941 0.14140222
  0.31840347 1.02259382 0.18499329 0.33472271 0.92387546]
 [0.18429263 0.22375171 0.77436017 0.84081561 0.47375598 0.20585843
  0.10974745 0.64831196 0.30850868 0.59559304 0.48673381]
 [0.66392751 0.84159175 0.7306593  1.30623867 0.12851186 0.14739966
  0.93743956 1.80406531 0.16046212 0.24325464 1.49358748]
 [0.11016021 0.44376675 1.28314023 0.10505432 1.41422691 0.4350729
  0.33892084 0.74750259 0.43346454 0.22875162 0.32702545]
 [0.26484755 0.41969183 0.20406426 0.27318643 1.35179907 1.88499246
  0.95998108 0.42761674 0.12478046 0.15075564 0.14128134]
 [0.10143934 1.45072477 0.78668948 0.78744268 0.3017772  0.88918998
  0.32479783 1.58740438 0.13722693 1.591943   0.19592243]
 [1.10048726 0.21264754 0.21656742 0.70367741 0.72553672 0.13378857
  0.76171851 1.82112626 0.29049566 1.06816216 1.04417519]
 [1.42614385 0.25296319 0.68919371 0.60227829 1.09787521 0.18048069
  1.54889419 0.12167594 0.99241261 0.45803557 0.68934624]]
Cv: [[0.         0.         0.         0.         0.         0.
  0.         0.         0.         0.        ]
 [1.29819518 0.25439843 0.41153164 0.95845547 0.17741804 0.29165897
  0.56137122 0.42657946 0.30316595 0.187148  ]
 [0.2066726  0.44386726 0.17952645 0.52067238 0.11198271 0.27147865
  0.45279489 0.38008159 0.23824184 0.23320586]
 [1.14300559 0.58003288 0.64959671 0.19392775 0.76823155 0.81716409
  0.1674771  0.20782095 0.11677292 0.21198591]
 [0.1452379  1.19753232 0.73955399 0.37150016 0.56080519 0.59549434
  1.0472395  0.54490824 0.84642424 0.1653852 ]
 [0.17702578 1.8286268  0.74714322 0.21303296 1.04835076 0.88838441
  0.12711742 0.16426366 0.6434696  0.24656667]
 [1.7546241  1.22468713 0.64165026 0.31902793 0.28444032 0.18465467
  0.95686679 1.60695354 0.56033071 0.75806589]
 [0.45216764 0.61872414 1.17676929 1.28587127 1.17878966 0.43583847
  1.36175432 0.20747588 1.33996736 0.24050035]
 [1.26208564 0.77447015 0.37275536 0.78724694 0.48401266 0.57582063
  0.21795165 0.97363689 1.66513922 1.8378937 ]
 [1.40713632 1.85739787 0.66874481 0.29831517 0.24322984 0.75763466
  0.25026807 0.2687866  0.78299195 0.28768321]]
Rh: [[ 4.04580687  1.12470757  8.08745143  5.01371881  3.63287562  1.4619908
  11.88714206 16.40834266 15.25922258  3.38805774  3.07126004]
 [ 8.01052685 16.54735916  2.94889372 16.19491638  1.14772802  8.72353765
  11.04509258 11.9203986   3.99797742  3.62441336  0.51213121]
 [ 3.5987225   0.57661307  7.11605947  1.19372334  0.70706191  9.87801824
  10.62059418  1.00027383  3.60350686  5.84521245  2.46934584]
 [ 5.05298271  0.86598163 15.60636307  2.23243993  0.82732242  0.53724224
   8.91142491  1.04359084  2.29763647 13.54312776  5.78811972]
 [18.43756543  7.4138237   1.09146227  3.61019492  5.55296945 12.6309659
   0.66028113 16.91302764  5.72107088 10.06374165  0.62020668]
 [ 4.28825365  5.74752001  9.5246516   2.94052465  8.30284506  0.76064784
   4.13213817  0.63482839  2.66263461  5.30452012  1.77802867]
 [ 0.90317019  7.79683142  3.52809637 17.307543    0.70413252  1.04891561
   1.17919537  0.71919793  0.983273    0.95621132  0.55417479]
 [ 1.35404081  6.26865307  0.63334011  7.57744031  3.19269425  2.22464349
   3.08630579  8.18721119  2.21706741  2.0698287   3.26882982]
 [ 2.19444642 11.09889273  4.64373718  0.62117109  2.57221527  8.2813971
  16.81120639 12.77310764 17.51387914  9.17740924  3.9243434 ]
 [ 2.2440777   1.05809446  0.72442737  3.83448145  6.76798538  5.70958861
   9.88122161  7.52144603  4.35142889  3.90014762  9.06768233]]
Rv: [[ 0.77340362  1.01981693  3.49860291  1.24278753 16.71727134  7.9053306
   7.86974226  6.76157283 13.4844351   1.11335879]
 [ 1.2382275   1.91222581  9.75498002  1.62463113  4.72358767  0.56718293
   1.55519103  0.82540611  3.43402839  3.71545953]
 [ 5.62578189  3.10428013  3.6386264   0.91777809  1.32642127 10.85944479
   1.03907765  5.39667056  1.17644261  7.9350473 ]
 [ 0.53683464  3.36132308 14.18827965  2.69950182  1.40162331 11.12396133
  16.92565159  8.36996326  1.82622602 14.89292437]
 [ 0.52562776  4.99414806  7.09637154  0.99154053  0.69125832 13.78398969
   2.95848535  4.80388463  4.93784269 11.43022883]
 [ 4.18055707 11.84255622  5.00967653  0.98539706 14.313656    0.71880732
   1.13130059  2.58911915  5.21200907 18.44054345]
 [ 0.6545487   2.49528082  3.18535837  3.00078324  0.67447208  1.41880425
   5.65615758  4.33761015  1.21248443  1.61317043]
 [ 4.19510023  3.23832591  0.63045388  3.71470202  3.14948632  1.65070225
   2.58942097 10.70747904  0.64021103  2.71202669]
 [ 0.67623517 10.18544207  6.33421451  5.05423295  8.58615676 10.39916821
   1.13719965  0.85513598  3.10982126  0.5365876 ]]