-------Running parameters--------
T = 0.001
temperature_gradient = 0.0
gap = 0.0
M = 10
N = 10
VR = 0.0
Vmin = 0.0
Vmax = 3.0
vStep = 0.001
vSym = True
repeats = 50
fileName = array_10_10_disorder_c_std_0.9_r_std_9.5_cg_5_run_8
dist = exp
fullOutput = True
use_graph = False
current_map = True
plot_current_map = False
plot_binary_current_map = False
frame_norm = False
dbg = False
resume = False
sc = False
leaping = False
constQ = False
modifyR = False
double_time = False
double_loop = False
output_folder = bgu_2d_arrays_different_cg
params_path = 
VG_avg = 0.0
VG_std = 0.0
C_avg = 1.0
C_std = 0.9
CG_avg = 5.0
CG_std = 0.0
R_avg = 10.0
R_std = 9.5
custom_rh = ""
custom_rv = ""
custom_ch = ""
custom_cv = ""
RG_avg = 500.0
RG_std = 0.0
n0_avg = 0.0
n0_std = 0.0
Q0_avg = 0.0
Q0_std = 0.0
----Array Parameters-----
Rows: 10
Columns: 10
VG: [[0.]
 [0.]
 [0.]
 [0.]
 [0.]
 [0.]
 [0.]
 [0.]
 [0.]
 [0.]
 [0.]
 [0.]
 [0.]
 [0.]
 [0.]
 [0.]
 [0.]
 [0.]
 [0.]
 [0.]
 [0.]
 [0.]
 [0.]
 [0.]
 [0.]
 [0.]
 [0.]
 [0.]
 [0.]
 [0.]
 [0.]
 [0.]
 [0.]
 [0.]
 [0.]
 [0.]
 [0.]
 [0.]
 [0.]
 [0.]
 [0.]
 [0.]
 [0.]
 [0.]
 [0.]
 [0.]
 [0.]
 [0.]
 [0.]
 [0.]
 [0.]
 [0.]
 [0.]
 [0.]
 [0.]
 [0.]
 [0.]
 [0.]
 [0.]
 [0.]
 [0.]
 [0.]
 [0.]
 [0.]
 [0.]
 [0.]
 [0.]
 [0.]
 [0.]
 [0.]
 [0.]
 [0.]
 [0.]
 [0.]
 [0.]
 [0.]
 [0.]
 [0.]
 [0.]
 [0.]
 [0.]
 [0.]
 [0.]
 [0.]
 [0.]
 [0.]
 [0.]
 [0.]
 [0.]
 [0.]
 [0.]
 [0.]
 [0.]
 [0.]
 [0.]
 [0.]
 [0.]
 [0.]
 [0.]
 [0.]]
CG: [[5.]
 [5.]
 [5.]
 [5.]
 [5.]
 [5.]
 [5.]
 [5.]
 [5.]
 [5.]
 [5.]
 [5.]
 [5.]
 [5.]
 [5.]
 [5.]
 [5.]
 [5.]
 [5.]
 [5.]
 [5.]
 [5.]
 [5.]
 [5.]
 [5.]
 [5.]
 [5.]
 [5.]
 [5.]
 [5.]
 [5.]
 [5.]
 [5.]
 [5.]
 [5.]
 [5.]
 [5.]
 [5.]
 [5.]
 [5.]
 [5.]
 [5.]
 [5.]
 [5.]
 [5.]
 [5.]
 [5.]
 [5.]
 [5.]
 [5.]
 [5.]
 [5.]
 [5.]
 [5.]
 [5.]
 [5.]
 [5.]
 [5.]
 [5.]
 [5.]
 [5.]
 [5.]
 [5.]
 [5.]
 [5.]
 [5.]
 [5.]
 [5.]
 [5.]
 [5.]
 [5.]
 [5.]
 [5.]
 [5.]
 [5.]
 [5.]
 [5.]
 [5.]
 [5.]
 [5.]
 [5.]
 [5.]
 [5.]
 [5.]
 [5.]
 [5.]
 [5.]
 [5.]
 [5.]
 [5.]
 [5.]
 [5.]
 [5.]
 [5.]
 [5.]
 [5.]
 [5.]
 [5.]
 [5.]
 [5.]]
RG: [[500.]
 [500.]
 [500.]
 [500.]
 [500.]
 [500.]
 [500.]
 [500.]
 [500.]
 [500.]
 [500.]
 [500.]
 [500.]
 [500.]
 [500.]
 [500.]
 [500.]
 [500.]
 [500.]
 [500.]
 [500.]
 [500.]
 [500.]
 [500.]
 [500.]
 [500.]
 [500.]
 [500.]
 [500.]
 [500.]
 [500.]
 [500.]
 [500.]
 [500.]
 [500.]
 [500.]
 [500.]
 [500.]
 [500.]
 [500.]
 [500.]
 [500.]
 [500.]
 [500.]
 [500.]
 [500.]
 [500.]
 [500.]
 [500.]
 [500.]
 [500.]
 [500.]
 [500.]
 [500.]
 [500.]
 [500.]
 [500.]
 [500.]
 [500.]
 [500.]
 [500.]
 [500.]
 [500.]
 [500.]
 [500.]
 [500.]
 [500.]
 [500.]
 [500.]
 [500.]
 [500.]
 [500.]
 [500.]
 [500.]
 [500.]
 [500.]
 [500.]
 [500.]
 [500.]
 [500.]
 [500.]
 [500.]
 [500.]
 [500.]
 [500.]
 [500.]
 [500.]
 [500.]
 [500.]
 [500.]
 [500.]
 [500.]
 [500.]
 [500.]
 [500.]
 [500.]
 [500.]
 [500.]
 [500.]
 [500.]]
Ch: [[0.43361442 1.14194551 1.7172786  0.3066364  0.99804082 0.10173364
  0.11456214 0.2739463  0.12482198 0.16927869 1.46253461]
 [0.14073508 1.25245063 0.16655205 0.51725585 0.4454113  1.43742896
  0.23993592 1.24033498 1.30521134 0.11812687 0.44825082]
 [1.30656583 0.13934061 0.82385254 0.75455898 0.20422036 1.79708838
  0.1001433  0.18736168 0.33824529 0.13926403 0.10250669]
 [0.33132169 1.46775674 0.93869181 0.10540682 0.80381994 0.2093868
  1.26818005 0.14878147 0.40229005 0.30584709 1.20235785]
 [0.36300839 0.11154637 0.40616275 0.28897329 0.20511493 0.18672239
  0.54333817 0.41566617 1.37516458 1.6600862  0.21397633]
 [0.1300588  0.10741434 0.49005017 0.33132951 0.42219499 0.19550574
  1.1442789  0.16829656 0.38933155 0.15051139 1.17275191]
 [0.14724475 0.32082844 0.14351174 1.28386957 0.28592179 0.17020234
  0.17803778 0.52641183 0.38894373 0.12068146 0.49678742]
 [0.95778322 1.4133735  0.18851153 0.71840785 0.13345265 0.35708677
  0.64169407 0.14476477 0.58276156 0.34072021 0.49842931]
 [1.29552391 0.84305019 0.40946507 1.65216994 1.3472358  1.04993913
  0.35451761 0.41661201 1.56161466 0.60305825 0.79870084]
 [0.15920828 0.1516943  0.19156574 0.49096761 0.21027157 0.51928003
  1.31264097 1.50732674 0.13283179 1.26542381 0.11191212]]
Cv: [[0.         0.         0.         0.         0.         0.
  0.         0.         0.         0.        ]
 [1.68452436 0.1093422  0.86091047 0.2058351  0.35809416 0.97021619
  0.24225074 0.57839097 0.337634   1.68107459]
 [0.93346989 0.28647815 1.44647764 0.45869534 1.16383112 0.98677323
  1.33548837 0.23036093 0.68678189 0.11813075]
 [0.28678678 1.27446091 1.26937425 0.18841041 1.68220018 0.11197192
  1.56287366 1.35816406 0.72806412 0.26670535]
 [0.25455644 0.54910964 0.14879071 0.14782035 0.99396583 0.52821307
  1.06576959 0.32427887 0.39436329 0.2115723 ]
 [0.36823727 0.3073386  1.17083217 0.41886554 0.36593909 0.44130954
  0.32736534 0.27273766 0.34274552 1.12085524]
 [0.35203497 1.72381309 0.16735162 0.17017155 0.14801558 1.57857889
  0.17976176 1.18910016 0.92459411 0.30223091]
 [1.75153159 0.13664311 0.66993598 0.9803141  0.3689576  0.58924541
  0.18895841 0.1660975  0.58433544 0.12795237]
 [0.10468602 0.24268983 0.75915642 0.17136259 0.12864629 0.98310795
  1.1930839  1.7506845  0.54853868 0.16570595]
 [0.59848106 0.95554146 0.25996186 1.50846737 1.46700193 0.14829957
  0.20847413 0.18261377 0.79608619 1.47680805]]
Rh: [[ 1.4221938   4.48404433  2.338115    2.13449473  1.11141947 13.9217924
   0.76945922  2.89203532 12.5856707   1.39102779  4.10216917]
 [ 5.65146446 11.94289318  6.11969939  0.64840486  0.71003133  2.29250587
   5.97609872 15.03179365  1.27244139  1.09912149 12.0577539 ]
 [ 2.21192335  6.66221609 16.48897196  1.60542721  0.95669697  9.82475056
   0.99665153  9.27915001  6.93743517  2.97707372  3.34134816]
 [ 2.89533647  0.74712673 12.11152827  4.23692159  2.93082176  2.41638271
   2.78910932  2.41141345 15.63328475  3.81785966  5.20898855]
 [ 3.01314011  3.07797706  1.40946723  0.56523288  0.67240554  6.76079665
   1.52137957  8.51559887  6.11366417  6.45027949  2.89688778]
 [ 5.16569671  1.36581272  1.45944922 17.3214632   0.70969743  0.61391123
   5.51955646  1.31285101  8.70918084  8.37593626  1.47591733]
 [ 1.01468862  5.5041718   8.16282169 13.43932763  0.55535766  1.03643569
   5.61971215 17.75865225  3.11667411  1.089331    3.73092312]
 [ 2.75182923 19.25427059  0.62760642  4.08737047  1.56372059  3.02770481
   3.11607966  1.58278764 17.73947809  0.76732865  0.61636956]
 [ 0.82802848  4.77204047  9.03226569  5.54286552  2.44987579  1.72055214
   1.43996917  0.56610657  3.41976448  2.31490048  4.34885126]
 [ 2.44225641  3.03906343  5.9483137   1.93260226  0.88660934  2.95285555
   1.76958784  9.46598898 10.39217189 17.59029319  0.95924329]]
Rv: [[ 2.79349047  0.6658987   0.72432991  5.35121248 11.88486461  1.19628083
   0.59989901  3.09729775 19.04521212  3.64085925]
 [ 4.99856724  3.64618165  0.9102235   3.11331701  3.55217078  5.23307565
   0.83545668  3.29031993  1.09484094  0.53209089]
 [14.54838066  0.65550643  7.4355218   4.56814244  0.52913918  0.9843336
  13.237683    0.66625974  1.09572645  3.96205401]
 [ 4.22793767  1.07031686  2.52682305  0.64680967  0.61004701 18.10692906
   9.92560306  6.23165059  9.01962614  1.08844399]
 [ 1.05480956  1.15276935  2.34833749  1.83909908  7.85260852 11.08453631
   4.70475388  2.3212803   2.04943327  7.6290988 ]
 [ 1.14627822  8.08011369  5.45881522  1.01261464  5.66775536  0.63703449
   0.64404601  1.14063073 13.10332883  2.52927266]
 [15.15855019  6.02083708 10.31112163 12.79510597  6.71722729  1.75306155
   2.16578878  2.20313696  5.08088485  1.31460216]
 [ 8.87612377  2.39517672  7.02350072  0.67672286  3.85790138 13.15156708
   0.57259209  8.37785049  8.73079705 19.13197535]
 [ 5.89729507  8.2016629   0.71900944  2.08071335  4.24868631  6.66723566
   3.27587186  2.87826818  1.69970999 12.24028358]]