-------Running parameters--------
T = 0.001
temperature_gradient = 0.0
gap = 0.0
M = 10
N = 10
VR = 0.0
Vmin = 0.0
Vmax = 3.0
vStep = 0.001
vSym = True
repeats = 50
fileName = array_10_10_disorder_c_std_0.9_r_std_9.5_cg_1_run_1
dist = exp
fullOutput = True
use_graph = False
current_map = True
plot_current_map = False
plot_binary_current_map = False
frame_norm = False
dbg = False
resume = False
sc = False
leaping = False
constQ = False
modifyR = False
double_time = False
double_loop = False
output_folder = bgu_2d_arrays_different_cg
params_path = 
VG_avg = 0.0
VG_std = 0.0
C_avg = 1.0
C_std = 0.9
CG_avg = 1.0
CG_std = 0.0
R_avg = 10.0
R_std = 9.5
custom_rh = ""
custom_rv = ""
custom_ch = ""
custom_cv = ""
RG_avg = 500.0
RG_std = 0.0
n0_avg = 0.0
n0_std = 0.0
Q0_avg = 0.0
Q0_std = 0.0
----Array Parameters-----
Rows: 10
Columns: 10
VG: [[0.]
 [0.]
 [0.]
 [0.]
 [0.]
 [0.]
 [0.]
 [0.]
 [0.]
 [0.]
 [0.]
 [0.]
 [0.]
 [0.]
 [0.]
 [0.]
 [0.]
 [0.]
 [0.]
 [0.]
 [0.]
 [0.]
 [0.]
 [0.]
 [0.]
 [0.]
 [0.]
 [0.]
 [0.]
 [0.]
 [0.]
 [0.]
 [0.]
 [0.]
 [0.]
 [0.]
 [0.]
 [0.]
 [0.]
 [0.]
 [0.]
 [0.]
 [0.]
 [0.]
 [0.]
 [0.]
 [0.]
 [0.]
 [0.]
 [0.]
 [0.]
 [0.]
 [0.]
 [0.]
 [0.]
 [0.]
 [0.]
 [0.]
 [0.]
 [0.]
 [0.]
 [0.]
 [0.]
 [0.]
 [0.]
 [0.]
 [0.]
 [0.]
 [0.]
 [0.]
 [0.]
 [0.]
 [0.]
 [0.]
 [0.]
 [0.]
 [0.]
 [0.]
 [0.]
 [0.]
 [0.]
 [0.]
 [0.]
 [0.]
 [0.]
 [0.]
 [0.]
 [0.]
 [0.]
 [0.]
 [0.]
 [0.]
 [0.]
 [0.]
 [0.]
 [0.]
 [0.]
 [0.]
 [0.]
 [0.]]
CG: [[1.]
 [1.]
 [1.]
 [1.]
 [1.]
 [1.]
 [1.]
 [1.]
 [1.]
 [1.]
 [1.]
 [1.]
 [1.]
 [1.]
 [1.]
 [1.]
 [1.]
 [1.]
 [1.]
 [1.]
 [1.]
 [1.]
 [1.]
 [1.]
 [1.]
 [1.]
 [1.]
 [1.]
 [1.]
 [1.]
 [1.]
 [1.]
 [1.]
 [1.]
 [1.]
 [1.]
 [1.]
 [1.]
 [1.]
 [1.]
 [1.]
 [1.]
 [1.]
 [1.]
 [1.]
 [1.]
 [1.]
 [1.]
 [1.]
 [1.]
 [1.]
 [1.]
 [1.]
 [1.]
 [1.]
 [1.]
 [1.]
 [1.]
 [1.]
 [1.]
 [1.]
 [1.]
 [1.]
 [1.]
 [1.]
 [1.]
 [1.]
 [1.]
 [1.]
 [1.]
 [1.]
 [1.]
 [1.]
 [1.]
 [1.]
 [1.]
 [1.]
 [1.]
 [1.]
 [1.]
 [1.]
 [1.]
 [1.]
 [1.]
 [1.]
 [1.]
 [1.]
 [1.]
 [1.]
 [1.]
 [1.]
 [1.]
 [1.]
 [1.]
 [1.]
 [1.]
 [1.]
 [1.]
 [1.]
 [1.]]
RG: [[500.]
 [500.]
 [500.]
 [500.]
 [500.]
 [500.]
 [500.]
 [500.]
 [500.]
 [500.]
 [500.]
 [500.]
 [500.]
 [500.]
 [500.]
 [500.]
 [500.]
 [500.]
 [500.]
 [500.]
 [500.]
 [500.]
 [500.]
 [500.]
 [500.]
 [500.]
 [500.]
 [500.]
 [500.]
 [500.]
 [500.]
 [500.]
 [500.]
 [500.]
 [500.]
 [500.]
 [500.]
 [500.]
 [500.]
 [500.]
 [500.]
 [500.]
 [500.]
 [500.]
 [500.]
 [500.]
 [500.]
 [500.]
 [500.]
 [500.]
 [500.]
 [500.]
 [500.]
 [500.]
 [500.]
 [500.]
 [500.]
 [500.]
 [500.]
 [500.]
 [500.]
 [500.]
 [500.]
 [500.]
 [500.]
 [500.]
 [500.]
 [500.]
 [500.]
 [500.]
 [500.]
 [500.]
 [500.]
 [500.]
 [500.]
 [500.]
 [500.]
 [500.]
 [500.]
 [500.]
 [500.]
 [500.]
 [500.]
 [500.]
 [500.]
 [500.]
 [500.]
 [500.]
 [500.]
 [500.]
 [500.]
 [500.]
 [500.]
 [500.]
 [500.]
 [500.]
 [500.]
 [500.]
 [500.]
 [500.]]
Ch: [[0.10598375 0.31792818 1.88696604 0.42754102 0.95532204 0.2502895
  0.69731952 1.19754095 0.46929662 0.93035638 0.14793018]
 [1.06498156 0.14319005 0.20032894 0.16949593 1.43956053 1.42478784
  1.1535806  0.24573275 0.20706176 0.34095221 1.09792331]
 [0.15719792 0.4848057  0.51024801 0.74866031 0.28814131 0.82768331
  0.91812998 0.12187781 1.12772895 1.24210652 0.27491753]
 [0.43011614 0.48464458 0.32167322 1.61375117 0.92744835 0.82092356
  0.56332336 0.40182366 0.37563869 0.37257715 0.17412203]
 [0.79367031 0.40195009 1.29441147 0.97154496 0.19808266 0.18054141
  1.5434366  0.11400562 0.55239047 1.42111574 0.70018612]
 [0.406196   1.46024727 1.52245873 0.25674702 0.15348617 0.60127396
  0.13723473 0.59858891 0.13602788 0.76239611 0.16432108]
 [0.84829447 0.84478627 1.69649083 0.10113028 0.98392755 0.13330863
  1.52288036 1.77311558 1.75302481 1.76823591 0.47805612]
 [0.39174986 0.18040328 0.25606058 0.40239275 0.12712073 0.2093018
  1.10340192 0.33804184 0.95975055 0.12288155 0.15442038]
 [0.77003555 0.55563951 0.1331823  1.28277668 1.28986238 0.11103437
  0.97159188 0.26077155 0.97219244 0.26018441 1.41136742]
 [0.1299227  0.14060641 0.16847266 0.42657827 0.22496862 0.72460148
  0.20790661 0.13900993 0.75390202 0.33182317 0.40561404]]
Cv: [[0.         0.         0.         0.         0.         0.
  0.         0.         0.         0.        ]
 [0.28444355 0.54729115 0.44869259 0.66941475 0.47577697 0.15439515
  0.49128512 0.18172133 0.13813159 0.32277786]
 [0.18751368 1.35171288 0.13535046 0.61824323 1.15999072 0.11076565
  1.5946803  0.33167614 0.63779761 0.45969818]
 [0.15591088 0.78435828 0.78019605 0.95760482 1.41637793 0.74307247
  0.18466025 1.05348303 0.3764639  0.16891689]
 [0.14221914 1.46463177 0.10735409 0.54512165 1.39638926 1.30335647
  0.16920413 1.6287409  0.22601221 0.16959837]
 [0.51454923 1.60720375 0.65696378 0.55476647 0.72980127 0.80859328
  0.16451166 1.27787425 1.77817741 0.32518325]
 [0.11406029 0.109445   0.53718116 0.22762028 0.38282183 0.45824035
  0.72409417 0.50907294 1.37510046 0.76975501]
 [1.30989991 0.99747284 0.42863359 1.25290956 0.23855186 0.11303843
  0.1609664  0.45750494 0.14843887 0.76848433]
 [0.31481426 0.2355648  0.48501126 1.00502046 1.16819332 0.73458923
  0.70729005 0.52708754 0.79196507 0.3935313 ]
 [0.59584032 0.1525394  0.6686486  1.24753663 0.48376813 1.30025343
  1.32258604 0.31611259 1.02501018 0.95609531]]
Rh: [[ 0.9178919   2.55529001  3.88737003  4.85282288  0.73120987 10.97422444
   3.64030875  2.03231668  5.98621901 11.64874172 18.60602907]
 [ 1.54465242  7.32851475  0.62664809  3.11841317  2.64054638  0.55585545
   0.64102364  0.57130355  2.89292904  3.44033263  1.95876057]
 [13.23469589  8.09059562 10.873822    8.3389845  14.45527753 14.57019132
   5.44413365 16.11961706  6.31458736 11.33407202  7.72273384]
 [11.82804654 16.61761397 14.21096854  0.68856407  1.71427953  2.74244206
   8.07882303  2.31926067  4.50139778  9.14704579  2.18425503]
 [12.82093389  1.50365656  4.51773906  8.0891559   5.78187528  5.37626264
  15.18162908  2.0825898   9.72481669  6.3386927   2.34792604]
 [ 3.28981178 18.65961203  0.74155185  0.97678922  3.69271551  1.91587865
   3.7176736   5.40064818  7.11437229 11.01915699  4.4280038 ]
 [ 2.43441968  1.51214663  1.89528593  6.15009433  4.27437557  0.81939427
   2.5367954   1.12530312  0.57202255  6.66616277  0.68628868]
 [ 6.63998798  3.47476534  0.92881282  1.14363614  4.96582265  6.08451687
  16.09580991  1.34945897  5.18635698  2.55811319  1.66778798]
 [ 0.90508083  1.02776318  1.74132833  4.5970781   0.77978706  7.34502071
  18.8619818   1.26414538  5.46359343 12.5854829  17.06619319]
 [14.16730176  7.32470047  1.87701858  7.54077645  2.35245595 11.16584972
  11.23863657 14.89730604  2.19285697  1.66547374 13.80484253]]
Rv: [[ 4.18089945  1.59999215  0.89417238  3.02497725  3.64895904  0.74047774
   0.77085534  1.38953888  7.7154994   1.85371662]
 [ 7.5825437   3.37896083  0.55160121  9.53068563  1.41308059  1.8101022
   0.6913264   3.39401426  1.30333785  3.7901634 ]
 [ 9.51709881  0.56177445 13.26156597 14.7732087   1.01603646  1.87417321
  10.68369713  1.0052688  15.19015198  0.87660294]
 [ 0.58075261  2.67681213  1.59317213  3.84031671  0.94610429  2.42607274
   1.09193028  1.16771511  1.26793904  5.64589701]
 [ 0.60187271  7.78040227  2.53922899  1.25450853  1.53341664  2.98968245
   2.00138924  4.29443465  2.43116747  2.13639732]
 [ 1.43313345  0.51675356  5.47268701  3.73352236 12.34306478 12.54957741
   7.01413257  6.0232233   3.81338867 17.06908095]
 [ 2.61956481  1.14412791  6.18677087 11.75779388  1.28980618  7.61868362
   1.06523636 17.2845587   0.66787969  0.89327529]
 [ 1.71374939 12.76747866 18.64703533  3.19315402  1.27573834 13.67965801
   2.47951001  4.779554    3.59778532  2.57019546]
 [ 0.95464161  1.75200679  7.89372367 12.26046576 15.30154461  1.84237637
  16.24763929  6.45036198  7.86179607  1.73897824]]