-------Running parameters--------
T = 0.001
temperature_gradient = 0.0
gap = 0.0
M = 10
N = 10
VR = 0.0
Vmin = 0.0
Vmax = 3.0
vStep = 0.001
vSym = True
repeats = 50
fileName = array_10_10_disorder_c_std_0.9_r_std_9.5_cg_1_run_8
dist = exp
fullOutput = True
use_graph = False
current_map = True
plot_current_map = False
plot_binary_current_map = False
frame_norm = False
dbg = False
resume = False
sc = False
leaping = False
constQ = False
modifyR = False
double_time = False
double_loop = False
output_folder = bgu_2d_arrays_different_cg
params_path = 
VG_avg = 0.0
VG_std = 0.0
C_avg = 1.0
C_std = 0.9
CG_avg = 1.0
CG_std = 0.0
R_avg = 10.0
R_std = 9.5
custom_rh = ""
custom_rv = ""
custom_ch = ""
custom_cv = ""
RG_avg = 500.0
RG_std = 0.0
n0_avg = 0.0
n0_std = 0.0
Q0_avg = 0.0
Q0_std = 0.0
----Array Parameters-----
Rows: 10
Columns: 10
VG: [[0.]
 [0.]
 [0.]
 [0.]
 [0.]
 [0.]
 [0.]
 [0.]
 [0.]
 [0.]
 [0.]
 [0.]
 [0.]
 [0.]
 [0.]
 [0.]
 [0.]
 [0.]
 [0.]
 [0.]
 [0.]
 [0.]
 [0.]
 [0.]
 [0.]
 [0.]
 [0.]
 [0.]
 [0.]
 [0.]
 [0.]
 [0.]
 [0.]
 [0.]
 [0.]
 [0.]
 [0.]
 [0.]
 [0.]
 [0.]
 [0.]
 [0.]
 [0.]
 [0.]
 [0.]
 [0.]
 [0.]
 [0.]
 [0.]
 [0.]
 [0.]
 [0.]
 [0.]
 [0.]
 [0.]
 [0.]
 [0.]
 [0.]
 [0.]
 [0.]
 [0.]
 [0.]
 [0.]
 [0.]
 [0.]
 [0.]
 [0.]
 [0.]
 [0.]
 [0.]
 [0.]
 [0.]
 [0.]
 [0.]
 [0.]
 [0.]
 [0.]
 [0.]
 [0.]
 [0.]
 [0.]
 [0.]
 [0.]
 [0.]
 [0.]
 [0.]
 [0.]
 [0.]
 [0.]
 [0.]
 [0.]
 [0.]
 [0.]
 [0.]
 [0.]
 [0.]
 [0.]
 [0.]
 [0.]
 [0.]]
CG: [[1.]
 [1.]
 [1.]
 [1.]
 [1.]
 [1.]
 [1.]
 [1.]
 [1.]
 [1.]
 [1.]
 [1.]
 [1.]
 [1.]
 [1.]
 [1.]
 [1.]
 [1.]
 [1.]
 [1.]
 [1.]
 [1.]
 [1.]
 [1.]
 [1.]
 [1.]
 [1.]
 [1.]
 [1.]
 [1.]
 [1.]
 [1.]
 [1.]
 [1.]
 [1.]
 [1.]
 [1.]
 [1.]
 [1.]
 [1.]
 [1.]
 [1.]
 [1.]
 [1.]
 [1.]
 [1.]
 [1.]
 [1.]
 [1.]
 [1.]
 [1.]
 [1.]
 [1.]
 [1.]
 [1.]
 [1.]
 [1.]
 [1.]
 [1.]
 [1.]
 [1.]
 [1.]
 [1.]
 [1.]
 [1.]
 [1.]
 [1.]
 [1.]
 [1.]
 [1.]
 [1.]
 [1.]
 [1.]
 [1.]
 [1.]
 [1.]
 [1.]
 [1.]
 [1.]
 [1.]
 [1.]
 [1.]
 [1.]
 [1.]
 [1.]
 [1.]
 [1.]
 [1.]
 [1.]
 [1.]
 [1.]
 [1.]
 [1.]
 [1.]
 [1.]
 [1.]
 [1.]
 [1.]
 [1.]
 [1.]]
RG: [[500.]
 [500.]
 [500.]
 [500.]
 [500.]
 [500.]
 [500.]
 [500.]
 [500.]
 [500.]
 [500.]
 [500.]
 [500.]
 [500.]
 [500.]
 [500.]
 [500.]
 [500.]
 [500.]
 [500.]
 [500.]
 [500.]
 [500.]
 [500.]
 [500.]
 [500.]
 [500.]
 [500.]
 [500.]
 [500.]
 [500.]
 [500.]
 [500.]
 [500.]
 [500.]
 [500.]
 [500.]
 [500.]
 [500.]
 [500.]
 [500.]
 [500.]
 [500.]
 [500.]
 [500.]
 [500.]
 [500.]
 [500.]
 [500.]
 [500.]
 [500.]
 [500.]
 [500.]
 [500.]
 [500.]
 [500.]
 [500.]
 [500.]
 [500.]
 [500.]
 [500.]
 [500.]
 [500.]
 [500.]
 [500.]
 [500.]
 [500.]
 [500.]
 [500.]
 [500.]
 [500.]
 [500.]
 [500.]
 [500.]
 [500.]
 [500.]
 [500.]
 [500.]
 [500.]
 [500.]
 [500.]
 [500.]
 [500.]
 [500.]
 [500.]
 [500.]
 [500.]
 [500.]
 [500.]
 [500.]
 [500.]
 [500.]
 [500.]
 [500.]
 [500.]
 [500.]
 [500.]
 [500.]
 [500.]
 [500.]]
Ch: [[0.18830337 0.68026026 0.1473447  0.11444494 0.78302893 0.11315234
  0.44055223 0.76847763 0.13513057 1.25800808 1.82414258]
 [0.61400332 0.75488129 1.5518291  0.10686932 0.78160156 0.21115799
  0.19427011 0.26694613 0.75444229 0.14107956 0.28010382]
 [0.29875741 0.53500144 1.81265246 0.6764146  0.2339801  0.26506137
  0.16033334 1.87857722 0.35514286 0.17641007 0.45846342]
 [0.42732192 0.68791863 0.16911297 0.40009732 1.258245   0.51512608
  0.31130218 0.40835178 0.13857908 0.20681726 0.21151748]
 [0.39113212 1.39138126 0.18539813 0.96775112 0.38307207 0.34019313
  0.40365084 0.45941088 0.49138176 0.2248777  0.18520827]
 [1.72138098 0.75943456 0.59822365 0.7741563  0.17282469 0.16353281
  0.31722231 0.41205121 0.31213175 1.12902471 1.64027522]
 [0.25095549 0.42232458 0.44699481 0.15420033 1.20853688 0.98500742
  0.17241718 1.46048794 0.83012816 0.70850486 0.70214057]
 [0.30647911 1.83658371 1.73489696 1.30525276 0.20978853 1.06535885
  0.30703905 0.74549297 0.11479799 1.24295138 1.55288812]
 [0.22368962 0.50214705 1.1537463  0.91132848 1.35493902 1.4136484
  0.28264179 0.28221616 0.65315582 0.12204819 0.45331859]
 [0.42342824 0.48411167 0.97912505 0.88518571 0.31667578 1.49510944
  0.92118696 0.75965402 1.41942365 0.70532622 1.74069898]]
Cv: [[0.         0.         0.         0.         0.         0.
  0.         0.         0.         0.        ]
 [0.10220072 0.94867793 0.65779571 0.37942855 0.81825094 0.20686278
  0.95946098 0.75675676 1.30331703 0.99560943]
 [0.315658   0.10045779 0.18568563 0.27460911 0.18041766 0.20454591
  0.37387941 0.12224855 1.13212201 0.26443027]
 [1.15825924 0.14475733 0.79324662 0.38998838 1.79655637 0.13295663
  0.46779258 1.09986975 1.28159147 0.70386076]
 [0.12131686 0.52913379 0.52971804 0.21712073 0.92521096 0.78390554
  0.43167336 0.10941183 0.27545871 0.1493134 ]
 [0.11150719 0.6133302  1.12790525 0.29277819 0.47516808 0.22527916
  0.63672815 0.50842387 0.59725944 0.19552442]
 [0.12170466 0.29540396 1.0170159  0.49507207 0.10097339 0.91539751
  1.70337013 0.76179988 0.39424818 0.39953514]
 [0.62844969 0.1526914  0.6970462  1.06919283 1.09292854 1.40120674
  0.1092218  0.11484227 1.57055482 1.82653468]
 [1.4413128  0.56853243 0.15982987 0.11617027 0.67681133 0.15719376
  0.46740898 1.49852124 0.65180527 0.75474379]
 [1.49032262 0.49375529 0.13792482 1.15346708 0.13727234 0.7531897
  0.3745831  1.32826341 0.39855659 0.30196185]]
Rh: [[ 1.42260641 14.98552556  1.24901027 18.41100423 10.75791941  0.70496704
   0.87659544  1.61306949  9.37402794  2.38742186  3.0534956 ]
 [ 0.61630986  3.58353152  5.12958331 14.1810202   7.51442749 12.45012778
   4.38420548 10.43224004  1.11505702  1.16405936  2.22002552]
 [ 4.35040663 11.80079735  1.4246732   2.57638738  5.38197928  0.77483279
   0.86613927  9.97340623  1.55239722  5.18537698  1.60278475]
 [16.65196069  5.411907   15.48948535  0.90883966  0.5502486  11.92123934
  10.07420012  1.69196284  2.97506654  0.73149099  0.64326611]
 [ 5.62244328  3.30561192 13.71279737  8.18132205  8.36444957  3.07574793
   6.40905548  0.93495316  1.95079363  1.82175861  9.77212043]
 [ 1.81840452 13.17011274 16.49668634  0.69117409  1.48662075  3.19445534
   4.30812479 11.50790395 13.41927874  0.78487134  4.64975253]
 [ 1.96891749  2.97974335  1.62831233  1.62357342  0.87703073 13.70130098
   1.12637716 14.13963113  0.53489192  1.74205188  5.43531861]
 [ 3.92382208 18.36317049 16.24481752  0.63625299  2.74849621  5.79187938
   1.97078928  6.6311207   0.94509694 16.30077292  1.56446742]
 [14.07971276  1.0140796   5.028417    5.83284694 18.14921374 13.28213688
  12.97397713  2.78356256  0.86217304  3.13075901  1.24680026]
 [ 5.3419541   1.34023421  1.67984842  3.96386384 10.92934679  0.53766944
   0.69772616 14.42329231  0.61131185  0.96167628  8.35894365]]
Rv: [[ 0.61830169  2.53505026 17.04448553  1.13383259  0.78983349  4.09339592
   0.60580686  6.89407046  2.06378913 13.68542959]
 [ 5.07927482  2.11694913  5.16791717  0.50949558  0.62165051  4.26176123
   4.83034123  4.97360172  0.77503288  1.48168921]
 [ 0.70606814 12.10726718  1.49455152  1.88244185 10.3988827   6.39610242
   2.14191291  9.43601509  1.05648293  1.19078177]
 [ 5.44491981  3.04052652  0.87664021  2.13818522  0.96447493  1.1108538
  18.00765182  0.79875127  0.50498594  8.95135311]
 [ 0.87735762  6.37417939  2.52569809 15.69703656  2.22371744  4.30955479
  10.47313084  1.09935757  9.93967634  2.44531141]
 [ 0.79402834  3.30535396 18.00839432 13.0026415   3.28249953 14.41744414
   1.05419037  1.94492572  2.34123452 10.87495164]
 [ 5.0288933   2.06743585  2.64113674  2.07855555  0.51890041 17.86239516
   4.26540209  1.80099805  8.92282969  0.93627455]
 [ 0.65391237  0.75121151  6.56433418  0.89493731  1.15808799  0.70804777
   8.79637358  3.39352665  5.3517941   8.47260248]
 [ 0.6615273   4.03033165 11.0560278   0.87641117  1.23980552  8.70415739
   0.55246088  1.31156118  1.05599167  3.08929682]]