-------Running parameters--------
T = 0.001
temperature_gradient = 0.0
gap = 0.0
M = 10
N = 10
VR = 0.0
Vmin = 0.0
Vmax = 3.0
vStep = 0.001
vSym = True
repeats = 50
fileName = array_10_10_disorder_c_std_0.9_r_std_9.5_cg_1_run_5
dist = exp
fullOutput = True
use_graph = False
current_map = True
plot_current_map = False
plot_binary_current_map = False
frame_norm = False
dbg = False
resume = False
sc = False
leaping = False
constQ = False
modifyR = False
double_time = False
double_loop = False
output_folder = bgu_2d_arrays_different_cg
params_path = 
VG_avg = 0.0
VG_std = 0.0
C_avg = 1.0
C_std = 0.9
CG_avg = 1.0
CG_std = 0.0
R_avg = 10.0
R_std = 9.5
custom_rh = ""
custom_rv = ""
custom_ch = ""
custom_cv = ""
RG_avg = 500.0
RG_std = 0.0
n0_avg = 0.0
n0_std = 0.0
Q0_avg = 0.0
Q0_std = 0.0
----Array Parameters-----
Rows: 10
Columns: 10
VG: [[0.]
 [0.]
 [0.]
 [0.]
 [0.]
 [0.]
 [0.]
 [0.]
 [0.]
 [0.]
 [0.]
 [0.]
 [0.]
 [0.]
 [0.]
 [0.]
 [0.]
 [0.]
 [0.]
 [0.]
 [0.]
 [0.]
 [0.]
 [0.]
 [0.]
 [0.]
 [0.]
 [0.]
 [0.]
 [0.]
 [0.]
 [0.]
 [0.]
 [0.]
 [0.]
 [0.]
 [0.]
 [0.]
 [0.]
 [0.]
 [0.]
 [0.]
 [0.]
 [0.]
 [0.]
 [0.]
 [0.]
 [0.]
 [0.]
 [0.]
 [0.]
 [0.]
 [0.]
 [0.]
 [0.]
 [0.]
 [0.]
 [0.]
 [0.]
 [0.]
 [0.]
 [0.]
 [0.]
 [0.]
 [0.]
 [0.]
 [0.]
 [0.]
 [0.]
 [0.]
 [0.]
 [0.]
 [0.]
 [0.]
 [0.]
 [0.]
 [0.]
 [0.]
 [0.]
 [0.]
 [0.]
 [0.]
 [0.]
 [0.]
 [0.]
 [0.]
 [0.]
 [0.]
 [0.]
 [0.]
 [0.]
 [0.]
 [0.]
 [0.]
 [0.]
 [0.]
 [0.]
 [0.]
 [0.]
 [0.]]
CG: [[1.]
 [1.]
 [1.]
 [1.]
 [1.]
 [1.]
 [1.]
 [1.]
 [1.]
 [1.]
 [1.]
 [1.]
 [1.]
 [1.]
 [1.]
 [1.]
 [1.]
 [1.]
 [1.]
 [1.]
 [1.]
 [1.]
 [1.]
 [1.]
 [1.]
 [1.]
 [1.]
 [1.]
 [1.]
 [1.]
 [1.]
 [1.]
 [1.]
 [1.]
 [1.]
 [1.]
 [1.]
 [1.]
 [1.]
 [1.]
 [1.]
 [1.]
 [1.]
 [1.]
 [1.]
 [1.]
 [1.]
 [1.]
 [1.]
 [1.]
 [1.]
 [1.]
 [1.]
 [1.]
 [1.]
 [1.]
 [1.]
 [1.]
 [1.]
 [1.]
 [1.]
 [1.]
 [1.]
 [1.]
 [1.]
 [1.]
 [1.]
 [1.]
 [1.]
 [1.]
 [1.]
 [1.]
 [1.]
 [1.]
 [1.]
 [1.]
 [1.]
 [1.]
 [1.]
 [1.]
 [1.]
 [1.]
 [1.]
 [1.]
 [1.]
 [1.]
 [1.]
 [1.]
 [1.]
 [1.]
 [1.]
 [1.]
 [1.]
 [1.]
 [1.]
 [1.]
 [1.]
 [1.]
 [1.]
 [1.]]
RG: [[500.]
 [500.]
 [500.]
 [500.]
 [500.]
 [500.]
 [500.]
 [500.]
 [500.]
 [500.]
 [500.]
 [500.]
 [500.]
 [500.]
 [500.]
 [500.]
 [500.]
 [500.]
 [500.]
 [500.]
 [500.]
 [500.]
 [500.]
 [500.]
 [500.]
 [500.]
 [500.]
 [500.]
 [500.]
 [500.]
 [500.]
 [500.]
 [500.]
 [500.]
 [500.]
 [500.]
 [500.]
 [500.]
 [500.]
 [500.]
 [500.]
 [500.]
 [500.]
 [500.]
 [500.]
 [500.]
 [500.]
 [500.]
 [500.]
 [500.]
 [500.]
 [500.]
 [500.]
 [500.]
 [500.]
 [500.]
 [500.]
 [500.]
 [500.]
 [500.]
 [500.]
 [500.]
 [500.]
 [500.]
 [500.]
 [500.]
 [500.]
 [500.]
 [500.]
 [500.]
 [500.]
 [500.]
 [500.]
 [500.]
 [500.]
 [500.]
 [500.]
 [500.]
 [500.]
 [500.]
 [500.]
 [500.]
 [500.]
 [500.]
 [500.]
 [500.]
 [500.]
 [500.]
 [500.]
 [500.]
 [500.]
 [500.]
 [500.]
 [500.]
 [500.]
 [500.]
 [500.]
 [500.]
 [500.]
 [500.]]
Ch: [[0.46743055 0.11784349 0.39011411 1.15929719 0.58651742 0.86039297
  0.51994685 0.28519462 0.51260672 0.55293976 0.73771303]
 [0.77495951 0.36465121 0.63716378 0.10916811 0.13377225 0.2308927
  0.38120582 0.41514092 0.2296434  0.17332045 1.85857558]
 [0.16599711 0.48446527 0.90882068 0.13931757 0.76918279 0.39247385
  0.82874953 0.10428363 0.18394897 0.50473959 1.45762941]
 [0.39259256 0.20216672 0.16990997 0.92698736 0.1997971  0.43496227
  0.23165136 0.31902259 0.24116353 0.37135806 0.20184021]
 [0.78527333 0.10002959 0.19093388 1.35398799 0.14219312 1.84444225
  1.31016469 0.81319036 0.49080258 1.85129287 0.24607045]
 [0.92180448 0.26844268 0.19734656 0.71112221 0.24561038 0.2298463
  1.30408975 0.19961356 0.39091927 0.15969233 0.17665918]
 [0.45848817 1.14583102 0.13682279 0.2885924  0.32042191 0.5238039
  1.05825139 1.0361101  0.1672823  0.22528202 0.54850293]
 [0.98074561 0.27954367 0.26753587 0.48440734 0.88529703 0.37584367
  0.23937911 0.9029374  0.94754911 1.23264002 0.11605795]
 [0.19752886 0.83054744 0.44787256 0.23242042 1.67033165 0.20885429
  0.95344252 0.16276463 0.40984589 0.48133454 0.32506628]
 [0.24941718 1.23455295 0.38671407 0.87079052 0.51298268 0.87935246
  0.50486818 0.66060303 0.50494128 0.5184424  0.25503666]]
Cv: [[0.         0.         0.         0.         0.         0.
  0.         0.         0.         0.        ]
 [0.74380414 1.44706821 0.11638671 1.37235289 0.93237823 0.17283752
  0.38383409 0.100302   1.50413995 1.32416052]
 [0.14539217 0.32934866 0.14887375 0.27124142 0.9294709  0.9471831
  0.93415946 0.31135301 0.32185796 0.29589814]
 [1.87486598 0.20484803 0.36364123 0.83542867 0.7176687  0.39571075
  0.15452073 1.81349881 0.70069649 0.25190859]
 [0.15626109 0.20248993 1.79021517 0.96058168 0.21325706 1.54449936
  0.23081699 0.40658068 0.1610128  1.07719971]
 [0.48919318 0.70569679 0.70422167 0.70529529 0.17314417 0.29535939
  0.20275574 0.4340927  0.2657107  0.31212862]
 [0.13463872 0.14151666 0.73370082 0.31723919 0.27401635 1.50027308
  0.17957826 1.30819693 0.35067886 0.43720362]
 [0.58953502 0.49131443 1.15766028 0.15591059 0.31420082 1.87482187
  0.52190756 0.3142384  0.15650157 0.4804346 ]
 [0.39031652 1.03408485 0.86234224 1.63750823 0.17077647 0.13361736
  0.50433597 1.03904092 0.11690785 0.17767044]
 [1.33280297 0.77251232 0.69505808 0.20406805 0.63383785 0.13674425
  1.05579666 1.40286619 1.52584479 0.7714113 ]]
Rh: [[ 9.5692201   5.57294743  0.85009721 10.4152699   7.98150119 16.97316682
   2.30373392  1.09768131  2.12066549  5.59944436  1.25269391]
 [ 0.57392519  1.34144593  0.64744743  0.70855416  4.66037365  0.50030696
  10.64858013  1.85351409  2.75994219  1.32863481  8.9562118 ]
 [ 1.6374529   1.28499487 12.77375636  1.4039445   1.39095555  2.71738689
   2.82464324  7.343501   14.81085104  0.66003331  4.03301742]
 [ 0.65610365  4.58558344 14.01792337  1.0570188   0.51720452  9.42228266
  17.13245562  1.11693159  8.84295801  4.09210549  7.70053045]
 [ 8.784004    1.30339661  2.63221453  0.62192622  3.2803541   1.55658215
  14.3707341   3.72446401  2.71900289  2.28129166 13.07815289]
 [ 1.18968052  0.97764595  5.43768714  8.29565791 10.53607036  5.78450791
  10.42563209  0.97826851  1.0915051   0.61338486  1.01252399]
 [ 2.20607574  1.10676868 17.87669637  9.03311215 16.8666089   0.6273174
   2.62947632  2.46512322  2.49683051  2.50298925 18.35067482]
 [18.45506413 18.97167711  3.78650039  6.55099395 11.36313808 11.26361902
   5.35420471  6.88863767  1.53424952  0.66185206  9.11760037]
 [ 3.34198292  4.03110449  5.48027398  2.10244914  0.73101727  4.76000552
   3.22228645  3.2135658  18.49658001  4.42283002  7.44969679]
 [ 9.4733133   9.22108804  0.56364771  2.17157083  1.60958135  3.25819416
   1.06374683  0.51346451  4.09999751  1.09481377  1.87379325]]
Rv: [[ 3.64809472  1.76530082  4.02603093  6.24565879  3.3369439   1.8418149
   1.12210588  2.29710812  2.46670909  4.89630522]
 [14.15818335  0.78161751  8.3378819   4.03313512  4.3898684   1.34495033
   1.49296645  0.67309373  2.30638689 18.09843093]
 [ 5.55038748  3.02458124  1.33690959  6.30321285  2.09508834  1.49458002
   2.34703635  0.81696927  0.52352916  5.44392182]
 [ 1.14351033  1.03226219  1.88943048  1.49569337 17.10214137 11.13608789
   1.690905   15.16962393  1.31391343  4.23093418]
 [ 1.94704308 13.70940766  2.09658603  3.09334923  0.94829417 19.1229332
   6.13308907  0.7743617   1.97897714  1.20690729]
 [ 2.80404087  1.84051437  0.74700277  3.54670164  3.63997881  0.50577677
   1.99700694  5.3878705   1.76448375  1.16008053]
 [ 0.8057283   2.2038501  15.68475702 12.5403253  14.58928794  4.26606598
   5.52168221  1.65811539  2.07642359  1.16808682]
 [10.75925652  4.40940354  0.85911034  0.50089586  7.15416284  3.20206371
   5.70038008 13.50615632 11.9296445   3.60312014]
 [ 5.91256628  1.47644462  3.33711407  1.94853918  7.13691694  1.28875395
   1.1958995   5.69655985  7.25959606  3.52594464]]