-------Running parameters--------
T = 0.001
temperature_gradient = 0.0
gap = 0.0
M = 10
N = 10
VR = 0.0
Vmin = 0.0
Vmax = 3.0
vStep = 0.001
vSym = True
repeats = 50
fileName = array_10_10_disorder_c_std_0.9_r_std_9.5_cg_10_run_3
dist = exp
fullOutput = True
use_graph = False
current_map = True
plot_current_map = False
plot_binary_current_map = False
frame_norm = False
dbg = False
resume = False
sc = False
leaping = False
constQ = False
modifyR = False
double_time = False
double_loop = False
output_folder = bgu_2d_arrays_different_cg
params_path = 
VG_avg = 0.0
VG_std = 0.0
C_avg = 1.0
C_std = 0.9
CG_avg = 10.0
CG_std = 0.0
R_avg = 10.0
R_std = 9.5
custom_rh = ""
custom_rv = ""
custom_ch = ""
custom_cv = ""
RG_avg = 500.0
RG_std = 0.0
n0_avg = 0.0
n0_std = 0.0
Q0_avg = 0.0
Q0_std = 0.0
----Array Parameters-----
Rows: 10
Columns: 10
VG: [[0.]
 [0.]
 [0.]
 [0.]
 [0.]
 [0.]
 [0.]
 [0.]
 [0.]
 [0.]
 [0.]
 [0.]
 [0.]
 [0.]
 [0.]
 [0.]
 [0.]
 [0.]
 [0.]
 [0.]
 [0.]
 [0.]
 [0.]
 [0.]
 [0.]
 [0.]
 [0.]
 [0.]
 [0.]
 [0.]
 [0.]
 [0.]
 [0.]
 [0.]
 [0.]
 [0.]
 [0.]
 [0.]
 [0.]
 [0.]
 [0.]
 [0.]
 [0.]
 [0.]
 [0.]
 [0.]
 [0.]
 [0.]
 [0.]
 [0.]
 [0.]
 [0.]
 [0.]
 [0.]
 [0.]
 [0.]
 [0.]
 [0.]
 [0.]
 [0.]
 [0.]
 [0.]
 [0.]
 [0.]
 [0.]
 [0.]
 [0.]
 [0.]
 [0.]
 [0.]
 [0.]
 [0.]
 [0.]
 [0.]
 [0.]
 [0.]
 [0.]
 [0.]
 [0.]
 [0.]
 [0.]
 [0.]
 [0.]
 [0.]
 [0.]
 [0.]
 [0.]
 [0.]
 [0.]
 [0.]
 [0.]
 [0.]
 [0.]
 [0.]
 [0.]
 [0.]
 [0.]
 [0.]
 [0.]
 [0.]]
CG: [[10.]
 [10.]
 [10.]
 [10.]
 [10.]
 [10.]
 [10.]
 [10.]
 [10.]
 [10.]
 [10.]
 [10.]
 [10.]
 [10.]
 [10.]
 [10.]
 [10.]
 [10.]
 [10.]
 [10.]
 [10.]
 [10.]
 [10.]
 [10.]
 [10.]
 [10.]
 [10.]
 [10.]
 [10.]
 [10.]
 [10.]
 [10.]
 [10.]
 [10.]
 [10.]
 [10.]
 [10.]
 [10.]
 [10.]
 [10.]
 [10.]
 [10.]
 [10.]
 [10.]
 [10.]
 [10.]
 [10.]
 [10.]
 [10.]
 [10.]
 [10.]
 [10.]
 [10.]
 [10.]
 [10.]
 [10.]
 [10.]
 [10.]
 [10.]
 [10.]
 [10.]
 [10.]
 [10.]
 [10.]
 [10.]
 [10.]
 [10.]
 [10.]
 [10.]
 [10.]
 [10.]
 [10.]
 [10.]
 [10.]
 [10.]
 [10.]
 [10.]
 [10.]
 [10.]
 [10.]
 [10.]
 [10.]
 [10.]
 [10.]
 [10.]
 [10.]
 [10.]
 [10.]
 [10.]
 [10.]
 [10.]
 [10.]
 [10.]
 [10.]
 [10.]
 [10.]
 [10.]
 [10.]
 [10.]
 [10.]]
RG: [[500.]
 [500.]
 [500.]
 [500.]
 [500.]
 [500.]
 [500.]
 [500.]
 [500.]
 [500.]
 [500.]
 [500.]
 [500.]
 [500.]
 [500.]
 [500.]
 [500.]
 [500.]
 [500.]
 [500.]
 [500.]
 [500.]
 [500.]
 [500.]
 [500.]
 [500.]
 [500.]
 [500.]
 [500.]
 [500.]
 [500.]
 [500.]
 [500.]
 [500.]
 [500.]
 [500.]
 [500.]
 [500.]
 [500.]
 [500.]
 [500.]
 [500.]
 [500.]
 [500.]
 [500.]
 [500.]
 [500.]
 [500.]
 [500.]
 [500.]
 [500.]
 [500.]
 [500.]
 [500.]
 [500.]
 [500.]
 [500.]
 [500.]
 [500.]
 [500.]
 [500.]
 [500.]
 [500.]
 [500.]
 [500.]
 [500.]
 [500.]
 [500.]
 [500.]
 [500.]
 [500.]
 [500.]
 [500.]
 [500.]
 [500.]
 [500.]
 [500.]
 [500.]
 [500.]
 [500.]
 [500.]
 [500.]
 [500.]
 [500.]
 [500.]
 [500.]
 [500.]
 [500.]
 [500.]
 [500.]
 [500.]
 [500.]
 [500.]
 [500.]
 [500.]
 [500.]
 [500.]
 [500.]
 [500.]
 [500.]]
Ch: [[0.14855209 0.17195075 0.64531206 0.19308666 0.15589498 0.95934305
  1.45893057 1.03691914 0.57102364 1.05317733 0.12559302]
 [0.52987691 0.72027782 0.43710205 0.49083342 0.19973147 0.10020707
  1.19126207 0.88190892 0.22089516 0.1401541  0.1006865 ]
 [0.22929931 0.12636512 0.19189298 0.34321468 0.45877309 0.80522967
  0.54277106 0.16757508 0.14693776 0.17710918 0.12022883]
 [0.32390189 0.26212692 0.20640947 0.52766729 0.21534226 0.20615781
  0.52916145 0.11527333 1.14699401 1.43988067 0.15131515]
 [0.15581749 1.3625386  1.78549956 0.12588928 1.02031012 0.3940542
  0.19824643 0.19700668 0.48392112 0.16638157 1.11611895]
 [0.17595012 0.13743831 0.59085436 1.04539902 0.1044096  0.33219884
  0.30964202 0.10067297 0.5191744  0.64410384 1.60104424]
 [0.25179063 0.38842811 0.11606237 0.51731085 0.70057234 0.14880543
  0.55830353 0.35407588 0.21544198 0.7401491  0.53142425]
 [0.12131456 0.50900289 1.64294389 0.20567745 0.41540289 1.74801955
  0.43783613 0.23262788 0.52818211 1.56948573 0.12423854]
 [0.11363068 0.98262913 1.01003418 1.39673874 0.81078883 1.81889803
  1.63423205 0.43773074 1.17431165 1.13293371 0.15276958]
 [1.2527085  1.26254377 0.18243635 0.12664008 0.75074477 0.94389032
  0.13698532 1.00384225 0.56353282 0.78769656 0.18875982]]
Cv: [[0.         0.         0.         0.         0.         0.
  0.         0.         0.         0.        ]
 [0.72094364 0.15495523 1.05785853 0.31376357 0.58674001 0.26220422
  0.26647098 0.2132821  0.11540593 0.73342041]
 [1.17201283 0.10139916 0.35356454 1.69064037 0.30652852 1.84811779
  0.186234   0.16948715 0.10070337 1.21969392]
 [1.16277308 1.13224277 0.89432279 0.17990087 1.01700597 0.63172968
  0.21277571 1.5297344  0.47330045 0.93947816]
 [0.35813403 0.38296689 0.2587625  0.31254471 0.13506522 0.48024963
  0.18583936 0.44923818 1.15916458 1.3842964 ]
 [0.90899895 1.32611442 0.18469232 0.15099648 1.66260864 0.14119634
  0.94101748 0.66501386 0.2844573  0.32374946]
 [0.11937375 0.74719092 0.23688869 0.64723198 0.10409926 0.19908085
  0.18097565 1.27645108 0.4493574  0.37415014]
 [1.39222609 1.19830849 0.20847259 0.14913148 0.13745359 0.18913097
  0.14932919 1.5390682  0.25909506 0.39738515]
 [0.19628812 1.3763415  1.09049346 0.22113344 0.16777271 1.18270585
  0.26499931 0.34687958 0.13112578 0.4038362 ]
 [0.93311818 0.94184346 0.3912303  0.12726104 0.32350415 0.15996294
  0.85945084 0.12706642 1.25579042 0.12707032]]
Rh: [[ 0.56636947  2.98523477  6.49321591  0.68228746 18.72010645  7.77639599
   0.75867153  5.06007738  5.46250172  3.1531134  12.86268704]
 [12.82528176  0.88110972 18.12353845  0.6830564   0.88940126  0.78995804
   4.90349334  1.05379044  0.89504371  1.02753675  3.89755633]
 [ 5.48502376  3.32361175  1.0198383   1.42946666  8.02838563  0.65526091
  17.23674474  0.61640584 19.48615802  6.36910774  0.55496094]
 [ 6.22265178  2.71877033  4.58280183  2.70856912  4.16690464  4.35321215
   0.65167513 14.86382954  8.2941189   4.18183599  0.75746779]
 [ 5.91894742  3.7125389   0.53679219  1.90813248  3.00936731  8.35246003
   3.90186203  5.28983076 13.72608867  0.82547101  7.00367549]
 [ 1.74137738 12.46788938  7.85238775 19.17823038 19.15256046  1.65603355
  13.66110561  0.70396557  2.07988274  0.79339764 13.88868109]
 [ 2.55629148  4.28939356  4.32406983  4.85728557  7.61858164  5.1722723
   1.21256478  3.94952     1.03487745  0.83998101  6.85650743]
 [ 2.07623011  6.79987091 14.37032881  8.08485466  1.29000484  2.31300644
   2.26328905  1.43031504  1.90547325 13.68016775 12.23287004]
 [ 1.41840802  1.12123363 11.85989963  2.94843919  7.87846296  2.52393706
   5.4041857   1.11992223  1.06753009  0.54490742 18.51792185]
 [15.96619896 10.59125456  4.56538631  7.3663136   6.77982926  4.71479837
   1.75572497  0.64411279  0.61893318  1.0724856   0.71755001]]
Rv: [[ 6.59605784  0.93334108  5.34870726  6.00196364  0.64110307  1.34807781
   1.38973101  3.19050496  0.71482001 10.72338333]
 [ 1.57061437  0.63509714  4.07656158  1.07438006  9.46833619  1.08386795
  10.44861059  3.3165677   0.64671248  7.88838961]
 [ 1.83528315 10.58351369  6.01072873  0.97442194 14.4059927   0.81887645
   4.74457166  3.39145728  1.69602158  2.13929445]
 [17.39191554  1.42281356  5.68208962  3.0759644   1.155578    2.04046194
   1.08168817  1.92048574 11.98504616  7.73081922]
 [ 5.18836382  4.65827    11.77463538  1.03352608  1.98127926  7.94980059
   7.41873103  0.62738942  4.34291066 11.97198042]
 [ 3.03403166  2.04104818  0.59415551  1.82386548  9.60180475  0.79965818
   9.51211764  1.60337368  7.77320473  8.57837956]
 [19.21072443 12.87620718  1.38797366  3.63163377  4.97522933  0.56093871
   0.62517477  1.00763069  7.25937321  5.50382248]
 [ 3.91457129 19.1974114  13.03545078 11.20845962 13.56295113  0.61997248
   0.60347169  2.97288776 12.1808465   4.02800029]
 [14.50689452  7.38299385  0.61265986  0.74685366  6.22767663  0.79880507
   0.89140231  1.11878354 18.21589404  5.99262261]]