-------Running parameters--------
T = 0.001
temperature_gradient = 0.0
gap = 0.0
M = 10
N = 10
VR = 0.0
Vmin = 0.0
Vmax = 3.0
vStep = 0.001
vSym = True
repeats = 50
fileName = array_10_10_disorder_c_std_0.9_r_std_9.5_cg_10_run_6
dist = exp
fullOutput = True
use_graph = False
current_map = True
plot_current_map = False
plot_binary_current_map = False
frame_norm = False
dbg = False
resume = False
sc = False
leaping = False
constQ = False
modifyR = False
double_time = False
double_loop = False
output_folder = bgu_2d_arrays_different_cg
params_path = 
VG_avg = 0.0
VG_std = 0.0
C_avg = 1.0
C_std = 0.9
CG_avg = 10.0
CG_std = 0.0
R_avg = 10.0
R_std = 9.5
custom_rh = ""
custom_rv = ""
custom_ch = ""
custom_cv = ""
RG_avg = 500.0
RG_std = 0.0
n0_avg = 0.0
n0_std = 0.0
Q0_avg = 0.0
Q0_std = 0.0
----Array Parameters-----
Rows: 10
Columns: 10
VG: [[0.]
 [0.]
 [0.]
 [0.]
 [0.]
 [0.]
 [0.]
 [0.]
 [0.]
 [0.]
 [0.]
 [0.]
 [0.]
 [0.]
 [0.]
 [0.]
 [0.]
 [0.]
 [0.]
 [0.]
 [0.]
 [0.]
 [0.]
 [0.]
 [0.]
 [0.]
 [0.]
 [0.]
 [0.]
 [0.]
 [0.]
 [0.]
 [0.]
 [0.]
 [0.]
 [0.]
 [0.]
 [0.]
 [0.]
 [0.]
 [0.]
 [0.]
 [0.]
 [0.]
 [0.]
 [0.]
 [0.]
 [0.]
 [0.]
 [0.]
 [0.]
 [0.]
 [0.]
 [0.]
 [0.]
 [0.]
 [0.]
 [0.]
 [0.]
 [0.]
 [0.]
 [0.]
 [0.]
 [0.]
 [0.]
 [0.]
 [0.]
 [0.]
 [0.]
 [0.]
 [0.]
 [0.]
 [0.]
 [0.]
 [0.]
 [0.]
 [0.]
 [0.]
 [0.]
 [0.]
 [0.]
 [0.]
 [0.]
 [0.]
 [0.]
 [0.]
 [0.]
 [0.]
 [0.]
 [0.]
 [0.]
 [0.]
 [0.]
 [0.]
 [0.]
 [0.]
 [0.]
 [0.]
 [0.]
 [0.]]
CG: [[10.]
 [10.]
 [10.]
 [10.]
 [10.]
 [10.]
 [10.]
 [10.]
 [10.]
 [10.]
 [10.]
 [10.]
 [10.]
 [10.]
 [10.]
 [10.]
 [10.]
 [10.]
 [10.]
 [10.]
 [10.]
 [10.]
 [10.]
 [10.]
 [10.]
 [10.]
 [10.]
 [10.]
 [10.]
 [10.]
 [10.]
 [10.]
 [10.]
 [10.]
 [10.]
 [10.]
 [10.]
 [10.]
 [10.]
 [10.]
 [10.]
 [10.]
 [10.]
 [10.]
 [10.]
 [10.]
 [10.]
 [10.]
 [10.]
 [10.]
 [10.]
 [10.]
 [10.]
 [10.]
 [10.]
 [10.]
 [10.]
 [10.]
 [10.]
 [10.]
 [10.]
 [10.]
 [10.]
 [10.]
 [10.]
 [10.]
 [10.]
 [10.]
 [10.]
 [10.]
 [10.]
 [10.]
 [10.]
 [10.]
 [10.]
 [10.]
 [10.]
 [10.]
 [10.]
 [10.]
 [10.]
 [10.]
 [10.]
 [10.]
 [10.]
 [10.]
 [10.]
 [10.]
 [10.]
 [10.]
 [10.]
 [10.]
 [10.]
 [10.]
 [10.]
 [10.]
 [10.]
 [10.]
 [10.]
 [10.]]
RG: [[500.]
 [500.]
 [500.]
 [500.]
 [500.]
 [500.]
 [500.]
 [500.]
 [500.]
 [500.]
 [500.]
 [500.]
 [500.]
 [500.]
 [500.]
 [500.]
 [500.]
 [500.]
 [500.]
 [500.]
 [500.]
 [500.]
 [500.]
 [500.]
 [500.]
 [500.]
 [500.]
 [500.]
 [500.]
 [500.]
 [500.]
 [500.]
 [500.]
 [500.]
 [500.]
 [500.]
 [500.]
 [500.]
 [500.]
 [500.]
 [500.]
 [500.]
 [500.]
 [500.]
 [500.]
 [500.]
 [500.]
 [500.]
 [500.]
 [500.]
 [500.]
 [500.]
 [500.]
 [500.]
 [500.]
 [500.]
 [500.]
 [500.]
 [500.]
 [500.]
 [500.]
 [500.]
 [500.]
 [500.]
 [500.]
 [500.]
 [500.]
 [500.]
 [500.]
 [500.]
 [500.]
 [500.]
 [500.]
 [500.]
 [500.]
 [500.]
 [500.]
 [500.]
 [500.]
 [500.]
 [500.]
 [500.]
 [500.]
 [500.]
 [500.]
 [500.]
 [500.]
 [500.]
 [500.]
 [500.]
 [500.]
 [500.]
 [500.]
 [500.]
 [500.]
 [500.]
 [500.]
 [500.]
 [500.]
 [500.]]
Ch: [[0.61903679 0.1265841  0.11038496 0.12180513 0.11261979 0.51264559
  1.82047233 0.24778765 1.06399939 0.67086107 0.16736772]
 [0.15597707 0.19939683 0.65366042 1.09367236 0.30774246 0.10625781
  1.00863022 0.6651886  1.11756742 1.12640619 0.19860734]
 [1.70703487 1.33526349 0.75933882 0.38408074 0.24878891 0.15980593
  0.70168279 0.58449776 0.70490244 0.33777845 0.90170837]
 [0.68178931 0.54369612 0.37014407 0.4989273  0.3151695  0.16910584
  1.48833122 0.73404147 0.60188904 0.57393209 0.37674147]
 [0.68821023 0.28432298 1.70136543 1.20486648 1.06746993 1.11304715
  1.22136347 0.36884396 0.1111778  0.76784098 0.14506958]
 [0.16071348 0.7800208  1.83892217 0.89416502 1.23518513 1.86802909
  1.09729639 0.93974443 0.31466913 0.47329814 0.16715327]
 [0.13298898 0.42626481 0.18354789 1.1339339  0.11133734 1.79321595
  0.87396869 1.38347566 1.20765717 0.2040076  0.36590222]
 [1.06738693 0.13702187 0.8446824  0.67609909 0.21143717 0.12421822
  0.14133567 0.8000754  0.36677348 0.15341946 0.30885173]
 [0.32915123 0.14620503 1.5855465  0.42217313 0.10725981 0.62195242
  0.10807603 0.33661224 0.76928601 0.15029817 1.35407705]
 [0.11739131 0.26478696 0.18280101 1.14135738 1.7656943  0.67063957
  0.49777139 0.1856588  0.43921579 0.61894561 0.57283264]]
Cv: [[0.         0.         0.         0.         0.         0.
  0.         0.         0.         0.        ]
 [0.44440467 0.59657764 0.50993521 0.42804201 0.11844249 0.30885887
  0.30747869 0.48947206 0.67136032 0.30717844]
 [0.11568967 0.81809276 0.74366755 0.68501377 0.17845131 0.20707234
  1.38757706 0.21817544 0.5066825  0.21504825]
 [0.3953933  1.38004959 0.16949113 0.31875088 1.19119485 1.28003626
  0.13795135 0.60045543 0.10726698 0.47384642]
 [0.82961714 1.08770714 0.21616969 0.32284077 1.13027647 0.24631134
  0.21036408 1.07146534 0.14621879 0.4458414 ]
 [1.20649275 0.38920301 0.54570833 0.72773427 0.52777113 1.07484263
  0.4983393  0.17364299 1.39723568 0.17130077]
 [0.52139249 0.14161571 0.4826438  1.66172447 1.16893347 0.17936353
  0.24474211 0.64990752 0.37682128 0.1589731 ]
 [0.16247161 0.13874339 0.16124117 0.12148229 0.13019071 0.23949405
  1.17308547 0.1781874  1.301891   0.25342567]
 [0.1608156  0.17074787 0.12586835 0.25004801 0.19845102 0.13963174
  0.25725874 0.45092606 0.50220988 0.16832488]
 [0.62884797 0.28947232 0.12701218 0.1163094  0.1561286  0.31363533
  0.17967394 0.31861348 1.00831316 0.38749769]]
Rh: [[ 2.18142416 15.32383674  3.53792475  2.51061313 18.30656356  1.07953853
   9.29682047  1.47016829  0.70280214 12.69516192  7.27181196]
 [ 5.44667987  8.70388859  3.61771352  9.62183217  0.65415903  3.72028039
   1.23877412  2.75353519  0.64334241  0.77524035  1.99714143]
 [ 9.07126459  1.60550351  1.27968001  4.3431626   8.0201438   1.29423261
  10.07517061 15.45324893  7.5563541   7.90481343  5.57417924]
 [ 8.24905295  3.3556546   8.65709619  6.04003044  0.69397092  0.88850254
  12.25209238 12.09945448  3.47425133  3.42183542  0.58332298]
 [ 5.52740732 10.00554664  9.2783451   0.90159677 15.20885298  1.16694839
   6.71637758  0.99270353 17.34206422  3.65607956  1.63466901]
 [12.4232583   2.70473077 15.9195971   3.61328837  6.27543537 10.87887506
  18.7872238   1.09573153 11.27010015  9.85831191  1.20123897]
 [ 0.62152737  3.439314   12.08813025  1.00504778  1.59446894 11.47739995
   0.80095472  5.64363306 11.52123967  4.076982    0.5465584 ]
 [ 5.9910687   7.7418889   9.70142375 11.79772401  5.50129152  6.26943666
   0.7594858   1.57603554  0.52056412  5.36572308  3.10614067]
 [ 5.38909433  4.50142174  5.53858048 14.75164356  9.61295737  3.10130846
   1.37733027  3.52879776 10.10372799  1.60981555  4.3229698 ]
 [11.40200213  7.15598408  0.63793779  1.51608915  0.9676249   0.96620101
   0.77407334  4.92692739  9.43238577  0.97369924  0.89032626]]
Rv: [[ 2.75499374 15.54785448 11.84643795  1.86864729  1.54743379  8.79658105
   2.76795022  0.59618448  1.31070409 16.96058424]
 [ 3.944657    4.48498623  2.38194859  0.59930584  1.26619403  8.70629587
  11.33277773 18.4043555   8.21221734 13.57390335]
 [ 1.06302075  7.74211843 16.48951745  0.70252971  0.6523876   2.18557977
   2.855365    0.87804519  4.91471345  1.11261337]
 [ 1.01444865 12.56592781  0.85374254  2.17731665  1.34902504  5.08259755
   5.01354779 15.42163091  4.04764481  1.00348608]
 [ 1.15244372 16.07962013 18.51322322  3.07594123  2.91428134  2.44310313
   1.08503536  0.56002765  3.00713395  1.78081252]
 [ 5.15689844  3.96311755  0.5213531   1.32711976  5.87799926 10.8877945
   5.0360548   8.84831132  0.66749102  1.69781643]
 [12.27767864 10.96581601 10.38952117  0.66520857  3.16074738  7.35722164
  10.1009444   2.5502158   1.06124079  0.84114646]
 [ 2.15161673  1.07619311  2.76981984  0.83907298  0.51331392 14.98464357
  19.20588084  1.17942986  3.463811   17.67513887]
 [ 0.63871441  1.01220644  5.57727473  2.4066533   4.29171632  6.95108774
   1.1622814   1.75040055  0.51289131  0.63361036]]