-------Running parameters--------
M = 5
N = 5
VR = 0.0
Vmin = 0.0
Vmax = 10.0
vStep = 0.01
repeats = 20
fileName = uniform_disorder_5_5
dist = uniform
fullOutput = True
use_graph = False
output_folder = big_2D_square_arrays
VG_avg = 0.0
VG_std = 0.0
C_avg = 1.0
C_std = 0.0
CG_avg = 10.0
CG_std = 0.0
R_avg = 10.0
R_std = 9.0
RG_avg = 1000.0
RG_std = 0.0
n0_avg = 0.0
n0_std = 0.0
Q0_avg = 0.0
Q0_std = 0.0
----Array Parameters-----
Rows: 5
Columns: 5
VG: [[0. 0. 0. 0. 0.]
 [0. 0. 0. 0. 0.]
 [0. 0. 0. 0. 0.]
 [0. 0. 0. 0. 0.]
 [0. 0. 0. 0. 0.]]
CG: [[10. 10. 10. 10. 10.]
 [10. 10. 10. 10. 10.]
 [10. 10. 10. 10. 10.]
 [10. 10. 10. 10. 10.]
 [10. 10. 10. 10. 10.]]
RG: [[1000. 1000. 1000. 1000. 1000.]
 [1000. 1000. 1000. 1000. 1000.]
 [1000. 1000. 1000. 1000. 1000.]
 [1000. 1000. 1000. 1000. 1000.]
 [1000. 1000. 1000. 1000. 1000.]]
Ch: [[1. 1. 1. 1. 1. 1.]
 [1. 1. 1. 1. 1. 1.]
 [1. 1. 1. 1. 1. 1.]
 [1. 1. 1. 1. 1. 1.]
 [1. 1. 1. 1. 1. 1.]]
Cv: [[0. 0. 0. 0. 0.]
 [1. 1. 1. 1. 1.]
 [1. 1. 1. 1. 1.]
 [1. 1. 1. 1. 1.]
 [1. 1. 1. 1. 1.]]
Rh: [[ 3.04542152 13.60653265 10.91217546  8.33394492 11.39744467  5.97653529]
 [16.3140511   9.2425455  18.05772773  4.43005021  3.05104031 18.24284606]
 [10.45457155  2.14643201  9.78841142  2.32554857 15.01983517 18.93744095]
 [ 9.3263719   3.57908143  8.97274446  8.64849929 16.44790731 10.47772171]
 [10.01267391  5.18251061  6.07328697 17.48288868 18.2801154   8.70983655]]
Rv: [[17.78226581 12.53291985 17.80342561  7.84424494  9.99375569]
 [13.03713265 16.64210362  9.38186549  7.73848732 11.2336872 ]
 [ 3.65359538  7.49931324  3.50825364 11.48769122 13.80591982]
 [ 5.09984641 14.64114076 14.70217942 12.49295041 13.94523678]]