-------Running parameters--------
T = 0.0
gap = 0
M = 20
N = 20
VR = 0.0
Vmin = 0.0
Vmax = 3.0
vStep = 0.1
vSym = True
repeats = 20
fileName = array_20_20_tau_leaping
dist = exp
fullOutput = False
use_graph = False
current_map = True
plot_current_map = False
dbg = False
resume = False
sc = False
leaping = True
output_folder = big_array_finite_dos
VG_avg = 0.0
VG_std = 0.0
C_avg = 1.0
C_std = 0.5
CG_avg = 10.0
CG_std = 0.0
R_avg = 10.0
R_std = 5.0
custom_rh = ""
custom_rv = ""
custom_ch = 
custom_cv = 
RG_avg = 1000.0
RG_std = 0.0
n0_avg = 0.0
n0_std = 0.0
Q0_avg = 0.0
Q0_std = 0.0
----Array Parameters-----
Rows: 20
Columns: 20
VG: [[0.]
 [0.]
 [0.]
 [0.]
 [0.]
 [0.]
 [0.]
 [0.]
 [0.]
 [0.]
 [0.]
 [0.]
 [0.]
 [0.]
 [0.]
 [0.]
 [0.]
 [0.]
 [0.]
 [0.]
 [0.]
 [0.]
 [0.]
 [0.]
 [0.]
 [0.]
 [0.]
 [0.]
 [0.]
 [0.]
 [0.]
 [0.]
 [0.]
 [0.]
 [0.]
 [0.]
 [0.]
 [0.]
 [0.]
 [0.]
 [0.]
 [0.]
 [0.]
 [0.]
 [0.]
 [0.]
 [0.]
 [0.]
 [0.]
 [0.]
 [0.]
 [0.]
 [0.]
 [0.]
 [0.]
 [0.]
 [0.]
 [0.]
 [0.]
 [0.]
 [0.]
 [0.]
 [0.]
 [0.]
 [0.]
 [0.]
 [0.]
 [0.]
 [0.]
 [0.]
 [0.]
 [0.]
 [0.]
 [0.]
 [0.]
 [0.]
 [0.]
 [0.]
 [0.]
 [0.]
 [0.]
 [0.]
 [0.]
 [0.]
 [0.]
 [0.]
 [0.]
 [0.]
 [0.]
 [0.]
 [0.]
 [0.]
 [0.]
 [0.]
 [0.]
 [0.]
 [0.]
 [0.]
 [0.]
 [0.]
 [0.]
 [0.]
 [0.]
 [0.]
 [0.]
 [0.]
 [0.]
 [0.]
 [0.]
 [0.]
 [0.]
 [0.]
 [0.]
 [0.]
 [0.]
 [0.]
 [0.]
 [0.]
 [0.]
 [0.]
 [0.]
 [0.]
 [0.]
 [0.]
 [0.]
 [0.]
 [0.]
 [0.]
 [0.]
 [0.]
 [0.]
 [0.]
 [0.]
 [0.]
 [0.]
 [0.]
 [0.]
 [0.]
 [0.]
 [0.]
 [0.]
 [0.]
 [0.]
 [0.]
 [0.]
 [0.]
 [0.]
 [0.]
 [0.]
 [0.]
 [0.]
 [0.]
 [0.]
 [0.]
 [0.]
 [0.]
 [0.]
 [0.]
 [0.]
 [0.]
 [0.]
 [0.]
 [0.]
 [0.]
 [0.]
 [0.]
 [0.]
 [0.]
 [0.]
 [0.]
 [0.]
 [0.]
 [0.]
 [0.]
 [0.]
 [0.]
 [0.]
 [0.]
 [0.]
 [0.]
 [0.]
 [0.]
 [0.]
 [0.]
 [0.]
 [0.]
 [0.]
 [0.]
 [0.]
 [0.]
 [0.]
 [0.]
 [0.]
 [0.]
 [0.]
 [0.]
 [0.]
 [0.]
 [0.]
 [0.]
 [0.]
 [0.]
 [0.]
 [0.]
 [0.]
 [0.]
 [0.]
 [0.]
 [0.]
 [0.]
 [0.]
 [0.]
 [0.]
 [0.]
 [0.]
 [0.]
 [0.]
 [0.]
 [0.]
 [0.]
 [0.]
 [0.]
 [0.]
 [0.]
 [0.]
 [0.]
 [0.]
 [0.]
 [0.]
 [0.]
 [0.]
 [0.]
 [0.]
 [0.]
 [0.]
 [0.]
 [0.]
 [0.]
 [0.]
 [0.]
 [0.]
 [0.]
 [0.]
 [0.]
 [0.]
 [0.]
 [0.]
 [0.]
 [0.]
 [0.]
 [0.]
 [0.]
 [0.]
 [0.]
 [0.]
 [0.]
 [0.]
 [0.]
 [0.]
 [0.]
 [0.]
 [0.]
 [0.]
 [0.]
 [0.]
 [0.]
 [0.]
 [0.]
 [0.]
 [0.]
 [0.]
 [0.]
 [0.]
 [0.]
 [0.]
 [0.]
 [0.]
 [0.]
 [0.]
 [0.]
 [0.]
 [0.]
 [0.]
 [0.]
 [0.]
 [0.]
 [0.]
 [0.]
 [0.]
 [0.]
 [0.]
 [0.]
 [0.]
 [0.]
 [0.]
 [0.]
 [0.]
 [0.]
 [0.]
 [0.]
 [0.]
 [0.]
 [0.]
 [0.]
 [0.]
 [0.]
 [0.]
 [0.]
 [0.]
 [0.]
 [0.]
 [0.]
 [0.]
 [0.]
 [0.]
 [0.]
 [0.]
 [0.]
 [0.]
 [0.]
 [0.]
 [0.]
 [0.]
 [0.]
 [0.]
 [0.]
 [0.]
 [0.]
 [0.]
 [0.]
 [0.]
 [0.]
 [0.]
 [0.]
 [0.]
 [0.]
 [0.]
 [0.]
 [0.]
 [0.]
 [0.]
 [0.]
 [0.]
 [0.]
 [0.]
 [0.]
 [0.]
 [0.]
 [0.]
 [0.]
 [0.]
 [0.]
 [0.]
 [0.]
 [0.]
 [0.]
 [0.]
 [0.]
 [0.]
 [0.]
 [0.]
 [0.]
 [0.]
 [0.]
 [0.]
 [0.]
 [0.]
 [0.]
 [0.]
 [0.]
 [0.]
 [0.]
 [0.]
 [0.]
 [0.]
 [0.]
 [0.]
 [0.]
 [0.]
 [0.]
 [0.]
 [0.]
 [0.]
 [0.]
 [0.]
 [0.]
 [0.]
 [0.]
 [0.]
 [0.]
 [0.]
 [0.]
 [0.]
 [0.]
 [0.]
 [0.]
 [0.]
 [0.]
 [0.]
 [0.]]
CG: [[10.]
 [10.]
 [10.]
 [10.]
 [10.]
 [10.]
 [10.]
 [10.]
 [10.]
 [10.]
 [10.]
 [10.]
 [10.]
 [10.]
 [10.]
 [10.]
 [10.]
 [10.]
 [10.]
 [10.]
 [10.]
 [10.]
 [10.]
 [10.]
 [10.]
 [10.]
 [10.]
 [10.]
 [10.]
 [10.]
 [10.]
 [10.]
 [10.]
 [10.]
 [10.]
 [10.]
 [10.]
 [10.]
 [10.]
 [10.]
 [10.]
 [10.]
 [10.]
 [10.]
 [10.]
 [10.]
 [10.]
 [10.]
 [10.]
 [10.]
 [10.]
 [10.]
 [10.]
 [10.]
 [10.]
 [10.]
 [10.]
 [10.]
 [10.]
 [10.]
 [10.]
 [10.]
 [10.]
 [10.]
 [10.]
 [10.]
 [10.]
 [10.]
 [10.]
 [10.]
 [10.]
 [10.]
 [10.]
 [10.]
 [10.]
 [10.]
 [10.]
 [10.]
 [10.]
 [10.]
 [10.]
 [10.]
 [10.]
 [10.]
 [10.]
 [10.]
 [10.]
 [10.]
 [10.]
 [10.]
 [10.]
 [10.]
 [10.]
 [10.]
 [10.]
 [10.]
 [10.]
 [10.]
 [10.]
 [10.]
 [10.]
 [10.]
 [10.]
 [10.]
 [10.]
 [10.]
 [10.]
 [10.]
 [10.]
 [10.]
 [10.]
 [10.]
 [10.]
 [10.]
 [10.]
 [10.]
 [10.]
 [10.]
 [10.]
 [10.]
 [10.]
 [10.]
 [10.]
 [10.]
 [10.]
 [10.]
 [10.]
 [10.]
 [10.]
 [10.]
 [10.]
 [10.]
 [10.]
 [10.]
 [10.]
 [10.]
 [10.]
 [10.]
 [10.]
 [10.]
 [10.]
 [10.]
 [10.]
 [10.]
 [10.]
 [10.]
 [10.]
 [10.]
 [10.]
 [10.]
 [10.]
 [10.]
 [10.]
 [10.]
 [10.]
 [10.]
 [10.]
 [10.]
 [10.]
 [10.]
 [10.]
 [10.]
 [10.]
 [10.]
 [10.]
 [10.]
 [10.]
 [10.]
 [10.]
 [10.]
 [10.]
 [10.]
 [10.]
 [10.]
 [10.]
 [10.]
 [10.]
 [10.]
 [10.]
 [10.]
 [10.]
 [10.]
 [10.]
 [10.]
 [10.]
 [10.]
 [10.]
 [10.]
 [10.]
 [10.]
 [10.]
 [10.]
 [10.]
 [10.]
 [10.]
 [10.]
 [10.]
 [10.]
 [10.]
 [10.]
 [10.]
 [10.]
 [10.]
 [10.]
 [10.]
 [10.]
 [10.]
 [10.]
 [10.]
 [10.]
 [10.]
 [10.]
 [10.]
 [10.]
 [10.]
 [10.]
 [10.]
 [10.]
 [10.]
 [10.]
 [10.]
 [10.]
 [10.]
 [10.]
 [10.]
 [10.]
 [10.]
 [10.]
 [10.]
 [10.]
 [10.]
 [10.]
 [10.]
 [10.]
 [10.]
 [10.]
 [10.]
 [10.]
 [10.]
 [10.]
 [10.]
 [10.]
 [10.]
 [10.]
 [10.]
 [10.]
 [10.]
 [10.]
 [10.]
 [10.]
 [10.]
 [10.]
 [10.]
 [10.]
 [10.]
 [10.]
 [10.]
 [10.]
 [10.]
 [10.]
 [10.]
 [10.]
 [10.]
 [10.]
 [10.]
 [10.]
 [10.]
 [10.]
 [10.]
 [10.]
 [10.]
 [10.]
 [10.]
 [10.]
 [10.]
 [10.]
 [10.]
 [10.]
 [10.]
 [10.]
 [10.]
 [10.]
 [10.]
 [10.]
 [10.]
 [10.]
 [10.]
 [10.]
 [10.]
 [10.]
 [10.]
 [10.]
 [10.]
 [10.]
 [10.]
 [10.]
 [10.]
 [10.]
 [10.]
 [10.]
 [10.]
 [10.]
 [10.]
 [10.]
 [10.]
 [10.]
 [10.]
 [10.]
 [10.]
 [10.]
 [10.]
 [10.]
 [10.]
 [10.]
 [10.]
 [10.]
 [10.]
 [10.]
 [10.]
 [10.]
 [10.]
 [10.]
 [10.]
 [10.]
 [10.]
 [10.]
 [10.]
 [10.]
 [10.]
 [10.]
 [10.]
 [10.]
 [10.]
 [10.]
 [10.]
 [10.]
 [10.]
 [10.]
 [10.]
 [10.]
 [10.]
 [10.]
 [10.]
 [10.]
 [10.]
 [10.]
 [10.]
 [10.]
 [10.]
 [10.]
 [10.]
 [10.]
 [10.]
 [10.]
 [10.]
 [10.]
 [10.]
 [10.]
 [10.]
 [10.]
 [10.]
 [10.]
 [10.]
 [10.]
 [10.]
 [10.]
 [10.]
 [10.]
 [10.]
 [10.]
 [10.]
 [10.]
 [10.]
 [10.]
 [10.]
 [10.]
 [10.]
 [10.]
 [10.]
 [10.]
 [10.]
 [10.]
 [10.]
 [10.]
 [10.]
 [10.]
 [10.]
 [10.]
 [10.]
 [10.]
 [10.]
 [10.]
 [10.]
 [10.]
 [10.]
 [10.]
 [10.]
 [10.]
 [10.]
 [10.]]
RG: [[1000.]
 [1000.]
 [1000.]
 [1000.]
 [1000.]
 [1000.]
 [1000.]
 [1000.]
 [1000.]
 [1000.]
 [1000.]
 [1000.]
 [1000.]
 [1000.]
 [1000.]
 [1000.]
 [1000.]
 [1000.]
 [1000.]
 [1000.]
 [1000.]
 [1000.]
 [1000.]
 [1000.]
 [1000.]
 [1000.]
 [1000.]
 [1000.]
 [1000.]
 [1000.]
 [1000.]
 [1000.]
 [1000.]
 [1000.]
 [1000.]
 [1000.]
 [1000.]
 [1000.]
 [1000.]
 [1000.]
 [1000.]
 [1000.]
 [1000.]
 [1000.]
 [1000.]
 [1000.]
 [1000.]
 [1000.]
 [1000.]
 [1000.]
 [1000.]
 [1000.]
 [1000.]
 [1000.]
 [1000.]
 [1000.]
 [1000.]
 [1000.]
 [1000.]
 [1000.]
 [1000.]
 [1000.]
 [1000.]
 [1000.]
 [1000.]
 [1000.]
 [1000.]
 [1000.]
 [1000.]
 [1000.]
 [1000.]
 [1000.]
 [1000.]
 [1000.]
 [1000.]
 [1000.]
 [1000.]
 [1000.]
 [1000.]
 [1000.]
 [1000.]
 [1000.]
 [1000.]
 [1000.]
 [1000.]
 [1000.]
 [1000.]
 [1000.]
 [1000.]
 [1000.]
 [1000.]
 [1000.]
 [1000.]
 [1000.]
 [1000.]
 [1000.]
 [1000.]
 [1000.]
 [1000.]
 [1000.]
 [1000.]
 [1000.]
 [1000.]
 [1000.]
 [1000.]
 [1000.]
 [1000.]
 [1000.]
 [1000.]
 [1000.]
 [1000.]
 [1000.]
 [1000.]
 [1000.]
 [1000.]
 [1000.]
 [1000.]
 [1000.]
 [1000.]
 [1000.]
 [1000.]
 [1000.]
 [1000.]
 [1000.]
 [1000.]
 [1000.]
 [1000.]
 [1000.]
 [1000.]
 [1000.]
 [1000.]
 [1000.]
 [1000.]
 [1000.]
 [1000.]
 [1000.]
 [1000.]
 [1000.]
 [1000.]
 [1000.]
 [1000.]
 [1000.]
 [1000.]
 [1000.]
 [1000.]
 [1000.]
 [1000.]
 [1000.]
 [1000.]
 [1000.]
 [1000.]
 [1000.]
 [1000.]
 [1000.]
 [1000.]
 [1000.]
 [1000.]
 [1000.]
 [1000.]
 [1000.]
 [1000.]
 [1000.]
 [1000.]
 [1000.]
 [1000.]
 [1000.]
 [1000.]
 [1000.]
 [1000.]
 [1000.]
 [1000.]
 [1000.]
 [1000.]
 [1000.]
 [1000.]
 [1000.]
 [1000.]
 [1000.]
 [1000.]
 [1000.]
 [1000.]
 [1000.]
 [1000.]
 [1000.]
 [1000.]
 [1000.]
 [1000.]
 [1000.]
 [1000.]
 [1000.]
 [1000.]
 [1000.]
 [1000.]
 [1000.]
 [1000.]
 [1000.]
 [1000.]
 [1000.]
 [1000.]
 [1000.]
 [1000.]
 [1000.]
 [1000.]
 [1000.]
 [1000.]
 [1000.]
 [1000.]
 [1000.]
 [1000.]
 [1000.]
 [1000.]
 [1000.]
 [1000.]
 [1000.]
 [1000.]
 [1000.]
 [1000.]
 [1000.]
 [1000.]
 [1000.]
 [1000.]
 [1000.]
 [1000.]
 [1000.]
 [1000.]
 [1000.]
 [1000.]
 [1000.]
 [1000.]
 [1000.]
 [1000.]
 [1000.]
 [1000.]
 [1000.]
 [1000.]
 [1000.]
 [1000.]
 [1000.]
 [1000.]
 [1000.]
 [1000.]
 [1000.]
 [1000.]
 [1000.]
 [1000.]
 [1000.]
 [1000.]
 [1000.]
 [1000.]
 [1000.]
 [1000.]
 [1000.]
 [1000.]
 [1000.]
 [1000.]
 [1000.]
 [1000.]
 [1000.]
 [1000.]
 [1000.]
 [1000.]
 [1000.]
 [1000.]
 [1000.]
 [1000.]
 [1000.]
 [1000.]
 [1000.]
 [1000.]
 [1000.]
 [1000.]
 [1000.]
 [1000.]
 [1000.]
 [1000.]
 [1000.]
 [1000.]
 [1000.]
 [1000.]
 [1000.]
 [1000.]
 [1000.]
 [1000.]
 [1000.]
 [1000.]
 [1000.]
 [1000.]
 [1000.]
 [1000.]
 [1000.]
 [1000.]
 [1000.]
 [1000.]
 [1000.]
 [1000.]
 [1000.]
 [1000.]
 [1000.]
 [1000.]
 [1000.]
 [1000.]
 [1000.]
 [1000.]
 [1000.]
 [1000.]
 [1000.]
 [1000.]
 [1000.]
 [1000.]
 [1000.]
 [1000.]
 [1000.]
 [1000.]
 [1000.]
 [1000.]
 [1000.]
 [1000.]
 [1000.]
 [1000.]
 [1000.]
 [1000.]
 [1000.]
 [1000.]
 [1000.]
 [1000.]
 [1000.]
 [1000.]
 [1000.]
 [1000.]
 [1000.]
 [1000.]
 [1000.]
 [1000.]
 [1000.]
 [1000.]
 [1000.]
 [1000.]
 [1000.]
 [1000.]
 [1000.]
 [1000.]
 [1000.]
 [1000.]
 [1000.]
 [1000.]
 [1000.]
 [1000.]
 [1000.]
 [1000.]
 [1000.]
 [1000.]
 [1000.]
 [1000.]
 [1000.]
 [1000.]
 [1000.]
 [1000.]
 [1000.]
 [1000.]
 [1000.]
 [1000.]
 [1000.]
 [1000.]
 [1000.]
 [1000.]
 [1000.]
 [1000.]
 [1000.]
 [1000.]
 [1000.]
 [1000.]
 [1000.]
 [1000.]
 [1000.]
 [1000.]
 [1000.]
 [1000.]
 [1000.]
 [1000.]
 [1000.]
 [1000.]
 [1000.]
 [1000.]
 [1000.]
 [1000.]
 [1000.]
 [1000.]
 [1000.]
 [1000.]
 [1000.]
 [1000.]
 [1000.]
 [1000.]
 [1000.]
 [1000.]
 [1000.]
 [1000.]
 [1000.]
 [1000.]
 [1000.]]
Ch: [[0.97217007 0.96459401 0.75624698 0.9277501  1.203541   1.16937813
  0.75949572 0.81184273 0.83576432 1.19071014 1.03527754 1.31820094
  0.62876736 1.06964926 1.3514953  0.74757395 1.32144815 0.5040036
  1.12116459 0.91280122 0.57721583]
 [1.13421238 0.572116   0.60175873 0.5292306  1.19121866 0.59926073
  1.01959425 0.52986983 1.21017177 0.99358559 0.93649184 1.04446443
  1.47334957 0.8907089  0.946574   1.29636743 1.22235107 1.07760283
  0.71651059 1.42277671 1.28545652]
 [1.49951803 0.81923604 1.01832208 1.45464477 1.20480275 1.04713079
  0.92058598 0.89080048 0.89250821 0.82687048 1.45234321 0.78987828
  1.16538985 1.14447576 0.5774013  0.73191455 0.74220453 0.58524543
  0.52315816 1.12379538 0.99666442]
 [0.70959315 0.58367254 1.40638404 0.75293053 0.73140223 0.61852716
  0.68883472 1.2020805  0.71328418 0.58322972 0.6997832  1.05176549
  0.80285458 0.72572964 1.25971058 0.59962884 0.98657243 0.95543862
  0.55663019 0.65165393 0.95111722]
 [0.63629892 0.55192058 0.6448184  1.46715564 0.53936563 1.41333079
  0.62376708 1.03504472 0.63924849 0.53525495 0.86568805 1.07357876
  0.74229864 0.71911723 1.31980994 1.02192572 0.60386776 1.08087272
  1.44522455 1.00580794 1.04005837]
 [1.06873255 0.85695324 0.97704701 1.15060434 0.71350103 0.53969549
  0.52469393 0.63913006 1.10424736 1.00008523 1.3303217  1.28183715
  1.12596863 1.11622045 1.18680521 0.73949597 0.67038848 0.79177797
  0.85657072 0.54301498 1.05891613]
 [1.33031413 0.96458471 1.06128243 0.51223696 0.60586859 1.09071657
  0.92992767 1.10602128 0.97621033 0.94198054 0.5689588  1.1146121
  0.74060991 0.97187628 0.76414691 0.97363024 1.20421419 0.58316396
  0.50921149 0.96039033 1.24777386]
 [1.17070984 1.19240242 0.52864218 0.62408267 1.15591371 1.04184237
  0.84787759 0.62850928 1.28015719 1.26636555 1.02544759 0.79501046
  0.59752034 0.70980053 0.5914888  0.91463762 0.87858357 1.28075598
  0.65872713 0.63299567 0.70511484]
 [0.98173625 1.46611597 0.7694744  1.40693077 0.74320108 0.5574158
  1.37509905 1.19320804 0.70512904 1.13306796 0.54104999 0.78517613
  0.81525037 0.53555795 1.06177239 1.08733024 0.63877412 1.48629763
  0.76388944 1.04599412 0.62169352]
 [0.74096225 1.41073076 0.53656046 0.87834226 0.51309985 1.10525184
  1.30502082 1.12485549 0.8887085  0.59777663 1.07782409 0.77724025
  0.50606412 1.06928103 0.73184904 0.70280511 1.4697994  0.52312101
  0.70694684 0.69525863 0.79897869]
 [0.89203502 1.28325544 0.88308595 0.8534601  1.14707459 0.50165942
  1.38269556 1.25677005 0.99193048 0.89848333 0.61033815 0.68157836
  1.11961667 1.4709998  0.54429156 0.50190462 1.23446261 1.12094592
  0.60217725 1.01838145 1.03714193]
 [0.99661014 0.97735238 0.59921182 0.67404499 0.72641736 0.63218467
  0.88835285 0.81615378 0.69519089 1.20733661 0.77745327 1.48314273
  0.52355148 1.24323771 0.8673152  0.5686375  0.6047666  1.13168238
  1.17913622 0.62052486 0.73153913]
 [0.59753353 1.28080546 0.69858375 0.74899998 1.40164315 0.84482937
  0.6953694  0.9261421  0.67813671 1.21961516 1.03741849 0.50010011
  0.54288592 1.17247793 0.9844905  1.42262879 1.26491609 0.53333602
  0.50316266 1.05394092 1.2748862 ]
 [0.62857212 1.00878002 1.0615935  0.6554289  1.4467416  1.16754419
  0.58507543 1.47138823 1.00480014 1.38562782 1.1730572  0.59918753
  0.92724276 0.56831378 0.89220408 1.15375181 1.31097039 0.95093625
  1.35125194 1.20742741 0.50637453]
 [0.67005679 1.07854711 0.8545716  0.85775625 1.23112164 0.73408038
  0.50444736 1.17541798 0.92545767 0.86171813 0.69392161 0.67502127
  0.53425556 0.55796892 0.78926806 0.78619887 1.30411999 0.99732252
  1.41076252 0.70576518 0.61750784]
 [1.22484907 1.22404336 0.83968835 0.53691034 0.83523339 0.78838832
  0.96135392 0.72849455 0.56401564 0.98967105 0.79664445 1.27172519
  0.5164413  0.53787137 1.19587201 0.8184947  1.37005488 1.04525897
  0.98393396 0.87380837 0.80113765]
 [1.06090523 0.52937213 0.89100115 0.93288766 0.61004019 1.27100146
  1.30288589 0.8755574  0.904286   1.16940318 1.03429428 0.75911073
  1.33241313 0.87779256 0.61478707 1.27476741 0.80309451 0.55013698
  0.55744849 0.69713621 0.85826882]
 [0.61390627 1.47133115 0.87097063 1.1606109  0.89785521 0.77647071
  1.14343932 1.13152263 0.75550218 0.66696328 0.62395804 0.88279912
  1.24596102 1.32539147 1.06677192 0.93385612 0.83560013 0.7457624
  1.37514011 1.34186884 1.16408041]
 [0.9779783  0.74142356 0.79387072 1.22006111 0.56582645 0.66660379
  1.23392099 0.74818876 1.49887731 0.60622893 0.99018214 1.22761258
  0.55334751 0.62008615 0.86049233 1.29526018 0.50073536 1.14290564
  0.80851713 0.92075476 0.51475807]
 [0.50961794 1.1643906  0.54760964 0.86103925 0.67343805 0.64677596
  0.5078501  0.88880274 0.76101517 0.83568577 0.53884626 1.39398472
  0.7420342  1.34080135 1.27370187 1.1625064  0.58010031 0.95952328
  0.98088266 1.39235996 0.61770293]]
Cv: [[0.         0.         0.         0.         0.         0.
  0.         0.         0.         0.         0.         0.
  0.         0.         0.         0.         0.         0.
  0.         0.        ]
 [0.52596193 1.15705946 0.90268625 1.01920237 1.38152355 1.2831439
  0.61495252 1.44516375 1.49377589 0.68670282 0.99205915 0.81706267
  0.62712928 1.1806517  0.63114703 0.82551057 0.60054133 0.55148087
  0.54808715 1.29749806]
 [0.59221349 1.04726673 0.57491816 0.55271003 0.61820036 1.49991942
  0.54128556 0.95176915 0.53499824 1.10515915 1.30059699 1.05811543
  1.1958443  0.65077724 0.60747466 1.00290623 1.01892289 0.867567
  0.69531252 1.25238536]
 [0.64302045 0.63147607 0.56090666 0.96984246 1.39854447 1.30324181
  1.33770128 1.23422238 1.03681343 0.9478697  1.14594956 1.12053455
  1.40612655 1.37230162 1.28907066 1.4209683  0.64244737 0.81696133
  1.18303931 0.58300576]
 [0.65459243 1.22674535 0.5091709  1.01593047 0.56852467 0.55470207
  0.53716591 0.67530279 0.56481522 1.1668983  0.84377919 0.73363387
  1.48136302 0.94655285 1.0567648  1.38676809 1.34746851 1.37828589
  0.91817613 0.77781825]
 [1.19229696 0.64269653 0.85829432 0.69806617 0.90424249 1.19578844
  1.16277537 1.35875671 1.40887148 0.53085123 1.10608201 0.51006568
  1.31312023 0.63501153 0.95356832 0.71427369 0.95978935 0.7637607
  1.39882781 0.55652871]
 [0.54729743 0.83941404 0.71772942 1.12893955 1.32063423 0.7369204
  1.22849636 1.49277116 0.65045931 0.65077855 0.56576848 0.94057341
  0.64801079 0.96308206 0.82985275 0.73711459 1.38346074 1.3226401
  0.60466092 0.87631039]
 [0.95918919 0.86558465 0.50736909 0.78550466 0.84582554 1.26729734
  0.70690024 0.85097838 0.71796823 0.74682775 1.28474902 0.69798084
  0.96864496 0.53429231 0.74831273 0.69800379 0.56739392 0.82637368
  1.06759634 0.57801391]
 [0.91569211 0.66168754 0.87109177 1.17431719 0.55649281 0.65557685
  0.51758077 1.02847627 0.61242482 1.10254824 0.78979379 0.53392235
  0.85995757 1.38356832 0.52637725 0.60713125 1.19556418 0.71155032
  1.16113934 0.83916623]
 [0.91386421 1.32815893 0.56664754 0.92252401 1.17409038 1.15899483
  1.1108322  0.75712437 1.22543142 0.65136376 0.50302916 0.5565887
  0.61808904 1.00867946 1.00049491 0.72305409 1.22075872 0.65492508
  0.87562542 0.73467662]
 [0.97254692 0.60984551 0.64804998 0.56943502 0.99316504 0.73627018
  1.09079036 1.38853895 0.53592981 0.86440267 0.56606054 0.51206182
  1.15366466 0.75683262 0.58452167 0.97881292 0.58642143 1.15786306
  0.85338444 0.71688947]
 [0.52153104 0.51062503 0.70759204 0.6260664  0.83183164 0.61523392
  0.83965884 0.59012947 0.83833135 1.0984274  1.27248226 0.64079229
  0.615446   1.01384046 0.56420145 1.00664051 0.57023129 0.52433497
  1.32331391 0.57576512]
 [1.10558026 0.76404106 0.61330835 0.64580145 1.3719894  1.16046282
  1.36292902 0.71724447 0.96254821 0.64818966 0.59896679 0.51904038
  0.60772922 0.55716755 0.64583456 1.27078755 1.35276448 1.48241099
  1.3804627  0.89163506]
 [0.93922356 1.00889604 1.0501677  1.02637065 1.26311071 1.34145133
  0.63227142 0.55888043 0.93727199 0.80958389 1.32340243 1.03731241
  0.7075874  1.08285897 0.64462626 0.53257821 1.23235342 1.32707851
  0.56083558 1.39597704]
 [0.8278229  0.78368181 0.85577133 1.24555783 1.49209734 0.63893518
  0.58471525 0.88612621 0.76370113 0.66012492 0.65600145 0.99075483
  0.53408769 1.07844061 1.35180859 0.65785081 1.27944036 0.57059728
  1.37499355 1.29238929]
 [0.89323943 0.52050042 0.54462121 0.5389734  0.56341891 0.67603161
  0.72438165 0.80681313 0.83944474 0.53434037 0.6398659  0.94508276
  1.49528527 0.69426954 0.74207706 0.95186795 0.73618341 0.63385092
  0.65893247 1.4309167 ]
 [0.64793771 0.79892936 0.50562133 0.98873356 1.21143034 0.54403407
  0.70906962 1.23817637 0.81514613 0.61327358 0.58566553 1.38074717
  1.32938548 0.74916034 1.10226591 1.3494893  0.615009   0.79179174
  1.14763115 1.01874666]
 [0.88961165 0.57203926 1.13619235 1.28210292 1.09006237 0.854513
  0.56178247 0.90242291 0.99594401 1.46870125 1.29643477 1.42180691
  0.85787479 1.29910659 0.58000029 1.15316363 0.61747475 1.15505871
  0.69512446 0.50973538]
 [1.37793663 1.22750968 0.85026257 0.65367905 1.17389481 0.84635668
  0.64320406 0.50083489 1.48167903 0.76968563 1.02257044 0.55671421
  1.18372856 1.29704951 0.56475043 0.88553118 1.42391781 1.42048922
  1.4030574  1.26595668]
 [1.12342198 0.73157768 0.52758081 1.45372267 0.61322833 0.81440785
  1.34911895 1.06712784 0.57742622 0.62580598 1.22580954 0.68969177
  0.6454031  1.24125151 1.18451979 1.17243397 0.67659653 0.72603384
  1.15812738 0.53990826]]
Rh: [[12.38816514 10.52118612 11.22355634  6.15455589 12.33654473 14.31115548
  11.4430923  12.16681314  8.35416382  8.85402612  5.25052589  5.05624932
   6.87456384  7.44681432  8.38475878  7.6520075   5.20703688  8.95214953
   5.74329055  8.4415792  11.10752334]
 [ 8.6639932   5.9487616   6.53949779  5.2870867  14.72847887 11.79586322
   6.54197931 10.35234345 10.67459581 10.55649501  5.77870151 10.17936757
  13.44536394  5.61429549  6.2268614   6.34325173  5.91616037  9.82759982
  14.47943291  5.61192952  7.32952702]
 [14.76074533 11.29454242  6.38504257  9.98705449 10.73307039  7.55747597
  10.07157935  8.09445283  5.83458187 13.5508323  13.75765979  5.07078258
  12.05750647  7.01938709  6.48252156 13.47897432 12.17626684  5.66920044
   8.88398555 12.94639599 11.37634494]
 [13.65687702  8.345395    6.46621344  6.40454779  9.85677535  6.13276051
   9.33307396  8.08375214 10.38309504  8.81446817  7.40338504 13.9176425
   5.18939622 12.38860207 12.13335948  6.18089281  5.49086668 14.59005442
  11.46368268 12.94185377  6.4431531 ]
 [ 8.89865658 14.87035438  5.13350805 14.24752887 10.65027511  9.49521431
   5.79861784 14.89150901  5.94358154  9.97229776  6.40688809  8.17438116
  12.50407547  8.13778099  9.2257678   5.96514406  7.46666999  5.05731373
   5.62329882 12.01716662  9.22597969]
 [ 6.94166802  7.33933046  9.71855054  5.32027818 10.86116567 12.28813121
   9.58367845 10.68230261 10.7497714  12.98438996  9.12357864  9.86639249
   7.97101833  5.52053667  5.6366798  11.40666269 14.24994263  7.3694319
  13.39769255 10.23538227  6.72738758]
 [10.12377763 13.58606797 14.90023768  7.40362297 12.22404323 13.73186799
   6.70736223 12.27402371 13.11504654  5.25102333  8.2394274  12.9297372
  13.17251286  5.30781582  9.71926998  8.3213595   5.45322149  7.08683288
   5.77309107  5.11384337 13.73310606]
 [ 5.00795362  8.45070543 11.45158829 13.39975343  5.68045253  6.39862335
  13.05015032  9.61161301 11.5320284  11.64041147  8.94273325  5.91720217
  13.16935479 10.78504523 14.49928121 11.5003802   8.42162164 13.05822048
   8.82709135 11.14023959 10.38137397]
 [ 7.58658825  7.44286871 13.20357114  5.31487167  9.50525193  9.84362814
  10.54430884  5.85145703  5.84851291 11.29491574 10.77427688  6.11072329
   7.63768971  7.37610577  7.10845043 10.55339057  5.27638686 13.43107153
  11.00001382  9.81539479 13.57150343]
 [ 6.31558751 11.85521143  6.44289127  7.14574334  6.09714731  7.17344411
   7.63764891 12.15757449  9.64329612  8.68102986 10.66721295 12.1012287
   5.21179969  8.93352004 12.70113667  5.68873711  7.67607859 11.37866392
   7.7280678  10.43892734 10.54274304]
 [ 8.53174063  7.53634978  5.76519363  8.65530246  6.17221564 10.25865649
   5.90782527  7.69566252  7.3637977   9.88943809 14.06722241  7.79703475
  11.60673731  5.68814321  8.64013184  5.2573091   5.48071148  6.59303139
   9.91789151  5.5783091   6.81116067]
 [12.51349668 13.91386142  6.6049115   9.79189765 14.94360599  7.98106663
  12.06644044  8.68088652  6.14755388  5.95867114  8.66769477  7.1032137
   8.16090288  6.02949664  7.08303723  6.63388751 12.16229967 14.85599413
   7.23407383  6.84894322  7.01392977]
 [13.10688075 11.31956069  8.23051484 11.00482895  7.65315833 11.43699165
   7.70932057  6.11096952  7.4593155   7.9369699  12.60825718  5.9806834
   5.7297755  11.88699349  7.21005724 10.11911495  6.84726416  9.2717276
  12.55143707 10.31258509  6.26128915]
 [11.90059026  6.28657413  5.82404367  8.50111004  9.79576346  8.70047221
   7.88012952 10.5252482  10.70042845 10.99991111  9.88101629  7.40339535
  11.66778317  7.72850149  5.06586782  9.392279    9.98286701  8.9611712
   6.36074572  9.20739259  9.98852344]
 [ 5.98658428  9.41616029  7.07063933  8.24367233  9.16034898  6.48837532
  10.0560416   6.72240385  9.26472058  7.59317592  5.27260083  5.27543745
  13.69040094  5.71850968 12.56441284 12.57518921  9.38127891 10.91838381
  11.15406913  5.87783727  8.89233251]
 [ 7.98874977  7.91965094  8.35358491 12.12793606  9.45180267  7.94215655
   6.58969298  7.62527996  8.76658439 12.96081204 12.82701442  9.10040943
  10.0223077  10.89649582 13.01282146  5.35377947  8.56341877  5.34659954
   5.80511508  5.95148471 12.80537673]
 [14.57298616  5.03284363  9.70539416  5.06848454  7.0402609   8.93375463
   8.30071998  7.37850734  5.53739905  8.90413631  8.57512813  8.40950443
  11.4163863  13.58457228  8.22006487  7.23210112  8.8288189  12.60212021
   5.84785511  7.42070788 10.62352991]
 [14.92694699 12.24448865  8.59014437 11.0059359   5.19843    14.88324703
  11.6701472   6.29772917  9.09968327  7.46683127  6.14038123  8.69540928
   9.54157889 13.0695505   7.64010199  5.77197519 11.76049157  6.85965058
   9.05075359  8.1143665   5.34246004]
 [ 6.97541532  9.00387993 11.97919882  8.08029612  9.42702473  6.33274481
  11.87487351  6.01782744  5.6007443   6.38792773 11.90468738 12.10635241
  14.39965028  5.43519829 10.99163307 13.24807874  7.11303551 12.28479681
  13.40150796  5.76749241 14.1297238 ]
 [ 5.23745187 14.0140676   9.39707385 12.8558176   5.14425793 14.15801447
  10.00178784  6.6625335   8.35685768 10.47540311  6.26152456  9.26330168
   5.78792397  8.11391789 12.31068436 13.49560748  6.79963879  5.30174889
   5.04444759  5.51064868  5.18370057]]
Rv: [[14.04207559  5.97623662  7.11942931 10.92767323 13.81043325  5.46721728
   9.0844692   8.17438618 10.98310003 12.49530976 14.10700621  7.99314317
  14.18520861 14.57625348 13.41582656 10.31025681  9.5476095   6.46133038
  10.24070527 13.46350673]
 [ 9.08748702  9.01497784  8.31289018 10.24489805  8.02661325  6.70251131
   5.60753248 10.24189204  6.48599309  6.03535689  7.96462302  6.6282971
   6.95576131 13.74809979  5.39306802  7.69860023  5.5079372  11.68124548
  14.51261226  6.22055527]
 [ 7.59178351 10.23795901  5.41859607  6.53939392 12.62123546  9.99312239
   6.68927316 12.64821532  6.69405903  5.75806382  6.23000646  6.40421808
  13.72482782  9.33847498  6.23290501 13.43364363 12.2724212   7.19684008
  11.31829507  6.30053075]
 [ 5.24037439 11.06812464  5.2824157   5.75420034  7.74559072  6.27867636
  13.88950547 10.60617823  9.6696943   8.10639049 10.09143029  6.6066853
  10.5722098  10.21501584  5.24304156  7.81090066 14.950968    7.23634422
  10.53323835  6.27703509]
 [ 9.4455208  11.88767323 11.95583393  9.13160971  7.23535585 11.1067304
   8.99658863  5.0078572   6.16294794  8.59977814  7.96390568  7.59688111
   6.08552321 13.7995553   9.33102328  7.67305365  5.47801354 11.17232979
   5.52733898  7.67802377]
 [12.65873527  8.79373547 10.05119411 14.74610934 13.14116072  8.76371825
  10.71644531 13.65148915  5.49975723  7.79204256 13.35994306 12.44924004
   5.03514145  8.08896759  9.73531012 14.85528396  7.16038444 13.79316743
  12.63593409  5.61039039]
 [ 9.78555928  8.30606483 11.23493584  5.51716186  7.76435371  7.67184514
   6.31829273 14.15147661  8.25509229  9.78929901 10.9218422  14.78782496
  12.69459009 11.68475986  9.87702903 11.59396431  6.11114527 10.82076114
  10.87811339  8.54139664]
 [11.70563029 12.20754154  7.91656171 14.40464365  5.15060441  7.48323708
   6.83107302  5.45048907  5.58975923  6.06282703  8.93284547  7.5965969
   6.72033354  9.81705807 12.86646739  5.12380169 14.80999093  5.03574509
   6.03771302  8.67623945]
 [13.33972623 11.94225986  7.68240482  9.30828821 12.16139188 11.65126519
  13.44398529  5.64575577 11.9750739  12.74235781 14.61543012 12.25745216
  11.54560679  9.92986855 10.53287683  9.02234947 12.33101754  9.39873734
  10.22272784 10.02621486]
 [ 8.45468508  6.67297001 12.77912188  7.9555636  11.35498471  6.53332885
   6.50356717  7.78635276 10.55194304  6.92444367  5.95887198  6.84509149
  13.31073183  5.17946587  7.06393695  7.88644905  5.76370966  5.8538559
  14.76421902  7.7627399 ]
 [ 9.02802962  9.21034001  6.13780272  6.3100124  13.41443376  9.90709411
  10.86238639  6.87924621 10.9811267  10.58575852  5.98665126  5.50669829
   9.33812951 13.20532184 13.05034245 12.84580303 13.27341365  7.91734808
  12.18130561  9.77232297]
 [ 5.48617262  9.45392302 13.98537187  5.34923281  9.33121734 10.14366784
   7.4234102   7.24689019 10.45445232  5.39512685 14.93265242 12.59305726
   8.44833481  6.69508444 10.60737102  5.72339387 13.68749188 13.98976063
  11.94942724  8.55655106]
 [ 9.16772089  8.47771518  5.35515924 10.45565685 13.98189733  9.67242889
   8.25256549  7.94388981  8.14042654  9.11251604  5.1214897   6.00901582
  12.35742582  7.38136475  6.02845149  7.34049465  6.60542103 14.0814726
   6.58649618  5.36756108]
 [12.00262461 13.7780687   5.12678211  5.09008554  8.6786954  11.09364466
   9.04175978  6.86724967 13.29796298  7.60340909 10.51178948  9.13781297
   5.61513165  6.73135531  9.08687075  7.11886933 10.47435411  7.8988337
  10.0573129   5.88556544]
 [ 8.18038428  5.50720531 10.61589398  7.35997143  5.73904856  8.91528786
  10.65914484  6.6264894   7.17474434 14.20124878  9.18931257  7.00112947
   8.52339051  5.93986084 12.00738192  8.68307768  6.32167562  6.18234174
   5.06666885 10.38718861]
 [ 5.47179724  5.00231601 10.33587727  7.80926943  7.19824266  5.64337965
   5.073342   10.52399273  5.82573605  9.65268603 14.71150008  6.93963178
   5.29363924 11.71952377 10.29513953  7.2721095   6.13090104 10.85586062
   8.02942409  7.34238709]
 [13.77451068  8.66617507 11.35861087  8.37178403 11.06803542  5.64761036
  13.77023629  9.36005193  8.12325093  6.56181268  6.31541751 11.51139785
  11.85884382 12.46076487  9.47763914  7.24593996  8.7738608   9.86210165
   8.51033931 12.33757312]
 [ 7.51831251  5.48961491  8.08583076  5.24953937  5.80901649  5.52616238
   7.80209804  6.76235146  6.59954562  6.59162387  7.46014809  7.76238626
   7.39648492 11.79550815  6.94589747  5.45489     5.12432835  8.65282002
   9.01262216  8.68472787]
 [ 6.44701571  7.91705712  7.46709536  5.65954933  8.18930604  6.28420241
   7.32368402  6.22209358  5.04399848  5.75052915  7.25615043  9.62292186
  10.11437366  9.5669658   5.37830778  6.75318747 11.10915448 14.09694181
  12.59369129  7.6125223 ]]