-------Running parameters--------
T = 0.0
gap = 0
M = 20
N = 20
VR = 0.0
Vmin = 0.0
Vmax = 3.0
vStep = 0.1
vSym = True
repeats = 20
fileName = array_20_20_tau_leaping_cg_std
dist = exp
fullOutput = False
use_graph = False
current_map = True
plot_current_map = False
dbg = False
resume = False
sc = False
leaping = True
output_folder = big_array_finite_dos
VG_avg = 0.0
VG_std = 0.0
C_avg = 1.0
C_std = 0.5
CG_avg = 10.0
CG_std = 1.0
R_avg = 10.0
R_std = 5.0
custom_rh = ""
custom_rv = ""
custom_ch = 
custom_cv = 
RG_avg = 1000.0
RG_std = 0.0
n0_avg = 0.0
n0_std = 0.0
Q0_avg = 0.0
Q0_std = 0.0
----Array Parameters-----
Rows: 20
Columns: 20
VG: [[0.]
 [0.]
 [0.]
 [0.]
 [0.]
 [0.]
 [0.]
 [0.]
 [0.]
 [0.]
 [0.]
 [0.]
 [0.]
 [0.]
 [0.]
 [0.]
 [0.]
 [0.]
 [0.]
 [0.]
 [0.]
 [0.]
 [0.]
 [0.]
 [0.]
 [0.]
 [0.]
 [0.]
 [0.]
 [0.]
 [0.]
 [0.]
 [0.]
 [0.]
 [0.]
 [0.]
 [0.]
 [0.]
 [0.]
 [0.]
 [0.]
 [0.]
 [0.]
 [0.]
 [0.]
 [0.]
 [0.]
 [0.]
 [0.]
 [0.]
 [0.]
 [0.]
 [0.]
 [0.]
 [0.]
 [0.]
 [0.]
 [0.]
 [0.]
 [0.]
 [0.]
 [0.]
 [0.]
 [0.]
 [0.]
 [0.]
 [0.]
 [0.]
 [0.]
 [0.]
 [0.]
 [0.]
 [0.]
 [0.]
 [0.]
 [0.]
 [0.]
 [0.]
 [0.]
 [0.]
 [0.]
 [0.]
 [0.]
 [0.]
 [0.]
 [0.]
 [0.]
 [0.]
 [0.]
 [0.]
 [0.]
 [0.]
 [0.]
 [0.]
 [0.]
 [0.]
 [0.]
 [0.]
 [0.]
 [0.]
 [0.]
 [0.]
 [0.]
 [0.]
 [0.]
 [0.]
 [0.]
 [0.]
 [0.]
 [0.]
 [0.]
 [0.]
 [0.]
 [0.]
 [0.]
 [0.]
 [0.]
 [0.]
 [0.]
 [0.]
 [0.]
 [0.]
 [0.]
 [0.]
 [0.]
 [0.]
 [0.]
 [0.]
 [0.]
 [0.]
 [0.]
 [0.]
 [0.]
 [0.]
 [0.]
 [0.]
 [0.]
 [0.]
 [0.]
 [0.]
 [0.]
 [0.]
 [0.]
 [0.]
 [0.]
 [0.]
 [0.]
 [0.]
 [0.]
 [0.]
 [0.]
 [0.]
 [0.]
 [0.]
 [0.]
 [0.]
 [0.]
 [0.]
 [0.]
 [0.]
 [0.]
 [0.]
 [0.]
 [0.]
 [0.]
 [0.]
 [0.]
 [0.]
 [0.]
 [0.]
 [0.]
 [0.]
 [0.]
 [0.]
 [0.]
 [0.]
 [0.]
 [0.]
 [0.]
 [0.]
 [0.]
 [0.]
 [0.]
 [0.]
 [0.]
 [0.]
 [0.]
 [0.]
 [0.]
 [0.]
 [0.]
 [0.]
 [0.]
 [0.]
 [0.]
 [0.]
 [0.]
 [0.]
 [0.]
 [0.]
 [0.]
 [0.]
 [0.]
 [0.]
 [0.]
 [0.]
 [0.]
 [0.]
 [0.]
 [0.]
 [0.]
 [0.]
 [0.]
 [0.]
 [0.]
 [0.]
 [0.]
 [0.]
 [0.]
 [0.]
 [0.]
 [0.]
 [0.]
 [0.]
 [0.]
 [0.]
 [0.]
 [0.]
 [0.]
 [0.]
 [0.]
 [0.]
 [0.]
 [0.]
 [0.]
 [0.]
 [0.]
 [0.]
 [0.]
 [0.]
 [0.]
 [0.]
 [0.]
 [0.]
 [0.]
 [0.]
 [0.]
 [0.]
 [0.]
 [0.]
 [0.]
 [0.]
 [0.]
 [0.]
 [0.]
 [0.]
 [0.]
 [0.]
 [0.]
 [0.]
 [0.]
 [0.]
 [0.]
 [0.]
 [0.]
 [0.]
 [0.]
 [0.]
 [0.]
 [0.]
 [0.]
 [0.]
 [0.]
 [0.]
 [0.]
 [0.]
 [0.]
 [0.]
 [0.]
 [0.]
 [0.]
 [0.]
 [0.]
 [0.]
 [0.]
 [0.]
 [0.]
 [0.]
 [0.]
 [0.]
 [0.]
 [0.]
 [0.]
 [0.]
 [0.]
 [0.]
 [0.]
 [0.]
 [0.]
 [0.]
 [0.]
 [0.]
 [0.]
 [0.]
 [0.]
 [0.]
 [0.]
 [0.]
 [0.]
 [0.]
 [0.]
 [0.]
 [0.]
 [0.]
 [0.]
 [0.]
 [0.]
 [0.]
 [0.]
 [0.]
 [0.]
 [0.]
 [0.]
 [0.]
 [0.]
 [0.]
 [0.]
 [0.]
 [0.]
 [0.]
 [0.]
 [0.]
 [0.]
 [0.]
 [0.]
 [0.]
 [0.]
 [0.]
 [0.]
 [0.]
 [0.]
 [0.]
 [0.]
 [0.]
 [0.]
 [0.]
 [0.]
 [0.]
 [0.]
 [0.]
 [0.]
 [0.]
 [0.]
 [0.]
 [0.]
 [0.]
 [0.]
 [0.]
 [0.]
 [0.]
 [0.]
 [0.]
 [0.]
 [0.]
 [0.]
 [0.]
 [0.]
 [0.]
 [0.]
 [0.]
 [0.]
 [0.]
 [0.]
 [0.]
 [0.]
 [0.]
 [0.]
 [0.]
 [0.]
 [0.]
 [0.]
 [0.]
 [0.]
 [0.]
 [0.]
 [0.]
 [0.]
 [0.]
 [0.]
 [0.]
 [0.]
 [0.]
 [0.]
 [0.]
 [0.]
 [0.]
 [0.]
 [0.]
 [0.]
 [0.]]
CG: [[ 9.88493745]
 [10.57026736]
 [ 9.39853791]
 [ 9.04708768]
 [10.80513295]
 [ 9.37280099]
 [10.43342743]
 [10.21694646]
 [ 9.22422064]
 [10.08169422]
 [10.31460585]
 [10.15931479]
 [10.01793086]
 [10.52465563]
 [ 9.02758705]
 [10.91483908]
 [ 9.38623764]
 [10.43121544]
 [10.40043442]
 [ 9.89083348]
 [10.15949712]
 [ 9.06891679]
 [ 9.59328073]
 [ 9.38992405]
 [ 9.25872342]
 [ 9.45800081]
 [ 9.02448473]
 [ 9.72965031]
 [ 9.84204519]
 [ 9.2884715 ]
 [ 9.4260687 ]
 [ 9.65603449]
 [ 9.3165371 ]
 [ 9.40086499]
 [ 9.57756023]
 [ 9.64793758]
 [10.34072643]
 [ 9.10268203]
 [10.19073944]
 [10.34304552]
 [ 9.61913607]
 [ 9.8978867 ]
 [10.74852177]
 [ 9.35155312]
 [ 9.35673665]
 [ 9.77952138]
 [ 9.94757709]
 [10.2081359 ]
 [ 9.62095843]
 [ 9.0863572 ]
 [ 9.92132352]
 [10.28989802]
 [ 9.14806488]
 [ 9.89149819]
 [ 9.47006193]
 [10.09385756]
 [ 9.73332903]
 [ 9.56929355]
 [10.46319552]
 [ 9.76697322]
 [ 9.1771017 ]
 [ 9.02979418]
 [ 9.91322543]
 [ 9.39511961]
 [10.95018213]
 [10.15234873]
 [ 9.43235748]
 [10.55580981]
 [ 9.41756442]
 [ 9.57325358]
 [10.13177274]
 [ 9.57129442]
 [ 9.43553705]
 [10.87022177]
 [ 9.29417855]
 [ 9.31830573]
 [ 9.97610691]
 [10.41595345]
 [ 9.96286999]
 [10.45728402]
 [ 9.14723809]
 [ 9.26540426]
 [10.63222734]
 [ 9.51229721]
 [10.04038234]
 [ 9.3076278 ]
 [10.32203511]
 [ 9.24132508]
 [10.78636348]
 [10.89815338]
 [ 9.45500651]
 [10.64559649]
 [10.83379484]
 [ 9.40686486]
 [10.02160895]
 [ 9.08162592]
 [10.75976335]
 [10.60758208]
 [ 9.01174244]
 [10.37877277]
 [10.59746966]
 [10.78540267]
 [ 9.10026075]
 [10.81844864]
 [10.42061648]
 [ 9.47653652]
 [ 9.20133988]
 [10.03162401]
 [10.86901242]
 [ 9.60237246]
 [10.08718514]
 [ 9.90789883]
 [ 9.58981325]
 [10.07404105]
 [ 9.94996858]
 [ 9.61875136]
 [ 9.68682518]
 [ 9.22830977]
 [ 9.9980322 ]
 [10.93553904]
 [ 9.57134682]
 [10.62868169]
 [ 9.04078492]
 [10.5130967 ]
 [10.20705716]
 [ 9.69269105]
 [ 9.84972892]
 [10.24965427]
 [ 9.51570734]
 [ 9.66556505]
 [ 9.20887501]
 [ 9.89525539]
 [ 9.81735362]
 [ 9.7513783 ]
 [ 9.85004952]
 [10.04797042]
 [10.96552072]
 [ 9.38868867]
 [10.24392654]
 [10.94128253]
 [10.3864955 ]
 [10.3692456 ]
 [ 9.966273  ]
 [ 9.04333849]
 [10.11291329]
 [ 9.44179384]
 [ 9.70799959]
 [ 9.87242012]
 [ 9.62545189]
 [10.32880719]
 [ 9.68032597]
 [10.69105537]
 [10.0351682 ]
 [10.68841889]
 [10.19240492]
 [10.36445825]
 [10.94542987]
 [10.3279978 ]
 [ 9.6341304 ]
 [10.1531883 ]
 [ 9.99172003]
 [10.39768877]
 [ 9.89993119]
 [ 9.49074685]
 [ 9.14216383]
 [ 9.1895652 ]
 [ 9.71094918]
 [10.68562904]
 [ 9.95115534]
 [10.21633763]
 [ 9.16254674]
 [ 9.7240573 ]
 [10.69644575]
 [ 9.62560892]
 [ 9.37453292]
 [ 9.00009542]
 [ 9.79543318]
 [ 9.7994995 ]
 [ 9.96181777]
 [10.13056169]
 [ 9.82656742]
 [10.07165806]
 [ 9.23885995]
 [10.87970792]
 [10.50465692]
 [ 9.56835304]
 [10.83628317]
 [ 9.4057989 ]
 [ 9.06589483]
 [10.71401608]
 [10.12742532]
 [10.22484336]
 [10.11155186]
 [10.061837  ]
 [ 9.67076618]
 [10.66365765]
 [10.0889494 ]
 [ 9.0640223 ]
 [10.19104428]
 [10.99696593]
 [10.25713404]
 [10.77688732]
 [10.64999651]
 [10.12039486]
 [10.59813319]
 [10.63511412]
 [ 9.54127038]
 [10.64782263]
 [ 9.08192628]
 [ 9.13048802]
 [ 9.79891193]
 [ 9.51692393]
 [ 9.72736553]
 [ 9.58502546]
 [ 9.9707145 ]
 [ 9.98944601]
 [10.01019229]
 [ 9.20288438]
 [10.90190603]
 [ 9.10352777]
 [10.06279782]
 [10.89186015]
 [10.81534008]
 [ 9.56529239]
 [10.04972917]
 [ 9.01028322]
 [ 9.05878047]
 [ 9.87557489]
 [10.56725377]
 [ 9.93993178]
 [ 9.99427367]
 [ 9.26300724]
 [ 9.33366829]
 [10.63498611]
 [ 9.2435591 ]
 [ 9.81355438]
 [ 9.25169806]
 [ 9.2540456 ]
 [ 9.90629005]
 [10.47263769]
 [ 9.88716638]
 [ 9.93678013]
 [ 9.23908378]
 [10.45467744]
 [10.10599393]
 [10.54995508]
 [ 9.59339118]
 [ 9.22548672]
 [ 9.72180783]
 [ 9.49711692]
 [10.18471519]
 [ 9.41786068]
 [10.52397331]
 [ 9.42329919]
 [10.94784543]
 [10.2737482 ]
 [ 9.25926125]
 [10.89252026]
 [ 9.26626196]
 [ 9.29295786]
 [ 9.18614922]
 [10.44268313]
 [10.2725758 ]
 [ 9.23326333]
 [10.81435079]
 [10.94033816]
 [ 9.57886507]
 [10.31742106]
 [ 9.85121553]
 [ 9.19481853]
 [ 9.27889947]
 [ 9.89798674]
 [ 9.57629605]
 [ 9.94557897]
 [ 9.94999351]
 [10.183759  ]
 [10.44158192]
 [10.14861829]
 [ 9.71987578]
 [ 9.51243518]
 [ 9.08373233]
 [ 9.36379949]
 [ 9.3996199 ]
 [10.59127548]
 [10.98037174]
 [10.23046273]
 [ 9.25622878]
 [10.03051847]
 [ 9.87333712]
 [ 9.39241289]
 [10.58735682]
 [ 9.43127057]
 [10.16374411]
 [ 9.53290617]
 [10.12650738]
 [10.17695276]
 [ 9.43255244]
 [ 9.61213559]
 [10.47103578]
 [ 9.77535857]
 [ 9.85088038]
 [ 9.30755547]
 [10.71434297]
 [ 9.77021584]
 [ 9.08450107]
 [ 9.7863198 ]
 [10.25749544]
 [10.10659228]
 [ 9.16684696]
 [ 9.26348755]
 [10.67557861]
 [ 9.88222554]
 [ 9.12218275]
 [ 9.81333629]
 [10.17575884]
 [ 9.422202  ]
 [10.28941479]
 [10.13584757]
 [ 9.18627549]
 [ 9.54446148]
 [ 9.75097753]
 [10.65547802]
 [ 9.81329802]
 [ 9.04599059]
 [10.2751124 ]
 [10.66613003]
 [ 9.74926053]
 [10.94225473]
 [ 9.58911639]
 [ 9.59004811]
 [ 9.30048772]
 [ 9.7140826 ]
 [ 9.52620109]
 [ 9.68082768]
 [ 9.82478263]
 [10.81033178]
 [ 9.01539373]
 [10.80845634]
 [ 9.98040052]
 [ 9.84552545]
 [ 9.73518439]
 [ 9.55733858]
 [ 9.8756794 ]
 [10.90521681]
 [10.85991848]
 [10.16093015]
 [10.09630074]
 [ 9.47770622]
 [10.79468694]
 [ 9.76381841]
 [10.26950926]
 [10.25180131]
 [10.08900589]
 [10.41492809]
 [ 9.54225122]
 [10.62832227]
 [10.91002805]
 [ 9.57880538]
 [10.21089168]
 [10.30976594]
 [ 9.99408832]
 [ 9.62080424]
 [10.03893082]
 [10.05626039]
 [10.1940983 ]
 [ 9.9646467 ]
 [ 9.92222379]
 [10.54637628]
 [ 9.81295899]
 [ 9.45517036]
 [ 9.83702993]
 [10.12374639]
 [10.50536731]
 [10.09862236]
 [10.98040202]
 [ 9.09878331]
 [10.8492095 ]
 [ 9.65789588]
 [ 9.26954599]
 [10.75079461]
 [10.75287426]
 [ 9.63147788]
 [ 9.36334498]
 [ 9.70899052]
 [ 9.71944535]
 [10.5827698 ]
 [10.64644501]
 [10.06252249]
 [ 9.75500726]
 [ 9.71935741]
 [ 9.14916076]
 [ 9.12442082]
 [10.26299232]
 [ 9.24096071]
 [ 9.30550175]
 [ 9.64870953]
 [ 9.4643277 ]
 [10.97861514]
 [10.28284718]
 [10.85590819]]
RG: [[1000.]
 [1000.]
 [1000.]
 [1000.]
 [1000.]
 [1000.]
 [1000.]
 [1000.]
 [1000.]
 [1000.]
 [1000.]
 [1000.]
 [1000.]
 [1000.]
 [1000.]
 [1000.]
 [1000.]
 [1000.]
 [1000.]
 [1000.]
 [1000.]
 [1000.]
 [1000.]
 [1000.]
 [1000.]
 [1000.]
 [1000.]
 [1000.]
 [1000.]
 [1000.]
 [1000.]
 [1000.]
 [1000.]
 [1000.]
 [1000.]
 [1000.]
 [1000.]
 [1000.]
 [1000.]
 [1000.]
 [1000.]
 [1000.]
 [1000.]
 [1000.]
 [1000.]
 [1000.]
 [1000.]
 [1000.]
 [1000.]
 [1000.]
 [1000.]
 [1000.]
 [1000.]
 [1000.]
 [1000.]
 [1000.]
 [1000.]
 [1000.]
 [1000.]
 [1000.]
 [1000.]
 [1000.]
 [1000.]
 [1000.]
 [1000.]
 [1000.]
 [1000.]
 [1000.]
 [1000.]
 [1000.]
 [1000.]
 [1000.]
 [1000.]
 [1000.]
 [1000.]
 [1000.]
 [1000.]
 [1000.]
 [1000.]
 [1000.]
 [1000.]
 [1000.]
 [1000.]
 [1000.]
 [1000.]
 [1000.]
 [1000.]
 [1000.]
 [1000.]
 [1000.]
 [1000.]
 [1000.]
 [1000.]
 [1000.]
 [1000.]
 [1000.]
 [1000.]
 [1000.]
 [1000.]
 [1000.]
 [1000.]
 [1000.]
 [1000.]
 [1000.]
 [1000.]
 [1000.]
 [1000.]
 [1000.]
 [1000.]
 [1000.]
 [1000.]
 [1000.]
 [1000.]
 [1000.]
 [1000.]
 [1000.]
 [1000.]
 [1000.]
 [1000.]
 [1000.]
 [1000.]
 [1000.]
 [1000.]
 [1000.]
 [1000.]
 [1000.]
 [1000.]
 [1000.]
 [1000.]
 [1000.]
 [1000.]
 [1000.]
 [1000.]
 [1000.]
 [1000.]
 [1000.]
 [1000.]
 [1000.]
 [1000.]
 [1000.]
 [1000.]
 [1000.]
 [1000.]
 [1000.]
 [1000.]
 [1000.]
 [1000.]
 [1000.]
 [1000.]
 [1000.]
 [1000.]
 [1000.]
 [1000.]
 [1000.]
 [1000.]
 [1000.]
 [1000.]
 [1000.]
 [1000.]
 [1000.]
 [1000.]
 [1000.]
 [1000.]
 [1000.]
 [1000.]
 [1000.]
 [1000.]
 [1000.]
 [1000.]
 [1000.]
 [1000.]
 [1000.]
 [1000.]
 [1000.]
 [1000.]
 [1000.]
 [1000.]
 [1000.]
 [1000.]
 [1000.]
 [1000.]
 [1000.]
 [1000.]
 [1000.]
 [1000.]
 [1000.]
 [1000.]
 [1000.]
 [1000.]
 [1000.]
 [1000.]
 [1000.]
 [1000.]
 [1000.]
 [1000.]
 [1000.]
 [1000.]
 [1000.]
 [1000.]
 [1000.]
 [1000.]
 [1000.]
 [1000.]
 [1000.]
 [1000.]
 [1000.]
 [1000.]
 [1000.]
 [1000.]
 [1000.]
 [1000.]
 [1000.]
 [1000.]
 [1000.]
 [1000.]
 [1000.]
 [1000.]
 [1000.]
 [1000.]
 [1000.]
 [1000.]
 [1000.]
 [1000.]
 [1000.]
 [1000.]
 [1000.]
 [1000.]
 [1000.]
 [1000.]
 [1000.]
 [1000.]
 [1000.]
 [1000.]
 [1000.]
 [1000.]
 [1000.]
 [1000.]
 [1000.]
 [1000.]
 [1000.]
 [1000.]
 [1000.]
 [1000.]
 [1000.]
 [1000.]
 [1000.]
 [1000.]
 [1000.]
 [1000.]
 [1000.]
 [1000.]
 [1000.]
 [1000.]
 [1000.]
 [1000.]
 [1000.]
 [1000.]
 [1000.]
 [1000.]
 [1000.]
 [1000.]
 [1000.]
 [1000.]
 [1000.]
 [1000.]
 [1000.]
 [1000.]
 [1000.]
 [1000.]
 [1000.]
 [1000.]
 [1000.]
 [1000.]
 [1000.]
 [1000.]
 [1000.]
 [1000.]
 [1000.]
 [1000.]
 [1000.]
 [1000.]
 [1000.]
 [1000.]
 [1000.]
 [1000.]
 [1000.]
 [1000.]
 [1000.]
 [1000.]
 [1000.]
 [1000.]
 [1000.]
 [1000.]
 [1000.]
 [1000.]
 [1000.]
 [1000.]
 [1000.]
 [1000.]
 [1000.]
 [1000.]
 [1000.]
 [1000.]
 [1000.]
 [1000.]
 [1000.]
 [1000.]
 [1000.]
 [1000.]
 [1000.]
 [1000.]
 [1000.]
 [1000.]
 [1000.]
 [1000.]
 [1000.]
 [1000.]
 [1000.]
 [1000.]
 [1000.]
 [1000.]
 [1000.]
 [1000.]
 [1000.]
 [1000.]
 [1000.]
 [1000.]
 [1000.]
 [1000.]
 [1000.]
 [1000.]
 [1000.]
 [1000.]
 [1000.]
 [1000.]
 [1000.]
 [1000.]
 [1000.]
 [1000.]
 [1000.]
 [1000.]
 [1000.]
 [1000.]
 [1000.]
 [1000.]
 [1000.]
 [1000.]
 [1000.]
 [1000.]
 [1000.]
 [1000.]
 [1000.]
 [1000.]
 [1000.]
 [1000.]
 [1000.]
 [1000.]
 [1000.]
 [1000.]
 [1000.]
 [1000.]
 [1000.]
 [1000.]
 [1000.]
 [1000.]
 [1000.]
 [1000.]
 [1000.]
 [1000.]
 [1000.]
 [1000.]
 [1000.]
 [1000.]
 [1000.]
 [1000.]
 [1000.]
 [1000.]
 [1000.]
 [1000.]
 [1000.]
 [1000.]
 [1000.]
 [1000.]
 [1000.]
 [1000.]
 [1000.]
 [1000.]
 [1000.]
 [1000.]
 [1000.]
 [1000.]
 [1000.]
 [1000.]
 [1000.]
 [1000.]
 [1000.]
 [1000.]
 [1000.]
 [1000.]
 [1000.]]
Ch: [[1.37180566 0.74051661 1.34291163 0.60171291 1.40332632 0.69645235
  0.73242511 1.30303744 0.85843949 0.68343651 1.3638117  1.26233203
  0.72958977 0.51044239 0.50051143 0.58596946 0.9365033  1.03787028
  1.2090079  0.60356825 0.64273773]
 [1.47271729 0.83956003 1.16579841 1.12851976 1.04797224 1.28578416
  0.62134383 1.2059988  1.19774564 0.69086859 0.5661758  0.54897183
  0.78552236 1.37244804 0.61654861 0.69858811 0.51162864 0.75834395
  1.26184328 1.09082842 0.50802545]
 [0.87072236 0.84843013 0.68346639 1.45220424 1.42356488 1.39457233
  1.43034295 0.8472766  0.86506927 1.08624653 0.92011324 0.59731565
  0.8364059  0.54434118 1.27510616 0.50996565 0.71618436 1.07712714
  0.64282544 0.64120313 0.89321115]
 [0.65575177 0.63961465 1.17850861 1.13135776 0.54681942 0.6257686
  0.74651546 1.13500096 0.54207522 0.89673307 1.29622094 0.61978509
  0.99412811 0.93714191 1.03573996 1.49663923 0.54528744 0.55425048
  0.69801374 0.553811   0.99764917]
 [0.70979886 0.71665531 0.81491642 0.71385362 0.56648567 1.27561649
  0.73638517 0.74065331 0.82089693 0.69853416 1.19843831 0.88496055
  0.62589185 1.30180404 1.04699659 0.96625256 1.33494496 0.92186585
  0.6658467  0.54714203 0.74378162]
 [1.23519582 0.72488868 0.89685948 0.74600238 1.22222928 0.8261788
  0.6388465  0.55153764 1.45105102 1.4946372  1.10105231 1.48286071
  1.45774923 0.61345173 0.68114323 1.14679888 1.09152945 0.75322283
  0.527423   0.56931986 1.10423067]
 [0.50977643 0.9535545  1.18892489 1.21439755 1.16476796 1.17584862
  1.32385497 0.74962321 0.50191918 0.6513418  0.68793906 1.20946493
  1.09873921 0.94337779 0.51593686 1.18849677 1.31410144 1.21523543
  1.08616665 0.92658249 0.88472363]
 [0.67541614 0.69868872 0.630162   1.41230029 0.62035956 0.840914
  1.04272358 0.87401839 1.20190528 1.10942316 1.36582796 1.18359646
  1.23781843 1.43654829 0.55444901 0.81138545 0.7804055  1.45514559
  1.37758106 1.31051797 0.77645021]
 [0.61379068 0.98683699 1.4113677  1.18839407 1.41969459 0.50349325
  0.58240817 0.84154694 1.2382648  0.67745428 1.4052781  0.56059265
  0.5080311  0.71742097 0.62971776 1.10505707 0.52851639 1.49876968
  0.90323751 1.18946706 0.84169682]
 [1.20772347 0.60139732 1.14457695 1.42159679 1.28093377 0.69058224
  1.00575465 0.57462027 0.74461394 0.56788492 0.59568833 1.40750605
  0.89303462 1.27373999 0.96239341 1.20510612 0.59069158 0.85170546
  1.48792886 0.87048366 1.31891867]
 [0.86374272 0.80995356 0.59988729 0.62921859 0.9247105  0.54579519
  0.60841634 0.61178783 1.00846738 1.09109761 1.18872865 0.72227269
  1.42774944 0.6245682  1.33439397 0.67046977 0.67361634 0.71323048
  1.06723715 0.87217028 1.22806285]
 [0.81240705 0.91031187 0.63689557 0.71054587 0.66087401 0.61679425
  1.29829875 0.51220207 1.4450329  0.86843975 1.00592426 0.5263159
  1.24371317 0.52478005 1.43031799 1.11165566 0.93323963 0.88132128
  0.51831296 1.34431213 1.31644903]
 [0.73094011 1.10919604 0.70718724 1.03357083 0.63039088 1.21017431
  0.70283049 1.17819947 0.65241884 1.07553302 1.32397407 0.98573565
  1.01943034 1.00905127 1.12035021 1.18867206 0.81565156 0.84785945
  1.18923802 1.37658296 0.63356008]
 [0.78194075 0.66163998 1.05374495 0.94828732 0.6163585  0.52434785
  1.44753133 0.63683826 0.78447023 1.15067977 1.19889272 0.86956398
  1.13278444 0.56369707 0.58545265 1.07341392 0.53121124 0.6123553
  0.80409    0.99284852 0.56507545]
 [0.54381812 1.25926157 0.60388914 0.82363957 1.27474637 0.85486235
  1.11465315 1.2422131  1.43464757 0.89342445 0.64201352 0.52040454
  0.63965254 0.77697572 0.50745389 0.76144135 0.5728605  0.55150005
  0.80484455 1.31967561 0.56542192]
 [0.55265822 1.1325345  0.81386145 0.70540887 0.92262241 1.15071657
  0.50549131 0.90844688 1.47236009 0.58877039 0.6571581  0.81745574
  0.78363638 1.04042887 0.91886224 0.82432006 0.52799726 1.41604492
  0.5306667  0.94118961 0.76515662]
 [1.44651772 0.95648887 1.21808291 0.73824036 0.51437662 0.96376871
  0.62006588 0.71599874 0.55368333 1.11439758 0.75639213 1.48273827
  0.68382579 0.67662203 1.06372118 1.22197462 1.23754967 0.68466419
  0.5891689  0.87579308 0.74402675]
 [0.79609415 0.63743027 0.97765354 0.56089905 0.72419372 0.89633175
  0.57817994 0.50073152 0.98304365 1.02241935 1.11656119 1.39041579
  1.01610296 1.48400524 0.85219324 0.94494635 0.61787198 0.65700225
  0.75001569 0.64887497 1.28818538]
 [0.63501842 0.8958338  0.96506943 1.32528889 0.81349822 0.5697808
  0.97536995 1.19213718 0.59363704 0.58242614 0.70952768 0.71677129
  1.28970045 0.8237227  0.92750592 0.72905482 0.95785476 1.2046949
  1.18592024 1.01005431 1.09607539]
 [1.33483889 0.50541855 0.94879651 1.18009419 0.5516457  1.4997415
  0.5453723  1.37647267 1.38858491 1.11782651 1.08442454 0.80281379
  1.01723159 0.75596886 0.94812581 1.31919603 1.1441535  0.53966319
  0.59557173 1.32061274 0.72890781]]
Cv: [[0.         0.         0.         0.         0.         0.
  0.         0.         0.         0.         0.         0.
  0.         0.         0.         0.         0.         0.
  0.         0.        ]
 [0.58048617 1.0583285  1.27538249 0.97050715 1.15288189 0.94244664
  0.54156922 0.89074076 1.32046857 1.42776294 0.66516714 0.89110629
  0.77286954 1.26044639 1.18773533 0.98906441 1.08340088 0.74543998
  0.95098742 1.00550213]
 [1.04378908 0.79504314 1.15416257 0.73051908 0.68312071 1.14712183
  1.23128409 0.64451787 1.43819473 1.044967   1.47039616 1.27567531
  0.54455493 1.32783173 0.75016678 0.69329383 0.62416981 0.94497291
  0.8151862  0.88094314]
 [1.22621252 0.79181854 1.45073265 1.28485728 1.08341666 1.08786033
  1.01215    1.41648504 1.10659772 0.85064083 1.10393122 1.13828632
  0.57227703 0.94847629 0.68850362 0.74813059 0.6184395  1.46417987
  0.83108948 0.83621928]
 [0.83651375 1.05416586 0.62902981 1.35153117 0.72472615 1.06556497
  1.43639798 0.78277789 0.9322152  0.77561416 0.68681398 1.17636261
  1.05734379 1.4598256  0.62439509 1.03903658 1.25554523 0.79534932
  1.31762696 0.78143959]
 [0.69081496 1.06019916 0.77636902 0.54926971 0.78136654 0.66191555
  0.81974172 0.59568331 0.91721669 0.90522921 1.39901189 0.55039661
  1.17262012 0.81086984 0.89776711 1.16288195 0.77179129 0.72881916
  0.51882663 1.09186862]
 [0.81196617 0.66719916 1.40143752 1.21297315 0.63330449 0.90639158
  0.98463083 1.25307073 0.52848941 1.26986061 1.39142153 1.19630846
  0.55670741 0.97411269 0.83599078 1.43074455 1.04448103 0.52301875
  1.11779026 0.5095277 ]
 [1.242108   1.23228269 0.64200555 0.78291229 1.08216    0.55864063
  0.67266056 0.7917142  1.24748892 0.65952811 1.06118335 0.68618223
  0.96401665 0.58007784 0.52797631 0.89774755 1.00617796 1.37588189
  0.97104523 1.16623215]
 [0.84502581 1.03291388 0.60893391 0.65180522 0.52810781 0.51709269
  0.53265257 0.60935788 1.46299465 1.05149195 1.23461215 0.9415633
  1.31537438 1.42810605 1.18437548 1.20699249 1.4523697  1.39471365
  0.97204334 1.27927456]
 [0.95807409 1.3866436  0.73873017 1.36381244 1.49957083 0.61450167
  1.49685704 1.18021176 0.81402554 1.02510706 1.08867039 0.6568701
  0.72828685 0.92854057 0.7178534  0.55158447 0.74543219 0.82654715
  0.93732673 1.15391409]
 [1.29023182 0.60098654 0.97475534 1.3993221  1.07156197 0.52944336
  1.05803568 0.7795165  0.96494426 0.90203146 0.92737746 0.79625763
  1.01977863 1.03618701 0.99469558 0.98156369 0.98505872 1.33253722
  0.66106394 0.72920772]
 [0.90759175 1.40608228 1.40808563 1.2294134  0.55238351 0.71456203
  0.68717089 1.08534122 0.53590791 0.66844805 0.64707013 0.97775625
  0.81375591 0.57312781 0.97681975 1.19479877 0.54401198 0.58104349
  1.27619133 1.27246034]
 [0.80489818 0.95276758 0.54971894 1.44905032 1.37269221 0.98160819
  0.52676133 1.48501504 0.57782073 0.52661624 0.71834144 1.04253477
  0.92669178 0.83534796 0.94836673 0.76153855 0.85034112 0.8131489
  1.27772429 0.78721692]
 [1.17932626 0.62566038 1.44112022 0.52785422 0.55435385 0.98127453
  0.56786277 0.67291755 1.25913413 0.95277429 1.43517773 0.63265976
  1.12457888 0.75627432 0.90963117 1.48812313 0.63602029 1.02740166
  1.30880483 0.7439796 ]
 [1.18023919 0.52066363 1.01308147 0.71161014 0.68244896 0.66025134
  1.1582652  0.53628581 0.89233822 0.77374963 1.34086129 1.39867211
  0.84288635 0.64912173 0.77641507 0.94135565 1.12983379 0.756231
  0.76588776 0.66563264]
 [0.84714256 0.76525298 0.7831118  1.2365978  1.03294126 1.05193772
  0.5623139  0.74559946 1.30878042 1.03974874 1.19810497 1.24375206
  0.63238261 0.90051815 0.94935674 0.76588932 0.65029041 1.22829037
  0.93049753 0.73878673]
 [0.62330097 1.29035221 1.28715305 0.90266369 0.72512762 1.4309991
  0.66901138 1.29750199 1.17820047 0.60312369 0.59929197 0.5532345
  1.12295129 0.58701925 1.30319127 0.85410448 0.87610757 1.36090317
  0.60749966 0.94489053]
 [0.66895725 0.72088207 0.75154236 0.68687468 0.70616084 1.16843534
  0.57843882 0.59042862 0.52973285 0.77140081 0.59070505 0.50294243
  0.67718568 0.63582653 0.91641126 0.71296711 1.25473496 0.92393603
  1.09961955 0.99974645]
 [0.81855295 1.01714387 0.76096095 1.23058339 1.43026692 1.40838366
  1.29536355 0.77400444 1.0738129  0.7785619  0.71220718 1.00862051
  0.79483639 1.08383172 0.60240494 0.60825217 0.91193517 0.57683138
  1.45280098 1.29383224]
 [0.74002703 0.53451181 1.3064093  1.47974908 1.15167346 0.95182062
  0.65475763 0.65261583 0.83918312 0.63778297 0.72454599 1.11937628
  0.63072448 0.54822206 0.89601921 1.37423684 0.8576997  0.67336323
  1.12613797 0.60064883]]
Rh: [[ 7.76344809 10.2578514   5.27136764 14.53171573  7.56381277  9.59579684
   7.6803729  14.87679876  5.80647764 12.90752702  9.00373181 12.88476164
   5.39645965 13.19540172  6.68337247 10.4201587   7.82431462 10.25984444
   7.84819325  6.95877534  9.47629652]
 [ 5.40867087 12.51831752 13.0110584  10.58889748 11.92633738  8.2362223
  10.61506162 14.32297971 13.38159049 10.70700701 12.39109885  7.73227341
  12.96197076  9.16148342 10.92194003  8.59722287  7.48737776 12.18238893
   5.90901299 10.53168861  7.58488719]
 [ 5.18455353  9.52597089 11.06427524  7.32485445 10.58018031  5.02229822
   8.6492939   8.44443922  6.3840903  12.58827397  5.0317876   8.80770292
  12.89217619 14.71276218 10.01377119  5.93395506  7.60863443  9.50976965
   5.48612311  8.51399151  8.50434341]
 [ 6.19352128  5.90985294  8.76780552 10.94633694 14.14197676  6.01846555
  10.61203657  6.15602327  5.27266124 10.79730781  9.23461415 14.64107332
  14.9283799  10.63190144  8.65008     8.24753262 14.64685203  9.68871342
  12.31313355  7.47901441  6.74429431]
 [ 5.79866483  5.15540113  5.97801325 13.77027997 10.76955439 10.86336588
   6.37563336  7.16709681 14.81003086 11.30180765  7.20156139  7.17568723
  10.5376165  14.40531932  9.58607042  7.15357975 10.09439503 10.40246431
   9.43766999  6.61139004 11.44757101]
 [ 5.2786164  11.71610957  8.56454436  8.30170924  5.02505995  6.69508157
   8.46403665  9.38171164  5.44506072 10.24583142  5.08069382  6.43036585
   5.98468146  5.60165671 12.81890454  8.65165598  9.84257492 11.11527181
   9.08499136  5.61640205  8.77457347]
 [12.83597409 14.88299123 12.1593383   5.8574162   5.05316592  9.57658757
  12.11190761  9.41685947 13.38363837 11.34013817 10.19231564  7.08182816
   7.90984398  9.93452604 11.01897526  5.01086268  6.31362016  6.96037066
   6.78578281  9.15431098 10.10125526]
 [12.20665868 10.36931121 12.06530751 12.20876874 12.31434666  5.86674142
   8.25312646  9.08250595  8.59358252  6.5475771  13.3099168   5.01939246
   6.59580038 11.60943074  6.86014066  9.3702208  11.85940047 10.34249202
   5.59254731  6.47823282  5.62332856]
 [ 5.82457259  6.39059897  9.76734862  6.1311941   5.06777451  5.77139685
   5.73310886  9.82678364 14.56318591  7.20984569 10.78884899  8.4564762
   7.41523618  6.7863653  11.39462998  7.63522632  6.41250881 13.18190977
   9.42235537  7.44644659 14.38194645]
 [13.21123255  9.89649505  5.47887844  7.98476953  5.50068847 12.9466343
   8.43305887  8.16567942  9.98188409 14.9417207   6.04464945  9.39152589
  14.37164427  5.58244145  9.27261401  9.03248242 10.74028513  8.40481149
  11.31610129 13.75151561  9.43293676]
 [ 8.82732053  6.09301764 13.90504493 10.80831287  5.45954836 14.62798567
  10.81448079  7.29690837 10.17703638  9.06627696  6.00961848  7.53009899
   5.81846581  6.03831718 14.52687466 13.54591715 14.39407866 10.50139387
   8.59770205 10.00956684 10.96949344]
 [13.80947485 12.75269825  6.72874857 14.64338724  6.17789105  9.21882204
   5.05845948 14.13376962  8.8155947  14.777262   12.39347816 10.89611924
  10.3375399  10.12564959  7.05083854  7.68765961 12.90911686 10.64722157
  11.60579975  9.57505756  9.96097161]
 [ 6.26013959  6.48123417  6.10540059 14.05970199 12.81592663 12.76078233
  11.04970057  6.42254657  8.27547058  7.38416204  7.88376663  6.74289368
   9.20721813  5.62702777 11.09515424  7.91270306 13.33480235 11.61459926
  12.19280358 11.07445387  8.14013928]
 [11.17851482  6.64517663  5.20109836  6.83695915  8.67555148 10.92141288
   5.99023369  5.26588574 10.41577006  7.52379668  7.08202465  5.39229454
  13.588835   14.13633516  6.34846097  5.68553245 12.77396277 13.27293673
  12.89219319 14.58807024  5.86072763]
 [ 5.00249823  6.13037369 13.59592552 12.81333356  5.42498226 10.35984726
   6.91397591  9.93141332 11.93892548  6.04494895  7.53860108 14.4870463
   8.28708728  6.88847629  6.69255105  5.2060485   8.02400872  7.23233994
   5.27321477  9.89503981  5.31456803]
 [11.05597957 11.17792923 12.2563917   9.18810366  9.81531511  6.84279428
   9.97168207 13.45153641  7.08638451 14.84444579 11.01074565 13.42198488
   7.11343127 13.04431852  5.38938272 11.96453649 13.9737499   5.49499823
   5.56997216 14.26108324 14.63254926]
 [ 8.11416959 13.84630826  7.26290165 11.41510614 13.47935187  9.85005869
  13.91121488 12.12077694  5.3302228   5.88865386  6.12768617 12.85101518
   9.10636907  7.78749033  5.90747608 12.34146602 13.02356848  7.77343209
   5.19197972 11.17663481  5.42211075]
 [14.47381445 11.82752062  5.02766529  5.65229173  5.08359006  7.09076357
   7.56467231  7.54215618  5.4374391   9.40043562  8.13911902  6.16417018
  11.81692322  8.71113398 12.27414339 13.20819618 13.078148    5.50803785
  13.08539099  6.49937072  6.19723597]
 [ 6.85326071  9.76847239 14.18408641  8.31544154 13.97923203 13.29970902
   5.80910571 10.51788622  5.72769766 14.3013875   7.27476943 13.52319652
  10.4818102  10.09616648  7.48496419  5.06016148  7.24565504 11.75909728
   5.69844786 10.07801599  6.24863151]
 [ 6.58990812  9.23205357 14.59034625 10.25667257  9.33164641 11.33893867
   8.68674451 12.47853892  5.35027838  6.42111008 11.22446877  5.77687592
  12.36993862  7.17216926  5.64261501 14.39607502  5.74508167  7.27947642
  13.67591801  6.08929148 12.01806946]]
Rv: [[ 8.00712177  9.54562171  6.58308365  6.96452181  9.23036876  5.28868008
  12.5644839   6.85897929  9.53939836 14.43413295  7.98059845 13.47274559
   5.31176924 13.93886262 12.75956732  6.91310877 14.23711709  8.42914347
  12.91479502  7.59962156]
 [ 6.49082592  5.22778278  7.96144224 14.08104532  9.71052895  5.3400436
   7.60494032  5.11149494  8.45390335  8.54584952 13.02835418 11.58118493
  10.60620564  5.86606639  9.58224027  5.15285276  7.90230733  6.45176454
  10.5105086  14.10662557]
 [ 8.18739869  8.81929824  5.62317914 10.37796806  6.14176638 13.03305237
  11.70628055 12.99505313  8.22269243  6.48801214  8.53978281 12.90969876
  10.34391327 12.67709899 11.28754462  5.20798117  8.67977687  9.51504603
   8.94860548 14.72653704]
 [ 5.31921272  5.09935879  7.45267903  9.54886982  9.01211807  9.62386982
   8.95362802 10.96830405 11.77207592  7.22146037 10.16278798  6.85207207
   7.06944479  6.92611371  8.9175307  10.67609025  5.4097716   8.62286898
   5.34903592  8.09009733]
 [10.25382061  5.76293941  8.3938433   7.00769665  6.00994055 10.6634138
  12.48704819  6.59188485  5.08614926  8.2054701   8.30435297  6.23916725
   7.18056875 11.53705449  8.61075634 10.36084562  5.04557668  7.27196339
  12.34115158  5.41677217]
 [12.35731427 12.28656466  5.78076325 12.66967879  9.24846735  9.78327138
  10.56246694 12.48013954  5.73186895  7.07989579 11.12345427  9.5235254
   5.54634391 14.16971479 14.38324998  6.23485959 11.07851409 11.44346032
   6.22664765  7.47479806]
 [ 5.66617485  5.46576815 13.88846177  8.19026801  5.47244648  6.89262626
   5.90433611 11.89626319  7.25288048 12.79185777 14.37284526  6.96145507
   7.09929218 10.89655421 13.99547418  6.65759048 11.04072872  7.31233419
   6.3365079  11.41928403]
 [ 6.44027985  5.36455514 11.1482212  11.30844922 13.01902083 14.45986793
   7.60027715  5.4301732   5.79833815 14.39249635  7.71200833  9.42973808
  14.03610831  9.12277367  8.20907426  5.85838456  6.92392823 10.72622869
  11.6387568   9.94615105]
 [14.69089839 14.61852299  6.49320986  9.48149804  5.05268501 12.69262255
   7.12133778 10.65589581  5.09843622 14.64108901  6.41911627  9.95842098
   8.96183104  7.54505227  5.68136176  6.21852779 13.23793492  6.60897179
   6.05862456  6.78439608]
 [ 6.23590103 11.28403792  7.10534338  6.50159426  6.54010812 14.61615889
   5.48087396 11.46808941  5.92153138  7.87258366  9.89630722  9.17623618
   6.26476142 11.25997495  5.61537174 12.49639854  6.66088402  5.84276754
  10.42422266  9.14607017]
 [ 8.27590651 13.83079874 12.46321516  8.66451093  9.96821506 12.37718789
  10.24018666  7.42760872  9.09997615  6.27219669 12.66256855  8.11625611
   8.75308404  6.8548321  11.90444194  5.26763406  6.38436731 10.43526565
   9.58469348 13.94164073]
 [13.05211032  5.71235887 10.17135    10.02247234 10.89088486  7.48918791
   7.5318071   7.29576557  5.55421167  9.53416854  9.64784175  6.1854982
   5.32495494  9.80788465  8.74794118  5.09390018  9.83947323  5.57448187
   7.04283853  6.51510253]
 [13.0622359  13.40121861  7.12239362  8.3372311   9.62771971  6.99738883
   5.30676185  6.22396485  7.49004479 11.83232599  5.60684034  5.58679733
   7.60092627  7.08728067 14.96736146 13.93975981 13.53051603 10.31763598
  10.00722821 13.09348974]
 [ 5.30848182  6.78856005  8.87868592 10.75945514 12.52194332 10.26283569
   6.03521716  9.34354968 12.0284066  12.22563948  6.1679193   7.07630513
  11.93792878  7.63193957  5.84810502  5.09716242 10.43170961 12.12530152
   7.54358723  7.68925038]
 [ 6.26512783  6.60700076  6.25299057  8.25752895  8.27050099  9.44782578
   8.99114255  5.79808889 10.76149155 14.71807564  6.53537701  8.66653833
   8.06939106 12.54493098 10.28537684  6.65034794  7.33540942 14.6939937
  11.89166167 10.91399504]
 [13.86798727 11.05713682  7.18181422 10.24031712 11.17575877  7.15906169
   6.14010847 13.12861195 10.54677398  8.38085047 13.8319507   7.55243007
   5.4882705   8.20539204  6.80912004  7.66975913  5.69259489  7.00979374
   9.48018309  6.956233  ]
 [11.88374163 12.20391242 10.82343392  5.76835761 13.12036164  9.353891
   5.67960601  9.71482731 14.4886653   7.22135029  6.15517148 14.64638925
  11.39755875 10.81728622  8.34638215  6.40530527 10.65362603  7.85558145
  14.58785067 11.07709065]
 [13.4719863   5.89523614  6.02798931  6.29468823  5.8776516   5.35920858
  10.05405073  5.96010079  6.05509026 10.98629899  6.99187712  6.5326738
   7.34696378 11.7196676  10.69432992  6.18329821 11.28774855 10.96021596
  13.48709409 10.4895852 ]
 [ 8.67193582  8.28354335  9.10076581  8.36095788  6.25694539 10.74384878
   9.56372072  5.5175695  14.3088123   5.06633574  5.42693064  5.01015866
  12.49406387 13.84901953  5.32857429  7.89509983  7.38865519  9.69316301
   9.70586661  6.19934301]]