-------Running parameters--------
M = 5
N = 5
VR = 0.0
Vmin = 0.0
Vmax = 5.0
vStep = 0.01
repeats = 20
fileName = exp_disorder_5_5
dist = exp
fullOutput = False
use_graph = False
current_map = True
plot_current_map = False
dbg = False
output_folder = 2D_square_arrays_with_current_map_bgu
VG_avg = 0.0
VG_std = 0.0
C_avg = 1.0
C_std = 0.0
CG_avg = 10.0
CG_std = 0.0
R_avg = 10.0
R_std = 9.0
custom_rh = ""
custom_rv = ""
RG_avg = 1000.0
RG_std = 0.0
n0_avg = 0.0
n0_std = 0.0
Q0_avg = 0.0
Q0_std = 0.0
----Array Parameters-----
Rows: 5
Columns: 5
VG: [[0. 0. 0. 0. 0.]
 [0. 0. 0. 0. 0.]
 [0. 0. 0. 0. 0.]
 [0. 0. 0. 0. 0.]
 [0. 0. 0. 0. 0.]]
CG: [[10. 10. 10. 10. 10.]
 [10. 10. 10. 10. 10.]
 [10. 10. 10. 10. 10.]
 [10. 10. 10. 10. 10.]
 [10. 10. 10. 10. 10.]]
RG: [[1000. 1000. 1000. 1000. 1000.]
 [1000. 1000. 1000. 1000. 1000.]
 [1000. 1000. 1000. 1000. 1000.]
 [1000. 1000. 1000. 1000. 1000.]
 [1000. 1000. 1000. 1000. 1000.]]
Ch: [[1. 1. 1. 1. 1. 1.]
 [1. 1. 1. 1. 1. 1.]
 [1. 1. 1. 1. 1. 1.]
 [1. 1. 1. 1. 1. 1.]
 [1. 1. 1. 1. 1. 1.]]
Cv: [[0. 0. 0. 0. 0.]
 [1. 1. 1. 1. 1.]
 [1. 1. 1. 1. 1.]
 [1. 1. 1. 1. 1.]
 [1. 1. 1. 1. 1.]]
Rh: [[ 1.34228413  4.34470012  1.73053185  2.21509387  1.47644863  7.38025097]
 [ 2.05770113  4.99674973 13.92571966  6.55169474  2.90257329  1.86889   ]
 [ 3.47689401  5.20830946  1.69573206  2.81728326  1.33771436  3.8464656 ]
 [ 7.24417071  1.31738003  1.39316638  5.77302858  8.20734914 11.54625857]
 [14.16475427  1.69041548 10.32172108  2.49204626  4.73098303  5.54218203]]
Rv: [[14.44324779  1.97709742  1.22583118  6.7752616   1.36296383]
 [ 1.05739367  2.44010254 15.44876897  2.00577046  1.46370486]
 [ 7.49757331  1.31313416  7.14408966  7.2635459   6.74129361]
 [16.16883123  7.4169906   8.04668388  1.29027226  3.24598481]]