-------Running parameters--------
T = 0
M = 10
N = 10
VR = 0.0
Vmin = 0.0
Vmax = 2.0
vStep = 0.01
repeats = 20
fileName = c_r_cg_disorder_10_10
dist = exp
fullOutput = False
use_graph = False
current_map = True
plot_current_map = False
dbg = False
output_folder = different_disorder_square_array
VG_avg = 0.0
VG_std = 0.0
C_avg = 1.0
C_std = 0.9
CG_avg = 10.0
CG_std = 9.0
R_avg = 10.0
R_std = 9.0
custom_rh = ""
custom_rv = ""
RG_avg = 1000.0
RG_std = 0.0
n0_avg = 0.0
n0_std = 0.0
Q0_avg = 0.0
Q0_std = 0.0
----Array Parameters-----
Rows: 10
Columns: 10
VG: [[0. 0. 0. 0. 0. 0. 0. 0. 0. 0.]
 [0. 0. 0. 0. 0. 0. 0. 0. 0. 0.]
 [0. 0. 0. 0. 0. 0. 0. 0. 0. 0.]
 [0. 0. 0. 0. 0. 0. 0. 0. 0. 0.]
 [0. 0. 0. 0. 0. 0. 0. 0. 0. 0.]
 [0. 0. 0. 0. 0. 0. 0. 0. 0. 0.]
 [0. 0. 0. 0. 0. 0. 0. 0. 0. 0.]
 [0. 0. 0. 0. 0. 0. 0. 0. 0. 0.]
 [0. 0. 0. 0. 0. 0. 0. 0. 0. 0.]
 [0. 0. 0. 0. 0. 0. 0. 0. 0. 0.]]
CG: [[ 4.49344811  2.03707143  9.60431864  6.42801859  6.42234565  1.3392343
   1.91839073  2.93873242  4.00291925  2.791044  ]
 [ 5.86894822  9.60747403  1.2593107   1.5972687   1.69159221  5.77048618
  14.43219653  9.34929647  1.36644367  6.55517919]
 [ 6.37504305 16.49746903  4.04154264  1.56218604 12.73211895 10.0051161
   6.78822295  1.42187397  1.19042269  6.23898733]
 [ 2.4994148  12.86739979  9.51398916  5.35325524  3.10586809 13.01047877
   1.67109342  1.47597412  2.4188641   9.48824594]
 [11.50397556 14.15675047  5.82170044 11.99163583  8.70888652 11.1986934
   1.89547179 16.07977346  1.19897095  4.29449616]
 [ 1.31328925  2.21886395  1.24477034  2.22620596  4.97616664  1.73258848
   2.97982963  7.96935538  2.50807337  1.15320741]
 [10.09448988 10.98884655 14.24890165  1.23818562  3.00533807  6.50898083
   6.56362044  2.35770729  1.73258272 10.12626348]
 [14.49958116  4.56159081  2.64225288 14.6450298   3.40588239  1.59780962
   5.68424725  7.42679403  4.71678034 16.76445577]
 [ 2.83364696  9.88675837  5.58006646 10.72838585  1.13347389 11.47329412
   3.14475047  4.40502655  5.69067534 10.24566986]
 [ 4.72049385  1.53922104 17.43760679  5.04824308  1.20497955  2.68431488
   8.29532518  1.30042257  3.1313688   2.01470281]]
RG: [[1000. 1000. 1000. 1000. 1000. 1000. 1000. 1000. 1000. 1000.]
 [1000. 1000. 1000. 1000. 1000. 1000. 1000. 1000. 1000. 1000.]
 [1000. 1000. 1000. 1000. 1000. 1000. 1000. 1000. 1000. 1000.]
 [1000. 1000. 1000. 1000. 1000. 1000. 1000. 1000. 1000. 1000.]
 [1000. 1000. 1000. 1000. 1000. 1000. 1000. 1000. 1000. 1000.]
 [1000. 1000. 1000. 1000. 1000. 1000. 1000. 1000. 1000. 1000.]
 [1000. 1000. 1000. 1000. 1000. 1000. 1000. 1000. 1000. 1000.]
 [1000. 1000. 1000. 1000. 1000. 1000. 1000. 1000. 1000. 1000.]
 [1000. 1000. 1000. 1000. 1000. 1000. 1000. 1000. 1000. 1000.]
 [1000. 1000. 1000. 1000. 1000. 1000. 1000. 1000. 1000. 1000.]]
Ch: [[0.15452753 0.12325009 0.91058612 1.60222444 0.27100851 1.01864599
  0.3375431  0.17213047 0.41683866 0.24987234 0.5463897 ]
 [0.22577484 0.71866729 0.12957759 0.10627365 1.49680309 1.87251536
  0.58138616 1.42645534 0.44003858 1.83322686 0.20906517]
 [0.28211982 1.43027718 0.13131216 0.64815336 1.15136354 0.36834585
  0.17623998 0.38974805 0.61550491 0.54216056 0.19614929]
 [0.43609865 1.09401346 0.3716986  1.76102118 0.47838656 1.54123348
  0.26636579 1.42282874 0.21961361 1.39925172 0.24390495]
 [1.5635609  0.21714522 0.85378617 0.10605191 1.13827136 0.10757221
  1.89829784 0.22743785 0.20529356 0.33738738 1.39841752]
 [0.14074693 0.82227288 0.11779844 1.47892359 0.43385172 0.65149143
  0.98827259 0.18875375 1.4348137  0.33328453 0.47080172]
 [1.46104902 1.15898813 0.47340101 0.23392893 0.35015482 0.10414651
  0.5954395  0.2929661  0.58483472 1.85905011 0.2161774 ]
 [1.07898925 0.12306482 0.69364974 0.24851563 0.95188302 0.33218822
  0.17961249 0.57740297 0.79538215 0.22757636 0.18824932]
 [0.25944371 0.15724943 0.15003174 0.70897912 0.91716855 0.14111275
  0.25792495 0.14494763 0.2943385  0.29277957 0.24063876]
 [0.19831123 0.54851446 0.40550351 0.1583756  1.22966516 0.26318207
  0.10486323 0.20055198 0.86347782 0.47131456 0.54180527]]
Cv: [[0.         0.         0.         0.         0.         0.
  0.         0.         0.         0.        ]
 [0.51615021 0.48331185 0.66421029 1.1184779  0.14931434 0.94645244
  0.56684246 0.82763723 0.76570625 0.11689152]
 [1.82924247 0.41827376 0.72199211 0.13960773 0.10980487 0.1314646
  0.57350201 1.87823833 0.14341204 0.12535433]
 [0.27975907 0.11130752 1.04510291 1.88324198 1.64616516 0.11541175
  0.2273581  0.15442124 0.66270266 0.47343631]
 [0.23983227 1.80657439 0.11113599 0.10245827 0.9528163  0.67379156
  1.69996003 1.0553064  0.88002514 0.70643569]
 [0.94380838 0.10444526 1.30690495 0.80901255 0.25318515 1.56849393
  0.63884206 0.85373485 0.26961855 1.32507181]
 [0.60130983 1.66808304 1.79837031 0.24889457 0.21833336 1.19241263
  0.186382   0.2197944  0.24845637 0.42136843]
 [0.12434204 0.11849334 0.10647566 0.44764788 1.39634122 1.42143903
  0.94426946 0.40899155 0.33844488 0.11270472]
 [0.91058003 0.18081057 1.84336541 0.20518652 0.43848993 1.35629599
  0.30565396 1.24305644 0.81932913 0.98859666]
 [0.70063802 0.11688005 0.22618886 1.44467762 0.48616228 0.56497724
  0.14434258 0.8256691  1.18934253 0.14060955]]
Rh: [[16.51520565  1.50026468  5.27522448 14.02593581  4.708148    6.35478938
   1.39858833  3.41395787  5.99707853  4.86236482  1.69913831]
 [ 1.36565713 13.31526276  8.63849133 16.02114385 13.91681966 17.60556679
   1.16748908  7.50638292 17.00556491  4.97834175  1.97294507]
 [ 4.12272198  4.19030279  2.6272903   9.60643834  2.86496456  1.88957263
   3.23663235  6.26411821  2.7469972  16.40436875 13.64904006]
 [ 5.86439588  2.00463318  2.51172625 15.26885872 11.89944882  3.11088062
   1.11068891 18.82742174  2.7117375   1.14807896  7.80314701]
 [ 4.4090649   2.3195449   8.74508344  3.04730663 12.60582077  4.53957741
  10.12309079  3.1514704   2.76329769  9.8413192   1.42207121]
 [ 5.81341183  1.64955144  1.09593197 12.50539171  1.74145263  5.04871732
  12.28948353  6.58586214 14.84513224 18.40134447 15.56138205]
 [13.12406887  4.82000035  9.20466732 12.00732712 18.74149035  1.30797738
   5.57261004  2.17982116  2.46174323 10.5029964   2.14079897]
 [ 3.45840671  5.84376944  6.14214618  9.91062316 17.6138749   1.93668875
   7.24567394  4.01963797  2.06438695  1.18930751  9.48906835]
 [ 1.18168046 12.64408666  4.67727393  9.67255441  4.72027315  9.17939205
   6.74300681 14.86533876  6.95280424 11.01594115  1.96715807]
 [ 1.76040813  2.24469145  1.33233967  7.31401293  6.60044056  1.31249731
   1.52806737  1.89713785  6.0000726   1.20015374 15.82166468]]
Rv: [[10.10326962  1.6145837  14.84469221 18.19520058  1.75287512  8.23492234
   1.14555077  3.61346673  4.6084494   8.21441641]
 [ 2.4295754   1.15752109  1.51826887  9.71843736  3.5734003   5.96840914
   1.02388862  1.32165418  1.40602213  2.40189204]
 [ 2.26780862  4.77923649  1.96088073  3.98556313  2.20681034  1.31601292
   3.60562956 11.20876001  1.96726387  9.38081035]
 [16.21127751  1.74454017  6.55470063  5.11959637 13.17826568  2.22605091
   6.99014937 14.76272677 18.91719687  1.23520686]
 [ 1.95888952  6.09533586  9.54250514 12.92594433  1.30808022  1.36413962
  10.37780719  1.66686697  4.46566014 13.40589164]
 [ 5.36333068  2.58779195  6.10913177 15.02361564  8.07496377  1.2801696
   3.35238805  1.99701998  1.48400406 18.18711321]
 [ 3.48676371  7.76001867  2.15945678 11.89920169  9.20641118 15.13904388
   2.61155966  3.18212715  5.57793991  1.59586474]
 [ 1.43554729 12.48296101  4.35808326 13.47431612  9.05784459  5.7176229
   7.05885792 15.64309995  4.13496829  1.06505775]
 [ 1.57108182 11.2418112   1.37785286  1.81290358  1.22450663  3.23389081
   1.92963991  5.88003545  1.60259886  2.62357392]]