-------Running parameters--------
T = 0.5
gap = 0
M = 10
N = 10
VR = 0.0
Vmin = 0.0
Vmax = 5.0
vStep = 0.01
vSym = True
repeats = 20
fileName = array_10_10_r_cg_disorder_temp_0.5
dist = exp
fullOutput = False
use_graph = False
current_map = True
plot_current_map = False
plot_binary_current_map = False
dbg = False
resume = False
sc = False
leaping = False
constQ = False
modifyR = False
output_folder = 2d_array_different_temperature_slurm
params_path = 
VG_avg = 0.0
VG_std = 0.0
C_avg = 1.0
C_std = 0.0
CG_avg = 10.0
CG_std = 1.0
R_avg = 10.0
R_std = 0.0
custom_rh = ""
custom_rv = ""
custom_ch = ""
custom_cv = ""
RG_avg = 1000.0
RG_std = 0.0
n0_avg = 0.0
n0_std = 0.0
Q0_avg = 0.0
Q0_std = 0.0
----Array Parameters-----
Rows: 10
Columns: 10
VG: [[0.]
 [0.]
 [0.]
 [0.]
 [0.]
 [0.]
 [0.]
 [0.]
 [0.]
 [0.]
 [0.]
 [0.]
 [0.]
 [0.]
 [0.]
 [0.]
 [0.]
 [0.]
 [0.]
 [0.]
 [0.]
 [0.]
 [0.]
 [0.]
 [0.]
 [0.]
 [0.]
 [0.]
 [0.]
 [0.]
 [0.]
 [0.]
 [0.]
 [0.]
 [0.]
 [0.]
 [0.]
 [0.]
 [0.]
 [0.]
 [0.]
 [0.]
 [0.]
 [0.]
 [0.]
 [0.]
 [0.]
 [0.]
 [0.]
 [0.]
 [0.]
 [0.]
 [0.]
 [0.]
 [0.]
 [0.]
 [0.]
 [0.]
 [0.]
 [0.]
 [0.]
 [0.]
 [0.]
 [0.]
 [0.]
 [0.]
 [0.]
 [0.]
 [0.]
 [0.]
 [0.]
 [0.]
 [0.]
 [0.]
 [0.]
 [0.]
 [0.]
 [0.]
 [0.]
 [0.]
 [0.]
 [0.]
 [0.]
 [0.]
 [0.]
 [0.]
 [0.]
 [0.]
 [0.]
 [0.]
 [0.]
 [0.]
 [0.]
 [0.]
 [0.]
 [0.]
 [0.]
 [0.]
 [0.]
 [0.]]
CG: [[ 9.31518751]
 [10.01461573]
 [ 9.63510269]
 [ 9.56516827]
 [ 9.21080223]
 [ 9.53797508]
 [10.71583856]
 [ 9.68665552]
 [10.98512914]
 [10.81528416]
 [ 9.03740161]
 [10.33483576]
 [ 9.35062401]
 [ 9.28864388]
 [ 9.5666772 ]
 [ 9.20631731]
 [10.51640368]
 [ 9.68300144]
 [ 9.51687184]
 [10.77835478]
 [ 9.52014952]
 [ 9.32389875]
 [10.28192678]
 [ 9.77858758]
 [ 9.67711775]
 [ 9.59411985]
 [10.62633863]
 [ 9.39777397]
 [ 9.2877718 ]
 [ 9.45629191]
 [10.28391731]
 [10.54940668]
 [ 9.4248317 ]
 [10.65021372]
 [10.71953127]
 [ 9.4680815 ]
 [ 9.12178379]
 [ 9.4556464 ]
 [10.77461198]
 [ 9.15159295]
 [ 9.27104704]
 [10.34010538]
 [10.4528716 ]
 [ 9.87190499]
 [ 9.5408155 ]
 [10.08189008]
 [ 9.47613316]
 [10.57725571]
 [ 9.88460067]
 [ 9.52965534]
 [ 9.50907603]
 [ 9.13038337]
 [10.22217996]
 [ 9.0586812 ]
 [10.67453281]
 [10.86588761]
 [10.2313236 ]
 [10.83489178]
 [10.1559902 ]
 [10.95504869]
 [10.32959132]
 [10.17795564]
 [ 9.2295422 ]
 [ 9.58321064]
 [10.69698156]
 [10.14028396]
 [10.21837206]
 [10.2069601 ]
 [10.36425657]
 [10.64695222]
 [10.44425205]
 [10.64296338]
 [ 9.48765174]
 [ 9.12240805]
 [ 9.75051741]
 [10.71158035]
 [10.90188986]
 [10.63315464]
 [10.85888305]
 [ 9.99531528]
 [ 9.06899771]
 [10.49103379]
 [10.12912505]
 [ 9.73335309]
 [ 9.47051138]
 [ 9.5384231 ]
 [10.41682443]
 [ 9.58327962]
 [10.86723717]
 [ 9.65771243]
 [ 9.7204636 ]
 [ 9.07911178]
 [ 9.90019436]
 [10.4573744 ]
 [ 9.83524703]
 [10.37422066]
 [ 9.42934653]
 [10.97768193]
 [10.30948919]
 [ 9.72403671]]
RG: [[1000.]
 [1000.]
 [1000.]
 [1000.]
 [1000.]
 [1000.]
 [1000.]
 [1000.]
 [1000.]
 [1000.]
 [1000.]
 [1000.]
 [1000.]
 [1000.]
 [1000.]
 [1000.]
 [1000.]
 [1000.]
 [1000.]
 [1000.]
 [1000.]
 [1000.]
 [1000.]
 [1000.]
 [1000.]
 [1000.]
 [1000.]
 [1000.]
 [1000.]
 [1000.]
 [1000.]
 [1000.]
 [1000.]
 [1000.]
 [1000.]
 [1000.]
 [1000.]
 [1000.]
 [1000.]
 [1000.]
 [1000.]
 [1000.]
 [1000.]
 [1000.]
 [1000.]
 [1000.]
 [1000.]
 [1000.]
 [1000.]
 [1000.]
 [1000.]
 [1000.]
 [1000.]
 [1000.]
 [1000.]
 [1000.]
 [1000.]
 [1000.]
 [1000.]
 [1000.]
 [1000.]
 [1000.]
 [1000.]
 [1000.]
 [1000.]
 [1000.]
 [1000.]
 [1000.]
 [1000.]
 [1000.]
 [1000.]
 [1000.]
 [1000.]
 [1000.]
 [1000.]
 [1000.]
 [1000.]
 [1000.]
 [1000.]
 [1000.]
 [1000.]
 [1000.]
 [1000.]
 [1000.]
 [1000.]
 [1000.]
 [1000.]
 [1000.]
 [1000.]
 [1000.]
 [1000.]
 [1000.]
 [1000.]
 [1000.]
 [1000.]
 [1000.]
 [1000.]
 [1000.]
 [1000.]
 [1000.]]
Ch: [[1. 1. 1. 1. 1. 1. 1. 1. 1. 1. 1.]
 [1. 1. 1. 1. 1. 1. 1. 1. 1. 1. 1.]
 [1. 1. 1. 1. 1. 1. 1. 1. 1. 1. 1.]
 [1. 1. 1. 1. 1. 1. 1. 1. 1. 1. 1.]
 [1. 1. 1. 1. 1. 1. 1. 1. 1. 1. 1.]
 [1. 1. 1. 1. 1. 1. 1. 1. 1. 1. 1.]
 [1. 1. 1. 1. 1. 1. 1. 1. 1. 1. 1.]
 [1. 1. 1. 1. 1. 1. 1. 1. 1. 1. 1.]
 [1. 1. 1. 1. 1. 1. 1. 1. 1. 1. 1.]
 [1. 1. 1. 1. 1. 1. 1. 1. 1. 1. 1.]]
Cv: [[0. 0. 0. 0. 0. 0. 0. 0. 0. 0.]
 [1. 1. 1. 1. 1. 1. 1. 1. 1. 1.]
 [1. 1. 1. 1. 1. 1. 1. 1. 1. 1.]
 [1. 1. 1. 1. 1. 1. 1. 1. 1. 1.]
 [1. 1. 1. 1. 1. 1. 1. 1. 1. 1.]
 [1. 1. 1. 1. 1. 1. 1. 1. 1. 1.]
 [1. 1. 1. 1. 1. 1. 1. 1. 1. 1.]
 [1. 1. 1. 1. 1. 1. 1. 1. 1. 1.]
 [1. 1. 1. 1. 1. 1. 1. 1. 1. 1.]
 [1. 1. 1. 1. 1. 1. 1. 1. 1. 1.]]
Rh: [[10. 10. 10. 10. 10. 10. 10. 10. 10. 10. 10.]
 [10. 10. 10. 10. 10. 10. 10. 10. 10. 10. 10.]
 [10. 10. 10. 10. 10. 10. 10. 10. 10. 10. 10.]
 [10. 10. 10. 10. 10. 10. 10. 10. 10. 10. 10.]
 [10. 10. 10. 10. 10. 10. 10. 10. 10. 10. 10.]
 [10. 10. 10. 10. 10. 10. 10. 10. 10. 10. 10.]
 [10. 10. 10. 10. 10. 10. 10. 10. 10. 10. 10.]
 [10. 10. 10. 10. 10. 10. 10. 10. 10. 10. 10.]
 [10. 10. 10. 10. 10. 10. 10. 10. 10. 10. 10.]
 [10. 10. 10. 10. 10. 10. 10. 10. 10. 10. 10.]]
Rv: [[10. 10. 10. 10. 10. 10. 10. 10. 10. 10.]
 [10. 10. 10. 10. 10. 10. 10. 10. 10. 10.]
 [10. 10. 10. 10. 10. 10. 10. 10. 10. 10.]
 [10. 10. 10. 10. 10. 10. 10. 10. 10. 10.]
 [10. 10. 10. 10. 10. 10. 10. 10. 10. 10.]
 [10. 10. 10. 10. 10. 10. 10. 10. 10. 10.]
 [10. 10. 10. 10. 10. 10. 10. 10. 10. 10.]
 [10. 10. 10. 10. 10. 10. 10. 10. 10. 10.]
 [10. 10. 10. 10. 10. 10. 10. 10. 10. 10.]]