-------Running parameters--------
T = 0.01
gap = 0
M = 10
N = 10
VR = 0.0
Vmin = 0.0
Vmax = 2.0
vStep = 1.0
vSym = True
repeats = 1
fileName = dbg_finit_dos
dist = exp
fullOutput = False
use_graph = False
current_map = False
plot_current_map = False
dbg = True
resume = False
sc = False
leaping = False
output_folder = dbg
VG_avg = 0.0
VG_std = 0.0
C_avg = 1.0
C_std = 0.5
CG_avg = 10.0
CG_std = 0.0
R_avg = 10.0
R_std = 9.0
custom_rh = 
custom_rv = 
custom_ch = --custom-cv
custom_cv = 
RG_avg = 1000.0
RG_std = 0.0
n0_avg = 0.0
n0_std = 0.0
Q0_avg = 0.0
Q0_std = 0.0
----Array Parameters-----
Rows: 10
Columns: 10
VG: [[0.]
 [0.]
 [0.]
 [0.]
 [0.]
 [0.]
 [0.]
 [0.]
 [0.]
 [0.]
 [0.]
 [0.]
 [0.]
 [0.]
 [0.]
 [0.]
 [0.]
 [0.]
 [0.]
 [0.]
 [0.]
 [0.]
 [0.]
 [0.]
 [0.]
 [0.]
 [0.]
 [0.]
 [0.]
 [0.]
 [0.]
 [0.]
 [0.]
 [0.]
 [0.]
 [0.]
 [0.]
 [0.]
 [0.]
 [0.]
 [0.]
 [0.]
 [0.]
 [0.]
 [0.]
 [0.]
 [0.]
 [0.]
 [0.]
 [0.]
 [0.]
 [0.]
 [0.]
 [0.]
 [0.]
 [0.]
 [0.]
 [0.]
 [0.]
 [0.]
 [0.]
 [0.]
 [0.]
 [0.]
 [0.]
 [0.]
 [0.]
 [0.]
 [0.]
 [0.]
 [0.]
 [0.]
 [0.]
 [0.]
 [0.]
 [0.]
 [0.]
 [0.]
 [0.]
 [0.]
 [0.]
 [0.]
 [0.]
 [0.]
 [0.]
 [0.]
 [0.]
 [0.]
 [0.]
 [0.]
 [0.]
 [0.]
 [0.]
 [0.]
 [0.]
 [0.]
 [0.]
 [0.]
 [0.]
 [0.]]
CG: [[10.]
 [10.]
 [10.]
 [10.]
 [10.]
 [10.]
 [10.]
 [10.]
 [10.]
 [10.]
 [10.]
 [10.]
 [10.]
 [10.]
 [10.]
 [10.]
 [10.]
 [10.]
 [10.]
 [10.]
 [10.]
 [10.]
 [10.]
 [10.]
 [10.]
 [10.]
 [10.]
 [10.]
 [10.]
 [10.]
 [10.]
 [10.]
 [10.]
 [10.]
 [10.]
 [10.]
 [10.]
 [10.]
 [10.]
 [10.]
 [10.]
 [10.]
 [10.]
 [10.]
 [10.]
 [10.]
 [10.]
 [10.]
 [10.]
 [10.]
 [10.]
 [10.]
 [10.]
 [10.]
 [10.]
 [10.]
 [10.]
 [10.]
 [10.]
 [10.]
 [10.]
 [10.]
 [10.]
 [10.]
 [10.]
 [10.]
 [10.]
 [10.]
 [10.]
 [10.]
 [10.]
 [10.]
 [10.]
 [10.]
 [10.]
 [10.]
 [10.]
 [10.]
 [10.]
 [10.]
 [10.]
 [10.]
 [10.]
 [10.]
 [10.]
 [10.]
 [10.]
 [10.]
 [10.]
 [10.]
 [10.]
 [10.]
 [10.]
 [10.]
 [10.]
 [10.]
 [10.]
 [10.]
 [10.]
 [10.]]
RG: [[1000.]
 [1000.]
 [1000.]
 [1000.]
 [1000.]
 [1000.]
 [1000.]
 [1000.]
 [1000.]
 [1000.]
 [1000.]
 [1000.]
 [1000.]
 [1000.]
 [1000.]
 [1000.]
 [1000.]
 [1000.]
 [1000.]
 [1000.]
 [1000.]
 [1000.]
 [1000.]
 [1000.]
 [1000.]
 [1000.]
 [1000.]
 [1000.]
 [1000.]
 [1000.]
 [1000.]
 [1000.]
 [1000.]
 [1000.]
 [1000.]
 [1000.]
 [1000.]
 [1000.]
 [1000.]
 [1000.]
 [1000.]
 [1000.]
 [1000.]
 [1000.]
 [1000.]
 [1000.]
 [1000.]
 [1000.]
 [1000.]
 [1000.]
 [1000.]
 [1000.]
 [1000.]
 [1000.]
 [1000.]
 [1000.]
 [1000.]
 [1000.]
 [1000.]
 [1000.]
 [1000.]
 [1000.]
 [1000.]
 [1000.]
 [1000.]
 [1000.]
 [1000.]
 [1000.]
 [1000.]
 [1000.]
 [1000.]
 [1000.]
 [1000.]
 [1000.]
 [1000.]
 [1000.]
 [1000.]
 [1000.]
 [1000.]
 [1000.]
 [1000.]
 [1000.]
 [1000.]
 [1000.]
 [1000.]
 [1000.]
 [1000.]
 [1000.]
 [1000.]
 [1000.]
 [1000.]
 [1000.]
 [1000.]
 [1000.]
 [1000.]
 [1000.]
 [1000.]
 [1000.]
 [1000.]
 [1000.]]
Ch: [[0.70910656 0.6888181  1.1599573  0.88738243 0.82357757 1.27809313
  1.06481417 1.11957393 1.35745583 1.23510494 1.10730709]
 [0.98696757 1.18478898 0.99781915 1.00119577 0.83792113 1.19102913
  1.03435299 0.76450865 0.69169002 0.82122117 0.62776366]
 [0.71997691 1.02634764 0.69511978 1.45434562 0.93095627 1.08129715
  0.58155723 1.31818372 1.01593892 0.83101415 0.83187743]
 [0.91399373 1.3184347  1.06165241 1.27104746 0.7254465  0.70103844
  0.79028872 0.86548651 0.75976731 1.05637455 1.36876874]
 [1.13282713 0.52314864 0.65545568 0.75654765 0.53928847 1.302535
  1.375516   0.50712304 0.71325619 0.95146207 0.56252063]
 [0.86078272 1.34958531 1.25267167 0.75722943 1.18091286 0.88281099
  1.44700632 0.95773349 0.83357878 0.66834717 0.50308127]
 [1.09952466 0.81153375 1.3056566  0.85745978 0.54092551 0.84953724
  0.5954994  0.79365175 1.26647732 1.37373163 1.14396737]
 [0.59523251 1.31937137 1.10588219 0.66290504 0.85844749 1.36349294
  0.7438785  1.37249244 0.79167183 0.64655686 0.5597798 ]
 [0.80974923 0.87640372 0.54670706 0.86068846 0.85818295 0.58324955
  0.79425087 0.65070302 1.06992016 1.02020713 1.00399663]
 [1.39889225 0.61540699 0.78719825 0.53077808 0.56168787 0.68118202
  0.55547438 1.18480077 1.24268542 1.01790181 0.9753459 ]]
Cv: [[0.         0.         0.         0.         0.         0.
  0.         0.         0.         0.        ]
 [0.57598832 1.4300244  1.0268678  0.85745278 0.8703999  0.59335114
  0.84454002 0.93126807 1.2832795  0.68997326]
 [0.86186165 0.77208039 1.25744669 0.98318372 0.5793632  1.31082248
  1.05998419 0.96554192 0.86906921 1.15571097]
 [1.13391291 1.06677592 0.84642516 1.20854249 0.82772334 0.52731372
  0.74741873 0.85528186 0.7515899  0.63401674]
 [1.1786791  0.96831079 0.72965307 0.68967771 0.68024656 1.10551141
  0.70332139 0.99681918 0.50004564 1.1568696 ]
 [0.67486587 0.98378486 0.72029936 0.69865726 0.85124911 0.61980272
  1.11638297 1.21154656 0.53547507 0.58032006]
 [0.70824718 0.63269206 1.37342173 1.32006205 1.31133809 0.79805171
  0.7968278  1.29503518 1.22987919 0.60237034]
 [0.87448788 0.67136291 0.55209992 0.58037634 0.81499405 0.98639919
  0.67450058 0.67216774 0.56186088 1.00072124]
 [1.3913312  1.08897704 0.54595348 0.82235835 1.43005795 1.09051517
  0.58143903 0.50128431 0.96207777 0.96494097]
 [1.01135609 0.78716155 0.97812855 1.01897378 1.13331991 0.66239886
  0.65287431 0.7578218  0.61007558 0.78282444]]
Rh: [[ 1.93232459  3.39690674  1.0200939   6.72077223  1.07901413 12.02934994
   2.76330113  1.34236862 10.48650901  4.6658349   9.39276315]
 [ 3.30396765  7.13605743  2.59343233  1.27358225 13.87210821  8.01776874
   1.87276456  1.20123748 15.41440544  2.2068974   1.38498277]
 [ 8.38984229  2.73078949  7.14021416  1.94837637  2.02399148  5.60459261
   6.9331827  13.07286646 11.16533767 15.67388045  3.64589168]
 [ 2.16809442  7.63637377  8.35361779  1.51971787 10.72419848  5.57114135
   7.76891308  1.92047043  2.21931038 10.83434055  2.35202394]
 [15.4822193  18.37287786  1.48665021  9.90565079  3.38830804 12.16719289
   6.4885376   2.62249085  9.58586058  5.15569662 15.10733577]
 [ 7.02966272  1.33464364  4.01487164  1.18367855  1.87755983  1.72082153
  16.40421904  3.88138606  2.55248988  5.25682205 14.48757935]
 [ 3.76200221  1.23845376  1.08693312  2.26583047  5.55937727  1.29626664
   2.48257674  7.29393446 13.29169763 17.87544236 16.00422979]
 [ 6.20661407  3.18888627  3.85984105  3.1766048   1.67338953 12.63429563
   3.37945551  1.77928018  9.85534171 14.38721308 11.31161111]
 [15.24565607  1.55621215  5.95649579  1.02290493  4.97301698  2.05914671
  10.764242    1.95997956 14.28666045  1.00944559  1.29420593]
 [ 6.51879635 11.94871335 12.03948001  6.27874978  3.39751857  4.911521
   5.49231244  1.28327168  8.06724698  5.44593376  2.25295314]]
Rv: [[18.65380042  1.48872769  6.33926339  5.05368153 15.83591877 10.95332526
   2.94544979  4.44284838  5.53242442  8.29780413]
 [ 1.8665782   1.03958807  6.87852487  1.68880801 12.99729636  1.35124955
   1.02351621 12.18714108 10.1735814   4.250778  ]
 [ 6.77925723  1.03187211  1.42379181 18.25065328  3.3661253   1.88028145
  17.78657384 18.31446876  1.57248887 14.79570524]
 [ 6.12667853 15.65084745 14.7337755  10.8873216  10.79870034  1.42085014
   5.92421055  1.38219805  2.05781926  7.91759979]
 [ 8.82248778  4.48531258  3.4661484  18.88346142 15.33591894  1.31243072
   2.91044662  2.55590535  6.8186686   4.02658793]
 [ 6.90584902 12.01107655  2.75287293  4.68215723  2.71904505 14.35553063
   3.485026   13.94419053  4.13864468 12.41630802]
 [ 2.70579205 14.05330648  8.42593352  8.15344087  3.48091596  5.95540157
  17.11191127  1.13076242  3.36668641  3.60305633]
 [ 1.77782568 15.19508574 10.18608499  5.88010402 11.04567116  8.3918402
   2.87666797  5.85727738  1.30284078  2.6817074 ]
 [ 3.50495042  4.23860951 16.42413514  1.34497463  1.11140871  5.0869219
   2.20634004  8.4844347   7.2647965   4.25468547]]