-------Running parameters--------
T = 0.001
temperature_gradient = 0.0
gap = 0.0
M = 7
N = 7
VR = 0.0
Vmin = 0.0
Vmax = 2.0
vStep = 0.001
vSym = True
repeats = 50
fileName = array_7_7_run_5
dist = exp
fullOutput = False
use_graph = False
current_map = False
plot_current_map = False
plot_binary_current_map = False
frame_norm = False
dbg = False
resume = False
sc = False
leaping = False
constQ = False
modifyR = False
double_time = False
double_loop = False
calcIT = False
output_folder = different_size_arrays_finite_temperature
params_path = 
VG_avg = 0.0
VG_std = 0.0
C_avg = 1.0
C_std = 0.9
CG_avg = 10.0
CG_std = 0.0
R_avg = 10.0
R_std = 9.0
custom_rh = ""
custom_rv = ""
custom_ch = ""
custom_cv = ""
RG_avg = 500.0
RG_std = 0.0
n0_avg = 0.0
n0_std = 0.0
Q0_avg = 0.0
Q0_std = 0.0
----Array Parameters-----
Rows: 7
Columns: 7
VG: [[0.]
 [0.]
 [0.]
 [0.]
 [0.]
 [0.]
 [0.]
 [0.]
 [0.]
 [0.]
 [0.]
 [0.]
 [0.]
 [0.]
 [0.]
 [0.]
 [0.]
 [0.]
 [0.]
 [0.]
 [0.]
 [0.]
 [0.]
 [0.]
 [0.]
 [0.]
 [0.]
 [0.]
 [0.]
 [0.]
 [0.]
 [0.]
 [0.]
 [0.]
 [0.]
 [0.]
 [0.]
 [0.]
 [0.]
 [0.]
 [0.]
 [0.]
 [0.]
 [0.]
 [0.]
 [0.]
 [0.]
 [0.]
 [0.]]
CG: [[10.]
 [10.]
 [10.]
 [10.]
 [10.]
 [10.]
 [10.]
 [10.]
 [10.]
 [10.]
 [10.]
 [10.]
 [10.]
 [10.]
 [10.]
 [10.]
 [10.]
 [10.]
 [10.]
 [10.]
 [10.]
 [10.]
 [10.]
 [10.]
 [10.]
 [10.]
 [10.]
 [10.]
 [10.]
 [10.]
 [10.]
 [10.]
 [10.]
 [10.]
 [10.]
 [10.]
 [10.]
 [10.]
 [10.]
 [10.]
 [10.]
 [10.]
 [10.]
 [10.]
 [10.]
 [10.]
 [10.]
 [10.]
 [10.]]
RG: [[500.]
 [500.]
 [500.]
 [500.]
 [500.]
 [500.]
 [500.]
 [500.]
 [500.]
 [500.]
 [500.]
 [500.]
 [500.]
 [500.]
 [500.]
 [500.]
 [500.]
 [500.]
 [500.]
 [500.]
 [500.]
 [500.]
 [500.]
 [500.]
 [500.]
 [500.]
 [500.]
 [500.]
 [500.]
 [500.]
 [500.]
 [500.]
 [500.]
 [500.]
 [500.]
 [500.]
 [500.]
 [500.]
 [500.]
 [500.]
 [500.]
 [500.]
 [500.]
 [500.]
 [500.]
 [500.]
 [500.]
 [500.]
 [500.]]
Ch: [[0.16859302 0.57274438 0.13956989 0.47353862 0.31887023 0.43309854
  0.56818465 0.11003202]
 [0.26081963 1.52694097 0.34201716 0.43872037 0.91524414 0.26310071
  0.23497633 1.60462008]
 [0.56687172 0.94412669 0.20784504 0.27025995 1.14302624 1.70756657
  1.15578256 0.51624223]
 [0.32642864 1.09103456 1.47289946 0.19001177 1.05440808 1.6826758
  0.23867832 0.61754738]
 [0.11341644 0.91318961 0.10685443 1.52939946 0.76769946 0.16709429
  0.86967042 0.69972293]
 [0.75801809 0.60719177 0.27088871 0.14833593 0.251626   0.48849637
  0.13131302 0.45526036]
 [0.35885622 0.51635119 0.6787721  0.36806285 1.84453609 0.39293353
  1.43194738 0.31784144]]
Cv: [[0.         0.         0.         0.         0.         0.
  0.        ]
 [0.50074892 0.27738794 1.11897832 0.42179254 0.7309478  0.21992153
  0.24633562]
 [0.20609785 0.20037237 0.33141139 0.26380896 0.27221173 0.11437612
  1.30766813]
 [0.24866929 0.60106263 1.50660207 0.29640361 0.19392982 1.80559542
  0.11743347]
 [0.96926625 0.34726039 0.40788318 0.51788269 1.15185421 0.37667141
  0.25528144]
 [0.52085707 0.2439206  1.45902147 0.8296853  1.39072533 0.74305394
  1.66157821]
 [1.06799727 0.52517246 0.17462212 1.09604553 0.21337145 0.18756213
  0.33300211]]
Rh: [[ 2.32826143 14.19728184  1.40677753  4.40700156  2.60504709 15.55474581
   3.18505992 16.64855521]
 [ 1.72866997  2.63178859  7.56663028  6.00451561 15.90850457  3.94738893
   8.19999979  9.74679931]
 [ 5.3441671   1.60717945  2.52016499  1.29160969  4.06401052  1.33499923
   1.09607159  4.80072086]
 [ 2.86784588 16.58294176  3.30794279 11.75632065  7.27648226  4.63262635
   9.45263768  1.89230407]
 [16.54373845 16.68104297  6.90406021  9.12074672  2.01934766 18.10179415
   2.01263378 10.17168263]
 [ 5.83075954  1.2196931   2.56784372  3.53434815  1.2921968   1.62879572
   1.93155607  2.61841119]
 [ 2.36763566  2.83181402 12.02115286 14.62787702  1.63138008 17.54564027
   1.36132494 15.99988693]]
Rv: [[ 3.40164902  2.61481426 13.17885487  3.35182729  3.37180442  4.21408904
   7.49180504]
 [ 4.29220792  4.08139598  2.49646871 13.35390184  3.05100239 11.8177434
   2.57638692]
 [ 4.10383953  1.44740166  2.56921331  1.59866712  6.18091089  8.70108183
  16.05681167]
 [ 2.29539828  2.02840816  5.27962326  1.54845341  4.1250208   2.88194539
  17.71535166]
 [ 1.21787949  2.0567348   1.72185807  3.27766906  1.55209749 13.14990643
   1.30372428]
 [ 4.59131154  1.02286532  1.40792263  6.57805256  3.47564722  1.33014954
   7.12439755]]