-------Running parameters--------
T = 0.001
temperature_gradient = 0.0
gap = 0.0
M = 7
N = 7
VR = 0.0
Vmin = 0.0
Vmax = 2.0
vStep = 0.001
vSym = True
repeats = 50
fileName = array_7_7_run_1
dist = exp
fullOutput = False
use_graph = False
current_map = False
plot_current_map = False
plot_binary_current_map = False
frame_norm = False
dbg = False
resume = False
sc = False
leaping = False
constQ = False
modifyR = False
double_time = False
double_loop = False
calcIT = False
output_folder = different_size_arrays_finite_temperature
params_path = 
VG_avg = 0.0
VG_std = 0.0
C_avg = 1.0
C_std = 0.9
CG_avg = 10.0
CG_std = 0.0
R_avg = 10.0
R_std = 9.0
custom_rh = ""
custom_rv = ""
custom_ch = ""
custom_cv = ""
RG_avg = 500.0
RG_std = 0.0
n0_avg = 0.0
n0_std = 0.0
Q0_avg = 0.0
Q0_std = 0.0
----Array Parameters-----
Rows: 7
Columns: 7
VG: [[0.]
 [0.]
 [0.]
 [0.]
 [0.]
 [0.]
 [0.]
 [0.]
 [0.]
 [0.]
 [0.]
 [0.]
 [0.]
 [0.]
 [0.]
 [0.]
 [0.]
 [0.]
 [0.]
 [0.]
 [0.]
 [0.]
 [0.]
 [0.]
 [0.]
 [0.]
 [0.]
 [0.]
 [0.]
 [0.]
 [0.]
 [0.]
 [0.]
 [0.]
 [0.]
 [0.]
 [0.]
 [0.]
 [0.]
 [0.]
 [0.]
 [0.]
 [0.]
 [0.]
 [0.]
 [0.]
 [0.]
 [0.]
 [0.]]
CG: [[10.]
 [10.]
 [10.]
 [10.]
 [10.]
 [10.]
 [10.]
 [10.]
 [10.]
 [10.]
 [10.]
 [10.]
 [10.]
 [10.]
 [10.]
 [10.]
 [10.]
 [10.]
 [10.]
 [10.]
 [10.]
 [10.]
 [10.]
 [10.]
 [10.]
 [10.]
 [10.]
 [10.]
 [10.]
 [10.]
 [10.]
 [10.]
 [10.]
 [10.]
 [10.]
 [10.]
 [10.]
 [10.]
 [10.]
 [10.]
 [10.]
 [10.]
 [10.]
 [10.]
 [10.]
 [10.]
 [10.]
 [10.]
 [10.]]
RG: [[500.]
 [500.]
 [500.]
 [500.]
 [500.]
 [500.]
 [500.]
 [500.]
 [500.]
 [500.]
 [500.]
 [500.]
 [500.]
 [500.]
 [500.]
 [500.]
 [500.]
 [500.]
 [500.]
 [500.]
 [500.]
 [500.]
 [500.]
 [500.]
 [500.]
 [500.]
 [500.]
 [500.]
 [500.]
 [500.]
 [500.]
 [500.]
 [500.]
 [500.]
 [500.]
 [500.]
 [500.]
 [500.]
 [500.]
 [500.]
 [500.]
 [500.]
 [500.]
 [500.]
 [500.]
 [500.]
 [500.]
 [500.]
 [500.]]
Ch: [[0.71344849 0.29697106 0.28199504 0.11218587 1.68011554 0.33150318
  0.3554498  0.32301901]
 [0.33080149 0.70614256 1.08618583 0.35561161 0.14960498 0.30822962
  0.15788944 1.10895728]
 [0.1003456  0.11794512 0.18949548 0.15300075 1.18728635 1.05288969
  0.1113411  0.11366889]
 [0.8223847  1.32228003 0.13465582 0.7841897  0.27905109 0.4370499
  1.10960787 0.38408537]
 [0.33576059 1.50332055 0.59291026 0.25259833 0.10018116 0.25212503
  0.16284588 0.33019394]
 [1.74095498 1.07619713 1.63134682 0.17664171 0.65294503 1.27896887
  0.37645377 0.33847855]
 [0.38554935 0.2223883  0.30620039 0.5292296  0.56610667 0.16102802
  0.52746718 0.53654785]]
Cv: [[0.         0.         0.         0.         0.         0.
  0.        ]
 [0.11686185 0.28615719 0.23230502 1.2411685  0.35166561 0.88981281
  1.47466801]
 [0.22660079 0.77892066 1.43013693 1.74168856 0.26340935 0.37549513
  0.12712633]
 [0.34812505 0.20616253 0.34686113 1.43039678 0.44092999 0.49577321
  0.20821208]
 [0.22715135 0.10263478 0.65807788 0.11906031 0.10277744 0.42559134
  0.27354018]
 [0.59813351 0.89106874 0.39610381 0.15091515 0.843724   0.21738647
  0.24918783]
 [0.2094677  1.13188631 0.22748552 0.11167185 0.37330157 1.01595294
  0.10404584]]
Rh: [[ 4.1362304   1.01398801  6.0807831   1.98951302  3.54044289  4.51275541
   2.19648523  2.45365805]
 [ 1.65288396 13.40570516  9.51480472  1.44995909  7.40874794  1.49573735
   7.24495941  5.30561046]
 [ 2.27204514  7.28642698  5.06521687 10.42598287 15.32140779  2.87438378
   1.10080873  2.95823631]
 [ 1.01878217  2.44141249  2.91259174  4.7348503   1.08373859  8.3291321
   5.96978529  2.54639818]
 [10.48819941  1.60604408  4.77363383  1.41651156  2.94542843 17.92559071
  17.05184032  4.19674042]
 [ 6.14886509 15.4194243   1.61367784 16.53964432  4.11464866  1.7425268
   6.98586204 10.51436591]
 [ 1.60825482 16.86214014  5.67560148  4.64060904  8.07024321  8.30840558
   9.6151912   6.06298035]]
Rv: [[15.32009815  8.2110796   3.96669657 11.5724616   7.58397724 17.38494334
   7.89926248]
 [ 1.42559631  4.68779278  5.7967912   3.2562983   7.02446996 18.57494121
   1.15414301]
 [ 2.66535291  3.73852548  8.37422576 11.61461891  4.5482039   1.49620779
   8.49471979]
 [17.5192566   2.30704831  3.25718493  1.64061955  3.90680344  3.57196201
   4.98180263]
 [15.67061717 10.25310094  4.93788475 12.92380004 14.91189036  1.1689532
  14.49393357]
 [ 2.8533726   4.3731022   4.75754047  1.0784738   8.41569173  6.52260367
   6.59064418]]