-------Running parameters--------
T = 0.001
temperature_gradient = 0.0
gap = 0.0
M = 8
N = 8
VR = 0.0
Vmin = 0.0
Vmax = 2.0
vStep = 0.001
vSym = True
repeats = 50
fileName = array_8_8_run_2
dist = exp
fullOutput = False
use_graph = False
current_map = False
plot_current_map = False
plot_binary_current_map = False
frame_norm = False
dbg = False
resume = False
sc = False
leaping = False
constQ = False
modifyR = False
double_time = False
double_loop = False
calcIT = False
output_folder = different_size_arrays_finite_temperature
params_path = 
VG_avg = 0.0
VG_std = 0.0
C_avg = 1.0
C_std = 0.9
CG_avg = 10.0
CG_std = 0.0
R_avg = 10.0
R_std = 9.0
custom_rh = ""
custom_rv = ""
custom_ch = ""
custom_cv = ""
RG_avg = 500.0
RG_std = 0.0
n0_avg = 0.0
n0_std = 0.0
Q0_avg = 0.0
Q0_std = 0.0
----Array Parameters-----
Rows: 8
Columns: 8
VG: [[0.]
 [0.]
 [0.]
 [0.]
 [0.]
 [0.]
 [0.]
 [0.]
 [0.]
 [0.]
 [0.]
 [0.]
 [0.]
 [0.]
 [0.]
 [0.]
 [0.]
 [0.]
 [0.]
 [0.]
 [0.]
 [0.]
 [0.]
 [0.]
 [0.]
 [0.]
 [0.]
 [0.]
 [0.]
 [0.]
 [0.]
 [0.]
 [0.]
 [0.]
 [0.]
 [0.]
 [0.]
 [0.]
 [0.]
 [0.]
 [0.]
 [0.]
 [0.]
 [0.]
 [0.]
 [0.]
 [0.]
 [0.]
 [0.]
 [0.]
 [0.]
 [0.]
 [0.]
 [0.]
 [0.]
 [0.]
 [0.]
 [0.]
 [0.]
 [0.]
 [0.]
 [0.]
 [0.]
 [0.]]
CG: [[10.]
 [10.]
 [10.]
 [10.]
 [10.]
 [10.]
 [10.]
 [10.]
 [10.]
 [10.]
 [10.]
 [10.]
 [10.]
 [10.]
 [10.]
 [10.]
 [10.]
 [10.]
 [10.]
 [10.]
 [10.]
 [10.]
 [10.]
 [10.]
 [10.]
 [10.]
 [10.]
 [10.]
 [10.]
 [10.]
 [10.]
 [10.]
 [10.]
 [10.]
 [10.]
 [10.]
 [10.]
 [10.]
 [10.]
 [10.]
 [10.]
 [10.]
 [10.]
 [10.]
 [10.]
 [10.]
 [10.]
 [10.]
 [10.]
 [10.]
 [10.]
 [10.]
 [10.]
 [10.]
 [10.]
 [10.]
 [10.]
 [10.]
 [10.]
 [10.]
 [10.]
 [10.]
 [10.]
 [10.]]
RG: [[500.]
 [500.]
 [500.]
 [500.]
 [500.]
 [500.]
 [500.]
 [500.]
 [500.]
 [500.]
 [500.]
 [500.]
 [500.]
 [500.]
 [500.]
 [500.]
 [500.]
 [500.]
 [500.]
 [500.]
 [500.]
 [500.]
 [500.]
 [500.]
 [500.]
 [500.]
 [500.]
 [500.]
 [500.]
 [500.]
 [500.]
 [500.]
 [500.]
 [500.]
 [500.]
 [500.]
 [500.]
 [500.]
 [500.]
 [500.]
 [500.]
 [500.]
 [500.]
 [500.]
 [500.]
 [500.]
 [500.]
 [500.]
 [500.]
 [500.]
 [500.]
 [500.]
 [500.]
 [500.]
 [500.]
 [500.]
 [500.]
 [500.]
 [500.]
 [500.]
 [500.]
 [500.]
 [500.]
 [500.]]
Ch: [[0.19772874 0.18562441 0.29837914 0.42671192 0.20485183 0.1564765
  0.115637   1.20356484 0.17281983]
 [0.13818833 0.84011132 0.18176238 0.71735212 0.76521364 0.14073356
  1.05440177 0.97511672 0.11900783]
 [0.13488784 0.10761569 0.16521615 1.38019254 0.43882226 0.12103147
  0.19639522 0.59508878 1.45604829]
 [0.37361528 1.5984437  1.0056304  0.40232076 0.34519845 0.99664714
  0.12302767 0.1255626  1.72396416]
 [0.28361921 0.5718426  0.17772088 0.74362364 1.38297381 0.63148919
  1.25287616 0.87001881 0.59814177]
 [0.35701187 0.51062741 0.31599766 0.66620083 0.2577583  0.18640487
  0.7717716  0.8478181  0.51483614]
 [0.15768241 1.54988532 0.46240768 1.17043281 0.29973226 0.51648177
  0.17354954 0.17713471 0.16525476]
 [1.12885707 0.59070065 0.17317327 0.47908306 1.76368466 0.99418358
  0.14066123 0.47900561 0.13465562]]
Cv: [[0.         0.         0.         0.         0.         0.
  0.         0.        ]
 [0.31509421 0.16830408 0.37852395 0.10800232 1.44347922 0.50447187
  0.28756063 0.28349166]
 [0.20183747 0.60465987 0.10054245 0.90065914 1.25612659 0.32984533
  0.22970309 0.34472507]
 [0.74142814 0.12183731 0.18210762 0.7971457  0.61660021 0.26153527
  0.10531371 1.52975092]
 [0.44968055 0.12232803 0.54610962 0.34333522 0.15532104 0.50917197
  0.1449934  0.11366653]
 [0.10061659 0.18773639 0.93106811 0.12904802 0.14183251 1.68590429
  0.24181935 0.13322282]
 [1.24574153 0.12600303 1.01823502 0.40989302 0.25779864 1.82549506
  0.53962513 0.10562611]
 [1.09311544 0.22112206 0.3392549  1.68783917 1.87836765 0.2638105
  0.46830862 0.2053137 ]]
Rh: [[ 1.1814729  16.72333359  3.41577845  2.38571761 16.41736489  2.05966802
   1.18958858 11.81813609 10.80836879]
 [ 1.40613763  6.54394892  7.33580809  1.8044859   1.86092666 18.13639207
   3.38107005  1.93808277  8.48462897]
 [ 2.44795265  9.12145155  8.79956369  5.15522102 15.88117853  7.22153435
   1.09547121  7.56958526 14.17527977]
 [ 1.57872211  2.9365062   1.36669379  1.63239977 13.80718877  1.90990655
   2.4408075   7.09920341  6.33368738]
 [ 5.39022445 18.51754272  3.10449646 15.67875384  2.39540302  9.48560476
   2.17081953 14.74270061  3.20127923]
 [ 3.2790679  12.04903232  4.49736233  4.58743828 17.90587712  2.45488376
   6.59117346  9.65381194  9.11639684]
 [ 3.47713765 10.7005435   7.44328296  2.03074632  7.38908403  1.94955377
   9.92736573  5.71426947  2.09656667]
 [ 8.85763406  4.23661213  5.78867253 12.1917304  15.95442533  7.13509962
   4.30200575  5.27304739  6.24002304]]
Rv: [[ 2.79408981  4.92926638  3.56424161  9.8861082   5.65189277 15.76445548
  13.90624523  3.33110126]
 [ 3.44440471  3.71587489  2.62655318  1.36368148 10.60303516 16.9272626
   1.75016142 16.60989167]
 [ 4.65716621  1.62849164  5.79040648  6.6888188   3.03446522  7.16508823
   1.10739217  2.45753055]
 [ 1.90803917  2.14824369  1.40969429  1.2470078   1.80671094  2.02565393
   6.07905959  1.53972696]
 [ 6.24319396  1.03330632  2.28988152  2.74040304  2.08940592  3.97884737
   3.49813613  4.54700037]
 [ 8.23264795  1.3528063  14.52680859  5.68159532  1.20629482  1.99300534
   2.16719411  5.86254351]
 [ 2.8534992  11.98966413 16.56827276  3.90347776 14.86383525  3.35805631
   2.91034798  8.15562118]]