-------Running parameters--------
T = 0.001
temperature_gradient = 0.0
gap = 0.0
M = 7
N = 7
VR = 0.0
Vmin = 0.0
Vmax = 2.0
vStep = 0.001
vSym = True
repeats = 50
fileName = array_7_7_run_2
dist = exp
fullOutput = False
use_graph = False
current_map = False
plot_current_map = False
plot_binary_current_map = False
frame_norm = False
dbg = False
resume = False
sc = False
leaping = False
constQ = False
modifyR = False
double_time = False
double_loop = False
calcIT = False
output_folder = different_size_arrays_finite_temperature
params_path = 
VG_avg = 0.0
VG_std = 0.0
C_avg = 1.0
C_std = 0.9
CG_avg = 10.0
CG_std = 0.0
R_avg = 10.0
R_std = 9.0
custom_rh = ""
custom_rv = ""
custom_ch = ""
custom_cv = ""
RG_avg = 500.0
RG_std = 0.0
n0_avg = 0.0
n0_std = 0.0
Q0_avg = 0.0
Q0_std = 0.0
----Array Parameters-----
Rows: 7
Columns: 7
VG: [[0.]
 [0.]
 [0.]
 [0.]
 [0.]
 [0.]
 [0.]
 [0.]
 [0.]
 [0.]
 [0.]
 [0.]
 [0.]
 [0.]
 [0.]
 [0.]
 [0.]
 [0.]
 [0.]
 [0.]
 [0.]
 [0.]
 [0.]
 [0.]
 [0.]
 [0.]
 [0.]
 [0.]
 [0.]
 [0.]
 [0.]
 [0.]
 [0.]
 [0.]
 [0.]
 [0.]
 [0.]
 [0.]
 [0.]
 [0.]
 [0.]
 [0.]
 [0.]
 [0.]
 [0.]
 [0.]
 [0.]
 [0.]
 [0.]]
CG: [[10.]
 [10.]
 [10.]
 [10.]
 [10.]
 [10.]
 [10.]
 [10.]
 [10.]
 [10.]
 [10.]
 [10.]
 [10.]
 [10.]
 [10.]
 [10.]
 [10.]
 [10.]
 [10.]
 [10.]
 [10.]
 [10.]
 [10.]
 [10.]
 [10.]
 [10.]
 [10.]
 [10.]
 [10.]
 [10.]
 [10.]
 [10.]
 [10.]
 [10.]
 [10.]
 [10.]
 [10.]
 [10.]
 [10.]
 [10.]
 [10.]
 [10.]
 [10.]
 [10.]
 [10.]
 [10.]
 [10.]
 [10.]
 [10.]]
RG: [[500.]
 [500.]
 [500.]
 [500.]
 [500.]
 [500.]
 [500.]
 [500.]
 [500.]
 [500.]
 [500.]
 [500.]
 [500.]
 [500.]
 [500.]
 [500.]
 [500.]
 [500.]
 [500.]
 [500.]
 [500.]
 [500.]
 [500.]
 [500.]
 [500.]
 [500.]
 [500.]
 [500.]
 [500.]
 [500.]
 [500.]
 [500.]
 [500.]
 [500.]
 [500.]
 [500.]
 [500.]
 [500.]
 [500.]
 [500.]
 [500.]
 [500.]
 [500.]
 [500.]
 [500.]
 [500.]
 [500.]
 [500.]
 [500.]]
Ch: [[0.45885401 1.16175882 0.44245442 0.36055799 1.24550378 0.26618554
  1.01940422 0.11333046]
 [1.6711111  0.48546502 1.17892001 0.23898354 0.18511189 0.16361902
  0.22764428 0.20387452]
 [0.11354118 1.46623844 1.34236921 0.11926508 0.77530642 0.11806665
  0.15934103 0.10793523]
 [1.12649877 0.17613579 0.81570481 0.77226391 1.00001533 1.39639542
  0.20398834 1.42324902]
 [0.15441241 0.50244704 0.4193134  0.11063273 1.81733114 0.33669002
  1.16633143 0.28679321]
 [0.57182203 0.47989409 0.13239154 0.73576376 0.19426693 0.12019673
  0.39314483 0.12687758]
 [0.21175346 0.17511096 0.65199252 0.28361843 1.43074217 0.38159179
  0.41597918 0.57976011]]
Cv: [[0.         0.         0.         0.         0.         0.
  0.        ]
 [0.78701599 0.18357455 0.59696745 0.31883702 1.59803779 0.112354
  0.15577166]
 [0.61949419 0.25092417 0.29703183 0.18915581 0.30727133 1.26609462
  0.13532565]
 [0.21039914 1.50915448 0.30705184 1.21932075 0.39899513 0.13673267
  0.16294876]
 [1.58895624 0.88164599 1.43877932 0.30925062 0.49038468 0.45603329
  0.1096118 ]
 [0.41262058 0.72431493 1.21198237 0.25347479 1.21022286 0.20838408
  0.70507054]
 [1.68923906 0.17034104 0.41992133 1.03915898 0.63343879 0.17921923
  0.29666927]]
Rh: [[ 6.63060621  5.66265227  5.0653352   8.03660828  2.42132677 16.61052658
   1.83063535 11.57802533]
 [ 1.04824004 18.41708931  5.88064058  3.95054848  5.04498455 14.84709201
   4.12526181 10.53657728]
 [14.5306784   2.01438102 14.36932268  2.92069364  7.00033843  3.1430946
   8.47041129  1.81045869]
 [ 3.19384027  9.9482814   3.33286268  8.78475333  2.08937151 18.59903869
   3.4174542   2.08122301]
 [ 9.20899294  5.33724439  2.76323529 15.34888433  6.97051114  3.82803252
   7.19103976  4.14181392]
 [ 1.99040112 11.48382653  1.81017833  2.15540822  1.041876    3.66329358
  12.24559364  4.86137089]
 [ 3.83865691  5.13779387  2.18133538  1.42170685  4.37411183  5.15175503
   2.67013568  2.34100999]]
Rv: [[ 1.4972575  10.82882525  4.12274808  1.05482193  2.99735232  2.97276731
  12.0271973 ]
 [ 1.54114398  2.71965946 11.99226923  5.9268237   1.69359568 15.62238224
   2.03070224]
 [ 2.15693374  7.31522478  5.24295979  3.86711755  1.93471441 12.16138182
   6.58655037]
 [ 7.70657413 18.16470347 12.66000612  5.43290606  8.16012686  2.80304609
   7.4141225 ]
 [ 6.92333996  4.10872856 16.00139577  5.40325673  9.09923276  3.04931494
   1.74556015]
 [14.36790492  5.52888568  2.34003465  1.24353324  4.5997941   5.4355731
   2.04783477]]