-------Running parameters--------
T = 0.001
temperature_gradient = 0.0
gap = 0.0
M = 8
N = 8
VR = 0.0
Vmin = 0.0
Vmax = 2.0
vStep = 0.001
vSym = True
repeats = 50
fileName = array_8_8_run_5
dist = exp
fullOutput = False
use_graph = False
current_map = False
plot_current_map = False
plot_binary_current_map = False
frame_norm = False
dbg = False
resume = False
sc = False
leaping = False
constQ = False
modifyR = False
double_time = False
double_loop = False
calcIT = False
output_folder = different_size_arrays_finite_temperature
params_path = 
VG_avg = 0.0
VG_std = 0.0
C_avg = 1.0
C_std = 0.9
CG_avg = 10.0
CG_std = 0.0
R_avg = 10.0
R_std = 9.0
custom_rh = ""
custom_rv = ""
custom_ch = ""
custom_cv = ""
RG_avg = 500.0
RG_std = 0.0
n0_avg = 0.0
n0_std = 0.0
Q0_avg = 0.0
Q0_std = 0.0
----Array Parameters-----
Rows: 8
Columns: 8
VG: [[0.]
 [0.]
 [0.]
 [0.]
 [0.]
 [0.]
 [0.]
 [0.]
 [0.]
 [0.]
 [0.]
 [0.]
 [0.]
 [0.]
 [0.]
 [0.]
 [0.]
 [0.]
 [0.]
 [0.]
 [0.]
 [0.]
 [0.]
 [0.]
 [0.]
 [0.]
 [0.]
 [0.]
 [0.]
 [0.]
 [0.]
 [0.]
 [0.]
 [0.]
 [0.]
 [0.]
 [0.]
 [0.]
 [0.]
 [0.]
 [0.]
 [0.]
 [0.]
 [0.]
 [0.]
 [0.]
 [0.]
 [0.]
 [0.]
 [0.]
 [0.]
 [0.]
 [0.]
 [0.]
 [0.]
 [0.]
 [0.]
 [0.]
 [0.]
 [0.]
 [0.]
 [0.]
 [0.]
 [0.]]
CG: [[10.]
 [10.]
 [10.]
 [10.]
 [10.]
 [10.]
 [10.]
 [10.]
 [10.]
 [10.]
 [10.]
 [10.]
 [10.]
 [10.]
 [10.]
 [10.]
 [10.]
 [10.]
 [10.]
 [10.]
 [10.]
 [10.]
 [10.]
 [10.]
 [10.]
 [10.]
 [10.]
 [10.]
 [10.]
 [10.]
 [10.]
 [10.]
 [10.]
 [10.]
 [10.]
 [10.]
 [10.]
 [10.]
 [10.]
 [10.]
 [10.]
 [10.]
 [10.]
 [10.]
 [10.]
 [10.]
 [10.]
 [10.]
 [10.]
 [10.]
 [10.]
 [10.]
 [10.]
 [10.]
 [10.]
 [10.]
 [10.]
 [10.]
 [10.]
 [10.]
 [10.]
 [10.]
 [10.]
 [10.]]
RG: [[500.]
 [500.]
 [500.]
 [500.]
 [500.]
 [500.]
 [500.]
 [500.]
 [500.]
 [500.]
 [500.]
 [500.]
 [500.]
 [500.]
 [500.]
 [500.]
 [500.]
 [500.]
 [500.]
 [500.]
 [500.]
 [500.]
 [500.]
 [500.]
 [500.]
 [500.]
 [500.]
 [500.]
 [500.]
 [500.]
 [500.]
 [500.]
 [500.]
 [500.]
 [500.]
 [500.]
 [500.]
 [500.]
 [500.]
 [500.]
 [500.]
 [500.]
 [500.]
 [500.]
 [500.]
 [500.]
 [500.]
 [500.]
 [500.]
 [500.]
 [500.]
 [500.]
 [500.]
 [500.]
 [500.]
 [500.]
 [500.]
 [500.]
 [500.]
 [500.]
 [500.]
 [500.]
 [500.]
 [500.]]
Ch: [[0.16617983 1.48931878 0.4996723  0.72218937 0.1435951  1.24311183
  0.19737187 0.71430363 0.13117986]
 [0.16981117 0.23505253 0.18668302 0.67224452 0.83002209 0.29478577
  0.63687943 1.88690188 0.11199455]
 [0.82334685 0.60864936 0.66590222 0.61453602 0.44854327 1.00427018
  0.1346767  0.52472004 0.25762195]
 [1.42886327 1.15108879 0.28619502 0.12357319 0.1343964  1.27601614
  0.72711987 0.1316266  1.31457538]
 [0.22107477 1.09182628 1.3204179  0.16767432 1.0047861  0.44922193
  0.43380708 0.36559806 0.16435026]
 [0.17451239 0.35063854 1.48179551 1.07318494 0.12898238 0.44054049
  1.57216934 1.37683149 0.24605462]
 [1.88669157 0.51412679 0.17466932 0.36562925 0.13826694 1.68525441
  0.64454226 0.11586769 1.60353503]
 [0.12651496 0.2731322  0.34918275 0.22722756 0.53253121 0.19271158
  0.28800953 1.6112534  1.06289669]]
Cv: [[0.         0.         0.         0.         0.         0.
  0.         0.        ]
 [0.39226535 0.43577233 0.24908136 0.71135977 0.87759528 0.12742973
  0.67084964 0.55235156]
 [0.39708988 0.70050522 0.77266841 0.10139742 0.24937788 0.41723954
  1.63383015 0.52227786]
 [0.48525376 0.37816683 0.81607215 0.29489947 0.3139691  1.55284065
  0.10067352 0.26466596]
 [0.14040004 0.14581592 1.17975615 0.26520741 0.14503689 0.21088232
  0.80185309 0.2542073 ]
 [0.50907699 0.79912499 0.95790603 1.70094765 0.2542495  0.56156081
  0.38102107 0.27820942]
 [0.173896   1.04041893 0.78978015 0.80129862 1.35044618 0.24965203
  1.08523403 0.92745437]
 [0.89461438 0.72743683 0.18759896 0.1058891  1.08612794 1.34601591
  0.94428698 0.19669484]]
Rh: [[ 6.83709135 16.18917653  1.92819015  3.87141936  1.21129285  3.35438215
  11.39474849  8.98702307  3.17680991]
 [15.01328607 11.22034047  1.77809601 17.96523943 14.34535248  1.08880282
   2.02579692  1.52240906  6.29073879]
 [ 9.45808105  9.47337255  6.19421359  1.77817743  3.60096865  3.44734985
   3.9481825   6.43185348  8.46478896]
 [18.75848251  2.97913135  5.13022478 11.3586505   3.86495683  3.18740175
   8.67645009  8.72121043  1.99139961]
 [ 2.67087189  8.67185922  1.53273177  2.61997529  2.41511733 12.83726657
   5.17820415 13.70681208  1.44888841]
 [ 1.21553535 13.22444926  1.7408557  12.43381942  1.34293597  6.29782942
   9.51744469  4.18327807  5.10422146]
 [16.50074136  2.13387491  3.40318831  2.64309124  2.05276169 17.66981501
  16.51977726  2.4071637   8.01009246]
 [ 1.99998225  6.94541123  2.76798255  1.39872158  9.18638181  8.38411684
   6.90508061  1.24290452  2.52384251]]
Rv: [[ 8.48520581  1.94973329  1.25844734  3.40566424  2.49449011 13.68122518
  17.55643313  4.88488563]
 [18.4524154   1.05977708  7.05648807  3.96138188  1.3278056   1.17299578
   1.08572311  2.12453907]
 [ 2.06905144  3.15116722  8.52198365  1.72620634  6.26540501  1.23078133
   1.0851303   5.53785863]
 [ 8.86620893  1.51461425  5.88199081  1.96379164  2.18108209  2.67374843
   6.74478403  6.54497557]
 [10.66849868 12.3858292   6.10260046  1.71415179  2.1707227   3.50230947
   1.36650012 15.49753458]
 [ 2.80620638  6.56026696  3.43421909 16.92670291  1.34166184  2.83326458
   9.77859051 11.94403715]
 [ 1.46624618  5.13190169  7.03034762  6.46010022  2.37212842  2.12294254
  10.64519423  2.69434559]]