-------Running parameters--------
T = 0.001
temperature_gradient = 0.0
gap = 0.0
M = 8
N = 8
VR = 0.0
Vmin = 0.0
Vmax = 2.0
vStep = 0.001
vSym = True
repeats = 50
fileName = array_8_8_run_4
dist = exp
fullOutput = False
use_graph = False
current_map = False
plot_current_map = False
plot_binary_current_map = False
frame_norm = False
dbg = False
resume = False
sc = False
leaping = False
constQ = False
modifyR = False
double_time = False
double_loop = False
calcIT = False
output_folder = different_size_arrays_finite_temperature
params_path = 
VG_avg = 0.0
VG_std = 0.0
C_avg = 1.0
C_std = 0.9
CG_avg = 10.0
CG_std = 0.0
R_avg = 10.0
R_std = 9.0
custom_rh = ""
custom_rv = ""
custom_ch = ""
custom_cv = ""
RG_avg = 500.0
RG_std = 0.0
n0_avg = 0.0
n0_std = 0.0
Q0_avg = 0.0
Q0_std = 0.0
----Array Parameters-----
Rows: 8
Columns: 8
VG: [[0.]
 [0.]
 [0.]
 [0.]
 [0.]
 [0.]
 [0.]
 [0.]
 [0.]
 [0.]
 [0.]
 [0.]
 [0.]
 [0.]
 [0.]
 [0.]
 [0.]
 [0.]
 [0.]
 [0.]
 [0.]
 [0.]
 [0.]
 [0.]
 [0.]
 [0.]
 [0.]
 [0.]
 [0.]
 [0.]
 [0.]
 [0.]
 [0.]
 [0.]
 [0.]
 [0.]
 [0.]
 [0.]
 [0.]
 [0.]
 [0.]
 [0.]
 [0.]
 [0.]
 [0.]
 [0.]
 [0.]
 [0.]
 [0.]
 [0.]
 [0.]
 [0.]
 [0.]
 [0.]
 [0.]
 [0.]
 [0.]
 [0.]
 [0.]
 [0.]
 [0.]
 [0.]
 [0.]
 [0.]]
CG: [[10.]
 [10.]
 [10.]
 [10.]
 [10.]
 [10.]
 [10.]
 [10.]
 [10.]
 [10.]
 [10.]
 [10.]
 [10.]
 [10.]
 [10.]
 [10.]
 [10.]
 [10.]
 [10.]
 [10.]
 [10.]
 [10.]
 [10.]
 [10.]
 [10.]
 [10.]
 [10.]
 [10.]
 [10.]
 [10.]
 [10.]
 [10.]
 [10.]
 [10.]
 [10.]
 [10.]
 [10.]
 [10.]
 [10.]
 [10.]
 [10.]
 [10.]
 [10.]
 [10.]
 [10.]
 [10.]
 [10.]
 [10.]
 [10.]
 [10.]
 [10.]
 [10.]
 [10.]
 [10.]
 [10.]
 [10.]
 [10.]
 [10.]
 [10.]
 [10.]
 [10.]
 [10.]
 [10.]
 [10.]]
RG: [[500.]
 [500.]
 [500.]
 [500.]
 [500.]
 [500.]
 [500.]
 [500.]
 [500.]
 [500.]
 [500.]
 [500.]
 [500.]
 [500.]
 [500.]
 [500.]
 [500.]
 [500.]
 [500.]
 [500.]
 [500.]
 [500.]
 [500.]
 [500.]
 [500.]
 [500.]
 [500.]
 [500.]
 [500.]
 [500.]
 [500.]
 [500.]
 [500.]
 [500.]
 [500.]
 [500.]
 [500.]
 [500.]
 [500.]
 [500.]
 [500.]
 [500.]
 [500.]
 [500.]
 [500.]
 [500.]
 [500.]
 [500.]
 [500.]
 [500.]
 [500.]
 [500.]
 [500.]
 [500.]
 [500.]
 [500.]
 [500.]
 [500.]
 [500.]
 [500.]
 [500.]
 [500.]
 [500.]
 [500.]]
Ch: [[1.14120886 1.79541621 0.74952838 0.19641098 0.15041695 0.29781029
  0.17607084 0.37097262 0.52236519]
 [0.32615656 1.10556799 0.10743902 0.31398329 0.18563342 0.3843009
  0.61181422 0.74275103 0.16883307]
 [0.41586037 1.50517043 0.73408481 0.14496767 0.1186238  0.63286955
  0.3139788  0.11726965 0.64013222]
 [0.33318628 0.18567185 0.2666709  0.34646022 0.18482773 0.35114119
  0.53055194 0.20640096 0.22736183]
 [0.12802643 0.19698733 0.11648409 0.11819002 0.44313558 0.95242094
  0.12779667 0.46711545 0.59994585]
 [0.12083077 0.30915635 0.39547367 0.30513542 0.43107313 0.44471456
  0.2973978  0.12821267 0.19594467]
 [0.27243221 0.40327545 0.17548486 1.00226646 0.31987452 0.50235714
  1.38798463 0.19079884 1.82663507]
 [0.16058742 1.11722555 0.17477952 0.34000243 0.19293774 0.20794952
  0.36987453 0.24746057 0.19572187]]
Cv: [[0.         0.         0.         0.         0.         0.
  0.         0.        ]
 [1.36142845 0.69399444 0.12920738 0.11635137 0.41376242 0.37455484
  0.10090802 0.8485546 ]
 [0.20022898 0.45585691 0.56639518 0.10976087 0.69967569 1.54514601
  1.01460201 0.42680348]
 [0.20287565 1.62393802 0.58560594 0.92796345 0.13091311 0.42375149
  1.1487296  1.64361839]
 [0.27640337 0.45732218 0.1536131  0.47027597 0.26804895 0.41205927
  0.20324284 1.10510949]
 [1.25638792 0.1586238  0.67024361 0.11069697 0.15417216 0.29843131
  0.1121386  0.6889662 ]
 [0.43432572 0.28568399 0.54931367 0.2671487  0.32275799 0.136855
  1.0252527  0.19077047]
 [0.37618612 1.18004883 0.19613194 0.90957149 0.11121421 0.74085114
  1.0000337  1.38462876]]
Rh: [[ 9.98838464  4.88404108 13.89029821 12.78299086 12.61099469 12.34499321
   1.30579564  8.26980309  1.34165801]
 [ 9.10472628  7.87442673  1.64376473  5.61836879  4.37235827  3.46128472
   2.31586052 18.06503462  1.5837152 ]
 [ 1.12826448  2.50140826 15.61853901  3.24487224  3.93959252 14.83746742
  18.82450292  7.2600885  10.52802161]
 [ 1.20105127  4.65744028  7.70269846  9.11343665  1.24051754  2.72937328
   4.97077277  6.41746644  4.22009604]
 [ 3.89068362  6.86593504  3.61830326  1.17758586  9.45715831 13.12001143
   2.72509749  1.1633644   1.76457092]
 [ 4.84423802 12.44772628  2.19748893  5.60343646  4.84787957  1.8857166
   3.38957488  2.36117579  1.22564007]
 [ 3.83313779  1.06222346  1.97579937  1.21694551  1.98814216  9.61032233
   6.88776661 10.33062999  4.42325169]
 [11.55522875  3.27982301  1.5715499   9.58691169  6.12047915  1.06864624
  17.77668773 10.92046418 10.96575895]]
Rv: [[ 9.16813859 13.77962825  3.01693159 16.52843212  9.19667126  3.65118961
   1.01922383 10.99911038]
 [ 5.99949151  1.06678196  4.28184294  8.10648613  4.16282259  3.14401972
  10.1505402   1.55038388]
 [17.92941099 13.82185651  8.2697776   3.37976112 17.89162809  1.20287414
   3.90881428  8.56388527]
 [11.29087496 14.85109056  1.53874181  1.06244531  3.18811102  5.20397395
   3.23657806  2.34502978]
 [ 4.35911826  4.71190632  3.39139109  1.42977179 15.85544469  1.27805824
   1.67748393  3.38361321]
 [ 1.09073499 14.10333584  6.83978626 13.39592065 10.35739465  3.80533045
   5.61463131 10.770966  ]
 [11.94680539  1.18376811  1.84734942  1.12304996  1.34468568  1.91415656
   1.20539943  9.49311377]]