-------Running parameters--------
T = 0.001
temperature_gradient = 0.0
gap = 0.0
M = 8
N = 8
VR = 0.0
Vmin = 0.0
Vmax = 2.0
vStep = 0.001
vSym = True
repeats = 50
fileName = array_8_8_run_1
dist = exp
fullOutput = False
use_graph = False
current_map = False
plot_current_map = False
plot_binary_current_map = False
frame_norm = False
dbg = False
resume = False
sc = False
leaping = False
constQ = False
modifyR = False
double_time = False
double_loop = False
calcIT = False
output_folder = different_size_arrays_finite_temperature
params_path = 
VG_avg = 0.0
VG_std = 0.0
C_avg = 1.0
C_std = 0.9
CG_avg = 10.0
CG_std = 0.0
R_avg = 10.0
R_std = 9.0
custom_rh = ""
custom_rv = ""
custom_ch = ""
custom_cv = ""
RG_avg = 500.0
RG_std = 0.0
n0_avg = 0.0
n0_std = 0.0
Q0_avg = 0.0
Q0_std = 0.0
----Array Parameters-----
Rows: 8
Columns: 8
VG: [[0.]
 [0.]
 [0.]
 [0.]
 [0.]
 [0.]
 [0.]
 [0.]
 [0.]
 [0.]
 [0.]
 [0.]
 [0.]
 [0.]
 [0.]
 [0.]
 [0.]
 [0.]
 [0.]
 [0.]
 [0.]
 [0.]
 [0.]
 [0.]
 [0.]
 [0.]
 [0.]
 [0.]
 [0.]
 [0.]
 [0.]
 [0.]
 [0.]
 [0.]
 [0.]
 [0.]
 [0.]
 [0.]
 [0.]
 [0.]
 [0.]
 [0.]
 [0.]
 [0.]
 [0.]
 [0.]
 [0.]
 [0.]
 [0.]
 [0.]
 [0.]
 [0.]
 [0.]
 [0.]
 [0.]
 [0.]
 [0.]
 [0.]
 [0.]
 [0.]
 [0.]
 [0.]
 [0.]
 [0.]]
CG: [[10.]
 [10.]
 [10.]
 [10.]
 [10.]
 [10.]
 [10.]
 [10.]
 [10.]
 [10.]
 [10.]
 [10.]
 [10.]
 [10.]
 [10.]
 [10.]
 [10.]
 [10.]
 [10.]
 [10.]
 [10.]
 [10.]
 [10.]
 [10.]
 [10.]
 [10.]
 [10.]
 [10.]
 [10.]
 [10.]
 [10.]
 [10.]
 [10.]
 [10.]
 [10.]
 [10.]
 [10.]
 [10.]
 [10.]
 [10.]
 [10.]
 [10.]
 [10.]
 [10.]
 [10.]
 [10.]
 [10.]
 [10.]
 [10.]
 [10.]
 [10.]
 [10.]
 [10.]
 [10.]
 [10.]
 [10.]
 [10.]
 [10.]
 [10.]
 [10.]
 [10.]
 [10.]
 [10.]
 [10.]]
RG: [[500.]
 [500.]
 [500.]
 [500.]
 [500.]
 [500.]
 [500.]
 [500.]
 [500.]
 [500.]
 [500.]
 [500.]
 [500.]
 [500.]
 [500.]
 [500.]
 [500.]
 [500.]
 [500.]
 [500.]
 [500.]
 [500.]
 [500.]
 [500.]
 [500.]
 [500.]
 [500.]
 [500.]
 [500.]
 [500.]
 [500.]
 [500.]
 [500.]
 [500.]
 [500.]
 [500.]
 [500.]
 [500.]
 [500.]
 [500.]
 [500.]
 [500.]
 [500.]
 [500.]
 [500.]
 [500.]
 [500.]
 [500.]
 [500.]
 [500.]
 [500.]
 [500.]
 [500.]
 [500.]
 [500.]
 [500.]
 [500.]
 [500.]
 [500.]
 [500.]
 [500.]
 [500.]
 [500.]
 [500.]]
Ch: [[0.39169266 1.71672578 0.22408952 1.72052521 1.70720947 1.43172461
  1.18612939 0.15273418 0.33815191]
 [0.59463059 0.10403229 0.24133982 0.45904206 0.45140113 0.20888347
  0.65088454 0.66064918 0.8106087 ]
 [0.93918151 0.12953898 0.86161744 1.17073312 0.12760466 1.27863641
  0.21561577 1.45070945 0.95943698]
 [0.43516004 0.54238182 0.17367915 0.12618636 0.80092378 1.58253315
  0.15705778 1.07826045 0.11305302]
 [0.3829883  0.11203055 0.58857667 0.33958105 0.42475991 0.44872811
  1.09128712 0.28942551 0.51701085]
 [0.11476523 0.19165992 0.12749303 0.19019238 0.63034495 1.17098787
  1.09806187 1.76687749 0.24405043]
 [0.8386821  0.51843411 0.12159838 0.74179308 0.29898558 0.31743076
  1.05260194 0.11618659 0.20419645]
 [0.17238627 0.13084869 1.59728357 1.06402453 1.15833506 0.12843813
  0.21952546 0.1092976  0.40209292]]
Cv: [[0.         0.         0.         0.         0.         0.
  0.         0.        ]
 [0.10189423 0.19243289 0.17227526 0.46970754 1.24854476 0.34605018
  0.16069886 0.10933731]
 [0.1597833  0.1264827  0.32939228 0.14411182 0.5950476  1.87076662
  1.07754916 0.78059755]
 [0.63349153 0.43824305 1.88166903 0.17692354 1.18715984 0.46671842
  0.12888997 1.10685969]
 [0.66280042 0.61770197 0.48043454 0.20143204 0.77120709 1.746315
  0.16447512 0.37566613]
 [0.59701291 0.44104371 0.49209059 0.45485309 0.52768831 0.49145163
  0.1991046  0.24496784]
 [0.7646592  0.12102244 0.14525552 0.63239119 0.47259758 0.28418954
  0.40467533 0.12968684]
 [0.15645802 0.6098019  0.14795814 0.58077766 0.5567323  1.69520665
  0.44505585 0.79817803]]
Rh: [[ 1.58741775  8.47861341  1.78472087  1.38383546  2.09371505  3.04385046
   8.01641918  3.63230203  1.36788645]
 [ 1.06730582  2.36209492  1.99667672 10.81589081  2.09553904 16.62836835
   5.21263365  6.6641794   2.05563357]
 [13.05580312  1.90987099  5.74882918  3.6790954   4.21849597  1.53961996
   1.12988191  1.83114138  4.32548756]
 [ 8.84295653  2.31113687  3.21077051 14.49167499 14.31431041  5.5960613
   5.14212323  1.97612985 12.58114259]
 [ 4.83163812  8.54651562  1.4655008   3.1197146   2.04625566  3.13760057
  14.03077507  1.03154702  2.77444376]
 [ 3.60817787  1.95224667  6.46842     4.44869028  3.56113069  4.89390422
   8.90198733 10.2667716   7.11832409]
 [ 1.16696912  4.50566479  3.38632654  3.36347626  4.53714304  1.03389718
   4.16696824  8.88556039  4.82016062]
 [ 4.15613628 13.96444221  1.88735169  6.20952446  3.65879813  7.8669902
   3.87381192  2.15354472 12.64297087]]
Rv: [[ 1.78737574 14.24644938 13.14321767  5.39305906  8.09455865  2.71115778
  17.6551157  10.46594469]
 [ 7.69131258  9.64757161  4.97411263 10.19811927  2.27745068  5.40743876
   5.44618412  4.70624013]
 [17.73944091  4.38323757 13.98219081  3.93539279  7.83120516  7.83118869
   6.05351748  8.55854899]
 [ 3.8586251  12.25386227 11.98619811  3.05394848 12.98705326  2.05148436
   3.24231147  1.16086998]
 [ 6.45136109  1.0237504   6.81758408 10.92241034  4.02432802  1.08773723
   7.38067745  1.3552482 ]
 [ 1.57649078  1.3163439   1.00525443  3.00957921  5.62769156  4.91128957
   2.0236142  15.2865155 ]
 [ 8.55164347  1.36691999 15.20005696  4.09122514  1.98132123  9.68049623
   6.57916725  7.41750583]]