-------Running parameters--------
T = 0.001
temperature_gradient = 0.0
gap = 0.0
M = 8
N = 8
VR = 0.0
Vmin = 0.0
Vmax = 2.0
vStep = 0.001
vSym = True
repeats = 50
fileName = array_8_8_run_3
dist = exp
fullOutput = False
use_graph = False
current_map = False
plot_current_map = False
plot_binary_current_map = False
frame_norm = False
dbg = False
resume = False
sc = False
leaping = False
constQ = False
modifyR = False
double_time = False
double_loop = False
calcIT = False
output_folder = different_size_arrays_finite_temperature
params_path = 
VG_avg = 0.0
VG_std = 0.0
C_avg = 1.0
C_std = 0.9
CG_avg = 10.0
CG_std = 0.0
R_avg = 10.0
R_std = 9.0
custom_rh = ""
custom_rv = ""
custom_ch = ""
custom_cv = ""
RG_avg = 500.0
RG_std = 0.0
n0_avg = 0.0
n0_std = 0.0
Q0_avg = 0.0
Q0_std = 0.0
----Array Parameters-----
Rows: 8
Columns: 8
VG: [[0.]
 [0.]
 [0.]
 [0.]
 [0.]
 [0.]
 [0.]
 [0.]
 [0.]
 [0.]
 [0.]
 [0.]
 [0.]
 [0.]
 [0.]
 [0.]
 [0.]
 [0.]
 [0.]
 [0.]
 [0.]
 [0.]
 [0.]
 [0.]
 [0.]
 [0.]
 [0.]
 [0.]
 [0.]
 [0.]
 [0.]
 [0.]
 [0.]
 [0.]
 [0.]
 [0.]
 [0.]
 [0.]
 [0.]
 [0.]
 [0.]
 [0.]
 [0.]
 [0.]
 [0.]
 [0.]
 [0.]
 [0.]
 [0.]
 [0.]
 [0.]
 [0.]
 [0.]
 [0.]
 [0.]
 [0.]
 [0.]
 [0.]
 [0.]
 [0.]
 [0.]
 [0.]
 [0.]
 [0.]]
CG: [[10.]
 [10.]
 [10.]
 [10.]
 [10.]
 [10.]
 [10.]
 [10.]
 [10.]
 [10.]
 [10.]
 [10.]
 [10.]
 [10.]
 [10.]
 [10.]
 [10.]
 [10.]
 [10.]
 [10.]
 [10.]
 [10.]
 [10.]
 [10.]
 [10.]
 [10.]
 [10.]
 [10.]
 [10.]
 [10.]
 [10.]
 [10.]
 [10.]
 [10.]
 [10.]
 [10.]
 [10.]
 [10.]
 [10.]
 [10.]
 [10.]
 [10.]
 [10.]
 [10.]
 [10.]
 [10.]
 [10.]
 [10.]
 [10.]
 [10.]
 [10.]
 [10.]
 [10.]
 [10.]
 [10.]
 [10.]
 [10.]
 [10.]
 [10.]
 [10.]
 [10.]
 [10.]
 [10.]
 [10.]]
RG: [[500.]
 [500.]
 [500.]
 [500.]
 [500.]
 [500.]
 [500.]
 [500.]
 [500.]
 [500.]
 [500.]
 [500.]
 [500.]
 [500.]
 [500.]
 [500.]
 [500.]
 [500.]
 [500.]
 [500.]
 [500.]
 [500.]
 [500.]
 [500.]
 [500.]
 [500.]
 [500.]
 [500.]
 [500.]
 [500.]
 [500.]
 [500.]
 [500.]
 [500.]
 [500.]
 [500.]
 [500.]
 [500.]
 [500.]
 [500.]
 [500.]
 [500.]
 [500.]
 [500.]
 [500.]
 [500.]
 [500.]
 [500.]
 [500.]
 [500.]
 [500.]
 [500.]
 [500.]
 [500.]
 [500.]
 [500.]
 [500.]
 [500.]
 [500.]
 [500.]
 [500.]
 [500.]
 [500.]
 [500.]]
Ch: [[0.39882667 1.69270293 0.42289665 0.89629619 1.15037075 0.30604641
  0.53421773 0.33852148 0.35274555]
 [1.36458363 1.79003091 0.14017691 0.57296141 0.69996574 0.40376721
  0.32297298 1.35202671 0.79796532]
 [0.36399652 0.8990842  0.10086976 0.13930667 0.24539025 0.76745318
  0.48561014 0.45438626 0.49735342]
 [0.77904855 0.18338871 0.65837578 0.47828924 0.17715101 0.368498
  1.26762925 0.11299389 0.14026465]
 [0.76204844 0.78820363 1.13479109 0.12187186 0.10662464 0.13829434
  0.85652996 0.46183161 0.20388211]
 [0.4985172  0.8257542  0.99352429 0.13503777 0.61347565 0.52322461
  0.33289064 0.72731497 0.258367  ]
 [0.80980667 0.19397781 0.19209216 0.30347552 0.24966638 1.61249827
  0.20255609 0.30321609 0.34635329]
 [1.2805018  0.45502271 0.38404015 1.31996583 0.1036616  0.48766853
  0.46458992 0.86473529 1.80479726]]
Cv: [[0.         0.         0.         0.         0.         0.
  0.         0.        ]
 [0.69804774 1.13786228 1.34724004 1.08466586 0.23142015 0.88010779
  1.14663392 1.69413495]
 [1.572419   0.1161282  1.44652531 0.84202158 0.49823362 0.6415397
  0.221936   0.99126693]
 [1.30925763 0.17125551 0.47658694 0.37614184 1.31726411 0.93941262
  0.28059197 0.61723425]
 [0.13871247 1.13981126 0.92654537 0.51403275 0.58065529 0.53918795
  0.15852994 1.15219927]
 [0.98007786 0.12863304 0.15369775 0.3104436  0.35417048 0.53182317
  0.29889115 0.53402826]
 [0.45949484 1.18400693 0.79234983 0.10640976 0.22685342 1.45869415
  0.13950497 0.57715213]
 [0.1631823  0.18711736 1.83555939 1.21455317 0.74884085 0.51582834
  1.59819675 0.51902908]]
Rh: [[ 2.03268716  6.73558823  3.04726781  4.70818413 14.15910729  5.46727095
  15.12434645  1.59568594  4.23307029]
 [ 2.3521161   8.85337013  6.2111565  11.61324407 12.22616058  2.90578538
   3.97441861  1.25247326  2.00739871]
 [ 1.64363017  1.57171753 12.38645997 11.92156695  2.80880747 18.39534712
  10.01315244  6.57947454  9.593903  ]
 [ 4.419373   15.88816711  3.54385247  6.40449942 13.49229036 14.82685898
   3.57557693  3.87311229  9.06286487]
 [ 5.81334268  4.66499189 15.52427479  9.27760537  5.55450331  2.15573453
   2.16934548 14.13278689  1.00504313]
 [ 1.37437845 10.08638696  2.04860303 17.49085079  8.30169952  1.87097257
   8.4508894   7.19053568  4.20938218]
 [ 9.94825447  1.72092927 16.95786149  2.22888683  3.92031142 13.00503565
   4.92082579  5.1721347   8.47292694]
 [ 1.20295472  3.28705056  9.57236165  7.3733474   2.74884361 16.25572361
   9.46146173  7.31472492  8.62437325]]
Rv: [[ 6.7664931   2.24976707  6.65378383 11.87249282 16.2075007   2.01241159
   1.86997943 11.18199611]
 [ 5.46970305  3.7896059   7.17090551 11.3845675   2.42675393  1.22333989
   2.73497903  2.25525424]
 [17.34942405  1.23107313  2.25071897  7.25230732  4.25010068 18.61416186
   1.22327286  8.72019909]
 [12.82055308  1.87948276  2.40857627  3.49930005  2.28894126  1.89589372
   1.05310668  6.45608478]
 [ 1.22937366  1.05724599  8.13803223  3.89178618  1.18095507  3.60450987
   1.50397684  1.5772953 ]
 [ 7.08770665 11.2707961   2.94939125  1.52393068 14.35187778  4.49740425
   2.40432143  1.03746284]
 [17.76380053  5.06123803 17.53175914  1.78719636 17.96887352  3.47096875
   6.12850688  1.3103536 ]]