-------Running parameters--------
T = 0.001
temperature_gradient = 0.0
gap = 0.0
M = 7
N = 7
VR = 0.0
Vmin = 0.0
Vmax = 2.0
vStep = 0.001
vSym = True
repeats = 50
fileName = array_7_7_run_4
dist = exp
fullOutput = False
use_graph = False
current_map = False
plot_current_map = False
plot_binary_current_map = False
frame_norm = False
dbg = False
resume = False
sc = False
leaping = False
constQ = False
modifyR = False
double_time = False
double_loop = False
calcIT = False
output_folder = different_size_arrays_finite_temperature
params_path = 
VG_avg = 0.0
VG_std = 0.0
C_avg = 1.0
C_std = 0.9
CG_avg = 10.0
CG_std = 0.0
R_avg = 10.0
R_std = 9.0
custom_rh = ""
custom_rv = ""
custom_ch = ""
custom_cv = ""
RG_avg = 500.0
RG_std = 0.0
n0_avg = 0.0
n0_std = 0.0
Q0_avg = 0.0
Q0_std = 0.0
----Array Parameters-----
Rows: 7
Columns: 7
VG: [[0.]
 [0.]
 [0.]
 [0.]
 [0.]
 [0.]
 [0.]
 [0.]
 [0.]
 [0.]
 [0.]
 [0.]
 [0.]
 [0.]
 [0.]
 [0.]
 [0.]
 [0.]
 [0.]
 [0.]
 [0.]
 [0.]
 [0.]
 [0.]
 [0.]
 [0.]
 [0.]
 [0.]
 [0.]
 [0.]
 [0.]
 [0.]
 [0.]
 [0.]
 [0.]
 [0.]
 [0.]
 [0.]
 [0.]
 [0.]
 [0.]
 [0.]
 [0.]
 [0.]
 [0.]
 [0.]
 [0.]
 [0.]
 [0.]]
CG: [[10.]
 [10.]
 [10.]
 [10.]
 [10.]
 [10.]
 [10.]
 [10.]
 [10.]
 [10.]
 [10.]
 [10.]
 [10.]
 [10.]
 [10.]
 [10.]
 [10.]
 [10.]
 [10.]
 [10.]
 [10.]
 [10.]
 [10.]
 [10.]
 [10.]
 [10.]
 [10.]
 [10.]
 [10.]
 [10.]
 [10.]
 [10.]
 [10.]
 [10.]
 [10.]
 [10.]
 [10.]
 [10.]
 [10.]
 [10.]
 [10.]
 [10.]
 [10.]
 [10.]
 [10.]
 [10.]
 [10.]
 [10.]
 [10.]]
RG: [[500.]
 [500.]
 [500.]
 [500.]
 [500.]
 [500.]
 [500.]
 [500.]
 [500.]
 [500.]
 [500.]
 [500.]
 [500.]
 [500.]
 [500.]
 [500.]
 [500.]
 [500.]
 [500.]
 [500.]
 [500.]
 [500.]
 [500.]
 [500.]
 [500.]
 [500.]
 [500.]
 [500.]
 [500.]
 [500.]
 [500.]
 [500.]
 [500.]
 [500.]
 [500.]
 [500.]
 [500.]
 [500.]
 [500.]
 [500.]
 [500.]
 [500.]
 [500.]
 [500.]
 [500.]
 [500.]
 [500.]
 [500.]
 [500.]]
Ch: [[0.13785598 0.96769418 1.26226759 0.35765013 0.11899396 0.11782739
  0.17683222 1.24967933]
 [0.55372902 0.4438432  0.1466823  0.65347784 1.43031586 0.20913765
  0.42981107 1.05689859]
 [0.37697402 1.26891407 0.11335902 0.17540529 1.28452465 0.26671676
  0.33998671 1.78789967]
 [0.19470561 1.3735247  0.11850288 0.5500007  0.23930151 1.68680876
  1.39026925 0.38926046]
 [0.12477545 0.1317154  0.99324228 0.35263649 1.09829095 0.7322278
  0.42270414 0.20575269]
 [0.15576424 0.67746896 0.71554187 0.28100352 0.15103977 1.58036189
  1.09309933 0.45902769]
 [0.44502577 1.13051686 0.97577834 0.13575574 0.15565439 0.57719792
  0.32006695 1.05763537]]
Cv: [[0.         0.         0.         0.         0.         0.
  0.        ]
 [0.39897338 0.40286059 1.47997257 0.96403021 0.76438661 0.80671952
  0.27929695]
 [0.94692129 0.20586497 0.35241349 1.64176044 0.13683005 0.27980087
  0.33581594]
 [0.90927214 0.27760843 0.43541389 0.1948732  0.53881441 0.2824824
  0.88488894]
 [0.36451244 0.3793994  0.12055803 1.05625388 0.1043183  0.13717995
  0.51200809]
 [1.12069143 0.51855355 1.58056347 0.26787975 0.42349512 0.31835166
  1.19620299]
 [0.10060254 0.46102404 0.29970916 0.16120718 0.7568578  0.59057553
  0.13652191]]
Rh: [[14.12802471  2.74140124  1.1474527   4.5954884   3.27544518  1.50996367
   3.01748538 11.37054184]
 [ 5.30902353  1.87298707  4.65924823 10.28311796  9.37031004 13.04874568
   4.92376074  6.63144005]
 [ 5.0792696   2.07068351  5.57087265  5.32078564  4.27098921  3.21890082
   3.19028745  4.08213823]
 [ 5.25394207  2.02468816  9.58860834  3.51317748 12.00746066  8.09338465
  12.87083406  3.15978701]
 [ 1.46468041  2.12208658 16.44543233  4.29654959 13.18978206  7.174585
   8.40945363 16.26155918]
 [ 2.10935888  9.27100471  1.22758735  9.60917776  4.85613694  1.34412877
   3.24750759  8.53104225]
 [ 2.5833373   4.75585555  4.19932642  1.21726529  1.23421667  2.50060889
   5.92700562  4.04873255]]
Rv: [[ 6.12280729 12.21812263  2.06739923  5.69602653  1.45355164  2.48873674
   4.30744987]
 [ 7.25378367  4.36358101  2.83892585  1.13695695  1.35360928  1.22221692
   7.49795827]
 [ 3.57552925  1.04003919  3.38681453  3.90483085 10.40107655  3.34864187
  10.55557586]
 [ 3.35408632  6.66975399  1.93687382  1.40516165 13.11222546 14.3925078
   2.85816653]
 [ 3.81044791  1.7540781  12.57154372  2.4512653   7.99758852  1.33576929
   2.39176649]
 [15.72576348  1.6920222   6.46531231  5.22907638  4.99921607  7.66771229
   3.73967844]]