-------Running parameters--------
T = 0.001
temperature_gradient = 0.0
gap = 0.0
M = 7
N = 7
VR = 0.0
Vmin = 0.0
Vmax = 2.0
vStep = 0.001
vSym = True
repeats = 50
fileName = array_7_7_run_3
dist = exp
fullOutput = False
use_graph = False
current_map = False
plot_current_map = False
plot_binary_current_map = False
frame_norm = False
dbg = False
resume = False
sc = False
leaping = False
constQ = False
modifyR = False
double_time = False
double_loop = False
calcIT = False
output_folder = different_size_arrays_finite_temperature
params_path = 
VG_avg = 0.0
VG_std = 0.0
C_avg = 1.0
C_std = 0.9
CG_avg = 10.0
CG_std = 0.0
R_avg = 10.0
R_std = 9.0
custom_rh = ""
custom_rv = ""
custom_ch = ""
custom_cv = ""
RG_avg = 500.0
RG_std = 0.0
n0_avg = 0.0
n0_std = 0.0
Q0_avg = 0.0
Q0_std = 0.0
----Array Parameters-----
Rows: 7
Columns: 7
VG: [[0.]
 [0.]
 [0.]
 [0.]
 [0.]
 [0.]
 [0.]
 [0.]
 [0.]
 [0.]
 [0.]
 [0.]
 [0.]
 [0.]
 [0.]
 [0.]
 [0.]
 [0.]
 [0.]
 [0.]
 [0.]
 [0.]
 [0.]
 [0.]
 [0.]
 [0.]
 [0.]
 [0.]
 [0.]
 [0.]
 [0.]
 [0.]
 [0.]
 [0.]
 [0.]
 [0.]
 [0.]
 [0.]
 [0.]
 [0.]
 [0.]
 [0.]
 [0.]
 [0.]
 [0.]
 [0.]
 [0.]
 [0.]
 [0.]]
CG: [[10.]
 [10.]
 [10.]
 [10.]
 [10.]
 [10.]
 [10.]
 [10.]
 [10.]
 [10.]
 [10.]
 [10.]
 [10.]
 [10.]
 [10.]
 [10.]
 [10.]
 [10.]
 [10.]
 [10.]
 [10.]
 [10.]
 [10.]
 [10.]
 [10.]
 [10.]
 [10.]
 [10.]
 [10.]
 [10.]
 [10.]
 [10.]
 [10.]
 [10.]
 [10.]
 [10.]
 [10.]
 [10.]
 [10.]
 [10.]
 [10.]
 [10.]
 [10.]
 [10.]
 [10.]
 [10.]
 [10.]
 [10.]
 [10.]]
RG: [[500.]
 [500.]
 [500.]
 [500.]
 [500.]
 [500.]
 [500.]
 [500.]
 [500.]
 [500.]
 [500.]
 [500.]
 [500.]
 [500.]
 [500.]
 [500.]
 [500.]
 [500.]
 [500.]
 [500.]
 [500.]
 [500.]
 [500.]
 [500.]
 [500.]
 [500.]
 [500.]
 [500.]
 [500.]
 [500.]
 [500.]
 [500.]
 [500.]
 [500.]
 [500.]
 [500.]
 [500.]
 [500.]
 [500.]
 [500.]
 [500.]
 [500.]
 [500.]
 [500.]
 [500.]
 [500.]
 [500.]
 [500.]
 [500.]]
Ch: [[0.18879135 1.17855564 0.1214793  0.25467584 0.12256811 0.11395917
  0.56680332 0.4109682 ]
 [0.23148119 1.75765231 0.168954   1.38356671 0.63128476 0.20845303
  0.35149514 1.87919534]
 [0.24075524 1.35047763 0.25442121 0.54731991 0.78593687 0.19944526
  0.81275915 0.84429382]
 [0.15862355 0.77626165 1.58034294 0.88550844 0.34868292 0.56358474
  0.29752266 0.40047505]
 [1.0265926  1.45925477 0.55416197 0.84738326 0.83671541 0.2875101
  0.18117574 0.10844823]
 [0.42521355 0.96727865 1.11205051 0.29370552 0.84745426 1.07746093
  0.18392995 0.47054711]
 [0.74822708 1.37954844 0.26493407 0.61873533 1.72530684 0.13475656
  0.32905855 1.03121145]]
Cv: [[0.         0.         0.         0.         0.         0.
  0.        ]
 [0.17909332 0.59793706 0.92341334 1.43955575 0.74740974 1.49589219
  0.18356134]
 [0.73669861 0.38102561 0.18037768 0.32596278 0.47278435 0.18551619
  0.82534219]
 [1.42092654 0.33384615 0.72575799 0.27174043 0.72205082 0.12674707
  0.17849068]
 [0.76086875 0.2034944  0.80631195 0.27262925 1.59192683 0.2173315
  0.22507102]
 [0.59997498 1.23476685 0.11316246 0.22157946 0.48805981 1.27067219
  1.01899008]
 [0.11623443 0.23532219 0.67348274 1.03315043 1.69950815 0.3321046
  0.15588344]]
Rh: [[ 8.62317548  5.89548686  6.27773309  3.29532944  1.44986441 11.15097371
  16.70818665  1.8492696 ]
 [ 1.28789557  1.20770116  6.0065635   1.51188064  5.04055079  1.58770688
   1.19721439  1.59992566]
 [12.25966163  9.8739213   5.11281288 16.38642731  1.73380302  4.29637678
   8.98738825  3.20085924]
 [ 6.72591841  3.46392782  7.69150013  8.22860822  1.33967594  2.51654929
   1.96238959  1.9873751 ]
 [ 1.10815858 10.67203627  5.97263307  2.15284886 18.28413194  2.70349267
   4.4306988   3.10756206]
 [12.669835    1.20904266  1.69775745  3.02964446  4.50108834  4.51696579
   1.27007914  1.30114028]
 [ 1.17465366  3.35652821  3.99546225  2.10647983  1.80013111  6.57963474
   2.24269688  1.5356372 ]]
Rv: [[ 1.12520145  8.84884203  2.65090516  9.64365023  8.72498829  2.5086105
   1.61916508]
 [ 8.32355179  2.01985362  5.70724232  1.35820183  2.49997139  5.97824397
   4.44278222]
 [ 7.62294962  1.4756517  11.91817532  1.30890197  6.56031636  1.51146411
   2.64665188]
 [ 6.06136724  5.69425715  8.83675776  9.62395771  8.27951243  1.31886761
  14.19565275]
 [ 5.08447394 10.13327104  1.02671695  1.27124249 12.22414331  2.98250165
  16.84823619]
 [ 1.54590757  1.03666344  1.85129359  4.11040422  2.8524803  10.39884678
   1.81348071]]