-------Running parameters--------
T = 0.0
gap = 0
M = 10
N = 10
VR = 0.0
Vmin = 0.0
Vmax = 3.0
vStep = 0.01
vSym = True
repeats = 20
fileName = array_10_10_c_r_disorder_run_5
dist = exp
fullOutput = True
use_graph = False
current_map = True
plot_current_map = False
plot_binary_current_map = False
dbg = False
resume = False
sc = False
leaping = False
constQ = False
modifyR = False
output_folder = 2d_array_bgu_low_vg
params_path = 
VG_avg = -3.5
VG_std = 0.0
C_avg = 2.0
C_std = 1.0
CG_avg = 10.0
CG_std = 0.0
R_avg = 10.0
R_std = 9.0
custom_rh = ""
custom_rv = ""
custom_ch = ""
custom_cv = ""
RG_avg = 500.0
RG_std = 0.0
n0_avg = 0.0
n0_std = 0.0
Q0_avg = 0.0
Q0_std = 0.0
----Array Parameters-----
Rows: 10
Columns: 10
VG: [[-3.5]
 [-3.5]
 [-3.5]
 [-3.5]
 [-3.5]
 [-3.5]
 [-3.5]
 [-3.5]
 [-3.5]
 [-3.5]
 [-3.5]
 [-3.5]
 [-3.5]
 [-3.5]
 [-3.5]
 [-3.5]
 [-3.5]
 [-3.5]
 [-3.5]
 [-3.5]
 [-3.5]
 [-3.5]
 [-3.5]
 [-3.5]
 [-3.5]
 [-3.5]
 [-3.5]
 [-3.5]
 [-3.5]
 [-3.5]
 [-3.5]
 [-3.5]
 [-3.5]
 [-3.5]
 [-3.5]
 [-3.5]
 [-3.5]
 [-3.5]
 [-3.5]
 [-3.5]
 [-3.5]
 [-3.5]
 [-3.5]
 [-3.5]
 [-3.5]
 [-3.5]
 [-3.5]
 [-3.5]
 [-3.5]
 [-3.5]
 [-3.5]
 [-3.5]
 [-3.5]
 [-3.5]
 [-3.5]
 [-3.5]
 [-3.5]
 [-3.5]
 [-3.5]
 [-3.5]
 [-3.5]
 [-3.5]
 [-3.5]
 [-3.5]
 [-3.5]
 [-3.5]
 [-3.5]
 [-3.5]
 [-3.5]
 [-3.5]
 [-3.5]
 [-3.5]
 [-3.5]
 [-3.5]
 [-3.5]
 [-3.5]
 [-3.5]
 [-3.5]
 [-3.5]
 [-3.5]
 [-3.5]
 [-3.5]
 [-3.5]
 [-3.5]
 [-3.5]
 [-3.5]
 [-3.5]
 [-3.5]
 [-3.5]
 [-3.5]
 [-3.5]
 [-3.5]
 [-3.5]
 [-3.5]
 [-3.5]
 [-3.5]
 [-3.5]
 [-3.5]
 [-3.5]
 [-3.5]]
CG: [[10.]
 [10.]
 [10.]
 [10.]
 [10.]
 [10.]
 [10.]
 [10.]
 [10.]
 [10.]
 [10.]
 [10.]
 [10.]
 [10.]
 [10.]
 [10.]
 [10.]
 [10.]
 [10.]
 [10.]
 [10.]
 [10.]
 [10.]
 [10.]
 [10.]
 [10.]
 [10.]
 [10.]
 [10.]
 [10.]
 [10.]
 [10.]
 [10.]
 [10.]
 [10.]
 [10.]
 [10.]
 [10.]
 [10.]
 [10.]
 [10.]
 [10.]
 [10.]
 [10.]
 [10.]
 [10.]
 [10.]
 [10.]
 [10.]
 [10.]
 [10.]
 [10.]
 [10.]
 [10.]
 [10.]
 [10.]
 [10.]
 [10.]
 [10.]
 [10.]
 [10.]
 [10.]
 [10.]
 [10.]
 [10.]
 [10.]
 [10.]
 [10.]
 [10.]
 [10.]
 [10.]
 [10.]
 [10.]
 [10.]
 [10.]
 [10.]
 [10.]
 [10.]
 [10.]
 [10.]
 [10.]
 [10.]
 [10.]
 [10.]
 [10.]
 [10.]
 [10.]
 [10.]
 [10.]
 [10.]
 [10.]
 [10.]
 [10.]
 [10.]
 [10.]
 [10.]
 [10.]
 [10.]
 [10.]
 [10.]]
RG: [[500.]
 [500.]
 [500.]
 [500.]
 [500.]
 [500.]
 [500.]
 [500.]
 [500.]
 [500.]
 [500.]
 [500.]
 [500.]
 [500.]
 [500.]
 [500.]
 [500.]
 [500.]
 [500.]
 [500.]
 [500.]
 [500.]
 [500.]
 [500.]
 [500.]
 [500.]
 [500.]
 [500.]
 [500.]
 [500.]
 [500.]
 [500.]
 [500.]
 [500.]
 [500.]
 [500.]
 [500.]
 [500.]
 [500.]
 [500.]
 [500.]
 [500.]
 [500.]
 [500.]
 [500.]
 [500.]
 [500.]
 [500.]
 [500.]
 [500.]
 [500.]
 [500.]
 [500.]
 [500.]
 [500.]
 [500.]
 [500.]
 [500.]
 [500.]
 [500.]
 [500.]
 [500.]
 [500.]
 [500.]
 [500.]
 [500.]
 [500.]
 [500.]
 [500.]
 [500.]
 [500.]
 [500.]
 [500.]
 [500.]
 [500.]
 [500.]
 [500.]
 [500.]
 [500.]
 [500.]
 [500.]
 [500.]
 [500.]
 [500.]
 [500.]
 [500.]
 [500.]
 [500.]
 [500.]
 [500.]
 [500.]
 [500.]
 [500.]
 [500.]
 [500.]
 [500.]
 [500.]
 [500.]
 [500.]
 [500.]]
Ch: [[2.9334137  1.17403805 2.62549834 1.81275654 1.3921576  1.14557801
  2.31763449 2.34366331 2.97653648 1.89040544 2.69798771]
 [1.565323   1.08370106 1.04421266 2.74939972 2.94107298 2.6726727
  2.03267611 1.0460023  1.07555595 1.16326134 1.76542093]
 [1.76756374 1.21161537 2.84271344 2.64008099 1.64005618 1.70130478
  2.02910149 1.24857335 1.33335778 1.81131969 1.46613859]
 [2.83093214 2.55218672 1.52924319 1.93876329 1.18040378 1.82454762
  2.57305109 2.05323197 1.04488089 1.40507379 1.92831918]
 [1.13711157 1.91260304 1.97950415 1.62319403 2.88708715 1.41141873
  1.15127292 2.05342723 1.10887561 2.76618406 2.03873588]
 [1.76918435 2.25220508 1.0139968  1.67868093 1.05321342 1.36157203
  1.3253387  1.68524141 1.85203288 2.49736853 2.12849752]
 [2.31891357 1.35284144 1.39843299 1.66795074 1.86584995 2.9011762
  2.97848664 2.1366891  1.61106742 1.60994459 1.13165861]
 [1.62535906 2.85956166 1.91742004 1.33852956 2.13606227 1.29549862
  2.67796894 1.90495517 2.28796912 2.60748983 1.41634997]
 [1.32474837 2.77395957 1.02471268 1.14843263 2.10728785 1.7067808
  2.23190341 2.16946254 1.31058896 1.84828649 2.9746276 ]
 [1.62878343 2.97775617 2.85349951 1.78600143 2.00384237 1.54193934
  2.99285494 1.05588725 1.43637614 2.51166924 1.41533874]]
Cv: [[0.         0.         0.         0.         0.         0.
  0.         0.         0.         0.        ]
 [1.36606409 2.0674514  2.47544499 1.19703145 2.28400325 1.64105898
  2.02875106 1.71611691 1.77980734 1.92235662]
 [1.01148742 1.20328971 2.67659877 1.34728283 2.26967478 1.20005458
  1.18353758 1.74619765 1.21313136 2.87816981]
 [1.09057533 2.65387812 2.50897333 2.78134437 1.17017267 2.85751159
  1.51896028 2.7773287  1.48984158 2.56247581]
 [1.56156844 1.89638602 2.31092265 2.00526614 2.42436912 2.76107729
  1.28472597 2.57993294 1.10809227 1.2990461 ]
 [2.88807385 2.42063663 2.4132074  2.80553972 1.61883873 1.07768806
  1.08173171 1.39770881 2.76242687 1.14837026]
 [1.52519873 1.59744628 2.20690247 2.65532033 1.0097855  1.70357606
  1.22726382 1.23486188 2.03193221 2.31583387]
 [1.18705665 2.90818057 2.70891602 1.09576749 1.5091315  2.5701475
  2.9794805  1.31972304 1.72459179 2.33451658]
 [2.79047008 2.84355752 2.09355121 2.86670913 1.95833533 1.34698825
  2.17357684 1.37100597 2.50388889 1.63152708]
 [1.04368506 1.74844127 1.54971848 1.33981826 2.91637997 2.53105947
  1.46007192 1.45241313 2.3416663  1.37336782]]
Rh: [[17.36571328  1.08113645 16.91891239  1.22100111 12.97112474  4.2508201
   1.21363309 15.07379793 12.13568821  1.8758507   4.37922357]
 [ 7.89021352  5.80643605  6.12078222  7.69771634 14.04809051 17.10463035
  10.34597933  3.98228812  5.03921841  7.19809276  1.7803485 ]
 [ 1.70670876  2.13497139  3.96682221  4.46229537  5.19087906  5.22118046
   4.71026146  3.40392992  2.55523604  1.50105942  1.77969266]
 [ 1.27233818 14.3930866   1.41146945  5.24833389 14.62451647  7.42299632
  11.31272432 10.39090156  5.43031992 18.1376328   2.76169215]
 [15.24298579  5.56572063  1.5804715   2.81550388  1.76423257  7.56371187
   1.76713902  6.18958797  1.21794229  1.16957787  9.88696602]
 [ 5.02687702  4.02664399  2.60733647  9.08459229  1.42250829  1.1595019
   4.84352004  2.13287518  5.79436812  1.47927542  6.05187773]
 [ 8.5945339   2.15611311  6.58190153  8.75239509  2.69374092 11.79971471
   1.54980367  6.84558394  2.49735962  1.57745216 18.37257128]
 [ 1.37695408  4.75202627  3.03974696  1.09750783  5.48380108  2.93474217
   1.18513517  5.87174102  4.94785482  1.4971675   7.49275508]
 [ 9.64037826  2.24432854  1.57373992  1.12699095  8.23794363  2.88654757
   2.83792872  2.63110876  5.60622973  1.12069447  1.62301159]
 [ 6.1367355   1.10083859  1.70821589  4.67100459  2.70630577  3.31403907
   7.00173258  1.40992649  2.97997187 16.63949683  1.77772192]]
Rv: [[ 3.24570624  5.32924999  3.21726742  5.03320925  1.0326444  13.46583744
  13.28365308  2.52276254  5.35208656  2.67172424]
 [ 9.14740522 11.59181088  1.97077011  8.4800281   3.44682207 12.6677074
   5.70880494  6.66875747  2.38525111  1.21330864]
 [ 1.77070706  2.50197773  3.80914362 15.19446509  2.56499898  2.45490014
   1.08953065  7.0699438   4.45605668  5.10797202]
 [16.47998464  5.59616995  4.87570572  5.01000472  1.95470578  1.2365146
  16.49640949 13.14501753  1.71153716 10.61734623]
 [15.69613338  4.19388883  2.39275156  2.49546785  4.67712022  1.21994196
   1.44771585  1.57243809  4.1065903   9.06281059]
 [ 8.00357544 10.49614572  9.74490719  5.22505608  2.58148176 11.10426087
   1.15046125  4.95901668  9.75435853  3.18215668]
 [ 1.61787734  9.15179414  1.24285529 18.74293138  1.15236495 15.35261812
   5.92780643  1.9369252   1.37305743  6.341152  ]
 [ 1.71076902 17.07922367  9.71770219  3.86068987 14.98081877  5.4587894
  15.67606177  2.31749914  4.30699689  7.76414547]
 [ 4.54651803  4.50297971  1.75174641  6.66657222  1.18187748  3.27736228
   4.61333527  2.549576    1.65667485  1.42949949]]
