-------Running parameters--------
T = 0.0
gap = 0
M = 10
N = 10
VR = 0.0
Vmin = 0.0
Vmax = 1.1
vStep = 0.01
vSym = True
repeats = 20
fileName = array_10_10_c_r_disorder_run_4_change_8
dist = exp
fullOutput = True
use_graph = False
current_map = True
plot_current_map = False
plot_binary_current_map = False
frame_norm = False
dbg = False
resume = False
sc = False
leaping = False
constQ = False
modifyR = False
double_time = False
double_loop = False
output_folder = hysteresis_tries
params_path = hysteresis_tries/runningParameters_array_10_10_c_r_disorder_run_4_change_8.txt
VG_avg = -3.5
VG_std = 0.0
C_avg = 2.0
C_std = 1.0
CG_avg = 10.0
CG_std = 0.0
R_avg = 10.0
R_std = 9.0
custom_rh = ""
custom_rv = ""
custom_ch = ""
custom_cv = ""
RG_avg = 500.0
RG_std = 0.0
n0_avg = 0.0
n0_std = 0.0
Q0_avg = 0.0
Q0_std = 0.0
----Array Parameters-----
Rows: 10
Columns: 10
VG: [[-3.5]
 [-3.5]
 [-3.5]
 [-3.5]
 [-3.5]
 [-3.5]
 [-3.5]
 [-3.5]
 [-3.5]
 [-3.5]
 [-3.5]
 [-3.5]
 [-3.5]
 [-3.5]
 [-3.5]
 [-3.5]
 [-3.5]
 [-3.5]
 [-3.5]
 [-3.5]
 [-3.5]
 [-3.5]
 [-3.5]
 [-3.5]
 [-3.5]
 [-3.5]
 [-3.5]
 [-3.5]
 [-3.5]
 [-3.5]
 [-3.5]
 [-3.5]
 [-3.5]
 [-3.5]
 [-3.5]
 [-3.5]
 [-3.5]
 [-3.5]
 [-3.5]
 [-3.5]
 [-3.5]
 [-3.5]
 [-3.5]
 [-3.5]
 [-3.5]
 [-3.5]
 [-3.5]
 [-3.5]
 [-3.5]
 [-3.5]
 [-3.5]
 [-3.5]
 [-3.5]
 [-3.5]
 [-3.5]
 [-3.5]
 [-3.5]
 [-3.5]
 [-3.5]
 [-3.5]
 [-3.5]
 [-3.5]
 [-3.5]
 [-3.5]
 [-3.5]
 [-3.5]
 [-3.5]
 [-3.5]
 [-3.5]
 [-3.5]
 [-3.5]
 [-3.5]
 [-3.5]
 [-3.5]
 [-3.5]
 [-3.5]
 [-3.5]
 [-3.5]
 [-3.5]
 [-3.5]
 [-3.5]
 [-3.5]
 [-3.5]
 [-3.5]
 [-3.5]
 [-3.5]
 [-3.5]
 [-3.5]
 [-3.5]
 [-3.5]
 [-3.5]
 [-3.5]
 [-3.5]
 [-3.5]
 [-3.5]
 [-3.5]
 [-3.5]
 [-3.5]
 [-3.5]
 [-3.5]]
CG: [[10.]
 [10.]
 [10.]
 [10.]
 [10.]
 [10.]
 [10.]
 [10.]
 [10.]
 [10.]
 [10.]
 [10.]
 [10.]
 [10.]
 [10.]
 [10.]
 [10.]
 [10.]
 [10.]
 [10.]
 [10.]
 [10.]
 [10.]
 [10.]
 [10.]
 [10.]
 [10.]
 [10.]
 [10.]
 [10.]
 [10.]
 [10.]
 [10.]
 [10.]
 [10.]
 [10.]
 [10.]
 [10.]
 [10.]
 [10.]
 [10.]
 [10.]
 [10.]
 [10.]
 [10.]
 [10.]
 [10.]
 [10.]
 [10.]
 [10.]
 [10.]
 [10.]
 [10.]
 [10.]
 [10.]
 [10.]
 [10.]
 [10.]
 [10.]
 [10.]
 [10.]
 [10.]
 [10.]
 [10.]
 [10.]
 [10.]
 [10.]
 [10.]
 [10.]
 [10.]
 [10.]
 [10.]
 [10.]
 [10.]
 [10.]
 [10.]
 [10.]
 [10.]
 [10.]
 [10.]
 [10.]
 [10.]
 [10.]
 [10.]
 [10.]
 [10.]
 [10.]
 [10.]
 [10.]
 [10.]
 [10.]
 [10.]
 [10.]
 [10.]
 [10.]
 [10.]
 [10.]
 [10.]
 [10.]
 [10.]]
RG: [[500.]
 [500.]
 [500.]
 [500.]
 [500.]
 [500.]
 [500.]
 [500.]
 [500.]
 [500.]
 [500.]
 [500.]
 [500.]
 [500.]
 [500.]
 [500.]
 [500.]
 [500.]
 [500.]
 [500.]
 [500.]
 [500.]
 [500.]
 [500.]
 [500.]
 [500.]
 [500.]
 [500.]
 [500.]
 [500.]
 [500.]
 [500.]
 [500.]
 [500.]
 [500.]
 [500.]
 [500.]
 [500.]
 [500.]
 [500.]
 [500.]
 [500.]
 [500.]
 [500.]
 [500.]
 [500.]
 [500.]
 [500.]
 [500.]
 [500.]
 [500.]
 [500.]
 [500.]
 [500.]
 [500.]
 [500.]
 [500.]
 [500.]
 [500.]
 [500.]
 [500.]
 [500.]
 [500.]
 [500.]
 [500.]
 [500.]
 [500.]
 [500.]
 [500.]
 [500.]
 [500.]
 [500.]
 [500.]
 [500.]
 [500.]
 [500.]
 [500.]
 [500.]
 [500.]
 [500.]
 [500.]
 [500.]
 [500.]
 [500.]
 [500.]
 [500.]
 [500.]
 [500.]
 [500.]
 [500.]
 [500.]
 [500.]
 [500.]
 [500.]
 [500.]
 [500.]
 [500.]
 [500.]
 [500.]
 [500.]]
Ch: [[1.98089198 1.82822377 1.06310897 1.87598341 1.21768275 1.62054952
  1.04971355 1.61096808 2.80747998 1.83914418 2.93871988]
 [1.79154199 1.22481191 2.66215822 1.54558924 1.19461415 1.12533925
  2.09264641 1.47309861 1.57353385 1.83435641 2.94199047]
 [1.30532405 1.05659722 2.82209657 2.96176119 2.61411324 2.41348996
  1.74368667 1.1902441  2.53359906 1.7603667  2.66758065]
 [2.23131415 1.42818049 1.38435665 2.30146093 2.03266049 2.16711479
  2.15908308 1.06196412 1.50396228 2.68450345 1.17019208]
 [1.68093761 2.86866702 2.12609952 2.39772535 2.95619777 2.07499016
  1.50987696 1.11724825 1.42568027 1.02110773 1.7726298 ]
 [1.43650067 1.14942451 1.48647721 1.1518499  1.64751261 2.82411468
  2.99979831 1.41676435 1.44148701 1.93927454 1.20610774]
 [1.67886363 1.17444776 1.24517717 1.49394701 1.05305399 2.69561074
  1.36834474 1.25248812 2.94066678 2.78919537 1.69829106]
 [2.76326732 1.02141927 1.18684182 1.42382691 1.78655427 2.44962635
  2.1390665  1.12589405 1.24933473 2.81878912 1.81394815]
 [2.24851323 1.72169788 1.83647614 2.58015971 1.14684984 2.39480585
  1.31251046 1.81793205 1.86342483 2.40700368 1.54259548]
 [2.84074642 1.01216747 1.69397012 1.59206588 2.31775973 2.62091402
  1.96100971 2.12279425 2.98373123 2.0926754  2.12171844]]
Cv: [[0.         0.         0.         0.         0.         0.
  0.         0.         0.         0.        ]
 [1.27510562 1.30633341 2.10410026 1.95832576 2.59858445 2.83250751
  1.48079898 2.10496485 1.18211853 2.78643106]
 [1.32554333 1.71121672 1.00839515 1.88045866 1.68592892 2.341221
  1.74800535 1.33525791 1.25968552 2.05755887]
 [1.06998815 1.74321302 2.4329302  2.45741909 2.46499668 1.49507615
  1.17995049 1.13234171 2.10813873 2.09309129]
 [2.19814874 2.70121767 2.90344454 1.28924647 1.50355578 1.1337218
  1.66234845 1.36208494 1.08940294 1.93802628]
 [1.94168447 2.22269721 2.33692368 2.00742156 2.15573853 1.30519848
  2.12409573 1.11782062 2.81052945 2.39233426]
 [1.59426502 1.14741532 2.10967998 1.97636113 2.95593252 1.2679044
  1.40821468 1.17560534 1.33439155 2.67278027]
 [2.72470497 1.34681817 1.69704634 1.19755163 1.26149126 2.98853217
  1.38107903 1.48008061 2.30797003 1.60252915]
 [2.67035473 1.09218069 2.63751315 1.41337392 1.05655645 2.71031426
  2.36689718 1.34209785 2.02081257 1.8144622 ]
 [1.50541384 1.77914297 1.04695035 2.35511595 1.21773709 2.37110513
  1.99898089 1.16541499 1.05003162 1.13177248]]
Rh: [[ 6.54178677  1.66487337 11.894558    1.50343802  3.577521    9.55718301
  13.53354346 10.00062397 18.09857882  3.89486058  1.178657  ]
 [ 1.38304043  7.1189991   6.49634496  8.89118533  7.81935116  1.24880006
  10.05960992  2.84170075  7.46915199  2.2126321   9.77630187]
 [ 6.14449809  1.15795948  4.47737021  1.143       1.167       1.04211537
   1.28927972  9.29269068  9.38136544  1.1941905   2.08233819]
 [ 3.58846271  4.96307986  1.66241491  1.93906238  1.7380227   8.88493194
   1.04899767 13.25998012 10.53105715  2.14281146  2.02406605]
 [12.58977437  7.07025759  1.69269423  3.49219448  1.1748013   1.39720659
   1.32389091 13.85335416  5.69440693  1.42628182  3.3500729 ]
 [ 9.63169588  2.43078706  3.08760992  2.69448206 16.89364507  4.01006755
   8.3385159   4.86536879 14.42510088  1.18645372  1.36766017]
 [ 1.78423983  1.63231625  4.61213634 10.61432901  8.28941867  3.22382065
   1.20296475  1.49608569  1.71284938 18.12427858  6.38881847]
 [ 3.08860248  3.82919495 14.59426789  1.88077408  2.34751391  6.84263397
   1.63032424  6.38097934  2.81162071  3.75835714 12.66801001]
 [ 1.49005389  4.08561932  8.91056042  4.27899159  6.03713231  5.63432282
  11.80234584  1.3286171   1.54224129  7.85077876 13.06547268]
 [ 1.58125812  8.66602756  6.55478875  1.39881657  3.13519814  4.99192396
   7.03101134  9.1513078   2.2302483   3.78157246  1.84878541]]
Rv: [[ 5.47099983 13.69097832  6.78892907  2.86014787  5.53469262  1.37500118
   2.51958767  4.29601082  9.93773607  1.4551847 ]
 [ 4.82368859  5.79067474  1.94565689  3.67367405 18.71856933  8.76826566
   8.06734571  1.07439926  1.08418767  5.80193307]
 [ 2.55931606  6.11489097  4.12809217  1.78547613 13.16793924  2.47543828
   4.3310516   3.49421746  9.38291186  3.43860113]
 [ 9.88865141  1.48715761  4.76727829  1.94667167  8.38749392  1.08300861
   6.23683784  6.00006528  5.6694151   1.51035983]
 [ 6.09491615  1.35677572  6.88399313  4.46822986  5.61572989  8.12663756
   7.68685502 13.10069992  1.48162404  9.16447376]
 [ 2.90331792  2.95256174  9.91897047  9.66881554  9.2290051   4.1515783
   1.20964437  2.30063529  9.31395767  2.10306414]
 [ 8.61446535 17.30545459 17.22266899  5.36504465  1.49560112  2.44193693
   2.60710177  6.15915504  7.06156695 15.80589109]
 [ 2.7596453   1.52708051  9.40478145  1.51686419  1.32813443  7.52618095
  13.50843236  3.39248655 13.96699287  9.1933014 ]
 [ 2.07796596 10.21519399  7.0945804   8.85201751 15.70245055  4.88781384
   7.41333482  1.0290379  17.46972468  1.6161106 ]]