-------Running parameters--------
M = 5
N = 5
VR = 0.0
Vmin = 0.0
Vmax = 10.0
vStep = 0.01
repeats = 20
fileName = uniform_disorder_5_5
dist = uniform
fullOutput = True
use_graph = False
output_folder = big_2D_square_arrays
VG_avg = 0.0
VG_std = 0.0
C_avg = 1.0
C_std = 0.0
CG_avg = 10.0
CG_std = 0.0
R_avg = 10.0
R_std = 9.0
RG_avg = 1000.0
RG_std = 0.0
n0_avg = 0.0
n0_std = 0.0
Q0_avg = 0.0
Q0_std = 0.0
----Array Parameters-----
Rows: 5
Columns: 5
VG: [[0. 0. 0. 0. 0.]
 [0. 0. 0. 0. 0.]
 [0. 0. 0. 0. 0.]
 [0. 0. 0. 0. 0.]
 [0. 0. 0. 0. 0.]]
CG: [[10. 10. 10. 10. 10.]
 [10. 10. 10. 10. 10.]
 [10. 10. 10. 10. 10.]
 [10. 10. 10. 10. 10.]
 [10. 10. 10. 10. 10.]]
RG: [[1000. 1000. 1000. 1000. 1000.]
 [1000. 1000. 1000. 1000. 1000.]
 [1000. 1000. 1000. 1000. 1000.]
 [1000. 1000. 1000. 1000. 1000.]
 [1000. 1000. 1000. 1000. 1000.]]
Ch: [[1. 1. 1. 1. 1. 1.]
 [1. 1. 1. 1. 1. 1.]
 [1. 1. 1. 1. 1. 1.]
 [1. 1. 1. 1. 1. 1.]
 [1. 1. 1. 1. 1. 1.]]
Cv: [[0. 0. 0. 0. 0.]
 [1. 1. 1. 1. 1.]
 [1. 1. 1. 1. 1.]
 [1. 1. 1. 1. 1.]
 [1. 1. 1. 1. 1.]]
Rh: [[ 9.36702382  8.41087126 10.24736926  3.23762909  6.59377707 13.35537304]
 [14.78988656 18.88843829 17.3538783   2.35846114 17.75917152  7.43886014]
 [14.6541483  18.36223436 14.06946343 17.2413673   6.05591588 17.07427992]
 [15.05507992 13.03898088  1.18372737 18.62928631 12.41454088 18.77350298]
 [10.27071013  4.18109839 15.118472   14.91743787  3.67078027  3.87878834]]
Rv: [[ 7.98763671  9.05232934  3.24967039  2.8095863  15.58856818]
 [15.56213209  8.30136812  5.293992    2.29868341 12.6990931 ]
 [10.26185018  2.28497484 17.74611949 12.47641375 10.49824783]
 [ 1.96727625 17.54654119 17.07531072  1.43669033 13.90011888]]