-------Running parameters--------
T = 0.001
gap = 0
M = 5
N = 15
VR = 0.0
VU = 0.0
VD = 0.0
rightElectrode = 
leftElectrode = 
upElectrode = "[0,0,0,0,0,0,0,1,0,0,0,0,0,0,0]"
downElectrode = "[0,0,0,0,0,0,0,1,0,0,0,0,0,0,0]"
Vmin = 0.0
Vmax = 3.0
vStep = 0.01
vSym = True
repeats = 20
fileName = array_5_15_r_std_9_run_6
dist = exp
fullOutput = True
use_graph = False
current_map = True
plot_current_map = False
plot_binary_current_map = False
dbg = False
resume = False
sc = False
leaping = False
constQ = False
modifyR = False
calcIT = False
output_folder = 2d_long_array_bgu_with_perp_point_contact
params_path = 
VG_avg = 0.0
VG_std = 0.0
C_avg = 1.0
C_std = 1.0
CG_avg = 10.0
CG_std = 0.0
R_avg = 10.0
R_std = 9.0
custom_rh = ""
custom_rv = ""
custom_ch = ""
custom_cv = ""
RG_avg = 500.0
RG_std = 0.0
n0_avg = 0.0
n0_std = 0.0
Q0_avg = 0.0
Q0_std = 0.0
----Array Parameters-----
Rows: 5
Columns: 15
VG: [[0.]
 [0.]
 [0.]
 [0.]
 [0.]
 [0.]
 [0.]
 [0.]
 [0.]
 [0.]
 [0.]
 [0.]
 [0.]
 [0.]
 [0.]
 [0.]
 [0.]
 [0.]
 [0.]
 [0.]
 [0.]
 [0.]
 [0.]
 [0.]
 [0.]
 [0.]
 [0.]
 [0.]
 [0.]
 [0.]
 [0.]
 [0.]
 [0.]
 [0.]
 [0.]
 [0.]
 [0.]
 [0.]
 [0.]
 [0.]
 [0.]
 [0.]
 [0.]
 [0.]
 [0.]
 [0.]
 [0.]
 [0.]
 [0.]
 [0.]
 [0.]
 [0.]
 [0.]
 [0.]
 [0.]
 [0.]
 [0.]
 [0.]
 [0.]
 [0.]
 [0.]
 [0.]
 [0.]
 [0.]
 [0.]
 [0.]
 [0.]
 [0.]
 [0.]
 [0.]
 [0.]
 [0.]
 [0.]
 [0.]
 [0.]]
CG: [[10.]
 [10.]
 [10.]
 [10.]
 [10.]
 [10.]
 [10.]
 [10.]
 [10.]
 [10.]
 [10.]
 [10.]
 [10.]
 [10.]
 [10.]
 [10.]
 [10.]
 [10.]
 [10.]
 [10.]
 [10.]
 [10.]
 [10.]
 [10.]
 [10.]
 [10.]
 [10.]
 [10.]
 [10.]
 [10.]
 [10.]
 [10.]
 [10.]
 [10.]
 [10.]
 [10.]
 [10.]
 [10.]
 [10.]
 [10.]
 [10.]
 [10.]
 [10.]
 [10.]
 [10.]
 [10.]
 [10.]
 [10.]
 [10.]
 [10.]
 [10.]
 [10.]
 [10.]
 [10.]
 [10.]
 [10.]
 [10.]
 [10.]
 [10.]
 [10.]
 [10.]
 [10.]
 [10.]
 [10.]
 [10.]
 [10.]
 [10.]
 [10.]
 [10.]
 [10.]
 [10.]
 [10.]
 [10.]
 [10.]
 [10.]]
RG: [[500.]
 [500.]
 [500.]
 [500.]
 [500.]
 [500.]
 [500.]
 [500.]
 [500.]
 [500.]
 [500.]
 [500.]
 [500.]
 [500.]
 [500.]
 [500.]
 [500.]
 [500.]
 [500.]
 [500.]
 [500.]
 [500.]
 [500.]
 [500.]
 [500.]
 [500.]
 [500.]
 [500.]
 [500.]
 [500.]
 [500.]
 [500.]
 [500.]
 [500.]
 [500.]
 [500.]
 [500.]
 [500.]
 [500.]
 [500.]
 [500.]
 [500.]
 [500.]
 [500.]
 [500.]
 [500.]
 [500.]
 [500.]
 [500.]
 [500.]
 [500.]
 [500.]
 [500.]
 [500.]
 [500.]
 [500.]
 [500.]
 [500.]
 [500.]
 [500.]
 [500.]
 [500.]
 [500.]
 [500.]
 [500.]
 [500.]
 [500.]
 [500.]
 [500.]
 [500.]
 [500.]
 [500.]
 [500.]
 [500.]
 [500.]]
Ch: [[0.0197389  0.11611907 0.03306886 0.01447459 1.24367372 1.70558376
  0.67052927 0.02260508 0.4313088  0.02507842 1.02955245 0.18889897
  0.04188801 0.04885786 0.0502976  0.03994318]
 [0.0935599  1.31619096 1.08285919 0.12957312 0.50688163 0.20900297
  0.44986175 1.62484746 1.51248804 0.32997725 1.15872177 1.87967003
  0.05751115 0.10422431 0.037849   1.66897955]
 [0.02898429 1.92735065 1.43446165 0.2393838  0.13725207 0.03416859
  0.09972752 0.02036886 0.29877702 0.10238191 0.36590522 0.01579426
  0.57364435 0.82299146 0.01371282 0.0123579 ]
 [0.01016825 0.41690159 0.01066428 0.17253474 0.22122242 0.19677589
  0.47476977 1.12181085 0.09773717 0.23222272 0.29532483 0.01032479
  0.03228039 0.46695389 0.05193435 0.01219748]
 [0.01946723 1.0574403  0.9255099  0.14568818 0.07077521 0.0181029
  0.02015085 0.02920724 1.85259129 0.01247301 0.15645562 0.42967261
  0.0202835  0.01718755 0.03466515 0.22123082]]
Cv: [[0.04231579 0.23563891 1.06358853 0.1405567  0.14082849 0.08033966
  1.47927895 0.89156509 0.26387609 0.01319611 1.34540338 0.02393944
  0.29841132 0.41859267 1.13518519]
 [0.01638994 0.06356371 0.01311249 0.02227437 1.81837309 1.50676853
  0.21005848 0.10828471 0.4293978  0.03391568 0.10095323 0.01082284
  0.40831505 0.92858329 0.20492052]
 [0.01263771 0.07426283 0.02960681 0.08382355 0.13950721 0.02513958
  0.46450355 0.81144913 0.49779842 0.74644808 0.62767471 0.87342958
  0.25136197 0.10641819 1.23844564]
 [0.01984206 0.04568794 0.02818698 1.89397769 0.9850004  0.01051335
  0.01755786 0.15626478 0.02313074 0.53301061 0.5423052  1.59970391
  0.22077375 0.05699127 0.06642067]
 [0.01081707 1.73663268 0.45294446 0.5605741  0.10651695 0.2144247
  0.26744864 0.40586262 0.99717375 0.01666012 0.46793107 0.18890898
  0.46377171 0.02094204 1.91778439]
 [0.07558    0.38408649 1.6596585  0.95793955 0.62410006 0.04101369
  0.08150161 0.2061106  0.81736963 0.2085582  0.64787531 0.52017522
  1.50922146 0.05316486 0.06514163]]
Rh: [[ 6.3465567   1.23504122  8.49167254 14.26047071 12.20126027 12.24626439
   3.20091832  2.39326102  9.43594435  1.07968312  3.7335983   3.10996531
  14.394586    2.28144331  1.55326855  3.38533049]
 [12.74756068  5.01156466  7.01137353  1.03824498  1.45429704  1.28065425
   7.70365841  4.5974941   4.28170796  1.68549755  8.92455022  4.73947927
  16.02131547  4.05877361  3.63125477  7.49526081]
 [ 3.14707416  1.86962763 15.93604303  2.80254334  1.84960361  9.82893587
   1.05545087 18.78329776  3.79394192  3.5091758   8.18840487  1.38825349
   2.20878939  2.37673722  1.58591061  4.92059593]
 [15.74140948  2.15839678 10.01679418  6.00452229  1.92468004  3.15780067
   5.53660684  1.178616    1.91708606  8.90484336  5.44496854  2.47720386
   1.23881279  3.21470874  5.94658588  1.20391586]
 [ 1.8808779   1.20634338  1.09001873  1.33302742  1.60674141 17.62953783
   2.0315098   5.81312468  9.00736253  6.77797342  7.48805723 17.28831806
  15.65265288  2.83617492  8.34248809  1.58200536]]
Rv: [[16.11345621 14.58543338 16.71860086 16.93566602 14.42065836  2.27241889
   4.49700559  1.8363992  16.23607943  3.44482363  1.91385905  1.12099349
   7.73291442  8.86321094  4.47566447]
 [ 1.03181364  7.20162754  1.64582351  1.05351833 10.41766262  2.80881739
   5.81249822  1.59836653  7.48266517 12.49989118  1.4835524   1.85526563
  17.3199911  13.33775855  7.2637918 ]
 [ 7.9292705   1.33293267  7.77040199  2.84812141  1.33106795  1.42551393
   1.94771336  2.06089433  6.98283927 12.85511855  1.34906561 13.2312139
   5.57053484  1.40709556  1.7936754 ]
 [ 1.24739867 17.08057109 14.49877158 11.84271468 10.82538951  2.57689327
  13.54177937  1.37773222  3.06007781  1.5211002   5.94370866  4.18226884
   4.73620754 10.61383104  3.30033072]
 [ 2.23349361 15.58836438  2.00804335  2.21023299  2.90829212  1.22250029
   2.86139367  7.16915653 12.79714882  8.70588822  3.35982291 17.01397778
   5.58130047  5.88430439  7.71922068]
 [ 5.48122575  7.6661876   4.6056267   1.91365764  6.5141287   2.78947466
   5.281097    1.97741367  1.60519503  2.80662611 10.2645121   1.67331376
   6.40359437  6.05819925  3.85428706]]