-------Running parameters--------
T = 0.001
gap = 0
M = 5
N = 15
VR = 0.0
VU = 0.0
VD = 0.0
rightElectrode = 
leftElectrode = 
upElectrode = "[0,0,0,0,0,0,0,1,0,0,0,0,0,0,0]"
downElectrode = "[0,0,0,0,0,0,0,1,0,0,0,0,0,0,0]"
Vmin = 0.0
Vmax = 2.0
vStep = 0.01
vSym = True
repeats = 20
fileName = array_5_15_r_std_9_run_8
dist = exp
fullOutput = True
use_graph = False
current_map = True
plot_current_map = False
plot_binary_current_map = False
dbg = False
resume = False
sc = False
leaping = False
constQ = False
modifyR = False
output_folder = 2d_long_array_bgu_with_perp_point_contact
params_path = 
VG_avg = 0.0
VG_std = 0.0
C_avg = 1.0
C_std = 1.0
CG_avg = 10.0
CG_std = 0.0
R_avg = 10.0
R_std = 9.0
custom_rh = ""
custom_rv = ""
custom_ch = ""
custom_cv = ""
RG_avg = 500.0
RG_std = 0.0
n0_avg = 0.0
n0_std = 0.0
Q0_avg = 0.0
Q0_std = 0.0
----Array Parameters-----
Rows: 5
Columns: 15
VG: [[0.]
 [0.]
 [0.]
 [0.]
 [0.]
 [0.]
 [0.]
 [0.]
 [0.]
 [0.]
 [0.]
 [0.]
 [0.]
 [0.]
 [0.]
 [0.]
 [0.]
 [0.]
 [0.]
 [0.]
 [0.]
 [0.]
 [0.]
 [0.]
 [0.]
 [0.]
 [0.]
 [0.]
 [0.]
 [0.]
 [0.]
 [0.]
 [0.]
 [0.]
 [0.]
 [0.]
 [0.]
 [0.]
 [0.]
 [0.]
 [0.]
 [0.]
 [0.]
 [0.]
 [0.]
 [0.]
 [0.]
 [0.]
 [0.]
 [0.]
 [0.]
 [0.]
 [0.]
 [0.]
 [0.]
 [0.]
 [0.]
 [0.]
 [0.]
 [0.]
 [0.]
 [0.]
 [0.]
 [0.]
 [0.]
 [0.]
 [0.]
 [0.]
 [0.]
 [0.]
 [0.]
 [0.]
 [0.]
 [0.]
 [0.]]
CG: [[10.]
 [10.]
 [10.]
 [10.]
 [10.]
 [10.]
 [10.]
 [10.]
 [10.]
 [10.]
 [10.]
 [10.]
 [10.]
 [10.]
 [10.]
 [10.]
 [10.]
 [10.]
 [10.]
 [10.]
 [10.]
 [10.]
 [10.]
 [10.]
 [10.]
 [10.]
 [10.]
 [10.]
 [10.]
 [10.]
 [10.]
 [10.]
 [10.]
 [10.]
 [10.]
 [10.]
 [10.]
 [10.]
 [10.]
 [10.]
 [10.]
 [10.]
 [10.]
 [10.]
 [10.]
 [10.]
 [10.]
 [10.]
 [10.]
 [10.]
 [10.]
 [10.]
 [10.]
 [10.]
 [10.]
 [10.]
 [10.]
 [10.]
 [10.]
 [10.]
 [10.]
 [10.]
 [10.]
 [10.]
 [10.]
 [10.]
 [10.]
 [10.]
 [10.]
 [10.]
 [10.]
 [10.]
 [10.]
 [10.]
 [10.]]
RG: [[500.]
 [500.]
 [500.]
 [500.]
 [500.]
 [500.]
 [500.]
 [500.]
 [500.]
 [500.]
 [500.]
 [500.]
 [500.]
 [500.]
 [500.]
 [500.]
 [500.]
 [500.]
 [500.]
 [500.]
 [500.]
 [500.]
 [500.]
 [500.]
 [500.]
 [500.]
 [500.]
 [500.]
 [500.]
 [500.]
 [500.]
 [500.]
 [500.]
 [500.]
 [500.]
 [500.]
 [500.]
 [500.]
 [500.]
 [500.]
 [500.]
 [500.]
 [500.]
 [500.]
 [500.]
 [500.]
 [500.]
 [500.]
 [500.]
 [500.]
 [500.]
 [500.]
 [500.]
 [500.]
 [500.]
 [500.]
 [500.]
 [500.]
 [500.]
 [500.]
 [500.]
 [500.]
 [500.]
 [500.]
 [500.]
 [500.]
 [500.]
 [500.]
 [500.]
 [500.]
 [500.]
 [500.]
 [500.]
 [500.]
 [500.]]
Ch: [[0.07923417 1.53779449 0.01325809 0.04944648 0.07991539 0.3233331
  0.02724952 1.97325469 0.01587631 0.04211696 0.27320526 0.09088936
  0.5919495  0.02613243 0.01233993 0.34722739]
 [0.39884507 0.56865394 0.23056347 0.01581615 0.02736219 0.01616535
  0.02708897 0.49588651 1.38008026 0.38398716 0.01008352 1.06135273
  0.38310598 0.01489451 0.01605453 0.13164934]
 [0.50656873 1.20118606 0.69848433 0.19482688 0.23654852 0.08108592
  0.17466075 0.07362082 0.91272304 0.17622545 0.06817705 0.06136321
  0.21318667 0.63050374 0.16540962 0.95596591]
 [0.02454457 0.20081449 0.8625695  0.76627485 1.52309461 0.22581602
  0.49903666 0.01148259 0.01655425 0.67722292 0.47377363 0.30896338
  1.4871922  0.02323562 0.01118589 0.39603929]
 [0.07415126 1.30043319 0.03753738 0.01702435 0.01587473 0.74270695
  0.6543171  0.03109516 0.21798467 0.30379416 0.4472254  0.05592043
  0.0192961  0.53210531 0.2150378  0.04482954]]
Cv: [[1.08373541 0.02988569 1.19872984 0.04189172 0.01520229 0.55547411
  0.29023596 0.14641903 0.70704034 0.10503563 0.80234706 0.0254866
  0.16054993 0.02421912 0.06498566]
 [0.03635707 0.61781915 1.27236416 0.04353541 0.17927193 0.49775042
  1.99848299 0.17153157 0.11077388 0.01275198 0.51054462 0.01144968
  0.02442755 0.0576935  0.0614458 ]
 [0.09329829 0.123599   0.1077484  0.44839049 0.10147952 0.02363336
  0.03019212 0.7866589  0.01759384 0.40226712 0.04914559 0.01321844
  0.09622743 1.9721923  0.02114312]
 [0.21977975 0.15914462 0.04601545 0.10271741 0.03105705 0.01045756
  0.15955445 0.0465519  1.27585108 0.01303567 0.28052513 0.41117731
  1.25441601 0.05472636 0.01394119]
 [0.02201304 0.36480213 0.65294945 1.0175527  0.12072986 0.01833127
  0.01172971 0.21604474 1.27544234 0.01602296 0.04154744 0.69911966
  1.56643505 0.04855099 0.05692544]
 [0.75120061 0.1102643  0.01345137 0.15726513 0.0274089  0.0379077
  0.03005027 1.02163607 0.29115304 0.14421129 1.81522414 1.32621709
  0.32980372 0.01437701 1.50593904]]
Rh: [[ 1.40285234  6.49572511  8.78020774  3.06295897  1.15755411  2.37544126
   3.83094523  2.12344585 10.51878768  1.39849533 12.7892184   2.91428911
   3.18132598  3.86948238  3.09815856  6.6013308 ]
 [12.42628271  3.48444872  2.48983596 10.14994082  2.15686801  3.8768695
   1.70160551  6.56962808  3.06244719  4.37871782  2.76510699  2.59881972
   1.46593811  1.64569491 16.78903659  7.84798349]
 [11.11798201  4.23974814  3.35852372  4.87571759  9.39723095 12.21190234
   5.63316726 16.62547297  1.12251589 16.66492374  2.13071935  1.17658856
   8.31979977  2.89901269  7.02917127 17.05618539]
 [ 9.22955633  6.28538432  5.8043198   1.88188896 15.5193798   3.19410128
  10.92157389  1.31152412  8.60919774  4.85805268 13.76611344  1.9782275
   1.84143048  4.90067751  6.08565063  1.58936083]
 [ 2.82386008  2.57832988  1.70798173  1.77965058 17.36414999  2.36793245
   3.96014301  2.51565027  2.96784004  1.72094551  1.33634821  6.45914847
   3.19420992  4.48279319  1.69644927  2.84679008]]
Rv: [[ 2.77901755 13.16529663  1.85164754  1.61468998  1.43409965 15.43473085
   1.12693007  2.25971804 12.772106    5.929069   11.29778817  1.66374927
   2.20888136  1.96224176  6.05732296]
 [ 4.26981847 11.36158748  1.2465727  16.22650391 10.84495123  6.74552109
   1.32317197  3.69328289  2.28171748  4.32056193  2.72273832  2.35416933
   2.34044936  8.76815928 16.94498273]
 [16.82784261  6.86439905  1.35393829  6.38177963  9.22741005  1.09554827
   4.03843567  1.79071031 13.98075519  2.49421401 13.44289548  5.2261884
   6.32827629  2.91527245  1.05350403]
 [ 9.39361984  3.91780084  4.28310423 14.25626078  8.29275575  1.7837105
   9.66590614  1.99593964  8.71147804  7.65905139  5.9809922   2.01610343
   2.30718541  3.81979541  1.25341386]
 [ 1.09607123  9.35641898  4.02349576 11.10679079  2.71739362 16.39512407
   2.79090195 15.25237488  1.77981444 12.17917323 12.27361913  1.78707112
   2.50637593 10.7397953   2.43396749]
 [ 1.10165269  6.93675705 14.59809678  1.82333846  6.71211911  4.39635702
   8.35458257  3.75168644  3.27122714  8.51662945  2.33672419  2.48105125
   1.88196993  1.95526594  2.51978281]]