-------Running parameters--------
T = 0.001
gap = 0
M = 5
N = 15
VR = 0.0
VU = 0.0
VD = 0.0
rightElectrode = 
leftElectrode = 
upElectrode = "[0,0,0,0,0,0,0,1,0,0,0,0,0,0,0]"
downElectrode = "[0,0,0,0,0,0,0,1,0,0,0,0,0,0,0]"
Vmin = 0.0
Vmax = 2.0
vStep = 0.01
vSym = True
repeats = 20
fileName = array_5_15_r_std_9_run_1
dist = exp
fullOutput = True
use_graph = False
current_map = True
plot_current_map = False
plot_binary_current_map = False
dbg = False
resume = False
sc = False
leaping = False
constQ = False
modifyR = False
output_folder = 2d_long_array_bgu_with_perp_point_contact
params_path = 
VG_avg = 0.0
VG_std = 0.0
C_avg = 1.0
C_std = 1.0
CG_avg = 10.0
CG_std = 0.0
R_avg = 10.0
R_std = 9.0
custom_rh = ""
custom_rv = ""
custom_ch = ""
custom_cv = ""
RG_avg = 500.0
RG_std = 0.0
n0_avg = 0.0
n0_std = 0.0
Q0_avg = 0.0
Q0_std = 0.0
----Array Parameters-----
Rows: 5
Columns: 15
VG: [[0.]
 [0.]
 [0.]
 [0.]
 [0.]
 [0.]
 [0.]
 [0.]
 [0.]
 [0.]
 [0.]
 [0.]
 [0.]
 [0.]
 [0.]
 [0.]
 [0.]
 [0.]
 [0.]
 [0.]
 [0.]
 [0.]
 [0.]
 [0.]
 [0.]
 [0.]
 [0.]
 [0.]
 [0.]
 [0.]
 [0.]
 [0.]
 [0.]
 [0.]
 [0.]
 [0.]
 [0.]
 [0.]
 [0.]
 [0.]
 [0.]
 [0.]
 [0.]
 [0.]
 [0.]
 [0.]
 [0.]
 [0.]
 [0.]
 [0.]
 [0.]
 [0.]
 [0.]
 [0.]
 [0.]
 [0.]
 [0.]
 [0.]
 [0.]
 [0.]
 [0.]
 [0.]
 [0.]
 [0.]
 [0.]
 [0.]
 [0.]
 [0.]
 [0.]
 [0.]
 [0.]
 [0.]
 [0.]
 [0.]
 [0.]]
CG: [[10.]
 [10.]
 [10.]
 [10.]
 [10.]
 [10.]
 [10.]
 [10.]
 [10.]
 [10.]
 [10.]
 [10.]
 [10.]
 [10.]
 [10.]
 [10.]
 [10.]
 [10.]
 [10.]
 [10.]
 [10.]
 [10.]
 [10.]
 [10.]
 [10.]
 [10.]
 [10.]
 [10.]
 [10.]
 [10.]
 [10.]
 [10.]
 [10.]
 [10.]
 [10.]
 [10.]
 [10.]
 [10.]
 [10.]
 [10.]
 [10.]
 [10.]
 [10.]
 [10.]
 [10.]
 [10.]
 [10.]
 [10.]
 [10.]
 [10.]
 [10.]
 [10.]
 [10.]
 [10.]
 [10.]
 [10.]
 [10.]
 [10.]
 [10.]
 [10.]
 [10.]
 [10.]
 [10.]
 [10.]
 [10.]
 [10.]
 [10.]
 [10.]
 [10.]
 [10.]
 [10.]
 [10.]
 [10.]
 [10.]
 [10.]]
RG: [[500.]
 [500.]
 [500.]
 [500.]
 [500.]
 [500.]
 [500.]
 [500.]
 [500.]
 [500.]
 [500.]
 [500.]
 [500.]
 [500.]
 [500.]
 [500.]
 [500.]
 [500.]
 [500.]
 [500.]
 [500.]
 [500.]
 [500.]
 [500.]
 [500.]
 [500.]
 [500.]
 [500.]
 [500.]
 [500.]
 [500.]
 [500.]
 [500.]
 [500.]
 [500.]
 [500.]
 [500.]
 [500.]
 [500.]
 [500.]
 [500.]
 [500.]
 [500.]
 [500.]
 [500.]
 [500.]
 [500.]
 [500.]
 [500.]
 [500.]
 [500.]
 [500.]
 [500.]
 [500.]
 [500.]
 [500.]
 [500.]
 [500.]
 [500.]
 [500.]
 [500.]
 [500.]
 [500.]
 [500.]
 [500.]
 [500.]
 [500.]
 [500.]
 [500.]
 [500.]
 [500.]
 [500.]
 [500.]
 [500.]
 [500.]]
Ch: [[0.04900726 0.43255323 1.39706794 0.01203964 0.03854864 0.15167892
  0.02659726 0.51512073 0.05132161 0.13214496 0.05009764 0.19741791
  0.55033164 1.3401343  0.01182983 0.99792791]
 [0.02253906 0.09257987 0.07245214 0.20881623 0.05514118 0.11999776
  0.40059976 0.01567679 0.32159819 0.63289676 0.44877533 1.17006114
  0.35100447 0.01127758 0.80969104 0.78836248]
 [0.01143202 0.04261425 0.25736305 0.01920251 0.54909725 0.10440683
  0.25516028 0.05746583 1.12478283 0.03122936 0.12068857 0.68239408
  0.4107024  0.02803107 0.12817198 0.08301262]
 [0.6068049  0.02538295 1.29510106 0.80792291 0.4195418  0.03260283
  0.06036028 0.61990565 0.62226719 0.04859671 0.02105501 1.96215619
  0.11390127 0.04234119 0.09530795 0.38869437]
 [0.35542675 0.02822486 0.58173821 0.13833    0.02231673 0.01016488
  0.70990881 0.23725899 0.0107277  0.01364407 1.27080723 0.13980633
  0.07383678 0.08691386 0.14627123 0.02980316]]
Cv: [[1.23926481 0.02092892 1.67642139 1.13730309 0.14292531 1.56204795
  0.13236924 1.15161136 1.39623253 0.60635668 1.04269152 0.03207383
  0.28198478 0.28951275 1.43839691]
 [0.04840061 0.03644022 0.13693367 0.2141056  1.49373026 0.53118843
  0.01479872 0.01003077 0.36298566 0.1441137  0.2623638  0.06354044
  0.53440183 1.14628988 1.27351279]
 [0.0133841  0.01353243 1.63440879 0.01579589 0.11275533 0.04597761
  0.01514487 0.89191419 0.01260864 0.02377826 0.01645489 0.05310984
  0.03602568 0.81128276 0.08441001]
 [0.95528973 0.29968772 1.80386697 1.88527943 0.09914602 0.56667793
  0.02394429 0.20288955 0.01065815 0.28574715 0.71340282 0.01668007
  1.91667338 0.02995684 1.94544844]
 [0.37683144 1.539434   1.4612489  1.42216035 0.35870483 0.01290451
  0.63195081 0.01292416 1.14787295 1.47804818 0.0216282  0.02075138
  0.10177508 0.01040863 1.87413358]
 [0.16081321 0.31700219 1.25888798 0.28161405 0.23277672 0.30735164
  0.07444572 1.63501468 0.01515361 0.02693268 1.92254589 0.14781914
  0.2630354  0.7168215  0.05677618]]
Rh: [[ 1.14497491  1.70075838 10.07581584 17.07087531  6.94878394  4.07897186
   2.92932548  2.22520982 14.82041858  1.01300926  1.09828897  7.32356173
   1.35871257  1.40192561  1.8652481   2.13904391]
 [ 1.1508679   2.66110268  1.11680626  2.30997963  1.19593616 11.01173258
   9.63292552  1.77605928  3.10245531  1.45330842  2.09663313  3.91419778
   2.46450761  9.20287352  6.82780614  5.90770978]
 [ 1.55403655 12.11810522  7.37194934  1.29530053  2.84548753  8.7754503
  10.22436815  3.11236584 15.67548211  1.60607401  7.46047212  4.19852943
   7.83177334 10.0615201   1.65587328  4.14815356]
 [ 1.10197127 15.57467268  2.67923704  6.01626813  4.76940638  4.39168695
   1.6670547   6.01690035  2.39511592 15.72258651  4.15052191 16.83378721
   2.10078978  7.73132924  3.88625758  1.40743918]
 [ 1.27694194  2.40801503  6.50443387  2.07015151  7.72132552  2.60035643
   1.60527303  2.97281586  4.82328816  8.15533412  5.98989847  1.27412754
   8.86545386 17.98949649  8.93668059  9.71371448]]
Rv: [[ 1.03530593  6.85312707 12.76189019  4.52440727 18.693509    1.2465074
   2.70612998  2.59714293 12.0111222   4.85066044 11.79047322  1.06375264
   9.93884103  1.58681703  1.22351987]
 [ 3.19961129  1.03347925  5.81997853  7.95581543  4.99497624  1.92693568
   1.47755732 16.91898361  4.65806729  4.3426722   7.32647093  9.65905536
   6.69158866 13.76543847  2.6016568 ]
 [11.6249121   5.96518734  1.35219826  1.16192275  4.5499655   4.33277977
   1.32988021  6.77573057  6.59810369  4.15620122  6.86069255  3.27328236
  12.82458783  2.14182308  1.89001861]
 [ 5.6735657   1.18224591  1.70295745 18.47077179  5.13438038  2.11328294
  12.36708844  3.93096805  2.60818433 12.31351139  2.11789345  3.18206624
   5.55017072  5.14228081 11.83778877]
 [ 1.08337764  9.25703205 16.58271151 14.14489763  6.54892566  1.84142734
   2.89227576  1.36058752  1.03386646 18.84758222  3.04490194  2.46198517
   6.28725807  2.30860068  7.44512385]
 [ 9.98642111 12.44525627 12.92606622 12.29609613  2.94403942  8.90537829
  10.28275662  2.12838678  5.48064601 18.46878791  4.74644267  7.58620761
   5.42329322  4.45880715 11.33941828]]