-------Running parameters--------
T = 0.001
gap = 0
M = 5
N = 15
VR = 0.0
VU = 0.0
VD = 0.0
rightElectrode = 
leftElectrode = 
upElectrode = "[0,0,0,0,0,0,0,1,0,0,0,0,0,0,0]"
downElectrode = "[0,0,0,0,0,0,0,1,0,0,0,0,0,0,0]"
Vmin = 0.0
Vmax = 2.0
vStep = 0.01
vSym = True
repeats = 20
fileName = array_5_15_r_std_9_run_9
dist = exp
fullOutput = True
use_graph = False
current_map = True
plot_current_map = False
plot_binary_current_map = False
dbg = False
resume = False
sc = False
leaping = False
constQ = False
modifyR = False
output_folder = 2d_long_array_bgu_with_perp_point_contact
params_path = 
VG_avg = 0.0
VG_std = 0.0
C_avg = 1.0
C_std = 1.0
CG_avg = 10.0
CG_std = 0.0
R_avg = 10.0
R_std = 9.0
custom_rh = ""
custom_rv = ""
custom_ch = ""
custom_cv = ""
RG_avg = 500.0
RG_std = 0.0
n0_avg = 0.0
n0_std = 0.0
Q0_avg = 0.0
Q0_std = 0.0
----Array Parameters-----
Rows: 5
Columns: 15
VG: [[0.]
 [0.]
 [0.]
 [0.]
 [0.]
 [0.]
 [0.]
 [0.]
 [0.]
 [0.]
 [0.]
 [0.]
 [0.]
 [0.]
 [0.]
 [0.]
 [0.]
 [0.]
 [0.]
 [0.]
 [0.]
 [0.]
 [0.]
 [0.]
 [0.]
 [0.]
 [0.]
 [0.]
 [0.]
 [0.]
 [0.]
 [0.]
 [0.]
 [0.]
 [0.]
 [0.]
 [0.]
 [0.]
 [0.]
 [0.]
 [0.]
 [0.]
 [0.]
 [0.]
 [0.]
 [0.]
 [0.]
 [0.]
 [0.]
 [0.]
 [0.]
 [0.]
 [0.]
 [0.]
 [0.]
 [0.]
 [0.]
 [0.]
 [0.]
 [0.]
 [0.]
 [0.]
 [0.]
 [0.]
 [0.]
 [0.]
 [0.]
 [0.]
 [0.]
 [0.]
 [0.]
 [0.]
 [0.]
 [0.]
 [0.]]
CG: [[10.]
 [10.]
 [10.]
 [10.]
 [10.]
 [10.]
 [10.]
 [10.]
 [10.]
 [10.]
 [10.]
 [10.]
 [10.]
 [10.]
 [10.]
 [10.]
 [10.]
 [10.]
 [10.]
 [10.]
 [10.]
 [10.]
 [10.]
 [10.]
 [10.]
 [10.]
 [10.]
 [10.]
 [10.]
 [10.]
 [10.]
 [10.]
 [10.]
 [10.]
 [10.]
 [10.]
 [10.]
 [10.]
 [10.]
 [10.]
 [10.]
 [10.]
 [10.]
 [10.]
 [10.]
 [10.]
 [10.]
 [10.]
 [10.]
 [10.]
 [10.]
 [10.]
 [10.]
 [10.]
 [10.]
 [10.]
 [10.]
 [10.]
 [10.]
 [10.]
 [10.]
 [10.]
 [10.]
 [10.]
 [10.]
 [10.]
 [10.]
 [10.]
 [10.]
 [10.]
 [10.]
 [10.]
 [10.]
 [10.]
 [10.]]
RG: [[500.]
 [500.]
 [500.]
 [500.]
 [500.]
 [500.]
 [500.]
 [500.]
 [500.]
 [500.]
 [500.]
 [500.]
 [500.]
 [500.]
 [500.]
 [500.]
 [500.]
 [500.]
 [500.]
 [500.]
 [500.]
 [500.]
 [500.]
 [500.]
 [500.]
 [500.]
 [500.]
 [500.]
 [500.]
 [500.]
 [500.]
 [500.]
 [500.]
 [500.]
 [500.]
 [500.]
 [500.]
 [500.]
 [500.]
 [500.]
 [500.]
 [500.]
 [500.]
 [500.]
 [500.]
 [500.]
 [500.]
 [500.]
 [500.]
 [500.]
 [500.]
 [500.]
 [500.]
 [500.]
 [500.]
 [500.]
 [500.]
 [500.]
 [500.]
 [500.]
 [500.]
 [500.]
 [500.]
 [500.]
 [500.]
 [500.]
 [500.]
 [500.]
 [500.]
 [500.]
 [500.]
 [500.]
 [500.]
 [500.]
 [500.]]
Ch: [[1.4460678  0.01323525 0.27799131 0.36167143 0.05762764 0.20168908
  0.01572963 0.08043695 0.01302099 1.28205244 0.82230129 0.07617669
  0.03466968 1.03738358 0.01740518 1.8300795 ]
 [0.47768138 0.0394693  0.08395451 0.3253709  0.01235991 0.66890484
  0.32993096 0.22319753 0.4466834  0.38450102 0.0472017  0.52428062
  0.01391318 0.68724306 0.08946923 0.11418052]
 [0.05468907 0.64020411 0.63796613 0.47176644 0.68931482 0.04835651
  0.01558392 0.05556526 0.04419682 0.33843681 0.01648581 0.09002958
  1.91552471 0.01480317 0.0239296  0.44509483]
 [0.25973914 1.25173097 0.21983426 0.09702714 0.0195225  1.88410999
  0.05312759 0.22224373 0.04855239 0.14534028 0.03147573 0.84613077
  0.29319195 0.02876821 0.03841121 0.01370397]
 [0.02470446 0.15045609 0.02290068 0.01781044 0.01404288 0.01713642
  1.83725648 0.99350249 0.55028976 0.07291388 0.05062656 0.0979977
  0.04580222 0.08165527 0.01125186 0.12460494]]
Cv: [[0.13042353 0.2367351  0.21386169 1.3961884  1.7656771  0.01732145
  0.34348043 0.12924075 1.62941236 0.42564063 0.23442353 0.50821735
  1.17621495 0.30082884 0.97559215]
 [0.01657751 0.03245657 0.0189612  0.31203176 0.02037166 1.59992913
  0.04555632 0.03339962 0.10175387 0.18276128 1.81351976 0.01892426
  0.01639981 0.11985884 0.02979778]
 [0.02650099 0.01205287 0.01564055 0.17355357 0.3806976  0.06196438
  0.20017129 1.67787483 0.0155652  1.00768308 0.69204022 0.80032309
  0.14130619 0.03841049 0.08217242]
 [0.01016019 1.42703613 0.10282477 0.01304271 0.12701461 0.02082103
  0.14075583 0.12136536 0.17495448 0.44313714 0.16291145 0.02997643
  1.33704967 0.03014401 0.55095245]
 [0.64997111 0.05712432 0.02109678 0.42730195 0.37885375 0.2436031
  0.35659581 0.71217008 0.01370878 0.05480617 0.33646132 1.95168241
  0.01901888 0.05707575 0.41460165]
 [0.01096719 0.49059216 0.19149744 1.13086417 0.02819811 0.01752513
  0.06350271 1.90618095 0.03609975 0.07753619 0.29241324 0.79297878
  0.15209076 1.08622534 0.0102571 ]]
Rh: [[ 3.00562474  3.69364125 15.96969064  3.73218514  1.8544524  18.27995001
   4.17081685  2.4483416   9.20190537  1.0521034   9.65399234  1.9551769
  11.71955444  4.53347889  1.37885462 17.99022624]
 [ 7.2111258   1.44571627  8.1738285   4.99812375  6.40258779  1.23861124
   8.6228604  13.17462738  9.11672782  6.91290261  7.10113126  3.93697433
   8.44393438  1.3589217  18.07921463  6.46543716]
 [16.71312928  3.71798676  2.75501224  1.73860064  4.80435852  5.59554944
   3.92412404  8.639586    7.03873827 12.07518449 11.97835229 16.92723521
   1.03915871  1.04041609  9.93909673  2.39827306]
 [ 3.88737237  9.34594048  1.61628724  3.95470863  7.85444429  1.06757695
   1.6392108   2.0128609   6.61694177  6.57573664  1.36230745 10.28860503
   9.15022047  1.87572039 14.09682206 14.51748474]
 [ 6.73011462  3.5615677   9.20678433  1.2020894  16.32477403  4.24344099
   8.8765426   4.98545346  7.54160823 15.62923342  5.11766921  1.36502387
   1.14444754  6.82376294  8.02227853  1.46882889]]
Rv: [[ 9.68935756  5.85066685  1.05425108  5.5974442  11.16055562  2.54779747
   4.95893668  6.68917912  3.102082    4.65636577  9.23376652 16.86749713
  15.14877491  4.32663809  7.40262378]
 [ 1.65965215  8.99059142 10.12078964 11.29450852  4.42458732 16.00449411
   4.52965518 12.91944778  9.6270902   3.27530052  1.95681011 13.42105066
   1.81439837  7.16358728  2.10758242]
 [ 9.25734956  1.39431787 11.13415255  2.8731654   4.82085086  1.06208375
   2.57111135 12.78681142  3.32977125  4.94543408  1.80120524  2.68511543
  10.54659609  1.06275264  4.14501341]
 [13.55532106 13.98518107 16.66659658 10.30075085  1.57865529 13.29459424
   4.0031991   1.54455982  4.69523411  1.7400484   4.8911692  10.56178093
   8.64367428  1.40862942 13.18559895]
 [10.81581318  3.73311225  6.18894004  1.11917997  7.99031213  9.21287809
   1.48906741  3.32223067  1.96243377  6.4106811   9.84789232  3.99071761
   5.31558578  1.44649661  4.51627077]
 [ 1.05635151  7.3807075  13.81067203  5.48173899  1.33400051 14.67921684
   8.38492847  4.66092353  1.80296727  3.14455465  3.69057236  2.84205047
   8.73040908  2.48417139  3.66107855]]