-------Running parameters--------
T = 0.001
gap = 0
M = 5
N = 15
VR = 0.0
VU = 0.0
VD = 0.0
rightElectrode = 
leftElectrode = 
upElectrode = [0,0,0,0,0,0,0,1,0,0,0,0,0,0,0]
downElectrode = [0,0,0,0,0,0,0,1,0,0,0,0,0,0,0]
Vmin = 0.0
Vmax = 2.0
vStep = 0.1
vSym = True
repeats = 2
fileName = array_5_15_r_std_9_run_1_dbg
dist = exp
fullOutput = True
use_graph = False
current_map = True
plot_current_map = False
plot_binary_current_map = False
dbg = False
resume = False
sc = False
leaping = False
constQ = False
modifyR = False
output_folder = 2d_long_array_bgu_with_perp_point_contact
params_path = 
VG_avg = 0.0
VG_std = 0.0
C_avg = 1.0
C_std = 1.0
CG_avg = 10.0
CG_std = 0.0
R_avg = 10.0
R_std = 9.0
custom_rh = 
custom_rv = 
custom_ch = 
custom_cv = 
RG_avg = 500.0
RG_std = 0.0
n0_avg = 0.0
n0_std = 0.0
Q0_avg = 0.0
Q0_std = 0.0
----Array Parameters-----
Rows: 5
Columns: 15
VG: [[0.]
 [0.]
 [0.]
 [0.]
 [0.]
 [0.]
 [0.]
 [0.]
 [0.]
 [0.]
 [0.]
 [0.]
 [0.]
 [0.]
 [0.]
 [0.]
 [0.]
 [0.]
 [0.]
 [0.]
 [0.]
 [0.]
 [0.]
 [0.]
 [0.]
 [0.]
 [0.]
 [0.]
 [0.]
 [0.]
 [0.]
 [0.]
 [0.]
 [0.]
 [0.]
 [0.]
 [0.]
 [0.]
 [0.]
 [0.]
 [0.]
 [0.]
 [0.]
 [0.]
 [0.]
 [0.]
 [0.]
 [0.]
 [0.]
 [0.]
 [0.]
 [0.]
 [0.]
 [0.]
 [0.]
 [0.]
 [0.]
 [0.]
 [0.]
 [0.]
 [0.]
 [0.]
 [0.]
 [0.]
 [0.]
 [0.]
 [0.]
 [0.]
 [0.]
 [0.]
 [0.]
 [0.]
 [0.]
 [0.]
 [0.]]
CG: [[10.]
 [10.]
 [10.]
 [10.]
 [10.]
 [10.]
 [10.]
 [10.]
 [10.]
 [10.]
 [10.]
 [10.]
 [10.]
 [10.]
 [10.]
 [10.]
 [10.]
 [10.]
 [10.]
 [10.]
 [10.]
 [10.]
 [10.]
 [10.]
 [10.]
 [10.]
 [10.]
 [10.]
 [10.]
 [10.]
 [10.]
 [10.]
 [10.]
 [10.]
 [10.]
 [10.]
 [10.]
 [10.]
 [10.]
 [10.]
 [10.]
 [10.]
 [10.]
 [10.]
 [10.]
 [10.]
 [10.]
 [10.]
 [10.]
 [10.]
 [10.]
 [10.]
 [10.]
 [10.]
 [10.]
 [10.]
 [10.]
 [10.]
 [10.]
 [10.]
 [10.]
 [10.]
 [10.]
 [10.]
 [10.]
 [10.]
 [10.]
 [10.]
 [10.]
 [10.]
 [10.]
 [10.]
 [10.]
 [10.]
 [10.]]
RG: [[500.]
 [500.]
 [500.]
 [500.]
 [500.]
 [500.]
 [500.]
 [500.]
 [500.]
 [500.]
 [500.]
 [500.]
 [500.]
 [500.]
 [500.]
 [500.]
 [500.]
 [500.]
 [500.]
 [500.]
 [500.]
 [500.]
 [500.]
 [500.]
 [500.]
 [500.]
 [500.]
 [500.]
 [500.]
 [500.]
 [500.]
 [500.]
 [500.]
 [500.]
 [500.]
 [500.]
 [500.]
 [500.]
 [500.]
 [500.]
 [500.]
 [500.]
 [500.]
 [500.]
 [500.]
 [500.]
 [500.]
 [500.]
 [500.]
 [500.]
 [500.]
 [500.]
 [500.]
 [500.]
 [500.]
 [500.]
 [500.]
 [500.]
 [500.]
 [500.]
 [500.]
 [500.]
 [500.]
 [500.]
 [500.]
 [500.]
 [500.]
 [500.]
 [500.]
 [500.]
 [500.]
 [500.]
 [500.]
 [500.]
 [500.]]
Ch: [[0.84726409 0.18175662 0.05130182 0.04064421 0.0711432  1.15730592
  0.12997663 0.1899291  0.03016033 0.18554834 0.13965395 0.3181104
  0.52216248 0.09427238 0.05343058 0.04031437]
 [0.11726153 0.02943891 0.50554414 0.11732287 0.15677971 0.88810467
  0.01835141 0.083164   1.74046587 0.13050265 0.02763908 0.39268612
  0.18905222 0.55192183 0.2112872  0.54607973]
 [0.14020655 1.52223939 0.32855092 0.06164471 0.13497161 0.01348084
  0.71146538 1.44273094 0.22742605 0.06550845 0.04333715 0.01478366
  0.02273626 1.00717755 0.12543941 0.10170433]
 [0.21944782 0.02368388 0.25489199 0.02638289 0.39878395 1.05436913
  0.10782964 0.0249232  1.32189647 0.03083386 0.08061666 0.05465017
  0.02205399 0.0632991  0.6597936  0.02267365]
 [1.64683763 0.03967619 0.27151623 0.15562923 0.65625434 0.03405232
  0.02251383 0.01913746 1.06438556 0.08380183 0.01206007 0.10180869
  0.36777773 0.09263286 0.05222677 0.19606289]]
Cv: [[0.0165779  0.5363086  0.86377943 0.38669106 0.39241227 0.25430697
  1.37867044 0.0251563  0.03060394 0.2275255  0.59612601 0.01455885
  0.33685959 0.04368642 1.06785972]
 [1.70172497 0.09938053 0.13674264 0.27587027 0.07967421 0.08521595
  0.84568568 1.15804854 1.51340244 0.01349318 1.09962698 0.05995805
  0.3226076  0.02142536 0.25330804]
 [0.01436053 0.08290046 0.04575161 0.06301422 0.36426744 0.10196197
  1.20568689 0.02896891 0.16527604 0.46074271 1.16318352 0.86964631
  0.46738575 0.11065664 0.04590387]
 [0.65824914 0.01073553 1.8835332  0.30987459 0.47927459 0.25705291
  0.01762114 0.02579154 0.23195153 1.41795326 0.18762578 1.00534363
  0.0147596  0.01214144 0.08806763]
 [0.03511663 0.10992535 0.63503137 0.0283404  0.71204394 0.6471082
  0.01091409 1.10644458 0.31273947 0.06465093 1.35644611 0.01332605
  0.45531194 0.08550972 0.02506765]
 [0.11482794 0.04200805 0.10296651 0.07447697 0.54823814 0.02337071
  0.09954203 0.06057607 0.09256674 0.05432754 0.01723152 0.22880743
  0.0310328  0.20227919 0.06077611]]
Rh: [[ 8.7637836   5.1893964   5.01337142  5.88680478  7.77892272  2.85726983
   4.10681288  1.69720561  4.20863793  6.69806841  2.152594    9.05711723
   1.440491    4.77785465  3.1385642   5.18538836]
 [ 4.77190286  5.78486067  5.08677785  5.12432006  6.54971042  1.35568457
   4.18626753 18.9731135  12.87876289 10.33376313  2.06033497  6.77278055
   2.13254723  4.0777115   3.30971995  1.19158312]
 [ 3.59683256  2.71894224 12.10152507  1.44932452  2.54286654  1.03462785
   1.03723407  4.6577828   2.79265419  3.93656541  1.57838351 15.03181668
   6.30132264 13.72402705  7.61830765  1.66959084]
 [12.23727889  3.36594032  7.00448516  1.69939808 10.01364917  1.12337046
  11.82396902  1.46273193  2.29987986  5.93615076  2.08353816  6.60862694
  17.08443964 18.40447007  1.21027349  2.69544643]
 [ 6.44482785  3.36655418  7.38505936  9.25234137  7.83410191  1.11209908
   8.4415474  12.89816393  8.41991486  8.42331961  1.68127379  6.35142495
   4.65322561  4.01844495  3.82792408  7.64700219]]
Rv: [[ 9.58706059  3.30817588 14.33687706  1.89789338  9.09462027  1.48011653
   8.57411265 10.67506972  3.19104169  4.56632622  7.51644678 15.92566158
   2.87713591 12.16627009  2.03285739]
 [ 1.3590598   5.94101269  1.22740655  3.93260079  2.2886957  10.6689432
   4.09816201  3.90830574  9.0343422   1.14681908  1.43496263  7.09614551
   5.05905635 16.62769005  5.26597711]
 [ 4.05286216  1.29603811  7.14572121 14.81941934 18.36780622 16.54833381
   2.40910834  3.56166945  3.49512927  8.116723    1.09097883  1.67214321
   1.96366439  2.87522323  2.8185201 ]
 [ 5.0191197   1.17645625  1.11723741  1.38227324  1.08670411  1.00922037
   6.30222582  1.19009309  2.02931057  7.0377613   5.13158829  1.43006349
   1.25770326  5.38685121 17.13341579]
 [ 6.05517721  1.11482045 17.85735091  7.75408647  4.87588031  5.63835163
  11.41774063  7.45946056  2.38727622  6.97176254  1.0610244   2.00049404
   6.25753924  8.67802225  5.91932318]
 [ 2.83426645  1.48706374  1.00630115 13.83882275  4.17017966 18.45163933
   2.6730593   1.3503945   4.28789937  4.36740328  1.39370522  1.0334096
   2.99937529  1.97669032 15.47263408]]