-------Running parameters--------
T = 0.001
gap = 0
M = 5
N = 15
VR = 0.0
VU = 0.0
VD = 0.0
rightElectrode = 
leftElectrode = 
upElectrode = "[0,0,0,0,0,0,0,1,0,0,0,0,0,0,0]"
downElectrode = "[0,0,0,0,0,0,0,1,0,0,0,0,0,0,0]"
Vmin = 0.0
Vmax = 2.0
vStep = 0.01
vSym = True
repeats = 20
fileName = array_5_15_r_std_9_run_2
dist = exp
fullOutput = True
use_graph = False
current_map = True
plot_current_map = False
plot_binary_current_map = False
dbg = False
resume = False
sc = False
leaping = False
constQ = False
modifyR = False
output_folder = 2d_long_array_bgu_with_perp_point_contact
params_path = 
VG_avg = 0.0
VG_std = 0.0
C_avg = 1.0
C_std = 1.0
CG_avg = 10.0
CG_std = 0.0
R_avg = 10.0
R_std = 9.0
custom_rh = ""
custom_rv = ""
custom_ch = ""
custom_cv = ""
RG_avg = 500.0
RG_std = 0.0
n0_avg = 0.0
n0_std = 0.0
Q0_avg = 0.0
Q0_std = 0.0
----Array Parameters-----
Rows: 5
Columns: 15
VG: [[0.]
 [0.]
 [0.]
 [0.]
 [0.]
 [0.]
 [0.]
 [0.]
 [0.]
 [0.]
 [0.]
 [0.]
 [0.]
 [0.]
 [0.]
 [0.]
 [0.]
 [0.]
 [0.]
 [0.]
 [0.]
 [0.]
 [0.]
 [0.]
 [0.]
 [0.]
 [0.]
 [0.]
 [0.]
 [0.]
 [0.]
 [0.]
 [0.]
 [0.]
 [0.]
 [0.]
 [0.]
 [0.]
 [0.]
 [0.]
 [0.]
 [0.]
 [0.]
 [0.]
 [0.]
 [0.]
 [0.]
 [0.]
 [0.]
 [0.]
 [0.]
 [0.]
 [0.]
 [0.]
 [0.]
 [0.]
 [0.]
 [0.]
 [0.]
 [0.]
 [0.]
 [0.]
 [0.]
 [0.]
 [0.]
 [0.]
 [0.]
 [0.]
 [0.]
 [0.]
 [0.]
 [0.]
 [0.]
 [0.]
 [0.]]
CG: [[10.]
 [10.]
 [10.]
 [10.]
 [10.]
 [10.]
 [10.]
 [10.]
 [10.]
 [10.]
 [10.]
 [10.]
 [10.]
 [10.]
 [10.]
 [10.]
 [10.]
 [10.]
 [10.]
 [10.]
 [10.]
 [10.]
 [10.]
 [10.]
 [10.]
 [10.]
 [10.]
 [10.]
 [10.]
 [10.]
 [10.]
 [10.]
 [10.]
 [10.]
 [10.]
 [10.]
 [10.]
 [10.]
 [10.]
 [10.]
 [10.]
 [10.]
 [10.]
 [10.]
 [10.]
 [10.]
 [10.]
 [10.]
 [10.]
 [10.]
 [10.]
 [10.]
 [10.]
 [10.]
 [10.]
 [10.]
 [10.]
 [10.]
 [10.]
 [10.]
 [10.]
 [10.]
 [10.]
 [10.]
 [10.]
 [10.]
 [10.]
 [10.]
 [10.]
 [10.]
 [10.]
 [10.]
 [10.]
 [10.]
 [10.]]
RG: [[500.]
 [500.]
 [500.]
 [500.]
 [500.]
 [500.]
 [500.]
 [500.]
 [500.]
 [500.]
 [500.]
 [500.]
 [500.]
 [500.]
 [500.]
 [500.]
 [500.]
 [500.]
 [500.]
 [500.]
 [500.]
 [500.]
 [500.]
 [500.]
 [500.]
 [500.]
 [500.]
 [500.]
 [500.]
 [500.]
 [500.]
 [500.]
 [500.]
 [500.]
 [500.]
 [500.]
 [500.]
 [500.]
 [500.]
 [500.]
 [500.]
 [500.]
 [500.]
 [500.]
 [500.]
 [500.]
 [500.]
 [500.]
 [500.]
 [500.]
 [500.]
 [500.]
 [500.]
 [500.]
 [500.]
 [500.]
 [500.]
 [500.]
 [500.]
 [500.]
 [500.]
 [500.]
 [500.]
 [500.]
 [500.]
 [500.]
 [500.]
 [500.]
 [500.]
 [500.]
 [500.]
 [500.]
 [500.]
 [500.]
 [500.]]
Ch: [[0.04273576 0.03214769 0.06136597 0.30315085 0.42919004 1.39819777
  0.01206166 0.05724852 0.04482013 0.97759285 0.03344336 0.02427347
  0.14416304 0.25763394 0.2843812  0.02915704]
 [0.02023529 0.70231531 1.20518776 0.28224091 0.07273643 0.08121246
  0.09555293 0.01169781 0.03060674 0.01285948 0.62982755 0.61380223
  0.01202965 0.02673179 0.02897058 0.2522962 ]
 [1.66198037 0.16732588 0.67220189 0.01075374 0.03962551 0.01643016
  0.02955402 0.05304033 0.13220756 0.1302606  0.6937324  1.02391719
  0.55153493 0.05966717 0.13389007 1.22226072]
 [0.01199224 0.02844293 0.01702812 0.0960275  0.06462864 0.33165339
  1.62129287 1.12328281 0.37253329 0.65412442 0.15789108 1.484421
  0.15008762 0.06022943 0.15328883 0.01049734]
 [0.15519483 0.47611205 0.02257245 0.46154099 0.05850022 0.37708716
  0.03411886 0.06828814 1.27152729 0.04353557 0.28593041 0.06671271
  0.01980469 0.16371846 0.40132036 0.01676655]]
Cv: [[0.13405312 0.03305092 1.06054162 0.0333644  0.281756   0.06389599
  0.10368159 0.79945461 0.01303396 0.05255023 1.17265213 0.29617866
  0.06876403 0.50770857 0.0107983 ]
 [0.02348313 0.97044067 0.03238617 0.36515486 0.33111974 0.16429833
  0.09050922 0.03121149 0.1163707  0.89465031 0.04502567 0.08023865
  0.91546335 0.12402941 0.26277282]
 [0.28676543 1.73037355 0.17504066 0.0719717  0.01789178 0.05438281
  0.04172429 0.22102486 0.46220042 1.40685787 0.34378377 0.03259647
  0.13928366 0.01691052 0.41201992]
 [0.02149832 0.2925719  0.79990828 0.34808685 0.05277356 1.71057126
  0.06904322 0.51097008 1.29849637 0.011683   0.0193468  0.07704537
  0.16933606 0.03296615 1.03998971]
 [0.80050678 0.11795382 0.01659459 0.0100204  0.81755295 1.50333875
  0.09261926 0.54076992 0.02326217 0.01448331 0.07153062 0.09412135
  0.16064052 0.04275816 0.0326609 ]
 [0.11434869 0.38229614 0.20856213 0.07799668 0.12934884 0.06052029
  0.12905417 0.08874372 0.011633   0.50822472 0.05585644 0.06138976
  1.84921267 0.06516021 0.10926412]]
Rh: [[15.63327642  4.19154857  2.81632735 18.69195714  2.74018889  7.03504285
   9.16783164  1.49885631  6.19548392  2.79680786  2.21150929 17.84146987
  13.832958    4.74716765  8.42611142  8.48795673]
 [ 5.50911827  6.96526486 17.49908106 11.42334687  5.67302589  2.55159396
   6.2371061   6.50222237 12.9911293   1.07234112  1.44155135 13.99699559
   1.36157325  2.74026052  1.57915331  7.34419033]
 [ 2.60583639  9.14328291  3.29962903 14.44020921 10.47220866  1.38781224
   5.29855107  6.50000114 17.31222283  9.86777055 15.94948692  6.24633055
  10.27128401  3.31408509 11.54005418  1.10252321]
 [ 3.2100716  12.32828621 15.90499386  3.57967291  6.18278423  2.27277083
   1.51551414  1.05595108 14.44455047  4.61181333  5.3077831   6.05210589
   2.23252726  2.77107043 13.38764016  1.45430365]
 [ 2.96667495  1.95524419  1.94559826  8.10776671  9.75766988  2.29552556
   1.15961393  3.37936385  8.6560661  14.29690731  3.25102667 13.24440761
   1.87959293  4.05155023  4.71609052  2.72756735]]
Rv: [[ 3.6901521   2.50532071  3.32327408  3.80604994  6.31849902  2.89631879
   7.78779745 17.74708177  1.62687199 17.69793482  1.67296221 18.79196235
   2.69437457  8.78700411  5.93198928]
 [ 7.39406163 11.80192979 13.99343183  1.09144888 14.59212728  1.52378592
   8.00295768  7.67789954  3.81531402  1.00654117 12.14112023  5.1133999
  10.19003855  4.64153686  2.76694249]
 [ 1.98548734  2.8587673   1.38836368 13.06505364  1.17256839 17.78403109
  17.74333712  1.69285301  1.65536241  3.93616147  5.12216856  9.48028043
   3.00703374 10.00519894  1.8568895 ]
 [13.33654109  1.97280244  2.82975335  1.50014821  2.57914102 10.72567252
   2.75260464  6.31035108 15.19356222  1.42378655  2.95869412  4.44772998
  17.71387441  1.52543486  9.56959082]
 [16.90696948  5.03785312 15.44539416  1.06317445 11.667225   18.94250064
   1.00334871  1.7527299  16.83682518  4.21994717  1.37567232  1.67751934
   6.02998175  1.20597953 12.81076158]
 [ 4.3859333   2.516344   12.3226305  18.20508199  2.87895491  2.60669649
   1.06765362  2.2203606   2.02680727 14.88544976  6.51227844 10.80616535
   2.03162664  5.32191462  8.43515761]]