-------Running parameters--------
T = 0.001
gap = 0
M = 5
N = 15
VR = 0.0
VU = 0.0
VD = 0.0
rightElectrode = 
leftElectrode = 
upElectrode = "[0,0,0,0,0,0,0,1,0,0,0,0,0,0,0]"
downElectrode = "[0,0,0,0,0,0,0,1,0,0,0,0,0,0,0]"
Vmin = 0.0
Vmax = 3.0
vStep = 0.01
vSym = True
repeats = 20
fileName = array_5_15_r_std_9_run_7
dist = exp
fullOutput = True
use_graph = False
current_map = True
plot_current_map = False
plot_binary_current_map = False
dbg = False
resume = False
sc = False
leaping = False
constQ = False
modifyR = False
calcIT = False
output_folder = 2d_long_array_bgu_with_perp_point_contact
params_path = 
VG_avg = 0.0
VG_std = 0.0
C_avg = 1.0
C_std = 1.0
CG_avg = 10.0
CG_std = 0.0
R_avg = 10.0
R_std = 9.0
custom_rh = ""
custom_rv = ""
custom_ch = ""
custom_cv = ""
RG_avg = 500.0
RG_std = 0.0
n0_avg = 0.0
n0_std = 0.0
Q0_avg = 0.0
Q0_std = 0.0
----Array Parameters-----
Rows: 5
Columns: 15
VG: [[0.]
 [0.]
 [0.]
 [0.]
 [0.]
 [0.]
 [0.]
 [0.]
 [0.]
 [0.]
 [0.]
 [0.]
 [0.]
 [0.]
 [0.]
 [0.]
 [0.]
 [0.]
 [0.]
 [0.]
 [0.]
 [0.]
 [0.]
 [0.]
 [0.]
 [0.]
 [0.]
 [0.]
 [0.]
 [0.]
 [0.]
 [0.]
 [0.]
 [0.]
 [0.]
 [0.]
 [0.]
 [0.]
 [0.]
 [0.]
 [0.]
 [0.]
 [0.]
 [0.]
 [0.]
 [0.]
 [0.]
 [0.]
 [0.]
 [0.]
 [0.]
 [0.]
 [0.]
 [0.]
 [0.]
 [0.]
 [0.]
 [0.]
 [0.]
 [0.]
 [0.]
 [0.]
 [0.]
 [0.]
 [0.]
 [0.]
 [0.]
 [0.]
 [0.]
 [0.]
 [0.]
 [0.]
 [0.]
 [0.]
 [0.]]
CG: [[10.]
 [10.]
 [10.]
 [10.]
 [10.]
 [10.]
 [10.]
 [10.]
 [10.]
 [10.]
 [10.]
 [10.]
 [10.]
 [10.]
 [10.]
 [10.]
 [10.]
 [10.]
 [10.]
 [10.]
 [10.]
 [10.]
 [10.]
 [10.]
 [10.]
 [10.]
 [10.]
 [10.]
 [10.]
 [10.]
 [10.]
 [10.]
 [10.]
 [10.]
 [10.]
 [10.]
 [10.]
 [10.]
 [10.]
 [10.]
 [10.]
 [10.]
 [10.]
 [10.]
 [10.]
 [10.]
 [10.]
 [10.]
 [10.]
 [10.]
 [10.]
 [10.]
 [10.]
 [10.]
 [10.]
 [10.]
 [10.]
 [10.]
 [10.]
 [10.]
 [10.]
 [10.]
 [10.]
 [10.]
 [10.]
 [10.]
 [10.]
 [10.]
 [10.]
 [10.]
 [10.]
 [10.]
 [10.]
 [10.]
 [10.]]
RG: [[500.]
 [500.]
 [500.]
 [500.]
 [500.]
 [500.]
 [500.]
 [500.]
 [500.]
 [500.]
 [500.]
 [500.]
 [500.]
 [500.]
 [500.]
 [500.]
 [500.]
 [500.]
 [500.]
 [500.]
 [500.]
 [500.]
 [500.]
 [500.]
 [500.]
 [500.]
 [500.]
 [500.]
 [500.]
 [500.]
 [500.]
 [500.]
 [500.]
 [500.]
 [500.]
 [500.]
 [500.]
 [500.]
 [500.]
 [500.]
 [500.]
 [500.]
 [500.]
 [500.]
 [500.]
 [500.]
 [500.]
 [500.]
 [500.]
 [500.]
 [500.]
 [500.]
 [500.]
 [500.]
 [500.]
 [500.]
 [500.]
 [500.]
 [500.]
 [500.]
 [500.]
 [500.]
 [500.]
 [500.]
 [500.]
 [500.]
 [500.]
 [500.]
 [500.]
 [500.]
 [500.]
 [500.]
 [500.]
 [500.]
 [500.]]
Ch: [[0.01943985 0.23535077 0.30349727 0.0174663  0.03915997 0.08233203
  0.60268499 0.01542267 0.81489479 0.14473583 1.64181886 0.26121221
  0.13442105 0.16589768 0.01204488 0.0954048 ]
 [0.0325251  0.07687151 0.07482943 0.01161814 0.14265345 0.32932634
  0.43183221 0.06245378 0.47132607 0.58001365 0.19810611 0.24377015
  0.63097558 0.78548796 0.04359946 0.01094751]
 [0.22520637 0.09516543 0.06304209 0.029175   0.46960163 0.0117403
  1.93759371 0.21727374 0.65662682 0.01918844 0.15363325 0.06145953
  0.01509051 0.0144698  0.01798801 0.41360978]
 [0.18217197 0.04078962 0.38969137 0.01961933 0.97300354 0.28670248
  0.0483199  0.63595492 0.03298545 1.96112921 0.02564123 0.01356033
  0.28707551 1.95913761 1.97820694 0.06165186]
 [0.44953785 0.07230315 0.03773017 0.80427369 1.1636525  1.91308034
  1.68234408 0.13750314 0.7477433  0.51735512 0.04305122 1.47300202
  0.27625359 0.16891087 0.24501633 0.01379011]]
Cv: [[0.51760474 0.56578231 0.63048413 0.18053143 0.03066861 0.03824567
  0.04216574 0.31520145 1.16580097 0.04369096 0.02857318 0.35861602
  0.11939021 0.01726182 0.0603455 ]
 [0.01262418 0.24980696 0.83515969 0.08745697 0.67543307 1.15920337
  1.51166441 0.01984176 0.05618976 0.12956918 0.05190949 0.97370571
  0.5399532  0.17335748 0.21925416]
 [0.26056383 0.03755428 0.71882107 0.1521878  1.85524448 0.02716668
  0.05007983 0.304846   0.41148799 0.85106177 0.07124393 0.74459405
  0.56491584 0.03540195 1.32534701]
 [1.81794453 0.2663527  0.01093637 0.09260222 0.34948857 0.56665874
  0.37320946 0.0708981  0.39071057 0.70969289 0.55326368 0.14957651
  0.31607053 0.03577983 0.33288876]
 [0.1092095  0.41807991 0.0731492  0.63483817 0.20171593 0.04946398
  1.18680985 0.02372692 0.04745003 0.9292089  1.5348792  0.23453961
  0.38258193 1.26615662 0.23923428]
 [0.14150603 0.5348227  0.03138339 1.16404666 0.0165802  0.31024627
  0.49558014 1.88591548 0.14127946 0.73448465 0.50486541 0.01076172
  0.88360948 0.03199966 0.02694999]]
Rh: [[ 2.28798369  9.11275071  1.3266512   8.99475364  4.03974094  1.51850546
  18.29801512  3.01655785  6.87252331  5.5334678  18.41104146  1.83802685
   1.34865466  6.62415853  1.03592409 14.84694779]
 [ 1.42593901  1.31020194  7.59294418  8.6714141   4.55456529 16.505608
   7.95985347  3.70434115  1.98306591  3.97302013 17.36253745  3.91481953
  14.74698992 17.61341225  3.67102273  9.77635785]
 [ 8.41023725  9.77539758  7.9194775   6.15761364  3.59445203  2.8385699
   1.77044684  1.46609403  5.14682526  2.07803315  1.9346131   4.89948272
   6.73630152  2.29091745 18.78263672  2.50194501]
 [ 1.74647665  2.09825749  2.83401513 10.54192063  1.10533542  1.76224244
   2.68250256  1.30784016  8.01280239  4.3813945  12.41895548 17.30970907
   1.71836857  3.24775724  9.85664604  4.67026201]
 [ 5.47941442  5.27376049  2.44014344  1.37300949 11.1004687   6.35101869
   2.29114201 10.29355841  6.84544922  5.73009552 11.55117779 18.82620948
   1.20126369  2.4740114  14.20991661  6.20883374]]
Rv: [[ 1.66443635 10.64417797  8.47431455  4.80551667 10.45580248  6.76912061
   2.48827771  1.11903798 18.54576208 10.27550077  2.18148452  1.65196724
   2.58216181 10.14141139 18.01096636]
 [13.65506362 13.70103682  1.40770219 14.89072809  6.09435861  2.82434783
   3.83144191 14.99014869  2.56881594  5.7297822   1.374144    1.74077891
   1.37607212  5.11804333  1.11762571]
 [ 4.4603346   3.96738486 12.1088441   7.18968455  9.13409391 10.77644227
   3.95952719 18.21721863  6.99244486  1.48370455 18.53300901  1.21569888
   2.68491855  1.35542238  3.71415053]
 [10.75188106  1.77693745  4.28838675  3.67952283  3.28942849  1.91524044
   1.87915152  5.22641645  1.09219471  6.43896557  2.14914413  1.18580483
   7.71312968  3.42247747  1.68880184]
 [ 2.21300783 15.31577845  6.97291738 18.94078587  6.65480972 17.08054238
   9.45897561  2.562148   14.04865083  3.22752281 14.2686453   1.47525451
  18.10865941 12.47126211  2.31709333]
 [15.27402712  1.98291139 10.40419197 12.31396652 17.42930435  7.58499765
   6.70601169  1.51593867  1.79548397 13.81414406  3.22103949  9.62794891
   6.89359984  1.17598887  9.02229524]]