-------Running parameters--------
T = 0.001
gap = 0
M = 5
N = 15
VR = 0.0
VU = 0.0
VD = 0.0
rightElectrode = 
leftElectrode = 
upElectrode = "[0,0,0,0,0,0,0,1,0,0,0,0,0,0,0]"
downElectrode = "[0,0,0,0,0,0,0,1,0,0,0,0,0,0,0]"
Vmin = 0.0
Vmax = 2.0
vStep = 0.01
vSym = True
repeats = 20
fileName = array_5_15_r_std_9_run_5
dist = exp
fullOutput = True
use_graph = False
current_map = True
plot_current_map = False
plot_binary_current_map = False
dbg = False
resume = False
sc = False
leaping = False
constQ = False
modifyR = False
output_folder = 2d_long_array_bgu_with_perp_point_contact
params_path = 
VG_avg = 0.0
VG_std = 0.0
C_avg = 1.0
C_std = 1.0
CG_avg = 10.0
CG_std = 0.0
R_avg = 10.0
R_std = 9.0
custom_rh = ""
custom_rv = ""
custom_ch = ""
custom_cv = ""
RG_avg = 500.0
RG_std = 0.0
n0_avg = 0.0
n0_std = 0.0
Q0_avg = 0.0
Q0_std = 0.0
----Array Parameters-----
Rows: 5
Columns: 15
VG: [[0.]
 [0.]
 [0.]
 [0.]
 [0.]
 [0.]
 [0.]
 [0.]
 [0.]
 [0.]
 [0.]
 [0.]
 [0.]
 [0.]
 [0.]
 [0.]
 [0.]
 [0.]
 [0.]
 [0.]
 [0.]
 [0.]
 [0.]
 [0.]
 [0.]
 [0.]
 [0.]
 [0.]
 [0.]
 [0.]
 [0.]
 [0.]
 [0.]
 [0.]
 [0.]
 [0.]
 [0.]
 [0.]
 [0.]
 [0.]
 [0.]
 [0.]
 [0.]
 [0.]
 [0.]
 [0.]
 [0.]
 [0.]
 [0.]
 [0.]
 [0.]
 [0.]
 [0.]
 [0.]
 [0.]
 [0.]
 [0.]
 [0.]
 [0.]
 [0.]
 [0.]
 [0.]
 [0.]
 [0.]
 [0.]
 [0.]
 [0.]
 [0.]
 [0.]
 [0.]
 [0.]
 [0.]
 [0.]
 [0.]
 [0.]]
CG: [[10.]
 [10.]
 [10.]
 [10.]
 [10.]
 [10.]
 [10.]
 [10.]
 [10.]
 [10.]
 [10.]
 [10.]
 [10.]
 [10.]
 [10.]
 [10.]
 [10.]
 [10.]
 [10.]
 [10.]
 [10.]
 [10.]
 [10.]
 [10.]
 [10.]
 [10.]
 [10.]
 [10.]
 [10.]
 [10.]
 [10.]
 [10.]
 [10.]
 [10.]
 [10.]
 [10.]
 [10.]
 [10.]
 [10.]
 [10.]
 [10.]
 [10.]
 [10.]
 [10.]
 [10.]
 [10.]
 [10.]
 [10.]
 [10.]
 [10.]
 [10.]
 [10.]
 [10.]
 [10.]
 [10.]
 [10.]
 [10.]
 [10.]
 [10.]
 [10.]
 [10.]
 [10.]
 [10.]
 [10.]
 [10.]
 [10.]
 [10.]
 [10.]
 [10.]
 [10.]
 [10.]
 [10.]
 [10.]
 [10.]
 [10.]]
RG: [[500.]
 [500.]
 [500.]
 [500.]
 [500.]
 [500.]
 [500.]
 [500.]
 [500.]
 [500.]
 [500.]
 [500.]
 [500.]
 [500.]
 [500.]
 [500.]
 [500.]
 [500.]
 [500.]
 [500.]
 [500.]
 [500.]
 [500.]
 [500.]
 [500.]
 [500.]
 [500.]
 [500.]
 [500.]
 [500.]
 [500.]
 [500.]
 [500.]
 [500.]
 [500.]
 [500.]
 [500.]
 [500.]
 [500.]
 [500.]
 [500.]
 [500.]
 [500.]
 [500.]
 [500.]
 [500.]
 [500.]
 [500.]
 [500.]
 [500.]
 [500.]
 [500.]
 [500.]
 [500.]
 [500.]
 [500.]
 [500.]
 [500.]
 [500.]
 [500.]
 [500.]
 [500.]
 [500.]
 [500.]
 [500.]
 [500.]
 [500.]
 [500.]
 [500.]
 [500.]
 [500.]
 [500.]
 [500.]
 [500.]
 [500.]]
Ch: [[0.21844167 0.02090209 0.17016246 0.48292015 0.0245585  0.01266008
  0.01847719 0.01481199 1.62586918 0.56072916 0.05537068 0.22417961
  0.11601493 0.02348516 0.0714363  0.01540484]
 [0.01499412 0.29861506 0.0130179  1.23584498 0.92678322 0.09766749
  0.02908282 0.12318576 0.02670709 0.08703628 0.02457852 0.99551147
  0.88978047 0.32594308 0.42307126 0.21739867]
 [0.04262467 0.07190027 1.46234987 0.17451132 0.29526064 0.01994181
  0.01792806 0.06335901 1.14628376 0.44303197 0.24176591 0.0109298
  0.0181076  0.97454498 0.02871406 0.09587017]
 [0.14045624 0.16546422 0.180357   0.06566915 0.01982132 0.12664992
  1.05220687 0.27075346 0.08650383 1.71739242 0.90543874 1.51152146
  0.15040989 0.01105997 0.94379733 0.08132314]
 [0.50599603 0.06862845 0.12092704 0.04708675 0.03331418 0.01301831
  0.13132193 0.04036456 0.01892563 0.28510651 0.06851436 0.04466553
  0.0140329  0.37781243 0.34125561 0.06203852]]
Cv: [[0.44019283 1.04330221 0.01839219 0.03743588 0.19140699 0.04514566
  0.61866715 1.9048688  1.65116383 0.01078438 1.35214584 0.0575745
  1.2057239  0.29221577 0.63231407]
 [0.12088087 0.0342222  0.47280367 0.20534216 0.02694147 0.25774318
  0.73304802 0.2528453  0.15967242 0.35656461 1.60724582 0.45408091
  0.12408447 1.49111913 0.52570323]
 [0.18279478 0.19498283 0.06057215 0.04060916 1.76679646 0.07073911
  0.24557694 0.2344437  0.02342223 0.01024341 0.50581706 0.0111648
  0.89276341 1.31518614 0.05581482]
 [0.21915889 0.06571004 0.7529042  0.10890664 0.66770555 0.02011248
  0.96849198 0.01067925 0.15782596 0.02614256 0.16131405 0.03490711
  0.69841052 0.16916141 0.01081969]
 [1.74451037 1.24281838 0.56229886 0.03296039 0.01264036 0.17214573
  0.3673311  0.85910895 0.03314197 0.01364983 0.07782759 0.1549875
  0.02125116 0.73287553 0.13424259]
 [0.03930189 0.69076394 0.21806817 0.0692504  0.03138561 0.01372308
  1.50948087 0.15137855 1.17566383 0.05999209 0.95305978 0.19457281
  0.01653466 0.46756144 0.18158537]]
Rh: [[ 1.55759653  2.63593146  1.29672868  1.24937024  2.34068347  3.55389769
   1.22225718  5.81976781  4.40382184 18.03525877  1.45115087 16.30618685
   1.05759677  1.41384711 18.54339223  3.06291895]
 [ 5.93159888  3.05069208  1.73673848  6.48017676  1.61667998  2.41503991
   3.38785809 16.68491063  4.27149821 10.47892351  3.11966403  8.47169084
   4.31577229  6.58115088  6.7175754   4.07933199]
 [ 7.7344657   4.34193286  1.27948637 13.41856218  1.10782321  4.68031549
   5.98547032  3.02838247  1.4094517   5.1521233   6.59466957  3.3195599
  14.53783023  1.01249965  2.00872931  2.14991327]
 [ 3.27698482 17.16344797  2.14634285  2.42490688  7.55036799  1.99679999
   1.95875204  6.12033702  2.04822733  9.30195072  1.34435236 13.08061416
   5.46556446  8.71460898  1.92567807 11.42645313]
 [ 2.40053204  1.68147987  2.13261129  1.06432585  6.23470079  1.54533223
   1.87667913  3.27250438 10.3367725   7.78078903  1.44168288 13.02097096
   6.2510234   7.35732564  5.35028804  4.23132834]]
Rv: [[ 2.89773766  4.49482606 16.58487391  1.43175967  3.95013533 14.70846824
   3.32666497  1.97979146  1.9384353   1.23365483 16.10457353  1.12950912
   1.90458176  6.01999881  8.31339145]
 [ 4.08085437 16.36522354 12.37452663  4.63932603  9.11145652  1.34390915
  17.06196607  6.26688014 11.93574853 16.72795109  1.22495963 16.93417898
   2.48159948  1.98175933 10.15942372]
 [ 1.03391693  8.75811929 11.12588459 12.12019674  2.08382136  6.36872597
   1.79149739  1.28367773  6.22841335  6.78206897  6.60292255  1.73114856
   4.05879368 15.13341077 12.21567125]
 [ 1.290528    7.32678257  9.55876021  5.89954489  2.90263523  4.72092463
   7.57445287  6.23061022  1.25403133  1.66211261  1.26277066  5.05524538
   1.90679419  1.84818241  2.83368189]
 [17.79761313  8.82518354  2.62641105  4.41942966  4.20869746  7.97428719
   6.84828977  6.30312487  2.24737974  1.19190828  1.00278959  2.02804721
   5.92535486  8.27468907 15.34437752]
 [ 3.87242312  6.80495224  2.97098162 16.05261101  6.15954436  1.47869886
   3.7799741   1.54309159  1.06622215  4.39309185  4.37044745 13.2522094
   1.03140636  3.32598917  2.90579943]]