-------Running parameters--------
T = 0.001
gap = 0
M = 5
N = 15
VR = 0.0
VU = 0.0
VD = 0.0
rightElectrode = 
leftElectrode = 
upElectrode = "[0,0,0,0,0,0,0,1,0,0,0,0,0,0,0]"
downElectrode = "[0,0,0,0,0,0,0,1,0,0,0,0,0,0,0]"
Vmin = 0.0
Vmax = 2.0
vStep = 0.01
vSym = True
repeats = 20
fileName = array_5_15_r_std_9_run_4
dist = exp
fullOutput = True
use_graph = False
current_map = True
plot_current_map = False
plot_binary_current_map = False
dbg = False
resume = False
sc = False
leaping = False
constQ = False
modifyR = False
output_folder = 2d_long_array_bgu_with_perp_point_contact
params_path = 
VG_avg = 0.0
VG_std = 0.0
C_avg = 1.0
C_std = 1.0
CG_avg = 10.0
CG_std = 0.0
R_avg = 10.0
R_std = 9.0
custom_rh = ""
custom_rv = ""
custom_ch = ""
custom_cv = ""
RG_avg = 500.0
RG_std = 0.0
n0_avg = 0.0
n0_std = 0.0
Q0_avg = 0.0
Q0_std = 0.0
----Array Parameters-----
Rows: 5
Columns: 15
VG: [[0.]
 [0.]
 [0.]
 [0.]
 [0.]
 [0.]
 [0.]
 [0.]
 [0.]
 [0.]
 [0.]
 [0.]
 [0.]
 [0.]
 [0.]
 [0.]
 [0.]
 [0.]
 [0.]
 [0.]
 [0.]
 [0.]
 [0.]
 [0.]
 [0.]
 [0.]
 [0.]
 [0.]
 [0.]
 [0.]
 [0.]
 [0.]
 [0.]
 [0.]
 [0.]
 [0.]
 [0.]
 [0.]
 [0.]
 [0.]
 [0.]
 [0.]
 [0.]
 [0.]
 [0.]
 [0.]
 [0.]
 [0.]
 [0.]
 [0.]
 [0.]
 [0.]
 [0.]
 [0.]
 [0.]
 [0.]
 [0.]
 [0.]
 [0.]
 [0.]
 [0.]
 [0.]
 [0.]
 [0.]
 [0.]
 [0.]
 [0.]
 [0.]
 [0.]
 [0.]
 [0.]
 [0.]
 [0.]
 [0.]
 [0.]]
CG: [[10.]
 [10.]
 [10.]
 [10.]
 [10.]
 [10.]
 [10.]
 [10.]
 [10.]
 [10.]
 [10.]
 [10.]
 [10.]
 [10.]
 [10.]
 [10.]
 [10.]
 [10.]
 [10.]
 [10.]
 [10.]
 [10.]
 [10.]
 [10.]
 [10.]
 [10.]
 [10.]
 [10.]
 [10.]
 [10.]
 [10.]
 [10.]
 [10.]
 [10.]
 [10.]
 [10.]
 [10.]
 [10.]
 [10.]
 [10.]
 [10.]
 [10.]
 [10.]
 [10.]
 [10.]
 [10.]
 [10.]
 [10.]
 [10.]
 [10.]
 [10.]
 [10.]
 [10.]
 [10.]
 [10.]
 [10.]
 [10.]
 [10.]
 [10.]
 [10.]
 [10.]
 [10.]
 [10.]
 [10.]
 [10.]
 [10.]
 [10.]
 [10.]
 [10.]
 [10.]
 [10.]
 [10.]
 [10.]
 [10.]
 [10.]]
RG: [[500.]
 [500.]
 [500.]
 [500.]
 [500.]
 [500.]
 [500.]
 [500.]
 [500.]
 [500.]
 [500.]
 [500.]
 [500.]
 [500.]
 [500.]
 [500.]
 [500.]
 [500.]
 [500.]
 [500.]
 [500.]
 [500.]
 [500.]
 [500.]
 [500.]
 [500.]
 [500.]
 [500.]
 [500.]
 [500.]
 [500.]
 [500.]
 [500.]
 [500.]
 [500.]
 [500.]
 [500.]
 [500.]
 [500.]
 [500.]
 [500.]
 [500.]
 [500.]
 [500.]
 [500.]
 [500.]
 [500.]
 [500.]
 [500.]
 [500.]
 [500.]
 [500.]
 [500.]
 [500.]
 [500.]
 [500.]
 [500.]
 [500.]
 [500.]
 [500.]
 [500.]
 [500.]
 [500.]
 [500.]
 [500.]
 [500.]
 [500.]
 [500.]
 [500.]
 [500.]
 [500.]
 [500.]
 [500.]
 [500.]
 [500.]]
Ch: [[0.14991545 0.01202873 1.13475325 0.63104132 1.63085828 0.02910798
  0.73301161 0.10842996 0.18327572 1.07455045 0.01647002 0.02231148
  0.71962565 0.11310092 0.08779997 1.89208177]
 [0.04730252 0.84802556 1.9580613  0.01305385 0.02126613 0.22837065
  1.00129105 0.39979003 0.38809403 0.09627845 0.03085097 0.07806452
  0.01537269 0.04479627 1.50948537 0.05177083]
 [0.52613349 0.25031837 0.01617233 0.43939236 1.52207139 0.01493574
  0.37859102 0.04809531 0.64968472 0.59492476 0.06095836 1.77570612
  0.06058924 0.52137267 0.36543786 0.13257065]
 [0.37179624 0.33664128 0.06527877 0.46943716 0.2808257  0.03308043
  0.12688171 0.09649193 0.08702306 0.01647845 1.08252432 0.28344886
  0.01029659 1.05088402 0.4440753  0.12207622]
 [0.01116004 0.89669995 0.07962297 0.51004284 0.55641861 0.02191325
  0.02838017 0.03683983 0.21972368 0.32027326 0.09548921 0.02681473
  0.5514306  0.3457407  0.04649965 0.42653586]]
Cv: [[0.09175091 0.01793616 0.07553285 0.02204242 0.05229393 0.12171874
  0.14247803 0.01494849 0.01231339 0.43060735 0.01437842 1.6001919
  0.85115208 1.24457514 0.02180662]
 [0.08682027 1.268077   0.02969474 0.88706025 0.22337972 0.15531316
  0.03329089 0.05175211 0.05934576 0.05156618 0.06527335 0.44148989
  0.21685657 0.01431644 1.61276523]
 [1.82277917 1.31483539 0.01433224 0.0529863  0.23484617 0.153097
  0.01079077 0.10170086 0.03015111 0.65248366 0.02797554 0.9027227
  1.82114037 0.14109889 1.22740223]
 [0.35352291 0.01229805 0.21300302 0.46967261 0.02301903 0.015644
  0.06866024 0.05216139 0.27357285 0.73659952 0.28166619 0.05849885
  0.22684862 0.10629935 0.38004587]
 [0.3045285  0.0140223  0.07188011 0.25249705 0.01659892 0.04454317
  0.32229351 0.05577076 0.05608025 0.20731104 0.13627565 0.92487436
  0.1069945  0.01102721 0.1210904 ]
 [0.13563948 0.74684058 0.04130725 0.05765309 0.21706174 0.03838249
  0.15845311 0.03092629 0.08296003 0.07582779 1.43115536 0.0180642
  0.10607551 0.0105978  1.9029198 ]]
Rh: [[ 1.93223188  2.54946005  7.36192961  7.06644605  3.35623198  2.07644882
  18.32722856  5.16272043  5.62868765 11.53204345 10.44222622  8.10926023
   1.61319752  2.89283438  1.2440243  10.37325057]
 [ 1.56102901  5.92058017 13.18122505  1.38426323  2.63428783  2.64410113
   1.68859719  1.19125836  2.34979297  2.04430334 15.97312663  1.36526974
   5.17651604  3.63785088  3.08400315  7.26983201]
 [ 4.70614089  5.08964335  9.56562201  2.92313029  1.13305909  5.01004157
   7.00974084  3.56616266  3.67169668  3.44135602  3.97000607  2.61933886
   6.30621173 14.99651391  7.07780066  1.68624982]
 [ 2.07893604  1.21957602  2.94116831  6.24198863 13.37535676  7.86969151
   5.89533077  3.05930455  9.56747691 16.20848253  6.15945391  1.66372852
   8.93604265  2.18987391  1.57179114  8.60744671]
 [14.44506708  4.13795816  2.05890588  2.61123772 17.19528285  4.81477101
   1.54210515  1.55777023 11.39142295 12.61918856 17.62638442  2.10964911
   5.90096592  3.82482347  8.98738642 15.72715116]]
Rv: [[ 4.74820522  4.61471927  2.54882505  3.82254484  1.96458061  3.39101079
   2.910323    1.14535995  8.85564781 14.5492404   4.43051584  1.19327521
   1.15451201  1.8617494   3.07092032]
 [13.72877057  4.09808547  2.24868182  6.93275122  6.39938941  3.98987063
   6.25289997  1.17943069  6.09161893  2.39798626  3.10559619  1.02693841
   1.24215245 12.84331754  1.35200033]
 [ 4.04020872  1.01924579  2.17300249  7.68153365  2.83699568  5.86229006
   8.86311704  1.04312032 12.04440849 13.38989837  1.29767409  5.75909805
  13.88175328  1.10694744  1.49597202]
 [ 4.40476882 15.77976908  1.24695042  2.17529216  1.12091825  1.35334902
   4.42641854  1.20122313  1.70872578  5.08432681  7.48288466 11.70208314
   7.21176415 11.04772564  9.22374961]
 [ 9.02948563  5.09038635  1.07169952  2.12664456 16.04043699  1.03171801
   3.4084521   7.41173038  8.44803348  1.29641583 15.84464688 14.89147246
   6.47262275  2.13583356  9.09090848]
 [ 5.54447414  3.85052545  1.84739566 14.04082966  1.0013394   2.77905731
  15.07298968  3.67707685  1.55970213 15.42604421  3.25161612  5.09144504
   1.75839986  4.61319432  5.04496684]]