-------Running parameters--------
T = 0.0
gap = 0
M = 10
N = 10
VR = 0.0
Vmin = 0.0
Vmax = 4.0
vStep = 0.01
vSym = False
repeats = 20
fileName = array_10_10_r_cg_c_disorder_run_2
dist = exp
fullOutput = True
use_graph = False
current_map = True
plot_current_map = False
plot_binary_current_map = False
dbg = False
resume = False
sc = False
leaping = False
constQ = False
modifyR = False
output_folder = 2d_array_bgu_different_disorder
params_path = 
VG_avg = 0.0
VG_std = 0.0
C_avg = 1.0
C_std = 0.7
CG_avg = 10.0
CG_std = 5.0
R_avg = 10.0
R_std = 9.0
custom_rh = ""
custom_rv = ""
custom_ch = ""
custom_cv = ""
RG_avg = 500.0
RG_std = 0.0
n0_avg = 0.0
n0_std = 0.0
Q0_avg = 0.0
Q0_std = 0.0
----Array Parameters-----
Rows: 10
Columns: 10
VG: [[0.]
 [0.]
 [0.]
 [0.]
 [0.]
 [0.]
 [0.]
 [0.]
 [0.]
 [0.]
 [0.]
 [0.]
 [0.]
 [0.]
 [0.]
 [0.]
 [0.]
 [0.]
 [0.]
 [0.]
 [0.]
 [0.]
 [0.]
 [0.]
 [0.]
 [0.]
 [0.]
 [0.]
 [0.]
 [0.]
 [0.]
 [0.]
 [0.]
 [0.]
 [0.]
 [0.]
 [0.]
 [0.]
 [0.]
 [0.]
 [0.]
 [0.]
 [0.]
 [0.]
 [0.]
 [0.]
 [0.]
 [0.]
 [0.]
 [0.]
 [0.]
 [0.]
 [0.]
 [0.]
 [0.]
 [0.]
 [0.]
 [0.]
 [0.]
 [0.]
 [0.]
 [0.]
 [0.]
 [0.]
 [0.]
 [0.]
 [0.]
 [0.]
 [0.]
 [0.]
 [0.]
 [0.]
 [0.]
 [0.]
 [0.]
 [0.]
 [0.]
 [0.]
 [0.]
 [0.]
 [0.]
 [0.]
 [0.]
 [0.]
 [0.]
 [0.]
 [0.]
 [0.]
 [0.]
 [0.]
 [0.]
 [0.]
 [0.]
 [0.]
 [0.]
 [0.]
 [0.]
 [0.]
 [0.]
 [0.]]
CG: [[ 6.87498888]
 [11.05049453]
 [10.34813428]
 [ 6.24361935]
 [ 9.09482847]
 [ 6.54498651]
 [10.34596822]
 [ 6.25703602]
 [ 9.85441438]
 [11.68409125]
 [14.71738705]
 [ 5.83417874]
 [ 6.99881717]
 [ 6.33756745]
 [ 8.48274099]
 [ 9.89446759]
 [ 9.79637832]
 [ 5.6787894 ]
 [ 8.00562156]
 [13.70110996]
 [ 6.79902756]
 [ 6.26194178]
 [ 8.60723933]
 [ 6.15113726]
 [ 7.39181768]
 [13.46038944]
 [ 7.21180049]
 [ 6.10287049]
 [ 8.90568778]
 [ 5.27803417]
 [ 9.91646858]
 [ 6.39301528]
 [ 8.2204282 ]
 [ 9.48407683]
 [ 7.40071541]
 [ 9.74483682]
 [13.34129765]
 [ 8.78911305]
 [13.51123784]
 [ 6.04379756]
 [ 7.38425294]
 [13.7048426 ]
 [ 6.6951472 ]
 [11.29416061]
 [ 5.2216675 ]
 [ 6.71693509]
 [13.87304935]
 [10.44069056]
 [ 8.28702919]
 [ 8.89055878]
 [ 5.74507854]
 [11.13523337]
 [ 7.02635048]
 [ 7.74006972]
 [ 6.80662584]
 [ 9.56743592]
 [ 9.28630759]
 [11.48174279]
 [ 5.3392844 ]
 [10.62493766]
 [13.40052878]
 [ 5.86161052]
 [ 9.34962857]
 [ 7.04088722]
 [12.71289271]
 [14.88386227]
 [ 6.61330322]
 [ 5.00436508]
 [11.47291425]
 [ 5.69427089]
 [ 8.91178116]
 [11.53518326]
 [ 6.89675629]
 [11.4692777 ]
 [ 5.79294099]
 [ 5.93206456]
 [12.48218071]
 [ 5.67919047]
 [ 6.21615823]
 [13.39602211]
 [13.97343615]
 [13.37314298]
 [13.09083639]
 [ 9.02895003]
 [ 9.46188135]
 [ 6.7019742 ]
 [ 6.40954709]
 [12.56821553]
 [ 6.43325991]
 [ 6.20535404]
 [13.28149016]
 [ 5.67590712]
 [12.21159258]
 [ 6.03236685]
 [ 5.60774663]
 [ 6.23460345]
 [ 6.95904231]
 [ 5.51130251]
 [13.52703939]
 [ 9.1612817 ]]
RG: [[500.]
 [500.]
 [500.]
 [500.]
 [500.]
 [500.]
 [500.]
 [500.]
 [500.]
 [500.]
 [500.]
 [500.]
 [500.]
 [500.]
 [500.]
 [500.]
 [500.]
 [500.]
 [500.]
 [500.]
 [500.]
 [500.]
 [500.]
 [500.]
 [500.]
 [500.]
 [500.]
 [500.]
 [500.]
 [500.]
 [500.]
 [500.]
 [500.]
 [500.]
 [500.]
 [500.]
 [500.]
 [500.]
 [500.]
 [500.]
 [500.]
 [500.]
 [500.]
 [500.]
 [500.]
 [500.]
 [500.]
 [500.]
 [500.]
 [500.]
 [500.]
 [500.]
 [500.]
 [500.]
 [500.]
 [500.]
 [500.]
 [500.]
 [500.]
 [500.]
 [500.]
 [500.]
 [500.]
 [500.]
 [500.]
 [500.]
 [500.]
 [500.]
 [500.]
 [500.]
 [500.]
 [500.]
 [500.]
 [500.]
 [500.]
 [500.]
 [500.]
 [500.]
 [500.]
 [500.]
 [500.]
 [500.]
 [500.]
 [500.]
 [500.]
 [500.]
 [500.]
 [500.]
 [500.]
 [500.]
 [500.]
 [500.]
 [500.]
 [500.]
 [500.]
 [500.]
 [500.]
 [500.]
 [500.]
 [500.]]
Ch: [[0.44565451 1.49083602 1.24675869 1.16525321 0.99998762 1.36014177
  1.28313668 1.31917387 1.48144171 1.41699744 1.33889803]
 [0.85975372 1.4070949  0.52770378 0.8607067  1.12112162 1.19992546
  0.34103582 0.59995745 0.33495665 0.70010372 1.66542157]
 [0.36510823 0.71811974 0.72887538 1.41587214 0.50998205 1.413914
  0.6079283  0.68531171 1.09487987 0.375193   0.58452304]
 [0.41715405 0.37054934 0.74341547 1.6152597  0.47347026 0.42531629
  0.36811866 0.71166258 0.45800154 0.31411623 0.63979527]
 [0.96663062 0.38715708 0.72808931 0.31261769 0.46300721 0.76461561
  0.33473251 0.70471434 0.69964818 0.51728071 0.65208772]
 [1.09682343 0.76093637 0.90279304 0.89797541 1.23299506 0.44884319
  0.32852105 0.68763065 1.33097939 0.41465518 0.56155332]
 [0.45134593 0.57974566 0.39891734 0.41330858 1.63728426 0.65539445
  0.8963489  0.96648021 0.99504834 1.07758741 0.83161841]
 [0.50975144 0.65048678 0.94305409 1.45950345 0.41352864 0.99237547
  0.31155825 0.70898926 0.56142958 0.57759428 0.3281847 ]
 [0.42465469 0.80397534 0.32852288 0.58870156 0.52650551 1.67006946
  0.35459362 0.68536047 1.3082797  1.10094408 0.89242523]
 [0.98919591 0.82311992 1.64966336 0.46413539 0.48441026 0.98914
  0.71717054 1.05070123 0.9768083  0.43535069 1.34258039]]
Cv: [[0.         0.         0.         0.         0.         0.
  0.         0.         0.         0.        ]
 [0.77624624 0.79769655 1.59253566 0.46317531 0.63841703 0.55095513
  0.8793865  0.67630474 1.69593529 0.3936768 ]
 [0.67365444 0.60119734 1.65662263 0.62770001 1.03370082 0.71744626
  0.87276597 1.37855449 0.53858198 1.08471754]
 [0.68232665 0.41809556 0.7598304  0.57706895 1.47462645 0.88624262
  0.51138821 1.5340766  0.73761632 0.77908014]
 [1.12843656 0.33498663 0.5835486  0.70705972 0.36823614 1.43603532
  0.90209852 0.96692034 1.55895629 0.54157227]
 [0.7535251  0.58375489 0.39393795 0.88076236 0.39165181 1.2477902
  0.41766381 0.43140443 0.6477192  1.16930796]
 [1.01888196 0.67181331 1.12066771 0.47889563 1.06575475 0.31471013
  0.30631824 1.6552995  0.34039742 1.16358263]
 [0.3044509  1.63218294 0.82571662 1.40081932 0.78423145 0.40205428
  0.65955661 1.03653218 0.96497735 1.42706331]
 [0.92316502 1.18746668 0.90717373 1.51766166 0.58102539 0.5190036
  0.36602043 0.42651197 0.79683227 0.57667502]
 [0.75214904 0.33605038 1.04261327 0.30037498 1.40065906 1.43061272
  1.26175244 0.67675058 0.30238848 0.906608  ]]
Rh: [[ 2.10628764  3.38602178 16.80377616  4.45339971 13.75610668  3.99706237
   1.02435229  7.43183441  1.8054982   8.57682231  4.35361853]
 [ 7.27357639  5.12080093  2.55267261  2.52238626  9.24692949 10.33719503
   2.6330923   2.4139712   9.48190206  1.68724192 11.8224678 ]
 [ 2.08868895  1.06243609 17.83738206  3.62559246  9.03100381 12.40863477
   8.70438355  3.4974285  13.08638178  2.54744693  4.18819884]
 [ 6.74650247  4.35067103  2.12704292 13.84879242 17.04803797 10.70436016
   1.34280956  1.73003372  2.9147806  17.13334243  2.24243586]
 [ 3.48314364  8.42732023 13.67667166 10.01208123 10.30197317  4.58944594
   8.59616364  1.55413609 16.44391801  8.16633707  4.85549287]
 [17.49551275  1.92521178 18.85454706  4.16201205  4.27405847  2.67017704
   4.18296402  5.6672692  13.46487375 14.32059433  2.09188565]
 [ 2.77109783  3.29667008  2.43495747  2.38863569  3.73951393  3.07148328
   1.78945702  7.87669894  3.78913717  6.52655678  4.26407795]
 [ 1.81753579  4.1493236   5.29570638  3.16655059  3.6957363   6.37438827
  12.77278993  6.17548089 11.83988894  2.65988899  7.62951827]
 [ 9.39430733 11.61772378  5.40593022  5.89361224  1.57677726  1.70768807
  17.27242586  1.16986384  2.69233577  5.28214258  4.50043142]
 [ 3.69791485  1.36553778  1.14691816  4.24909341  1.05504587  8.11127309
   4.40691221  7.39802594  1.58112663  1.3230861   1.57626016]]
Rv: [[ 6.98984475 12.39800644 11.76629156 17.85851893  3.45330804  6.98491941
   1.70452193  4.97614815  1.79471518  1.65002608]
 [ 1.55994787  1.19588466  3.49652324  9.99228339  2.05483107  1.23948887
   2.82970526  2.44990538  3.04686881  6.08519677]
 [ 1.96094346 18.17099749  5.83235046  3.28185343  3.24430149  7.03550807
  16.56403565  5.292365    1.4020937   8.50834223]
 [11.61047362  7.64632918  2.05088431  2.60336725  8.80797665 15.63302676
   1.19725943 18.55511796  2.90192946  3.41215513]
 [ 2.5953323   6.25138578  4.41056253  1.44599523  5.45566847 12.61835833
   3.42437098  5.79475873 10.57833605  1.10998148]
 [ 1.32339944  5.11993672 12.34178079 11.09354458  2.42384532  2.61910679
   1.68733961  4.35036328  1.03985581  2.53371412]
 [11.10981538 10.86226119  1.62697039  9.74813632 10.77647475 15.71025787
  15.59403947  3.87997221  5.39776454  8.15268704]
 [ 9.93819247  3.46291808  6.81085224  1.69940017  6.13351144 12.27094886
   5.9197599   6.94201439  2.33723203  3.34564427]
 [ 7.00030697  8.5326743   6.61665782  2.06425859  1.64381657 17.70866241
  12.31758472 13.30144407  8.56354007  2.91302573]]