-------Running parameters--------
T = 0.0
gap = 0
M = 10
N = 10
VR = 0.0
Vmin = 0.0
Vmax = 4.0
vStep = 0.01
vSym = False
repeats = 20
fileName = array_10_10_cg_c_disorder_run_4
dist = exp
fullOutput = True
use_graph = False
current_map = True
plot_current_map = False
plot_binary_current_map = False
dbg = False
resume = False
sc = False
leaping = False
constQ = False
modifyR = False
output_folder = 2d_array_bgu_different_disorder
params_path = 
VG_avg = 0.0
VG_std = 0.0
C_avg = 1.0
C_std = 0.7
CG_avg = 10.0
CG_std = 5.0
R_avg = 10.0
R_std = 0.0
custom_rh = ""
custom_rv = ""
custom_ch = ""
custom_cv = ""
RG_avg = 500.0
RG_std = 0.0
n0_avg = 0.0
n0_std = 0.0
Q0_avg = 0.0
Q0_std = 0.0
----Array Parameters-----
Rows: 10
Columns: 10
VG: [[0.]
 [0.]
 [0.]
 [0.]
 [0.]
 [0.]
 [0.]
 [0.]
 [0.]
 [0.]
 [0.]
 [0.]
 [0.]
 [0.]
 [0.]
 [0.]
 [0.]
 [0.]
 [0.]
 [0.]
 [0.]
 [0.]
 [0.]
 [0.]
 [0.]
 [0.]
 [0.]
 [0.]
 [0.]
 [0.]
 [0.]
 [0.]
 [0.]
 [0.]
 [0.]
 [0.]
 [0.]
 [0.]
 [0.]
 [0.]
 [0.]
 [0.]
 [0.]
 [0.]
 [0.]
 [0.]
 [0.]
 [0.]
 [0.]
 [0.]
 [0.]
 [0.]
 [0.]
 [0.]
 [0.]
 [0.]
 [0.]
 [0.]
 [0.]
 [0.]
 [0.]
 [0.]
 [0.]
 [0.]
 [0.]
 [0.]
 [0.]
 [0.]
 [0.]
 [0.]
 [0.]
 [0.]
 [0.]
 [0.]
 [0.]
 [0.]
 [0.]
 [0.]
 [0.]
 [0.]
 [0.]
 [0.]
 [0.]
 [0.]
 [0.]
 [0.]
 [0.]
 [0.]
 [0.]
 [0.]
 [0.]
 [0.]
 [0.]
 [0.]
 [0.]
 [0.]
 [0.]
 [0.]
 [0.]
 [0.]]
CG: [[ 8.40334825]
 [11.63744476]
 [ 5.32005758]
 [13.93445328]
 [10.59552275]
 [ 7.10183498]
 [ 6.20462832]
 [ 8.34680896]
 [12.74361753]
 [10.16371762]
 [10.09538898]
 [13.50478486]
 [ 6.9277682 ]
 [ 6.82481336]
 [ 5.15181084]
 [ 8.11075281]
 [10.34752887]
 [ 6.0154945 ]
 [10.26904075]
 [13.14507544]
 [ 6.66387789]
 [ 6.72164347]
 [12.79923401]
 [ 5.57275951]
 [ 6.08228106]
 [ 6.51407198]
 [14.56230985]
 [ 6.06985177]
 [ 9.51950307]
 [ 6.57596892]
 [ 7.01557557]
 [ 9.95855414]
 [ 6.46423315]
 [ 6.0297211 ]
 [11.76373982]
 [ 9.58196394]
 [12.5794767 ]
 [12.8955423 ]
 [ 7.20610397]
 [ 5.73102662]
 [ 9.3882382 ]
 [ 5.0118259 ]
 [ 6.95561596]
 [ 7.89926116]
 [14.92896757]
 [ 7.71445227]
 [ 8.09765313]
 [ 6.16764707]
 [10.6808679 ]
 [ 6.78556332]
 [ 8.61167811]
 [ 7.50060566]
 [14.56376575]
 [13.87269571]
 [ 5.31634467]
 [10.18373787]
 [10.44753048]
 [11.16295592]
 [ 6.95378696]
 [ 7.3939806 ]
 [ 5.6367205 ]
 [ 6.7338852 ]
 [10.77385635]
 [14.48721398]
 [10.34907426]
 [ 6.62910711]
 [ 7.78096599]
 [ 7.00870378]
 [ 9.53553748]
 [11.76641706]
 [ 5.99080398]
 [13.39434657]
 [ 9.6251746 ]
 [ 5.62958012]
 [ 5.94755701]
 [13.65521434]
 [ 5.08933839]
 [ 6.70944187]
 [12.506721  ]
 [ 8.58646635]
 [ 6.70990235]
 [ 8.98730679]
 [ 6.19740698]
 [11.90396424]
 [13.87704073]
 [13.66778894]
 [ 9.82249475]
 [ 7.20881149]
 [13.87019851]
 [ 8.73148386]
 [10.01136754]
 [12.95808661]
 [ 5.90749421]
 [ 5.00367605]
 [12.56665378]
 [12.62463807]
 [ 6.53353644]
 [ 5.23809919]
 [10.74252087]
 [ 7.59463575]]
RG: [[500.]
 [500.]
 [500.]
 [500.]
 [500.]
 [500.]
 [500.]
 [500.]
 [500.]
 [500.]
 [500.]
 [500.]
 [500.]
 [500.]
 [500.]
 [500.]
 [500.]
 [500.]
 [500.]
 [500.]
 [500.]
 [500.]
 [500.]
 [500.]
 [500.]
 [500.]
 [500.]
 [500.]
 [500.]
 [500.]
 [500.]
 [500.]
 [500.]
 [500.]
 [500.]
 [500.]
 [500.]
 [500.]
 [500.]
 [500.]
 [500.]
 [500.]
 [500.]
 [500.]
 [500.]
 [500.]
 [500.]
 [500.]
 [500.]
 [500.]
 [500.]
 [500.]
 [500.]
 [500.]
 [500.]
 [500.]
 [500.]
 [500.]
 [500.]
 [500.]
 [500.]
 [500.]
 [500.]
 [500.]
 [500.]
 [500.]
 [500.]
 [500.]
 [500.]
 [500.]
 [500.]
 [500.]
 [500.]
 [500.]
 [500.]
 [500.]
 [500.]
 [500.]
 [500.]
 [500.]
 [500.]
 [500.]
 [500.]
 [500.]
 [500.]
 [500.]
 [500.]
 [500.]
 [500.]
 [500.]
 [500.]
 [500.]
 [500.]
 [500.]
 [500.]
 [500.]
 [500.]
 [500.]
 [500.]
 [500.]]
Ch: [[0.38644641 0.39639311 1.2431737  1.6061612  1.1586018  1.65581796
  0.92166639 1.60951478 0.44144029 0.5141511  0.7161368 ]
 [0.92314665 0.87024816 0.95127922 0.89372235 0.72781256 1.68797778
  0.30097648 1.38670754 0.89567668 0.52220285 0.63531963]
 [1.28284115 0.7902712  0.45066919 1.52462    1.1827907  0.8964042
  0.34975595 1.64664199 1.61904263 0.41796933 1.39747353]
 [0.30482683 0.60982652 0.43636669 0.96713754 0.41335383 0.41943753
  0.99107259 0.42217168 0.51067077 0.61247555 0.78741972]
 [1.26987943 0.63161552 1.15926523 0.58947363 1.63752509 0.53090405
  0.35373781 1.07391667 0.3698121  0.89085129 0.45514203]
 [0.92382192 0.5377511  1.04064171 1.11079605 1.62150625 1.1742017
  0.91684196 1.06551249 0.39633017 0.74509838 1.37904773]
 [0.31338264 1.07460927 0.54171309 0.35557353 1.29457067 0.42374849
  0.46523216 0.6945959  0.42661777 0.4041597  0.46988748]
 [0.46212718 0.99728251 1.15124034 0.46539728 0.37014258 0.60388816
  1.6704552  1.65612093 1.64710224 0.57017521 0.37705609]
 [0.82432696 0.38955507 0.54172898 0.75434009 0.39345751 0.38972048
  0.52386969 0.30309056 0.44314218 1.62833642 0.94110586]
 [1.58592298 1.10373812 0.48066355 0.32253639 0.45905601 0.62842201
  1.65473846 0.40615354 0.37717222 0.90767262 0.45494417]]
Cv: [[0.         0.         0.         0.         0.         0.
  0.         0.         0.         0.        ]
 [0.46143339 0.79359139 1.36983036 1.5013629  0.81862223 1.07450847
  0.91269334 0.41220158 0.35683149 0.36436925]
 [0.99867414 1.43002623 0.77507327 1.21578057 1.65399879 0.73616231
  0.84046883 0.48501643 0.47817448 0.4797621 ]
 [0.50206804 0.95631135 0.42999366 0.40953008 1.02755014 0.40806691
  0.34305543 0.98836266 1.63932687 1.34077715]
 [0.81602337 1.46361222 1.37855886 0.74501873 0.32967781 0.45701121
  0.54723007 1.07596813 0.41498276 0.34986827]
 [0.70619417 1.02598246 0.36909768 0.46895587 0.3062771  0.5184733
  0.41390555 0.56602009 0.53641705 1.38568786]
 [0.56237163 0.85290884 0.8767044  1.17751912 0.74815905 0.66888981
  0.58773553 0.34555933 0.62327177 0.83181375]
 [0.45079988 1.29172175 1.34524683 0.49981592 0.31715548 0.7751869
  0.83514982 0.47893534 0.32510443 0.4631346 ]
 [1.24348332 0.48243637 0.51121618 1.2700067  0.40085504 0.44113342
  0.50284172 0.31908134 1.2646944  0.50405911]
 [0.51592982 0.30564868 0.5408554  0.85225    1.67250152 1.45263884
  0.91048036 0.64283547 0.40317    1.0073891 ]]
Rh: [[10. 10. 10. 10. 10. 10. 10. 10. 10. 10. 10.]
 [10. 10. 10. 10. 10. 10. 10. 10. 10. 10. 10.]
 [10. 10. 10. 10. 10. 10. 10. 10. 10. 10. 10.]
 [10. 10. 10. 10. 10. 10. 10. 10. 10. 10. 10.]
 [10. 10. 10. 10. 10. 10. 10. 10. 10. 10. 10.]
 [10. 10. 10. 10. 10. 10. 10. 10. 10. 10. 10.]
 [10. 10. 10. 10. 10. 10. 10. 10. 10. 10. 10.]
 [10. 10. 10. 10. 10. 10. 10. 10. 10. 10. 10.]
 [10. 10. 10. 10. 10. 10. 10. 10. 10. 10. 10.]
 [10. 10. 10. 10. 10. 10. 10. 10. 10. 10. 10.]]
Rv: [[10. 10. 10. 10. 10. 10. 10. 10. 10. 10.]
 [10. 10. 10. 10. 10. 10. 10. 10. 10. 10.]
 [10. 10. 10. 10. 10. 10. 10. 10. 10. 10.]
 [10. 10. 10. 10. 10. 10. 10. 10. 10. 10.]
 [10. 10. 10. 10. 10. 10. 10. 10. 10. 10.]
 [10. 10. 10. 10. 10. 10. 10. 10. 10. 10.]
 [10. 10. 10. 10. 10. 10. 10. 10. 10. 10.]
 [10. 10. 10. 10. 10. 10. 10. 10. 10. 10.]
 [10. 10. 10. 10. 10. 10. 10. 10. 10. 10.]]