-------Running parameters--------
T = 0.0
gap = 0
M = 10
N = 10
VR = 0.0
Vmin = 0.0
Vmax = 4.0
vStep = 0.01
vSym = False
repeats = 20
fileName = array_10_10_r_disorder_run_3
dist = exp
fullOutput = True
use_graph = False
current_map = True
plot_current_map = False
plot_binary_current_map = False
dbg = False
resume = False
sc = False
leaping = False
constQ = False
modifyR = False
output_folder = 2d_array_bgu_different_disorder
params_path = 
VG_avg = 0.0
VG_std = 0.0
C_avg = 1.0
C_std = 0.0
CG_avg = 10.0
CG_std = 0.0
R_avg = 10.0
R_std = 9.0
custom_rh = ""
custom_rv = ""
custom_ch = ""
custom_cv = ""
RG_avg = 500.0
RG_std = 0.0
n0_avg = 0.0
n0_std = 0.0
Q0_avg = 0.0
Q0_std = 0.0
----Array Parameters-----
Rows: 10
Columns: 10
VG: [[0.]
 [0.]
 [0.]
 [0.]
 [0.]
 [0.]
 [0.]
 [0.]
 [0.]
 [0.]
 [0.]
 [0.]
 [0.]
 [0.]
 [0.]
 [0.]
 [0.]
 [0.]
 [0.]
 [0.]
 [0.]
 [0.]
 [0.]
 [0.]
 [0.]
 [0.]
 [0.]
 [0.]
 [0.]
 [0.]
 [0.]
 [0.]
 [0.]
 [0.]
 [0.]
 [0.]
 [0.]
 [0.]
 [0.]
 [0.]
 [0.]
 [0.]
 [0.]
 [0.]
 [0.]
 [0.]
 [0.]
 [0.]
 [0.]
 [0.]
 [0.]
 [0.]
 [0.]
 [0.]
 [0.]
 [0.]
 [0.]
 [0.]
 [0.]
 [0.]
 [0.]
 [0.]
 [0.]
 [0.]
 [0.]
 [0.]
 [0.]
 [0.]
 [0.]
 [0.]
 [0.]
 [0.]
 [0.]
 [0.]
 [0.]
 [0.]
 [0.]
 [0.]
 [0.]
 [0.]
 [0.]
 [0.]
 [0.]
 [0.]
 [0.]
 [0.]
 [0.]
 [0.]
 [0.]
 [0.]
 [0.]
 [0.]
 [0.]
 [0.]
 [0.]
 [0.]
 [0.]
 [0.]
 [0.]
 [0.]]
CG: [[10.]
 [10.]
 [10.]
 [10.]
 [10.]
 [10.]
 [10.]
 [10.]
 [10.]
 [10.]
 [10.]
 [10.]
 [10.]
 [10.]
 [10.]
 [10.]
 [10.]
 [10.]
 [10.]
 [10.]
 [10.]
 [10.]
 [10.]
 [10.]
 [10.]
 [10.]
 [10.]
 [10.]
 [10.]
 [10.]
 [10.]
 [10.]
 [10.]
 [10.]
 [10.]
 [10.]
 [10.]
 [10.]
 [10.]
 [10.]
 [10.]
 [10.]
 [10.]
 [10.]
 [10.]
 [10.]
 [10.]
 [10.]
 [10.]
 [10.]
 [10.]
 [10.]
 [10.]
 [10.]
 [10.]
 [10.]
 [10.]
 [10.]
 [10.]
 [10.]
 [10.]
 [10.]
 [10.]
 [10.]
 [10.]
 [10.]
 [10.]
 [10.]
 [10.]
 [10.]
 [10.]
 [10.]
 [10.]
 [10.]
 [10.]
 [10.]
 [10.]
 [10.]
 [10.]
 [10.]
 [10.]
 [10.]
 [10.]
 [10.]
 [10.]
 [10.]
 [10.]
 [10.]
 [10.]
 [10.]
 [10.]
 [10.]
 [10.]
 [10.]
 [10.]
 [10.]
 [10.]
 [10.]
 [10.]
 [10.]]
RG: [[500.]
 [500.]
 [500.]
 [500.]
 [500.]
 [500.]
 [500.]
 [500.]
 [500.]
 [500.]
 [500.]
 [500.]
 [500.]
 [500.]
 [500.]
 [500.]
 [500.]
 [500.]
 [500.]
 [500.]
 [500.]
 [500.]
 [500.]
 [500.]
 [500.]
 [500.]
 [500.]
 [500.]
 [500.]
 [500.]
 [500.]
 [500.]
 [500.]
 [500.]
 [500.]
 [500.]
 [500.]
 [500.]
 [500.]
 [500.]
 [500.]
 [500.]
 [500.]
 [500.]
 [500.]
 [500.]
 [500.]
 [500.]
 [500.]
 [500.]
 [500.]
 [500.]
 [500.]
 [500.]
 [500.]
 [500.]
 [500.]
 [500.]
 [500.]
 [500.]
 [500.]
 [500.]
 [500.]
 [500.]
 [500.]
 [500.]
 [500.]
 [500.]
 [500.]
 [500.]
 [500.]
 [500.]
 [500.]
 [500.]
 [500.]
 [500.]
 [500.]
 [500.]
 [500.]
 [500.]
 [500.]
 [500.]
 [500.]
 [500.]
 [500.]
 [500.]
 [500.]
 [500.]
 [500.]
 [500.]
 [500.]
 [500.]
 [500.]
 [500.]
 [500.]
 [500.]
 [500.]
 [500.]
 [500.]
 [500.]]
Ch: [[1. 1. 1. 1. 1. 1. 1. 1. 1. 1. 1.]
 [1. 1. 1. 1. 1. 1. 1. 1. 1. 1. 1.]
 [1. 1. 1. 1. 1. 1. 1. 1. 1. 1. 1.]
 [1. 1. 1. 1. 1. 1. 1. 1. 1. 1. 1.]
 [1. 1. 1. 1. 1. 1. 1. 1. 1. 1. 1.]
 [1. 1. 1. 1. 1. 1. 1. 1. 1. 1. 1.]
 [1. 1. 1. 1. 1. 1. 1. 1. 1. 1. 1.]
 [1. 1. 1. 1. 1. 1. 1. 1. 1. 1. 1.]
 [1. 1. 1. 1. 1. 1. 1. 1. 1. 1. 1.]
 [1. 1. 1. 1. 1. 1. 1. 1. 1. 1. 1.]]
Cv: [[0. 0. 0. 0. 0. 0. 0. 0. 0. 0.]
 [1. 1. 1. 1. 1. 1. 1. 1. 1. 1.]
 [1. 1. 1. 1. 1. 1. 1. 1. 1. 1.]
 [1. 1. 1. 1. 1. 1. 1. 1. 1. 1.]
 [1. 1. 1. 1. 1. 1. 1. 1. 1. 1.]
 [1. 1. 1. 1. 1. 1. 1. 1. 1. 1.]
 [1. 1. 1. 1. 1. 1. 1. 1. 1. 1.]
 [1. 1. 1. 1. 1. 1. 1. 1. 1. 1.]
 [1. 1. 1. 1. 1. 1. 1. 1. 1. 1.]
 [1. 1. 1. 1. 1. 1. 1. 1. 1. 1.]]
Rh: [[15.40460201  1.74768185  1.15726361  8.29016395  2.24328874  6.14768887
  18.25593095  1.98110746  5.23133213 14.92059064  1.46498939]
 [ 3.43467122 10.45897815 10.88870939  3.89682882  3.16537188  1.9924361
   4.62333086  8.98564008  9.72138106  5.83239685  1.34115679]
 [ 1.10508789  1.17326989  3.55021169 17.37909552 11.89483376  4.9361117
   1.42363155  1.24196787  5.10425084  3.14667629  5.62818849]
 [ 8.31593265  9.17201516 17.84691729  8.46784899  8.19883584 18.67070493
   7.7130131   2.03760605  1.67474263  3.78539164  7.18374394]
 [ 6.47822094  2.44266826  3.57978973  6.02721817  6.96923085  1.11971863
  16.66136473  7.08633642  3.99675242  1.43194461  7.95267819]
 [ 1.14669678  4.52234858 13.17651179  5.42920803  9.84748731  1.04863319
   3.44979897  1.89466899 11.65613766 11.19185436 13.60356289]
 [ 1.1465932   1.87106264  1.33764332 13.53733762  3.57336882 10.77996522
   3.2809669   1.46104619  5.95917002  6.72879603  7.40057838]
 [ 8.86526173 15.1311999  12.57704501  6.39694267  2.31923506 13.86605712
   8.93004205  5.00123272  9.28084078  1.97822651  1.32660574]
 [14.52341188 12.8525961   3.83573514  1.29805438  3.29545256  2.78649205
   6.82037339  7.79213977 11.60970634  7.10626625  1.44379533]
 [ 1.66269138  3.92405689  2.39101057  5.24693275  6.11407481  7.97062459
   1.49386318  1.38757865  1.43714771  2.53854025  2.6854917 ]]
Rv: [[ 3.60703967  1.46617904  2.47444263  9.76603574  2.82633003  3.60480614
   8.49139958 10.63587192  6.2891862   5.24017778]
 [ 1.87474604  1.17126619 14.33519675  3.49510532  2.48158332  1.16899415
   1.90386052  2.56530033 10.74812819 15.55675336]
 [ 2.08164816  2.43811785  3.12078515 14.22632016  1.36958104  2.84765987
   5.12438444  2.51199442  3.31738664  1.06381258]
 [10.79213261  2.17182722  5.82540654  1.62438862  6.77736707  1.21396383
   5.71317013 10.8448082   3.63149602 10.91562569]
 [ 2.40792816  3.70508034  4.95478293  2.39605539  1.71703336  1.29042212
   1.93799388  1.97686064  9.05204138  8.39710302]
 [ 3.95102724  9.87657388  6.28394888  6.82390034  1.74788887 13.88788818
   4.53817621  5.57078599  1.18547366  1.43774162]
 [ 2.0223919   7.81408828 16.01230822 18.64007895  5.92060024  5.81288378
   1.51715505  1.97048916 11.69670813  9.72710257]
 [ 7.7508497   2.90406184  2.95889961  2.00870646  9.1091905   4.39998434
   2.10902995  7.47020083  1.88428044  1.95297668]
 [11.69565953  2.26731909  6.08297739  3.3450451   9.44679182  5.78086827
  13.43961444  1.2680019   3.48632559 17.25840607]]