-------Running parameters--------
T = 0.0
gap = 0
M = 10
N = 10
VR = 0.0
Vmin = 0.0
Vmax = 4.0
vStep = 0.01
vSym = False
repeats = 20
fileName = array_10_10_cg_c_disorder_run_1
dist = exp
fullOutput = True
use_graph = False
current_map = True
plot_current_map = False
plot_binary_current_map = False
dbg = False
resume = False
sc = False
leaping = False
constQ = False
modifyR = False
output_folder = 2d_array_bgu_different_disorder
params_path = 
VG_avg = 0.0
VG_std = 0.0
C_avg = 1.0
C_std = 0.7
CG_avg = 10.0
CG_std = 5.0
R_avg = 10.0
R_std = 0.0
custom_rh = ""
custom_rv = ""
custom_ch = ""
custom_cv = ""
RG_avg = 500.0
RG_std = 0.0
n0_avg = 0.0
n0_std = 0.0
Q0_avg = 0.0
Q0_std = 0.0
----Array Parameters-----
Rows: 10
Columns: 10
VG: [[0.]
 [0.]
 [0.]
 [0.]
 [0.]
 [0.]
 [0.]
 [0.]
 [0.]
 [0.]
 [0.]
 [0.]
 [0.]
 [0.]
 [0.]
 [0.]
 [0.]
 [0.]
 [0.]
 [0.]
 [0.]
 [0.]
 [0.]
 [0.]
 [0.]
 [0.]
 [0.]
 [0.]
 [0.]
 [0.]
 [0.]
 [0.]
 [0.]
 [0.]
 [0.]
 [0.]
 [0.]
 [0.]
 [0.]
 [0.]
 [0.]
 [0.]
 [0.]
 [0.]
 [0.]
 [0.]
 [0.]
 [0.]
 [0.]
 [0.]
 [0.]
 [0.]
 [0.]
 [0.]
 [0.]
 [0.]
 [0.]
 [0.]
 [0.]
 [0.]
 [0.]
 [0.]
 [0.]
 [0.]
 [0.]
 [0.]
 [0.]
 [0.]
 [0.]
 [0.]
 [0.]
 [0.]
 [0.]
 [0.]
 [0.]
 [0.]
 [0.]
 [0.]
 [0.]
 [0.]
 [0.]
 [0.]
 [0.]
 [0.]
 [0.]
 [0.]
 [0.]
 [0.]
 [0.]
 [0.]
 [0.]
 [0.]
 [0.]
 [0.]
 [0.]
 [0.]
 [0.]
 [0.]
 [0.]
 [0.]]
CG: [[ 8.80327176]
 [ 5.8621261 ]
 [11.89042767]
 [ 6.70010556]
 [11.8336536 ]
 [11.16505568]
 [ 7.5542458 ]
 [10.35561385]
 [ 7.42335937]
 [ 8.44963982]
 [ 9.19647497]
 [ 6.58630551]
 [ 8.61652629]
 [13.90814093]
 [ 5.61797973]
 [ 7.45976244]
 [ 8.94146092]
 [ 8.15499704]
 [12.80814722]
 [ 7.55049325]
 [14.09931438]
 [14.25394684]
 [ 9.83890781]
 [11.01636053]
 [ 6.48267174]
 [ 7.87801156]
 [ 7.92475533]
 [14.24498315]
 [ 7.98219608]
 [11.33646895]
 [ 6.38383516]
 [12.06880189]
 [14.11267305]
 [ 5.62640421]
 [10.37373678]
 [ 5.6851702 ]
 [12.32643508]
 [ 9.48921604]
 [ 6.91841353]
 [ 7.300368  ]
 [ 9.12659663]
 [ 5.05007377]
 [10.92024364]
 [12.10796786]
 [ 5.03748176]
 [12.49316855]
 [ 6.7703103 ]
 [10.61779322]
 [ 8.96548432]
 [ 6.19175127]
 [ 5.59404303]
 [13.73272641]
 [10.62373783]
 [ 8.54024083]
 [ 6.86466662]
 [14.72192097]
 [11.76855477]
 [14.21035026]
 [ 9.05572408]
 [ 5.5668315 ]
 [ 5.67869419]
 [11.84815745]
 [ 5.15840478]
 [ 9.64415055]
 [ 9.63820009]
 [13.84023457]
 [ 5.16458878]
 [ 5.14630328]
 [ 9.2254981 ]
 [ 8.43011378]
 [11.38700389]
 [ 6.42481565]
 [ 6.82991893]
 [12.86398406]
 [ 7.51040531]
 [14.81684894]
 [14.16693498]
 [12.49087797]
 [ 9.33755858]
 [14.62990015]
 [ 7.85776285]
 [ 5.22282964]
 [ 7.25173733]
 [ 6.83500967]
 [ 7.43024943]
 [ 9.68143714]
 [14.8115382 ]
 [14.08971611]
 [ 5.668318  ]
 [ 5.04709   ]
 [10.82376958]
 [14.91708672]
 [14.12918374]
 [ 5.40771508]
 [ 5.51235201]
 [11.64791958]
 [11.67927532]
 [ 8.05145354]
 [ 6.15105092]
 [10.07237905]]
RG: [[500.]
 [500.]
 [500.]
 [500.]
 [500.]
 [500.]
 [500.]
 [500.]
 [500.]
 [500.]
 [500.]
 [500.]
 [500.]
 [500.]
 [500.]
 [500.]
 [500.]
 [500.]
 [500.]
 [500.]
 [500.]
 [500.]
 [500.]
 [500.]
 [500.]
 [500.]
 [500.]
 [500.]
 [500.]
 [500.]
 [500.]
 [500.]
 [500.]
 [500.]
 [500.]
 [500.]
 [500.]
 [500.]
 [500.]
 [500.]
 [500.]
 [500.]
 [500.]
 [500.]
 [500.]
 [500.]
 [500.]
 [500.]
 [500.]
 [500.]
 [500.]
 [500.]
 [500.]
 [500.]
 [500.]
 [500.]
 [500.]
 [500.]
 [500.]
 [500.]
 [500.]
 [500.]
 [500.]
 [500.]
 [500.]
 [500.]
 [500.]
 [500.]
 [500.]
 [500.]
 [500.]
 [500.]
 [500.]
 [500.]
 [500.]
 [500.]
 [500.]
 [500.]
 [500.]
 [500.]
 [500.]
 [500.]
 [500.]
 [500.]
 [500.]
 [500.]
 [500.]
 [500.]
 [500.]
 [500.]
 [500.]
 [500.]
 [500.]
 [500.]
 [500.]
 [500.]
 [500.]
 [500.]
 [500.]
 [500.]]
Ch: [[0.99955337 0.76965012 0.3320066  0.63734018 1.13639682 0.89473878
  0.51963115 0.69343437 1.37115613 0.46440778 0.30723338]
 [0.41606957 0.33341692 0.80632774 0.30997261 0.48071553 0.65676244
  1.33513291 0.38528086 0.49908629 0.92129856 0.39931061]
 [1.2404115  0.96334538 1.35539065 0.33172567 1.28678429 0.91105976
  0.41225419 1.5624562  0.39343281 0.70883287 1.58100298]
 [0.41111058 1.2553521  1.24790111 1.01516235 1.39602014 0.81723824
  0.48242703 0.61122388 1.54056257 0.38003135 1.15257277]
 [0.43204318 1.501278   1.25322108 1.11017312 0.3723351  1.35249402
  0.75280582 0.42808022 1.28233966 0.86661481 0.63414028]
 [0.30040944 0.3138911  0.47932221 1.0099783  1.41461782 0.88608497
  0.5442409  0.35215982 0.66645873 1.04772321 1.14437081]
 [0.35872538 0.39753043 0.82820604 1.62269433 1.17772505 0.72997984
  1.48751286 1.5443859  0.56935462 0.5554482  0.6965411 ]
 [1.20323518 0.32729369 0.45560329 0.3180489  0.59593836 0.85073367
  0.47855594 1.19137225 1.07458896 0.333858   1.69638205]
 [0.57650977 0.30534991 0.61243484 1.66765084 0.34754246 1.18805326
  0.33141555 0.96679232 0.3268478  0.32391407 0.65892259]
 [1.53387865 1.44126155 0.88466726 0.36489479 0.54156877 0.50035383
  0.31412908 0.33441614 0.50881845 1.36057056 0.9737202 ]]
Cv: [[0.         0.         0.         0.         0.         0.
  0.         0.         0.         0.        ]
 [0.86527659 0.51911297 1.04290617 0.36868835 1.01099397 1.35035637
  0.97311239 0.59702346 0.52694438 0.33787493]
 [0.73152394 0.35247112 0.81392036 1.67790094 0.5758545  0.73406175
  0.64953654 0.50940141 0.31281134 0.80659696]
 [0.58305677 0.86494185 1.04180992 0.75908528 0.41935999 0.580916
  0.61820679 1.36991926 0.76342151 1.6069383 ]
 [0.31027779 0.5311353  0.65554792 0.49300334 0.77553694 0.90068648
  1.16935105 0.34977489 0.89405029 1.6225343 ]
 [0.6186266  0.79823748 0.75777207 0.94054915 1.10441375 1.14453679
  0.47077816 0.54252531 0.69612948 0.64613982]
 [0.41359684 0.51561854 0.34619632 1.18138226 0.82209371 0.65357156
  0.39681543 0.3466749  1.18358546 0.52419289]
 [0.72911479 1.22505723 0.44431196 1.03445931 0.46540434 0.44954926
  0.45788073 1.09123839 1.02918874 0.86330141]
 [0.3570788  0.34006028 0.35988232 1.43161864 0.90945712 0.42650149
  0.50759958 1.6256787  1.01897539 1.62640071]
 [1.17175722 0.86518343 0.35033748 0.61055682 1.43429341 0.80015539
  0.45705076 0.62881641 0.55899376 0.75938512]]
Rh: [[10. 10. 10. 10. 10. 10. 10. 10. 10. 10. 10.]
 [10. 10. 10. 10. 10. 10. 10. 10. 10. 10. 10.]
 [10. 10. 10. 10. 10. 10. 10. 10. 10. 10. 10.]
 [10. 10. 10. 10. 10. 10. 10. 10. 10. 10. 10.]
 [10. 10. 10. 10. 10. 10. 10. 10. 10. 10. 10.]
 [10. 10. 10. 10. 10. 10. 10. 10. 10. 10. 10.]
 [10. 10. 10. 10. 10. 10. 10. 10. 10. 10. 10.]
 [10. 10. 10. 10. 10. 10. 10. 10. 10. 10. 10.]
 [10. 10. 10. 10. 10. 10. 10. 10. 10. 10. 10.]
 [10. 10. 10. 10. 10. 10. 10. 10. 10. 10. 10.]]
Rv: [[10. 10. 10. 10. 10. 10. 10. 10. 10. 10.]
 [10. 10. 10. 10. 10. 10. 10. 10. 10. 10.]
 [10. 10. 10. 10. 10. 10. 10. 10. 10. 10.]
 [10. 10. 10. 10. 10. 10. 10. 10. 10. 10.]
 [10. 10. 10. 10. 10. 10. 10. 10. 10. 10.]
 [10. 10. 10. 10. 10. 10. 10. 10. 10. 10.]
 [10. 10. 10. 10. 10. 10. 10. 10. 10. 10.]
 [10. 10. 10. 10. 10. 10. 10. 10. 10. 10.]
 [10. 10. 10. 10. 10. 10. 10. 10. 10. 10.]]