-------Running parameters--------
T = 0.0
gap = 0
M = 10
N = 10
VR = 0.0
Vmin = 0.0
Vmax = 4.0
vStep = 0.01
vSym = False
repeats = 20
fileName = array_10_10_cg_c_disorder_run_3
dist = exp
fullOutput = True
use_graph = False
current_map = True
plot_current_map = False
plot_binary_current_map = False
dbg = False
resume = False
sc = False
leaping = False
constQ = False
modifyR = False
output_folder = 2d_array_bgu_different_disorder
params_path = 
VG_avg = 0.0
VG_std = 0.0
C_avg = 1.0
C_std = 0.7
CG_avg = 10.0
CG_std = 5.0
R_avg = 10.0
R_std = 0.0
custom_rh = ""
custom_rv = ""
custom_ch = ""
custom_cv = ""
RG_avg = 500.0
RG_std = 0.0
n0_avg = 0.0
n0_std = 0.0
Q0_avg = 0.0
Q0_std = 0.0
----Array Parameters-----
Rows: 10
Columns: 10
VG: [[0.]
 [0.]
 [0.]
 [0.]
 [0.]
 [0.]
 [0.]
 [0.]
 [0.]
 [0.]
 [0.]
 [0.]
 [0.]
 [0.]
 [0.]
 [0.]
 [0.]
 [0.]
 [0.]
 [0.]
 [0.]
 [0.]
 [0.]
 [0.]
 [0.]
 [0.]
 [0.]
 [0.]
 [0.]
 [0.]
 [0.]
 [0.]
 [0.]
 [0.]
 [0.]
 [0.]
 [0.]
 [0.]
 [0.]
 [0.]
 [0.]
 [0.]
 [0.]
 [0.]
 [0.]
 [0.]
 [0.]
 [0.]
 [0.]
 [0.]
 [0.]
 [0.]
 [0.]
 [0.]
 [0.]
 [0.]
 [0.]
 [0.]
 [0.]
 [0.]
 [0.]
 [0.]
 [0.]
 [0.]
 [0.]
 [0.]
 [0.]
 [0.]
 [0.]
 [0.]
 [0.]
 [0.]
 [0.]
 [0.]
 [0.]
 [0.]
 [0.]
 [0.]
 [0.]
 [0.]
 [0.]
 [0.]
 [0.]
 [0.]
 [0.]
 [0.]
 [0.]
 [0.]
 [0.]
 [0.]
 [0.]
 [0.]
 [0.]
 [0.]
 [0.]
 [0.]
 [0.]
 [0.]
 [0.]
 [0.]]
CG: [[ 6.00473194]
 [ 6.64295773]
 [ 9.28204614]
 [10.79935366]
 [ 5.92404797]
 [ 6.00206385]
 [12.62864357]
 [12.20860053]
 [12.68975547]
 [10.3785192 ]
 [ 8.20571715]
 [ 6.70013476]
 [ 8.07590177]
 [ 6.1967947 ]
 [14.13837649]
 [12.88104288]
 [13.54206236]
 [ 7.54229463]
 [ 6.72774675]
 [ 9.01172606]
 [12.45152369]
 [ 8.27016038]
 [11.3660326 ]
 [10.74131744]
 [ 6.5628112 ]
 [ 8.02546367]
 [ 6.51096672]
 [ 6.88184054]
 [ 5.16655867]
 [ 7.00087311]
 [ 5.77981147]
 [12.47774878]
 [ 8.55631646]
 [ 9.05559023]
 [ 8.96607263]
 [10.86111428]
 [ 6.12224258]
 [ 8.09667057]
 [ 5.06526605]
 [13.20304551]
 [ 7.96896507]
 [11.12576356]
 [ 7.21938909]
 [ 5.74129083]
 [ 5.06328083]
 [ 5.5406871 ]
 [14.83112587]
 [ 7.98279957]
 [10.31146129]
 [ 9.81945091]
 [ 5.94918691]
 [11.19322584]
 [ 7.23771203]
 [ 8.01992117]
 [ 7.29363073]
 [10.12935555]
 [14.7151762 ]
 [ 5.98613345]
 [14.54072686]
 [ 5.93802668]
 [13.53942328]
 [ 6.87107197]
 [ 5.44428404]
 [ 8.64771474]
 [11.2776494 ]
 [ 5.10540331]
 [10.12366373]
 [ 5.05059097]
 [13.76069847]
 [14.78530701]
 [ 8.66425673]
 [ 9.49014144]
 [ 7.62171192]
 [ 7.8424062 ]
 [ 5.66234649]
 [ 7.49267718]
 [ 8.02128596]
 [10.63299463]
 [13.36362801]
 [ 6.54945988]
 [ 8.38564943]
 [ 9.1845331 ]
 [14.99235575]
 [ 7.1268051 ]
 [ 8.20501582]
 [13.3323133 ]
 [14.25498796]
 [11.06700518]
 [ 5.36284852]
 [11.99320204]
 [10.43011709]
 [ 5.61009419]
 [ 5.15376786]
 [13.12574454]
 [ 5.07920222]
 [ 7.8042745 ]
 [ 5.13663797]
 [10.54252994]
 [ 8.79578584]
 [ 6.08811104]]
RG: [[500.]
 [500.]
 [500.]
 [500.]
 [500.]
 [500.]
 [500.]
 [500.]
 [500.]
 [500.]
 [500.]
 [500.]
 [500.]
 [500.]
 [500.]
 [500.]
 [500.]
 [500.]
 [500.]
 [500.]
 [500.]
 [500.]
 [500.]
 [500.]
 [500.]
 [500.]
 [500.]
 [500.]
 [500.]
 [500.]
 [500.]
 [500.]
 [500.]
 [500.]
 [500.]
 [500.]
 [500.]
 [500.]
 [500.]
 [500.]
 [500.]
 [500.]
 [500.]
 [500.]
 [500.]
 [500.]
 [500.]
 [500.]
 [500.]
 [500.]
 [500.]
 [500.]
 [500.]
 [500.]
 [500.]
 [500.]
 [500.]
 [500.]
 [500.]
 [500.]
 [500.]
 [500.]
 [500.]
 [500.]
 [500.]
 [500.]
 [500.]
 [500.]
 [500.]
 [500.]
 [500.]
 [500.]
 [500.]
 [500.]
 [500.]
 [500.]
 [500.]
 [500.]
 [500.]
 [500.]
 [500.]
 [500.]
 [500.]
 [500.]
 [500.]
 [500.]
 [500.]
 [500.]
 [500.]
 [500.]
 [500.]
 [500.]
 [500.]
 [500.]
 [500.]
 [500.]
 [500.]
 [500.]
 [500.]
 [500.]]
Ch: [[0.66974968 1.13858446 0.83544107 0.42751142 1.01827534 1.02507345
  1.61458153 0.3323508  0.79978426 0.8230789  1.34897633]
 [1.50894397 1.6774748  1.42945769 1.57101173 0.5956774  0.53725775
  1.26728254 1.03126865 1.55121175 1.29644262 0.36539344]
 [0.80950762 0.49288417 0.58997532 0.34784608 0.35417272 1.22969949
  0.93037402 0.50831282 0.52363046 1.12309213 1.53012222]
 [0.94590173 0.80715394 0.30907533 1.51876544 1.3352367  1.47948006
  0.96119375 1.44044196 1.61996095 0.95980848 0.65142375]
 [1.46082979 0.41292128 0.61256897 0.38332082 0.51759471 0.65318194
  1.26108539 0.34929989 0.84518907 0.63564875 0.79321721]
 [0.68762352 0.40324108 0.43310315 0.71369824 0.42936878 0.34512206
  0.77644649 0.66340808 1.28702297 1.68714944 0.55307102]
 [1.16090711 1.0406926  0.3983281  0.44598635 1.3446292  1.30600916
  0.79906032 0.68159031 1.16057549 1.13910524 0.47738197]
 [1.05522022 0.33660443 0.80210955 0.68563493 1.15724385 0.59432422
  0.97494085 0.63032037 1.41203382 0.62739707 0.78875326]
 [1.22369689 0.34336552 0.36245034 0.48402171 0.34638708 1.65300547
  0.90760052 0.68591868 0.85432591 1.08057953 0.34260251]
 [0.57949365 1.30100278 1.12776563 0.84507172 0.41863018 0.39214205
  0.33536996 0.75333409 1.05866662 1.07628057 0.637179  ]]
Cv: [[0.         0.         0.         0.         0.         0.
  0.         0.         0.         0.        ]
 [0.99738956 0.31415924 1.35882796 0.57814912 0.90087496 0.48342334
  1.2857584  0.96346244 0.34904021 0.88503122]
 [0.65491035 1.0342352  0.74407526 0.38281594 0.53713717 1.08792664
  0.49506642 0.43202707 1.12111064 0.35270057]
 [0.4802192  0.53182598 1.08802945 1.2459056  1.66821614 0.49188525
  0.80243551 0.4265699  0.49764419 0.67015105]
 [1.55873001 0.55402738 0.37909044 0.85589526 1.40428001 0.3528604
  0.93098997 0.34538538 0.50689864 0.58214349]
 [1.47330984 1.50777385 0.30110107 0.66098417 0.78580646 0.36561907
  0.33928958 0.79125725 0.33338229 0.65252208]
 [0.37565013 0.43200949 0.99144061 0.30246143 0.47772975 0.6520258
  1.5132656  0.99839746 1.28062159 0.45318429]
 [0.63018307 0.61404563 0.42346407 0.83493574 1.54277362 0.79222089
  1.51947913 1.10139779 1.19342346 0.33998141]
 [0.33466998 1.50937333 1.69288377 0.40596585 0.6980509  0.32993497
  0.51141185 1.29959616 0.35434176 0.53502055]
 [0.33036519 0.67528755 1.59377086 0.47292466 0.94594255 1.19126842
  1.40765463 0.53755123 0.3881091  0.63518458]]
Rh: [[10. 10. 10. 10. 10. 10. 10. 10. 10. 10. 10.]
 [10. 10. 10. 10. 10. 10. 10. 10. 10. 10. 10.]
 [10. 10. 10. 10. 10. 10. 10. 10. 10. 10. 10.]
 [10. 10. 10. 10. 10. 10. 10. 10. 10. 10. 10.]
 [10. 10. 10. 10. 10. 10. 10. 10. 10. 10. 10.]
 [10. 10. 10. 10. 10. 10. 10. 10. 10. 10. 10.]
 [10. 10. 10. 10. 10. 10. 10. 10. 10. 10. 10.]
 [10. 10. 10. 10. 10. 10. 10. 10. 10. 10. 10.]
 [10. 10. 10. 10. 10. 10. 10. 10. 10. 10. 10.]
 [10. 10. 10. 10. 10. 10. 10. 10. 10. 10. 10.]]
Rv: [[10. 10. 10. 10. 10. 10. 10. 10. 10. 10.]
 [10. 10. 10. 10. 10. 10. 10. 10. 10. 10.]
 [10. 10. 10. 10. 10. 10. 10. 10. 10. 10.]
 [10. 10. 10. 10. 10. 10. 10. 10. 10. 10.]
 [10. 10. 10. 10. 10. 10. 10. 10. 10. 10.]
 [10. 10. 10. 10. 10. 10. 10. 10. 10. 10.]
 [10. 10. 10. 10. 10. 10. 10. 10. 10. 10.]
 [10. 10. 10. 10. 10. 10. 10. 10. 10. 10.]
 [10. 10. 10. 10. 10. 10. 10. 10. 10. 10.]]