-------Running parameters--------
T = 0.0
gap = 0
M = 10
N = 10
VR = 0.0
Vmin = 0.0
Vmax = 4.0
vStep = 0.01
vSym = False
repeats = 20
fileName = array_10_10_cg_c_disorder_run_5
dist = exp
fullOutput = True
use_graph = False
current_map = True
plot_current_map = False
plot_binary_current_map = False
dbg = False
resume = False
sc = False
leaping = False
constQ = False
modifyR = False
output_folder = 2d_array_bgu_different_disorder
params_path = 
VG_avg = 0.0
VG_std = 0.0
C_avg = 1.0
C_std = 0.7
CG_avg = 10.0
CG_std = 5.0
R_avg = 10.0
R_std = 0.0
custom_rh = ""
custom_rv = ""
custom_ch = ""
custom_cv = ""
RG_avg = 500.0
RG_std = 0.0
n0_avg = 0.0
n0_std = 0.0
Q0_avg = 0.0
Q0_std = 0.0
----Array Parameters-----
Rows: 10
Columns: 10
VG: [[0.]
 [0.]
 [0.]
 [0.]
 [0.]
 [0.]
 [0.]
 [0.]
 [0.]
 [0.]
 [0.]
 [0.]
 [0.]
 [0.]
 [0.]
 [0.]
 [0.]
 [0.]
 [0.]
 [0.]
 [0.]
 [0.]
 [0.]
 [0.]
 [0.]
 [0.]
 [0.]
 [0.]
 [0.]
 [0.]
 [0.]
 [0.]
 [0.]
 [0.]
 [0.]
 [0.]
 [0.]
 [0.]
 [0.]
 [0.]
 [0.]
 [0.]
 [0.]
 [0.]
 [0.]
 [0.]
 [0.]
 [0.]
 [0.]
 [0.]
 [0.]
 [0.]
 [0.]
 [0.]
 [0.]
 [0.]
 [0.]
 [0.]
 [0.]
 [0.]
 [0.]
 [0.]
 [0.]
 [0.]
 [0.]
 [0.]
 [0.]
 [0.]
 [0.]
 [0.]
 [0.]
 [0.]
 [0.]
 [0.]
 [0.]
 [0.]
 [0.]
 [0.]
 [0.]
 [0.]
 [0.]
 [0.]
 [0.]
 [0.]
 [0.]
 [0.]
 [0.]
 [0.]
 [0.]
 [0.]
 [0.]
 [0.]
 [0.]
 [0.]
 [0.]
 [0.]
 [0.]
 [0.]
 [0.]
 [0.]]
CG: [[13.91626831]
 [10.67674525]
 [ 5.42883898]
 [ 5.61884155]
 [ 7.71559646]
 [ 9.79139311]
 [12.1433841 ]
 [13.18631705]
 [11.23094382]
 [ 9.2709548 ]
 [12.4093731 ]
 [13.2076975 ]
 [ 7.21354494]
 [ 6.61310777]
 [ 7.28259335]
 [13.40258167]
 [ 8.95990337]
 [10.74140119]
 [12.7165405 ]
 [ 6.34278544]
 [ 6.59004455]
 [10.99579695]
 [ 6.42046936]
 [ 6.85530932]
 [ 9.42462448]
 [12.80325134]
 [14.59327177]
 [13.22439978]
 [11.3404459 ]
 [ 5.50372502]
 [ 5.90893781]
 [14.46411231]
 [ 7.13752163]
 [ 9.81173434]
 [14.39949916]
 [10.27802835]
 [ 6.34199105]
 [11.10197696]
 [ 9.48246092]
 [ 6.48540925]
 [12.61574906]
 [10.19531258]
 [10.30723404]
 [ 5.75365197]
 [ 5.56769768]
 [ 7.94368293]
 [ 6.36867461]
 [13.74540367]
 [14.45387492]
 [10.28584709]
 [ 7.34847055]
 [14.93816157]
 [ 6.30185323]
 [10.49652   ]
 [ 5.79654369]
 [ 5.23822143]
 [10.21203146]
 [ 6.60006972]
 [ 7.04623409]
 [ 6.7476158 ]
 [ 5.08815434]
 [10.55102572]
 [14.53247339]
 [ 9.55446456]
 [11.08826889]
 [ 9.0905354 ]
 [14.36821399]
 [13.74152216]
 [ 9.27910337]
 [ 9.22818406]
 [ 5.1394964 ]
 [ 6.9480982 ]
 [ 5.6316699 ]
 [ 5.36484002]
 [10.3344415 ]
 [ 5.25947076]
 [12.2683324 ]
 [10.33991901]
 [ 9.94257247]
 [ 6.40556409]
 [11.08731809]
 [ 8.86266994]
 [ 6.75557806]
 [ 6.62375996]
 [ 6.42336017]
 [ 6.6003108 ]
 [ 8.20702566]
 [ 5.51198298]
 [ 8.0300976 ]
 [ 5.52470079]
 [10.5940559 ]
 [ 8.62814558]
 [ 6.88741862]
 [ 7.05813193]
 [ 8.21376646]
 [13.16563872]
 [13.60860057]
 [11.59590023]
 [ 5.94115438]
 [13.83375897]]
RG: [[500.]
 [500.]
 [500.]
 [500.]
 [500.]
 [500.]
 [500.]
 [500.]
 [500.]
 [500.]
 [500.]
 [500.]
 [500.]
 [500.]
 [500.]
 [500.]
 [500.]
 [500.]
 [500.]
 [500.]
 [500.]
 [500.]
 [500.]
 [500.]
 [500.]
 [500.]
 [500.]
 [500.]
 [500.]
 [500.]
 [500.]
 [500.]
 [500.]
 [500.]
 [500.]
 [500.]
 [500.]
 [500.]
 [500.]
 [500.]
 [500.]
 [500.]
 [500.]
 [500.]
 [500.]
 [500.]
 [500.]
 [500.]
 [500.]
 [500.]
 [500.]
 [500.]
 [500.]
 [500.]
 [500.]
 [500.]
 [500.]
 [500.]
 [500.]
 [500.]
 [500.]
 [500.]
 [500.]
 [500.]
 [500.]
 [500.]
 [500.]
 [500.]
 [500.]
 [500.]
 [500.]
 [500.]
 [500.]
 [500.]
 [500.]
 [500.]
 [500.]
 [500.]
 [500.]
 [500.]
 [500.]
 [500.]
 [500.]
 [500.]
 [500.]
 [500.]
 [500.]
 [500.]
 [500.]
 [500.]
 [500.]
 [500.]
 [500.]
 [500.]
 [500.]
 [500.]
 [500.]
 [500.]
 [500.]
 [500.]]
Ch: [[0.30673251 0.37766271 0.47963337 0.40255155 0.82355167 0.47391832
  1.28745674 1.24846671 0.71345369 0.32678963 0.91445873]
 [1.179537   1.33716499 0.32884389 0.91051585 0.87438472 1.46017888
  1.62406042 0.30937717 0.64279727 0.52352186 0.67598093]
 [0.39890325 0.55086498 0.32154407 0.95805133 0.6187251  0.3658054
  0.53632706 1.28499501 1.11608659 0.51786524 0.60872365]
 [0.84419575 0.99320837 0.84585986 0.52791835 1.29848207 0.43489914
  0.44553278 0.44858487 0.33262818 0.57502901 0.67988197]
 [1.35482944 0.70377973 1.63227792 1.01719561 1.56990794 0.4674335
  0.64635944 0.99973189 1.62083682 1.12236369 0.3545314 ]
 [0.88446284 1.14793995 1.50109856 0.86999497 1.50691074 0.40835183
  0.67626123 0.78381463 0.81359204 0.81335695 0.90550233]
 [0.53419794 1.56122651 0.66053704 0.30792701 0.50013193 1.00313898
  1.29267077 0.77444517 0.50193921 0.37002069 1.5066242 ]
 [0.80881011 1.26036362 0.99847965 0.70838579 1.11422864 1.10051529
  0.36021442 0.97667554 0.40563382 0.46667382 0.76363339]
 [1.15865274 0.85993597 0.35318717 0.66730646 0.74397084 0.5313414
  1.52984957 1.21062082 0.49112458 0.42966322 1.44823909]
 [0.46994184 1.61826316 1.32211607 0.33883144 0.55089444 0.54670704
  1.26758713 0.77491027 0.61443212 1.28538998 0.9949152 ]]
Cv: [[0.         0.         0.         0.         0.         0.
  0.         0.         0.         0.        ]
 [0.64742756 1.48767983 0.36179509 0.34724074 1.51101467 0.76198363
  0.66387389 1.09141561 0.46820539 0.32306554]
 [1.08472568 1.23027456 0.47309897 0.80664622 0.47556626 0.44694944
  0.5738127  1.27179427 1.34831587 1.11871767]
 [0.70283159 0.55738226 1.43684932 0.5795577  0.43123538 0.40239416
  0.50028339 0.90914827 1.49450291 1.00513757]
 [1.57959714 0.54823125 0.55001275 1.26923121 0.44139064 0.50373539
  0.99035932 1.25465913 0.47006204 0.50538594]
 [0.72022362 0.74926433 1.06764197 0.53004102 0.78108268 0.31630562
  0.70540133 1.48732388 0.81271187 0.77618704]
 [0.8561715  1.1403781  1.12099869 0.43401146 0.5564754  0.70266515
  0.45296346 0.4427917  0.94049125 0.55594667]
 [0.49153277 0.31985131 0.81030441 0.59214997 0.53831496 0.80182666
  0.72849889 0.86263305 0.99176963 0.30575855]
 [1.48294398 1.38114237 0.51834575 0.70177656 1.60389081 1.33813944
  1.33049917 0.34391668 0.58244802 0.81624642]
 [0.40401716 0.99182725 1.47759547 0.85050964 1.59967408 0.58468552
  0.8514139  1.45376731 0.60692425 1.61554395]]
Rh: [[10. 10. 10. 10. 10. 10. 10. 10. 10. 10. 10.]
 [10. 10. 10. 10. 10. 10. 10. 10. 10. 10. 10.]
 [10. 10. 10. 10. 10. 10. 10. 10. 10. 10. 10.]
 [10. 10. 10. 10. 10. 10. 10. 10. 10. 10. 10.]
 [10. 10. 10. 10. 10. 10. 10. 10. 10. 10. 10.]
 [10. 10. 10. 10. 10. 10. 10. 10. 10. 10. 10.]
 [10. 10. 10. 10. 10. 10. 10. 10. 10. 10. 10.]
 [10. 10. 10. 10. 10. 10. 10. 10. 10. 10. 10.]
 [10. 10. 10. 10. 10. 10. 10. 10. 10. 10. 10.]
 [10. 10. 10. 10. 10. 10. 10. 10. 10. 10. 10.]]
Rv: [[10. 10. 10. 10. 10. 10. 10. 10. 10. 10.]
 [10. 10. 10. 10. 10. 10. 10. 10. 10. 10.]
 [10. 10. 10. 10. 10. 10. 10. 10. 10. 10.]
 [10. 10. 10. 10. 10. 10. 10. 10. 10. 10.]
 [10. 10. 10. 10. 10. 10. 10. 10. 10. 10.]
 [10. 10. 10. 10. 10. 10. 10. 10. 10. 10.]
 [10. 10. 10. 10. 10. 10. 10. 10. 10. 10.]
 [10. 10. 10. 10. 10. 10. 10. 10. 10. 10.]
 [10. 10. 10. 10. 10. 10. 10. 10. 10. 10.]]