-------Running parameters--------
T = 0.0
gap = 0
M = 10
N = 10
VR = 0.0
Vmin = 0.0
Vmax = 4.0
vStep = 0.01
vSym = False
repeats = 20
fileName = array_10_10_r_cg_disorder_run_3
dist = exp
fullOutput = True
use_graph = False
current_map = True
plot_current_map = False
plot_binary_current_map = False
dbg = False
resume = False
sc = False
leaping = False
constQ = False
modifyR = False
output_folder = 2d_array_bgu_different_disorder
params_path = 
VG_avg = 0.0
VG_std = 0.0
C_avg = 1.0
C_std = 0.0
CG_avg = 10.0
CG_std = 5.0
R_avg = 10.0
R_std = 9.0
custom_rh = ""
custom_rv = ""
custom_ch = ""
custom_cv = ""
RG_avg = 500.0
RG_std = 0.0
n0_avg = 0.0
n0_std = 0.0
Q0_avg = 0.0
Q0_std = 0.0
----Array Parameters-----
Rows: 10
Columns: 10
VG: [[0.]
 [0.]
 [0.]
 [0.]
 [0.]
 [0.]
 [0.]
 [0.]
 [0.]
 [0.]
 [0.]
 [0.]
 [0.]
 [0.]
 [0.]
 [0.]
 [0.]
 [0.]
 [0.]
 [0.]
 [0.]
 [0.]
 [0.]
 [0.]
 [0.]
 [0.]
 [0.]
 [0.]
 [0.]
 [0.]
 [0.]
 [0.]
 [0.]
 [0.]
 [0.]
 [0.]
 [0.]
 [0.]
 [0.]
 [0.]
 [0.]
 [0.]
 [0.]
 [0.]
 [0.]
 [0.]
 [0.]
 [0.]
 [0.]
 [0.]
 [0.]
 [0.]
 [0.]
 [0.]
 [0.]
 [0.]
 [0.]
 [0.]
 [0.]
 [0.]
 [0.]
 [0.]
 [0.]
 [0.]
 [0.]
 [0.]
 [0.]
 [0.]
 [0.]
 [0.]
 [0.]
 [0.]
 [0.]
 [0.]
 [0.]
 [0.]
 [0.]
 [0.]
 [0.]
 [0.]
 [0.]
 [0.]
 [0.]
 [0.]
 [0.]
 [0.]
 [0.]
 [0.]
 [0.]
 [0.]
 [0.]
 [0.]
 [0.]
 [0.]
 [0.]
 [0.]
 [0.]
 [0.]
 [0.]
 [0.]]
CG: [[13.94528132]
 [ 5.18927721]
 [ 7.23723755]
 [ 5.44014041]
 [ 9.92719095]
 [10.55999443]
 [ 7.05493546]
 [ 8.4971001 ]
 [ 5.2958963 ]
 [ 6.48836942]
 [ 9.26485878]
 [ 9.03124324]
 [13.28584559]
 [ 7.86614234]
 [ 5.50157348]
 [ 6.40196386]
 [10.60357371]
 [11.78319805]
 [ 6.82874474]
 [ 5.61098187]
 [ 8.47411586]
 [11.27226016]
 [11.88844998]
 [ 6.49206776]
 [ 5.61575649]
 [14.09518392]
 [ 5.65050807]
 [13.96094884]
 [13.75312157]
 [ 8.92382398]
 [ 8.3463539 ]
 [11.07036945]
 [13.43290104]
 [ 5.50127287]
 [ 6.95129078]
 [ 7.79999358]
 [ 7.93138626]
 [ 7.5025526 ]
 [ 6.80145642]
 [ 6.7881824 ]
 [14.93126015]
 [ 5.58346865]
 [10.2262812 ]
 [ 6.6908417 ]
 [ 7.13718289]
 [13.3701653 ]
 [14.80470175]
 [14.33040806]
 [14.93881913]
 [ 9.40763777]
 [ 6.41131744]
 [ 7.15280871]
 [ 6.10400996]
 [ 6.54523353]
 [ 5.33507881]
 [ 6.8823676 ]
 [ 8.03382167]
 [ 7.46131494]
 [14.70821114]
 [ 5.34044022]
 [ 7.98830249]
 [ 8.60924766]
 [ 8.62392477]
 [ 6.46620862]
 [11.24742872]
 [ 5.47331747]
 [ 9.50393022]
 [ 6.15226075]
 [ 5.99466585]
 [ 7.89175456]
 [13.69407696]
 [ 6.04569151]
 [ 8.75517332]
 [10.24948249]
 [ 5.93318189]
 [ 6.07048656]
 [ 8.59219834]
 [13.07983548]
 [ 8.22434399]
 [10.96346629]
 [ 5.12105661]
 [ 6.81170778]
 [13.31271749]
 [ 5.61798247]
 [13.60002662]
 [ 6.45967288]
 [12.4516986 ]
 [10.4149442 ]
 [10.63330196]
 [ 8.64867217]
 [13.08951307]
 [ 5.60686678]
 [ 5.12501275]
 [ 5.06960103]
 [ 9.27335428]
 [ 7.45280421]
 [ 9.95323806]
 [ 5.3146855 ]
 [ 8.75787938]
 [11.59755605]]
RG: [[500.]
 [500.]
 [500.]
 [500.]
 [500.]
 [500.]
 [500.]
 [500.]
 [500.]
 [500.]
 [500.]
 [500.]
 [500.]
 [500.]
 [500.]
 [500.]
 [500.]
 [500.]
 [500.]
 [500.]
 [500.]
 [500.]
 [500.]
 [500.]
 [500.]
 [500.]
 [500.]
 [500.]
 [500.]
 [500.]
 [500.]
 [500.]
 [500.]
 [500.]
 [500.]
 [500.]
 [500.]
 [500.]
 [500.]
 [500.]
 [500.]
 [500.]
 [500.]
 [500.]
 [500.]
 [500.]
 [500.]
 [500.]
 [500.]
 [500.]
 [500.]
 [500.]
 [500.]
 [500.]
 [500.]
 [500.]
 [500.]
 [500.]
 [500.]
 [500.]
 [500.]
 [500.]
 [500.]
 [500.]
 [500.]
 [500.]
 [500.]
 [500.]
 [500.]
 [500.]
 [500.]
 [500.]
 [500.]
 [500.]
 [500.]
 [500.]
 [500.]
 [500.]
 [500.]
 [500.]
 [500.]
 [500.]
 [500.]
 [500.]
 [500.]
 [500.]
 [500.]
 [500.]
 [500.]
 [500.]
 [500.]
 [500.]
 [500.]
 [500.]
 [500.]
 [500.]
 [500.]
 [500.]
 [500.]
 [500.]]
Ch: [[1. 1. 1. 1. 1. 1. 1. 1. 1. 1. 1.]
 [1. 1. 1. 1. 1. 1. 1. 1. 1. 1. 1.]
 [1. 1. 1. 1. 1. 1. 1. 1. 1. 1. 1.]
 [1. 1. 1. 1. 1. 1. 1. 1. 1. 1. 1.]
 [1. 1. 1. 1. 1. 1. 1. 1. 1. 1. 1.]
 [1. 1. 1. 1. 1. 1. 1. 1. 1. 1. 1.]
 [1. 1. 1. 1. 1. 1. 1. 1. 1. 1. 1.]
 [1. 1. 1. 1. 1. 1. 1. 1. 1. 1. 1.]
 [1. 1. 1. 1. 1. 1. 1. 1. 1. 1. 1.]
 [1. 1. 1. 1. 1. 1. 1. 1. 1. 1. 1.]]
Cv: [[0. 0. 0. 0. 0. 0. 0. 0. 0. 0.]
 [1. 1. 1. 1. 1. 1. 1. 1. 1. 1.]
 [1. 1. 1. 1. 1. 1. 1. 1. 1. 1.]
 [1. 1. 1. 1. 1. 1. 1. 1. 1. 1.]
 [1. 1. 1. 1. 1. 1. 1. 1. 1. 1.]
 [1. 1. 1. 1. 1. 1. 1. 1. 1. 1.]
 [1. 1. 1. 1. 1. 1. 1. 1. 1. 1.]
 [1. 1. 1. 1. 1. 1. 1. 1. 1. 1.]
 [1. 1. 1. 1. 1. 1. 1. 1. 1. 1.]
 [1. 1. 1. 1. 1. 1. 1. 1. 1. 1.]]
Rh: [[17.09977929  2.5502859  10.41914405  8.15915598  2.46648177  2.32820441
   3.81723399  5.84662691  1.69632961 17.08157345  1.39191107]
 [14.10453546 17.28533393  9.9676932   6.82242395 13.83479249  5.18526237
   5.88097163  6.9895251   3.73523047  3.73592563  2.38479512]
 [11.37423673  7.0494116   1.42951127  2.31340529  1.38433205  4.79499551
   1.1295649  13.51295897 10.33708118  1.26179936 14.09565252]
 [ 5.77100011  4.97655711 13.1741597   2.4937658  12.2282563   2.50129111
   1.44090254  2.13887528  2.25040938 15.21656445  1.0821378 ]
 [17.86685138  3.41627207 11.42434213 14.30166273  8.06378503  4.48937047
   6.76459697  1.88011315  6.16392119  7.52520247  4.60871844]
 [ 6.61309154 15.02995586  2.16984115  4.37710941 18.28627434  1.66124583
   6.62234385 17.53972446  9.00187461 11.03633936  3.20118655]
 [18.82628747  1.35549945  2.22920369 15.01276353  2.02867827  1.14500321
  10.09374203 12.62414695  4.10600301  1.61698131 10.97638131]
 [ 2.20349703  6.29233385  1.57712186  1.89275557  1.79972594  7.30180235
  14.80383963 16.16372037  5.87905735  7.39832381 14.11115959]
 [ 7.10908196 14.0444704   5.62697852  3.02050395 12.21433548  3.10173694
   4.001473    6.89882459 12.29007991 10.08413606  1.77417091]
 [14.83866448  2.09796932  1.76534628  1.28956899  1.25291187 15.09973872
   1.10804648 15.02967997  1.00254362  1.15854694  5.95185205]]
Rv: [[ 1.83797564  9.87062656  1.40401469  5.84343484  1.82661619  1.82176725
   6.27991124  1.12838635  3.39391876  6.22545268]
 [ 9.06673172  1.05407812  1.6279693   8.47438811  2.21463178  4.92401263
  17.12170609  7.91471445  3.47431739 13.14056088]
 [ 8.6975404   5.13534248  5.88917951  4.99603675 12.29857069  9.9161841
  11.51832037  1.17814674  1.31742968 10.4686734 ]
 [ 8.64689298  4.45600583  4.69944314  7.7390808   1.61568341  2.34849983
   1.8347095   2.09160744  1.37167352  1.18738754]
 [ 1.57355609  2.29774017 15.35758038  5.52885138  1.94229092  2.92792633
  10.84459146  1.37734511 18.74445707  2.4610334 ]
 [ 7.31924303  1.22642395  7.99965239  1.12188548  6.0402462  15.42551868
   2.80001735  2.44401634  2.34150824  1.43422272]
 [ 3.69679106  3.13275709  8.28376258  2.57677165  4.11259236  1.49163473
   2.12891352  1.27395042  3.37987015  1.56607451]
 [ 2.07482159  6.80363815  4.30287303  9.28264336  4.98740369  2.7784524
   3.55093247  5.99581599  3.15992926  5.11048354]
 [ 2.92178296 15.38320019  5.81649569  1.24731849  7.60530149  3.37379496
   3.91031929  4.85994151  1.59731042  2.91728475]]