-------Running parameters--------
T = 0.0
gap = 0
M = 10
N = 10
VR = 0.0
Vmin = 0.0
Vmax = 4.0
vStep = 0.01
vSym = False
repeats = 20
fileName = array_10_10_r_cg_c_disorder_run_5
dist = exp
fullOutput = True
use_graph = False
current_map = True
plot_current_map = False
plot_binary_current_map = False
dbg = False
resume = False
sc = False
leaping = False
constQ = False
modifyR = False
output_folder = 2d_array_bgu_different_disorder
params_path = 
VG_avg = 0.0
VG_std = 0.0
C_avg = 1.0
C_std = 0.7
CG_avg = 10.0
CG_std = 5.0
R_avg = 10.0
R_std = 9.0
custom_rh = ""
custom_rv = ""
custom_ch = ""
custom_cv = ""
RG_avg = 500.0
RG_std = 0.0
n0_avg = 0.0
n0_std = 0.0
Q0_avg = 0.0
Q0_std = 0.0
----Array Parameters-----
Rows: 10
Columns: 10
VG: [[0.]
 [0.]
 [0.]
 [0.]
 [0.]
 [0.]
 [0.]
 [0.]
 [0.]
 [0.]
 [0.]
 [0.]
 [0.]
 [0.]
 [0.]
 [0.]
 [0.]
 [0.]
 [0.]
 [0.]
 [0.]
 [0.]
 [0.]
 [0.]
 [0.]
 [0.]
 [0.]
 [0.]
 [0.]
 [0.]
 [0.]
 [0.]
 [0.]
 [0.]
 [0.]
 [0.]
 [0.]
 [0.]
 [0.]
 [0.]
 [0.]
 [0.]
 [0.]
 [0.]
 [0.]
 [0.]
 [0.]
 [0.]
 [0.]
 [0.]
 [0.]
 [0.]
 [0.]
 [0.]
 [0.]
 [0.]
 [0.]
 [0.]
 [0.]
 [0.]
 [0.]
 [0.]
 [0.]
 [0.]
 [0.]
 [0.]
 [0.]
 [0.]
 [0.]
 [0.]
 [0.]
 [0.]
 [0.]
 [0.]
 [0.]
 [0.]
 [0.]
 [0.]
 [0.]
 [0.]
 [0.]
 [0.]
 [0.]
 [0.]
 [0.]
 [0.]
 [0.]
 [0.]
 [0.]
 [0.]
 [0.]
 [0.]
 [0.]
 [0.]
 [0.]
 [0.]
 [0.]
 [0.]
 [0.]
 [0.]]
CG: [[13.52640891]
 [11.63757725]
 [ 5.31434236]
 [ 7.39045313]
 [ 5.13604927]
 [11.05530495]
 [12.68889112]
 [11.13080302]
 [ 6.97551009]
 [ 9.37958384]
 [14.05764409]
 [ 5.87663226]
 [14.888686  ]
 [ 6.18298183]
 [ 5.35200718]
 [ 8.99696138]
 [ 6.74676844]
 [ 5.71820403]
 [12.91552789]
 [14.8142397 ]
 [ 8.59033251]
 [ 9.84645188]
 [ 7.66862027]
 [ 5.97819229]
 [ 7.14175879]
 [11.52416413]
 [ 5.50053544]
 [ 8.17988941]
 [ 8.21952196]
 [ 9.86523584]
 [12.91862134]
 [ 5.21624656]
 [10.40324177]
 [ 9.38877932]
 [ 8.64319731]
 [ 9.47920685]
 [ 8.07325714]
 [10.2870969 ]
 [ 6.65298191]
 [ 8.8326943 ]
 [13.91059763]
 [10.75922506]
 [ 9.10724257]
 [10.05201756]
 [10.97496796]
 [ 7.81839722]
 [ 6.48565585]
 [ 8.11158899]
 [14.39650711]
 [ 5.07382558]
 [ 9.17770344]
 [ 7.28558593]
 [ 6.02703138]
 [ 8.53636849]
 [11.6207596 ]
 [11.8667297 ]
 [ 7.86614506]
 [ 5.41886623]
 [ 6.03896218]
 [ 5.08385637]
 [14.25791087]
 [ 8.1541    ]
 [ 7.12998616]
 [ 7.96815934]
 [ 5.58497624]
 [ 5.80701927]
 [ 7.49534894]
 [14.56383135]
 [13.24255329]
 [10.08060588]
 [ 7.00117934]
 [ 8.81373447]
 [ 9.55781405]
 [ 5.46200298]
 [ 7.55426105]
 [10.65396512]
 [ 8.49625548]
 [ 5.77116685]
 [ 5.20535211]
 [14.10974968]
 [ 9.7313879 ]
 [10.42342681]
 [ 9.58032363]
 [ 6.45851567]
 [ 7.12241864]
 [12.37653255]
 [ 6.34591535]
 [ 8.46228373]
 [11.81565524]
 [ 7.1288016 ]
 [ 7.8053987 ]
 [ 5.04911795]
 [ 7.10100672]
 [14.74945907]
 [13.67375481]
 [ 6.08043001]
 [11.0621072 ]
 [ 5.00090587]
 [ 6.05255705]
 [ 5.70765645]]
RG: [[500.]
 [500.]
 [500.]
 [500.]
 [500.]
 [500.]
 [500.]
 [500.]
 [500.]
 [500.]
 [500.]
 [500.]
 [500.]
 [500.]
 [500.]
 [500.]
 [500.]
 [500.]
 [500.]
 [500.]
 [500.]
 [500.]
 [500.]
 [500.]
 [500.]
 [500.]
 [500.]
 [500.]
 [500.]
 [500.]
 [500.]
 [500.]
 [500.]
 [500.]
 [500.]
 [500.]
 [500.]
 [500.]
 [500.]
 [500.]
 [500.]
 [500.]
 [500.]
 [500.]
 [500.]
 [500.]
 [500.]
 [500.]
 [500.]
 [500.]
 [500.]
 [500.]
 [500.]
 [500.]
 [500.]
 [500.]
 [500.]
 [500.]
 [500.]
 [500.]
 [500.]
 [500.]
 [500.]
 [500.]
 [500.]
 [500.]
 [500.]
 [500.]
 [500.]
 [500.]
 [500.]
 [500.]
 [500.]
 [500.]
 [500.]
 [500.]
 [500.]
 [500.]
 [500.]
 [500.]
 [500.]
 [500.]
 [500.]
 [500.]
 [500.]
 [500.]
 [500.]
 [500.]
 [500.]
 [500.]
 [500.]
 [500.]
 [500.]
 [500.]
 [500.]
 [500.]
 [500.]
 [500.]
 [500.]
 [500.]]
Ch: [[0.78772447 0.99608116 1.58040813 0.79580174 1.28307457 0.4058151
  0.33272309 0.79225995 0.37732999 0.59767168 1.5939343 ]
 [0.98609805 0.52055539 0.47529855 0.31122459 0.68978701 0.46292368
  0.81969299 0.87755386 1.02336083 1.43302274 0.63661874]
 [0.95185631 1.1522972  0.3661903  0.70877561 0.55250432 1.54534044
  0.55437148 1.60825481 1.56936932 0.75009285 0.77936401]
 [0.44067545 1.22178607 1.21839276 0.3341257  0.47435159 0.439811
  0.31087229 1.65623728 0.34008702 0.84271815 1.37562052]
 [0.34554958 0.85592626 1.42965324 0.36925129 0.4647151  0.38736572
  0.61931969 0.6975603  0.60458989 0.99331924 1.16813442]
 [1.11731335 0.34749914 0.34551899 1.46454849 0.33843591 1.5052012
  0.47101141 0.72789229 1.36984555 0.31405115 0.35639103]
 [0.38698112 1.43213544 0.55941107 1.55804395 0.42853895 0.46273006
  1.69257062 0.62318156 0.75325479 1.23670903 1.52737528]
 [1.07622907 0.61077882 0.43596886 0.30923906 0.30470107 0.81398644
  0.36459699 0.50926147 1.08640665 1.42440342 1.47504675]
 [1.67473761 0.4745755  0.46072583 0.41607844 0.44352508 0.93277593
  0.48039924 0.4160275  0.90860666 0.30183312 0.89122876]
 [0.86573977 1.01711171 0.79373947 0.83366898 0.55705628 0.66773447
  1.51997822 0.50300889 0.86929369 0.77974228 1.19445091]]
Cv: [[0.         0.         0.         0.         0.         0.
  0.         0.         0.         0.        ]
 [1.39566165 0.52701982 0.9928491  0.40031594 0.30487588 0.40874049
  0.54435241 1.69229593 0.77618452 0.40209533]
 [0.32274804 0.84897009 1.30118764 0.60966799 1.1963144  1.08477436
  1.28543574 0.37753809 0.70843511 0.38626267]
 [0.92079315 0.45869113 0.83688929 1.48652515 0.55046057 0.38798157
  1.37798177 1.31687523 0.6824025  0.44273905]
 [0.58498783 0.35671866 1.23458977 0.59039928 0.43858902 0.82542217
  1.19829626 1.03045801 0.42607803 0.5729208 ]
 [0.95577106 0.65767233 0.77070499 0.95619468 0.49132133 1.05156636
  0.9828419  0.78564299 0.32477636 1.52842432]
 [0.30381339 0.31819156 0.428343   1.33112111 0.37884055 0.60130634
  1.10467127 0.38476271 0.6010188  1.61425743]
 [0.46947309 0.64961111 1.46083547 1.27177265 1.2385801  1.02040713
  0.30978811 0.56372412 0.69885054 1.26579429]
 [0.46694812 0.59064674 0.77472262 0.33956329 0.30220542 0.46860161
  1.03913384 0.68706743 0.54091119 1.1982485 ]
 [0.45938714 1.22896391 0.70047115 1.26175135 0.46481025 0.5962149
  0.81301592 0.35596118 0.71459262 0.52411543]]
Rh: [[16.81961398 18.0465072   1.10477871  4.71049448  3.17876692  3.87830941
   3.36625855  1.97038507  3.08876149 11.40828453  7.54059801]
 [14.39889097  6.9096788   5.00973318  3.69559451  1.6124975   5.66641966
   3.89297962  2.52622001 11.95314311 13.77540914 10.27912517]
 [ 5.03937354 12.13863004  1.12286777  4.28797771  4.83403161  7.01994441
   1.67192125  2.68616712  4.40619745  4.63879255  6.78635654]
 [ 4.57319083  9.20382376 17.13112606 12.19437923  7.06477896  3.90498862
  11.42249382 16.83300667  1.78892726  2.73947645  2.05257525]
 [ 8.52171749  1.52005019  1.19494491  3.95666136  1.59938052  1.02906258
   7.8171607   2.13912472  1.66788396  6.26323196 12.98493485]
 [ 1.44409147  1.35080483 13.98008187 10.42733088  3.83223359 14.20422402
   3.11541207  2.6038094   2.23080841  3.00449009  9.41336112]
 [ 7.48010755  1.64706096 12.74489681 18.88901835  7.96742634  1.08895888
  16.12088499 16.65064004  3.54951706  5.13435145  1.77655639]
 [ 8.02054222  1.17519583  2.72052762 10.97857594  1.43149661  1.12717576
   4.52294223 14.39669085 12.63274931  4.9597881  10.28126666]
 [ 1.88571477  7.19183704  1.40165364  1.28959235  7.53618792  1.05587214
   1.15952324  7.32783149  3.15255537  3.05243956  1.7624387 ]
 [ 7.8091045  11.12558581 16.57950531  1.25144173  9.21350433  6.18343749
  12.75029222 13.14893295  5.98627991  1.17157762 17.09626761]]
Rv: [[ 3.36795637  2.0551367   2.28173404  8.04522314 13.89497146 13.14343286
   5.12059681  1.16008925  1.89813936  2.20479664]
 [ 4.20531933 12.81533171  9.95724928 16.15470245  8.28374216  1.95902546
   8.97389171  1.02259426 11.96912807 14.61693817]
 [ 8.57075698  7.97288431  4.76481138 12.70416649  9.47686742  1.23665253
  15.64705895  1.76932435  3.87005951  5.0922352 ]
 [ 1.42248157  1.80948909  3.98782415  4.0614299   1.49353615  4.13830032
   2.77705317  8.20726344  5.03942939  2.14886255]
 [10.53305942  8.72799293 17.9634175   2.72616868  3.07293626 11.48142828
   2.72007284  1.55969338  1.18116958  1.21728296]
 [16.79776611 18.69613551 11.08909379  2.38187578  4.5036116   1.19019033
   1.3651505   6.5265739   6.69278472  1.84392821]
 [ 9.94571264  1.7571257   3.31683546 16.19873077  3.35076541  3.12481942
   4.57570273  3.66761948  1.2328677   1.67824949]
 [18.94955263 10.38537904  4.95413439  1.4113578   1.48509856  4.4672801
   5.49020639  2.35518861  1.18084895  6.84251102]
 [ 1.00547759  2.13450806  2.1650659   8.04021514  4.14666636  3.33016589
   2.98362803  4.89780364  7.98731526  1.77326224]]