-------Running parameters--------
T = 0.0
gap = 0
M = 10
N = 10
VR = 0.0
Vmin = 0.0
Vmax = 4.0
vStep = 0.01
vSym = False
repeats = 20
fileName = array_10_10_r_disorder_run_2
dist = exp
fullOutput = True
use_graph = False
current_map = True
plot_current_map = False
plot_binary_current_map = False
dbg = False
resume = False
sc = False
leaping = False
constQ = False
modifyR = False
output_folder = 2d_array_bgu_different_disorder
params_path = 
VG_avg = 0.0
VG_std = 0.0
C_avg = 1.0
C_std = 0.0
CG_avg = 10.0
CG_std = 0.0
R_avg = 10.0
R_std = 9.0
custom_rh = ""
custom_rv = ""
custom_ch = ""
custom_cv = ""
RG_avg = 500.0
RG_std = 0.0
n0_avg = 0.0
n0_std = 0.0
Q0_avg = 0.0
Q0_std = 0.0
----Array Parameters-----
Rows: 10
Columns: 10
VG: [[0.]
 [0.]
 [0.]
 [0.]
 [0.]
 [0.]
 [0.]
 [0.]
 [0.]
 [0.]
 [0.]
 [0.]
 [0.]
 [0.]
 [0.]
 [0.]
 [0.]
 [0.]
 [0.]
 [0.]
 [0.]
 [0.]
 [0.]
 [0.]
 [0.]
 [0.]
 [0.]
 [0.]
 [0.]
 [0.]
 [0.]
 [0.]
 [0.]
 [0.]
 [0.]
 [0.]
 [0.]
 [0.]
 [0.]
 [0.]
 [0.]
 [0.]
 [0.]
 [0.]
 [0.]
 [0.]
 [0.]
 [0.]
 [0.]
 [0.]
 [0.]
 [0.]
 [0.]
 [0.]
 [0.]
 [0.]
 [0.]
 [0.]
 [0.]
 [0.]
 [0.]
 [0.]
 [0.]
 [0.]
 [0.]
 [0.]
 [0.]
 [0.]
 [0.]
 [0.]
 [0.]
 [0.]
 [0.]
 [0.]
 [0.]
 [0.]
 [0.]
 [0.]
 [0.]
 [0.]
 [0.]
 [0.]
 [0.]
 [0.]
 [0.]
 [0.]
 [0.]
 [0.]
 [0.]
 [0.]
 [0.]
 [0.]
 [0.]
 [0.]
 [0.]
 [0.]
 [0.]
 [0.]
 [0.]
 [0.]]
CG: [[10.]
 [10.]
 [10.]
 [10.]
 [10.]
 [10.]
 [10.]
 [10.]
 [10.]
 [10.]
 [10.]
 [10.]
 [10.]
 [10.]
 [10.]
 [10.]
 [10.]
 [10.]
 [10.]
 [10.]
 [10.]
 [10.]
 [10.]
 [10.]
 [10.]
 [10.]
 [10.]
 [10.]
 [10.]
 [10.]
 [10.]
 [10.]
 [10.]
 [10.]
 [10.]
 [10.]
 [10.]
 [10.]
 [10.]
 [10.]
 [10.]
 [10.]
 [10.]
 [10.]
 [10.]
 [10.]
 [10.]
 [10.]
 [10.]
 [10.]
 [10.]
 [10.]
 [10.]
 [10.]
 [10.]
 [10.]
 [10.]
 [10.]
 [10.]
 [10.]
 [10.]
 [10.]
 [10.]
 [10.]
 [10.]
 [10.]
 [10.]
 [10.]
 [10.]
 [10.]
 [10.]
 [10.]
 [10.]
 [10.]
 [10.]
 [10.]
 [10.]
 [10.]
 [10.]
 [10.]
 [10.]
 [10.]
 [10.]
 [10.]
 [10.]
 [10.]
 [10.]
 [10.]
 [10.]
 [10.]
 [10.]
 [10.]
 [10.]
 [10.]
 [10.]
 [10.]
 [10.]
 [10.]
 [10.]
 [10.]]
RG: [[500.]
 [500.]
 [500.]
 [500.]
 [500.]
 [500.]
 [500.]
 [500.]
 [500.]
 [500.]
 [500.]
 [500.]
 [500.]
 [500.]
 [500.]
 [500.]
 [500.]
 [500.]
 [500.]
 [500.]
 [500.]
 [500.]
 [500.]
 [500.]
 [500.]
 [500.]
 [500.]
 [500.]
 [500.]
 [500.]
 [500.]
 [500.]
 [500.]
 [500.]
 [500.]
 [500.]
 [500.]
 [500.]
 [500.]
 [500.]
 [500.]
 [500.]
 [500.]
 [500.]
 [500.]
 [500.]
 [500.]
 [500.]
 [500.]
 [500.]
 [500.]
 [500.]
 [500.]
 [500.]
 [500.]
 [500.]
 [500.]
 [500.]
 [500.]
 [500.]
 [500.]
 [500.]
 [500.]
 [500.]
 [500.]
 [500.]
 [500.]
 [500.]
 [500.]
 [500.]
 [500.]
 [500.]
 [500.]
 [500.]
 [500.]
 [500.]
 [500.]
 [500.]
 [500.]
 [500.]
 [500.]
 [500.]
 [500.]
 [500.]
 [500.]
 [500.]
 [500.]
 [500.]
 [500.]
 [500.]
 [500.]
 [500.]
 [500.]
 [500.]
 [500.]
 [500.]
 [500.]
 [500.]
 [500.]
 [500.]]
Ch: [[1. 1. 1. 1. 1. 1. 1. 1. 1. 1. 1.]
 [1. 1. 1. 1. 1. 1. 1. 1. 1. 1. 1.]
 [1. 1. 1. 1. 1. 1. 1. 1. 1. 1. 1.]
 [1. 1. 1. 1. 1. 1. 1. 1. 1. 1. 1.]
 [1. 1. 1. 1. 1. 1. 1. 1. 1. 1. 1.]
 [1. 1. 1. 1. 1. 1. 1. 1. 1. 1. 1.]
 [1. 1. 1. 1. 1. 1. 1. 1. 1. 1. 1.]
 [1. 1. 1. 1. 1. 1. 1. 1. 1. 1. 1.]
 [1. 1. 1. 1. 1. 1. 1. 1. 1. 1. 1.]
 [1. 1. 1. 1. 1. 1. 1. 1. 1. 1. 1.]]
Cv: [[0. 0. 0. 0. 0. 0. 0. 0. 0. 0.]
 [1. 1. 1. 1. 1. 1. 1. 1. 1. 1.]
 [1. 1. 1. 1. 1. 1. 1. 1. 1. 1.]
 [1. 1. 1. 1. 1. 1. 1. 1. 1. 1.]
 [1. 1. 1. 1. 1. 1. 1. 1. 1. 1.]
 [1. 1. 1. 1. 1. 1. 1. 1. 1. 1.]
 [1. 1. 1. 1. 1. 1. 1. 1. 1. 1.]
 [1. 1. 1. 1. 1. 1. 1. 1. 1. 1.]
 [1. 1. 1. 1. 1. 1. 1. 1. 1. 1.]
 [1. 1. 1. 1. 1. 1. 1. 1. 1. 1.]]
Rh: [[ 8.55666318 11.4364806   7.34245956  4.27115399 14.40115066  2.28254061
   1.68009099  1.88363113  6.46874696  8.37695563  3.90648347]
 [12.48059589  2.39920271  1.00696102 14.49617436  2.92150833  3.30281115
   4.39683896 17.91417895  7.85700986  1.35654398  3.81705858]
 [ 1.4022392  10.86029448 15.13688077  4.10490567  2.05244112  6.35436095
   7.69380393  9.11185313  2.32074214  4.1355611   7.01126074]
 [ 1.16968328  4.24401417  2.52076418  4.00629424 18.10381813 10.19287749
   2.70874655  1.24186966  2.65692026 15.33184276  7.05337658]
 [ 3.33318438  1.17724828  1.78999862  3.64906439  9.04159877  3.87396802
   2.59180547 14.03443663  4.80672702  7.64226371  1.2178413 ]
 [12.98808552  7.52925467  3.38968572  1.43574391  7.22697039  5.0956892
   1.07892401  3.42533771  9.6376572   8.8578333   2.71744321]
 [ 3.7133423  12.33986863  2.25875498  3.64837884  3.09526952  2.21154372
   8.25811436  7.51856487  1.14062766  2.26275554  8.40727774]
 [ 2.156854    3.28897287  4.63638761 15.12393773 18.29668756  1.2112586
   1.61748736  1.20219115  3.76507609  3.73033205  1.65018618]
 [12.90629872  1.10628837  8.16925701  2.09710112  2.02837856 18.10483116
  12.05352349  2.45384715  4.91338809  4.86094454  8.21514475]
 [ 3.62288403  1.30799247  4.65889843  2.6899883   4.4914694  16.6277569
   4.16672705  6.65784659  1.6098145   8.93583077 10.2582274 ]]
Rv: [[ 3.12565621  3.85745641  3.6415456   6.87353474 17.32967865  3.24883035
  14.66620399  3.96385158 15.7558321  11.79115306]
 [14.46155469 10.80404128  1.79051384  4.5200696  13.74386986  6.45517347
   6.16891694  4.19318141  2.21049351 14.43217219]
 [ 6.24267015  3.92528548  1.76352584 16.50495185  6.37537406  5.50553611
   5.77712424  5.17229506  4.49360184  8.65582667]
 [ 6.26978734 11.36634443  1.20515577  7.7507939   7.85903366  2.3108639
   1.30158994  3.28018717  2.05374379 13.75982882]
 [ 1.20467839 13.16200797  5.53334144  4.93619242 10.06409689  5.76529202
  10.77098199  6.6411637   1.62705105  2.99510617]
 [ 8.19734532  6.30493409 11.83251316  7.58884214  1.68882613  2.52899434
   4.6342728   2.44535867  1.03104778  1.42621989]
 [ 4.42997584  2.1436368   3.57115106  3.76923213  1.14269542  7.11622772
   2.20553328 16.80965979  7.60943244 13.75631224]
 [ 2.12532038 14.22781741  5.38633784  4.25878115  3.84898507  1.27738589
   2.66290302 11.48369482  2.51282993  1.23574788]
 [ 5.64082329  3.11474011  2.79060792  1.94323437  2.7148772   5.55840177
   6.06264083 12.71503139  2.8096961   3.99316732]]