-------Running parameters--------
T = 0.0
gap = 0
M = 10
N = 10
VR = 0.0
Vmin = 0.0
Vmax = 4.0
vStep = 0.01
vSym = False
repeats = 20
fileName = array_10_10_r_cg_disorder_run_4
dist = exp
fullOutput = True
use_graph = False
current_map = True
plot_current_map = False
plot_binary_current_map = False
dbg = False
resume = False
sc = False
leaping = False
constQ = False
modifyR = False
output_folder = 2d_array_bgu_different_disorder
params_path = 
VG_avg = 0.0
VG_std = 0.0
C_avg = 1.0
C_std = 0.0
CG_avg = 10.0
CG_std = 5.0
R_avg = 10.0
R_std = 9.0
custom_rh = ""
custom_rv = ""
custom_ch = ""
custom_cv = ""
RG_avg = 500.0
RG_std = 0.0
n0_avg = 0.0
n0_std = 0.0
Q0_avg = 0.0
Q0_std = 0.0
----Array Parameters-----
Rows: 10
Columns: 10
VG: [[0.]
 [0.]
 [0.]
 [0.]
 [0.]
 [0.]
 [0.]
 [0.]
 [0.]
 [0.]
 [0.]
 [0.]
 [0.]
 [0.]
 [0.]
 [0.]
 [0.]
 [0.]
 [0.]
 [0.]
 [0.]
 [0.]
 [0.]
 [0.]
 [0.]
 [0.]
 [0.]
 [0.]
 [0.]
 [0.]
 [0.]
 [0.]
 [0.]
 [0.]
 [0.]
 [0.]
 [0.]
 [0.]
 [0.]
 [0.]
 [0.]
 [0.]
 [0.]
 [0.]
 [0.]
 [0.]
 [0.]
 [0.]
 [0.]
 [0.]
 [0.]
 [0.]
 [0.]
 [0.]
 [0.]
 [0.]
 [0.]
 [0.]
 [0.]
 [0.]
 [0.]
 [0.]
 [0.]
 [0.]
 [0.]
 [0.]
 [0.]
 [0.]
 [0.]
 [0.]
 [0.]
 [0.]
 [0.]
 [0.]
 [0.]
 [0.]
 [0.]
 [0.]
 [0.]
 [0.]
 [0.]
 [0.]
 [0.]
 [0.]
 [0.]
 [0.]
 [0.]
 [0.]
 [0.]
 [0.]
 [0.]
 [0.]
 [0.]
 [0.]
 [0.]
 [0.]
 [0.]
 [0.]
 [0.]
 [0.]]
CG: [[11.84504438]
 [10.13342333]
 [ 6.80460678]
 [ 6.08828018]
 [ 6.14607934]
 [12.79232845]
 [10.07050198]
 [ 8.47713255]
 [ 7.60703236]
 [ 5.04571957]
 [12.59487532]
 [13.30982449]
 [ 5.08054939]
 [ 6.26120288]
 [11.6732832 ]
 [ 5.95764781]
 [ 5.56814863]
 [12.78709817]
 [14.73272022]
 [ 8.88831293]
 [14.00754645]
 [11.23886432]
 [ 9.12843109]
 [ 5.75838782]
 [ 8.71931494]
 [ 8.0479739 ]
 [ 5.12920872]
 [ 6.78935285]
 [12.06840472]
 [ 8.91537947]
 [ 5.42691732]
 [11.53924145]
 [ 5.38071306]
 [11.08034616]
 [ 5.21312848]
 [13.80693035]
 [14.42285661]
 [13.59097525]
 [ 9.12501127]
 [11.79919674]
 [ 5.41190637]
 [ 8.92090785]
 [ 9.34970656]
 [ 9.18528527]
 [ 6.59407506]
 [ 7.61037435]
 [ 5.83141622]
 [ 8.40510071]
 [ 5.63813375]
 [ 7.10495447]
 [11.09911206]
 [13.75463233]
 [14.3591723 ]
 [11.40682975]
 [ 5.28173498]
 [12.71312489]
 [13.14738726]
 [ 5.85441924]
 [11.33866023]
 [13.26677665]
 [12.69066852]
 [12.89700535]
 [14.93220728]
 [13.59627909]
 [ 5.61261071]
 [ 5.00744139]
 [ 5.45785142]
 [ 9.43023076]
 [10.13987574]
 [10.93631038]
 [ 5.79159788]
 [ 6.86023746]
 [14.14497122]
 [10.13590443]
 [ 7.412402  ]
 [ 9.59347359]
 [11.48076675]
 [10.97336066]
 [ 8.59226194]
 [11.64672409]
 [ 9.08775365]
 [ 7.02778434]
 [ 8.05465488]
 [10.86450737]
 [ 6.43145222]
 [14.76534307]
 [ 6.69541957]
 [12.51288284]
 [14.03617601]
 [ 9.14764325]
 [12.69614283]
 [ 7.0575426 ]
 [ 5.47630221]
 [ 9.82880215]
 [ 8.31995122]
 [ 9.46036131]
 [ 8.26895854]
 [ 5.33804392]
 [11.74648932]
 [ 8.60728828]]
RG: [[500.]
 [500.]
 [500.]
 [500.]
 [500.]
 [500.]
 [500.]
 [500.]
 [500.]
 [500.]
 [500.]
 [500.]
 [500.]
 [500.]
 [500.]
 [500.]
 [500.]
 [500.]
 [500.]
 [500.]
 [500.]
 [500.]
 [500.]
 [500.]
 [500.]
 [500.]
 [500.]
 [500.]
 [500.]
 [500.]
 [500.]
 [500.]
 [500.]
 [500.]
 [500.]
 [500.]
 [500.]
 [500.]
 [500.]
 [500.]
 [500.]
 [500.]
 [500.]
 [500.]
 [500.]
 [500.]
 [500.]
 [500.]
 [500.]
 [500.]
 [500.]
 [500.]
 [500.]
 [500.]
 [500.]
 [500.]
 [500.]
 [500.]
 [500.]
 [500.]
 [500.]
 [500.]
 [500.]
 [500.]
 [500.]
 [500.]
 [500.]
 [500.]
 [500.]
 [500.]
 [500.]
 [500.]
 [500.]
 [500.]
 [500.]
 [500.]
 [500.]
 [500.]
 [500.]
 [500.]
 [500.]
 [500.]
 [500.]
 [500.]
 [500.]
 [500.]
 [500.]
 [500.]
 [500.]
 [500.]
 [500.]
 [500.]
 [500.]
 [500.]
 [500.]
 [500.]
 [500.]
 [500.]
 [500.]
 [500.]]
Ch: [[1. 1. 1. 1. 1. 1. 1. 1. 1. 1. 1.]
 [1. 1. 1. 1. 1. 1. 1. 1. 1. 1. 1.]
 [1. 1. 1. 1. 1. 1. 1. 1. 1. 1. 1.]
 [1. 1. 1. 1. 1. 1. 1. 1. 1. 1. 1.]
 [1. 1. 1. 1. 1. 1. 1. 1. 1. 1. 1.]
 [1. 1. 1. 1. 1. 1. 1. 1. 1. 1. 1.]
 [1. 1. 1. 1. 1. 1. 1. 1. 1. 1. 1.]
 [1. 1. 1. 1. 1. 1. 1. 1. 1. 1. 1.]
 [1. 1. 1. 1. 1. 1. 1. 1. 1. 1. 1.]
 [1. 1. 1. 1. 1. 1. 1. 1. 1. 1. 1.]]
Cv: [[0. 0. 0. 0. 0. 0. 0. 0. 0. 0.]
 [1. 1. 1. 1. 1. 1. 1. 1. 1. 1.]
 [1. 1. 1. 1. 1. 1. 1. 1. 1. 1.]
 [1. 1. 1. 1. 1. 1. 1. 1. 1. 1.]
 [1. 1. 1. 1. 1. 1. 1. 1. 1. 1.]
 [1. 1. 1. 1. 1. 1. 1. 1. 1. 1.]
 [1. 1. 1. 1. 1. 1. 1. 1. 1. 1.]
 [1. 1. 1. 1. 1. 1. 1. 1. 1. 1.]
 [1. 1. 1. 1. 1. 1. 1. 1. 1. 1.]
 [1. 1. 1. 1. 1. 1. 1. 1. 1. 1.]]
Rh: [[ 6.53062837 18.07264993  9.41410887  3.27720975  1.53032628 17.36006509
  18.52677768  1.38190627  1.01425147  4.87332108  7.394521  ]
 [ 6.3684013   2.93073624  3.03517504  5.79180194  5.47163593  1.84942695
   1.15291797  7.18690346  3.12817003  1.78436798  2.32628845]
 [ 1.20375377  4.28108913  2.48153059  9.84352381  7.57916422 14.88385116
   2.47883153 15.32497441 11.13155519  3.32938686 12.60180465]
 [ 2.00129258  3.00436013 15.77797929  7.0990961   4.79492517  6.51936821
   7.12209925  8.12925653  3.7360277   4.27157089  7.40375702]
 [ 1.12918468 18.31939915  9.1340201   8.35162065  4.44040008 14.62138639
   2.58206129  9.89190506  4.48812253  4.95049671  1.63233811]
 [ 2.16371673  2.48110408  6.11260248  9.15511431  1.10929002  9.38091347
   7.31597849 12.57523054  6.45016038  4.92787731  3.95605498]
 [ 2.14876139 18.96884091 12.33955522  4.67492575  3.12234815  1.89702693
   1.16509199  5.95385241  1.9997999   5.7146324   1.7355478 ]
 [ 3.16747102 12.82191315  8.41955435  2.07712945  9.59182235  5.59947078
   2.74206312  9.92017623  2.60488524 11.09245636 14.80291807]
 [ 1.82298848 16.37761049  2.82896166  2.25773117 11.89998512  6.70498374
  13.02805924 16.28311136 10.47136426  9.15525339  3.33518531]
 [17.87042898  1.07801081  1.33223075  1.19731012  2.39167056  3.61877763
   5.56946315  2.1905489  15.77343574 14.91022021  2.59552625]]
Rv: [[14.94184811  3.00365358  4.4521419   8.00469845  8.82813506  7.96269434
   4.48236884  1.80628999  7.29460859 10.02521488]
 [ 3.02643529  4.48526691  9.57893126  1.11762574  1.26463389 14.27049663
  18.47486186  6.53103491  5.52362014  9.37643226]
 [ 1.5347356   9.77823146  1.5930482  17.18515981  2.64762523  5.86581445
   3.33798499  1.7378752  11.79775724  7.33550886]
 [ 7.14711704  3.28780375  2.3558986   5.55703806  9.53532988 14.52215224
   1.68582675  2.74642825  3.97954495  6.06445352]
 [ 3.42082242  1.73823166  1.5366018  14.39054519  2.15039455 14.81946118
   6.25435321 18.04257124  2.53912783  3.0574115 ]
 [13.83070309  1.44181332 10.89730268 15.47236654  1.15673726  1.9868235
   2.17483745  3.22602077  1.67053903 18.38366491]
 [ 1.02760872  2.61487107  2.03679952  4.81383519 16.06054595  1.92837101
   8.57960106  1.39973551  4.41506532  2.87127428]
 [ 1.00735527  3.23841433  2.29943615  2.5978723   5.81971119  1.49388419
   5.94261297  3.82125948 12.80636682  3.43371626]
 [ 2.25174693  1.96724765  3.08071132  5.13338986  7.93436336 10.54043681
  17.23258339  1.31485712  2.86439635  2.28593197]]