-------Running parameters--------
T = 0.0
gap = 0
M = 10
N = 10
VR = 0.0
Vmin = 0.0
Vmax = 4.0
vStep = 0.01
vSym = False
repeats = 20
fileName = array_10_10_r_cg_disorder_run_5
dist = exp
fullOutput = True
use_graph = False
current_map = True
plot_current_map = False
plot_binary_current_map = False
dbg = False
resume = False
sc = False
leaping = False
constQ = False
modifyR = False
output_folder = 2d_array_bgu_different_disorder
params_path = 
VG_avg = 0.0
VG_std = 0.0
C_avg = 1.0
C_std = 0.0
CG_avg = 10.0
CG_std = 5.0
R_avg = 10.0
R_std = 9.0
custom_rh = ""
custom_rv = ""
custom_ch = ""
custom_cv = ""
RG_avg = 500.0
RG_std = 0.0
n0_avg = 0.0
n0_std = 0.0
Q0_avg = 0.0
Q0_std = 0.0
----Array Parameters-----
Rows: 10
Columns: 10
VG: [[0.]
 [0.]
 [0.]
 [0.]
 [0.]
 [0.]
 [0.]
 [0.]
 [0.]
 [0.]
 [0.]
 [0.]
 [0.]
 [0.]
 [0.]
 [0.]
 [0.]
 [0.]
 [0.]
 [0.]
 [0.]
 [0.]
 [0.]
 [0.]
 [0.]
 [0.]
 [0.]
 [0.]
 [0.]
 [0.]
 [0.]
 [0.]
 [0.]
 [0.]
 [0.]
 [0.]
 [0.]
 [0.]
 [0.]
 [0.]
 [0.]
 [0.]
 [0.]
 [0.]
 [0.]
 [0.]
 [0.]
 [0.]
 [0.]
 [0.]
 [0.]
 [0.]
 [0.]
 [0.]
 [0.]
 [0.]
 [0.]
 [0.]
 [0.]
 [0.]
 [0.]
 [0.]
 [0.]
 [0.]
 [0.]
 [0.]
 [0.]
 [0.]
 [0.]
 [0.]
 [0.]
 [0.]
 [0.]
 [0.]
 [0.]
 [0.]
 [0.]
 [0.]
 [0.]
 [0.]
 [0.]
 [0.]
 [0.]
 [0.]
 [0.]
 [0.]
 [0.]
 [0.]
 [0.]
 [0.]
 [0.]
 [0.]
 [0.]
 [0.]
 [0.]
 [0.]
 [0.]
 [0.]
 [0.]
 [0.]]
CG: [[10.12980031]
 [12.31777846]
 [ 5.36341954]
 [ 5.26494554]
 [11.45150813]
 [13.61195636]
 [13.46063345]
 [ 5.12489774]
 [ 7.84797834]
 [ 7.7896769 ]
 [ 7.00898768]
 [13.70076334]
 [ 6.32674716]
 [ 9.57053796]
 [12.83709378]
 [ 6.87879775]
 [ 6.95341619]
 [ 5.28356927]
 [ 7.71855407]
 [ 6.32456431]
 [ 5.51821927]
 [ 5.21519537]
 [10.73745171]
 [12.67709408]
 [ 8.35039605]
 [10.29492577]
 [ 8.29709594]
 [11.06001948]
 [ 8.16207975]
 [11.62743493]
 [14.45180605]
 [ 7.73858323]
 [ 6.38684187]
 [ 7.54069003]
 [ 9.98150015]
 [ 6.90480691]
 [11.62181342]
 [ 9.02794809]
 [ 5.15350667]
 [ 5.85941834]
 [10.66852463]
 [ 5.05382788]
 [13.18419812]
 [ 5.05491934]
 [ 9.86262539]
 [11.56519808]
 [13.67021695]
 [ 7.26046679]
 [11.71057726]
 [ 9.96061734]
 [ 7.45344744]
 [ 5.00784292]
 [ 8.82661726]
 [ 5.52685622]
 [11.91555697]
 [ 5.96827   ]
 [ 8.88574551]
 [14.18348263]
 [ 6.75616826]
 [ 5.6584554 ]
 [ 5.10507514]
 [ 5.55156499]
 [13.62815339]
 [ 8.49909291]
 [ 6.03004254]
 [ 8.48490454]
 [ 6.17220611]
 [ 9.27708916]
 [ 6.57884955]
 [14.64364064]
 [ 6.75209792]
 [ 7.0249549 ]
 [ 9.06675695]
 [11.09629887]
 [ 9.17857634]
 [ 7.47352312]
 [ 8.67063553]
 [ 5.87380474]
 [13.00514801]
 [ 7.51447564]
 [ 7.98119953]
 [ 7.6207502 ]
 [ 5.38498803]
 [ 9.55769472]
 [ 5.90931201]
 [ 5.97965323]
 [12.97287715]
 [10.84075694]
 [13.93769604]
 [11.11289597]
 [ 6.69476342]
 [ 6.19683824]
 [ 8.69182754]
 [ 5.53703277]
 [ 6.43089825]
 [13.92843587]
 [ 7.15151297]
 [ 9.09642063]
 [12.4864446 ]
 [ 6.99594815]]
RG: [[500.]
 [500.]
 [500.]
 [500.]
 [500.]
 [500.]
 [500.]
 [500.]
 [500.]
 [500.]
 [500.]
 [500.]
 [500.]
 [500.]
 [500.]
 [500.]
 [500.]
 [500.]
 [500.]
 [500.]
 [500.]
 [500.]
 [500.]
 [500.]
 [500.]
 [500.]
 [500.]
 [500.]
 [500.]
 [500.]
 [500.]
 [500.]
 [500.]
 [500.]
 [500.]
 [500.]
 [500.]
 [500.]
 [500.]
 [500.]
 [500.]
 [500.]
 [500.]
 [500.]
 [500.]
 [500.]
 [500.]
 [500.]
 [500.]
 [500.]
 [500.]
 [500.]
 [500.]
 [500.]
 [500.]
 [500.]
 [500.]
 [500.]
 [500.]
 [500.]
 [500.]
 [500.]
 [500.]
 [500.]
 [500.]
 [500.]
 [500.]
 [500.]
 [500.]
 [500.]
 [500.]
 [500.]
 [500.]
 [500.]
 [500.]
 [500.]
 [500.]
 [500.]
 [500.]
 [500.]
 [500.]
 [500.]
 [500.]
 [500.]
 [500.]
 [500.]
 [500.]
 [500.]
 [500.]
 [500.]
 [500.]
 [500.]
 [500.]
 [500.]
 [500.]
 [500.]
 [500.]
 [500.]
 [500.]
 [500.]]
Ch: [[1. 1. 1. 1. 1. 1. 1. 1. 1. 1. 1.]
 [1. 1. 1. 1. 1. 1. 1. 1. 1. 1. 1.]
 [1. 1. 1. 1. 1. 1. 1. 1. 1. 1. 1.]
 [1. 1. 1. 1. 1. 1. 1. 1. 1. 1. 1.]
 [1. 1. 1. 1. 1. 1. 1. 1. 1. 1. 1.]
 [1. 1. 1. 1. 1. 1. 1. 1. 1. 1. 1.]
 [1. 1. 1. 1. 1. 1. 1. 1. 1. 1. 1.]
 [1. 1. 1. 1. 1. 1. 1. 1. 1. 1. 1.]
 [1. 1. 1. 1. 1. 1. 1. 1. 1. 1. 1.]
 [1. 1. 1. 1. 1. 1. 1. 1. 1. 1. 1.]]
Cv: [[0. 0. 0. 0. 0. 0. 0. 0. 0. 0.]
 [1. 1. 1. 1. 1. 1. 1. 1. 1. 1.]
 [1. 1. 1. 1. 1. 1. 1. 1. 1. 1.]
 [1. 1. 1. 1. 1. 1. 1. 1. 1. 1.]
 [1. 1. 1. 1. 1. 1. 1. 1. 1. 1.]
 [1. 1. 1. 1. 1. 1. 1. 1. 1. 1.]
 [1. 1. 1. 1. 1. 1. 1. 1. 1. 1.]
 [1. 1. 1. 1. 1. 1. 1. 1. 1. 1.]
 [1. 1. 1. 1. 1. 1. 1. 1. 1. 1.]
 [1. 1. 1. 1. 1. 1. 1. 1. 1. 1.]]
Rh: [[ 5.35608568 11.61729284  1.46237202  7.74891844 14.54277609  3.54765211
   9.61058799 17.28868736  3.70351035 10.41500463  2.12411817]
 [ 1.07955135  1.26636857  1.13639213  1.96551672  1.92576031 12.8187938
   2.04915954  5.29897096 10.60279862  2.90595632  1.41806025]
 [ 8.46966013  5.18749586 10.29105414 17.65636071  4.81210758  2.72648108
   2.25696789  6.30898833  1.04181359  4.4400831   4.90392546]
 [ 6.27355946  5.36061694  3.10561091  2.2079661   3.80898304  2.61614933
   4.85641847  4.22505027  2.7560465   1.52885881  1.18274219]
 [ 2.86781539  2.55960523  9.45478673 10.45053313  2.4432529  15.71543265
   4.79804581 11.75774346 15.41162489  4.39378553  1.06852661]
 [ 3.63588019  2.4544674   2.41006998  1.03300354  1.3506609   3.39100489
   3.36377282  4.06157586  1.29131909  6.62237874  8.38925362]
 [13.50934954  5.79498064  1.9713032   1.60599339  1.55741603  1.85965202
   6.70874161 10.07937228  3.55682366 10.71135996  5.87087096]
 [ 1.07628079  9.36138809  1.53138015  2.04581971  1.90450702 10.0882122
   2.03567061  2.04888827 16.46488942  8.16257706  5.04577875]
 [18.18017522 10.20562683  2.11802438  1.33292857 12.18632573  7.24613259
   4.63705573  3.63783032  1.2303208   1.42490379  6.57246449]
 [ 6.17747418  1.24512672  3.91696858  8.97213174  4.62744545  3.01953915
   9.71895114  6.42052788 10.64804383  2.0956551   1.38508926]]
Rv: [[ 7.58147887 10.63713899 12.30111975  7.87954302  1.89309704  5.56229322
   2.00465692  1.93679682 15.39274988  7.35155397]
 [ 1.49328736  1.91919224  8.71132275  2.4671388   3.64034824  7.63699528
   7.01981896  1.48706937 10.9082906   1.00240686]
 [ 5.77357687  5.32463651  7.07594469  2.68149901  2.92097848  3.14241274
  10.71182365  1.14788297  2.71327238 10.75415556]
 [ 3.06240671  1.34856472 10.07727712  1.46541251 17.05501684  6.10358267
   5.27915194  3.71335413  4.16274503  2.99227765]
 [13.52952744  4.94096019  2.30108998 17.08104243  9.57459529  1.59599182
   4.21470402 13.98491602 17.03608246  1.30284943]
 [11.30103225  3.0532057   3.43036611  7.26857063  2.51324112  9.59704333
   1.49422435  3.23735873 10.12794123  6.7322569 ]
 [ 9.64357196  7.57174374  1.10125924  3.0358614   1.44317927  5.38493372
   5.12694875 15.9042444   2.4449507   4.03769765]
 [ 8.83026863  7.90939109  3.05419909 10.49670142  2.89269567  2.49542597
   4.24858751  8.11619606  2.80672603  1.14986429]
 [ 4.65724003  2.45764342  3.84555695 11.33605405 10.774983    1.59102205
   8.44293521  1.58472372  2.10841689 12.3430518 ]]