-------Running parameters--------
T = 0.0
gap = 0
M = 10
N = 10
VR = 0.0
Vmin = 0.0
Vmax = 4.0
vStep = 0.01
vSym = False
repeats = 20
fileName = array_10_10_r_disorder_run_1
dist = exp
fullOutput = True
use_graph = False
current_map = True
plot_current_map = False
plot_binary_current_map = False
dbg = False
resume = False
sc = False
leaping = False
constQ = False
modifyR = False
output_folder = 2d_array_bgu_different_disorder
params_path = 
VG_avg = 0.0
VG_std = 0.0
C_avg = 1.0
C_std = 0.0
CG_avg = 10.0
CG_std = 0.0
R_avg = 10.0
R_std = 9.0
custom_rh = ""
custom_rv = ""
custom_ch = ""
custom_cv = ""
RG_avg = 500.0
RG_std = 0.0
n0_avg = 0.0
n0_std = 0.0
Q0_avg = 0.0
Q0_std = 0.0
----Array Parameters-----
Rows: 10
Columns: 10
VG: [[0.]
 [0.]
 [0.]
 [0.]
 [0.]
 [0.]
 [0.]
 [0.]
 [0.]
 [0.]
 [0.]
 [0.]
 [0.]
 [0.]
 [0.]
 [0.]
 [0.]
 [0.]
 [0.]
 [0.]
 [0.]
 [0.]
 [0.]
 [0.]
 [0.]
 [0.]
 [0.]
 [0.]
 [0.]
 [0.]
 [0.]
 [0.]
 [0.]
 [0.]
 [0.]
 [0.]
 [0.]
 [0.]
 [0.]
 [0.]
 [0.]
 [0.]
 [0.]
 [0.]
 [0.]
 [0.]
 [0.]
 [0.]
 [0.]
 [0.]
 [0.]
 [0.]
 [0.]
 [0.]
 [0.]
 [0.]
 [0.]
 [0.]
 [0.]
 [0.]
 [0.]
 [0.]
 [0.]
 [0.]
 [0.]
 [0.]
 [0.]
 [0.]
 [0.]
 [0.]
 [0.]
 [0.]
 [0.]
 [0.]
 [0.]
 [0.]
 [0.]
 [0.]
 [0.]
 [0.]
 [0.]
 [0.]
 [0.]
 [0.]
 [0.]
 [0.]
 [0.]
 [0.]
 [0.]
 [0.]
 [0.]
 [0.]
 [0.]
 [0.]
 [0.]
 [0.]
 [0.]
 [0.]
 [0.]
 [0.]]
CG: [[10.]
 [10.]
 [10.]
 [10.]
 [10.]
 [10.]
 [10.]
 [10.]
 [10.]
 [10.]
 [10.]
 [10.]
 [10.]
 [10.]
 [10.]
 [10.]
 [10.]
 [10.]
 [10.]
 [10.]
 [10.]
 [10.]
 [10.]
 [10.]
 [10.]
 [10.]
 [10.]
 [10.]
 [10.]
 [10.]
 [10.]
 [10.]
 [10.]
 [10.]
 [10.]
 [10.]
 [10.]
 [10.]
 [10.]
 [10.]
 [10.]
 [10.]
 [10.]
 [10.]
 [10.]
 [10.]
 [10.]
 [10.]
 [10.]
 [10.]
 [10.]
 [10.]
 [10.]
 [10.]
 [10.]
 [10.]
 [10.]
 [10.]
 [10.]
 [10.]
 [10.]
 [10.]
 [10.]
 [10.]
 [10.]
 [10.]
 [10.]
 [10.]
 [10.]
 [10.]
 [10.]
 [10.]
 [10.]
 [10.]
 [10.]
 [10.]
 [10.]
 [10.]
 [10.]
 [10.]
 [10.]
 [10.]
 [10.]
 [10.]
 [10.]
 [10.]
 [10.]
 [10.]
 [10.]
 [10.]
 [10.]
 [10.]
 [10.]
 [10.]
 [10.]
 [10.]
 [10.]
 [10.]
 [10.]
 [10.]]
RG: [[500.]
 [500.]
 [500.]
 [500.]
 [500.]
 [500.]
 [500.]
 [500.]
 [500.]
 [500.]
 [500.]
 [500.]
 [500.]
 [500.]
 [500.]
 [500.]
 [500.]
 [500.]
 [500.]
 [500.]
 [500.]
 [500.]
 [500.]
 [500.]
 [500.]
 [500.]
 [500.]
 [500.]
 [500.]
 [500.]
 [500.]
 [500.]
 [500.]
 [500.]
 [500.]
 [500.]
 [500.]
 [500.]
 [500.]
 [500.]
 [500.]
 [500.]
 [500.]
 [500.]
 [500.]
 [500.]
 [500.]
 [500.]
 [500.]
 [500.]
 [500.]
 [500.]
 [500.]
 [500.]
 [500.]
 [500.]
 [500.]
 [500.]
 [500.]
 [500.]
 [500.]
 [500.]
 [500.]
 [500.]
 [500.]
 [500.]
 [500.]
 [500.]
 [500.]
 [500.]
 [500.]
 [500.]
 [500.]
 [500.]
 [500.]
 [500.]
 [500.]
 [500.]
 [500.]
 [500.]
 [500.]
 [500.]
 [500.]
 [500.]
 [500.]
 [500.]
 [500.]
 [500.]
 [500.]
 [500.]
 [500.]
 [500.]
 [500.]
 [500.]
 [500.]
 [500.]
 [500.]
 [500.]
 [500.]
 [500.]]
Ch: [[1. 1. 1. 1. 1. 1. 1. 1. 1. 1. 1.]
 [1. 1. 1. 1. 1. 1. 1. 1. 1. 1. 1.]
 [1. 1. 1. 1. 1. 1. 1. 1. 1. 1. 1.]
 [1. 1. 1. 1. 1. 1. 1. 1. 1. 1. 1.]
 [1. 1. 1. 1. 1. 1. 1. 1. 1. 1. 1.]
 [1. 1. 1. 1. 1. 1. 1. 1. 1. 1. 1.]
 [1. 1. 1. 1. 1. 1. 1. 1. 1. 1. 1.]
 [1. 1. 1. 1. 1. 1. 1. 1. 1. 1. 1.]
 [1. 1. 1. 1. 1. 1. 1. 1. 1. 1. 1.]
 [1. 1. 1. 1. 1. 1. 1. 1. 1. 1. 1.]]
Cv: [[0. 0. 0. 0. 0. 0. 0. 0. 0. 0.]
 [1. 1. 1. 1. 1. 1. 1. 1. 1. 1.]
 [1. 1. 1. 1. 1. 1. 1. 1. 1. 1.]
 [1. 1. 1. 1. 1. 1. 1. 1. 1. 1.]
 [1. 1. 1. 1. 1. 1. 1. 1. 1. 1.]
 [1. 1. 1. 1. 1. 1. 1. 1. 1. 1.]
 [1. 1. 1. 1. 1. 1. 1. 1. 1. 1.]
 [1. 1. 1. 1. 1. 1. 1. 1. 1. 1.]
 [1. 1. 1. 1. 1. 1. 1. 1. 1. 1.]
 [1. 1. 1. 1. 1. 1. 1. 1. 1. 1.]]
Rh: [[ 6.81706038 17.64983734  7.49559366  1.81103608  6.36878521  6.42552168
   3.95042236  2.45627376 13.63894346  7.05166103  6.97287025]
 [ 3.64090323  9.29481254  1.52908336  2.94478826  1.24503498  3.24285869
  14.01404213  3.37826804  3.34062537  7.60791564  6.31011014]
 [ 1.59616422  4.23068293 14.84736544 10.74964707  7.96651756  3.94459811
   1.12622851  1.72181997  8.41123415  6.10136579  1.11984264]
 [ 5.09990139  1.20592974 13.86316465 11.7732693   2.91099835  8.70681617
   1.46906078 10.78192136 10.46195431  6.8543392  15.01984916]
 [ 1.9191335   2.36550845 11.45471597  1.95960248 17.00191604  2.51728839
   9.44635432  9.56866994  4.98430716 10.98821561  5.30069465]
 [ 7.62621694  2.57835721  2.93004438 11.93349004  8.97954777  2.80318182
   5.52046072  6.96079435  4.43180724 13.51701836  6.32828949]
 [16.64292329  3.71121671  6.44869106  6.76497884  1.11851976  1.54818898
   3.13585916  1.94532581  3.43914144 17.63976664  5.79663998]
 [ 5.18374562  9.1741069   1.06319842  1.22179289  2.01572027 18.8186906
   1.55246318  1.25861491  6.85212873  1.75065016  1.05207546]
 [12.56805056  9.38722509  4.74446505  2.8998438  14.22724297  1.81670924
   2.55944499  8.3568811   1.71768264  8.7776657   4.09860941]
 [ 6.06175823  6.19397686 13.49158462  2.35917438 13.13348669  2.59888943
   1.39593199  1.20943357  9.30151296  1.53789385  4.65660126]]
Rv: [[13.0364581   1.16402863  4.08552045  1.50736633  1.4192678  10.94351844
  12.24372611  2.10315406 11.252601   17.68343502]
 [ 5.34767881  1.92528533  6.63822055 18.43412696 14.63983952  1.37748024
   1.44555728 15.38378753 13.61337515  7.09561467]
 [ 4.47804172  5.87821589 18.11483608  3.31663821  1.0602605   8.43694707
  15.68061041  4.41885093  7.27090825 14.8398078 ]
 [ 1.75521459 18.99199133  2.70144672  1.64187606  1.36375873  4.32188478
   1.12737673  2.8566929   2.79699921  1.13640656]
 [14.05216497  1.28554643  5.24457282  8.67288345  4.65610017  1.24795668
   2.53624147  4.30887874  4.50377529  5.30339789]
 [ 3.00186065  4.01573066  1.09237122 14.24085821  1.77149099  9.92842626
  12.33048959  5.75424656  3.07968393 18.46923768]
 [ 2.16089501 14.10792956  5.15605742 18.61557544  2.07544397 13.87515143
   6.64591376  6.83157849  5.2961386  13.77626589]
 [ 1.37895758  4.12020625  4.21416355  8.58701702  6.30005011  7.79123403
  14.25109428 12.56541072  5.92489583  3.59300523]
 [ 7.30775986  6.29842695  9.42638532  3.11285424 18.81492579 10.43232263
   1.53954599  1.65080326  9.70292049  4.78867231]]