-------Running parameters--------
T = 0.0
gap = 0
M = 10
N = 10
VR = 0.0
Vmin = 0.0
Vmax = 4.0
vStep = 0.01
vSym = False
repeats = 20
fileName = array_10_10_r_cg_c_disorder_run_4
dist = exp
fullOutput = True
use_graph = False
current_map = True
plot_current_map = False
plot_binary_current_map = False
dbg = False
resume = False
sc = False
leaping = False
constQ = False
modifyR = False
output_folder = 2d_array_bgu_different_disorder
params_path = 
VG_avg = 0.0
VG_std = 0.0
C_avg = 1.0
C_std = 0.7
CG_avg = 10.0
CG_std = 5.0
R_avg = 10.0
R_std = 9.0
custom_rh = ""
custom_rv = ""
custom_ch = ""
custom_cv = ""
RG_avg = 500.0
RG_std = 0.0
n0_avg = 0.0
n0_std = 0.0
Q0_avg = 0.0
Q0_std = 0.0
----Array Parameters-----
Rows: 10
Columns: 10
VG: [[0.]
 [0.]
 [0.]
 [0.]
 [0.]
 [0.]
 [0.]
 [0.]
 [0.]
 [0.]
 [0.]
 [0.]
 [0.]
 [0.]
 [0.]
 [0.]
 [0.]
 [0.]
 [0.]
 [0.]
 [0.]
 [0.]
 [0.]
 [0.]
 [0.]
 [0.]
 [0.]
 [0.]
 [0.]
 [0.]
 [0.]
 [0.]
 [0.]
 [0.]
 [0.]
 [0.]
 [0.]
 [0.]
 [0.]
 [0.]
 [0.]
 [0.]
 [0.]
 [0.]
 [0.]
 [0.]
 [0.]
 [0.]
 [0.]
 [0.]
 [0.]
 [0.]
 [0.]
 [0.]
 [0.]
 [0.]
 [0.]
 [0.]
 [0.]
 [0.]
 [0.]
 [0.]
 [0.]
 [0.]
 [0.]
 [0.]
 [0.]
 [0.]
 [0.]
 [0.]
 [0.]
 [0.]
 [0.]
 [0.]
 [0.]
 [0.]
 [0.]
 [0.]
 [0.]
 [0.]
 [0.]
 [0.]
 [0.]
 [0.]
 [0.]
 [0.]
 [0.]
 [0.]
 [0.]
 [0.]
 [0.]
 [0.]
 [0.]
 [0.]
 [0.]
 [0.]
 [0.]
 [0.]
 [0.]
 [0.]]
CG: [[ 8.50870146]
 [12.04203359]
 [ 9.19596965]
 [ 8.89209159]
 [12.80743191]
 [14.56741348]
 [14.976393  ]
 [ 9.31817276]
 [ 7.785307  ]
 [ 5.12805251]
 [ 7.92241883]
 [ 5.43260793]
 [13.87759073]
 [ 9.38625659]
 [ 5.70048387]
 [14.16839366]
 [10.23838438]
 [ 5.40874623]
 [ 8.41329214]
 [ 5.98580928]
 [ 5.76406214]
 [11.5976973 ]
 [ 5.65117415]
 [11.10789533]
 [ 7.43996599]
 [ 9.73940259]
 [13.75478772]
 [ 7.47652817]
 [14.90786472]
 [ 6.49388311]
 [ 5.77825587]
 [ 8.7387573 ]
 [14.32440476]
 [ 9.22037147]
 [10.32705575]
 [ 6.55279663]
 [ 5.39018293]
 [ 8.43977338]
 [ 6.22991566]
 [ 6.33359845]
 [14.86531074]
 [ 6.1819773 ]
 [ 8.37172328]
 [ 5.78861305]
 [ 7.76958167]
 [10.73359371]
 [14.1316021 ]
 [ 5.97261492]
 [ 6.17878952]
 [ 5.31684952]
 [12.40548529]
 [ 6.30037188]
 [12.90328121]
 [13.27115109]
 [ 9.26780582]
 [ 5.20251668]
 [12.64834238]
 [ 8.78044624]
 [14.43563971]
 [11.10241524]
 [14.50358727]
 [ 8.48217317]
 [ 8.38927432]
 [ 9.21773839]
 [ 8.79877535]
 [ 7.84827631]
 [ 8.97249367]
 [ 9.82471225]
 [ 6.31023489]
 [10.27137163]
 [ 6.5259618 ]
 [ 5.66180099]
 [11.80370956]
 [ 7.82980273]
 [ 7.63813085]
 [ 5.81340414]
 [10.71211884]
 [ 7.55841171]
 [ 8.18168677]
 [10.44475135]
 [ 5.13466873]
 [ 6.34495691]
 [ 8.43257745]
 [ 5.94178757]
 [14.9358816 ]
 [13.73928648]
 [11.05932779]
 [ 5.15320414]
 [13.43208746]
 [11.76259052]
 [13.45267363]
 [13.63411407]
 [14.66114824]
 [ 9.31688047]
 [ 9.93748059]
 [ 6.76637309]
 [ 6.41099202]
 [ 9.21457589]
 [11.12813652]
 [12.6959434 ]]
RG: [[500.]
 [500.]
 [500.]
 [500.]
 [500.]
 [500.]
 [500.]
 [500.]
 [500.]
 [500.]
 [500.]
 [500.]
 [500.]
 [500.]
 [500.]
 [500.]
 [500.]
 [500.]
 [500.]
 [500.]
 [500.]
 [500.]
 [500.]
 [500.]
 [500.]
 [500.]
 [500.]
 [500.]
 [500.]
 [500.]
 [500.]
 [500.]
 [500.]
 [500.]
 [500.]
 [500.]
 [500.]
 [500.]
 [500.]
 [500.]
 [500.]
 [500.]
 [500.]
 [500.]
 [500.]
 [500.]
 [500.]
 [500.]
 [500.]
 [500.]
 [500.]
 [500.]
 [500.]
 [500.]
 [500.]
 [500.]
 [500.]
 [500.]
 [500.]
 [500.]
 [500.]
 [500.]
 [500.]
 [500.]
 [500.]
 [500.]
 [500.]
 [500.]
 [500.]
 [500.]
 [500.]
 [500.]
 [500.]
 [500.]
 [500.]
 [500.]
 [500.]
 [500.]
 [500.]
 [500.]
 [500.]
 [500.]
 [500.]
 [500.]
 [500.]
 [500.]
 [500.]
 [500.]
 [500.]
 [500.]
 [500.]
 [500.]
 [500.]
 [500.]
 [500.]
 [500.]
 [500.]
 [500.]
 [500.]
 [500.]]
Ch: [[0.9775149  0.83674714 0.34077728 1.23731782 0.62999357 0.50944611
  1.19497212 0.36524266 0.61127114 0.80172738 0.74739962]
 [0.8983202  0.60526712 0.30641833 0.30452416 0.45268426 0.92590056
  1.57712342 1.05525034 0.32776956 0.4957321  0.95448243]
 [0.51224047 0.86164085 0.56372355 0.32953336 1.18218701 0.76967073
  0.47803294 0.77504639 0.32164629 0.33523017 0.34124654]
 [1.53587016 1.22459494 1.31301948 1.42554839 0.95089699 0.49582722
  0.96099597 0.62227375 0.58141047 1.03053664 1.03358615]
 [0.91710599 0.67730409 1.32045212 0.36751833 0.47525038 1.11415821
  1.11778509 0.72020406 0.65559828 0.35281023 1.35486456]
 [1.36494455 0.68701457 0.50543959 0.55628653 0.39495551 0.38227979
  1.03423862 0.64441159 0.46262124 1.01722825 0.42245524]
 [1.16209738 0.97697377 1.32629847 0.51725884 0.33528003 0.59801921
  0.90236812 0.51250809 0.8654668  0.30066187 1.31362077]
 [0.38316591 1.10507595 0.99928343 1.38850402 0.84036502 0.54311018
  0.33682813 0.38491785 0.41847827 0.40937988 0.33763545]
 [0.53115334 0.75005496 1.69834896 1.2786447  0.32632257 0.56255384
  0.78859318 1.47129156 0.53234538 0.60678346 0.30792084]
 [0.60319599 0.41198286 1.4703423  0.47688057 0.71978016 0.34323241
  0.44865218 1.64674755 0.54509619 0.3443419  0.50115594]]
Cv: [[0.         0.         0.         0.         0.         0.
  0.         0.         0.         0.        ]
 [0.71480674 1.24207301 0.34000233 1.12705047 0.57324138 0.33461594
  0.30412463 1.56997744 0.81340687 1.54336368]
 [0.43437683 0.3113053  0.47413859 0.4970348  0.57526712 1.28343784
  1.09865898 0.53846667 0.44508368 1.01001977]
 [1.11604705 0.51402576 0.4387793  0.31467336 1.17939351 1.22737818
  0.8693312  0.4935539  0.61264296 1.33768347]
 [1.34383078 0.47461945 1.44729429 0.3041027  0.4659213  0.3213038
  0.91891039 0.51809429 0.52814415 0.36612532]
 [0.920575   0.93921189 1.02880969 0.3015997  0.7530026  1.33722427
  0.63421229 0.45673752 0.70342124 0.51131446]
 [1.39659722 0.43364445 0.71559386 0.52648264 0.30113401 0.97392926
  1.46488705 0.35149492 0.38228957 0.58925253]
 [0.58049586 1.32330246 1.22148506 0.62340581 0.43931482 0.62774034
  0.38065961 1.29002131 0.33537487 0.47641141]
 [0.6655592  1.49585411 1.07262254 0.85396159 1.56602663 0.41053591
  1.61348068 0.6269419  0.37711253 0.40672353]
 [0.63472208 0.30620739 0.60034555 0.76765937 1.30477625 0.59860145
  0.4966357  1.67469986 0.31894397 0.33282768]]
Rh: [[ 4.99585904 10.3726797   1.93802316 14.91238796  7.50082993  3.06924281
  10.5454323   1.13078021  1.26883265  2.77885789  6.70921396]
 [ 2.98648161  9.32470231  4.40747643  2.04596232  5.7341837  17.9677801
   8.52833198  1.10121984 18.9460477  10.74582542 14.44303044]
 [18.6940177  10.39336773  1.30118719  2.75563088  1.22385862  1.40400038
   4.43623432  8.47583438  1.02891417  3.14546122  2.40632769]
 [13.39482865 16.06512651 16.69380975 16.32560496 13.33802128  5.08651758
  14.96513462  8.05966323  8.22863858 10.86238625 10.18162986]
 [ 8.96632753  3.27874172  7.60512967  3.86328634 10.25629835  6.64407138
   7.98933781  6.22702615  6.23794814  8.24059486  6.44792689]
 [ 4.60752806 10.92932308  5.64626016  5.94858671  2.90252203  2.86244733
   1.04831011 17.2849853   2.91791481  3.68687973  8.23359083]
 [10.46577246 10.87858746  2.31319223  6.11307583 12.15898676  6.51784428
   6.71591962  2.33357349 12.05344604  4.70501306  4.0138401 ]
 [ 2.51015278  2.36375623  2.13863108  1.67954471  6.45723671  2.66308669
   2.30514113  2.4499486   3.89918585 15.74285988  7.00429262]
 [ 1.61894103  2.30681725  8.04927503  1.29608815  4.16148183  7.90636601
  12.28631011 17.54970092 13.45219062  4.65169044  1.16974553]
 [13.98193487  5.54060707  5.69760266  1.41105598  9.29215449  8.2826239
   1.5074097  16.11081306  5.55026261  2.20040833 12.10163956]]
Rv: [[ 9.24399802  4.67282215  4.20079807  9.6493821   4.66845992  1.20415216
   3.22083334  6.32662535  1.33105213  1.23656549]
 [10.32137931  9.88251242  7.20810307  2.08799796  7.54038495  4.41166244
   2.21476984 12.9747418   1.04071861  3.3854957 ]
 [ 2.37663717  1.98861766  2.92675233  3.1193123   7.91096354  1.05181939
   3.57843994  1.12015896  3.09212366  1.90728895]
 [ 1.5582795   8.48487443  5.76418542  2.52254912  5.92238955  1.61413882
   3.5769713   1.00355914  1.95557308  5.8892991 ]
 [ 8.83437285  9.42273665  8.75653083  4.02224385  6.63092279  7.65457794
  10.21155132  4.71257617  6.25552852  3.73776937]
 [ 8.75357986  2.82892772  1.43040698  1.75098798  2.28471963  1.91752128
   2.67406611 11.03890743  1.3054614   5.39186494]
 [ 9.27196401  2.06671213 16.06117065  2.73629378 13.69466529 14.76821568
   3.88638949 10.85607162  5.33159379  5.45949966]
 [ 6.39883546  8.15999383  1.39582519  5.4549286   6.78754483 17.1684625
   3.78526492  9.84414116  1.86369334  6.61945309]
 [15.03570093  1.277772   11.63795303  3.7156347   2.17437647  3.56166616
  16.18502929  8.07524027 11.75985203  2.42403078]]