-------Running parameters--------
T = 0.0
gap = 0
M = 10
N = 10
VR = 0.0
Vmin = 0.0
Vmax = 4.0
vStep = 0.01
vSym = False
repeats = 20
fileName = array_10_10_c_disorder_run_4
dist = exp
fullOutput = True
use_graph = False
current_map = True
plot_current_map = False
plot_binary_current_map = False
dbg = False
resume = False
sc = False
leaping = False
constQ = False
modifyR = False
output_folder = 2d_array_bgu_different_disorder
params_path = 
VG_avg = 0.0
VG_std = 0.0
C_avg = 1.0
C_std = 0.7
CG_avg = 10.0
CG_std = 0.0
R_avg = 10.0
R_std = 0.0
custom_rh = ""
custom_rv = ""
custom_ch = ""
custom_cv = ""
RG_avg = 500.0
RG_std = 0.0
n0_avg = 0.0
n0_std = 0.0
Q0_avg = 0.0
Q0_std = 0.0
----Array Parameters-----
Rows: 10
Columns: 10
VG: [[0.]
 [0.]
 [0.]
 [0.]
 [0.]
 [0.]
 [0.]
 [0.]
 [0.]
 [0.]
 [0.]
 [0.]
 [0.]
 [0.]
 [0.]
 [0.]
 [0.]
 [0.]
 [0.]
 [0.]
 [0.]
 [0.]
 [0.]
 [0.]
 [0.]
 [0.]
 [0.]
 [0.]
 [0.]
 [0.]
 [0.]
 [0.]
 [0.]
 [0.]
 [0.]
 [0.]
 [0.]
 [0.]
 [0.]
 [0.]
 [0.]
 [0.]
 [0.]
 [0.]
 [0.]
 [0.]
 [0.]
 [0.]
 [0.]
 [0.]
 [0.]
 [0.]
 [0.]
 [0.]
 [0.]
 [0.]
 [0.]
 [0.]
 [0.]
 [0.]
 [0.]
 [0.]
 [0.]
 [0.]
 [0.]
 [0.]
 [0.]
 [0.]
 [0.]
 [0.]
 [0.]
 [0.]
 [0.]
 [0.]
 [0.]
 [0.]
 [0.]
 [0.]
 [0.]
 [0.]
 [0.]
 [0.]
 [0.]
 [0.]
 [0.]
 [0.]
 [0.]
 [0.]
 [0.]
 [0.]
 [0.]
 [0.]
 [0.]
 [0.]
 [0.]
 [0.]
 [0.]
 [0.]
 [0.]
 [0.]]
CG: [[10.]
 [10.]
 [10.]
 [10.]
 [10.]
 [10.]
 [10.]
 [10.]
 [10.]
 [10.]
 [10.]
 [10.]
 [10.]
 [10.]
 [10.]
 [10.]
 [10.]
 [10.]
 [10.]
 [10.]
 [10.]
 [10.]
 [10.]
 [10.]
 [10.]
 [10.]
 [10.]
 [10.]
 [10.]
 [10.]
 [10.]
 [10.]
 [10.]
 [10.]
 [10.]
 [10.]
 [10.]
 [10.]
 [10.]
 [10.]
 [10.]
 [10.]
 [10.]
 [10.]
 [10.]
 [10.]
 [10.]
 [10.]
 [10.]
 [10.]
 [10.]
 [10.]
 [10.]
 [10.]
 [10.]
 [10.]
 [10.]
 [10.]
 [10.]
 [10.]
 [10.]
 [10.]
 [10.]
 [10.]
 [10.]
 [10.]
 [10.]
 [10.]
 [10.]
 [10.]
 [10.]
 [10.]
 [10.]
 [10.]
 [10.]
 [10.]
 [10.]
 [10.]
 [10.]
 [10.]
 [10.]
 [10.]
 [10.]
 [10.]
 [10.]
 [10.]
 [10.]
 [10.]
 [10.]
 [10.]
 [10.]
 [10.]
 [10.]
 [10.]
 [10.]
 [10.]
 [10.]
 [10.]
 [10.]
 [10.]]
RG: [[500.]
 [500.]
 [500.]
 [500.]
 [500.]
 [500.]
 [500.]
 [500.]
 [500.]
 [500.]
 [500.]
 [500.]
 [500.]
 [500.]
 [500.]
 [500.]
 [500.]
 [500.]
 [500.]
 [500.]
 [500.]
 [500.]
 [500.]
 [500.]
 [500.]
 [500.]
 [500.]
 [500.]
 [500.]
 [500.]
 [500.]
 [500.]
 [500.]
 [500.]
 [500.]
 [500.]
 [500.]
 [500.]
 [500.]
 [500.]
 [500.]
 [500.]
 [500.]
 [500.]
 [500.]
 [500.]
 [500.]
 [500.]
 [500.]
 [500.]
 [500.]
 [500.]
 [500.]
 [500.]
 [500.]
 [500.]
 [500.]
 [500.]
 [500.]
 [500.]
 [500.]
 [500.]
 [500.]
 [500.]
 [500.]
 [500.]
 [500.]
 [500.]
 [500.]
 [500.]
 [500.]
 [500.]
 [500.]
 [500.]
 [500.]
 [500.]
 [500.]
 [500.]
 [500.]
 [500.]
 [500.]
 [500.]
 [500.]
 [500.]
 [500.]
 [500.]
 [500.]
 [500.]
 [500.]
 [500.]
 [500.]
 [500.]
 [500.]
 [500.]
 [500.]
 [500.]
 [500.]
 [500.]
 [500.]
 [500.]]
Ch: [[0.45792445 1.57406863 0.41950078 0.69230196 0.69792015 0.33073852
  1.55580381 0.61270026 0.41150202 0.96212931 0.44380349]
 [0.32113173 0.33529356 1.69331635 0.46467686 1.07373892 0.69306038
  0.63111152 0.41907082 0.70245082 1.04747577 0.31251269]
 [0.33931844 0.35092438 0.72174012 0.63596532 0.37345027 0.56177878
  0.4873918  0.44197366 0.36222966 1.47018726 0.42877922]
 [0.56340171 0.94339983 1.07403057 1.4248419  1.00621642 0.33168706
  0.46474503 1.50957236 1.53530124 0.35081387 0.67342074]
 [0.5046385  0.36554806 0.62047322 0.34242309 1.42510908 0.33226928
  0.36188641 1.31078692 0.36046345 0.82359931 0.3510798 ]
 [1.16438737 0.43645672 0.688851   0.59966387 0.93553335 1.69464058
  0.81667095 1.57375213 0.32079932 0.97078024 0.77426799]
 [0.9609735  0.7995889  0.63860535 0.64810836 0.98043235 1.42316678
  0.73370381 1.2026408  0.55552035 1.14334597 0.35144271]
 [0.31104256 1.3506648  0.39932132 0.66936827 0.7541823  0.71891278
  0.45782268 0.77829481 0.50861435 0.30193951 0.50940457]
 [0.5519224  1.18152226 1.60628881 1.68787406 0.75092335 0.88084949
  0.61577312 0.86530626 0.93738694 0.35251262 0.43433439]
 [0.762284   0.48643808 1.05297    0.79398873 0.82228925 0.6124629
  1.49510241 0.40731387 1.43289954 0.49329811 0.64053398]]
Cv: [[0.         0.         0.         0.         0.         0.
  0.         0.         0.         0.        ]
 [1.49984199 0.7603936  0.78022906 0.99545004 0.70276015 0.31210229
  0.7398634  0.39717685 0.97298726 0.66646936]
 [0.32630062 0.64486842 0.43753579 1.06291324 0.62108374 1.04885092
  1.35534054 1.5268321  0.94114199 0.35290299]
 [1.16506918 0.82744197 0.3869457  0.73976285 0.79942338 1.2457049
  0.54392592 1.00580414 1.07768925 0.66279266]
 [1.68286196 1.67437408 0.70737918 0.71309594 1.01266231 0.4061198
  1.43014585 1.03353234 0.48611997 0.85424854]
 [0.52114084 0.76914516 0.47634339 0.74512642 0.53321577 0.94752963
  0.79108857 0.55880027 1.07390866 1.10030543]
 [0.38217063 0.71887768 1.09611397 1.13505938 0.72795251 0.57397411
  1.20030995 0.31925267 1.57159923 0.34667771]
 [0.30717222 0.40691301 0.51275842 0.71303637 1.10070961 1.22671261
  0.75326483 1.06947776 0.97924908 1.28040289]
 [0.40821056 0.47093986 0.46211498 0.84432641 1.15826735 0.50781012
  0.6672337  0.9818997  0.72925086 0.34713194]
 [0.81107093 0.98475885 0.48724831 0.34711591 0.48102745 0.33285466
  1.53804024 1.46456663 0.30531606 0.37600276]]
Rh: [[10. 10. 10. 10. 10. 10. 10. 10. 10. 10. 10.]
 [10. 10. 10. 10. 10. 10. 10. 10. 10. 10. 10.]
 [10. 10. 10. 10. 10. 10. 10. 10. 10. 10. 10.]
 [10. 10. 10. 10. 10. 10. 10. 10. 10. 10. 10.]
 [10. 10. 10. 10. 10. 10. 10. 10. 10. 10. 10.]
 [10. 10. 10. 10. 10. 10. 10. 10. 10. 10. 10.]
 [10. 10. 10. 10. 10. 10. 10. 10. 10. 10. 10.]
 [10. 10. 10. 10. 10. 10. 10. 10. 10. 10. 10.]
 [10. 10. 10. 10. 10. 10. 10. 10. 10. 10. 10.]
 [10. 10. 10. 10. 10. 10. 10. 10. 10. 10. 10.]]
Rv: [[10. 10. 10. 10. 10. 10. 10. 10. 10. 10.]
 [10. 10. 10. 10. 10. 10. 10. 10. 10. 10.]
 [10. 10. 10. 10. 10. 10. 10. 10. 10. 10.]
 [10. 10. 10. 10. 10. 10. 10. 10. 10. 10.]
 [10. 10. 10. 10. 10. 10. 10. 10. 10. 10.]
 [10. 10. 10. 10. 10. 10. 10. 10. 10. 10.]
 [10. 10. 10. 10. 10. 10. 10. 10. 10. 10.]
 [10. 10. 10. 10. 10. 10. 10. 10. 10. 10.]
 [10. 10. 10. 10. 10. 10. 10. 10. 10. 10.]]