-------Running parameters--------
T = 0.0
gap = 0
M = 10
N = 10
VR = 0.0
Vmin = 0.0
Vmax = 4.0
vStep = 0.01
vSym = False
repeats = 20
fileName = array_10_10_cg_disorder_run_3
dist = exp
fullOutput = True
use_graph = False
current_map = True
plot_current_map = False
plot_binary_current_map = False
dbg = False
resume = False
sc = False
leaping = False
constQ = False
modifyR = False
output_folder = 2d_array_bgu_different_disorder
params_path = 
VG_avg = 0.0
VG_std = 0.0
C_avg = 1.0
C_std = 0.0
CG_avg = 10.0
CG_std = 5.0
R_avg = 10.0
R_std = 0.0
custom_rh = ""
custom_rv = ""
custom_ch = ""
custom_cv = ""
RG_avg = 500.0
RG_std = 0.0
n0_avg = 0.0
n0_std = 0.0
Q0_avg = 0.0
Q0_std = 0.0
----Array Parameters-----
Rows: 10
Columns: 10
VG: [[0.]
 [0.]
 [0.]
 [0.]
 [0.]
 [0.]
 [0.]
 [0.]
 [0.]
 [0.]
 [0.]
 [0.]
 [0.]
 [0.]
 [0.]
 [0.]
 [0.]
 [0.]
 [0.]
 [0.]
 [0.]
 [0.]
 [0.]
 [0.]
 [0.]
 [0.]
 [0.]
 [0.]
 [0.]
 [0.]
 [0.]
 [0.]
 [0.]
 [0.]
 [0.]
 [0.]
 [0.]
 [0.]
 [0.]
 [0.]
 [0.]
 [0.]
 [0.]
 [0.]
 [0.]
 [0.]
 [0.]
 [0.]
 [0.]
 [0.]
 [0.]
 [0.]
 [0.]
 [0.]
 [0.]
 [0.]
 [0.]
 [0.]
 [0.]
 [0.]
 [0.]
 [0.]
 [0.]
 [0.]
 [0.]
 [0.]
 [0.]
 [0.]
 [0.]
 [0.]
 [0.]
 [0.]
 [0.]
 [0.]
 [0.]
 [0.]
 [0.]
 [0.]
 [0.]
 [0.]
 [0.]
 [0.]
 [0.]
 [0.]
 [0.]
 [0.]
 [0.]
 [0.]
 [0.]
 [0.]
 [0.]
 [0.]
 [0.]
 [0.]
 [0.]
 [0.]
 [0.]
 [0.]
 [0.]
 [0.]]
CG: [[ 7.70079397]
 [ 9.13228478]
 [14.26572432]
 [ 8.88966973]
 [10.26645589]
 [ 5.84770248]
 [ 5.3339589 ]
 [ 8.5125321 ]
 [ 7.28854182]
 [11.28211666]
 [ 5.1949551 ]
 [ 9.12312162]
 [12.79355964]
 [ 6.02478156]
 [14.77053078]
 [ 7.48278779]
 [14.32073548]
 [ 9.5842084 ]
 [ 5.35260274]
 [ 9.50658398]
 [ 5.50571218]
 [10.23553091]
 [ 8.99441785]
 [10.08074179]
 [ 9.06873561]
 [ 6.65921342]
 [11.38376882]
 [ 7.73480303]
 [ 8.09784869]
 [ 6.7285321 ]
 [ 8.80729507]
 [ 6.83349843]
 [13.07362509]
 [11.93523325]
 [ 5.33888318]
 [ 7.209544  ]
 [12.24166791]
 [ 8.19958375]
 [11.79530075]
 [10.15885806]
 [ 7.2201811 ]
 [ 9.15501701]
 [ 9.73791737]
 [ 7.62898525]
 [ 6.839425  ]
 [13.81094137]
 [14.87630476]
 [ 8.00882807]
 [ 6.58243701]
 [12.72346751]
 [10.11262742]
 [13.04062443]
 [13.7201182 ]
 [ 5.02562389]
 [13.65298097]
 [ 7.77002269]
 [ 8.71461947]
 [ 8.8837043 ]
 [11.90743245]
 [14.94486426]
 [ 6.43886228]
 [11.76488499]
 [ 6.34802655]
 [ 8.69473273]
 [ 6.06127981]
 [ 8.22766887]
 [ 9.68933631]
 [14.56729834]
 [ 6.82632684]
 [11.0584383 ]
 [11.62901153]
 [ 7.43854245]
 [ 6.10253526]
 [ 5.80254484]
 [12.6248827 ]
 [12.028507  ]
 [14.12104715]
 [ 6.16805137]
 [ 5.35464029]
 [ 7.54192647]
 [ 7.44886169]
 [ 6.44735953]
 [ 5.66185301]
 [ 6.2046606 ]
 [ 8.9660736 ]
 [13.20457634]
 [ 8.06074233]
 [ 5.76941629]
 [ 9.51710909]
 [ 8.04638734]
 [ 7.56904041]
 [14.30089419]
 [ 6.12479741]
 [ 5.90996441]
 [14.13821582]
 [ 5.26098851]
 [ 7.58874815]
 [ 8.53192754]
 [11.86891445]
 [ 5.72003792]]
RG: [[500.]
 [500.]
 [500.]
 [500.]
 [500.]
 [500.]
 [500.]
 [500.]
 [500.]
 [500.]
 [500.]
 [500.]
 [500.]
 [500.]
 [500.]
 [500.]
 [500.]
 [500.]
 [500.]
 [500.]
 [500.]
 [500.]
 [500.]
 [500.]
 [500.]
 [500.]
 [500.]
 [500.]
 [500.]
 [500.]
 [500.]
 [500.]
 [500.]
 [500.]
 [500.]
 [500.]
 [500.]
 [500.]
 [500.]
 [500.]
 [500.]
 [500.]
 [500.]
 [500.]
 [500.]
 [500.]
 [500.]
 [500.]
 [500.]
 [500.]
 [500.]
 [500.]
 [500.]
 [500.]
 [500.]
 [500.]
 [500.]
 [500.]
 [500.]
 [500.]
 [500.]
 [500.]
 [500.]
 [500.]
 [500.]
 [500.]
 [500.]
 [500.]
 [500.]
 [500.]
 [500.]
 [500.]
 [500.]
 [500.]
 [500.]
 [500.]
 [500.]
 [500.]
 [500.]
 [500.]
 [500.]
 [500.]
 [500.]
 [500.]
 [500.]
 [500.]
 [500.]
 [500.]
 [500.]
 [500.]
 [500.]
 [500.]
 [500.]
 [500.]
 [500.]
 [500.]
 [500.]
 [500.]
 [500.]
 [500.]]
Ch: [[1. 1. 1. 1. 1. 1. 1. 1. 1. 1. 1.]
 [1. 1. 1. 1. 1. 1. 1. 1. 1. 1. 1.]
 [1. 1. 1. 1. 1. 1. 1. 1. 1. 1. 1.]
 [1. 1. 1. 1. 1. 1. 1. 1. 1. 1. 1.]
 [1. 1. 1. 1. 1. 1. 1. 1. 1. 1. 1.]
 [1. 1. 1. 1. 1. 1. 1. 1. 1. 1. 1.]
 [1. 1. 1. 1. 1. 1. 1. 1. 1. 1. 1.]
 [1. 1. 1. 1. 1. 1. 1. 1. 1. 1. 1.]
 [1. 1. 1. 1. 1. 1. 1. 1. 1. 1. 1.]
 [1. 1. 1. 1. 1. 1. 1. 1. 1. 1. 1.]]
Cv: [[0. 0. 0. 0. 0. 0. 0. 0. 0. 0.]
 [1. 1. 1. 1. 1. 1. 1. 1. 1. 1.]
 [1. 1. 1. 1. 1. 1. 1. 1. 1. 1.]
 [1. 1. 1. 1. 1. 1. 1. 1. 1. 1.]
 [1. 1. 1. 1. 1. 1. 1. 1. 1. 1.]
 [1. 1. 1. 1. 1. 1. 1. 1. 1. 1.]
 [1. 1. 1. 1. 1. 1. 1. 1. 1. 1.]
 [1. 1. 1. 1. 1. 1. 1. 1. 1. 1.]
 [1. 1. 1. 1. 1. 1. 1. 1. 1. 1.]
 [1. 1. 1. 1. 1. 1. 1. 1. 1. 1.]]
Rh: [[10. 10. 10. 10. 10. 10. 10. 10. 10. 10. 10.]
 [10. 10. 10. 10. 10. 10. 10. 10. 10. 10. 10.]
 [10. 10. 10. 10. 10. 10. 10. 10. 10. 10. 10.]
 [10. 10. 10. 10. 10. 10. 10. 10. 10. 10. 10.]
 [10. 10. 10. 10. 10. 10. 10. 10. 10. 10. 10.]
 [10. 10. 10. 10. 10. 10. 10. 10. 10. 10. 10.]
 [10. 10. 10. 10. 10. 10. 10. 10. 10. 10. 10.]
 [10. 10. 10. 10. 10. 10. 10. 10. 10. 10. 10.]
 [10. 10. 10. 10. 10. 10. 10. 10. 10. 10. 10.]
 [10. 10. 10. 10. 10. 10. 10. 10. 10. 10. 10.]]
Rv: [[10. 10. 10. 10. 10. 10. 10. 10. 10. 10.]
 [10. 10. 10. 10. 10. 10. 10. 10. 10. 10.]
 [10. 10. 10. 10. 10. 10. 10. 10. 10. 10.]
 [10. 10. 10. 10. 10. 10. 10. 10. 10. 10.]
 [10. 10. 10. 10. 10. 10. 10. 10. 10. 10.]
 [10. 10. 10. 10. 10. 10. 10. 10. 10. 10.]
 [10. 10. 10. 10. 10. 10. 10. 10. 10. 10.]
 [10. 10. 10. 10. 10. 10. 10. 10. 10. 10.]
 [10. 10. 10. 10. 10. 10. 10. 10. 10. 10.]]