-------Running parameters--------
T = 0.0
gap = 0
M = 10
N = 10
VR = 0.0
Vmin = 0.0
Vmax = 4.0
vStep = 0.01
vSym = False
repeats = 20
fileName = array_10_10_r_disorder_run_5
dist = exp
fullOutput = True
use_graph = False
current_map = True
plot_current_map = False
plot_binary_current_map = False
dbg = False
resume = False
sc = False
leaping = False
constQ = False
modifyR = False
output_folder = 2d_array_bgu_different_disorder
params_path = 
VG_avg = 0.0
VG_std = 0.0
C_avg = 1.0
C_std = 0.0
CG_avg = 10.0
CG_std = 0.0
R_avg = 10.0
R_std = 9.0
custom_rh = ""
custom_rv = ""
custom_ch = ""
custom_cv = ""
RG_avg = 500.0
RG_std = 0.0
n0_avg = 0.0
n0_std = 0.0
Q0_avg = 0.0
Q0_std = 0.0
----Array Parameters-----
Rows: 10
Columns: 10
VG: [[0.]
 [0.]
 [0.]
 [0.]
 [0.]
 [0.]
 [0.]
 [0.]
 [0.]
 [0.]
 [0.]
 [0.]
 [0.]
 [0.]
 [0.]
 [0.]
 [0.]
 [0.]
 [0.]
 [0.]
 [0.]
 [0.]
 [0.]
 [0.]
 [0.]
 [0.]
 [0.]
 [0.]
 [0.]
 [0.]
 [0.]
 [0.]
 [0.]
 [0.]
 [0.]
 [0.]
 [0.]
 [0.]
 [0.]
 [0.]
 [0.]
 [0.]
 [0.]
 [0.]
 [0.]
 [0.]
 [0.]
 [0.]
 [0.]
 [0.]
 [0.]
 [0.]
 [0.]
 [0.]
 [0.]
 [0.]
 [0.]
 [0.]
 [0.]
 [0.]
 [0.]
 [0.]
 [0.]
 [0.]
 [0.]
 [0.]
 [0.]
 [0.]
 [0.]
 [0.]
 [0.]
 [0.]
 [0.]
 [0.]
 [0.]
 [0.]
 [0.]
 [0.]
 [0.]
 [0.]
 [0.]
 [0.]
 [0.]
 [0.]
 [0.]
 [0.]
 [0.]
 [0.]
 [0.]
 [0.]
 [0.]
 [0.]
 [0.]
 [0.]
 [0.]
 [0.]
 [0.]
 [0.]
 [0.]
 [0.]]
CG: [[10.]
 [10.]
 [10.]
 [10.]
 [10.]
 [10.]
 [10.]
 [10.]
 [10.]
 [10.]
 [10.]
 [10.]
 [10.]
 [10.]
 [10.]
 [10.]
 [10.]
 [10.]
 [10.]
 [10.]
 [10.]
 [10.]
 [10.]
 [10.]
 [10.]
 [10.]
 [10.]
 [10.]
 [10.]
 [10.]
 [10.]
 [10.]
 [10.]
 [10.]
 [10.]
 [10.]
 [10.]
 [10.]
 [10.]
 [10.]
 [10.]
 [10.]
 [10.]
 [10.]
 [10.]
 [10.]
 [10.]
 [10.]
 [10.]
 [10.]
 [10.]
 [10.]
 [10.]
 [10.]
 [10.]
 [10.]
 [10.]
 [10.]
 [10.]
 [10.]
 [10.]
 [10.]
 [10.]
 [10.]
 [10.]
 [10.]
 [10.]
 [10.]
 [10.]
 [10.]
 [10.]
 [10.]
 [10.]
 [10.]
 [10.]
 [10.]
 [10.]
 [10.]
 [10.]
 [10.]
 [10.]
 [10.]
 [10.]
 [10.]
 [10.]
 [10.]
 [10.]
 [10.]
 [10.]
 [10.]
 [10.]
 [10.]
 [10.]
 [10.]
 [10.]
 [10.]
 [10.]
 [10.]
 [10.]
 [10.]]
RG: [[500.]
 [500.]
 [500.]
 [500.]
 [500.]
 [500.]
 [500.]
 [500.]
 [500.]
 [500.]
 [500.]
 [500.]
 [500.]
 [500.]
 [500.]
 [500.]
 [500.]
 [500.]
 [500.]
 [500.]
 [500.]
 [500.]
 [500.]
 [500.]
 [500.]
 [500.]
 [500.]
 [500.]
 [500.]
 [500.]
 [500.]
 [500.]
 [500.]
 [500.]
 [500.]
 [500.]
 [500.]
 [500.]
 [500.]
 [500.]
 [500.]
 [500.]
 [500.]
 [500.]
 [500.]
 [500.]
 [500.]
 [500.]
 [500.]
 [500.]
 [500.]
 [500.]
 [500.]
 [500.]
 [500.]
 [500.]
 [500.]
 [500.]
 [500.]
 [500.]
 [500.]
 [500.]
 [500.]
 [500.]
 [500.]
 [500.]
 [500.]
 [500.]
 [500.]
 [500.]
 [500.]
 [500.]
 [500.]
 [500.]
 [500.]
 [500.]
 [500.]
 [500.]
 [500.]
 [500.]
 [500.]
 [500.]
 [500.]
 [500.]
 [500.]
 [500.]
 [500.]
 [500.]
 [500.]
 [500.]
 [500.]
 [500.]
 [500.]
 [500.]
 [500.]
 [500.]
 [500.]
 [500.]
 [500.]
 [500.]]
Ch: [[1. 1. 1. 1. 1. 1. 1. 1. 1. 1. 1.]
 [1. 1. 1. 1. 1. 1. 1. 1. 1. 1. 1.]
 [1. 1. 1. 1. 1. 1. 1. 1. 1. 1. 1.]
 [1. 1. 1. 1. 1. 1. 1. 1. 1. 1. 1.]
 [1. 1. 1. 1. 1. 1. 1. 1. 1. 1. 1.]
 [1. 1. 1. 1. 1. 1. 1. 1. 1. 1. 1.]
 [1. 1. 1. 1. 1. 1. 1. 1. 1. 1. 1.]
 [1. 1. 1. 1. 1. 1. 1. 1. 1. 1. 1.]
 [1. 1. 1. 1. 1. 1. 1. 1. 1. 1. 1.]
 [1. 1. 1. 1. 1. 1. 1. 1. 1. 1. 1.]]
Cv: [[0. 0. 0. 0. 0. 0. 0. 0. 0. 0.]
 [1. 1. 1. 1. 1. 1. 1. 1. 1. 1.]
 [1. 1. 1. 1. 1. 1. 1. 1. 1. 1.]
 [1. 1. 1. 1. 1. 1. 1. 1. 1. 1.]
 [1. 1. 1. 1. 1. 1. 1. 1. 1. 1.]
 [1. 1. 1. 1. 1. 1. 1. 1. 1. 1.]
 [1. 1. 1. 1. 1. 1. 1. 1. 1. 1.]
 [1. 1. 1. 1. 1. 1. 1. 1. 1. 1.]
 [1. 1. 1. 1. 1. 1. 1. 1. 1. 1.]
 [1. 1. 1. 1. 1. 1. 1. 1. 1. 1.]]
Rh: [[12.36980419  1.41958628  1.25140903  1.73127878 12.64587749  2.88342692
   4.06965511 12.98476838  7.01923432  2.29344712  5.03308002]
 [ 3.65603275 18.33775878  8.57906947  1.29239685  5.90281932 15.15876646
   1.3725519   1.05358518  6.45256906  2.12515837  3.99947546]
 [13.04930735  1.49226114  8.27263581 15.37696949  3.52165842  9.87479358
   4.96395277 17.43786863  2.11476503 17.10371443 16.67787055]
 [ 6.18609662 11.36208791  1.10891485  1.0782126   5.02885292 12.42349137
   6.28369779  4.00722568 16.11657482  2.44817112 11.0507867 ]
 [ 3.09654472  6.72136716  1.71538769  9.31071504  1.41128118  4.77144486
   1.27775531  8.72262403  3.02776198  1.48497492  1.96634485]
 [ 4.91264929  2.17150162 15.3418929   2.55578236  9.6329406   2.2368433
   5.6812457   1.23717815  2.28366044 17.08347714  3.00101656]
 [ 2.52566527  2.33101803  1.67558669 18.23188895  1.95533394  9.64675771
   6.0144124   4.21620838  2.77555473  4.92687537  2.09754846]
 [ 9.5824549  16.00273695  2.68475541 10.10445906 13.55442297  1.12990182
   2.05332323  1.73900967  5.67892573 10.19058505  1.54213298]
 [ 9.33054271  2.79265609  6.85667582  1.21030644  9.76968855  2.5351694
   4.57612773  2.85706507  9.3256817   4.94712607  1.6915203 ]
 [ 6.88771494  1.35001077  1.44281292  6.18741893  6.77089879  2.23423469
   6.82640576  1.81496117 12.29624094 16.12837019  1.17874126]]
Rv: [[ 4.29624533  1.3809243   2.24965363 18.48018645  1.82054939 18.86988734
  11.25570239  1.06798162  7.86202157 18.27572722]
 [16.14229218  3.04872577 15.09347742  8.31834205  1.19099113  3.82043698
   1.27496869  8.71706189  3.80922473  3.39536987]
 [ 1.58332666  1.06399188  5.50225802  1.64819267  1.9393686   1.4984695
  11.56356135 13.67587422  6.10412723  7.05141375]
 [ 1.34624089 11.4834247   3.39259897  2.32812481  7.47646456  3.04383353
   1.12310636  2.17476255  3.05672161  6.54356077]
 [ 8.6465259   1.55393645  1.43182564  1.68312449 11.7598455  15.85189121
   5.37554628  6.45578823 18.83693683  5.71439992]
 [11.64338638  1.99390706  8.36304893  3.66901084 13.35034341  1.57454525
   3.12258973 14.12465301  5.22019957 14.89496358]
 [13.28245338  2.01745664  1.33568172 15.36013917 12.82924272  1.75864165
   5.22477736  1.22088951  8.48094596  1.43660012]
 [ 4.97762282  1.35954451 11.45055809  3.54895976  2.15883062 15.29605587
  14.24704948  2.78600439  1.37929345 12.97748344]
 [ 7.3135203  18.48971567  3.46648233  2.01013073 15.35869445  2.60886213
   1.20869317  8.57574269  3.03658761  1.97398108]]