-------Running parameters--------
T = 0.0
gap = 0
M = 10
N = 10
VR = 0.0
Vmin = 0.0
Vmax = 4.0
vStep = 0.01
vSym = False
repeats = 20
fileName = array_10_10_r_vg_disorder_run_4
dist = exp
fullOutput = True
use_graph = False
current_map = True
plot_current_map = False
plot_binary_current_map = False
dbg = False
resume = False
sc = False
leaping = False
constQ = False
modifyR = False
output_folder = 2d_array_bgu_different_disorder
params_path = 
VG_avg = 0.0
VG_std = 5.0
C_avg = 1.0
C_std = 0.0
CG_avg = 10.0
CG_std = 0.0
R_avg = 10.0
R_std = 9.0
custom_rh = ""
custom_rv = ""
custom_ch = ""
custom_cv = ""
RG_avg = 500.0
RG_std = 0.0
n0_avg = 0.0
n0_std = 0.0
Q0_avg = 0.0
Q0_std = 0.0
----Array Parameters-----
Rows: 10
Columns: 10
VG: [[ 2.61217391]
 [ 2.84647199]
 [-4.99594471]
 [-4.79497697]
 [-2.07462021]
 [-0.45935619]
 [-3.80522886]
 [-2.60513191]
 [-0.40926751]
 [-3.34024626]
 [-0.1470564 ]
 [ 1.00162147]
 [-3.32577367]
 [-0.49916255]
 [ 2.16005306]
 [ 3.14689616]
 [-3.07784029]
 [ 2.79684713]
 [ 2.59347394]
 [ 4.92139115]
 [-2.70216517]
 [ 2.12175112]
 [-2.23984226]
 [ 1.76072593]
 [-4.45458025]
 [ 4.38117973]
 [-4.00778309]
 [ 4.89050522]
 [ 0.25297515]
 [ 2.27634694]
 [-1.52463046]
 [-1.91453167]
 [ 4.2193943 ]
 [ 0.91901596]
 [-2.7415231 ]
 [ 0.49444148]
 [-0.34366774]
 [ 2.41032147]
 [ 4.56255449]
 [ 0.06930622]
 [ 1.8321515 ]
 [-3.75215415]
 [ 2.61574156]
 [ 2.35245067]
 [-4.59655632]
 [ 3.75087438]
 [-1.12053621]
 [-4.05278906]
 [ 0.90508478]
 [-4.29242654]
 [ 3.97551686]
 [-4.89924333]
 [-4.6771315 ]
 [ 2.33524961]
 [-1.48210482]
 [-4.17918788]
 [-1.47308279]
 [ 0.76141835]
 [-3.38707725]
 [-3.48838538]
 [-1.91043061]
 [-4.07334124]
 [-4.47689155]
 [ 2.74908223]
 [ 1.53598544]
 [-4.38008702]
 [-0.83960471]
 [-0.04612577]
 [ 1.17153756]
 [-0.9116115 ]
 [ 3.45227207]
 [ 0.47444095]
 [ 4.20801695]
 [-2.42845223]
 [ 0.19419887]
 [ 2.87842565]
 [-3.31457739]
 [ 0.12491197]
 [-1.36318888]
 [-0.29167597]
 [ 1.65159139]
 [-0.01355092]
 [ 2.86107887]
 [ 2.12052593]
 [ 1.92421315]
 [-1.39369919]
 [-4.44496036]
 [ 1.60227098]
 [-3.9599867 ]
 [ 2.34434112]
 [ 0.38967814]
 [-0.34488415]
 [ 3.90697802]
 [-1.05062326]
 [ 2.29107377]
 [-1.23378475]
 [-1.80571013]
 [ 2.1916314 ]
 [ 3.26294466]
 [ 1.93863948]]
CG: [[10.]
 [10.]
 [10.]
 [10.]
 [10.]
 [10.]
 [10.]
 [10.]
 [10.]
 [10.]
 [10.]
 [10.]
 [10.]
 [10.]
 [10.]
 [10.]
 [10.]
 [10.]
 [10.]
 [10.]
 [10.]
 [10.]
 [10.]
 [10.]
 [10.]
 [10.]
 [10.]
 [10.]
 [10.]
 [10.]
 [10.]
 [10.]
 [10.]
 [10.]
 [10.]
 [10.]
 [10.]
 [10.]
 [10.]
 [10.]
 [10.]
 [10.]
 [10.]
 [10.]
 [10.]
 [10.]
 [10.]
 [10.]
 [10.]
 [10.]
 [10.]
 [10.]
 [10.]
 [10.]
 [10.]
 [10.]
 [10.]
 [10.]
 [10.]
 [10.]
 [10.]
 [10.]
 [10.]
 [10.]
 [10.]
 [10.]
 [10.]
 [10.]
 [10.]
 [10.]
 [10.]
 [10.]
 [10.]
 [10.]
 [10.]
 [10.]
 [10.]
 [10.]
 [10.]
 [10.]
 [10.]
 [10.]
 [10.]
 [10.]
 [10.]
 [10.]
 [10.]
 [10.]
 [10.]
 [10.]
 [10.]
 [10.]
 [10.]
 [10.]
 [10.]
 [10.]
 [10.]
 [10.]
 [10.]
 [10.]]
RG: [[500.]
 [500.]
 [500.]
 [500.]
 [500.]
 [500.]
 [500.]
 [500.]
 [500.]
 [500.]
 [500.]
 [500.]
 [500.]
 [500.]
 [500.]
 [500.]
 [500.]
 [500.]
 [500.]
 [500.]
 [500.]
 [500.]
 [500.]
 [500.]
 [500.]
 [500.]
 [500.]
 [500.]
 [500.]
 [500.]
 [500.]
 [500.]
 [500.]
 [500.]
 [500.]
 [500.]
 [500.]
 [500.]
 [500.]
 [500.]
 [500.]
 [500.]
 [500.]
 [500.]
 [500.]
 [500.]
 [500.]
 [500.]
 [500.]
 [500.]
 [500.]
 [500.]
 [500.]
 [500.]
 [500.]
 [500.]
 [500.]
 [500.]
 [500.]
 [500.]
 [500.]
 [500.]
 [500.]
 [500.]
 [500.]
 [500.]
 [500.]
 [500.]
 [500.]
 [500.]
 [500.]
 [500.]
 [500.]
 [500.]
 [500.]
 [500.]
 [500.]
 [500.]
 [500.]
 [500.]
 [500.]
 [500.]
 [500.]
 [500.]
 [500.]
 [500.]
 [500.]
 [500.]
 [500.]
 [500.]
 [500.]
 [500.]
 [500.]
 [500.]
 [500.]
 [500.]
 [500.]
 [500.]
 [500.]
 [500.]]
Ch: [[1. 1. 1. 1. 1. 1. 1. 1. 1. 1. 1.]
 [1. 1. 1. 1. 1. 1. 1. 1. 1. 1. 1.]
 [1. 1. 1. 1. 1. 1. 1. 1. 1. 1. 1.]
 [1. 1. 1. 1. 1. 1. 1. 1. 1. 1. 1.]
 [1. 1. 1. 1. 1. 1. 1. 1. 1. 1. 1.]
 [1. 1. 1. 1. 1. 1. 1. 1. 1. 1. 1.]
 [1. 1. 1. 1. 1. 1. 1. 1. 1. 1. 1.]
 [1. 1. 1. 1. 1. 1. 1. 1. 1. 1. 1.]
 [1. 1. 1. 1. 1. 1. 1. 1. 1. 1. 1.]
 [1. 1. 1. 1. 1. 1. 1. 1. 1. 1. 1.]]
Cv: [[0. 0. 0. 0. 0. 0. 0. 0. 0. 0.]
 [1. 1. 1. 1. 1. 1. 1. 1. 1. 1.]
 [1. 1. 1. 1. 1. 1. 1. 1. 1. 1.]
 [1. 1. 1. 1. 1. 1. 1. 1. 1. 1.]
 [1. 1. 1. 1. 1. 1. 1. 1. 1. 1.]
 [1. 1. 1. 1. 1. 1. 1. 1. 1. 1.]
 [1. 1. 1. 1. 1. 1. 1. 1. 1. 1.]
 [1. 1. 1. 1. 1. 1. 1. 1. 1. 1.]
 [1. 1. 1. 1. 1. 1. 1. 1. 1. 1.]
 [1. 1. 1. 1. 1. 1. 1. 1. 1. 1.]]
Rh: [[11.33738075  1.57335559  2.96541495  3.65703487 10.49930201  2.03791046
  16.06074961  2.02499717  4.41350729 14.09954871  7.32232796]
 [ 3.60846685 11.28829553  1.03271883  1.01142612  2.46693847 11.54146023
   2.53610393  9.73026041  3.85927225  3.93215107  1.22636976]
 [10.93973323  2.27228422  5.21955924  1.25834728  7.7909681   8.37734779
   1.24144031  9.70058168  3.75498912  6.24147629  3.27104064]
 [ 1.46986504  1.3397139  10.98914872  8.09882554  4.09696391  2.83090552
   1.46085245  6.83637072  9.46972413 12.09656271  1.37373218]
 [ 2.02081123  3.06131699  6.08897408  1.31611804 15.47690455  1.00638352
  18.30959674  7.65472381 16.30109612  9.44109205 15.18994129]
 [ 2.16091847  1.04089311  6.47115847 13.19238005  8.22306554  1.04090871
   4.22075154 13.84813829  9.83478797  7.9163959   1.40637301]
 [11.9889787   6.81719512  1.65359081 16.10812123  1.57399309  4.53529806
   1.64253562 17.94218492  4.37497993  5.40351572  1.99091708]
 [ 1.01554614  5.86093523  1.51425007  5.67208757  3.21171883  2.16595276
  13.86295496 14.10985686 12.60691677 10.22388236  1.59659916]
 [ 2.77350955 11.95834925  4.69993456 16.46917988  6.90671096  5.81709701
  10.82889016  1.56046754  1.01221458  1.04305794  1.20379118]
 [ 1.92975697  3.6920363   8.94302521  1.3468044   9.33111136  3.46388233
  11.53828388  1.41682723  1.25230375  5.54028261  1.69673885]]
Rv: [[13.70132798  6.45818573  6.0582482   6.15554289 10.04133935  3.44092877
   8.83119348  3.28698385  1.20626728  2.71000711]
 [ 1.80588101  9.23706142  8.45611119  2.48721073 10.91662754  1.1726066
   2.34133807  8.01533901  3.00597471  3.81847714]
 [ 3.32323722  1.64443193  1.61114505  7.73087598  4.17887261  1.21951608
   4.81815225 12.19554351 15.85262221  1.13671741]
 [ 2.48801769  3.90638215  3.20826342  1.6840769  14.77536057  7.52478062
   3.91164599  1.78117981  2.02065783  2.49498998]
 [ 1.68928711  1.00400785  5.40751776  1.52511536  1.05608725 12.05806115
   3.64428693  9.52492852  4.03509488  2.18210055]
 [ 6.29782967  2.83365751  2.77078568  2.65152769  5.26973974  1.42235561
   1.84198118  1.19505717  5.46232106  5.17285903]
 [ 4.05707676  7.6761571   5.13626763 13.40351878  3.80063673  4.54658136
   2.35723905 15.22533558  6.47699481  2.17591867]
 [ 3.34030389  3.17387524  6.54521185  6.06295468  2.13834929  4.87911307
   3.07410973  2.36556957  4.81592217  4.84000272]
 [ 9.31766985 12.7985057  13.14182854  1.09332875  8.03716568  4.9701569
   8.48838955 18.66658541  4.42848718 18.08692486]]