-------Running parameters--------
T = 0.0
gap = 0
M = 10
N = 10
VR = 0.0
Vmin = 0.0
Vmax = 4.0
vStep = 0.01
vSym = False
repeats = 20
fileName = array_10_10_r_c_disorder_run_3
dist = exp
fullOutput = True
use_graph = False
current_map = True
plot_current_map = False
plot_binary_current_map = False
dbg = False
resume = False
sc = False
leaping = False
constQ = False
modifyR = False
output_folder = 2d_array_bgu_different_disorder
params_path = 
VG_avg = 0.0
VG_std = 0.0
C_avg = 1.0
C_std = 0.7
CG_avg = 10.0
CG_std = 0.0
R_avg = 10.0
R_std = 9.0
custom_rh = ""
custom_rv = ""
custom_ch = ""
custom_cv = ""
RG_avg = 500.0
RG_std = 0.0
n0_avg = 0.0
n0_std = 0.0
Q0_avg = 0.0
Q0_std = 0.0
----Array Parameters-----
Rows: 10
Columns: 10
VG: [[0.]
 [0.]
 [0.]
 [0.]
 [0.]
 [0.]
 [0.]
 [0.]
 [0.]
 [0.]
 [0.]
 [0.]
 [0.]
 [0.]
 [0.]
 [0.]
 [0.]
 [0.]
 [0.]
 [0.]
 [0.]
 [0.]
 [0.]
 [0.]
 [0.]
 [0.]
 [0.]
 [0.]
 [0.]
 [0.]
 [0.]
 [0.]
 [0.]
 [0.]
 [0.]
 [0.]
 [0.]
 [0.]
 [0.]
 [0.]
 [0.]
 [0.]
 [0.]
 [0.]
 [0.]
 [0.]
 [0.]
 [0.]
 [0.]
 [0.]
 [0.]
 [0.]
 [0.]
 [0.]
 [0.]
 [0.]
 [0.]
 [0.]
 [0.]
 [0.]
 [0.]
 [0.]
 [0.]
 [0.]
 [0.]
 [0.]
 [0.]
 [0.]
 [0.]
 [0.]
 [0.]
 [0.]
 [0.]
 [0.]
 [0.]
 [0.]
 [0.]
 [0.]
 [0.]
 [0.]
 [0.]
 [0.]
 [0.]
 [0.]
 [0.]
 [0.]
 [0.]
 [0.]
 [0.]
 [0.]
 [0.]
 [0.]
 [0.]
 [0.]
 [0.]
 [0.]
 [0.]
 [0.]
 [0.]
 [0.]]
CG: [[10.]
 [10.]
 [10.]
 [10.]
 [10.]
 [10.]
 [10.]
 [10.]
 [10.]
 [10.]
 [10.]
 [10.]
 [10.]
 [10.]
 [10.]
 [10.]
 [10.]
 [10.]
 [10.]
 [10.]
 [10.]
 [10.]
 [10.]
 [10.]
 [10.]
 [10.]
 [10.]
 [10.]
 [10.]
 [10.]
 [10.]
 [10.]
 [10.]
 [10.]
 [10.]
 [10.]
 [10.]
 [10.]
 [10.]
 [10.]
 [10.]
 [10.]
 [10.]
 [10.]
 [10.]
 [10.]
 [10.]
 [10.]
 [10.]
 [10.]
 [10.]
 [10.]
 [10.]
 [10.]
 [10.]
 [10.]
 [10.]
 [10.]
 [10.]
 [10.]
 [10.]
 [10.]
 [10.]
 [10.]
 [10.]
 [10.]
 [10.]
 [10.]
 [10.]
 [10.]
 [10.]
 [10.]
 [10.]
 [10.]
 [10.]
 [10.]
 [10.]
 [10.]
 [10.]
 [10.]
 [10.]
 [10.]
 [10.]
 [10.]
 [10.]
 [10.]
 [10.]
 [10.]
 [10.]
 [10.]
 [10.]
 [10.]
 [10.]
 [10.]
 [10.]
 [10.]
 [10.]
 [10.]
 [10.]
 [10.]]
RG: [[500.]
 [500.]
 [500.]
 [500.]
 [500.]
 [500.]
 [500.]
 [500.]
 [500.]
 [500.]
 [500.]
 [500.]
 [500.]
 [500.]
 [500.]
 [500.]
 [500.]
 [500.]
 [500.]
 [500.]
 [500.]
 [500.]
 [500.]
 [500.]
 [500.]
 [500.]
 [500.]
 [500.]
 [500.]
 [500.]
 [500.]
 [500.]
 [500.]
 [500.]
 [500.]
 [500.]
 [500.]
 [500.]
 [500.]
 [500.]
 [500.]
 [500.]
 [500.]
 [500.]
 [500.]
 [500.]
 [500.]
 [500.]
 [500.]
 [500.]
 [500.]
 [500.]
 [500.]
 [500.]
 [500.]
 [500.]
 [500.]
 [500.]
 [500.]
 [500.]
 [500.]
 [500.]
 [500.]
 [500.]
 [500.]
 [500.]
 [500.]
 [500.]
 [500.]
 [500.]
 [500.]
 [500.]
 [500.]
 [500.]
 [500.]
 [500.]
 [500.]
 [500.]
 [500.]
 [500.]
 [500.]
 [500.]
 [500.]
 [500.]
 [500.]
 [500.]
 [500.]
 [500.]
 [500.]
 [500.]
 [500.]
 [500.]
 [500.]
 [500.]
 [500.]
 [500.]
 [500.]
 [500.]
 [500.]
 [500.]]
Ch: [[0.34940281 1.12259932 1.01240868 0.34790271 0.94465173 1.02972651
  0.77940734 0.56892108 0.49115761 0.77334135 0.76681747]
 [0.39227148 0.5655506  0.45455512 1.43770764 0.58994704 0.65044154
  0.45473838 0.66440753 0.3314559  0.70659275 0.7621798 ]
 [0.42893031 0.45771189 0.97873829 0.43572346 0.8227077  0.8708929
  0.72900461 0.33427418 0.55431968 1.32974927 0.49864378]
 [0.58932721 0.8551348  0.717452   1.57726598 0.41271153 1.10298685
  0.65861585 0.88823911 1.10947982 0.62785265 1.63355281]
 [1.67928121 0.33718338 0.8798462  0.35755479 1.10377588 0.32704063
  1.11185692 0.30935228 0.49296311 1.28566702 0.82690067]
 [0.37015231 0.31613511 0.84332555 0.67428225 0.35173674 0.4818784
  1.48169169 1.23650695 0.59498898 0.3494065  0.73348215]
 [0.82924793 1.10469257 0.31049607 1.16490296 0.53224193 0.66111305
  0.34159813 1.21891189 1.56872594 0.38240519 0.5428494 ]
 [0.33239881 0.69145226 0.63458484 1.57230408 0.33022969 0.40170133
  0.56063304 1.51668776 1.17590001 0.32179185 0.93432689]
 [1.0478005  0.8386036  0.8530427  0.73926164 0.5522376  0.87747953
  1.42317846 0.73456168 0.59923237 1.47714942 0.50934397]
 [0.4967956  0.34318744 0.71003988 0.42100768 0.37459884 0.31035533
  1.43380179 0.57041079 0.73889259 1.18032875 0.68364268]]
Cv: [[0.         0.         0.         0.         0.         0.
  0.         0.         0.         0.        ]
 [0.62719058 1.69114195 0.82103996 1.10307737 1.16357347 0.37519065
  1.20880409 0.73005868 0.31218409 0.49710916]
 [1.65954817 0.41087792 0.32576508 1.29435863 1.4108155  0.65311462
  0.414052   0.75903097 0.79678058 0.62322857]
 [0.42214109 1.39194612 0.3233904  1.53574096 0.45954044 0.67641228
  1.62019238 0.64064685 1.1615959  0.83171187]
 [0.35875799 0.38185103 0.6951003  0.402705   0.72789092 0.83545909
  0.9357832  1.64548515 0.66016027 0.69503746]
 [0.95166693 0.41811541 1.19112766 0.50201848 0.4681855  0.4776884
  0.31259243 0.74172757 1.24305478 0.43185859]
 [0.85441272 0.99669418 1.16934119 1.29636389 0.55764105 0.32035808
  0.72360412 1.63921957 0.3035862  0.51934889]
 [1.21673009 0.76087915 0.37697929 1.37472012 0.93420521 1.19667843
  1.31469316 0.92226046 0.66004623 0.34670251]
 [0.93102577 0.39240269 1.04463766 1.19866515 1.57711158 0.51983529
  1.42339988 1.44300098 0.30681698 0.54721251]
 [0.59798539 0.84642636 1.32130417 0.60614809 1.21202056 1.56288878
  1.09273647 1.01570805 0.51004768 0.30433605]]
Rh: [[16.2331802  10.24182577  1.11469209  2.4486825   1.62066434 10.71293636
   6.4886464   2.66737107  5.4986726   1.50832691  4.25124407]
 [ 3.68720994  8.19415413  1.51597824  1.22656652  3.89720343  1.4641711
   1.10712345  2.34478752  2.10250125 12.78153708  2.83625583]
 [ 4.86315137  1.62070152  2.30536538  2.57998769  1.05922849 18.14104069
   7.91541826  8.08951257 12.33319647  1.45302888  3.92046112]
 [ 8.35659204  2.12821292  5.49078442  1.34233784 16.72515421  2.19862364
   4.96456812 11.36727317  1.40853457 17.15148997  9.26536774]
 [ 3.05445435  3.75017961  1.23986354 10.70383475 18.61513564 13.85441369
   3.45244029 12.46208827  4.63463905  5.36043163  3.10881989]
 [ 1.20685742  4.94757378  1.33910531  1.32734014  5.56556014 16.50524835
   1.35774161 16.88545124  7.13049095  5.7282955   5.67701951]
 [ 8.96080154  1.19588222 17.53608556  2.55262925  1.44290788  1.62780592
   1.16697108  2.27512016  9.98681841 18.25961631  1.49060607]
 [ 4.12668727  8.07081023  2.05778185  1.26013075  9.97027058  1.14834056
   1.04187336  5.34048552  1.35561615  1.70845592  2.16594176]
 [14.20764884 13.15009887  4.75314928  1.92777299  1.77061902  2.93467214
   3.69467397  2.13614769  1.02989699  9.36450933 11.7961234 ]
 [15.47155559 17.17528469  3.5429633   3.13293067 14.99708656 18.56771693
   1.46050324  7.05251531 12.21300843 11.49235567 11.63516005]]
Rv: [[17.44930988  4.55551541  9.01993695  3.9274205  14.2008797   5.66282041
   1.08986498  9.31665441  1.12432929  1.46694642]
 [ 1.08085212  2.71214588  1.02006489  2.0569188   5.59561353  7.64939679
   1.12092152  2.62379607  5.11449911  2.03726527]
 [ 6.23306363  4.13406847  9.0118533   4.05765906  4.3282839  15.65153765
   3.0011198   3.02097739  1.55141315  2.87747791]
 [ 4.89801499  1.06826098  1.85543367  1.38272615  1.04059349 17.48313083
   3.94681653  2.95627931 18.58495174  3.94880711]
 [ 2.3252306  14.85061153  2.37053281  9.91253382  1.15854653 15.0627213
   1.01879817 11.69856964  3.01931021  6.15081245]
 [ 1.55314977 17.33609136  1.46887189  3.76730778 10.23409032 16.95180819
  18.92020658  1.27575957 11.46954795  5.73592567]
 [ 1.50364212  1.84282734  1.43588749 15.24972729  3.74794049  3.65986992
   7.73057628  1.5816084   4.82842277 11.14797918]
 [ 2.87482787 10.61031823 14.94789665 16.83994766  3.74973462  2.02114661
  10.22888337  2.42401075  1.08800876 13.06530845]
 [ 1.42734063  9.17592258  6.6374463   9.24503204 17.45952999  2.86720076
  12.96255431  2.28072551  1.26508666  2.86487036]]