-------Running parameters--------
T = 0.0
gap = 0
M = 10
N = 10
VR = 0.0
Vmin = 0.0
Vmax = 4.0
vStep = 0.01
vSym = False
repeats = 20
fileName = array_10_10_r_cg_disorder_run_2
dist = exp
fullOutput = True
use_graph = False
current_map = True
plot_current_map = False
plot_binary_current_map = False
dbg = False
resume = False
sc = False
leaping = False
constQ = False
modifyR = False
output_folder = 2d_array_bgu_different_disorder
params_path = 
VG_avg = 0.0
VG_std = 0.0
C_avg = 1.0
C_std = 0.0
CG_avg = 10.0
CG_std = 5.0
R_avg = 10.0
R_std = 9.0
custom_rh = ""
custom_rv = ""
custom_ch = ""
custom_cv = ""
RG_avg = 500.0
RG_std = 0.0
n0_avg = 0.0
n0_std = 0.0
Q0_avg = 0.0
Q0_std = 0.0
----Array Parameters-----
Rows: 10
Columns: 10
VG: [[0.]
 [0.]
 [0.]
 [0.]
 [0.]
 [0.]
 [0.]
 [0.]
 [0.]
 [0.]
 [0.]
 [0.]
 [0.]
 [0.]
 [0.]
 [0.]
 [0.]
 [0.]
 [0.]
 [0.]
 [0.]
 [0.]
 [0.]
 [0.]
 [0.]
 [0.]
 [0.]
 [0.]
 [0.]
 [0.]
 [0.]
 [0.]
 [0.]
 [0.]
 [0.]
 [0.]
 [0.]
 [0.]
 [0.]
 [0.]
 [0.]
 [0.]
 [0.]
 [0.]
 [0.]
 [0.]
 [0.]
 [0.]
 [0.]
 [0.]
 [0.]
 [0.]
 [0.]
 [0.]
 [0.]
 [0.]
 [0.]
 [0.]
 [0.]
 [0.]
 [0.]
 [0.]
 [0.]
 [0.]
 [0.]
 [0.]
 [0.]
 [0.]
 [0.]
 [0.]
 [0.]
 [0.]
 [0.]
 [0.]
 [0.]
 [0.]
 [0.]
 [0.]
 [0.]
 [0.]
 [0.]
 [0.]
 [0.]
 [0.]
 [0.]
 [0.]
 [0.]
 [0.]
 [0.]
 [0.]
 [0.]
 [0.]
 [0.]
 [0.]
 [0.]
 [0.]
 [0.]
 [0.]
 [0.]
 [0.]]
CG: [[ 6.7916098 ]
 [13.44301707]
 [ 9.93199005]
 [14.21377205]
 [ 9.39821089]
 [ 9.06831952]
 [ 9.6151739 ]
 [ 5.81424426]
 [11.20357173]
 [ 8.68111809]
 [ 5.0429874 ]
 [13.74627034]
 [10.22690555]
 [11.40958208]
 [ 8.5929853 ]
 [ 5.10868305]
 [13.05125758]
 [ 9.37006145]
 [ 6.20992351]
 [ 5.41027147]
 [ 5.92156533]
 [14.8960469 ]
 [11.73705493]
 [10.25022713]
 [ 9.82605252]
 [10.09463919]
 [ 6.22762627]
 [10.37245301]
 [13.76214248]
 [13.52189225]
 [ 5.45400751]
 [10.0482328 ]
 [10.50639683]
 [ 8.09256357]
 [ 8.02471022]
 [ 5.14993723]
 [ 6.8218023 ]
 [ 5.75184477]
 [ 6.36597093]
 [ 5.49148593]
 [ 7.42110557]
 [ 5.95314574]
 [10.38355393]
 [13.25500175]
 [10.58536913]
 [ 6.775768  ]
 [ 7.10910889]
 [ 6.13631636]
 [12.90107109]
 [ 5.99185016]
 [13.58365823]
 [ 8.02493048]
 [ 9.79560252]
 [ 9.76321575]
 [10.54728467]
 [10.85116769]
 [ 6.38902157]
 [ 7.97070217]
 [11.52456824]
 [10.11746136]
 [ 6.15444823]
 [ 6.89162422]
 [ 8.00184376]
 [ 5.78545998]
 [ 6.30403403]
 [ 8.58540652]
 [10.03287206]
 [ 8.48812849]
 [14.96703283]
 [ 6.36112207]
 [ 6.66254013]
 [ 8.41972269]
 [13.95224708]
 [ 7.97534798]
 [ 8.13299468]
 [ 7.09240392]
 [10.52665711]
 [ 6.95559514]
 [ 7.59744037]
 [ 6.50984638]
 [ 7.39591305]
 [ 6.35036188]
 [ 6.85325185]
 [ 9.62463834]
 [10.28426506]
 [ 5.16214748]
 [ 7.36977357]
 [ 8.47225935]
 [13.85250633]
 [ 9.21846787]
 [ 6.73421541]
 [ 8.86872194]
 [ 8.40563327]
 [10.71046035]
 [ 5.12335041]
 [ 6.77254628]
 [ 8.06157549]
 [ 7.20434101]
 [ 7.54589088]
 [12.24442191]]
RG: [[500.]
 [500.]
 [500.]
 [500.]
 [500.]
 [500.]
 [500.]
 [500.]
 [500.]
 [500.]
 [500.]
 [500.]
 [500.]
 [500.]
 [500.]
 [500.]
 [500.]
 [500.]
 [500.]
 [500.]
 [500.]
 [500.]
 [500.]
 [500.]
 [500.]
 [500.]
 [500.]
 [500.]
 [500.]
 [500.]
 [500.]
 [500.]
 [500.]
 [500.]
 [500.]
 [500.]
 [500.]
 [500.]
 [500.]
 [500.]
 [500.]
 [500.]
 [500.]
 [500.]
 [500.]
 [500.]
 [500.]
 [500.]
 [500.]
 [500.]
 [500.]
 [500.]
 [500.]
 [500.]
 [500.]
 [500.]
 [500.]
 [500.]
 [500.]
 [500.]
 [500.]
 [500.]
 [500.]
 [500.]
 [500.]
 [500.]
 [500.]
 [500.]
 [500.]
 [500.]
 [500.]
 [500.]
 [500.]
 [500.]
 [500.]
 [500.]
 [500.]
 [500.]
 [500.]
 [500.]
 [500.]
 [500.]
 [500.]
 [500.]
 [500.]
 [500.]
 [500.]
 [500.]
 [500.]
 [500.]
 [500.]
 [500.]
 [500.]
 [500.]
 [500.]
 [500.]
 [500.]
 [500.]
 [500.]
 [500.]]
Ch: [[1. 1. 1. 1. 1. 1. 1. 1. 1. 1. 1.]
 [1. 1. 1. 1. 1. 1. 1. 1. 1. 1. 1.]
 [1. 1. 1. 1. 1. 1. 1. 1. 1. 1. 1.]
 [1. 1. 1. 1. 1. 1. 1. 1. 1. 1. 1.]
 [1. 1. 1. 1. 1. 1. 1. 1. 1. 1. 1.]
 [1. 1. 1. 1. 1. 1. 1. 1. 1. 1. 1.]
 [1. 1. 1. 1. 1. 1. 1. 1. 1. 1. 1.]
 [1. 1. 1. 1. 1. 1. 1. 1. 1. 1. 1.]
 [1. 1. 1. 1. 1. 1. 1. 1. 1. 1. 1.]
 [1. 1. 1. 1. 1. 1. 1. 1. 1. 1. 1.]]
Cv: [[0. 0. 0. 0. 0. 0. 0. 0. 0. 0.]
 [1. 1. 1. 1. 1. 1. 1. 1. 1. 1.]
 [1. 1. 1. 1. 1. 1. 1. 1. 1. 1.]
 [1. 1. 1. 1. 1. 1. 1. 1. 1. 1.]
 [1. 1. 1. 1. 1. 1. 1. 1. 1. 1.]
 [1. 1. 1. 1. 1. 1. 1. 1. 1. 1.]
 [1. 1. 1. 1. 1. 1. 1. 1. 1. 1.]
 [1. 1. 1. 1. 1. 1. 1. 1. 1. 1.]
 [1. 1. 1. 1. 1. 1. 1. 1. 1. 1.]
 [1. 1. 1. 1. 1. 1. 1. 1. 1. 1.]]
Rh: [[14.15449544  1.53353518 18.76145806  2.5081974   1.51396222  1.46888005
   1.75639366  1.93553631 10.76620728  6.6565573  13.65004592]
 [ 4.65557464  9.76826208  1.20895689  9.33340271  2.77508614 11.83331473
  10.93136     4.05142699  2.72019039  9.04851997  1.20519245]
 [13.98032271  4.0343167   1.53551872  9.09643884 13.53762023  4.6187172
   3.2457399  10.17325763 16.29778182 17.97217525  1.10028804]
 [ 6.94101977  1.63461676 13.63826076 17.5335385  15.90006469  3.99019573
   4.52591752  5.46691243  9.01179137  4.88929272  1.076385  ]
 [ 3.47366147  2.85540791  1.79444177  4.99125018  5.6803973   2.40178165
   2.8717976   3.67343849  1.86831953  2.98617377 14.27137067]
 [13.20582031  1.89997248  8.19447747  7.68916693  1.61558184 18.39450726
   1.31488328  6.29729012  5.29530581  5.93727926 10.10269821]
 [17.94135307  4.95317516  1.75114669 12.52393678  4.00858983  7.67579796
  11.38723363  9.02827574  1.65512275  4.31802819  1.03303812]
 [ 2.06788611  9.5008586   2.44826654  1.52077078  2.27516601  9.81707686
   3.33393038  3.87368306 13.6531111   3.73021415  1.08087609]
 [10.4748077  12.14288568  7.82312449  3.03083048 18.55763302  6.68307846
   2.53272135  1.65790234  1.93926566  1.38501986 18.42633315]
 [ 8.4869684  14.89343675  4.89614582  2.07520062  7.54627531  7.61351648
  18.63595394  4.27026515  1.22426896  3.26316718  3.57916613]]
Rv: [[ 2.10899499 18.96803234  5.60805581  9.5301279   1.96906973  3.90159897
  16.64846172  2.19859013  1.39050035  2.4698651 ]
 [ 8.55861884  2.95830024  4.91628726  1.97948225  6.18139274  2.83250877
   1.08504827  5.06138101  2.9009219   4.25778012]
 [ 1.57915997  1.10912958  1.40859457 15.81012164  1.4694046   3.79870887
   1.00262435  1.90299659 13.96687882 14.52651465]
 [ 1.84735972  1.50822077  2.27130197 16.26135916  1.8408092   7.59102024
   1.57157236  1.10550147  6.67449253  1.18439462]
 [ 7.29969385  1.75811166  3.65850298  2.18253367  1.20127086  3.13142479
   1.13489924  1.52590667  9.74797842  1.25569707]
 [ 3.34478501  1.34613994  1.34836155  1.70786448  1.3462992  15.55934159
   3.80569701  8.94786731  9.30269343  2.2313771 ]
 [ 3.43062821 16.54945188  9.13636581  4.61282822 14.1267797   3.05857809
   2.78495857  3.67381847 17.65752499  2.31810306]
 [ 9.72656634 10.04301954  4.03336896  2.44058177  1.80616954  1.88103129
   8.87917862  5.25732379  6.8986415   1.12674602]
 [ 4.24504478  6.80669225  1.77280179  1.07429198  4.08827672  5.93087087
   2.76438826 16.87205677  1.97673546  1.41980091]]