-------Running parameters--------
T = 0.0
gap = 0
M = 10
N = 10
VR = 0.0
Vmin = 0.0
Vmax = 4.0
vStep = 0.01
vSym = False
repeats = 20
fileName = array_10_10_cg_c_disorder_run_2
dist = exp
fullOutput = True
use_graph = False
current_map = True
plot_current_map = False
plot_binary_current_map = False
dbg = False
resume = False
sc = False
leaping = False
constQ = False
modifyR = False
output_folder = 2d_array_bgu_different_disorder
params_path = 
VG_avg = 0.0
VG_std = 0.0
C_avg = 1.0
C_std = 0.7
CG_avg = 10.0
CG_std = 5.0
R_avg = 10.0
R_std = 0.0
custom_rh = ""
custom_rv = ""
custom_ch = ""
custom_cv = ""
RG_avg = 500.0
RG_std = 0.0
n0_avg = 0.0
n0_std = 0.0
Q0_avg = 0.0
Q0_std = 0.0
----Array Parameters-----
Rows: 10
Columns: 10
VG: [[0.]
 [0.]
 [0.]
 [0.]
 [0.]
 [0.]
 [0.]
 [0.]
 [0.]
 [0.]
 [0.]
 [0.]
 [0.]
 [0.]
 [0.]
 [0.]
 [0.]
 [0.]
 [0.]
 [0.]
 [0.]
 [0.]
 [0.]
 [0.]
 [0.]
 [0.]
 [0.]
 [0.]
 [0.]
 [0.]
 [0.]
 [0.]
 [0.]
 [0.]
 [0.]
 [0.]
 [0.]
 [0.]
 [0.]
 [0.]
 [0.]
 [0.]
 [0.]
 [0.]
 [0.]
 [0.]
 [0.]
 [0.]
 [0.]
 [0.]
 [0.]
 [0.]
 [0.]
 [0.]
 [0.]
 [0.]
 [0.]
 [0.]
 [0.]
 [0.]
 [0.]
 [0.]
 [0.]
 [0.]
 [0.]
 [0.]
 [0.]
 [0.]
 [0.]
 [0.]
 [0.]
 [0.]
 [0.]
 [0.]
 [0.]
 [0.]
 [0.]
 [0.]
 [0.]
 [0.]
 [0.]
 [0.]
 [0.]
 [0.]
 [0.]
 [0.]
 [0.]
 [0.]
 [0.]
 [0.]
 [0.]
 [0.]
 [0.]
 [0.]
 [0.]
 [0.]
 [0.]
 [0.]
 [0.]
 [0.]]
CG: [[10.00576856]
 [ 9.06320348]
 [ 6.02091071]
 [ 9.55153412]
 [11.51273937]
 [ 8.543302  ]
 [13.79802528]
 [ 9.38380272]
 [14.00502414]
 [ 5.68605937]
 [ 5.65507942]
 [12.6083212 ]
 [ 8.67597838]
 [ 6.83445012]
 [12.62269648]
 [10.43234026]
 [ 7.94386252]
 [13.91267753]
 [12.7711924 ]
 [10.23242648]
 [10.49567045]
 [ 7.84491737]
 [ 8.03582385]
 [ 8.95852981]
 [14.0436096 ]
 [ 6.60676558]
 [ 5.38832492]
 [12.76218936]
 [ 6.77517618]
 [ 5.94850273]
 [14.20376316]
 [ 7.19121553]
 [10.28729482]
 [10.79317331]
 [ 8.97609462]
 [ 5.64158297]
 [ 5.07932376]
 [14.05608151]
 [ 8.84473952]
 [ 5.17339319]
 [10.55738373]
 [11.87807591]
 [10.73479544]
 [ 7.65126988]
 [13.11803229]
 [ 7.69601139]
 [10.0575863 ]
 [ 5.08391922]
 [ 8.7009366 ]
 [11.281058  ]
 [ 7.52731667]
 [12.86225338]
 [ 5.37915343]
 [ 6.54839368]
 [ 7.67337715]
 [10.57655547]
 [ 9.23821694]
 [10.68229608]
 [ 8.94387203]
 [ 8.37618406]
 [ 6.43391655]
 [11.67480256]
 [ 6.34301143]
 [13.10211468]
 [ 6.38522817]
 [11.91511861]
 [14.90553309]
 [12.41501801]
 [11.49409189]
 [11.91525624]
 [ 9.07861092]
 [ 7.18859291]
 [ 6.38612705]
 [ 5.19136027]
 [11.76941038]
 [11.26396662]
 [ 5.95367309]
 [ 6.21675705]
 [ 5.63670237]
 [10.76423129]
 [11.19336302]
 [13.1453444 ]
 [10.40891307]
 [ 5.14619167]
 [ 9.05667871]
 [ 5.32735863]
 [ 5.57913455]
 [ 6.18435609]
 [ 9.90712879]
 [ 5.47912634]
 [ 8.0642761 ]
 [ 5.22292267]
 [ 7.83157486]
 [14.04831763]
 [ 5.1548864 ]
 [12.04618882]
 [ 9.17979565]
 [13.50773304]
 [ 8.39524076]
 [ 6.75279361]]
RG: [[500.]
 [500.]
 [500.]
 [500.]
 [500.]
 [500.]
 [500.]
 [500.]
 [500.]
 [500.]
 [500.]
 [500.]
 [500.]
 [500.]
 [500.]
 [500.]
 [500.]
 [500.]
 [500.]
 [500.]
 [500.]
 [500.]
 [500.]
 [500.]
 [500.]
 [500.]
 [500.]
 [500.]
 [500.]
 [500.]
 [500.]
 [500.]
 [500.]
 [500.]
 [500.]
 [500.]
 [500.]
 [500.]
 [500.]
 [500.]
 [500.]
 [500.]
 [500.]
 [500.]
 [500.]
 [500.]
 [500.]
 [500.]
 [500.]
 [500.]
 [500.]
 [500.]
 [500.]
 [500.]
 [500.]
 [500.]
 [500.]
 [500.]
 [500.]
 [500.]
 [500.]
 [500.]
 [500.]
 [500.]
 [500.]
 [500.]
 [500.]
 [500.]
 [500.]
 [500.]
 [500.]
 [500.]
 [500.]
 [500.]
 [500.]
 [500.]
 [500.]
 [500.]
 [500.]
 [500.]
 [500.]
 [500.]
 [500.]
 [500.]
 [500.]
 [500.]
 [500.]
 [500.]
 [500.]
 [500.]
 [500.]
 [500.]
 [500.]
 [500.]
 [500.]
 [500.]
 [500.]
 [500.]
 [500.]
 [500.]]
Ch: [[0.58628944 1.24107189 0.4986665  0.43397928 0.93288064 0.45263477
  0.66273284 0.91832744 0.30613395 0.34609576 0.81530524]
 [0.36009177 1.34382051 1.01460279 1.054102   0.60725498 1.63865302
  1.26491401 0.84196931 0.35345008 0.63991397 0.92950272]
 [0.62452506 0.47675001 0.8913806  1.23237473 0.56988735 0.43645577
  1.13491872 0.38409915 0.43761304 0.46267216 1.29181711]
 [0.53843356 0.78028867 1.1902357  0.57783193 1.01749846 0.40788552
  0.39365756 0.388613   1.55265935 1.69569313 0.98721368]
 [0.31932772 0.66852391 0.72997088 0.64344608 1.11166029 0.51688989
  0.33148858 0.52540774 0.89509657 1.04324466 1.64665815]
 [1.5792849  0.88676256 0.44024995 0.39052804 0.64712676 0.85233939
  0.4357723  0.31482398 0.53198235 0.77298524 0.59162634]
 [1.40858091 0.8154327  0.90580547 0.89019596 1.39140483 1.25923653
  0.41537742 1.01607642 0.5335084  0.56690638 0.34208127]
 [0.59892869 1.18881699 0.98067641 0.42063642 0.63174728 1.21552887
  1.21683975 0.7407368  1.14834098 0.9134622  0.45282312]
 [1.06024789 0.5334527  1.09106479 0.98765779 0.35859035 1.31075962
  0.61316853 0.53036524 0.39238771 0.71459266 0.62295177]
 [1.45841645 0.8359198  1.44729089 0.65438921 0.3915782  0.47910063
  1.58898977 0.6170215  0.47993595 0.98735747 1.46641823]]
Cv: [[0.         0.         0.         0.         0.         0.
  0.         0.         0.         0.        ]
 [0.49458585 0.34565405 0.438028   1.31741012 0.48251946 0.36210607
  0.8640762  0.81415055 1.35276115 0.61026257]
 [1.27920025 1.17697636 1.69805758 0.9553431  1.43733223 1.22405005
  0.80343216 0.53473746 1.13940039 0.38198703]
 [0.31455836 0.35480075 0.37551268 0.38769172 1.54971605 0.79762755
  0.41997275 0.54818236 0.93552259 1.14913107]
 [1.10989688 0.49885128 1.48107151 0.62798749 1.00247694 1.08989974
  0.55481652 0.44888304 1.19881507 1.38171073]
 [0.55273231 0.58760436 0.54102435 1.43210102 1.25151859 0.81395482
  0.40454177 0.35056502 0.32846509 0.3645646 ]
 [0.54551228 0.47303663 0.3218174  0.45310566 0.41754266 0.39777445
  1.01906312 0.70227625 1.24901108 0.94390506]
 [0.76442774 0.93352512 1.46274483 0.87619236 1.36745001 0.41201818
  1.16671624 0.52513069 0.390026   0.56779778]
 [0.90330784 0.38967066 0.34130157 0.38503701 1.47707421 0.36553233
  0.61680466 0.34191828 0.78977063 0.97038061]
 [0.36198276 1.04575352 1.25357167 0.92112949 0.37506905 0.38668654
  1.44049109 0.33207142 0.89523655 0.32352455]]
Rh: [[10. 10. 10. 10. 10. 10. 10. 10. 10. 10. 10.]
 [10. 10. 10. 10. 10. 10. 10. 10. 10. 10. 10.]
 [10. 10. 10. 10. 10. 10. 10. 10. 10. 10. 10.]
 [10. 10. 10. 10. 10. 10. 10. 10. 10. 10. 10.]
 [10. 10. 10. 10. 10. 10. 10. 10. 10. 10. 10.]
 [10. 10. 10. 10. 10. 10. 10. 10. 10. 10. 10.]
 [10. 10. 10. 10. 10. 10. 10. 10. 10. 10. 10.]
 [10. 10. 10. 10. 10. 10. 10. 10. 10. 10. 10.]
 [10. 10. 10. 10. 10. 10. 10. 10. 10. 10. 10.]
 [10. 10. 10. 10. 10. 10. 10. 10. 10. 10. 10.]]
Rv: [[10. 10. 10. 10. 10. 10. 10. 10. 10. 10.]
 [10. 10. 10. 10. 10. 10. 10. 10. 10. 10.]
 [10. 10. 10. 10. 10. 10. 10. 10. 10. 10.]
 [10. 10. 10. 10. 10. 10. 10. 10. 10. 10.]
 [10. 10. 10. 10. 10. 10. 10. 10. 10. 10.]
 [10. 10. 10. 10. 10. 10. 10. 10. 10. 10.]
 [10. 10. 10. 10. 10. 10. 10. 10. 10. 10.]
 [10. 10. 10. 10. 10. 10. 10. 10. 10. 10.]
 [10. 10. 10. 10. 10. 10. 10. 10. 10. 10.]]