-------Running parameters--------
T = 0.0
gap = 0
M = 10
N = 10
VR = 0.0
Vmin = 0.0
Vmax = 4.0
vStep = 0.01
vSym = False
repeats = 20
fileName = array_10_10_r_vg_disorder_run_1
dist = exp
fullOutput = True
use_graph = False
current_map = True
plot_current_map = False
plot_binary_current_map = False
dbg = False
resume = False
sc = False
leaping = False
constQ = False
modifyR = False
output_folder = 2d_array_bgu_different_disorder
params_path = 
VG_avg = 0.0
VG_std = 5.0
C_avg = 1.0
C_std = 0.0
CG_avg = 10.0
CG_std = 0.0
R_avg = 10.0
R_std = 9.0
custom_rh = ""
custom_rv = ""
custom_ch = ""
custom_cv = ""
RG_avg = 500.0
RG_std = 0.0
n0_avg = 0.0
n0_std = 0.0
Q0_avg = 0.0
Q0_std = 0.0
----Array Parameters-----
Rows: 10
Columns: 10
VG: [[-2.94077356]
 [-3.15392993]
 [ 4.09648097]
 [ 0.47597516]
 [-1.99017121]
 [ 0.17375826]
 [-1.21088076]
 [-1.80414731]
 [-4.10651876]
 [ 3.37378581]
 [ 0.70796019]
 [-4.82795905]
 [-1.20329405]
 [ 0.89755183]
 [ 4.61203253]
 [-1.53778142]
 [ 0.70014521]
 [ 2.5524947 ]
 [ 1.6014161 ]
 [ 1.41534504]
 [-4.05905653]
 [ 1.15262512]
 [ 3.10700599]
 [-4.32571994]
 [ 3.63276742]
 [ 3.58482785]
 [ 2.08607616]
 [ 0.23474755]
 [-0.00657833]
 [-1.32035983]
 [ 0.19003946]
 [-3.98061482]
 [ 2.54395499]
 [-2.69571684]
 [ 1.60461928]
 [-4.72287079]
 [ 0.49427629]
 [-0.1759615 ]
 [-0.0771786 ]
 [ 3.18621859]
 [-2.83618241]
 [ 4.89954132]
 [-1.22262007]
 [-1.80735516]
 [ 3.80467156]
 [ 1.5389405 ]
 [ 2.68056996]
 [-2.40738803]
 [ 3.77408482]
 [-4.07486963]
 [ 0.67682791]
 [ 0.21184776]
 [-1.24971375]
 [ 1.89193414]
 [-3.14047141]
 [ 4.341344  ]
 [ 1.49727378]
 [-4.27376626]
 [ 1.34510422]
 [ 0.95639036]
 [ 2.30750524]
 [-4.45024802]
 [-0.33565178]
 [ 0.54223889]
 [-1.89251063]
 [-2.86010699]
 [ 2.4710739 ]
 [-4.5519304 ]
 [ 1.79114894]
 [ 4.89073655]
 [-1.28714291]
 [ 1.49081326]
 [ 4.3955057 ]
 [ 0.62453954]
 [ 0.19784172]
 [ 2.83565057]
 [ 1.3027696 ]
 [ 0.417437  ]
 [-0.26391121]
 [-2.0056968 ]
 [-4.1229249 ]
 [-0.47588336]
 [-2.02795644]
 [ 2.55858558]
 [-0.31156078]
 [ 1.76875246]
 [ 3.19896653]
 [ 2.47211595]
 [-1.92243035]
 [ 4.28899355]
 [ 2.83095492]
 [-3.05038242]
 [-2.16592135]
 [-4.72350585]
 [ 1.08073069]
 [-2.88225053]
 [ 3.74389939]
 [ 0.93742624]
 [ 2.94408292]
 [-3.23748608]]
CG: [[10.]
 [10.]
 [10.]
 [10.]
 [10.]
 [10.]
 [10.]
 [10.]
 [10.]
 [10.]
 [10.]
 [10.]
 [10.]
 [10.]
 [10.]
 [10.]
 [10.]
 [10.]
 [10.]
 [10.]
 [10.]
 [10.]
 [10.]
 [10.]
 [10.]
 [10.]
 [10.]
 [10.]
 [10.]
 [10.]
 [10.]
 [10.]
 [10.]
 [10.]
 [10.]
 [10.]
 [10.]
 [10.]
 [10.]
 [10.]
 [10.]
 [10.]
 [10.]
 [10.]
 [10.]
 [10.]
 [10.]
 [10.]
 [10.]
 [10.]
 [10.]
 [10.]
 [10.]
 [10.]
 [10.]
 [10.]
 [10.]
 [10.]
 [10.]
 [10.]
 [10.]
 [10.]
 [10.]
 [10.]
 [10.]
 [10.]
 [10.]
 [10.]
 [10.]
 [10.]
 [10.]
 [10.]
 [10.]
 [10.]
 [10.]
 [10.]
 [10.]
 [10.]
 [10.]
 [10.]
 [10.]
 [10.]
 [10.]
 [10.]
 [10.]
 [10.]
 [10.]
 [10.]
 [10.]
 [10.]
 [10.]
 [10.]
 [10.]
 [10.]
 [10.]
 [10.]
 [10.]
 [10.]
 [10.]
 [10.]]
RG: [[500.]
 [500.]
 [500.]
 [500.]
 [500.]
 [500.]
 [500.]
 [500.]
 [500.]
 [500.]
 [500.]
 [500.]
 [500.]
 [500.]
 [500.]
 [500.]
 [500.]
 [500.]
 [500.]
 [500.]
 [500.]
 [500.]
 [500.]
 [500.]
 [500.]
 [500.]
 [500.]
 [500.]
 [500.]
 [500.]
 [500.]
 [500.]
 [500.]
 [500.]
 [500.]
 [500.]
 [500.]
 [500.]
 [500.]
 [500.]
 [500.]
 [500.]
 [500.]
 [500.]
 [500.]
 [500.]
 [500.]
 [500.]
 [500.]
 [500.]
 [500.]
 [500.]
 [500.]
 [500.]
 [500.]
 [500.]
 [500.]
 [500.]
 [500.]
 [500.]
 [500.]
 [500.]
 [500.]
 [500.]
 [500.]
 [500.]
 [500.]
 [500.]
 [500.]
 [500.]
 [500.]
 [500.]
 [500.]
 [500.]
 [500.]
 [500.]
 [500.]
 [500.]
 [500.]
 [500.]
 [500.]
 [500.]
 [500.]
 [500.]
 [500.]
 [500.]
 [500.]
 [500.]
 [500.]
 [500.]
 [500.]
 [500.]
 [500.]
 [500.]
 [500.]
 [500.]
 [500.]
 [500.]
 [500.]
 [500.]]
Ch: [[1. 1. 1. 1. 1. 1. 1. 1. 1. 1. 1.]
 [1. 1. 1. 1. 1. 1. 1. 1. 1. 1. 1.]
 [1. 1. 1. 1. 1. 1. 1. 1. 1. 1. 1.]
 [1. 1. 1. 1. 1. 1. 1. 1. 1. 1. 1.]
 [1. 1. 1. 1. 1. 1. 1. 1. 1. 1. 1.]
 [1. 1. 1. 1. 1. 1. 1. 1. 1. 1. 1.]
 [1. 1. 1. 1. 1. 1. 1. 1. 1. 1. 1.]
 [1. 1. 1. 1. 1. 1. 1. 1. 1. 1. 1.]
 [1. 1. 1. 1. 1. 1. 1. 1. 1. 1. 1.]
 [1. 1. 1. 1. 1. 1. 1. 1. 1. 1. 1.]]
Cv: [[0. 0. 0. 0. 0. 0. 0. 0. 0. 0.]
 [1. 1. 1. 1. 1. 1. 1. 1. 1. 1.]
 [1. 1. 1. 1. 1. 1. 1. 1. 1. 1.]
 [1. 1. 1. 1. 1. 1. 1. 1. 1. 1.]
 [1. 1. 1. 1. 1. 1. 1. 1. 1. 1.]
 [1. 1. 1. 1. 1. 1. 1. 1. 1. 1.]
 [1. 1. 1. 1. 1. 1. 1. 1. 1. 1.]
 [1. 1. 1. 1. 1. 1. 1. 1. 1. 1.]
 [1. 1. 1. 1. 1. 1. 1. 1. 1. 1.]
 [1. 1. 1. 1. 1. 1. 1. 1. 1. 1.]]
Rh: [[ 4.11174095  2.34096469  4.67129518 11.51683029  1.28404917  3.28625658
   4.2461988   1.49107919  1.70579706  1.90614434  3.45232287]
 [ 4.22166601  4.74226506  4.44561627 11.5205771   2.2332059   7.16547707
   3.80546116  2.01919746 16.48972383  1.52353877  1.36649265]
 [ 5.69120994  7.32750546  1.05848173  9.14769944 14.24238356  1.53577116
   1.24017138  1.97682304  7.39450878 10.76466591  3.51052499]
 [ 5.56677785 14.07146417 15.80826215 12.25903152  1.90527592 10.2463951
   1.62265543 11.43058964  4.83849044  3.50698179 12.76393753]
 [14.89606406  2.43945754 18.43214996  6.87213256 13.37930159  6.03240417
   4.71522957  2.26831044 15.55062558  3.39547372  2.47974645]
 [ 8.6441393  18.64472418  3.16277881  1.17455218  1.79021769  1.24390931
  11.7136341   4.36194803  7.08423613  4.7013866   6.0085774 ]
 [ 2.02172458  3.42545743  3.4376513   5.63469619  5.97510049  2.29607893
   1.07872474 15.73266515 11.75256415  2.667819    3.20413605]
 [ 1.43748924  1.93122644  8.72577799 11.00275062  5.37288041 15.87021579
   6.5569008   2.53546615  7.66979302  2.2810464  18.65028408]
 [ 1.20365059  3.95688988  2.48642263 11.60415987 15.06896216  9.21451572
   7.16633345  4.68052178 16.41901799  3.7588827   9.09866981]
 [ 3.74990902  5.4011736   1.13859321  1.24941729  3.68625113  1.12145645
   1.58842454 10.85527767 15.32111664  6.44006798  7.32311789]]
Rv: [[ 1.6444591  18.15026247  3.96200757 13.88799297  3.85728853  3.87562005
   1.11976458  2.86045818  1.43501115  1.00511177]
 [ 2.89417178 14.51106532  3.15301776  1.40228649 10.33634347  3.21158285
   1.27510172  8.74075771  6.77075011  5.08200427]
 [ 6.15465443 14.65573154 15.00375321 14.02855356  4.43592621  2.65895556
  13.51228216  2.69022244  2.45659614  4.16295023]
 [ 1.91743038  2.2110815   1.74539902 15.07164121 14.29712678  3.37401012
   1.09832062  2.19326433  5.88008764 12.52884523]
 [ 1.17497411  2.17056673 17.62570787 13.35087742  2.30884654 12.68580514
   1.07041385  2.70773472  3.60081162 17.74175524]
 [ 2.24568315  2.92967369  1.41136608  4.42274719  4.87495702  1.3087364
  16.1552688   5.9431056   9.12911727  1.39692271]
 [ 2.43643012  5.84797914  1.18297424  8.44521564  1.91306274  1.28107323
   1.08324775  8.97522495 13.8638647  16.34306964]
 [12.82325564  2.10039394  2.30026649  9.07161175  1.28041129  6.7103426
   1.25445535  2.00653473 10.98733511 18.52189003]
 [ 1.0452794   5.52231391 14.45691577  1.72641827 10.6439791   8.42262416
  17.37463908  2.14703374  5.51639763 13.50914327]]