-------Running parameters--------
T = 0.0
gap = 0
M = 10
N = 10
VR = 0.0
Vmin = 0.0
Vmax = 4.0
vStep = 0.01
vSym = False
repeats = 20
fileName = array_10_10_r_cg_disorder_run_1
dist = exp
fullOutput = True
use_graph = False
current_map = True
plot_current_map = False
plot_binary_current_map = False
dbg = False
resume = False
sc = False
leaping = False
constQ = False
modifyR = False
output_folder = 2d_array_bgu_different_disorder
params_path = 
VG_avg = 0.0
VG_std = 0.0
C_avg = 1.0
C_std = 0.0
CG_avg = 10.0
CG_std = 5.0
R_avg = 10.0
R_std = 9.0
custom_rh = ""
custom_rv = ""
custom_ch = ""
custom_cv = ""
RG_avg = 500.0
RG_std = 0.0
n0_avg = 0.0
n0_std = 0.0
Q0_avg = 0.0
Q0_std = 0.0
----Array Parameters-----
Rows: 10
Columns: 10
VG: [[0.]
 [0.]
 [0.]
 [0.]
 [0.]
 [0.]
 [0.]
 [0.]
 [0.]
 [0.]
 [0.]
 [0.]
 [0.]
 [0.]
 [0.]
 [0.]
 [0.]
 [0.]
 [0.]
 [0.]
 [0.]
 [0.]
 [0.]
 [0.]
 [0.]
 [0.]
 [0.]
 [0.]
 [0.]
 [0.]
 [0.]
 [0.]
 [0.]
 [0.]
 [0.]
 [0.]
 [0.]
 [0.]
 [0.]
 [0.]
 [0.]
 [0.]
 [0.]
 [0.]
 [0.]
 [0.]
 [0.]
 [0.]
 [0.]
 [0.]
 [0.]
 [0.]
 [0.]
 [0.]
 [0.]
 [0.]
 [0.]
 [0.]
 [0.]
 [0.]
 [0.]
 [0.]
 [0.]
 [0.]
 [0.]
 [0.]
 [0.]
 [0.]
 [0.]
 [0.]
 [0.]
 [0.]
 [0.]
 [0.]
 [0.]
 [0.]
 [0.]
 [0.]
 [0.]
 [0.]
 [0.]
 [0.]
 [0.]
 [0.]
 [0.]
 [0.]
 [0.]
 [0.]
 [0.]
 [0.]
 [0.]
 [0.]
 [0.]
 [0.]
 [0.]
 [0.]
 [0.]
 [0.]
 [0.]
 [0.]]
CG: [[ 6.65083478]
 [14.22466916]
 [ 7.0981919 ]
 [ 5.59477671]
 [11.87149833]
 [10.55726077]
 [11.80018517]
 [ 8.9187166 ]
 [ 6.75350836]
 [13.94880058]
 [12.20525106]
 [ 5.23725822]
 [ 6.68183617]
 [ 5.6782328 ]
 [13.02697771]
 [ 7.99655759]
 [ 8.69569417]
 [11.27419909]
 [12.18999339]
 [ 8.96538321]
 [13.11287323]
 [11.8331677 ]
 [12.51546693]
 [ 6.92650104]
 [12.56010128]
 [12.65139761]
 [12.95620383]
 [10.58308049]
 [ 6.32580087]
 [ 8.05430992]
 [ 6.21132463]
 [ 6.06460776]
 [10.810752  ]
 [10.40510443]
 [11.75929055]
 [14.50837817]
 [11.53536335]
 [ 5.40167986]
 [ 8.39629233]
 [12.85182756]
 [ 6.14493686]
 [13.38527375]
 [ 8.86319575]
 [ 8.913795  ]
 [ 6.06559926]
 [ 5.11218475]
 [11.69647196]
 [11.27722535]
 [11.8358526 ]
 [ 5.78287694]
 [ 7.44856911]
 [12.25662428]
 [ 6.47448775]
 [ 7.07986077]
 [ 8.93230711]
 [12.93803004]
 [12.35558489]
 [11.90219055]
 [ 7.95239196]
 [ 7.21229046]
 [ 7.4925987 ]
 [ 5.02571447]
 [ 8.29398789]
 [ 9.49994682]
 [ 7.48629884]
 [13.64524425]
 [ 8.72423657]
 [ 7.08350766]
 [11.11381766]
 [ 8.65400417]
 [ 7.61883351]
 [ 6.8910082 ]
 [ 6.9439703 ]
 [13.49085568]
 [13.98054745]
 [12.82417018]
 [10.61291945]
 [ 7.81219073]
 [ 9.29391858]
 [ 8.36741153]
 [ 9.1758073 ]
 [ 7.66494085]
 [11.12165975]
 [ 7.18848282]
 [ 5.46066712]
 [12.14997955]
 [ 5.00950399]
 [11.94784653]
 [ 9.27083786]
 [14.61394874]
 [ 6.49446352]
 [ 5.09362843]
 [ 6.60888639]
 [ 9.27812745]
 [ 7.07259443]
 [14.16462379]
 [ 5.03300481]
 [13.48451813]
 [ 5.26548667]
 [ 6.5344158 ]]
RG: [[500.]
 [500.]
 [500.]
 [500.]
 [500.]
 [500.]
 [500.]
 [500.]
 [500.]
 [500.]
 [500.]
 [500.]
 [500.]
 [500.]
 [500.]
 [500.]
 [500.]
 [500.]
 [500.]
 [500.]
 [500.]
 [500.]
 [500.]
 [500.]
 [500.]
 [500.]
 [500.]
 [500.]
 [500.]
 [500.]
 [500.]
 [500.]
 [500.]
 [500.]
 [500.]
 [500.]
 [500.]
 [500.]
 [500.]
 [500.]
 [500.]
 [500.]
 [500.]
 [500.]
 [500.]
 [500.]
 [500.]
 [500.]
 [500.]
 [500.]
 [500.]
 [500.]
 [500.]
 [500.]
 [500.]
 [500.]
 [500.]
 [500.]
 [500.]
 [500.]
 [500.]
 [500.]
 [500.]
 [500.]
 [500.]
 [500.]
 [500.]
 [500.]
 [500.]
 [500.]
 [500.]
 [500.]
 [500.]
 [500.]
 [500.]
 [500.]
 [500.]
 [500.]
 [500.]
 [500.]
 [500.]
 [500.]
 [500.]
 [500.]
 [500.]
 [500.]
 [500.]
 [500.]
 [500.]
 [500.]
 [500.]
 [500.]
 [500.]
 [500.]
 [500.]
 [500.]
 [500.]
 [500.]
 [500.]
 [500.]]
Ch: [[1. 1. 1. 1. 1. 1. 1. 1. 1. 1. 1.]
 [1. 1. 1. 1. 1. 1. 1. 1. 1. 1. 1.]
 [1. 1. 1. 1. 1. 1. 1. 1. 1. 1. 1.]
 [1. 1. 1. 1. 1. 1. 1. 1. 1. 1. 1.]
 [1. 1. 1. 1. 1. 1. 1. 1. 1. 1. 1.]
 [1. 1. 1. 1. 1. 1. 1. 1. 1. 1. 1.]
 [1. 1. 1. 1. 1. 1. 1. 1. 1. 1. 1.]
 [1. 1. 1. 1. 1. 1. 1. 1. 1. 1. 1.]
 [1. 1. 1. 1. 1. 1. 1. 1. 1. 1. 1.]
 [1. 1. 1. 1. 1. 1. 1. 1. 1. 1. 1.]]
Cv: [[0. 0. 0. 0. 0. 0. 0. 0. 0. 0.]
 [1. 1. 1. 1. 1. 1. 1. 1. 1. 1.]
 [1. 1. 1. 1. 1. 1. 1. 1. 1. 1.]
 [1. 1. 1. 1. 1. 1. 1. 1. 1. 1.]
 [1. 1. 1. 1. 1. 1. 1. 1. 1. 1.]
 [1. 1. 1. 1. 1. 1. 1. 1. 1. 1.]
 [1. 1. 1. 1. 1. 1. 1. 1. 1. 1.]
 [1. 1. 1. 1. 1. 1. 1. 1. 1. 1.]
 [1. 1. 1. 1. 1. 1. 1. 1. 1. 1.]
 [1. 1. 1. 1. 1. 1. 1. 1. 1. 1.]]
Rh: [[ 8.51361868 14.12039531  1.71096045  3.86344861  3.55005901 16.46730703
  10.64996904  1.65456246  4.39759318 14.78727101  1.70271642]
 [ 4.51591676 11.74318362 14.37230602  4.25692056  4.95838313  7.61786775
   3.16888324  8.1130043   8.13015855  5.23527604  1.21602907]
 [ 6.45987703  1.01275191  5.14916222  4.63054983  1.06164205  2.10907298
   1.06433857  5.0465216   7.2104775   5.0514047   2.21294244]
 [ 1.09848098  4.46105153 11.52153247  1.23586969 16.29461267  5.95278654
   9.2231853   4.46679083  1.57717702  2.98398071  1.90974877]
 [ 5.03251809 11.52354839  5.49617454 16.76976354  1.24021915 15.4109981
   5.98802254  2.30734539  1.5473979   1.17597271 11.33115569]
 [ 9.15465531 18.00417748  7.8236757   6.67217998  1.24495484  1.63960073
  11.5360208   4.04383303  4.5190038   2.34252591  5.27766454]
 [ 4.97493301  6.74496143  5.97658885 16.70039132  1.68134602 14.69969665
   4.89155454  4.79912312  6.91597425  2.04730095  4.04610346]
 [18.54424804  2.41471163 15.36601718  1.27577652 12.12470828  3.87974735
   5.016629    3.5735321   4.93375496  4.60098809 18.86359729]
 [ 5.10839598  1.42999818  1.85082002  4.89867056  2.15429294 18.25166879
   3.54848157  9.22398072 15.81882591 13.171375    6.98412901]
 [10.60125254  3.91009031  2.97539187  3.77429135  5.84295278  1.99786967
   3.40688176  2.0954582   4.33253101  8.71252412  1.63924874]]
Rv: [[ 2.75853802  5.18766424 16.53317529  4.04765876  3.38095823  6.76966763
  15.97711657  1.35420594 16.50087705  7.82447194]
 [ 1.06167763  1.06264695  2.6865313   5.97375716  4.12212757  4.23380097
  11.71657006  4.9383088   2.41844737  7.96153282]
 [ 1.48883598  1.11651036  2.10340382  1.25363823  2.17782846 18.93469745
   1.79523351  1.62615464  5.72055644  3.67639236]
 [ 1.3669243   6.48197547  7.87480123  2.65978296  2.60188649  3.87088468
   3.12299583  8.77970092  3.31510323 11.78920405]
 [ 6.41368906  1.62663845 18.77527515  2.69375518  9.35874758  3.6540332
   4.2316341   4.14769011 16.93945611  3.2996525 ]
 [14.88035793  2.49721101  1.95291087 15.13588953  7.64976551 11.12422618
   1.50477493  5.22424949  1.25289934  1.00465646]
 [10.28911568  5.67311334  5.23356669  1.74190705 13.55051771  2.19678775
   1.68892192  1.73823332 18.15863994  3.18241917]
 [ 1.495605    1.06720272  7.13789795  1.13618615 11.8808397   3.25598439
   6.38122085 16.32358599  1.56258047  3.43660097]
 [ 6.46201231  3.44660728  2.13050298  1.87928667  3.68650283  2.5556939
   2.3273392   6.93851438  4.15451846  7.49796117]]