-------Running parameters--------
T = 0.0
gap = 0
M = 10
N = 10
VR = 0.0
Vmin = 0.0
Vmax = 4.0
vStep = 0.01
vSym = False
repeats = 20
fileName = array_10_10_r_c_disorder_run_4
dist = exp
fullOutput = True
use_graph = False
current_map = True
plot_current_map = False
plot_binary_current_map = False
dbg = False
resume = False
sc = False
leaping = False
constQ = False
modifyR = False
output_folder = 2d_array_bgu_different_disorder
params_path = 
VG_avg = 0.0
VG_std = 0.0
C_avg = 1.0
C_std = 0.7
CG_avg = 10.0
CG_std = 0.0
R_avg = 10.0
R_std = 9.0
custom_rh = ""
custom_rv = ""
custom_ch = ""
custom_cv = ""
RG_avg = 500.0
RG_std = 0.0
n0_avg = 0.0
n0_std = 0.0
Q0_avg = 0.0
Q0_std = 0.0
----Array Parameters-----
Rows: 10
Columns: 10
VG: [[0.]
 [0.]
 [0.]
 [0.]
 [0.]
 [0.]
 [0.]
 [0.]
 [0.]
 [0.]
 [0.]
 [0.]
 [0.]
 [0.]
 [0.]
 [0.]
 [0.]
 [0.]
 [0.]
 [0.]
 [0.]
 [0.]
 [0.]
 [0.]
 [0.]
 [0.]
 [0.]
 [0.]
 [0.]
 [0.]
 [0.]
 [0.]
 [0.]
 [0.]
 [0.]
 [0.]
 [0.]
 [0.]
 [0.]
 [0.]
 [0.]
 [0.]
 [0.]
 [0.]
 [0.]
 [0.]
 [0.]
 [0.]
 [0.]
 [0.]
 [0.]
 [0.]
 [0.]
 [0.]
 [0.]
 [0.]
 [0.]
 [0.]
 [0.]
 [0.]
 [0.]
 [0.]
 [0.]
 [0.]
 [0.]
 [0.]
 [0.]
 [0.]
 [0.]
 [0.]
 [0.]
 [0.]
 [0.]
 [0.]
 [0.]
 [0.]
 [0.]
 [0.]
 [0.]
 [0.]
 [0.]
 [0.]
 [0.]
 [0.]
 [0.]
 [0.]
 [0.]
 [0.]
 [0.]
 [0.]
 [0.]
 [0.]
 [0.]
 [0.]
 [0.]
 [0.]
 [0.]
 [0.]
 [0.]
 [0.]]
CG: [[10.]
 [10.]
 [10.]
 [10.]
 [10.]
 [10.]
 [10.]
 [10.]
 [10.]
 [10.]
 [10.]
 [10.]
 [10.]
 [10.]
 [10.]
 [10.]
 [10.]
 [10.]
 [10.]
 [10.]
 [10.]
 [10.]
 [10.]
 [10.]
 [10.]
 [10.]
 [10.]
 [10.]
 [10.]
 [10.]
 [10.]
 [10.]
 [10.]
 [10.]
 [10.]
 [10.]
 [10.]
 [10.]
 [10.]
 [10.]
 [10.]
 [10.]
 [10.]
 [10.]
 [10.]
 [10.]
 [10.]
 [10.]
 [10.]
 [10.]
 [10.]
 [10.]
 [10.]
 [10.]
 [10.]
 [10.]
 [10.]
 [10.]
 [10.]
 [10.]
 [10.]
 [10.]
 [10.]
 [10.]
 [10.]
 [10.]
 [10.]
 [10.]
 [10.]
 [10.]
 [10.]
 [10.]
 [10.]
 [10.]
 [10.]
 [10.]
 [10.]
 [10.]
 [10.]
 [10.]
 [10.]
 [10.]
 [10.]
 [10.]
 [10.]
 [10.]
 [10.]
 [10.]
 [10.]
 [10.]
 [10.]
 [10.]
 [10.]
 [10.]
 [10.]
 [10.]
 [10.]
 [10.]
 [10.]
 [10.]]
RG: [[500.]
 [500.]
 [500.]
 [500.]
 [500.]
 [500.]
 [500.]
 [500.]
 [500.]
 [500.]
 [500.]
 [500.]
 [500.]
 [500.]
 [500.]
 [500.]
 [500.]
 [500.]
 [500.]
 [500.]
 [500.]
 [500.]
 [500.]
 [500.]
 [500.]
 [500.]
 [500.]
 [500.]
 [500.]
 [500.]
 [500.]
 [500.]
 [500.]
 [500.]
 [500.]
 [500.]
 [500.]
 [500.]
 [500.]
 [500.]
 [500.]
 [500.]
 [500.]
 [500.]
 [500.]
 [500.]
 [500.]
 [500.]
 [500.]
 [500.]
 [500.]
 [500.]
 [500.]
 [500.]
 [500.]
 [500.]
 [500.]
 [500.]
 [500.]
 [500.]
 [500.]
 [500.]
 [500.]
 [500.]
 [500.]
 [500.]
 [500.]
 [500.]
 [500.]
 [500.]
 [500.]
 [500.]
 [500.]
 [500.]
 [500.]
 [500.]
 [500.]
 [500.]
 [500.]
 [500.]
 [500.]
 [500.]
 [500.]
 [500.]
 [500.]
 [500.]
 [500.]
 [500.]
 [500.]
 [500.]
 [500.]
 [500.]
 [500.]
 [500.]
 [500.]
 [500.]
 [500.]
 [500.]
 [500.]
 [500.]]
Ch: [[0.31164443 0.40400692 1.46796592 1.09614357 0.58952287 1.31484445
  0.34893623 0.46375543 0.62980954 0.71478727 0.95226017]
 [1.0527437  0.63624619 1.18483643 1.35137969 0.45055848 0.34485361
  0.54276749 1.16389648 0.93209825 1.56642907 0.39071251]
 [1.45231747 0.30021632 0.42625805 1.26123995 0.71920557 0.96241203
  0.80344926 1.65340268 1.56154382 1.44893227 0.43748509]
 [0.35401988 0.35877906 1.36723326 1.55617398 0.49658622 0.34883775
  0.32030617 1.0497825  0.50411899 0.47976923 0.37407836]
 [0.4356839  0.94947167 0.54872542 0.50558717 0.71575626 1.24689367
  1.0740423  0.4589707  0.47221093 0.33245295 0.41082783]
 [1.19365899 1.10747592 0.51274359 0.35463259 1.31453893 0.42154054
  0.85482459 0.88530227 1.01289293 0.71439015 1.42915484]
 [0.60047465 1.22635526 0.37291801 1.41184986 0.3866019  0.59637431
  0.37140915 0.5407773  0.50754289 0.68309532 0.82865425]
 [0.81346918 1.14533151 1.02875577 0.96313026 0.40074172 1.63727916
  0.41430922 1.10835961 1.2779701  0.49958636 0.89270857]
 [0.4904842  0.69618707 0.96636728 0.57110094 0.90399243 0.80751229
  0.57687488 0.99670914 0.59404088 0.31605817 0.49118621]
 [0.56190571 1.21486399 0.37353808 0.70593072 0.43836938 0.89203698
  0.45999264 1.44138219 0.99528099 0.40797149 0.96095132]]
Cv: [[0.         0.         0.         0.         0.         0.
  0.         0.         0.         0.        ]
 [1.07018716 0.79901105 1.50195989 1.50824931 1.03726152 1.35663775
  0.84847051 0.64739009 0.42764147 0.47247975]
 [0.53455492 1.14296986 0.43316886 0.80432338 0.59407906 0.30235236
  0.66338406 0.41467482 0.47689499 0.38668235]
 [0.86820586 1.24818875 0.42608153 0.54355559 1.29915052 0.45242309
  0.8012245  0.63457588 1.28616856 0.64852806]
 [0.73457913 0.72705716 0.72356066 1.31699391 0.33802545 0.34903554
  0.38584924 0.51385439 0.5008746  0.70820227]
 [0.35453698 0.4463729  0.73774966 1.01483383 0.95280752 0.52443196
  1.27850785 0.4657623  0.42157034 1.00948546]
 [0.51736147 0.3567899  1.52089821 0.46787595 0.49661478 0.34272274
  1.37937077 0.68142942 0.55665558 0.38947162]
 [0.31275179 0.77896187 1.23846262 1.04092958 0.66933873 0.30975399
  0.55968941 1.61020626 0.31818431 0.76888583]
 [0.32254319 0.30088356 0.76222672 0.57610366 0.36795271 0.85114461
  1.16431305 0.40194562 0.67875131 0.79315755]
 [0.39068987 0.41036556 0.96025727 0.32516024 1.13175497 0.86640616
  0.87849901 0.4198056  0.94615028 0.77605576]]
Rh: [[ 1.30580166  4.43976565  1.3596888   1.30084204  1.16063656  1.21797826
  18.79076707  5.43055628  3.70623598 14.44519278 18.24697884]
 [ 1.40797636  1.53371462  5.99865831  5.00974979  1.69319767  6.45130366
   4.29810038 13.52121108  3.74323255  9.5692322  13.92103968]
 [ 4.7715345   2.05012892  1.47006358  1.55159694 17.76976779  4.95840772
   6.91465235 13.8909484   3.38641322  1.96395259  7.8380378 ]
 [12.82775163  2.16733194  8.55314437  1.79461174  1.81260068  1.25987923
   4.51857794  1.02315299  5.11953609 13.93148443  7.97266719]
 [ 1.65475724  1.72750064  5.24107676  1.96098814  5.09198413  3.58189375
   8.47464192  1.13672832 11.85388043  4.6377212   1.80587166]
 [ 1.55744865  1.59342509  1.55628034 17.41608713  2.62570975 12.08790549
   4.10680795 18.89154518  2.57710254  9.18023255  2.58388846]
 [ 4.77564618  6.25084305  5.23302058  1.8570433   7.54488456  4.4034463
   2.68841178  2.08976708  1.47690178  6.32267585 18.40906328]
 [ 3.51600285 10.2649857   1.0606329   1.61905516  7.63794684 10.22675613
   1.68024521  1.38567895  9.98881488 12.49947855  8.72763373]
 [ 9.93377475  1.41942957  3.02806886  6.37554423  3.93202922  2.98717638
   3.2608931   4.98013175  2.17206409  3.993874   14.78419326]
 [ 2.72664978  8.01601788  1.8561408   1.67280332 11.44875092 12.85131518
  16.91343204  1.7913971   9.02728027  1.43756519  2.56149564]]
Rv: [[12.34582515  5.49737133  4.52058467  4.78689664  1.05419331  2.30833005
   4.40432528  2.65115024 13.99922579  3.64433988]
 [ 6.47886166  1.26266553  4.19328145  1.95816143  9.44097463 10.75656033
   1.80421224  2.04266218  2.17405656  8.31260492]
 [ 4.34130717  2.55441187  2.69040573 16.13354914  2.94875542 18.90804203
   1.81251555  1.95141666  3.05671037  8.49044374]
 [ 5.19530083  9.91014527  2.60793486  1.23336762  8.15357809  2.65140344
   7.4448043   1.41118995  2.02888617  8.46568619]
 [ 4.47132334  1.54519182  9.14738462  5.66532208  4.88092692  1.691911
  12.51922362  8.55832336 12.2222577  14.77287071]
 [ 6.32926285  1.41824546  1.44366555  7.51077485  6.11143409  2.35037094
   3.31733358  1.13486237 16.93314315  2.93190243]
 [ 3.7501053   1.20581845  6.84906604  2.38870205  2.26071976  5.54366409
  11.11314745  4.35400936  1.26764971  3.93416206]
 [ 2.5230636   2.25306675  6.83104741  4.45994924  2.55672505 18.06282695
   9.40094435  1.72673301  1.43236577  4.55443922]
 [ 5.84385679 14.78743231  6.02388861  7.49445705  4.00950145  3.78188582
   1.24102533  6.71673821  2.17930578  4.87507696]]