-------Running parameters--------
T = 0.0
gap = 0
M = 10
N = 10
VR = 0.0
Vmin = 0.0
Vmax = 4.0
vStep = 0.01
vSym = False
repeats = 20
fileName = array_10_10_r_vg_disorder_run_3
dist = exp
fullOutput = True
use_graph = False
current_map = True
plot_current_map = False
plot_binary_current_map = False
dbg = False
resume = False
sc = False
leaping = False
constQ = False
modifyR = False
output_folder = 2d_array_bgu_different_disorder
params_path = 
VG_avg = 0.0
VG_std = 5.0
C_avg = 1.0
C_std = 0.0
CG_avg = 10.0
CG_std = 0.0
R_avg = 10.0
R_std = 9.0
custom_rh = ""
custom_rv = ""
custom_ch = ""
custom_cv = ""
RG_avg = 500.0
RG_std = 0.0
n0_avg = 0.0
n0_std = 0.0
Q0_avg = 0.0
Q0_std = 0.0
----Array Parameters-----
Rows: 10
Columns: 10
VG: [[-0.43084628]
 [ 3.05850521]
 [-0.63907601]
 [ 1.29658224]
 [-1.86589373]
 [-0.72250094]
 [ 2.99715748]
 [-4.75686365]
 [ 3.4418207 ]
 [-3.86534439]
 [ 3.4100368 ]
 [ 1.08900133]
 [-2.37362088]
 [ 4.54020915]
 [ 2.74120312]
 [-4.90466264]
 [ 3.64429733]
 [-2.80717176]
 [ 1.75852754]
 [-3.34040324]
 [ 3.41415519]
 [-1.07379631]
 [-3.83133204]
 [ 1.84271333]
 [ 4.68230887]
 [ 1.82694177]
 [-4.30352024]
 [ 3.84778709]
 [-3.67822785]
 [ 1.46457084]
 [-4.27872224]
 [ 2.21848323]
 [-1.476286  ]
 [ 4.75296275]
 [-4.09850939]
 [ 4.22412841]
 [ 3.77367059]
 [ 1.11606153]
 [ 4.39743344]
 [ 4.63790061]
 [-4.68430936]
 [ 0.04783438]
 [-2.07852973]
 [-0.07104967]
 [-4.76228196]
 [ 4.99164675]
 [ 1.12703673]
 [ 2.90414175]
 [-4.94011845]
 [-2.83630011]
 [ 2.3029051 ]
 [-3.4362491 ]
 [ 1.99832649]
 [-4.30769528]
 [-3.69717165]
 [ 3.69470449]
 [-2.25907407]
 [ 1.24616872]
 [ 2.40863091]
 [-0.20653698]
 [ 3.34327291]
 [ 2.5698539 ]
 [ 1.15362826]
 [ 0.28589695]
 [-0.62976975]
 [ 1.3339913 ]
 [ 1.45541837]
 [ 4.04108049]
 [ 3.39237249]
 [-2.83399971]
 [-4.52573091]
 [-2.05444724]
 [ 4.78953914]
 [ 4.55866797]
 [ 0.43860234]
 [-4.81488703]
 [ 1.00376732]
 [ 4.75361017]
 [-1.42837458]
 [-1.34261773]
 [-0.91929794]
 [ 0.74700592]
 [-1.70496179]
 [-3.15257988]
 [-4.36584881]
 [-1.93853832]
 [ 4.39925139]
 [-0.58672061]
 [-3.03228124]
 [ 4.37968616]
 [-0.7826188 ]
 [ 2.03571371]
 [-0.11441356]
 [ 1.41340886]
 [-0.85351495]
 [ 3.33902209]
 [-2.41031008]
 [ 3.32606355]
 [ 2.75944283]
 [ 2.01005804]]
CG: [[10.]
 [10.]
 [10.]
 [10.]
 [10.]
 [10.]
 [10.]
 [10.]
 [10.]
 [10.]
 [10.]
 [10.]
 [10.]
 [10.]
 [10.]
 [10.]
 [10.]
 [10.]
 [10.]
 [10.]
 [10.]
 [10.]
 [10.]
 [10.]
 [10.]
 [10.]
 [10.]
 [10.]
 [10.]
 [10.]
 [10.]
 [10.]
 [10.]
 [10.]
 [10.]
 [10.]
 [10.]
 [10.]
 [10.]
 [10.]
 [10.]
 [10.]
 [10.]
 [10.]
 [10.]
 [10.]
 [10.]
 [10.]
 [10.]
 [10.]
 [10.]
 [10.]
 [10.]
 [10.]
 [10.]
 [10.]
 [10.]
 [10.]
 [10.]
 [10.]
 [10.]
 [10.]
 [10.]
 [10.]
 [10.]
 [10.]
 [10.]
 [10.]
 [10.]
 [10.]
 [10.]
 [10.]
 [10.]
 [10.]
 [10.]
 [10.]
 [10.]
 [10.]
 [10.]
 [10.]
 [10.]
 [10.]
 [10.]
 [10.]
 [10.]
 [10.]
 [10.]
 [10.]
 [10.]
 [10.]
 [10.]
 [10.]
 [10.]
 [10.]
 [10.]
 [10.]
 [10.]
 [10.]
 [10.]
 [10.]]
RG: [[500.]
 [500.]
 [500.]
 [500.]
 [500.]
 [500.]
 [500.]
 [500.]
 [500.]
 [500.]
 [500.]
 [500.]
 [500.]
 [500.]
 [500.]
 [500.]
 [500.]
 [500.]
 [500.]
 [500.]
 [500.]
 [500.]
 [500.]
 [500.]
 [500.]
 [500.]
 [500.]
 [500.]
 [500.]
 [500.]
 [500.]
 [500.]
 [500.]
 [500.]
 [500.]
 [500.]
 [500.]
 [500.]
 [500.]
 [500.]
 [500.]
 [500.]
 [500.]
 [500.]
 [500.]
 [500.]
 [500.]
 [500.]
 [500.]
 [500.]
 [500.]
 [500.]
 [500.]
 [500.]
 [500.]
 [500.]
 [500.]
 [500.]
 [500.]
 [500.]
 [500.]
 [500.]
 [500.]
 [500.]
 [500.]
 [500.]
 [500.]
 [500.]
 [500.]
 [500.]
 [500.]
 [500.]
 [500.]
 [500.]
 [500.]
 [500.]
 [500.]
 [500.]
 [500.]
 [500.]
 [500.]
 [500.]
 [500.]
 [500.]
 [500.]
 [500.]
 [500.]
 [500.]
 [500.]
 [500.]
 [500.]
 [500.]
 [500.]
 [500.]
 [500.]
 [500.]
 [500.]
 [500.]
 [500.]
 [500.]]
Ch: [[1. 1. 1. 1. 1. 1. 1. 1. 1. 1. 1.]
 [1. 1. 1. 1. 1. 1. 1. 1. 1. 1. 1.]
 [1. 1. 1. 1. 1. 1. 1. 1. 1. 1. 1.]
 [1. 1. 1. 1. 1. 1. 1. 1. 1. 1. 1.]
 [1. 1. 1. 1. 1. 1. 1. 1. 1. 1. 1.]
 [1. 1. 1. 1. 1. 1. 1. 1. 1. 1. 1.]
 [1. 1. 1. 1. 1. 1. 1. 1. 1. 1. 1.]
 [1. 1. 1. 1. 1. 1. 1. 1. 1. 1. 1.]
 [1. 1. 1. 1. 1. 1. 1. 1. 1. 1. 1.]
 [1. 1. 1. 1. 1. 1. 1. 1. 1. 1. 1.]]
Cv: [[0. 0. 0. 0. 0. 0. 0. 0. 0. 0.]
 [1. 1. 1. 1. 1. 1. 1. 1. 1. 1.]
 [1. 1. 1. 1. 1. 1. 1. 1. 1. 1.]
 [1. 1. 1. 1. 1. 1. 1. 1. 1. 1.]
 [1. 1. 1. 1. 1. 1. 1. 1. 1. 1.]
 [1. 1. 1. 1. 1. 1. 1. 1. 1. 1.]
 [1. 1. 1. 1. 1. 1. 1. 1. 1. 1.]
 [1. 1. 1. 1. 1. 1. 1. 1. 1. 1.]
 [1. 1. 1. 1. 1. 1. 1. 1. 1. 1.]
 [1. 1. 1. 1. 1. 1. 1. 1. 1. 1.]]
Rh: [[ 5.03451732  6.88879074  6.59866106 11.12219685  3.12873048  1.09536674
   1.74885801  1.59612035  5.42895141 11.61471723  4.99618577]
 [ 1.2404442   9.89385482  1.04697658  1.52333818 12.56502123  7.08437111
   2.72091054  6.94357679  1.17127098  1.24469954 13.1515542 ]
 [ 8.84493813  1.03474771  6.37869506  9.66448171  2.02025448 15.6640801
   6.9899022   8.14820797  7.98633568 10.27710397 15.32960398]
 [17.80285836  3.13793443  1.17344006  1.49123641  2.45034377 14.275536
   1.77388348  4.13542687  4.60518346  4.04144178  8.13597143]
 [ 5.19222762 13.03588496 17.86196102  1.62708388  8.80285697 18.44609986
   2.55679006  8.60169066 18.56521077  1.19309767  8.71444339]
 [ 3.12722721  5.46583625  2.06454374 14.22361957  5.10288611  5.40956132
   1.04202255  1.46026848  5.39851889  5.88859035 13.14764522]
 [ 1.22470874  7.23780967  4.07262633  8.48716446  5.51949199  2.45190272
   6.91932441  4.15661786  6.15239087  2.46606659  3.9615227 ]
 [ 8.42901456  1.51139885  6.10654308  2.0210731   4.65356507  4.67602781
   2.91490533  3.11079681 12.61172953 15.41233782  6.41872358]
 [ 5.42635725  2.99049314  2.50265153  1.02781254  1.90083649  2.12034345
  14.6212295   7.12581031 16.23854111  1.6491011   1.5635315 ]
 [ 2.12069157  6.45995565  5.17440225 11.54941969  1.93046672  3.96063487
   1.2054037   8.27419228  4.32081819 16.91426783 13.87178266]]
Rv: [[ 2.60953894  2.84749645  3.81772784 10.25106967 11.10382205 18.28086887
   9.15345557 17.26994613  1.31261502  5.05100974]
 [ 3.11105442  3.01068732  7.28040691  1.51062644  8.77014381  8.40775422
  13.38246918  1.16980668  3.25993377  5.00251385]
 [ 3.21048168  6.21064768 12.72062977 10.5336815   5.43711304  8.35911393
  15.3645804   2.3542799   4.27706709  3.57708335]
 [11.36529961  2.01794465  3.65168443  3.27659758 17.54345656  1.47185818
   7.17610937  9.39202836  9.54740916  4.27735078]
 [ 1.94978852  2.28525936  3.46434935  8.47598664 10.44158754  7.28242326
   1.03089499  2.60858044  2.20021502  2.93371161]
 [ 1.7608572   8.50342428 17.83021107  6.65002113 11.55361037  1.34856184
   2.23137151  1.26687561  4.31381808  3.93522018]
 [10.17107288 13.46106822  3.9551432   9.37923892  3.11689036 11.47004077
   1.01796595 15.90833705  1.80523291 10.75726698]
 [ 6.01631454  2.99886961  1.83257984  1.42490753  7.83767458 11.65919505
   8.19913421 11.42503733  1.43019954 11.49193607]
 [ 7.68771623  2.42353056  1.34693434  1.0106948   1.15590085  1.34146611
  16.18931589  1.32527678  6.65064371 10.25594857]]