-------Running parameters--------
T = 0.0
gap = 0
M = 10
N = 10
VR = 0.0
Vmin = 0.0
Vmax = 4.0
vStep = 0.01
vSym = False
repeats = 20
fileName = array_10_10_r_vg_disorder_run_5
dist = exp
fullOutput = True
use_graph = False
current_map = True
plot_current_map = False
plot_binary_current_map = False
dbg = False
resume = False
sc = False
leaping = False
constQ = False
modifyR = False
output_folder = 2d_array_bgu_different_disorder
params_path = 
VG_avg = 0.0
VG_std = 5.0
C_avg = 1.0
C_std = 0.0
CG_avg = 10.0
CG_std = 0.0
R_avg = 10.0
R_std = 9.0
custom_rh = ""
custom_rv = ""
custom_ch = ""
custom_cv = ""
RG_avg = 500.0
RG_std = 0.0
n0_avg = 0.0
n0_std = 0.0
Q0_avg = 0.0
Q0_std = 0.0
----Array Parameters-----
Rows: 10
Columns: 10
VG: [[ 3.19087915]
 [ 4.9212556 ]
 [-0.83753523]
 [-3.66501213]
 [-2.54080005]
 [ 0.39256175]
 [ 3.30726354]
 [ 3.91400955]
 [-4.79295132]
 [-3.0280639 ]
 [ 1.44488972]
 [-1.83127634]
 [-0.92018937]
 [-4.9244483 ]
 [-2.29742414]
 [ 3.13250639]
 [-3.84914643]
 [ 3.71026215]
 [-4.33173323]
 [-2.26339418]
 [-4.83782595]
 [-2.68444744]
 [-2.64914814]
 [ 0.99236843]
 [-4.14057558]
 [-4.76748091]
 [-3.59012045]
 [ 2.86968913]
 [-1.01034606]
 [ 2.27576218]
 [-2.99098634]
 [-2.56160821]
 [ 0.50315172]
 [ 1.82441667]
 [ 0.76845797]
 [-1.77417892]
 [-2.28617924]
 [ 3.94874209]
 [-1.34651606]
 [ 4.97274093]
 [-1.87341733]
 [-1.35207927]
 [ 0.79339427]
 [-4.79825052]
 [ 0.18929765]
 [ 0.78682878]
 [ 2.62921948]
 [-1.92867647]
 [ 0.19076574]
 [ 2.96683164]
 [ 1.47380634]
 [-3.40933242]
 [-2.26177111]
 [-0.51966489]
 [ 2.86179406]
 [-3.27826161]
 [-3.86631323]
 [ 4.24664706]
 [ 3.73675664]
 [ 2.08625166]
 [-2.32365437]
 [-3.99023603]
 [ 2.81459687]
 [ 3.1646595 ]
 [ 3.1370605 ]
 [-3.97683879]
 [-3.3056789 ]
 [ 3.95109859]
 [ 2.95865056]
 [ 2.2520393 ]
 [ 3.27114149]
 [-1.19467118]
 [ 0.5286079 ]
 [ 4.05772831]
 [-1.73096839]
 [ 1.55769299]
 [-2.4780013 ]
 [-0.76976453]
 [-2.74748937]
 [ 4.60298323]
 [-3.34742549]
 [ 3.50964739]
 [-1.93781041]
 [ 2.2433882 ]
 [ 0.83659394]
 [ 4.79085482]
 [-0.61795255]
 [ 0.70634418]
 [-1.34504873]
 [-2.52919105]
 [ 3.82301987]
 [-1.06348244]
 [ 4.66182568]
 [ 1.27937236]
 [-0.51696619]
 [ 3.78287579]
 [ 2.6362667 ]
 [-2.28186587]
 [-1.25261385]
 [ 3.17364301]]
CG: [[10.]
 [10.]
 [10.]
 [10.]
 [10.]
 [10.]
 [10.]
 [10.]
 [10.]
 [10.]
 [10.]
 [10.]
 [10.]
 [10.]
 [10.]
 [10.]
 [10.]
 [10.]
 [10.]
 [10.]
 [10.]
 [10.]
 [10.]
 [10.]
 [10.]
 [10.]
 [10.]
 [10.]
 [10.]
 [10.]
 [10.]
 [10.]
 [10.]
 [10.]
 [10.]
 [10.]
 [10.]
 [10.]
 [10.]
 [10.]
 [10.]
 [10.]
 [10.]
 [10.]
 [10.]
 [10.]
 [10.]
 [10.]
 [10.]
 [10.]
 [10.]
 [10.]
 [10.]
 [10.]
 [10.]
 [10.]
 [10.]
 [10.]
 [10.]
 [10.]
 [10.]
 [10.]
 [10.]
 [10.]
 [10.]
 [10.]
 [10.]
 [10.]
 [10.]
 [10.]
 [10.]
 [10.]
 [10.]
 [10.]
 [10.]
 [10.]
 [10.]
 [10.]
 [10.]
 [10.]
 [10.]
 [10.]
 [10.]
 [10.]
 [10.]
 [10.]
 [10.]
 [10.]
 [10.]
 [10.]
 [10.]
 [10.]
 [10.]
 [10.]
 [10.]
 [10.]
 [10.]
 [10.]
 [10.]
 [10.]]
RG: [[500.]
 [500.]
 [500.]
 [500.]
 [500.]
 [500.]
 [500.]
 [500.]
 [500.]
 [500.]
 [500.]
 [500.]
 [500.]
 [500.]
 [500.]
 [500.]
 [500.]
 [500.]
 [500.]
 [500.]
 [500.]
 [500.]
 [500.]
 [500.]
 [500.]
 [500.]
 [500.]
 [500.]
 [500.]
 [500.]
 [500.]
 [500.]
 [500.]
 [500.]
 [500.]
 [500.]
 [500.]
 [500.]
 [500.]
 [500.]
 [500.]
 [500.]
 [500.]
 [500.]
 [500.]
 [500.]
 [500.]
 [500.]
 [500.]
 [500.]
 [500.]
 [500.]
 [500.]
 [500.]
 [500.]
 [500.]
 [500.]
 [500.]
 [500.]
 [500.]
 [500.]
 [500.]
 [500.]
 [500.]
 [500.]
 [500.]
 [500.]
 [500.]
 [500.]
 [500.]
 [500.]
 [500.]
 [500.]
 [500.]
 [500.]
 [500.]
 [500.]
 [500.]
 [500.]
 [500.]
 [500.]
 [500.]
 [500.]
 [500.]
 [500.]
 [500.]
 [500.]
 [500.]
 [500.]
 [500.]
 [500.]
 [500.]
 [500.]
 [500.]
 [500.]
 [500.]
 [500.]
 [500.]
 [500.]
 [500.]]
Ch: [[1. 1. 1. 1. 1. 1. 1. 1. 1. 1. 1.]
 [1. 1. 1. 1. 1. 1. 1. 1. 1. 1. 1.]
 [1. 1. 1. 1. 1. 1. 1. 1. 1. 1. 1.]
 [1. 1. 1. 1. 1. 1. 1. 1. 1. 1. 1.]
 [1. 1. 1. 1. 1. 1. 1. 1. 1. 1. 1.]
 [1. 1. 1. 1. 1. 1. 1. 1. 1. 1. 1.]
 [1. 1. 1. 1. 1. 1. 1. 1. 1. 1. 1.]
 [1. 1. 1. 1. 1. 1. 1. 1. 1. 1. 1.]
 [1. 1. 1. 1. 1. 1. 1. 1. 1. 1. 1.]
 [1. 1. 1. 1. 1. 1. 1. 1. 1. 1. 1.]]
Cv: [[0. 0. 0. 0. 0. 0. 0. 0. 0. 0.]
 [1. 1. 1. 1. 1. 1. 1. 1. 1. 1.]
 [1. 1. 1. 1. 1. 1. 1. 1. 1. 1.]
 [1. 1. 1. 1. 1. 1. 1. 1. 1. 1.]
 [1. 1. 1. 1. 1. 1. 1. 1. 1. 1.]
 [1. 1. 1. 1. 1. 1. 1. 1. 1. 1.]
 [1. 1. 1. 1. 1. 1. 1. 1. 1. 1.]
 [1. 1. 1. 1. 1. 1. 1. 1. 1. 1.]
 [1. 1. 1. 1. 1. 1. 1. 1. 1. 1.]
 [1. 1. 1. 1. 1. 1. 1. 1. 1. 1.]]
Rh: [[ 7.29973179  4.71770514  1.10445397  7.15296272  7.04987702  7.61038104
   9.28136914  1.38078035  4.95515335  1.08994068  1.08140002]
 [ 3.05803059  1.90102774  2.52932342  2.2349203   2.42847531  6.32541253
  10.43420525  4.07572897  3.31048476  2.12966138  4.54098843]
 [ 3.43945386  6.59176258  2.55417526  4.60060305 11.25275186  1.84943414
   2.62415852  1.47449392  1.7694357   1.05690553 11.27323292]
 [ 3.11916863  1.58496957  2.85029235  7.77385659  4.06223295 18.92973561
   1.6238928   1.8682439   2.79018645  6.78019864  1.77506624]
 [17.70543832  1.1115275   4.1191141   2.14964668  4.05052156  6.96656892
  10.08551674 17.64080722  8.34185886  4.60475385 10.99883248]
 [ 6.31736515  6.9698662   1.58815809  1.45053941  1.19586011  3.39441373
  17.95398074  3.65127729  9.13284524 10.18081725  1.97474601]
 [ 1.45018306 11.92003162 16.42645303 13.95177724  1.66275431 15.65795086
   3.73422937  2.98566528  1.7902838   8.27924334  3.99860426]
 [ 8.45322261  9.16647518  7.42577691  3.192658    1.07813943 16.40935082
   1.44159471  7.01295884  9.33838926  1.20089445  1.12962188]
 [ 3.1708894   7.56103257  1.713906   17.05422888  4.23599642  6.09668645
   5.83110794  2.38134674  1.64034674  6.06472251  2.84196029]
 [ 8.03598406  1.33948714  7.89578842  1.99305879  2.93404192  1.22615591
   8.14473091  2.47429292  1.170796   16.33178951 13.29520511]]
Rv: [[ 4.14918498  6.42837578  6.51644012  2.05224242  1.25264296 12.14546448
   2.16502579  6.58747039  3.6304117   3.79247171]
 [ 1.11530931  5.79400974  3.95212223  2.48609394  5.85646706  1.23752398
   6.34118893 11.47704445  1.81102063  3.12508586]
 [ 2.31209696 17.1963694   1.78925367  2.27421715 13.28066943  7.13598242
  10.28278578  1.4130806   1.72417134 17.08903509]
 [15.23316384  4.47121363  3.6257037   3.66652682  1.89017707  3.73573608
   1.48434774  1.11451507  3.43332296  7.96756702]
 [13.61394338  2.00982542  3.22839389  5.02188285  1.76572882 18.74272335
  15.10798646  4.25871151  9.98184853  1.07674345]
 [17.77923227  2.54008268 15.90519195  7.60495117  9.86359382 12.73730092
   3.37707356  1.07260726 11.56313923  3.52313871]
 [ 3.86273355  7.21019872 12.49308218  4.26453628  5.30341929  1.77344693
   1.63285055  2.65070069  1.57361733  3.49589409]
 [ 1.09439538  1.82508874  9.68185673  2.75692816  7.16260961 11.67990697
   2.22708214  8.78536362  4.78046273  2.12779145]
 [ 1.72984501  6.38232839  1.71047183  2.93551489  1.20191411  2.65475481
   4.11010939 12.48813563  3.08223616  3.6778153 ]]