-------Running parameters--------
T = 0.0
gap = 0
M = 10
N = 10
VR = 0.0
Vmin = 0.0
Vmax = 4.0
vStep = 0.01
vSym = False
repeats = 20
fileName = array_10_10_r_cg_c_disorder_run_1
dist = exp
fullOutput = True
use_graph = False
current_map = True
plot_current_map = False
plot_binary_current_map = False
dbg = False
resume = False
sc = False
leaping = False
constQ = False
modifyR = False
output_folder = 2d_array_bgu_different_disorder
params_path = 
VG_avg = 0.0
VG_std = 0.0
C_avg = 1.0
C_std = 0.7
CG_avg = 10.0
CG_std = 5.0
R_avg = 10.0
R_std = 9.0
custom_rh = ""
custom_rv = ""
custom_ch = ""
custom_cv = ""
RG_avg = 500.0
RG_std = 0.0
n0_avg = 0.0
n0_std = 0.0
Q0_avg = 0.0
Q0_std = 0.0
----Array Parameters-----
Rows: 10
Columns: 10
VG: [[0.]
 [0.]
 [0.]
 [0.]
 [0.]
 [0.]
 [0.]
 [0.]
 [0.]
 [0.]
 [0.]
 [0.]
 [0.]
 [0.]
 [0.]
 [0.]
 [0.]
 [0.]
 [0.]
 [0.]
 [0.]
 [0.]
 [0.]
 [0.]
 [0.]
 [0.]
 [0.]
 [0.]
 [0.]
 [0.]
 [0.]
 [0.]
 [0.]
 [0.]
 [0.]
 [0.]
 [0.]
 [0.]
 [0.]
 [0.]
 [0.]
 [0.]
 [0.]
 [0.]
 [0.]
 [0.]
 [0.]
 [0.]
 [0.]
 [0.]
 [0.]
 [0.]
 [0.]
 [0.]
 [0.]
 [0.]
 [0.]
 [0.]
 [0.]
 [0.]
 [0.]
 [0.]
 [0.]
 [0.]
 [0.]
 [0.]
 [0.]
 [0.]
 [0.]
 [0.]
 [0.]
 [0.]
 [0.]
 [0.]
 [0.]
 [0.]
 [0.]
 [0.]
 [0.]
 [0.]
 [0.]
 [0.]
 [0.]
 [0.]
 [0.]
 [0.]
 [0.]
 [0.]
 [0.]
 [0.]
 [0.]
 [0.]
 [0.]
 [0.]
 [0.]
 [0.]
 [0.]
 [0.]
 [0.]
 [0.]]
CG: [[ 5.95165006]
 [ 5.76094138]
 [ 5.34001681]
 [ 7.46561623]
 [ 8.19179425]
 [ 7.45313122]
 [ 6.53559688]
 [ 5.75928718]
 [12.43799973]
 [ 7.96841654]
 [ 7.72146717]
 [12.54396461]
 [ 7.39468499]
 [ 7.95049554]
 [11.19983424]
 [11.9061487 ]
 [ 5.80768171]
 [14.78270371]
 [ 8.73098429]
 [12.44228728]
 [10.12295348]
 [ 5.64207187]
 [ 7.37018437]
 [ 7.27169279]
 [ 7.49823411]
 [ 8.94616211]
 [ 6.59334989]
 [14.3643292 ]
 [12.94979433]
 [ 8.91729713]
 [ 7.22234897]
 [ 6.39530787]
 [ 9.93458623]
 [ 7.54724867]
 [ 6.08783711]
 [ 6.77583954]
 [ 7.08176128]
 [ 6.52323062]
 [ 6.25538636]
 [11.78411211]
 [ 9.31857111]
 [ 5.08763938]
 [ 8.44434487]
 [ 7.6462287 ]
 [13.38716083]
 [11.24778046]
 [ 5.08830192]
 [ 9.52350281]
 [ 6.29553731]
 [13.13655672]
 [ 8.58744835]
 [ 9.28728263]
 [ 6.83261429]
 [ 7.48611978]
 [11.29943501]
 [ 6.17621489]
 [12.94129883]
 [ 6.74740626]
 [ 6.32040705]
 [14.76218224]
 [10.40040751]
 [ 8.47314503]
 [12.82989711]
 [ 8.72308033]
 [ 7.91017442]
 [11.27770914]
 [14.57572227]
 [ 6.24027721]
 [ 6.55725415]
 [ 8.104021  ]
 [ 6.28204106]
 [ 8.52243016]
 [ 7.14659938]
 [ 5.36279312]
 [ 8.45241108]
 [11.52495626]
 [14.83112308]
 [ 6.8573736 ]
 [ 9.43497373]
 [ 9.20237099]
 [14.40443798]
 [10.82257095]
 [11.11167326]
 [14.61988184]
 [ 7.93336395]
 [ 7.9394888 ]
 [11.95917785]
 [ 7.76478304]
 [ 6.65994192]
 [ 6.76655828]
 [12.75025758]
 [14.39208757]
 [11.26889732]
 [13.53133535]
 [ 8.13500308]
 [ 6.57559803]
 [ 9.05599562]
 [ 6.91088651]
 [11.47182011]
 [ 5.43378776]]
RG: [[500.]
 [500.]
 [500.]
 [500.]
 [500.]
 [500.]
 [500.]
 [500.]
 [500.]
 [500.]
 [500.]
 [500.]
 [500.]
 [500.]
 [500.]
 [500.]
 [500.]
 [500.]
 [500.]
 [500.]
 [500.]
 [500.]
 [500.]
 [500.]
 [500.]
 [500.]
 [500.]
 [500.]
 [500.]
 [500.]
 [500.]
 [500.]
 [500.]
 [500.]
 [500.]
 [500.]
 [500.]
 [500.]
 [500.]
 [500.]
 [500.]
 [500.]
 [500.]
 [500.]
 [500.]
 [500.]
 [500.]
 [500.]
 [500.]
 [500.]
 [500.]
 [500.]
 [500.]
 [500.]
 [500.]
 [500.]
 [500.]
 [500.]
 [500.]
 [500.]
 [500.]
 [500.]
 [500.]
 [500.]
 [500.]
 [500.]
 [500.]
 [500.]
 [500.]
 [500.]
 [500.]
 [500.]
 [500.]
 [500.]
 [500.]
 [500.]
 [500.]
 [500.]
 [500.]
 [500.]
 [500.]
 [500.]
 [500.]
 [500.]
 [500.]
 [500.]
 [500.]
 [500.]
 [500.]
 [500.]
 [500.]
 [500.]
 [500.]
 [500.]
 [500.]
 [500.]
 [500.]
 [500.]
 [500.]
 [500.]]
Ch: [[0.61995302 0.52343166 0.60652074 0.45430475 0.31702299 1.56676206
  0.36298059 1.0002728  0.92032915 1.36787149 1.66601091]
 [0.88038603 1.59942861 1.33053066 0.4353274  1.06491267 1.61862559
  1.52181172 1.3133839  1.344357   0.40412832 0.59468654]
 [1.498477   0.87623892 0.45225436 0.84248708 0.76522601 1.51154867
  0.43969817 1.02664149 1.29947332 1.49289169 0.72877411]
 [1.24704407 0.31227411 0.86363159 0.58805213 0.34427196 1.02137863
  0.4766739  0.9244499  1.5502567  0.68860907 1.21143168]
 [0.91262958 0.54446177 0.78376863 0.74324141 0.67929901 0.35537759
  0.47673354 0.60698804 0.36679454 0.97042511 0.35032566]
 [1.42696085 1.19185556 0.46117244 0.4169878  0.85872703 0.32812111
  0.53231584 0.80773819 1.17449539 1.02610117 0.34361889]
 [1.31864881 0.37791862 1.17792691 0.8800412  1.53478057 1.43279969
  1.1600571  0.53352385 1.51685115 0.50865124 0.75616902]
 [0.44129633 0.92642003 1.59387829 1.05951973 1.11545328 1.65023919
  0.98666967 0.56935337 0.31674539 1.17010881 1.38073941]
 [1.41126511 0.33393143 0.40755431 0.72970042 0.84648044 0.35291465
  0.368549   0.53925266 0.33150579 1.61405429 0.36168425]
 [1.2987249  0.95130207 1.10357262 1.3988679  1.66629548 0.33774678
  0.38754706 1.49423172 0.48214467 1.41064147 0.93007476]]
Cv: [[0.         0.         0.         0.         0.         0.
  0.         0.         0.         0.        ]
 [0.37441937 1.53190485 0.58060715 0.44138303 0.8983354  1.62208305
  1.55930911 0.61072025 0.35958632 1.33432639]
 [0.99640978 0.36387898 1.13218781 0.62383662 0.5065574  1.0487834
  1.50712966 1.10351989 0.50689239 1.57116598]
 [0.91111808 0.34730971 1.26330722 0.61803953 0.32980094 1.4611866
  1.06734184 0.58367889 0.54705553 0.44812744]
 [0.4137778  0.93077967 0.43738436 0.53550609 1.67736815 0.83343288
  1.44792682 0.68126928 0.65164529 1.1435007 ]
 [0.30216693 0.40288168 0.61035265 0.41636788 0.81219035 1.62606523
  1.035904   1.29578963 1.16688079 0.36783239]
 [1.50493314 0.71859777 0.36692434 0.46853925 0.66344722 0.94386807
  0.35253021 0.78259497 0.3122375  1.18464433]
 [0.37970982 0.4327315  0.84383357 1.23450967 1.23417995 0.58568358
  0.73226568 0.58569365 0.37434181 0.61667483]
 [1.44863706 0.71758888 0.37513298 0.88722392 0.33512781 1.50146683
  0.9715288  1.26110994 1.43735161 0.86003289]
 [0.40013942 0.67622085 0.62179049 1.25250314 0.44904606 0.46745868
  0.65015216 0.49055443 1.36636679 0.31679778]]
Rh: [[ 4.92494486 11.5491982   4.60898331  3.9435392   1.64665703  2.32377598
  11.78680042  3.44258357  1.32628802  2.73285721 12.36327757]
 [ 1.14799485 12.50920756  1.48270717  3.08045706  2.53626415  1.36840129
   4.29100822  1.03296536  4.10545312 16.43422919  5.10158933]
 [ 7.20691468 18.14788018  1.62860433  9.54672892  4.43432867  1.83038162
   2.02803283  1.67581448 12.70728201  5.04631646  5.5271649 ]
 [ 8.67183543  3.8160778   6.19721939  3.86441104  7.42180342  7.87408624
   3.80391581  4.84434319  6.52297332  1.97065659 14.1988613 ]
 [ 3.03755643  1.01819023 18.75993082  1.88461781  1.25385028 11.2834804
   2.92788524  7.53853334  1.29292361 14.90128855  1.15878578]
 [13.10699539 13.53724215  3.12228766  3.83656218  2.23726471 16.40757264
   1.51949988 16.83508193 12.42002822  3.99377964  1.3179572 ]
 [ 3.76085579  2.34985127  1.78488336  7.5333088   3.88996957  2.0458928
   1.15052853 10.3789448   2.07350799  4.57939781 12.08046055]
 [ 9.77340656  1.33431039  1.46238307  4.90454345  2.29841363  1.95691304
  14.8063845   5.07393176  3.87660747 15.32272613 10.34414956]
 [ 1.105691    1.17460227  1.64085026  9.10618577  1.16382193  6.59867501
   1.76268599  7.52617783  2.70967308 12.76577654  1.0480363 ]
 [ 2.77387951  7.06513674 14.97886204  6.21161362  5.92241985  3.5867337
  18.7466715   2.26071482 15.71154598  1.53022564  1.15453406]]
Rv: [[ 4.45911435  9.61181711  1.30702981  1.97230254 13.26013889 18.45721387
  11.66519909 10.57460621  5.29076031  3.25590507]
 [ 5.82982018  6.93202886  1.09300734  5.28670676  7.32031365  3.39396575
   3.78884065 12.55185631  7.586995   12.9569533 ]
 [ 2.47137038 14.5354985   1.39690784  2.26648339  1.16018676  5.11417926
   1.49140648 11.50389248  1.88982285  1.06604447]
 [ 1.49110546  7.62141541  1.54422137 10.66530181  2.03788773  1.79735382
   5.86525577  8.38787946  3.93457291  1.27585414]
 [ 2.48177708  1.86060727  1.2818857   2.02297795  5.36183079  1.70760843
   1.31979918 18.86734335 13.37949318  4.6283984 ]
 [17.4625996   3.32993843  1.81363697  7.5620998   3.18233481 11.17393509
   6.05688354  7.08218109  1.60619676  1.60087617]
 [ 1.27968587  2.10483988  1.71147401  4.60202342 12.93295359  1.11549254
   2.39573328  3.92092122 16.32012384  2.32960617]
 [13.56798604  4.21790931  4.37014101  4.77096724  2.11467575 12.89278725
  16.65220754  5.66850051  2.57223425  1.72924673]
 [ 8.29776376  2.40476339  3.6146079  12.51341286  7.951019    6.2554506
   9.7295605   3.90255539  1.91713299  6.71294239]]