-------Running parameters--------
T = 0.0
gap = 0
M = 10
N = 10
VR = 0.0
Vmin = 0.0
Vmax = 4.0
vStep = 0.01
vSym = False
repeats = 20
fileName = array_10_10_c_disorder_run_2
dist = exp
fullOutput = True
use_graph = False
current_map = True
plot_current_map = False
plot_binary_current_map = False
dbg = False
resume = False
sc = False
leaping = False
constQ = False
modifyR = False
output_folder = 2d_array_bgu_different_disorder
params_path = 
VG_avg = 0.0
VG_std = 0.0
C_avg = 1.0
C_std = 0.7
CG_avg = 10.0
CG_std = 0.0
R_avg = 10.0
R_std = 0.0
custom_rh = ""
custom_rv = ""
custom_ch = ""
custom_cv = ""
RG_avg = 500.0
RG_std = 0.0
n0_avg = 0.0
n0_std = 0.0
Q0_avg = 0.0
Q0_std = 0.0
----Array Parameters-----
Rows: 10
Columns: 10
VG: [[0.]
 [0.]
 [0.]
 [0.]
 [0.]
 [0.]
 [0.]
 [0.]
 [0.]
 [0.]
 [0.]
 [0.]
 [0.]
 [0.]
 [0.]
 [0.]
 [0.]
 [0.]
 [0.]
 [0.]
 [0.]
 [0.]
 [0.]
 [0.]
 [0.]
 [0.]
 [0.]
 [0.]
 [0.]
 [0.]
 [0.]
 [0.]
 [0.]
 [0.]
 [0.]
 [0.]
 [0.]
 [0.]
 [0.]
 [0.]
 [0.]
 [0.]
 [0.]
 [0.]
 [0.]
 [0.]
 [0.]
 [0.]
 [0.]
 [0.]
 [0.]
 [0.]
 [0.]
 [0.]
 [0.]
 [0.]
 [0.]
 [0.]
 [0.]
 [0.]
 [0.]
 [0.]
 [0.]
 [0.]
 [0.]
 [0.]
 [0.]
 [0.]
 [0.]
 [0.]
 [0.]
 [0.]
 [0.]
 [0.]
 [0.]
 [0.]
 [0.]
 [0.]
 [0.]
 [0.]
 [0.]
 [0.]
 [0.]
 [0.]
 [0.]
 [0.]
 [0.]
 [0.]
 [0.]
 [0.]
 [0.]
 [0.]
 [0.]
 [0.]
 [0.]
 [0.]
 [0.]
 [0.]
 [0.]
 [0.]]
CG: [[10.]
 [10.]
 [10.]
 [10.]
 [10.]
 [10.]
 [10.]
 [10.]
 [10.]
 [10.]
 [10.]
 [10.]
 [10.]
 [10.]
 [10.]
 [10.]
 [10.]
 [10.]
 [10.]
 [10.]
 [10.]
 [10.]
 [10.]
 [10.]
 [10.]
 [10.]
 [10.]
 [10.]
 [10.]
 [10.]
 [10.]
 [10.]
 [10.]
 [10.]
 [10.]
 [10.]
 [10.]
 [10.]
 [10.]
 [10.]
 [10.]
 [10.]
 [10.]
 [10.]
 [10.]
 [10.]
 [10.]
 [10.]
 [10.]
 [10.]
 [10.]
 [10.]
 [10.]
 [10.]
 [10.]
 [10.]
 [10.]
 [10.]
 [10.]
 [10.]
 [10.]
 [10.]
 [10.]
 [10.]
 [10.]
 [10.]
 [10.]
 [10.]
 [10.]
 [10.]
 [10.]
 [10.]
 [10.]
 [10.]
 [10.]
 [10.]
 [10.]
 [10.]
 [10.]
 [10.]
 [10.]
 [10.]
 [10.]
 [10.]
 [10.]
 [10.]
 [10.]
 [10.]
 [10.]
 [10.]
 [10.]
 [10.]
 [10.]
 [10.]
 [10.]
 [10.]
 [10.]
 [10.]
 [10.]
 [10.]]
RG: [[500.]
 [500.]
 [500.]
 [500.]
 [500.]
 [500.]
 [500.]
 [500.]
 [500.]
 [500.]
 [500.]
 [500.]
 [500.]
 [500.]
 [500.]
 [500.]
 [500.]
 [500.]
 [500.]
 [500.]
 [500.]
 [500.]
 [500.]
 [500.]
 [500.]
 [500.]
 [500.]
 [500.]
 [500.]
 [500.]
 [500.]
 [500.]
 [500.]
 [500.]
 [500.]
 [500.]
 [500.]
 [500.]
 [500.]
 [500.]
 [500.]
 [500.]
 [500.]
 [500.]
 [500.]
 [500.]
 [500.]
 [500.]
 [500.]
 [500.]
 [500.]
 [500.]
 [500.]
 [500.]
 [500.]
 [500.]
 [500.]
 [500.]
 [500.]
 [500.]
 [500.]
 [500.]
 [500.]
 [500.]
 [500.]
 [500.]
 [500.]
 [500.]
 [500.]
 [500.]
 [500.]
 [500.]
 [500.]
 [500.]
 [500.]
 [500.]
 [500.]
 [500.]
 [500.]
 [500.]
 [500.]
 [500.]
 [500.]
 [500.]
 [500.]
 [500.]
 [500.]
 [500.]
 [500.]
 [500.]
 [500.]
 [500.]
 [500.]
 [500.]
 [500.]
 [500.]
 [500.]
 [500.]
 [500.]
 [500.]]
Ch: [[0.75973417 0.83044481 0.99485687 0.56146835 0.48151036 1.32563255
  0.72615449 0.43067293 0.35470777 0.43636773 0.35318642]
 [0.92707952 0.70699299 1.00277981 1.06445533 0.4514599  0.45433585
  1.44724048 0.52526433 0.66434129 0.88130441 0.80717495]
 [1.08246556 0.56196369 0.40741771 1.69374699 1.65670172 0.64046837
  0.48004858 1.66621813 0.51922704 1.61751522 1.08402485]
 [0.52004342 0.36124835 0.7184271  0.67719628 0.70944869 0.7906356
  0.3543947  0.43294969 0.63369897 0.65046165 1.1389909 ]
 [0.4426242  0.43084435 1.38653356 0.33819767 1.20641517 0.3294274
  1.07041866 0.4768549  0.73243062 0.73028884 1.02751508]
 [1.19021659 0.49643578 0.81141856 0.345418   0.76332322 1.34834344
  1.05217239 1.04359512 0.75214642 1.28781171 0.34207786]
 [0.93431464 0.34035588 0.70513894 0.36151043 0.86037878 1.09060574
  0.60468694 0.52536464 1.67913963 1.40380308 0.80270061]
 [0.88997545 0.38293988 0.41382894 0.94585588 0.47930873 0.35612072
  0.30478365 1.42324708 0.4170089  0.35066184 1.053987  ]
 [0.84299495 0.33313195 1.36525852 0.55119266 1.0691846  0.81736034
  1.16653594 0.46845315 0.67743049 0.98913231 1.09160733]
 [0.48067292 1.17778412 0.6080837  0.60390156 0.40645253 0.36332773
  1.13718466 0.49554467 0.41950537 0.51615248 0.534853  ]]
Cv: [[0.         0.         0.         0.         0.         0.
  0.         0.         0.         0.        ]
 [1.64753784 0.4884464  1.03145887 1.03270016 0.37505939 0.3375735
  0.97000775 0.79706966 0.42081048 0.4698126 ]
 [0.77293655 0.50191382 1.52283337 0.4607233  0.38044697 0.34740896
  0.33148941 0.53122798 1.37173997 1.63662061]
 [1.48783504 1.00223447 1.44442287 1.44762502 0.37811538 0.41763388
  0.58969063 0.51546939 1.48335567 0.33391912]
 [0.6212789  0.45562781 1.37096421 1.03235889 1.35412679 1.22206514
  1.08091962 0.41721982 0.48104393 1.50346064]
 [0.32182814 1.10425604 0.66858311 0.72630994 1.50852449 0.65562062
  0.41290907 0.48740374 0.96715131 0.43529817]
 [1.22709239 0.85805982 1.16860651 0.70541113 0.54411452 1.38104054
  0.76709237 0.63236301 1.28714754 1.53232262]
 [0.33168297 0.97127937 0.7822591  0.31851047 0.3888337  0.38673426
  1.44921773 0.32878134 0.44953875 0.54397032]
 [0.89944107 0.41039142 0.95188595 0.4982945  0.42252137 1.58379184
  1.60580592 0.3445493  0.83133158 0.42604372]
 [0.8749738  0.34381958 1.27802122 0.74247261 0.41005982 0.55048407
  1.54443787 1.3362847  1.19988516 0.87246144]]
Rh: [[10. 10. 10. 10. 10. 10. 10. 10. 10. 10. 10.]
 [10. 10. 10. 10. 10. 10. 10. 10. 10. 10. 10.]
 [10. 10. 10. 10. 10. 10. 10. 10. 10. 10. 10.]
 [10. 10. 10. 10. 10. 10. 10. 10. 10. 10. 10.]
 [10. 10. 10. 10. 10. 10. 10. 10. 10. 10. 10.]
 [10. 10. 10. 10. 10. 10. 10. 10. 10. 10. 10.]
 [10. 10. 10. 10. 10. 10. 10. 10. 10. 10. 10.]
 [10. 10. 10. 10. 10. 10. 10. 10. 10. 10. 10.]
 [10. 10. 10. 10. 10. 10. 10. 10. 10. 10. 10.]
 [10. 10. 10. 10. 10. 10. 10. 10. 10. 10. 10.]]
Rv: [[10. 10. 10. 10. 10. 10. 10. 10. 10. 10.]
 [10. 10. 10. 10. 10. 10. 10. 10. 10. 10.]
 [10. 10. 10. 10. 10. 10. 10. 10. 10. 10.]
 [10. 10. 10. 10. 10. 10. 10. 10. 10. 10.]
 [10. 10. 10. 10. 10. 10. 10. 10. 10. 10.]
 [10. 10. 10. 10. 10. 10. 10. 10. 10. 10.]
 [10. 10. 10. 10. 10. 10. 10. 10. 10. 10.]
 [10. 10. 10. 10. 10. 10. 10. 10. 10. 10.]
 [10. 10. 10. 10. 10. 10. 10. 10. 10. 10.]]