-------Running parameters--------
T = 0.0
gap = 0
M = 10
N = 10
VR = 0.0
Vmin = 0.0
Vmax = 4.0
vStep = 0.01
vSym = False
repeats = 20
fileName = array_10_10_r_vg_disorder_run_2
dist = exp
fullOutput = True
use_graph = False
current_map = True
plot_current_map = False
plot_binary_current_map = False
dbg = False
resume = False
sc = False
leaping = False
constQ = False
modifyR = False
output_folder = 2d_array_bgu_different_disorder
params_path = 
VG_avg = 0.0
VG_std = 5.0
C_avg = 1.0
C_std = 0.0
CG_avg = 10.0
CG_std = 0.0
R_avg = 10.0
R_std = 9.0
custom_rh = ""
custom_rv = ""
custom_ch = ""
custom_cv = ""
RG_avg = 500.0
RG_std = 0.0
n0_avg = 0.0
n0_std = 0.0
Q0_avg = 0.0
Q0_std = 0.0
----Array Parameters-----
Rows: 10
Columns: 10
VG: [[-2.51995139]
 [ 3.04369793]
 [ 3.75786416]
 [ 2.19953959]
 [-3.28568496]
 [ 4.10354395]
 [ 0.73147154]
 [ 2.43644213]
 [-0.88606723]
 [ 4.4348677 ]
 [ 0.73141443]
 [ 2.30244591]
 [-4.95951394]
 [ 0.21062368]
 [ 1.79319806]
 [-1.8475198 ]
 [ 2.18384126]
 [-2.39090365]
 [ 4.3776798 ]
 [-3.28301667]
 [-0.6430696 ]
 [-1.95986008]
 [-1.76907109]
 [ 0.59951517]
 [-3.96240716]
 [ 3.77883601]
 [ 3.71145936]
 [ 3.33508569]
 [-3.77726022]
 [-3.76579839]
 [ 3.44799591]
 [ 2.82519413]
 [-0.42295805]
 [ 3.00189849]
 [-4.56156589]
 [-0.55729729]
 [ 2.14442871]
 [-0.56288959]
 [ 3.56663888]
 [ 4.65483632]
 [ 3.65946548]
 [ 2.11259315]
 [-4.05719447]
 [-3.55089894]
 [ 0.57842711]
 [-1.29061677]
 [-2.25638361]
 [ 3.55972539]
 [ 0.04477982]
 [-0.05774284]
 [ 1.8224731 ]
 [-4.43752195]
 [-0.02467283]
 [-4.88501491]
 [-0.66868649]
 [ 4.0264628 ]
 [ 3.46383563]
 [ 1.01674265]
 [ 0.10453904]
 [ 1.53420458]
 [-2.50322872]
 [-2.24214231]
 [ 1.62813192]
 [ 3.46744458]
 [-0.72598915]
 [ 0.70268263]
 [ 2.70282916]
 [ 4.94409394]
 [-1.21032969]
 [-1.48301989]
 [-1.56782592]
 [-1.04885979]
 [-0.78324287]
 [-4.84562367]
 [ 0.8039176 ]
 [ 2.22943474]
 [ 2.31812134]
 [ 0.96216011]
 [-1.75957852]
 [-2.46556013]
 [-0.81931738]
 [-4.91410395]
 [ 4.79528532]
 [-0.18390938]
 [ 2.41746341]
 [-0.27582201]
 [ 1.87962173]
 [ 1.89913056]
 [-3.08132754]
 [ 1.16762137]
 [ 1.73585193]
 [-2.81455355]
 [-4.67006669]
 [-2.84483753]
 [-3.17949354]
 [ 2.41709794]
 [ 4.30622977]
 [-0.28395081]
 [-2.73563272]
 [-4.22730245]]
CG: [[10.]
 [10.]
 [10.]
 [10.]
 [10.]
 [10.]
 [10.]
 [10.]
 [10.]
 [10.]
 [10.]
 [10.]
 [10.]
 [10.]
 [10.]
 [10.]
 [10.]
 [10.]
 [10.]
 [10.]
 [10.]
 [10.]
 [10.]
 [10.]
 [10.]
 [10.]
 [10.]
 [10.]
 [10.]
 [10.]
 [10.]
 [10.]
 [10.]
 [10.]
 [10.]
 [10.]
 [10.]
 [10.]
 [10.]
 [10.]
 [10.]
 [10.]
 [10.]
 [10.]
 [10.]
 [10.]
 [10.]
 [10.]
 [10.]
 [10.]
 [10.]
 [10.]
 [10.]
 [10.]
 [10.]
 [10.]
 [10.]
 [10.]
 [10.]
 [10.]
 [10.]
 [10.]
 [10.]
 [10.]
 [10.]
 [10.]
 [10.]
 [10.]
 [10.]
 [10.]
 [10.]
 [10.]
 [10.]
 [10.]
 [10.]
 [10.]
 [10.]
 [10.]
 [10.]
 [10.]
 [10.]
 [10.]
 [10.]
 [10.]
 [10.]
 [10.]
 [10.]
 [10.]
 [10.]
 [10.]
 [10.]
 [10.]
 [10.]
 [10.]
 [10.]
 [10.]
 [10.]
 [10.]
 [10.]
 [10.]]
RG: [[500.]
 [500.]
 [500.]
 [500.]
 [500.]
 [500.]
 [500.]
 [500.]
 [500.]
 [500.]
 [500.]
 [500.]
 [500.]
 [500.]
 [500.]
 [500.]
 [500.]
 [500.]
 [500.]
 [500.]
 [500.]
 [500.]
 [500.]
 [500.]
 [500.]
 [500.]
 [500.]
 [500.]
 [500.]
 [500.]
 [500.]
 [500.]
 [500.]
 [500.]
 [500.]
 [500.]
 [500.]
 [500.]
 [500.]
 [500.]
 [500.]
 [500.]
 [500.]
 [500.]
 [500.]
 [500.]
 [500.]
 [500.]
 [500.]
 [500.]
 [500.]
 [500.]
 [500.]
 [500.]
 [500.]
 [500.]
 [500.]
 [500.]
 [500.]
 [500.]
 [500.]
 [500.]
 [500.]
 [500.]
 [500.]
 [500.]
 [500.]
 [500.]
 [500.]
 [500.]
 [500.]
 [500.]
 [500.]
 [500.]
 [500.]
 [500.]
 [500.]
 [500.]
 [500.]
 [500.]
 [500.]
 [500.]
 [500.]
 [500.]
 [500.]
 [500.]
 [500.]
 [500.]
 [500.]
 [500.]
 [500.]
 [500.]
 [500.]
 [500.]
 [500.]
 [500.]
 [500.]
 [500.]
 [500.]
 [500.]]
Ch: [[1. 1. 1. 1. 1. 1. 1. 1. 1. 1. 1.]
 [1. 1. 1. 1. 1. 1. 1. 1. 1. 1. 1.]
 [1. 1. 1. 1. 1. 1. 1. 1. 1. 1. 1.]
 [1. 1. 1. 1. 1. 1. 1. 1. 1. 1. 1.]
 [1. 1. 1. 1. 1. 1. 1. 1. 1. 1. 1.]
 [1. 1. 1. 1. 1. 1. 1. 1. 1. 1. 1.]
 [1. 1. 1. 1. 1. 1. 1. 1. 1. 1. 1.]
 [1. 1. 1. 1. 1. 1. 1. 1. 1. 1. 1.]
 [1. 1. 1. 1. 1. 1. 1. 1. 1. 1. 1.]
 [1. 1. 1. 1. 1. 1. 1. 1. 1. 1. 1.]]
Cv: [[0. 0. 0. 0. 0. 0. 0. 0. 0. 0.]
 [1. 1. 1. 1. 1. 1. 1. 1. 1. 1.]
 [1. 1. 1. 1. 1. 1. 1. 1. 1. 1.]
 [1. 1. 1. 1. 1. 1. 1. 1. 1. 1.]
 [1. 1. 1. 1. 1. 1. 1. 1. 1. 1.]
 [1. 1. 1. 1. 1. 1. 1. 1. 1. 1.]
 [1. 1. 1. 1. 1. 1. 1. 1. 1. 1.]
 [1. 1. 1. 1. 1. 1. 1. 1. 1. 1.]
 [1. 1. 1. 1. 1. 1. 1. 1. 1. 1.]
 [1. 1. 1. 1. 1. 1. 1. 1. 1. 1.]]
Rh: [[ 2.39731846  2.13935067  2.50618924 15.74942384  4.50849048  6.17560518
   1.13158232  6.58287505  1.75102698  3.00784674  4.37321873]
 [ 8.69626063  2.84095477 10.70303448  1.4948296   1.0769156   3.81379912
  17.39859007 14.95446182  4.33396811  6.23829906  2.91472767]
 [12.24428253  4.61976149  8.13163268  8.85890611 10.18378889  4.38243734
   8.60661016  9.98201942  7.35243841  1.23803419  5.73998473]
 [ 5.60984302  9.50919096  4.54769277 18.23186259  3.91454308 11.19735772
   5.17481608  9.63422635  7.12204457 17.90703417 10.7054503 ]
 [ 4.06814701  1.67565971  4.84666301 12.61236669 13.4677379  13.62330705
   5.52070203  2.01875161  4.47724753  7.76471555  3.92013467]
 [ 1.45795861  1.94021701  8.98739631  5.94158915 13.19550849  3.95132544
   5.6985538  10.76481974  4.07551697  6.14190883  8.86215712]
 [15.7867648   6.92120513  5.44620427 17.75461586 10.45604456  3.88619656
   1.55945832 17.36006413 18.57621208  2.73483607  1.23956249]
 [ 3.44321019 11.23711993  2.14004474 18.38044587  2.95242428 11.13093878
  14.09063779  1.41024652  6.58603122  1.82784913 14.47497249]
 [ 6.21686105  5.72250055 15.28781921  8.65839195 14.84239222  8.16165203
   4.38391576 11.64374157 11.62619698  2.41295966  7.62109687]
 [ 3.65076104  3.49189962  2.66473531  1.43878342  3.7979517   2.37503758
   1.63331265  7.66858846  3.04499938 12.56145938 13.94623677]]
Rv: [[ 1.49371847  2.16750414 14.18555441 17.65695805  2.34288526  2.5246511
   1.38045713 14.50515525  1.31661096 18.04955179]
 [ 5.01561185  4.89894031  1.61032751  1.1016847   7.86422678  4.32175844
   3.07341182  5.21222392 16.96641792  1.20096907]
 [ 6.62970119  8.80601581  2.60169097  9.69532063  1.11384909  1.4733471
  15.86133838 18.27680715  1.05660299 11.18699231]
 [ 4.85177116  1.96913547 14.59899385  8.20817706  4.12886695  3.63982915
   1.24085245  1.04690292 13.7230944   2.61271776]
 [ 1.74638016 10.94683759  8.43757599  2.65294345 16.00305716  1.25510781
  10.35277598  4.20819413 13.27181928  5.77328045]
 [ 2.46123324  3.91303545  7.46046811  1.94079734  7.81233069 11.78509741
   9.78465816  1.12914799  1.33980761  7.62987229]
 [ 6.14614444 14.9645391  12.1281562  10.04754163  1.44588633 16.53537404
   4.6482628   1.97881136 14.36861625  2.30791795]
 [ 1.91845737  6.15960154  1.12238826  1.17238225  4.01309363  5.00183423
   4.48478632  6.19493946  6.57232541  2.20798847]
 [ 4.06511318  1.61843512  1.03035633  1.53494081 16.19211766 11.74438304
  13.43568498  8.71785918  1.44124335  3.66121303]]