-------Running parameters--------
T = 0.0
gap = 0
M = 10
N = 10
VR = 0.0
Vmin = 0.0
Vmax = 4.0
vStep = 0.01
vSym = False
repeats = 20
fileName = array_10_10_r_c_disorder_run_1
dist = exp
fullOutput = True
use_graph = False
current_map = True
plot_current_map = False
plot_binary_current_map = False
dbg = False
resume = False
sc = False
leaping = False
constQ = False
modifyR = False
output_folder = 2d_array_bgu_different_disorder
params_path = 
VG_avg = 0.0
VG_std = 0.0
C_avg = 1.0
C_std = 0.7
CG_avg = 10.0
CG_std = 0.0
R_avg = 10.0
R_std = 9.0
custom_rh = ""
custom_rv = ""
custom_ch = ""
custom_cv = ""
RG_avg = 500.0
RG_std = 0.0
n0_avg = 0.0
n0_std = 0.0
Q0_avg = 0.0
Q0_std = 0.0
----Array Parameters-----
Rows: 10
Columns: 10
VG: [[0.]
 [0.]
 [0.]
 [0.]
 [0.]
 [0.]
 [0.]
 [0.]
 [0.]
 [0.]
 [0.]
 [0.]
 [0.]
 [0.]
 [0.]
 [0.]
 [0.]
 [0.]
 [0.]
 [0.]
 [0.]
 [0.]
 [0.]
 [0.]
 [0.]
 [0.]
 [0.]
 [0.]
 [0.]
 [0.]
 [0.]
 [0.]
 [0.]
 [0.]
 [0.]
 [0.]
 [0.]
 [0.]
 [0.]
 [0.]
 [0.]
 [0.]
 [0.]
 [0.]
 [0.]
 [0.]
 [0.]
 [0.]
 [0.]
 [0.]
 [0.]
 [0.]
 [0.]
 [0.]
 [0.]
 [0.]
 [0.]
 [0.]
 [0.]
 [0.]
 [0.]
 [0.]
 [0.]
 [0.]
 [0.]
 [0.]
 [0.]
 [0.]
 [0.]
 [0.]
 [0.]
 [0.]
 [0.]
 [0.]
 [0.]
 [0.]
 [0.]
 [0.]
 [0.]
 [0.]
 [0.]
 [0.]
 [0.]
 [0.]
 [0.]
 [0.]
 [0.]
 [0.]
 [0.]
 [0.]
 [0.]
 [0.]
 [0.]
 [0.]
 [0.]
 [0.]
 [0.]
 [0.]
 [0.]
 [0.]]
CG: [[10.]
 [10.]
 [10.]
 [10.]
 [10.]
 [10.]
 [10.]
 [10.]
 [10.]
 [10.]
 [10.]
 [10.]
 [10.]
 [10.]
 [10.]
 [10.]
 [10.]
 [10.]
 [10.]
 [10.]
 [10.]
 [10.]
 [10.]
 [10.]
 [10.]
 [10.]
 [10.]
 [10.]
 [10.]
 [10.]
 [10.]
 [10.]
 [10.]
 [10.]
 [10.]
 [10.]
 [10.]
 [10.]
 [10.]
 [10.]
 [10.]
 [10.]
 [10.]
 [10.]
 [10.]
 [10.]
 [10.]
 [10.]
 [10.]
 [10.]
 [10.]
 [10.]
 [10.]
 [10.]
 [10.]
 [10.]
 [10.]
 [10.]
 [10.]
 [10.]
 [10.]
 [10.]
 [10.]
 [10.]
 [10.]
 [10.]
 [10.]
 [10.]
 [10.]
 [10.]
 [10.]
 [10.]
 [10.]
 [10.]
 [10.]
 [10.]
 [10.]
 [10.]
 [10.]
 [10.]
 [10.]
 [10.]
 [10.]
 [10.]
 [10.]
 [10.]
 [10.]
 [10.]
 [10.]
 [10.]
 [10.]
 [10.]
 [10.]
 [10.]
 [10.]
 [10.]
 [10.]
 [10.]
 [10.]
 [10.]]
RG: [[500.]
 [500.]
 [500.]
 [500.]
 [500.]
 [500.]
 [500.]
 [500.]
 [500.]
 [500.]
 [500.]
 [500.]
 [500.]
 [500.]
 [500.]
 [500.]
 [500.]
 [500.]
 [500.]
 [500.]
 [500.]
 [500.]
 [500.]
 [500.]
 [500.]
 [500.]
 [500.]
 [500.]
 [500.]
 [500.]
 [500.]
 [500.]
 [500.]
 [500.]
 [500.]
 [500.]
 [500.]
 [500.]
 [500.]
 [500.]
 [500.]
 [500.]
 [500.]
 [500.]
 [500.]
 [500.]
 [500.]
 [500.]
 [500.]
 [500.]
 [500.]
 [500.]
 [500.]
 [500.]
 [500.]
 [500.]
 [500.]
 [500.]
 [500.]
 [500.]
 [500.]
 [500.]
 [500.]
 [500.]
 [500.]
 [500.]
 [500.]
 [500.]
 [500.]
 [500.]
 [500.]
 [500.]
 [500.]
 [500.]
 [500.]
 [500.]
 [500.]
 [500.]
 [500.]
 [500.]
 [500.]
 [500.]
 [500.]
 [500.]
 [500.]
 [500.]
 [500.]
 [500.]
 [500.]
 [500.]
 [500.]
 [500.]
 [500.]
 [500.]
 [500.]
 [500.]
 [500.]
 [500.]
 [500.]
 [500.]]
Ch: [[0.72160453 0.33911902 1.35858768 0.36307998 0.82384212 0.58889173
  0.81968105 0.33817349 0.93840893 0.31329933 1.08678832]
 [0.70760346 0.44304184 0.77133315 0.49097709 0.61388788 0.77330174
  0.80941786 0.57883519 0.7881328  0.34466478 0.86150957]
 [1.53789718 0.30822738 1.58996436 0.38841391 0.90727779 0.62917825
  0.4154831  0.61428056 0.77855049 0.47259502 0.64854723]
 [0.98202227 0.30703715 0.6769671  1.32148364 1.56081882 1.59640462
  0.83692159 0.95126182 1.05900291 0.5383496  1.2165162 ]
 [0.53627969 0.87720124 0.4086448  0.37648608 0.40515916 0.46908282
  0.44615664 0.80542932 0.56135028 0.62944669 1.37213359]
 [1.36200095 0.41907786 1.67313675 0.72943345 1.56229686 0.8845923
  0.34170203 0.33967362 0.6198207  0.37945772 0.42193154]
 [1.58506576 1.58489246 0.5644619  0.83821338 0.66540141 0.49140737
  1.48833161 0.4361434  0.38761883 0.88715226 1.55807658]
 [0.49811894 0.46112685 0.96920597 0.60883739 0.41068789 1.08090088
  1.27850812 0.55819056 0.58885182 0.69920529 1.02654128]
 [1.39316547 0.43186486 0.3068497  0.45653874 0.36973286 1.19046828
  1.44323968 0.33355869 0.9085813  0.44894693 0.32656487]
 [0.87325491 0.67480874 0.36357018 0.33921129 0.39838847 0.77016578
  0.86724349 0.97253671 0.79938625 0.63699318 0.53817091]]
Cv: [[0.         0.         0.         0.         0.         0.
  0.         0.         0.         0.        ]
 [0.68625276 1.42327278 0.7594022  0.36423448 0.45399943 0.86626502
  0.79076564 0.31733595 0.77368697 0.81451956]
 [1.28972119 0.92939531 0.75490702 1.54561648 0.42769601 1.16253242
  0.48944429 0.35683195 0.9671338  0.64739649]
 [0.30346186 1.68348322 0.82006023 1.20262378 1.35862861 0.67425433
  0.90240145 0.38237823 0.70516603 1.1244644 ]
 [0.5776879  0.3421236  0.99923105 1.46980641 0.50601333 0.32103822
  0.67093673 0.51608501 0.57033063 1.22323222]
 [1.05633108 0.37367662 0.40521945 0.30376478 0.66315345 0.97322744
  0.8999843  1.03481693 0.98978086 0.7022036 ]
 [0.8469126  0.59869794 1.69955972 0.58662956 0.5315033  0.64338807
  1.53215146 1.17332453 1.04297801 1.41879988]
 [1.48539817 1.1315442  0.63018214 1.35811971 1.46783634 0.86495588
  0.76312199 0.93905137 0.52110435 0.81318832]
 [0.33249008 0.30726968 0.61500773 1.47327704 1.16812631 0.80804263
  0.6935105  1.40361418 1.03761871 0.45198873]
 [0.31417192 0.76444158 1.43788167 0.71482135 0.35117377 1.20812197
  1.18203901 1.16457406 0.92016388 0.36556895]]
Rh: [[ 2.66329001  1.72120782  1.42175426 16.43696828  6.42625799  7.96448627
   2.45560311  2.30576659  1.34112956  3.76770632  1.26494353]
 [ 1.00620049  3.39123545  1.75054992  1.63075329  2.58453255  9.23419677
   1.04774446 13.08558813  3.48833628  9.51061575 16.97477268]
 [ 1.34268474  1.26639195  6.6516346   5.62097024 10.45828512  3.08096193
   1.46233176  4.27109139  4.31079176 15.79741326  6.21549152]
 [ 2.27237114 13.9054995   1.41360802 17.67167696  1.43868829  1.84131962
  17.52845561  6.4122862   3.5699031   2.25556634  9.44405222]
 [ 7.043604   11.40846702  1.4800542  11.14670809 11.4251938   5.92882381
   3.37694172  4.87986769 17.17194902  3.40852437  1.08502631]
 [17.63115093  1.39157583  8.9608872  15.3636508   5.26498557  5.1841304
   6.93209493  1.32531319 11.27929629  2.65463854  7.27906199]
 [ 3.01393687  5.4944903   4.29584502  2.25164889 11.56697413  1.46801012
  15.61520489  3.29481023  2.2680154   6.96009681  4.83303402]
 [ 1.64396086  1.2204359   1.17677382  2.46721787 17.40998249  1.13582748
   9.40329399  1.32206024 14.06218322 16.85357543 18.65071078]
 [ 3.97943424 18.44873345 11.86408878  1.05931825  7.90807264  1.20205982
  17.64702097  3.51448855  3.55590797  1.61606504  3.0017073 ]
 [ 5.46518817 15.48816918  3.45002644  3.43486815  2.03959676  3.22829201
  12.15658767 10.88406401 12.60212461  6.2604277   7.67696081]]
Rv: [[ 2.10341234  3.33645635  1.14341593  4.17500635  2.04157334  4.07665168
   9.4735445  14.77009199 11.68329708  8.90615209]
 [17.78168019 14.8362646  12.47706748  4.82878168 12.58891344  4.68637272
   6.13991382 13.60208076  9.59211613  2.02392221]
 [10.68603305 11.85853758 13.5947275   1.18544449 17.53791836  3.1187869
   1.94373438  1.6205034   3.43498304  8.59069068]
 [ 8.01492124  1.33132744 12.68837371  1.49403271  2.34037477 13.03908737
   2.67432888  1.49522629  2.33621222  8.02109238]
 [ 1.03079324 15.49065283  1.02421335  1.02170173  1.01905128  5.25594896
   3.73144831  1.12475171  1.10187231  2.79453735]
 [ 4.00365777 12.54600468  9.07684323  4.47955141  3.40405934  4.17786675
  10.03611068 17.95201825 14.41198852  8.54068927]
 [ 2.15850218  4.37307839  1.21154853  1.23517906  1.06351081  1.76004018
   3.83167604  1.22654125  9.02547022 13.58677943]
 [ 1.36355344 14.47136797  6.47400564 12.79982799 18.45644336 13.7380725
  13.44279032  4.70797438  4.53008969  5.42759537]
 [ 1.47456666  1.20864768 11.51123603  2.54300298  1.53577897  2.07146138
  12.07719275 17.04913685  3.32979814  2.97037225]]