-------Running parameters--------
T = 0.0
temperature_gradient = 0.0
gap = 0.0
M = 7
N = 7
VR = 0.0
Vmin = 0.0
Vmax = 2.0
vStep = 0.001
vSym = True
repeats = 50
fileName = array_7_7_run_5
dist = exp
fullOutput = False
use_graph = False
current_map = False
plot_current_map = False
plot_binary_current_map = False
frame_norm = False
dbg = False
resume = False
sc = False
leaping = False
constQ = False
modifyR = False
double_time = False
double_loop = False
calcIT = False
output_folder = different_size_arrays
params_path = 
VG_avg = 0.0
VG_std = 0.0
C_avg = 1.0
C_std = 0.9
CG_avg = 10.0
CG_std = 0.0
R_avg = 10.0
R_std = 9.0
custom_rh = ""
custom_rv = ""
custom_ch = ""
custom_cv = ""
RG_avg = 500.0
RG_std = 0.0
n0_avg = 0.0
n0_std = 0.0
Q0_avg = 0.0
Q0_std = 0.0
----Array Parameters-----
Rows: 7
Columns: 7
VG: [[0.]
 [0.]
 [0.]
 [0.]
 [0.]
 [0.]
 [0.]
 [0.]
 [0.]
 [0.]
 [0.]
 [0.]
 [0.]
 [0.]
 [0.]
 [0.]
 [0.]
 [0.]
 [0.]
 [0.]
 [0.]
 [0.]
 [0.]
 [0.]
 [0.]
 [0.]
 [0.]
 [0.]
 [0.]
 [0.]
 [0.]
 [0.]
 [0.]
 [0.]
 [0.]
 [0.]
 [0.]
 [0.]
 [0.]
 [0.]
 [0.]
 [0.]
 [0.]
 [0.]
 [0.]
 [0.]
 [0.]
 [0.]
 [0.]]
CG: [[10.]
 [10.]
 [10.]
 [10.]
 [10.]
 [10.]
 [10.]
 [10.]
 [10.]
 [10.]
 [10.]
 [10.]
 [10.]
 [10.]
 [10.]
 [10.]
 [10.]
 [10.]
 [10.]
 [10.]
 [10.]
 [10.]
 [10.]
 [10.]
 [10.]
 [10.]
 [10.]
 [10.]
 [10.]
 [10.]
 [10.]
 [10.]
 [10.]
 [10.]
 [10.]
 [10.]
 [10.]
 [10.]
 [10.]
 [10.]
 [10.]
 [10.]
 [10.]
 [10.]
 [10.]
 [10.]
 [10.]
 [10.]
 [10.]]
RG: [[500.]
 [500.]
 [500.]
 [500.]
 [500.]
 [500.]
 [500.]
 [500.]
 [500.]
 [500.]
 [500.]
 [500.]
 [500.]
 [500.]
 [500.]
 [500.]
 [500.]
 [500.]
 [500.]
 [500.]
 [500.]
 [500.]
 [500.]
 [500.]
 [500.]
 [500.]
 [500.]
 [500.]
 [500.]
 [500.]
 [500.]
 [500.]
 [500.]
 [500.]
 [500.]
 [500.]
 [500.]
 [500.]
 [500.]
 [500.]
 [500.]
 [500.]
 [500.]
 [500.]
 [500.]
 [500.]
 [500.]
 [500.]
 [500.]]
Ch: [[0.12282448 0.40537705 0.13062443 0.20502981 0.408506   0.51085207
  0.86917648 0.55765208]
 [0.16190846 0.33237982 1.00806824 0.98801885 1.79145183 0.26951857
  0.49820341 0.83131376]
 [0.31760715 0.64023687 1.37189404 0.25085821 0.1368509  0.19460063
  0.29126339 1.7310332 ]
 [1.87168898 0.158364   1.4835127  0.13193102 1.21215881 0.24146741
  0.16392939 0.43607316]
 [1.43711363 0.52119478 0.46950852 1.35316408 0.53700546 0.15301257
  0.13217501 0.85178363]
 [0.16947092 1.5067452  0.93514431 1.42999455 1.87935652 0.99788544
  0.22257499 1.54038669]
 [1.84115413 1.75619307 0.17617051 1.61811281 1.55625662 1.24302178
  1.12543229 0.59016985]]
Cv: [[0.         0.         0.         0.         0.         0.
  0.        ]
 [0.4458093  1.63112976 0.43334698 0.17164382 0.52348902 0.43514293
  0.17020299]
 [1.66245896 0.46160694 1.01694013 0.12596908 0.72028574 0.15857669
  0.39356966]
 [0.95491485 0.22716843 1.76375375 0.20685288 0.69715331 1.6572983
  0.1439226 ]
 [0.12531594 0.65771548 1.74559701 1.7386447  0.16774567 0.474093
  0.13971508]
 [0.30868552 0.30114239 0.61170632 0.84294207 0.3151012  0.52547435
  0.16524064]
 [0.69660063 0.62561657 0.1185003  0.46387582 0.76947232 0.11320549
  0.77848451]]
Rh: [[ 5.99981959 14.69601723  9.44435781  6.35853509 14.38131912  4.50803337
   1.11422713  3.25802057]
 [ 1.6919087  18.36225554  3.1034613  16.55245559  3.6574215   1.60334894
  11.07633884 16.46946455]
 [ 6.16924277 17.20551339  1.01390423  1.82178805  2.2053923   6.80992306
  14.11470383  3.52997803]
 [ 4.90520032  1.46189643  1.08454906 10.62351079  3.47896399  2.60000759
   2.23460761  1.15637405]
 [ 1.42513861 11.49048967  2.62213089  4.2226208   2.564517    1.2300114
  13.78266519  8.89341397]
 [ 1.58036669  5.14512943  1.85866242  1.16983447  2.39475887  4.37108006
   1.65463519  2.65277591]
 [16.55971359  4.04965839  2.65015798  2.80388065  4.15001063  1.11235213
   1.50118043  9.81084954]]
Rv: [[ 4.79741373  2.78472577  1.38788915  2.88894584  2.5149192   1.05001049
   9.92914065]
 [ 9.9441597  14.50824099  2.73629665 11.12684095  1.80448506  1.37709841
   6.6153976 ]
 [ 2.24651072  4.61926601 11.56934559  1.90334024 13.5977365   1.51981361
  18.75594661]
 [ 9.17829834 17.36063929  5.72879411  6.56946001  1.83243188  2.15496376
   6.4248703 ]
 [ 9.46602788  2.12991368 16.69067583  6.80138925 16.08661093 17.31410302
  18.12857596]
 [ 6.08787558  1.52640188  5.04484708  1.99132004  1.73118392  2.77902501
   7.01124145]]