-------Running parameters--------
T = 0.0
temperature_gradient = 0.0
gap = 0.0
M = 7
N = 7
VR = 0.0
Vmin = 0.0
Vmax = 2.0
vStep = 0.001
vSym = True
repeats = 50
fileName = array_7_7_run_1
dist = exp
fullOutput = False
use_graph = False
current_map = False
plot_current_map = False
plot_binary_current_map = False
frame_norm = False
dbg = False
resume = False
sc = False
leaping = False
constQ = False
modifyR = False
double_time = False
double_loop = False
calcIT = False
output_folder = different_size_arrays
params_path = 
VG_avg = 0.0
VG_std = 0.0
C_avg = 1.0
C_std = 0.9
CG_avg = 10.0
CG_std = 0.0
R_avg = 10.0
R_std = 9.0
custom_rh = ""
custom_rv = ""
custom_ch = ""
custom_cv = ""
RG_avg = 500.0
RG_std = 0.0
n0_avg = 0.0
n0_std = 0.0
Q0_avg = 0.0
Q0_std = 0.0
----Array Parameters-----
Rows: 7
Columns: 7
VG: [[0.]
 [0.]
 [0.]
 [0.]
 [0.]
 [0.]
 [0.]
 [0.]
 [0.]
 [0.]
 [0.]
 [0.]
 [0.]
 [0.]
 [0.]
 [0.]
 [0.]
 [0.]
 [0.]
 [0.]
 [0.]
 [0.]
 [0.]
 [0.]
 [0.]
 [0.]
 [0.]
 [0.]
 [0.]
 [0.]
 [0.]
 [0.]
 [0.]
 [0.]
 [0.]
 [0.]
 [0.]
 [0.]
 [0.]
 [0.]
 [0.]
 [0.]
 [0.]
 [0.]
 [0.]
 [0.]
 [0.]
 [0.]
 [0.]]
CG: [[10.]
 [10.]
 [10.]
 [10.]
 [10.]
 [10.]
 [10.]
 [10.]
 [10.]
 [10.]
 [10.]
 [10.]
 [10.]
 [10.]
 [10.]
 [10.]
 [10.]
 [10.]
 [10.]
 [10.]
 [10.]
 [10.]
 [10.]
 [10.]
 [10.]
 [10.]
 [10.]
 [10.]
 [10.]
 [10.]
 [10.]
 [10.]
 [10.]
 [10.]
 [10.]
 [10.]
 [10.]
 [10.]
 [10.]
 [10.]
 [10.]
 [10.]
 [10.]
 [10.]
 [10.]
 [10.]
 [10.]
 [10.]
 [10.]]
RG: [[500.]
 [500.]
 [500.]
 [500.]
 [500.]
 [500.]
 [500.]
 [500.]
 [500.]
 [500.]
 [500.]
 [500.]
 [500.]
 [500.]
 [500.]
 [500.]
 [500.]
 [500.]
 [500.]
 [500.]
 [500.]
 [500.]
 [500.]
 [500.]
 [500.]
 [500.]
 [500.]
 [500.]
 [500.]
 [500.]
 [500.]
 [500.]
 [500.]
 [500.]
 [500.]
 [500.]
 [500.]
 [500.]
 [500.]
 [500.]
 [500.]
 [500.]
 [500.]
 [500.]
 [500.]
 [500.]
 [500.]
 [500.]
 [500.]]
Ch: [[1.17395869 1.23519695 1.14012925 1.41467813 0.30404671 0.37412977
  1.84874703 0.33506084]
 [0.77588082 0.58195744 1.80149213 0.14405837 1.04577171 0.3299592
  0.20788975 0.51688551]
 [0.69689386 0.26665457 1.19128622 0.19549511 0.29209511 0.4257503
  0.11217402 0.38444688]
 [0.2147398  0.41242928 0.33169879 0.25900931 0.94223733 0.15993071
  1.82749656 0.18519282]
 [0.16544341 0.36787877 0.47674895 0.45615848 0.39899875 0.74207013
  1.06095739 0.22234938]
 [0.13369    0.11047048 0.14765676 0.81776796 0.56585087 1.16456971
  0.31106585 0.27718221]
 [0.23316971 0.97690242 0.78437328 0.15873173 0.67299389 0.35316194
  1.38425718 0.40667807]]
Cv: [[0.         0.         0.         0.         0.         0.
  0.        ]
 [1.30151522 0.14957188 0.12698986 0.35635039 0.16470023 0.99200803
  0.54889277]
 [0.21820088 0.56735244 0.28370421 1.84352993 1.16092104 0.58988031
  0.7455912 ]
 [0.92684925 0.20445627 1.77248353 0.16663206 0.29713266 0.35126433
  0.39628331]
 [0.34729969 0.36456568 1.66822236 0.1294884  0.15423014 0.29586284
  0.1172868 ]
 [0.18975956 0.17041621 1.09752031 1.06689227 0.10080507 0.59226524
  0.29141607]
 [0.10443321 1.30778695 0.10723309 0.12427246 1.46564336 0.33749696
  0.33967522]]
Rh: [[ 1.25341892  1.14832088  8.86838002  1.46411615  1.09601116  4.68613526
   7.11820642 10.93291315]
 [10.06676762  3.32160024  1.03642479  1.16320146  7.25562136 12.65534754
  11.69826424  1.0931013 ]
 [ 2.94768475  6.19443032  7.61345463  1.22794648  1.35503529 18.57089066
  15.16824412  6.10367424]
 [11.08916648  3.59452219  2.31825618  2.03093091  5.44829622 12.61702536
   3.84985793  4.20354973]
 [ 1.01551319  4.79101859  2.38755076  3.82143567  4.65113791  8.60221349
   3.62890055  1.94250212]
 [ 2.20984807  4.35844291  1.02980036  8.27387327 14.25749197  2.74852256
   4.00631211  1.38609647]
 [ 3.69582217  3.52689461  1.37566743  9.3301338   7.69787326  2.55429059
   1.49118531  2.30206804]]
Rv: [[ 9.75494444  5.88306287  7.76782556 14.30815806 18.86217328 17.49338266
   5.80778396]
 [ 2.51918671  8.91369815  4.90129212  1.09636393  1.93364418  2.51963375
   1.34567658]
 [11.21802835  1.07745597 18.34469398  7.29112688  9.32081666 13.1445284
   1.40040204]
 [ 1.72080782  3.56161343  1.51942349  1.31361682  1.25032464 11.14755332
   5.7145849 ]
 [ 7.13496915 17.89314929  1.50372104 11.82848651 13.31636961  9.37364069
   3.67498695]
 [ 3.76011358  1.25905414  1.81645728 15.64047689  1.12381898 17.89476577
   4.51483682]]