-------Running parameters--------
T = 0.0
temperature_gradient = 0.0
gap = 0.0
M = 7
N = 7
VR = 0.0
Vmin = 0.0
Vmax = 2.0
vStep = 0.001
vSym = True
repeats = 50
fileName = array_7_7_run_3
dist = exp
fullOutput = False
use_graph = False
current_map = False
plot_current_map = False
plot_binary_current_map = False
frame_norm = False
dbg = False
resume = False
sc = False
leaping = False
constQ = False
modifyR = False
double_time = False
double_loop = False
calcIT = False
output_folder = different_size_arrays
params_path = 
VG_avg = 0.0
VG_std = 0.0
C_avg = 1.0
C_std = 0.9
CG_avg = 10.0
CG_std = 0.0
R_avg = 10.0
R_std = 9.0
custom_rh = ""
custom_rv = ""
custom_ch = ""
custom_cv = ""
RG_avg = 500.0
RG_std = 0.0
n0_avg = 0.0
n0_std = 0.0
Q0_avg = 0.0
Q0_std = 0.0
----Array Parameters-----
Rows: 7
Columns: 7
VG: [[0.]
 [0.]
 [0.]
 [0.]
 [0.]
 [0.]
 [0.]
 [0.]
 [0.]
 [0.]
 [0.]
 [0.]
 [0.]
 [0.]
 [0.]
 [0.]
 [0.]
 [0.]
 [0.]
 [0.]
 [0.]
 [0.]
 [0.]
 [0.]
 [0.]
 [0.]
 [0.]
 [0.]
 [0.]
 [0.]
 [0.]
 [0.]
 [0.]
 [0.]
 [0.]
 [0.]
 [0.]
 [0.]
 [0.]
 [0.]
 [0.]
 [0.]
 [0.]
 [0.]
 [0.]
 [0.]
 [0.]
 [0.]
 [0.]]
CG: [[10.]
 [10.]
 [10.]
 [10.]
 [10.]
 [10.]
 [10.]
 [10.]
 [10.]
 [10.]
 [10.]
 [10.]
 [10.]
 [10.]
 [10.]
 [10.]
 [10.]
 [10.]
 [10.]
 [10.]
 [10.]
 [10.]
 [10.]
 [10.]
 [10.]
 [10.]
 [10.]
 [10.]
 [10.]
 [10.]
 [10.]
 [10.]
 [10.]
 [10.]
 [10.]
 [10.]
 [10.]
 [10.]
 [10.]
 [10.]
 [10.]
 [10.]
 [10.]
 [10.]
 [10.]
 [10.]
 [10.]
 [10.]
 [10.]]
RG: [[500.]
 [500.]
 [500.]
 [500.]
 [500.]
 [500.]
 [500.]
 [500.]
 [500.]
 [500.]
 [500.]
 [500.]
 [500.]
 [500.]
 [500.]
 [500.]
 [500.]
 [500.]
 [500.]
 [500.]
 [500.]
 [500.]
 [500.]
 [500.]
 [500.]
 [500.]
 [500.]
 [500.]
 [500.]
 [500.]
 [500.]
 [500.]
 [500.]
 [500.]
 [500.]
 [500.]
 [500.]
 [500.]
 [500.]
 [500.]
 [500.]
 [500.]
 [500.]
 [500.]
 [500.]
 [500.]
 [500.]
 [500.]
 [500.]]
Ch: [[0.5488952  1.75619186 0.45500961 0.12493911 1.1644314  0.36347885
  0.16025927 0.11553378]
 [1.32765927 0.35688592 0.28277752 0.24088165 0.55770562 1.38878634
  0.29086236 0.87223667]
 [0.94482153 0.26604644 0.89713836 0.31580698 0.46473699 1.8219997
  0.79718838 1.82389867]
 [0.12373238 0.16767813 0.3193364  1.43479529 0.136443   1.05754095
  0.10536734 1.79516537]
 [0.22776153 0.34364218 0.21282861 0.74056561 0.29847411 0.45305271
  0.34931849 0.30306786]
 [0.2257974  0.33770219 0.1964116  0.43468096 0.20124596 0.24560582
  0.97410991 0.27596157]
 [1.39289711 1.55513999 0.4443554  0.58905146 0.1486047  1.86303562
  0.44806    0.40607926]]
Cv: [[0.         0.         0.         0.         0.         0.
  0.        ]
 [0.39839209 0.16548525 0.82121829 0.19074198 0.4131678  0.61034978
  0.32044223]
 [0.32905408 0.75700463 1.77275945 0.2893762  0.40149279 0.43894738
  0.21968932]
 [0.934363   0.39015046 0.42703704 0.52414415 1.36206643 0.36533308
  1.21733409]
 [0.1867621  1.57612981 0.18675816 0.27473759 0.31889662 0.22385869
  0.49613099]
 [0.36887871 1.187465   0.83584412 0.50731735 1.31460672 0.15818978
  0.45592755]
 [1.33061424 0.38427619 1.26939289 1.3478024  0.21342231 1.20856933
  0.35191767]]
Rh: [[ 4.72661606  1.46309156 17.14530934  1.46134504  6.23623518  3.69378751
   1.19289289  4.09647985]
 [10.54574346  5.67938452  1.35178254  5.59839439  3.31684771  8.07460786
   2.31820558  2.84229074]
 [ 7.53508813 12.83012584  3.3117136  15.63841944 14.54360769  1.43667987
   3.62691831  9.28893676]
 [ 2.72275762  5.74181812 11.46989319  1.97352252  5.76987043  6.82551247
   3.04781216 18.67695946]
 [ 1.24676577  5.8502731   5.51687772  1.32013243  7.51925773  9.80304366
   5.9699033  11.29247799]
 [ 1.31053066 14.08463836 15.98646638  6.81608497  1.32330334  1.00757534
   1.16321853  6.63177592]
 [ 1.90668907  1.8687831   3.00238479  1.9030402   1.28326749  9.71115164
   3.2043765   7.54086452]]
Rv: [[ 1.10724779 15.05431109 15.56841604  2.64208647 11.71133994  2.20289302
   6.50889518]
 [ 3.02133217 10.59714063 18.57098814  3.54214425  1.28437707 11.35393904
   1.03010815]
 [10.07907435  3.74507164  5.52992425 12.96779987  3.41628994  6.59318527
   2.96183052]
 [ 7.07411929  9.24910554  9.91381289 16.57420842 10.07589177  3.47474872
   1.26705309]
 [ 7.51575474  5.06446825  1.53781395 12.87892083  7.62451575  3.30813462
   6.19222988]
 [ 2.75904248  4.10726942  6.06947591 12.5402178   3.53967496 14.08602227
   3.7702498 ]]