-------Running parameters--------
T = 0.0
temperature_gradient = 0.0
gap = 0.0
M = 7
N = 7
VR = 0.0
Vmin = 0.0
Vmax = 2.0
vStep = 0.001
vSym = True
repeats = 50
fileName = array_7_7_run_4
dist = exp
fullOutput = False
use_graph = False
current_map = False
plot_current_map = False
plot_binary_current_map = False
frame_norm = False
dbg = False
resume = False
sc = False
leaping = False
constQ = False
modifyR = False
double_time = False
double_loop = False
calcIT = False
output_folder = different_size_arrays
params_path = 
VG_avg = 0.0
VG_std = 0.0
C_avg = 1.0
C_std = 0.9
CG_avg = 10.0
CG_std = 0.0
R_avg = 10.0
R_std = 9.0
custom_rh = ""
custom_rv = ""
custom_ch = ""
custom_cv = ""
RG_avg = 500.0
RG_std = 0.0
n0_avg = 0.0
n0_std = 0.0
Q0_avg = 0.0
Q0_std = 0.0
----Array Parameters-----
Rows: 7
Columns: 7
VG: [[0.]
 [0.]
 [0.]
 [0.]
 [0.]
 [0.]
 [0.]
 [0.]
 [0.]
 [0.]
 [0.]
 [0.]
 [0.]
 [0.]
 [0.]
 [0.]
 [0.]
 [0.]
 [0.]
 [0.]
 [0.]
 [0.]
 [0.]
 [0.]
 [0.]
 [0.]
 [0.]
 [0.]
 [0.]
 [0.]
 [0.]
 [0.]
 [0.]
 [0.]
 [0.]
 [0.]
 [0.]
 [0.]
 [0.]
 [0.]
 [0.]
 [0.]
 [0.]
 [0.]
 [0.]
 [0.]
 [0.]
 [0.]
 [0.]]
CG: [[10.]
 [10.]
 [10.]
 [10.]
 [10.]
 [10.]
 [10.]
 [10.]
 [10.]
 [10.]
 [10.]
 [10.]
 [10.]
 [10.]
 [10.]
 [10.]
 [10.]
 [10.]
 [10.]
 [10.]
 [10.]
 [10.]
 [10.]
 [10.]
 [10.]
 [10.]
 [10.]
 [10.]
 [10.]
 [10.]
 [10.]
 [10.]
 [10.]
 [10.]
 [10.]
 [10.]
 [10.]
 [10.]
 [10.]
 [10.]
 [10.]
 [10.]
 [10.]
 [10.]
 [10.]
 [10.]
 [10.]
 [10.]
 [10.]]
RG: [[500.]
 [500.]
 [500.]
 [500.]
 [500.]
 [500.]
 [500.]
 [500.]
 [500.]
 [500.]
 [500.]
 [500.]
 [500.]
 [500.]
 [500.]
 [500.]
 [500.]
 [500.]
 [500.]
 [500.]
 [500.]
 [500.]
 [500.]
 [500.]
 [500.]
 [500.]
 [500.]
 [500.]
 [500.]
 [500.]
 [500.]
 [500.]
 [500.]
 [500.]
 [500.]
 [500.]
 [500.]
 [500.]
 [500.]
 [500.]
 [500.]
 [500.]
 [500.]
 [500.]
 [500.]
 [500.]
 [500.]
 [500.]
 [500.]]
Ch: [[0.63433938 0.91045134 0.79856807 0.23434462 0.81044966 1.17880178
  1.7413639  1.17273198]
 [0.37309779 0.39657627 0.3481453  0.12947377 0.36493977 0.47667368
  0.69661772 0.55607488]
 [1.37612503 0.60438216 0.29134459 0.53738292 0.97502086 1.33221368
  0.1991932  1.60485451]
 [0.15708089 0.26225918 0.20089959 0.31596121 0.27947139 1.80709488
  0.59118156 1.31246202]
 [0.15472993 0.42872397 1.07357829 1.19316292 0.11732711 0.59745515
  1.87784984 0.40664927]
 [0.22890835 0.91306235 0.23527223 1.04113278 0.59806064 1.13501329
  1.33639256 1.41298359]
 [0.25643813 0.464324   0.57376681 0.14929826 1.24901228 0.42966997
  1.51744339 0.22912741]]
Cv: [[0.         0.         0.         0.         0.         0.
  0.        ]
 [1.14380985 0.1210435  0.28802115 1.50514054 0.15279777 0.13571796
  0.8270181 ]
 [0.17534243 0.15259854 1.24086947 0.13597911 0.16307146 0.54725466
  0.19216398]
 [0.20290419 0.77958045 0.38430815 0.38929008 0.52442195 0.54222168
  0.17448332]
 [0.46631632 1.01182837 0.32763776 0.12320282 0.30682553 1.02820522
  0.11688558]
 [1.35266299 0.23776858 0.20368136 0.26026916 1.06216293 0.7629041
  0.69204619]
 [0.23449652 0.13782931 0.44762602 1.2987354  0.73349593 0.15276133
  0.30640884]]
Rh: [[ 3.25036065  1.3561529   6.4853773   1.6870322   5.19058991  1.619837
  11.50624991  2.11594605]
 [ 3.92474146  1.24480243 12.40861452 17.15737232  1.64633076  5.30355645
  18.37906356  2.21368737]
 [17.07840114 11.10841034  1.3806927   1.98657992  2.10568541 16.25567516
   2.84276644  1.11867533]
 [15.49066992  1.68684223  4.96592007 17.6667037   2.62724297  1.469736
   9.2980931  14.48111592]
 [ 6.3888689   6.87100865 16.48417115  9.98972637  6.22363858  1.70515768
   4.02030495  5.55716238]
 [ 1.52772035  8.33696168  1.9202707   1.02077478  1.73247769  1.2275961
   6.00905734  2.29156772]
 [ 1.28291883  3.79715801  2.12678265 14.35980092  1.92634709 17.6995163
   5.47844216  2.39358397]]
Rv: [[ 3.24558982  1.58113461 11.65911749  6.45887955  8.36176741  3.64048051
   7.85409819]
 [ 1.96365504 16.61822956  7.82847469  8.01732049  7.91146533  4.21586733
   4.08599398]
 [ 3.57484806 18.97021345  7.46400482  2.71207218  2.11336772 12.62433525
   7.50102894]
 [ 1.83180673  1.68987314  8.12033223  6.7935928   4.15328133  1.1150861
  18.64667085]
 [ 1.57667537  4.91556014  1.40489946 10.87377207  9.07204279  4.146985
   2.94295547]
 [13.51234451  2.91434364  7.52742296  8.21887315  3.70392173  4.95752111
   3.57392698]]