-------Running parameters--------
T = 0.0
temperature_gradient = 0.0
gap = 0.0
M = 7
N = 7
VR = 0.0
Vmin = 0.0
Vmax = 2.0
vStep = 0.001
vSym = True
repeats = 50
fileName = array_7_7_run_2
dist = exp
fullOutput = False
use_graph = False
current_map = False
plot_current_map = False
plot_binary_current_map = False
frame_norm = False
dbg = False
resume = False
sc = False
leaping = False
constQ = False
modifyR = False
double_time = False
double_loop = False
calcIT = False
output_folder = different_size_arrays
params_path = 
VG_avg = 0.0
VG_std = 0.0
C_avg = 1.0
C_std = 0.9
CG_avg = 10.0
CG_std = 0.0
R_avg = 10.0
R_std = 9.0
custom_rh = ""
custom_rv = ""
custom_ch = ""
custom_cv = ""
RG_avg = 500.0
RG_std = 0.0
n0_avg = 0.0
n0_std = 0.0
Q0_avg = 0.0
Q0_std = 0.0
----Array Parameters-----
Rows: 7
Columns: 7
VG: [[0.]
 [0.]
 [0.]
 [0.]
 [0.]
 [0.]
 [0.]
 [0.]
 [0.]
 [0.]
 [0.]
 [0.]
 [0.]
 [0.]
 [0.]
 [0.]
 [0.]
 [0.]
 [0.]
 [0.]
 [0.]
 [0.]
 [0.]
 [0.]
 [0.]
 [0.]
 [0.]
 [0.]
 [0.]
 [0.]
 [0.]
 [0.]
 [0.]
 [0.]
 [0.]
 [0.]
 [0.]
 [0.]
 [0.]
 [0.]
 [0.]
 [0.]
 [0.]
 [0.]
 [0.]
 [0.]
 [0.]
 [0.]
 [0.]]
CG: [[10.]
 [10.]
 [10.]
 [10.]
 [10.]
 [10.]
 [10.]
 [10.]
 [10.]
 [10.]
 [10.]
 [10.]
 [10.]
 [10.]
 [10.]
 [10.]
 [10.]
 [10.]
 [10.]
 [10.]
 [10.]
 [10.]
 [10.]
 [10.]
 [10.]
 [10.]
 [10.]
 [10.]
 [10.]
 [10.]
 [10.]
 [10.]
 [10.]
 [10.]
 [10.]
 [10.]
 [10.]
 [10.]
 [10.]
 [10.]
 [10.]
 [10.]
 [10.]
 [10.]
 [10.]
 [10.]
 [10.]
 [10.]
 [10.]]
RG: [[500.]
 [500.]
 [500.]
 [500.]
 [500.]
 [500.]
 [500.]
 [500.]
 [500.]
 [500.]
 [500.]
 [500.]
 [500.]
 [500.]
 [500.]
 [500.]
 [500.]
 [500.]
 [500.]
 [500.]
 [500.]
 [500.]
 [500.]
 [500.]
 [500.]
 [500.]
 [500.]
 [500.]
 [500.]
 [500.]
 [500.]
 [500.]
 [500.]
 [500.]
 [500.]
 [500.]
 [500.]
 [500.]
 [500.]
 [500.]
 [500.]
 [500.]
 [500.]
 [500.]
 [500.]
 [500.]
 [500.]
 [500.]
 [500.]]
Ch: [[0.11413463 0.40801544 0.10379652 0.51553715 0.54283824 0.94856121
  1.05911426 0.1545321 ]
 [0.53809931 0.37337144 0.2439891  1.38839263 0.72521008 0.4229726
  0.58023537 0.69288766]
 [0.16862056 0.31228955 0.18501726 0.51618681 0.27911114 0.51531107
  0.1215243  0.48549998]
 [0.12717599 0.14025627 0.33806459 0.21547408 0.25153385 1.29413074
  0.33602452 0.15846545]
 [0.57335243 0.12614693 0.2407203  0.62684131 0.97480515 0.12799345
  0.78726485 0.13189165]
 [1.25366789 0.11854929 1.80086857 0.1556068  0.16269649 0.15147779
  0.7580849  0.14776499]
 [0.26984346 0.49693841 0.9196757  1.2556771  1.19297049 0.29758624
  0.60128658 0.93000821]]
Cv: [[0.         0.         0.         0.         0.         0.
  0.        ]
 [0.79528163 0.34804349 1.18639616 0.65383576 1.46826494 0.78791547
  0.12709034]
 [0.40483818 0.3046036  0.32650998 0.18462776 0.21089335 1.31254529
  0.6544673 ]
 [0.19940044 0.43854412 0.82537589 0.10132196 0.58990489 0.15479612
  1.37163424]
 [1.69491345 0.21087952 1.32653103 0.10606614 0.10123346 0.60137821
  1.2310712 ]
 [0.38591767 0.1754563  0.57958441 0.28609155 0.31864053 0.27633429
  0.30924   ]
 [1.78105427 0.38288201 0.20816236 0.34148382 0.20662032 0.14994835
  0.70721043]]
Rh: [[ 3.51133494 18.48124589  2.78154342  8.41032207 10.15596979  1.40599109
   6.54455286  4.82304948]
 [ 5.74932272  4.28858061 11.47050775  2.50606367  3.21889333  7.94444706
   1.84940193  2.24719422]
 [ 6.55961875  1.36775226  3.69773543 11.01016462  8.84776863 12.10206895
   1.83225543  2.89770464]
 [ 1.39327169  8.05649404  2.38037931 11.20812413 11.10027822 18.48898681
   8.97711128  9.96677588]
 [ 5.45833425  3.91622288  6.03875495 11.98892639 10.35082362  3.1794311
   4.25425795  4.4042128 ]
 [ 4.5704593   4.46720931 11.27704636  2.9524453  17.80848166  1.20241849
   2.31470125  2.43744305]
 [ 3.29659669  3.497039    3.30180565  7.28768246  2.51214987  3.68634941
   7.47103712  2.97050101]]
Rv: [[15.54365761  1.73982442  8.56345867 17.60720813 13.13707498  5.5676975
   3.26584877]
 [ 1.75258937  4.64935481  2.00998487  8.17637933  7.67672724  1.39071612
   1.4821211 ]
 [18.52428416  3.17473508 13.80596029  7.04128383  3.92947098  3.06116715
  10.64812781]
 [ 3.34746677  6.37065801  1.03158972 12.58783018  1.73896002  1.56498484
   3.37411463]
 [ 5.82450352  7.4178145   1.9327864   1.26610111 13.30062228  4.50537675
   1.14262945]
 [ 1.40476306  8.70233466  1.81779296  1.02177747  7.41256651  7.49863262
   1.59408775]]