-------Running parameters--------
M = 5
N = 5
VR = 0.0
Vmin = 0.0
Vmax = 2.0
vStep = 0.01
repeats = 20
fileName = uniform_disorder_5_5
dist = uniform
fullOutput = False
use_graph = False
current_map = True
plot_current_map = False
dbg = False
output_folder = 2D_square_arrays_with_current_map_big_cg
VG_avg = 0.0
VG_std = 0.0
C_avg = 1.0
C_std = 0.0
CG_avg = 1000.0
CG_std = 0.0
R_avg = 10.0
R_std = 9.0
custom_rh = ""
custom_rv = ""
RG_avg = 1000.0
RG_std = 0.0
n0_avg = 0.0
n0_std = 0.0
Q0_avg = 0.0
Q0_std = 0.0
----Array Parameters-----
Rows: 5
Columns: 5
VG: [[0. 0. 0. 0. 0.]
 [0. 0. 0. 0. 0.]
 [0. 0. 0. 0. 0.]
 [0. 0. 0. 0. 0.]
 [0. 0. 0. 0. 0.]]
CG: [[1000. 1000. 1000. 1000. 1000.]
 [1000. 1000. 1000. 1000. 1000.]
 [1000. 1000. 1000. 1000. 1000.]
 [1000. 1000. 1000. 1000. 1000.]
 [1000. 1000. 1000. 1000. 1000.]]
RG: [[1000. 1000. 1000. 1000. 1000.]
 [1000. 1000. 1000. 1000. 1000.]
 [1000. 1000. 1000. 1000. 1000.]
 [1000. 1000. 1000. 1000. 1000.]
 [1000. 1000. 1000. 1000. 1000.]]
Ch: [[1. 1. 1. 1. 1. 1.]
 [1. 1. 1. 1. 1. 1.]
 [1. 1. 1. 1. 1. 1.]
 [1. 1. 1. 1. 1. 1.]
 [1. 1. 1. 1. 1. 1.]]
Cv: [[0. 0. 0. 0. 0.]
 [1. 1. 1. 1. 1.]
 [1. 1. 1. 1. 1.]
 [1. 1. 1. 1. 1.]
 [1. 1. 1. 1. 1.]]
Rh: [[18.99089159  1.72028374 16.56127346  2.54811103  1.74481278  2.79131772]
 [ 6.54052644  3.53576211 17.69812698  8.57605287  1.60326938 16.72251634]
 [18.58355101  3.40697934 12.40665298 14.97665559  5.44592445 12.67233041]
 [13.97925201  4.35466746  5.00078534 17.52817205 11.96297808 17.24329968]
 [ 9.57071881 13.58977767 16.81720991  6.05228655  3.75339393 15.12042491]]
Rv: [[15.06856549 18.3845778  13.47985047 10.95021253  6.68673124]
 [11.34148347 14.05099174  3.14253716  1.6924518  10.58419376]
 [ 5.69567824 11.54456496 18.61937598 12.38042169 13.62979856]
 [16.98969569  2.62235059  3.23591197  1.60889341  7.17184632]]