-------Running parameters--------
T = 0.0
gap = 0
M = 10
N = 10
VR = 0.0
VU = 0.0
VD = 0.0
Vmin = 0.0
Vmax = 2.0
vStep = 0.01
vSym = True
repeats = 20
fileName = array_10_10_c_disorder_run_1
dist = exp
fullOutput = True
use_graph = False
current_map = True
plot_current_map = False
plot_binary_current_map = False
dbg = False
resume = True
sc = False
leaping = False
constQ = False
modifyR = False
output_folder = 2d_array_bgu_with_perp_avg
params_path = 
VG_avg = 0.0
VG_std = 0.0
C_avg = 1.0
C_std = 0.7
CG_avg = 10.0
CG_std = 0.0
R_avg = 10.0
R_std = 0.0
custom_rh = ""
custom_rv = ""
custom_ch = ""
custom_cv = ""
RG_avg = 500.0
RG_std = 0.0
n0_avg = 0.0
n0_std = 0.0
Q0_avg = 0.0
Q0_std = 0.0
----Array Parameters-----
Rows: 10
Columns: 10
VG: [[0.]
 [0.]
 [0.]
 [0.]
 [0.]
 [0.]
 [0.]
 [0.]
 [0.]
 [0.]
 [0.]
 [0.]
 [0.]
 [0.]
 [0.]
 [0.]
 [0.]
 [0.]
 [0.]
 [0.]
 [0.]
 [0.]
 [0.]
 [0.]
 [0.]
 [0.]
 [0.]
 [0.]
 [0.]
 [0.]
 [0.]
 [0.]
 [0.]
 [0.]
 [0.]
 [0.]
 [0.]
 [0.]
 [0.]
 [0.]
 [0.]
 [0.]
 [0.]
 [0.]
 [0.]
 [0.]
 [0.]
 [0.]
 [0.]
 [0.]
 [0.]
 [0.]
 [0.]
 [0.]
 [0.]
 [0.]
 [0.]
 [0.]
 [0.]
 [0.]
 [0.]
 [0.]
 [0.]
 [0.]
 [0.]
 [0.]
 [0.]
 [0.]
 [0.]
 [0.]
 [0.]
 [0.]
 [0.]
 [0.]
 [0.]
 [0.]
 [0.]
 [0.]
 [0.]
 [0.]
 [0.]
 [0.]
 [0.]
 [0.]
 [0.]
 [0.]
 [0.]
 [0.]
 [0.]
 [0.]
 [0.]
 [0.]
 [0.]
 [0.]
 [0.]
 [0.]
 [0.]
 [0.]
 [0.]
 [0.]]
CG: [[10.]
 [10.]
 [10.]
 [10.]
 [10.]
 [10.]
 [10.]
 [10.]
 [10.]
 [10.]
 [10.]
 [10.]
 [10.]
 [10.]
 [10.]
 [10.]
 [10.]
 [10.]
 [10.]
 [10.]
 [10.]
 [10.]
 [10.]
 [10.]
 [10.]
 [10.]
 [10.]
 [10.]
 [10.]
 [10.]
 [10.]
 [10.]
 [10.]
 [10.]
 [10.]
 [10.]
 [10.]
 [10.]
 [10.]
 [10.]
 [10.]
 [10.]
 [10.]
 [10.]
 [10.]
 [10.]
 [10.]
 [10.]
 [10.]
 [10.]
 [10.]
 [10.]
 [10.]
 [10.]
 [10.]
 [10.]
 [10.]
 [10.]
 [10.]
 [10.]
 [10.]
 [10.]
 [10.]
 [10.]
 [10.]
 [10.]
 [10.]
 [10.]
 [10.]
 [10.]
 [10.]
 [10.]
 [10.]
 [10.]
 [10.]
 [10.]
 [10.]
 [10.]
 [10.]
 [10.]
 [10.]
 [10.]
 [10.]
 [10.]
 [10.]
 [10.]
 [10.]
 [10.]
 [10.]
 [10.]
 [10.]
 [10.]
 [10.]
 [10.]
 [10.]
 [10.]
 [10.]
 [10.]
 [10.]
 [10.]]
RG: [[500.]
 [500.]
 [500.]
 [500.]
 [500.]
 [500.]
 [500.]
 [500.]
 [500.]
 [500.]
 [500.]
 [500.]
 [500.]
 [500.]
 [500.]
 [500.]
 [500.]
 [500.]
 [500.]
 [500.]
 [500.]
 [500.]
 [500.]
 [500.]
 [500.]
 [500.]
 [500.]
 [500.]
 [500.]
 [500.]
 [500.]
 [500.]
 [500.]
 [500.]
 [500.]
 [500.]
 [500.]
 [500.]
 [500.]
 [500.]
 [500.]
 [500.]
 [500.]
 [500.]
 [500.]
 [500.]
 [500.]
 [500.]
 [500.]
 [500.]
 [500.]
 [500.]
 [500.]
 [500.]
 [500.]
 [500.]
 [500.]
 [500.]
 [500.]
 [500.]
 [500.]
 [500.]
 [500.]
 [500.]
 [500.]
 [500.]
 [500.]
 [500.]
 [500.]
 [500.]
 [500.]
 [500.]
 [500.]
 [500.]
 [500.]
 [500.]
 [500.]
 [500.]
 [500.]
 [500.]
 [500.]
 [500.]
 [500.]
 [500.]
 [500.]
 [500.]
 [500.]
 [500.]
 [500.]
 [500.]
 [500.]
 [500.]
 [500.]
 [500.]
 [500.]
 [500.]
 [500.]
 [500.]
 [500.]
 [500.]]
Ch: [[0.68775704 0.98601275 0.43061333 0.47827819 0.50908659 1.25645584
  1.20054949 1.02549259 0.41365191 0.43115927 0.82950721]
 [0.6261827  0.70371758 0.46753083 0.40765836 0.3853553  1.46320193
  1.57224854 0.33412346 0.66123606 1.38132779 1.27277659]
 [0.41647452 1.22451834 1.46112066 0.37551371 1.14569036 0.40155258
  0.78325385 0.74548033 1.23115797 0.89600141 0.49659263]
 [0.74138575 0.65905256 0.7516741  0.77934148 1.51390514 0.67279839
  1.67691795 0.53798065 0.48916602 0.79539061 0.47368423]
 [0.52692516 0.59457894 0.39686217 0.7653437  1.31469667 0.51875603
  1.15906392 1.25701448 0.43718229 0.36379862 0.89791877]
 [1.08400178 1.29276294 0.92865564 0.83505855 0.38254733 0.49930755
  0.43931465 0.32460372 1.09228602 1.56161827 1.33955629]
 [0.42238839 0.42926859 0.48606403 0.39307782 0.52305713 0.58864803
  0.41284397 1.06200778 0.51760288 0.51220386 1.27919092]
 [0.43325886 0.74740133 0.40020618 0.65664722 0.95651218 1.20219106
  0.85841993 0.38662481 0.65066131 0.49674745 1.28171624]
 [1.66739479 0.96515893 0.87568108 1.13566275 0.51998503 0.42211893
  1.34690386 0.74682353 0.94043805 0.66573333 0.68016211]
 [1.19826288 0.40518367 0.48655562 0.50057382 1.33473338 0.81577761
  0.52044582 0.34786121 0.94526813 1.08386941 0.39512065]]
Cv: [[1.6681552  1.65172155 0.57653731 0.70049262 0.95732074 0.66888454
  0.68598359 0.63331639 0.39357913 1.2586196 ]
 [1.64738085 0.3942036  0.36826939 0.76050954 0.94298389 0.42719926
  0.58229732 0.35913259 1.38573072 1.11144435]
 [0.7317477  0.958304   1.18768356 0.60650338 0.43652992 0.50417199
  0.48285632 1.65668276 0.52289132 1.5592693 ]
 [1.09909553 0.41262971 1.59079393 0.51995182 0.30671098 1.3909182
  0.36456074 0.64735583 0.50712881 0.70334447]
 [0.35803881 0.68600864 0.52994344 0.62450021 0.69125218 0.38490771
  0.56730576 1.04805498 1.16614272 0.58001687]
 [0.46326917 0.9631077  0.57268593 0.64644959 0.38720258 1.16816313
  1.6896958  0.32353295 0.90269002 0.88166273]
 [0.42398858 1.41495652 0.57056236 0.37945518 0.33191002 0.91524559
  1.38131906 0.61758902 0.49105614 1.59447525]
 [1.11921902 0.85730628 0.46211296 0.81915737 0.35914672 0.79473804
  0.45236718 0.37647558 0.79102889 1.02657803]
 [0.47036058 0.36041614 0.6246544  0.84564888 0.45796016 0.53234819
  0.394299   0.31076193 1.12637523 0.41177075]
 [1.01848814 0.46326525 0.92351954 0.37483496 1.01991817 0.66109934
  0.91054597 0.35973915 0.75377835 0.38451137]
 [0.47358298 0.34589159 1.6032167  1.01552932 0.32868517 0.42979015
  1.03581969 0.95149993 1.35901825 0.46971787]]
Rh: [[10. 10. 10. 10. 10. 10. 10. 10. 10. 10. 10.]
 [10. 10. 10. 10. 10. 10. 10. 10. 10. 10. 10.]
 [10. 10. 10. 10. 10. 10. 10. 10. 10. 10. 10.]
 [10. 10. 10. 10. 10. 10. 10. 10. 10. 10. 10.]
 [10. 10. 10. 10. 10. 10. 10. 10. 10. 10. 10.]
 [10. 10. 10. 10. 10. 10. 10. 10. 10. 10. 10.]
 [10. 10. 10. 10. 10. 10. 10. 10. 10. 10. 10.]
 [10. 10. 10. 10. 10. 10. 10. 10. 10. 10. 10.]
 [10. 10. 10. 10. 10. 10. 10. 10. 10. 10. 10.]
 [10. 10. 10. 10. 10. 10. 10. 10. 10. 10. 10.]]
Rv: [[10. 10. 10. 10. 10. 10. 10. 10. 10. 10.]
 [10. 10. 10. 10. 10. 10. 10. 10. 10. 10.]
 [10. 10. 10. 10. 10. 10. 10. 10. 10. 10.]
 [10. 10. 10. 10. 10. 10. 10. 10. 10. 10.]
 [10. 10. 10. 10. 10. 10. 10. 10. 10. 10.]
 [10. 10. 10. 10. 10. 10. 10. 10. 10. 10.]
 [10. 10. 10. 10. 10. 10. 10. 10. 10. 10.]
 [10. 10. 10. 10. 10. 10. 10. 10. 10. 10.]
 [10. 10. 10. 10. 10. 10. 10. 10. 10. 10.]
 [10. 10. 10. 10. 10. 10. 10. 10. 10. 10.]
 [10. 10. 10. 10. 10. 10. 10. 10. 10. 10.]]