-------Running parameters--------
T = 0.0
gap = 0
M = 10
N = 10
VR = 0.0
VU = 0.0
VD = 0.0
Vmin = 0.0
Vmax = 2.0
vStep = 0.01
vSym = True
repeats = 20
fileName = array_10_10_r_cg_disorder_run_1
dist = exp
fullOutput = True
use_graph = False
current_map = True
plot_current_map = False
plot_binary_current_map = False
dbg = False
resume = True
sc = False
leaping = False
constQ = False
modifyR = False
output_folder = 2d_array_bgu_with_perp_avg
params_path = 
VG_avg = 0.0
VG_std = 0.0
C_avg = 1.0
C_std = 0.0
CG_avg = 10.0
CG_std = 5.0
R_avg = 10.0
R_std = 9.0
custom_rh = ""
custom_rv = ""
custom_ch = ""
custom_cv = ""
RG_avg = 500.0
RG_std = 0.0
n0_avg = 0.0
n0_std = 0.0
Q0_avg = 0.0
Q0_std = 0.0
----Array Parameters-----
Rows: 10
Columns: 10
VG: [[0.]
 [0.]
 [0.]
 [0.]
 [0.]
 [0.]
 [0.]
 [0.]
 [0.]
 [0.]
 [0.]
 [0.]
 [0.]
 [0.]
 [0.]
 [0.]
 [0.]
 [0.]
 [0.]
 [0.]
 [0.]
 [0.]
 [0.]
 [0.]
 [0.]
 [0.]
 [0.]
 [0.]
 [0.]
 [0.]
 [0.]
 [0.]
 [0.]
 [0.]
 [0.]
 [0.]
 [0.]
 [0.]
 [0.]
 [0.]
 [0.]
 [0.]
 [0.]
 [0.]
 [0.]
 [0.]
 [0.]
 [0.]
 [0.]
 [0.]
 [0.]
 [0.]
 [0.]
 [0.]
 [0.]
 [0.]
 [0.]
 [0.]
 [0.]
 [0.]
 [0.]
 [0.]
 [0.]
 [0.]
 [0.]
 [0.]
 [0.]
 [0.]
 [0.]
 [0.]
 [0.]
 [0.]
 [0.]
 [0.]
 [0.]
 [0.]
 [0.]
 [0.]
 [0.]
 [0.]
 [0.]
 [0.]
 [0.]
 [0.]
 [0.]
 [0.]
 [0.]
 [0.]
 [0.]
 [0.]
 [0.]
 [0.]
 [0.]
 [0.]
 [0.]
 [0.]
 [0.]
 [0.]
 [0.]
 [0.]]
CG: [[ 6.77626546]
 [ 5.02368784]
 [11.90231749]
 [ 5.47350986]
 [ 5.44358214]
 [ 7.4126772 ]
 [ 6.18451898]
 [ 7.21618519]
 [ 5.36360093]
 [ 7.21396438]
 [14.83678701]
 [ 8.57389433]
 [ 7.45012972]
 [ 9.18954871]
 [ 7.73765519]
 [ 9.58986118]
 [10.98917779]
 [ 5.58129808]
 [ 9.79958939]
 [ 5.30616958]
 [ 6.47945908]
 [ 8.72789653]
 [14.46940483]
 [ 9.34646477]
 [ 7.98695294]
 [12.6231635 ]
 [ 6.08062042]
 [13.1028923 ]
 [ 8.72102907]
 [14.21894233]
 [ 6.3338592 ]
 [12.7888051 ]
 [13.3903966 ]
 [ 9.24330505]
 [12.25385833]
 [ 5.10904941]
 [ 5.62475315]
 [12.19014605]
 [ 9.90532018]
 [11.4557865 ]
 [ 8.37787089]
 [ 8.23861889]
 [ 9.59794753]
 [11.30629835]
 [ 7.47884626]
 [ 5.31494851]
 [ 7.60338897]
 [ 8.00955613]
 [13.340849  ]
 [ 6.87885616]
 [14.89634357]
 [ 6.72948377]
 [ 8.21356982]
 [ 5.3571688 ]
 [ 5.42505539]
 [12.02713056]
 [ 7.47989192]
 [ 6.67208813]
 [ 7.22477942]
 [13.97798599]
 [13.10312554]
 [ 6.45243291]
 [11.25073317]
 [ 5.89278794]
 [13.40274449]
 [ 5.42443011]
 [ 7.68276927]
 [ 6.80669714]
 [ 6.2650674 ]
 [ 9.12671856]
 [ 6.06060175]
 [ 7.81986631]
 [ 5.82855171]
 [ 9.65546865]
 [ 5.18226395]
 [10.85847813]
 [ 7.11536549]
 [ 9.30008655]
 [11.59018072]
 [ 8.66567379]
 [ 5.04737211]
 [ 7.52797238]
 [12.15533026]
 [ 6.91953214]
 [ 8.71685577]
 [ 5.21161316]
 [ 6.44738407]
 [ 5.02406588]
 [12.62896514]
 [ 9.46539566]
 [13.87690024]
 [ 7.62855231]
 [ 5.29433392]
 [14.30160833]
 [ 5.39929156]
 [ 8.67564493]
 [10.81892674]
 [ 6.43947774]
 [10.78799648]
 [11.10946815]]
RG: [[500.]
 [500.]
 [500.]
 [500.]
 [500.]
 [500.]
 [500.]
 [500.]
 [500.]
 [500.]
 [500.]
 [500.]
 [500.]
 [500.]
 [500.]
 [500.]
 [500.]
 [500.]
 [500.]
 [500.]
 [500.]
 [500.]
 [500.]
 [500.]
 [500.]
 [500.]
 [500.]
 [500.]
 [500.]
 [500.]
 [500.]
 [500.]
 [500.]
 [500.]
 [500.]
 [500.]
 [500.]
 [500.]
 [500.]
 [500.]
 [500.]
 [500.]
 [500.]
 [500.]
 [500.]
 [500.]
 [500.]
 [500.]
 [500.]
 [500.]
 [500.]
 [500.]
 [500.]
 [500.]
 [500.]
 [500.]
 [500.]
 [500.]
 [500.]
 [500.]
 [500.]
 [500.]
 [500.]
 [500.]
 [500.]
 [500.]
 [500.]
 [500.]
 [500.]
 [500.]
 [500.]
 [500.]
 [500.]
 [500.]
 [500.]
 [500.]
 [500.]
 [500.]
 [500.]
 [500.]
 [500.]
 [500.]
 [500.]
 [500.]
 [500.]
 [500.]
 [500.]
 [500.]
 [500.]
 [500.]
 [500.]
 [500.]
 [500.]
 [500.]
 [500.]
 [500.]
 [500.]
 [500.]
 [500.]
 [500.]]
Ch: [[1. 1. 1. 1. 1. 1. 1. 1. 1. 1. 1.]
 [1. 1. 1. 1. 1. 1. 1. 1. 1. 1. 1.]
 [1. 1. 1. 1. 1. 1. 1. 1. 1. 1. 1.]
 [1. 1. 1. 1. 1. 1. 1. 1. 1. 1. 1.]
 [1. 1. 1. 1. 1. 1. 1. 1. 1. 1. 1.]
 [1. 1. 1. 1. 1. 1. 1. 1. 1. 1. 1.]
 [1. 1. 1. 1. 1. 1. 1. 1. 1. 1. 1.]
 [1. 1. 1. 1. 1. 1. 1. 1. 1. 1. 1.]
 [1. 1. 1. 1. 1. 1. 1. 1. 1. 1. 1.]
 [1. 1. 1. 1. 1. 1. 1. 1. 1. 1. 1.]]
Cv: [[1. 1. 1. 1. 1. 1. 1. 1. 1. 1.]
 [1. 1. 1. 1. 1. 1. 1. 1. 1. 1.]
 [1. 1. 1. 1. 1. 1. 1. 1. 1. 1.]
 [1. 1. 1. 1. 1. 1. 1. 1. 1. 1.]
 [1. 1. 1. 1. 1. 1. 1. 1. 1. 1.]
 [1. 1. 1. 1. 1. 1. 1. 1. 1. 1.]
 [1. 1. 1. 1. 1. 1. 1. 1. 1. 1.]
 [1. 1. 1. 1. 1. 1. 1. 1. 1. 1.]
 [1. 1. 1. 1. 1. 1. 1. 1. 1. 1.]
 [1. 1. 1. 1. 1. 1. 1. 1. 1. 1.]
 [1. 1. 1. 1. 1. 1. 1. 1. 1. 1.]]
Rh: [[ 2.4134282  14.51851376  6.90173519  4.65400075  3.55153249  2.60454928
   2.10884509  1.7104806   5.16823215  1.63728004  6.79966068]
 [ 2.77025695  1.97416964  9.68145559  2.77750107 17.17903675  1.80136188
  11.31399902 17.90123415  1.45347634  1.03120453  1.22649452]
 [11.86361895  4.93774348  6.42566164 18.2560297   2.25967607 11.01605335
  16.52792289  1.44573212  9.22702496  1.46175681  2.59901122]
 [ 2.65412779  8.74538586  9.35255154  7.71518953  3.95236612  9.63561237
   1.3154431  13.53756795  5.26450781  2.19907701  1.10898018]
 [ 1.34562744  3.75106982  1.38333213  3.4700381   6.27457498  4.10826787
   3.85950799  1.24454357  7.1901686  14.7970923  17.56932685]
 [14.00583855  3.47923144  1.56497933  1.00913278  1.57203886  2.92860722
  18.75899053  9.22483517  2.65219585  4.3586474   7.44334859]
 [ 2.86271399  9.18558156  5.86412878  2.12160097  4.76016756  2.01177968
   3.20563968  2.50228136  7.8037184  16.17071839  2.18053231]
 [ 3.96035809 11.97818372 12.58351334  8.35965443  1.92119292 17.59347311
   2.98379173 11.11954403 10.64546348  1.67006223  2.29245574]
 [ 3.15422766  1.88304153  1.06056377  3.20903578  2.02625652  1.58433681
   3.40357425  3.95647543  1.7091767   3.61469036  2.20165551]
 [16.96040555  3.53293814  1.03970006  2.55779269 12.86447142  5.67692524
   2.68358053  9.56004662  1.19562173  2.62338283  1.28088953]]
Rv: [[ 2.95160159  2.38122985 17.11885506  7.45649065  9.87378214  4.27871469
  15.88860011  4.52006498  8.86483044 16.70277964]
 [11.23184324  5.75101652  1.19017368  9.10561454 10.88433309 14.11829633
   4.35176974 13.11233092  7.01244741  1.11740798]
 [ 1.27650083  1.74817232 15.68725309 15.74146409 13.63658246  9.8892461
   8.70709996  2.23685157  3.5322799   3.01266362]
 [ 9.82986052  1.3408679   1.43015808  6.66443357  4.35401796  4.33723602
   5.62481852  7.2793915   3.54485564  1.18014366]
 [ 5.31779833  6.87467381  1.3416776   6.37693031  8.68278909 14.8467589
   2.44902883 12.98499838  5.1049746  17.58956549]
 [ 1.85626517  3.64080909  1.28810258  9.73843073  5.5592459   2.28636247
  18.16711777  8.24592234  3.45190938  6.49457269]
 [ 6.44593708  5.79144327 12.58804617  3.66570739  9.98142134  3.6142619
   4.17745644 17.6786923  18.97159465 15.65124063]
 [ 1.08577989  1.44592559  1.7884318   7.42124061 13.14173311 11.29739916
   5.3015701   7.64662506  4.2278917  10.95731191]
 [ 2.65467979  1.18086444  7.94699016  2.68449399  7.59649503  7.51397459
   1.52697999  5.0323026   6.73220612  4.08391981]
 [13.38211604  1.02025616  3.03624079  1.33322978 14.06613471  1.42156125
  18.06159195 12.79874805  4.57194303  2.90107741]
 [ 5.4314447   2.12805333  3.86962859  3.28589233  4.38794563  7.67421961
   1.51495516  7.30539004  6.13824716  4.30856687]]