-------Running parameters--------
T = 0.0
gap = 0
M = 5
N = 10
VR = 0.0
Vmin = 0.0
Vmax = 4.0
vStep = 0.01
vSym = True
repeats = 20
fileName = array_5_10_r_disorder_cg_disorder_run_3
dist = exp
fullOutput = True
use_graph = False
current_map = True
plot_current_map = False
dbg = False
resume = True
sc = False
leaping = False
constQ = False
modifyR = False
output_folder = 2d_array_bgu
params_path = 
VG_avg = 0.0
VG_std = 0.0
C_avg = 1.0
C_std = 0.0
CG_avg = 10.0
CG_std = 3.0
R_avg = 10.0
R_std = 9.0
custom_rh = ""
custom_rv = ""
custom_ch = ""
custom_cv = ""
RG_avg = 100.0
RG_std = 0.0
n0_avg = 0.0
n0_std = 0.0
Q0_avg = 0.0
Q0_std = 0.0
----Array Parameters-----
Rows: 5
Columns: 10
VG: [[0.]
 [0.]
 [0.]
 [0.]
 [0.]
 [0.]
 [0.]
 [0.]
 [0.]
 [0.]
 [0.]
 [0.]
 [0.]
 [0.]
 [0.]
 [0.]
 [0.]
 [0.]
 [0.]
 [0.]
 [0.]
 [0.]
 [0.]
 [0.]
 [0.]
 [0.]
 [0.]
 [0.]
 [0.]
 [0.]
 [0.]
 [0.]
 [0.]
 [0.]
 [0.]
 [0.]
 [0.]
 [0.]
 [0.]
 [0.]
 [0.]
 [0.]
 [0.]
 [0.]
 [0.]
 [0.]
 [0.]
 [0.]
 [0.]
 [0.]]
CG: [[ 9.45415937]
 [ 7.97543624]
 [ 8.18105945]
 [ 8.61373266]
 [ 7.35799038]
 [10.28068174]
 [ 8.04701945]
 [ 8.85226586]
 [ 7.05277913]
 [ 8.49835777]
 [ 7.20004065]
 [ 9.34613267]
 [ 9.80423599]
 [ 9.39847887]
 [ 7.294462  ]
 [ 7.35374185]
 [11.71060477]
 [ 8.3056843 ]
 [10.37530829]
 [ 7.0729675 ]
 [ 9.09166556]
 [ 8.98869975]
 [ 7.67948058]
 [ 7.00313174]
 [ 9.12109372]
 [10.78016371]
 [ 9.87267466]
 [ 8.35466894]
 [ 7.06082218]
 [ 9.90539754]
 [ 7.4318307 ]
 [10.00673202]
 [ 8.67428821]
 [ 9.49262367]
 [11.29698201]
 [11.94603097]
 [ 7.85709364]
 [ 8.54578214]
 [10.82605567]
 [ 7.018971  ]
 [12.37472585]
 [12.00622842]
 [11.03720509]
 [11.0602884 ]
 [ 9.14489291]
 [ 7.11439829]
 [ 8.38876451]
 [11.65041131]
 [ 9.90604967]
 [ 9.14761397]]
RG: [[100.]
 [100.]
 [100.]
 [100.]
 [100.]
 [100.]
 [100.]
 [100.]
 [100.]
 [100.]
 [100.]
 [100.]
 [100.]
 [100.]
 [100.]
 [100.]
 [100.]
 [100.]
 [100.]
 [100.]
 [100.]
 [100.]
 [100.]
 [100.]
 [100.]
 [100.]
 [100.]
 [100.]
 [100.]
 [100.]
 [100.]
 [100.]
 [100.]
 [100.]
 [100.]
 [100.]
 [100.]
 [100.]
 [100.]
 [100.]
 [100.]
 [100.]
 [100.]
 [100.]
 [100.]
 [100.]
 [100.]
 [100.]
 [100.]
 [100.]]
Ch: [[1. 1. 1. 1. 1. 1. 1. 1. 1. 1. 1.]
 [1. 1. 1. 1. 1. 1. 1. 1. 1. 1. 1.]
 [1. 1. 1. 1. 1. 1. 1. 1. 1. 1. 1.]
 [1. 1. 1. 1. 1. 1. 1. 1. 1. 1. 1.]
 [1. 1. 1. 1. 1. 1. 1. 1. 1. 1. 1.]]
Cv: [[0. 0. 0. 0. 0. 0. 0. 0. 0. 0.]
 [1. 1. 1. 1. 1. 1. 1. 1. 1. 1.]
 [1. 1. 1. 1. 1. 1. 1. 1. 1. 1.]
 [1. 1. 1. 1. 1. 1. 1. 1. 1. 1.]
 [1. 1. 1. 1. 1. 1. 1. 1. 1. 1.]]
Rh: [[ 3.52503562  1.03183931 15.84557317  8.07121173 12.53978135  2.88741238
   2.68914776  2.69754205  6.80152286  5.25916643  3.71123925]
 [ 5.12914194  4.8349766   4.10743999  7.24838361  4.24294326  6.75822064
   1.19243862 17.54607225  6.73479674  7.79368186  4.06412654]
 [ 7.49809908  1.31795203 16.84876624  5.93582207 18.86209373  1.21322128
  10.48863619  2.69809035  1.60887265  6.07912402  3.79494182]
 [18.60385841  2.51912076  4.45658571  2.54553563  2.97564509 15.25321457
   2.06278046  2.62388205 15.4135218   1.63379594  2.49071645]
 [ 8.67366816 12.01998256  1.40312895  4.6583487  14.99624355  7.9711887
   3.12351706  1.25342374  1.34589055  4.20721968  3.94274527]]
Rv: [[ 1.54416418  1.01395668 11.74609278  5.70689515  3.35653145  6.32761816
   3.04114344  7.29364355  1.45622155  2.20265853]
 [ 1.36268388  2.21525696  1.1210458  12.17678719 11.8031454   1.97281251
   1.09292337  3.15051087 14.71751539  4.02888547]
 [ 6.16735357 11.84603247  2.68090518  8.62944529  6.46023907  1.92413879
  11.74496373  1.23536152 17.39577997  2.97150913]
 [ 2.63443503  5.23404063 10.77618219  6.08861228  1.10533436  1.28241265
   1.86402761  1.57444886  9.6502936   2.8627256 ]]