-------Running parameters--------
T = 0.0
gap = 0
M = 5
N = 10
VR = 0.0
Vmin = 0.0
Vmax = 4.0
vStep = 0.01
vSym = True
repeats = 20
fileName = array_5_10_r_disorder_cg_disorder_run_2
dist = exp
fullOutput = True
use_graph = False
current_map = True
plot_current_map = False
dbg = False
resume = True
sc = False
leaping = False
constQ = False
modifyR = False
output_folder = 2d_array_bgu
params_path = 
VG_avg = 0.0
VG_std = 0.0
C_avg = 1.0
C_std = 0.0
CG_avg = 10.0
CG_std = 3.0
R_avg = 10.0
R_std = 9.0
custom_rh = ""
custom_rv = ""
custom_ch = ""
custom_cv = ""
RG_avg = 100.0
RG_std = 0.0
n0_avg = 0.0
n0_std = 0.0
Q0_avg = 0.0
Q0_std = 0.0
----Array Parameters-----
Rows: 5
Columns: 10
VG: [[0.]
 [0.]
 [0.]
 [0.]
 [0.]
 [0.]
 [0.]
 [0.]
 [0.]
 [0.]
 [0.]
 [0.]
 [0.]
 [0.]
 [0.]
 [0.]
 [0.]
 [0.]
 [0.]
 [0.]
 [0.]
 [0.]
 [0.]
 [0.]
 [0.]
 [0.]
 [0.]
 [0.]
 [0.]
 [0.]
 [0.]
 [0.]
 [0.]
 [0.]
 [0.]
 [0.]
 [0.]
 [0.]
 [0.]
 [0.]
 [0.]
 [0.]
 [0.]
 [0.]
 [0.]
 [0.]
 [0.]
 [0.]
 [0.]
 [0.]]
CG: [[ 7.69611716]
 [ 9.29099502]
 [ 9.97075062]
 [11.22890577]
 [ 9.76062569]
 [ 9.39726106]
 [11.25884063]
 [11.25041012]
 [ 7.85987685]
 [10.95233617]
 [10.34651615]
 [10.66550223]
 [ 8.26314918]
 [12.63341614]
 [ 9.86043918]
 [ 8.29539582]
 [ 8.6408452 ]
 [ 8.3419794 ]
 [ 7.02312355]
 [ 8.63444659]
 [ 9.42172334]
 [ 8.04807491]
 [ 7.48711913]
 [10.78758162]
 [ 9.67120561]
 [ 7.12400116]
 [ 9.06640123]
 [ 9.09410082]
 [ 7.61614647]
 [ 8.16330752]
 [10.4200684 ]
 [ 8.3273663 ]
 [12.78537971]
 [ 7.74065502]
 [ 9.64614443]
 [ 7.01847016]
 [ 8.08659746]
 [11.33698003]
 [ 8.07794862]
 [10.91197864]
 [12.9711018 ]
 [ 8.0278368 ]
 [ 9.88587926]
 [ 8.34485507]
 [12.69339161]
 [12.24945465]
 [ 9.60198564]
 [ 7.30699304]
 [ 9.07549363]
 [12.87919005]]
RG: [[100.]
 [100.]
 [100.]
 [100.]
 [100.]
 [100.]
 [100.]
 [100.]
 [100.]
 [100.]
 [100.]
 [100.]
 [100.]
 [100.]
 [100.]
 [100.]
 [100.]
 [100.]
 [100.]
 [100.]
 [100.]
 [100.]
 [100.]
 [100.]
 [100.]
 [100.]
 [100.]
 [100.]
 [100.]
 [100.]
 [100.]
 [100.]
 [100.]
 [100.]
 [100.]
 [100.]
 [100.]
 [100.]
 [100.]
 [100.]
 [100.]
 [100.]
 [100.]
 [100.]
 [100.]
 [100.]
 [100.]
 [100.]
 [100.]
 [100.]]
Ch: [[1. 1. 1. 1. 1. 1. 1. 1. 1. 1. 1.]
 [1. 1. 1. 1. 1. 1. 1. 1. 1. 1. 1.]
 [1. 1. 1. 1. 1. 1. 1. 1. 1. 1. 1.]
 [1. 1. 1. 1. 1. 1. 1. 1. 1. 1. 1.]
 [1. 1. 1. 1. 1. 1. 1. 1. 1. 1. 1.]]
Cv: [[0. 0. 0. 0. 0. 0. 0. 0. 0. 0.]
 [1. 1. 1. 1. 1. 1. 1. 1. 1. 1.]
 [1. 1. 1. 1. 1. 1. 1. 1. 1. 1.]
 [1. 1. 1. 1. 1. 1. 1. 1. 1. 1.]
 [1. 1. 1. 1. 1. 1. 1. 1. 1. 1.]]
Rh: [[ 6.08566685  8.71970658  2.44359439  1.9623088   2.97530701  1.45317513
   3.02733281  2.27224925 14.50681871  4.89482976  8.3613124 ]
 [ 3.45129888  7.25974214  2.58293015  1.57292645  1.99478866 15.79436072
  10.98580863  2.06925411  2.91052373  3.53091786 12.83501611]
 [18.47481277  3.73409562 10.8670606   7.14798554  1.18509995  1.54840065
   6.03210898  4.41662314  1.15592445  2.07769529  7.55491919]
 [18.81747585  8.13749031  1.21826748 10.5403606   1.25698624  2.26459088
   5.78509481 13.49805365  8.53966678  1.57701502  3.99072966]
 [ 1.24563488 16.38846163 10.46542295 11.16773768  2.00910446  3.02870414
  10.51277721  1.15620508 10.93079895 11.16949712  4.61157571]]
Rv: [[ 2.88143722  1.62751339  1.42319304  3.55727247  1.06892264 17.0853788
   4.34894167  7.93048225  4.13624     4.31812208]
 [ 6.02262309  1.06244595 13.39043843  1.65384873  8.31785662  7.53499345
   7.15854448  1.67605797  1.88411109  2.15807325]
 [ 1.46415937  4.94480535  6.59716147  4.29233637 12.41363978  2.8514858
   7.41833639  8.4584203   2.81034006  3.65377239]
 [ 1.26651519  1.70068292  2.92091932  1.24053517  2.27640194  7.11160523
   3.56513012  1.69485524  1.17292091  3.62790153]]