-------Running parameters--------
T = 0.0
gap = 0
M = 5
N = 10
VR = 0.0
Vmin = 0.0
Vmax = 4.0
vStep = 0.01
vSym = True
repeats = 20
fileName = array_5_10_r_disorder_run_2
dist = exp
fullOutput = True
use_graph = False
current_map = True
plot_current_map = False
dbg = False
resume = True
sc = False
leaping = False
constQ = False
modifyR = False
output_folder = 2d_array_bgu
params_path = 
VG_avg = 0.0
VG_std = 0.0
C_avg = 1.0
C_std = 0.0
CG_avg = 10.0
CG_std = 0.0
R_avg = 10.0
R_std = 9.0
custom_rh = ""
custom_rv = ""
custom_ch = ""
custom_cv = ""
RG_avg = 100.0
RG_std = 0.0
n0_avg = 0.0
n0_std = 0.0
Q0_avg = 0.0
Q0_std = 0.0
----Array Parameters-----
Rows: 5
Columns: 10
VG: [[0.]
 [0.]
 [0.]
 [0.]
 [0.]
 [0.]
 [0.]
 [0.]
 [0.]
 [0.]
 [0.]
 [0.]
 [0.]
 [0.]
 [0.]
 [0.]
 [0.]
 [0.]
 [0.]
 [0.]
 [0.]
 [0.]
 [0.]
 [0.]
 [0.]
 [0.]
 [0.]
 [0.]
 [0.]
 [0.]
 [0.]
 [0.]
 [0.]
 [0.]
 [0.]
 [0.]
 [0.]
 [0.]
 [0.]
 [0.]
 [0.]
 [0.]
 [0.]
 [0.]
 [0.]
 [0.]
 [0.]
 [0.]
 [0.]
 [0.]]
CG: [[10.]
 [10.]
 [10.]
 [10.]
 [10.]
 [10.]
 [10.]
 [10.]
 [10.]
 [10.]
 [10.]
 [10.]
 [10.]
 [10.]
 [10.]
 [10.]
 [10.]
 [10.]
 [10.]
 [10.]
 [10.]
 [10.]
 [10.]
 [10.]
 [10.]
 [10.]
 [10.]
 [10.]
 [10.]
 [10.]
 [10.]
 [10.]
 [10.]
 [10.]
 [10.]
 [10.]
 [10.]
 [10.]
 [10.]
 [10.]
 [10.]
 [10.]
 [10.]
 [10.]
 [10.]
 [10.]
 [10.]
 [10.]
 [10.]
 [10.]]
RG: [[100.]
 [100.]
 [100.]
 [100.]
 [100.]
 [100.]
 [100.]
 [100.]
 [100.]
 [100.]
 [100.]
 [100.]
 [100.]
 [100.]
 [100.]
 [100.]
 [100.]
 [100.]
 [100.]
 [100.]
 [100.]
 [100.]
 [100.]
 [100.]
 [100.]
 [100.]
 [100.]
 [100.]
 [100.]
 [100.]
 [100.]
 [100.]
 [100.]
 [100.]
 [100.]
 [100.]
 [100.]
 [100.]
 [100.]
 [100.]
 [100.]
 [100.]
 [100.]
 [100.]
 [100.]
 [100.]
 [100.]
 [100.]
 [100.]
 [100.]]
Ch: [[1. 1. 1. 1. 1. 1. 1. 1. 1. 1. 1.]
 [1. 1. 1. 1. 1. 1. 1. 1. 1. 1. 1.]
 [1. 1. 1. 1. 1. 1. 1. 1. 1. 1. 1.]
 [1. 1. 1. 1. 1. 1. 1. 1. 1. 1. 1.]
 [1. 1. 1. 1. 1. 1. 1. 1. 1. 1. 1.]]
Cv: [[0. 0. 0. 0. 0. 0. 0. 0. 0. 0.]
 [1. 1. 1. 1. 1. 1. 1. 1. 1. 1.]
 [1. 1. 1. 1. 1. 1. 1. 1. 1. 1.]
 [1. 1. 1. 1. 1. 1. 1. 1. 1. 1.]
 [1. 1. 1. 1. 1. 1. 1. 1. 1. 1.]]
Rh: [[ 1.29830117  6.7738645   2.39335523  2.38411418  1.05583284 10.35773445
   3.044127    1.52360647  1.75711527  3.07534845  1.75606258]
 [ 1.1396699   5.19352521  2.54473227  6.71813515  1.30063174  4.76094084
   3.45735639  1.7182279   2.84939414 12.74499505  6.74297554]
 [ 3.90187436  1.53115027  4.95015635  1.40837207 17.74403214 13.4815411
  13.39349593  1.3500828   7.52568434 15.07923091  2.58501736]
 [ 3.05852242  4.43422763  1.4912773   7.24729897  1.29521309  1.28717314
   1.4625415   2.27939086  1.27939242  6.13008159  1.37485038]
 [17.5371943   1.02415492 14.07188344  2.46596354  3.28075858  2.81601966
  14.26080245  2.03139437  1.55727732  1.14754108 15.04939212]]
Rv: [[10.80612395  2.55374865  3.46205658  2.02442436  4.23028225  1.37835765
   1.11369684  1.63593085  5.23634879  2.4695633 ]
 [10.15301921  4.92785237 16.44427093  1.76574105  2.85662784  5.96741627
   1.38113887 18.92564864  7.10822536  2.77889435]
 [ 5.84718893  6.60350928  5.65217538 15.26501801  1.06678319 10.55814239
  12.76770663  3.07653355  3.19147758  1.67755909]
 [ 1.52694695  4.5773812  15.21372747  2.79020522  3.17604465  1.46942767
   8.72405393 13.65559524  1.26028966  3.97855476]]