-------Running parameters--------
T = 0.0
gap = 0
M = 5
N = 10
VR = 0.0
Vmin = 0.0
Vmax = 4.0
vStep = 0.01
vSym = True
repeats = 20
fileName = array_5_10_r_disorder_cg_disorder_variable_ef_run_1
dist = exp
fullOutput = True
use_graph = False
current_map = True
plot_current_map = False
dbg = False
resume = True
sc = False
leaping = False
constQ = False
modifyR = True
output_folder = 2d_array_bgu
params_path = 
VG_avg = 0.0
VG_std = 0.0
C_avg = 1.0
C_std = 0.0
CG_avg = 10.0
CG_std = 3.0
R_avg = 10.0
R_std = 9.0
custom_rh = ""
custom_rv = ""
custom_ch = ""
custom_cv = ""
RG_avg = 100.0
RG_std = 0.0
n0_avg = 0.0
n0_std = 0.0
Q0_avg = 0.0
Q0_std = 0.0
----Array Parameters-----
Rows: 5
Columns: 10
VG: [[0.]
 [0.]
 [0.]
 [0.]
 [0.]
 [0.]
 [0.]
 [0.]
 [0.]
 [0.]
 [0.]
 [0.]
 [0.]
 [0.]
 [0.]
 [0.]
 [0.]
 [0.]
 [0.]
 [0.]
 [0.]
 [0.]
 [0.]
 [0.]
 [0.]
 [0.]
 [0.]
 [0.]
 [0.]
 [0.]
 [0.]
 [0.]
 [0.]
 [0.]
 [0.]
 [0.]
 [0.]
 [0.]
 [0.]
 [0.]
 [0.]
 [0.]
 [0.]
 [0.]
 [0.]
 [0.]
 [0.]
 [0.]
 [0.]
 [0.]]
CG: [[ 7.79689939]
 [ 9.82798813]
 [ 7.38225101]
 [ 9.45761564]
 [11.53747791]
 [ 7.13327649]
 [12.997629  ]
 [10.82294673]
 [ 9.80746429]
 [11.65571763]
 [10.43585617]
 [12.24665595]
 [ 7.78260566]
 [12.69887885]
 [ 9.01032334]
 [ 7.99046152]
 [11.3599688 ]
 [12.61912722]
 [ 8.83639154]
 [12.79067501]
 [10.8842761 ]
 [11.04859483]
 [12.34103664]
 [10.83663964]
 [ 9.00695403]
 [10.76946171]
 [12.92082804]
 [12.4852472 ]
 [ 9.86337533]
 [ 7.08252483]
 [12.55632277]
 [12.47770099]
 [11.89395155]
 [ 8.06611725]
 [11.41241591]
 [10.09009088]
 [12.26401746]
 [ 7.19387675]
 [ 8.38241579]
 [ 7.75987238]
 [ 7.06779057]
 [ 9.04586225]
 [ 9.88293308]
 [12.84917287]
 [10.71868841]
 [ 8.71937036]
 [10.09779716]
 [ 7.29739371]
 [12.40489398]
 [ 7.38342265]]
RG: [[100.]
 [100.]
 [100.]
 [100.]
 [100.]
 [100.]
 [100.]
 [100.]
 [100.]
 [100.]
 [100.]
 [100.]
 [100.]
 [100.]
 [100.]
 [100.]
 [100.]
 [100.]
 [100.]
 [100.]
 [100.]
 [100.]
 [100.]
 [100.]
 [100.]
 [100.]
 [100.]
 [100.]
 [100.]
 [100.]
 [100.]
 [100.]
 [100.]
 [100.]
 [100.]
 [100.]
 [100.]
 [100.]
 [100.]
 [100.]
 [100.]
 [100.]
 [100.]
 [100.]
 [100.]
 [100.]
 [100.]
 [100.]
 [100.]
 [100.]]
Ch: [[1. 1. 1. 1. 1. 1. 1. 1. 1. 1. 1.]
 [1. 1. 1. 1. 1. 1. 1. 1. 1. 1. 1.]
 [1. 1. 1. 1. 1. 1. 1. 1. 1. 1. 1.]
 [1. 1. 1. 1. 1. 1. 1. 1. 1. 1. 1.]
 [1. 1. 1. 1. 1. 1. 1. 1. 1. 1. 1.]]
Cv: [[0. 0. 0. 0. 0. 0. 0. 0. 0. 0.]
 [1. 1. 1. 1. 1. 1. 1. 1. 1. 1.]
 [1. 1. 1. 1. 1. 1. 1. 1. 1. 1.]
 [1. 1. 1. 1. 1. 1. 1. 1. 1. 1.]
 [1. 1. 1. 1. 1. 1. 1. 1. 1. 1.]]
Rh: [[17.92028843  2.46964046  2.24545674  2.04180636 17.52989313  3.54026014
   8.16829293  5.39011673 18.16613199 12.45143289  5.90772329]
 [ 9.56153667  1.03385809 11.28433817  2.14993393  8.92584328  2.57619851
   1.02715098  7.46425909  8.43900551 16.46997607  5.18739271]
 [ 1.03781848  2.58642234  2.30391499 14.5663362  17.70863034  4.46823458
   1.78090978  9.98845984  7.71990303  7.70670799  1.23227106]
 [17.1377406  13.91098968  2.00017704  3.97506833  2.99287841 18.20513674
  11.32928096  2.66091071  4.90933237 17.24339559  3.75123456]
 [ 8.12511009  2.28276384  3.51083463 18.24814341  1.0739106  17.12079789
   1.09317874  5.04383533  7.52730249  3.50542248  2.41686512]]
Rv: [[ 2.13860443 15.68164237  2.1170073   1.87963621 12.87007346  4.4664732
  12.01699729  4.652368    8.85633149  1.21541437]
 [ 1.99647425  7.2580786  14.82773983 15.38558606  2.51828587  7.35546683
   4.6287149   4.96681379  3.89003822  2.46808894]
 [ 7.6790228   3.73097643  1.18059345 12.5222398   7.52520949 14.56926837
   1.37203198  2.5692334   5.1389013   1.77318276]
 [ 2.05188285  5.97355591 11.67420018  2.28952009  6.77101102  2.72728161
   1.27084298 12.66295254 17.85962738 17.72803868]]