-------Running parameters--------
T = 0.0
gap = 0
M = 5
N = 10
VR = 0.0
Vmin = 0.0
Vmax = 4.0
vStep = 0.01
vSym = True
repeats = 20
fileName = array_5_10_r_disorder_cg_disorder_variable_ef_run_2
dist = exp
fullOutput = True
use_graph = False
current_map = True
plot_current_map = False
dbg = False
resume = True
sc = False
leaping = False
constQ = False
modifyR = True
output_folder = 2d_array_bgu
params_path = 
VG_avg = 0.0
VG_std = 0.0
C_avg = 1.0
C_std = 0.0
CG_avg = 10.0
CG_std = 3.0
R_avg = 10.0
R_std = 9.0
custom_rh = ""
custom_rv = ""
custom_ch = ""
custom_cv = ""
RG_avg = 100.0
RG_std = 0.0
n0_avg = 0.0
n0_std = 0.0
Q0_avg = 0.0
Q0_std = 0.0
----Array Parameters-----
Rows: 5
Columns: 10
VG: [[0.]
 [0.]
 [0.]
 [0.]
 [0.]
 [0.]
 [0.]
 [0.]
 [0.]
 [0.]
 [0.]
 [0.]
 [0.]
 [0.]
 [0.]
 [0.]
 [0.]
 [0.]
 [0.]
 [0.]
 [0.]
 [0.]
 [0.]
 [0.]
 [0.]
 [0.]
 [0.]
 [0.]
 [0.]
 [0.]
 [0.]
 [0.]
 [0.]
 [0.]
 [0.]
 [0.]
 [0.]
 [0.]
 [0.]
 [0.]
 [0.]
 [0.]
 [0.]
 [0.]
 [0.]
 [0.]
 [0.]
 [0.]
 [0.]
 [0.]]
CG: [[11.24466365]
 [ 8.34207667]
 [ 7.66092814]
 [10.02941674]
 [12.21368868]
 [ 8.42814665]
 [11.77494381]
 [12.95776144]
 [11.27299503]
 [ 8.13798685]
 [ 9.6143651 ]
 [ 9.85042197]
 [ 8.66561165]
 [ 8.77244826]
 [ 7.77901802]
 [ 8.78448564]
 [ 7.47172645]
 [11.51194991]
 [11.80384914]
 [ 7.44570516]
 [ 7.61364354]
 [12.59705282]
 [ 9.62186435]
 [ 9.60707668]
 [10.46184375]
 [ 9.439913  ]
 [12.40400774]
 [10.30464792]
 [11.27889205]
 [ 8.74101554]
 [12.06465019]
 [ 8.63742856]
 [ 8.35606177]
 [12.36284183]
 [11.97216035]
 [12.164188  ]
 [ 7.28604378]
 [ 8.33368588]
 [ 7.88032349]
 [ 7.45014965]
 [ 8.705089  ]
 [ 7.50475795]
 [ 7.5328497 ]
 [11.01793607]
 [11.68897738]
 [ 8.83743498]
 [ 7.16912213]
 [ 8.71470628]
 [ 7.9681418 ]
 [11.12495108]]
RG: [[100.]
 [100.]
 [100.]
 [100.]
 [100.]
 [100.]
 [100.]
 [100.]
 [100.]
 [100.]
 [100.]
 [100.]
 [100.]
 [100.]
 [100.]
 [100.]
 [100.]
 [100.]
 [100.]
 [100.]
 [100.]
 [100.]
 [100.]
 [100.]
 [100.]
 [100.]
 [100.]
 [100.]
 [100.]
 [100.]
 [100.]
 [100.]
 [100.]
 [100.]
 [100.]
 [100.]
 [100.]
 [100.]
 [100.]
 [100.]
 [100.]
 [100.]
 [100.]
 [100.]
 [100.]
 [100.]
 [100.]
 [100.]
 [100.]
 [100.]]
Ch: [[1. 1. 1. 1. 1. 1. 1. 1. 1. 1. 1.]
 [1. 1. 1. 1. 1. 1. 1. 1. 1. 1. 1.]
 [1. 1. 1. 1. 1. 1. 1. 1. 1. 1. 1.]
 [1. 1. 1. 1. 1. 1. 1. 1. 1. 1. 1.]
 [1. 1. 1. 1. 1. 1. 1. 1. 1. 1. 1.]]
Cv: [[0. 0. 0. 0. 0. 0. 0. 0. 0. 0.]
 [1. 1. 1. 1. 1. 1. 1. 1. 1. 1.]
 [1. 1. 1. 1. 1. 1. 1. 1. 1. 1.]
 [1. 1. 1. 1. 1. 1. 1. 1. 1. 1.]
 [1. 1. 1. 1. 1. 1. 1. 1. 1. 1.]]
Rh: [[ 1.80121174 14.59917856 13.62355677  5.05322529 13.48742327  1.29702397
   1.67501958 18.65827562  1.17676664  4.9184368   7.6139783 ]
 [ 2.69922088 11.68565223  2.98427686  2.29455714  1.20043927  8.15587436
   6.49867532  4.7287548   1.49244451  8.55650922 12.40544832]
 [12.78854808  2.61289815 13.29891714  1.53077589  2.25237076 13.07389744
  15.58489685  8.27440612  9.30746652  5.86263402  8.71229914]
 [ 1.01232911  8.17273651 15.46431973  2.08853246  1.65474132 12.60810628
   7.75738988  1.42947268  1.97152416 13.25794697  5.45849505]
 [ 1.27241154  7.3035253   3.31725225 18.95089002  4.24535752 17.33683004
  11.3757377   3.18614579  1.53748475  9.17389097  3.01692756]]
Rv: [[14.41331558  7.91138406  1.44190408  3.05254457  1.20980455  1.04935371
   3.54972492  4.8787403   1.86777552  2.86968925]
 [17.35520998 10.04705964  5.96175785 16.41236254 15.08714312  1.0384825
   8.79485756 11.76651199  3.35811521  1.32842153]
 [ 1.34116569  1.62865399 10.93259121  8.83859155  9.75144038  1.3655053
   2.31419764  2.68828544  1.05698639  7.46541956]
 [ 3.00141726 17.33116941  3.5952047  17.62529356  3.14922475 13.47413281
   3.53401993 18.47108246  9.23106615  9.87601171]]