-------Running parameters--------
T = 0.0
gap = 0
M = 5
N = 10
VR = 0.0
Vmin = 0.0
Vmax = 4.0
vStep = 0.01
vSym = True
repeats = 20
fileName = array_5_10_r_disorder_cg_disorder_run_1
dist = exp
fullOutput = True
use_graph = False
current_map = True
plot_current_map = False
dbg = False
resume = True
sc = False
leaping = False
constQ = False
modifyR = False
output_folder = 2d_array_bgu
params_path = 
VG_avg = 0.0
VG_std = 0.0
C_avg = 1.0
C_std = 0.0
CG_avg = 10.0
CG_std = 3.0
R_avg = 10.0
R_std = 9.0
custom_rh = ""
custom_rv = ""
custom_ch = ""
custom_cv = ""
RG_avg = 100.0
RG_std = 0.0
n0_avg = 0.0
n0_std = 0.0
Q0_avg = 0.0
Q0_std = 0.0
----Array Parameters-----
Rows: 5
Columns: 10
VG: [[0.]
 [0.]
 [0.]
 [0.]
 [0.]
 [0.]
 [0.]
 [0.]
 [0.]
 [0.]
 [0.]
 [0.]
 [0.]
 [0.]
 [0.]
 [0.]
 [0.]
 [0.]
 [0.]
 [0.]
 [0.]
 [0.]
 [0.]
 [0.]
 [0.]
 [0.]
 [0.]
 [0.]
 [0.]
 [0.]
 [0.]
 [0.]
 [0.]
 [0.]
 [0.]
 [0.]
 [0.]
 [0.]
 [0.]
 [0.]
 [0.]
 [0.]
 [0.]
 [0.]
 [0.]
 [0.]
 [0.]
 [0.]
 [0.]
 [0.]]
CG: [[10.18366994]
 [11.14938699]
 [10.98358753]
 [11.24674766]
 [ 7.53017458]
 [ 8.29675586]
 [11.7601886 ]
 [ 8.48357138]
 [ 8.54410686]
 [11.54145807]
 [ 7.74466369]
 [ 9.56373646]
 [12.97204614]
 [ 7.96928432]
 [ 8.62295789]
 [11.91514097]
 [ 7.85945508]
 [12.18676983]
 [12.10403052]
 [10.38473637]
 [10.40679112]
 [11.39973394]
 [11.40476706]
 [12.09788721]
 [ 9.01694096]
 [10.9167987 ]
 [ 7.57860293]
 [ 9.350074  ]
 [ 7.61644056]
 [11.53860123]
 [ 8.08564115]
 [12.84172749]
 [11.10257196]
 [12.46212372]
 [10.60293831]
 [ 9.26006386]
 [ 7.82878117]
 [11.99473145]
 [11.32102151]
 [ 8.11855675]
 [ 8.23967591]
 [11.1329681 ]
 [ 8.32221952]
 [11.79642296]
 [ 7.31682734]
 [ 7.49581198]
 [12.98428844]
 [ 7.6491921 ]
 [ 7.43346119]
 [12.37702915]]
RG: [[100.]
 [100.]
 [100.]
 [100.]
 [100.]
 [100.]
 [100.]
 [100.]
 [100.]
 [100.]
 [100.]
 [100.]
 [100.]
 [100.]
 [100.]
 [100.]
 [100.]
 [100.]
 [100.]
 [100.]
 [100.]
 [100.]
 [100.]
 [100.]
 [100.]
 [100.]
 [100.]
 [100.]
 [100.]
 [100.]
 [100.]
 [100.]
 [100.]
 [100.]
 [100.]
 [100.]
 [100.]
 [100.]
 [100.]
 [100.]
 [100.]
 [100.]
 [100.]
 [100.]
 [100.]
 [100.]
 [100.]
 [100.]
 [100.]
 [100.]]
Ch: [[1. 1. 1. 1. 1. 1. 1. 1. 1. 1. 1.]
 [1. 1. 1. 1. 1. 1. 1. 1. 1. 1. 1.]
 [1. 1. 1. 1. 1. 1. 1. 1. 1. 1. 1.]
 [1. 1. 1. 1. 1. 1. 1. 1. 1. 1. 1.]
 [1. 1. 1. 1. 1. 1. 1. 1. 1. 1. 1.]]
Cv: [[0. 0. 0. 0. 0. 0. 0. 0. 0. 0.]
 [1. 1. 1. 1. 1. 1. 1. 1. 1. 1.]
 [1. 1. 1. 1. 1. 1. 1. 1. 1. 1.]
 [1. 1. 1. 1. 1. 1. 1. 1. 1. 1.]
 [1. 1. 1. 1. 1. 1. 1. 1. 1. 1.]]
Rh: [[18.55269804 10.15033751 12.26173062  4.89401449  5.93554482  3.93799772
   1.86429537  7.12741481  8.28674019  4.46327856  9.8779425 ]
 [ 1.27544414  1.11729248  1.1047582   1.74492552  3.91547324  7.24917036
   1.09398887 11.35280565 11.87575628  6.42500769  1.18947285]
 [17.81122259  3.17577469  8.22000635 11.01354417  4.4328304   8.62998385
  17.78405649  5.36980278  2.07690888  3.71291887  7.43170506]
 [ 3.96909327  5.88628277  8.94501378 14.76909841  5.09227509  3.37954029
   6.17515855  1.64579559  6.2042051   1.68974009 17.95640965]
 [ 2.74397963  2.52413864 16.26297399  1.60429089  5.58270867  4.18448257
   2.29296352 18.20677656  3.3318817  12.17883191  3.20412593]]
Rv: [[ 6.20345601  9.02243649 12.55676413  2.80911373  1.76329723 14.07394108
   1.67185762  7.86608315  3.15027574 12.37924325]
 [ 3.99743108  1.37223507  1.31797486  7.40653686  2.41839645  2.51154269
  16.37270105  8.77650029  1.01064176 18.72205486]
 [ 7.90767477  4.77832979  4.42702534  1.41063148  7.88953641  1.08145216
   9.3484594   6.58276174  5.64627571  5.23146124]
 [ 6.39132651  6.30173241  4.00180418  1.36994157  2.49074335 17.33000985
   4.60486248  8.94914934 16.18984628  3.81063885]]