-------Running parameters--------
M = 10
N = 10
VR = 0
Vmin = 0.0
Vmax = 20.0
vStep = 0.1
repeats = 20
fileName = no_disorder_uniform_10_10
dist = uniform
fullOutput = False
output_folder = 2D_arrays_different_dist
VG_avg = 0.0
VG_std = 0.0
C_avg = 1.0
C_std = 0.0
CG_avg = 10.0
CG_std = 0.0
R_avg = 10.0
R_std = 9.0
RG_avg = 1000.0
RG_std = 0.0
n0_avg = 0.0
n0_std = 0.0
Q0_avg = 0.0
Q0_std = 0.0
----Array Parameters-----
Rows: 10
Columns: 10
VG: [[0. 0. 0. 0. 0. 0. 0. 0. 0. 0.]
 [0. 0. 0. 0. 0. 0. 0. 0. 0. 0.]
 [0. 0. 0. 0. 0. 0. 0. 0. 0. 0.]
 [0. 0. 0. 0. 0. 0. 0. 0. 0. 0.]
 [0. 0. 0. 0. 0. 0. 0. 0. 0. 0.]
 [0. 0. 0. 0. 0. 0. 0. 0. 0. 0.]
 [0. 0. 0. 0. 0. 0. 0. 0. 0. 0.]
 [0. 0. 0. 0. 0. 0. 0. 0. 0. 0.]
 [0. 0. 0. 0. 0. 0. 0. 0. 0. 0.]
 [0. 0. 0. 0. 0. 0. 0. 0. 0. 0.]]
CG: [[10. 10. 10. 10. 10. 10. 10. 10. 10. 10.]
 [10. 10. 10. 10. 10. 10. 10. 10. 10. 10.]
 [10. 10. 10. 10. 10. 10. 10. 10. 10. 10.]
 [10. 10. 10. 10. 10. 10. 10. 10. 10. 10.]
 [10. 10. 10. 10. 10. 10. 10. 10. 10. 10.]
 [10. 10. 10. 10. 10. 10. 10. 10. 10. 10.]
 [10. 10. 10. 10. 10. 10. 10. 10. 10. 10.]
 [10. 10. 10. 10. 10. 10. 10. 10. 10. 10.]
 [10. 10. 10. 10. 10. 10. 10. 10. 10. 10.]
 [10. 10. 10. 10. 10. 10. 10. 10. 10. 10.]]
RG: [[1000. 1000. 1000. 1000. 1000. 1000. 1000. 1000. 1000. 1000.]
 [1000. 1000. 1000. 1000. 1000. 1000. 1000. 1000. 1000. 1000.]
 [1000. 1000. 1000. 1000. 1000. 1000. 1000. 1000. 1000. 1000.]
 [1000. 1000. 1000. 1000. 1000. 1000. 1000. 1000. 1000. 1000.]
 [1000. 1000. 1000. 1000. 1000. 1000. 1000. 1000. 1000. 1000.]
 [1000. 1000. 1000. 1000. 1000. 1000. 1000. 1000. 1000. 1000.]
 [1000. 1000. 1000. 1000. 1000. 1000. 1000. 1000. 1000. 1000.]
 [1000. 1000. 1000. 1000. 1000. 1000. 1000. 1000. 1000. 1000.]
 [1000. 1000. 1000. 1000. 1000. 1000. 1000. 1000. 1000. 1000.]
 [1000. 1000. 1000. 1000. 1000. 1000. 1000. 1000. 1000. 1000.]]
Ch: [[1. 0. 0. 0. 0. 0. 0. 0. 0. 0. 1.]
 [1. 0. 0. 0. 0. 0. 0. 0. 0. 0. 1.]
 [1. 0. 0. 0. 0. 0. 0. 0. 0. 0. 1.]
 [1. 0. 0. 0. 0. 0. 0. 0. 0. 0. 1.]
 [1. 0. 0. 0. 0. 0. 0. 0. 0. 0. 1.]
 [1. 0. 0. 0. 0. 0. 0. 0. 0. 0. 1.]
 [1. 0. 0. 0. 0. 0. 0. 0. 0. 0. 1.]
 [1. 0. 0. 0. 0. 0. 0. 0. 0. 0. 1.]
 [1. 0. 0. 0. 0. 0. 0. 0. 0. 0. 1.]
 [1. 0. 0. 0. 0. 0. 0. 0. 0. 0. 1.]]
Cv: [[0. 0. 0. 0. 0. 0. 0. 0. 0. 0.]
 [1. 1. 1. 1. 1. 1. 1. 1. 1. 1.]
 [1. 1. 1. 1. 1. 1. 1. 1. 1. 1.]
 [1. 1. 1. 1. 1. 1. 1. 1. 1. 1.]
 [1. 1. 1. 1. 1. 1. 1. 1. 1. 1.]
 [1. 1. 1. 1. 1. 1. 1. 1. 1. 1.]
 [1. 1. 1. 1. 1. 1. 1. 1. 1. 1.]
 [1. 1. 1. 1. 1. 1. 1. 1. 1. 1.]
 [1. 1. 1. 1. 1. 1. 1. 1. 1. 1.]
 [1. 1. 1. 1. 1. 1. 1. 1. 1. 1.]]
Rh: [[ 8.79566361 14.31771464 12.9855301   2.8477668   7.39025647  4.53382053
   9.52542198 14.60325036 15.87096582 17.35055079  4.01144602]
 [17.07151444  2.8476765   1.31611934 14.28694869 15.42475346  9.38769951
  13.9380511   1.01543843 14.82362275 16.32685393 12.04584318]
 [11.71298759  3.90808608  9.7632466   8.24247445 10.50577179  8.70416281
   4.91780315 15.63501983 11.53893518 18.86785294  7.59948853]
 [ 7.5387724  17.473665    1.58293751  1.55450554  2.12322875  6.47007471
   1.87261793  9.80624643 18.03584613  5.97081187 17.33994759]
 [ 5.99428502 14.60889689 11.88214307  9.29175707 16.90963552 15.29906397
   8.60602723  3.34276505  8.78764542  3.95090769 15.37965416]
 [15.70026713  9.98987856 10.4395944  14.06406839 14.2857032  15.24839859
  10.6844409   2.50116067  9.14120811  6.14659058  6.06208741]
 [ 9.97339064  7.90951302 18.95268938 13.23647857  3.06772538 18.09880989
  15.2754162   1.93934873  4.22103369 11.48536814  8.98750835]
 [ 7.38802072 14.10989135 11.78759967 17.69300721 18.42935845 13.7325454
  13.97737167 16.70738337 17.31829511  9.03309666  1.4114687 ]
 [ 1.68180273  5.06242134 10.7175778   4.31397459 17.25029824 18.75670767
   6.21846054  7.30477626 16.8492837  12.58021294  1.6493513 ]
 [14.81242739 11.08953935 17.61797134 15.25319497 11.70730687  3.14729658
  12.31780038 14.92703833  7.11983102 10.8457252   4.43557832]]
Rv: [[10.22350592 13.52955751  2.30335163  8.42116963  8.14663791 15.13265818
   4.39282358  2.36252963  1.39296493 10.58420578]
 [ 9.62752895  3.43053536  9.61074988 13.38979958  7.91587599 16.72483847
  15.70656067  9.19157711  4.70280642 17.45545648]
 [14.41036455  2.16464444  9.3282136  11.53865693 12.71334219  9.58571722
   9.64831129 11.020167    6.91677204 15.73622931]
 [17.95361689  6.49309313 10.60503635 10.26676165  4.49831325  4.32338049
   8.96427743 17.55024253  2.37111978  9.08659612]
 [ 3.23909673 17.74994503  8.99987467 12.21191422 10.7101815   4.03820798
   9.36058792 10.24489193 14.87376837  3.06543595]
 [11.60090843 18.32981922  9.24728218 18.33575292  3.52314647 15.6733649
  14.72957226 12.16710243 16.02911155  2.13307362]
 [ 2.50518912 18.72054182 18.2753804  11.59112855  2.52702221  6.44112924
   5.87666045 12.45288977  9.4696227  18.50724784]
 [18.5431516  11.48579052  3.29145807  2.12205845  6.06514719 12.35678466
  12.93270129 11.14961411  4.41480105 11.26296195]
 [14.82777661  4.5261129  10.80538728 18.96601564 14.19320208  4.8398405
   7.10917931 15.62795684  2.58243988 18.50629169]]