-------Running parameters--------
T = 0.0
gap = 0
M = 10
N = 10
VR = 0.0
Vmin = 0.0
Vmax = 3.0
vStep = 0.01
vSym = False
repeats = 20
fileName = array_10_10_c_r_disorder_run_1
dist = exp
fullOutput = True
use_graph = False
current_map = True
plot_current_map = False
plot_binary_current_map = False
frame_norm = False
dbg = False
resume = True
sc = False
leaping = False
constQ = False
modifyR = False
output_folder = 2d_array_slurm_big_c_r_disorder
params_path = 
VG_avg = 0.0
VG_std = 0.0
C_avg = 10.0
C_std = 9.5
CG_avg = 50.0
CG_std = 0.0
R_avg = 30.0
R_std = 29.0
custom_rh = ""
custom_rv = ""
custom_ch = ""
custom_cv = ""
RG_avg = 500.0
RG_std = 0.0
n0_avg = 0.0
n0_std = 0.0
Q0_avg = 0.0
Q0_std = 0.0
----Array Parameters-----
Rows: 10
Columns: 10
VG: [[0.]
 [0.]
 [0.]
 [0.]
 [0.]
 [0.]
 [0.]
 [0.]
 [0.]
 [0.]
 [0.]
 [0.]
 [0.]
 [0.]
 [0.]
 [0.]
 [0.]
 [0.]
 [0.]
 [0.]
 [0.]
 [0.]
 [0.]
 [0.]
 [0.]
 [0.]
 [0.]
 [0.]
 [0.]
 [0.]
 [0.]
 [0.]
 [0.]
 [0.]
 [0.]
 [0.]
 [0.]
 [0.]
 [0.]
 [0.]
 [0.]
 [0.]
 [0.]
 [0.]
 [0.]
 [0.]
 [0.]
 [0.]
 [0.]
 [0.]
 [0.]
 [0.]
 [0.]
 [0.]
 [0.]
 [0.]
 [0.]
 [0.]
 [0.]
 [0.]
 [0.]
 [0.]
 [0.]
 [0.]
 [0.]
 [0.]
 [0.]
 [0.]
 [0.]
 [0.]
 [0.]
 [0.]
 [0.]
 [0.]
 [0.]
 [0.]
 [0.]
 [0.]
 [0.]
 [0.]
 [0.]
 [0.]
 [0.]
 [0.]
 [0.]
 [0.]
 [0.]
 [0.]
 [0.]
 [0.]
 [0.]
 [0.]
 [0.]
 [0.]
 [0.]
 [0.]
 [0.]
 [0.]
 [0.]
 [0.]]
CG: [[50.]
 [50.]
 [50.]
 [50.]
 [50.]
 [50.]
 [50.]
 [50.]
 [50.]
 [50.]
 [50.]
 [50.]
 [50.]
 [50.]
 [50.]
 [50.]
 [50.]
 [50.]
 [50.]
 [50.]
 [50.]
 [50.]
 [50.]
 [50.]
 [50.]
 [50.]
 [50.]
 [50.]
 [50.]
 [50.]
 [50.]
 [50.]
 [50.]
 [50.]
 [50.]
 [50.]
 [50.]
 [50.]
 [50.]
 [50.]
 [50.]
 [50.]
 [50.]
 [50.]
 [50.]
 [50.]
 [50.]
 [50.]
 [50.]
 [50.]
 [50.]
 [50.]
 [50.]
 [50.]
 [50.]
 [50.]
 [50.]
 [50.]
 [50.]
 [50.]
 [50.]
 [50.]
 [50.]
 [50.]
 [50.]
 [50.]
 [50.]
 [50.]
 [50.]
 [50.]
 [50.]
 [50.]
 [50.]
 [50.]
 [50.]
 [50.]
 [50.]
 [50.]
 [50.]
 [50.]
 [50.]
 [50.]
 [50.]
 [50.]
 [50.]
 [50.]
 [50.]
 [50.]
 [50.]
 [50.]
 [50.]
 [50.]
 [50.]
 [50.]
 [50.]
 [50.]
 [50.]
 [50.]
 [50.]
 [50.]]
RG: [[500.]
 [500.]
 [500.]
 [500.]
 [500.]
 [500.]
 [500.]
 [500.]
 [500.]
 [500.]
 [500.]
 [500.]
 [500.]
 [500.]
 [500.]
 [500.]
 [500.]
 [500.]
 [500.]
 [500.]
 [500.]
 [500.]
 [500.]
 [500.]
 [500.]
 [500.]
 [500.]
 [500.]
 [500.]
 [500.]
 [500.]
 [500.]
 [500.]
 [500.]
 [500.]
 [500.]
 [500.]
 [500.]
 [500.]
 [500.]
 [500.]
 [500.]
 [500.]
 [500.]
 [500.]
 [500.]
 [500.]
 [500.]
 [500.]
 [500.]
 [500.]
 [500.]
 [500.]
 [500.]
 [500.]
 [500.]
 [500.]
 [500.]
 [500.]
 [500.]
 [500.]
 [500.]
 [500.]
 [500.]
 [500.]
 [500.]
 [500.]
 [500.]
 [500.]
 [500.]
 [500.]
 [500.]
 [500.]
 [500.]
 [500.]
 [500.]
 [500.]
 [500.]
 [500.]
 [500.]
 [500.]
 [500.]
 [500.]
 [500.]
 [500.]
 [500.]
 [500.]
 [500.]
 [500.]
 [500.]
 [500.]
 [500.]
 [500.]
 [500.]
 [500.]
 [500.]
 [500.]
 [500.]
 [500.]
 [500.]]
Ch: [[ 1.17633689  3.44901437  3.19232085  4.14911861  2.62711714 12.77416401
  11.88023111  2.09634387  0.92815304 19.03296314  9.942993  ]
 [ 0.64910668  1.14504917 17.82105884  4.08667723 16.72248682  4.14012157
   0.65597695  1.8718242   1.03525961 13.57346569  0.85183736]
 [14.94661907 10.95026686  2.92525882  0.52544997  1.57997908  0.64968772
   0.60072764 12.57454159 15.06053918  1.34108287 13.41649675]
 [ 1.79667792  3.50839002  0.50123481  4.33379732  7.24488913 18.47148341
   1.3175557  17.3878399   2.19285455  0.58609268  1.94184438]
 [ 3.47463662  8.10561314  2.00308402  1.90670233  7.2453082  13.08109671
   3.43705247 15.74951185  5.96911718  1.56149181 14.1633386 ]
 [ 5.6987087   3.95801488  1.04648562 12.30315521 14.14997725  9.67395153
   0.63538036 16.46347557  1.56940159  8.88568911  4.81832257]
 [ 1.65555199  0.56341476  7.93067387  2.62371109  1.23243096  1.30563648
   2.88748658  0.84650346  1.09433118  0.74523279 11.18561807]
 [ 4.07196962  6.33239904  1.82011514  0.78826351  2.35861784  8.38754341
   4.76994703 16.28102762  1.56270238  0.71287284  2.1776461 ]
 [ 1.04151895 12.43068845 10.17545006 12.31697117  4.70959248  1.88176859
  13.70515354  4.25624798  4.95827744  5.27501643  1.89272189]
 [ 3.82570542  2.53307058  2.36310965  1.1443362   4.35183016  1.26626147
   0.97573879  3.30364025  0.64547638  2.31631428  6.16778914]]
Cv: [[ 0.          0.          0.          0.          0.          0.
   0.          0.          0.          0.        ]
 [ 5.4499207   7.21449919 14.73669471  7.99976201  0.9973582   1.43911361
   0.59541138  6.34972065  0.91770078  1.20414147]
 [ 1.43616931 16.58816253  1.13956994  0.98548482  1.63203468  5.916309
   1.03583058  1.11229817  1.25345127  2.27658415]
 [14.07603269 15.94242779  2.58495649  1.78306774 14.60476238  0.58991276
  13.08522339  8.558999    3.22083319  3.97800159]
 [ 0.98808843  2.2979873   0.55609608  0.92863138  1.2540006   4.53935012
   9.62206165  0.54318967  1.72759834  0.91032821]
 [ 1.48871679  1.71182958 10.5646358  14.9916606  14.3498156   1.87759445
   1.03386265  9.38167105  1.31639693  3.55914003]
 [ 0.73821243  5.06552857  5.10703039  1.51603997  2.45244342 16.86656558
   0.68319017  4.98633796  3.89253501  0.68019184]
 [18.76507828  1.44886907  3.3326652   1.28284887 13.81519809  7.09737214
   2.17003002  1.55879368  0.55379604  4.7170019 ]
 [ 2.80046999  2.6298958   1.10330244 14.29413779 14.13898523 15.01456922
   2.42220175  3.07723712  3.30040923  6.47171522]
 [ 1.38505124 13.26253792  3.20611788 14.48761757 19.25000747  0.51066195
   0.83473276 11.32111103  6.42071087 17.92166461]]
Rh: [[ 2.31078072  3.82032198 38.26742167  1.05581488  2.35323551 34.89559601
   4.38910438  8.90276664  5.70665218 30.71745523  5.78050386]
 [ 1.16473678  4.00759562  3.82249601  2.85458291  1.20825283 49.7885463
   3.26190046 21.21718995 13.40271266  7.57582627  1.31134979]
 [ 1.38807973  1.89239131  4.73676396  5.73754217  5.74746195  1.13344405
   2.73248536  1.32502256  1.05708521  1.0028512  53.79827003]
 [ 1.84404999  2.224861   12.66973189 18.55838118  1.58449231  1.07962765
  41.36080354  5.80140929 14.92050481  1.12063882 18.90242097]
 [ 3.52189895  2.01812455  3.24991421  1.10727655 37.51885588 40.16174444
   4.75007156  2.63631098  4.02552922  3.77213857 33.72293795]
 [ 5.30065184  3.06002564 19.74579488  2.5296881   3.11067017  3.40242777
   1.10371985  1.49888821  7.52370422  1.29706929 31.22535679]
 [10.62697931  9.13916861 57.26564779  4.07137021  3.50802398  3.05116947
  17.76522131  1.02266269 34.42711791  3.11117583  8.67517086]
 [12.29085342  4.64069373  1.03396067 25.86979437  4.25490788  1.12750149
   8.86456334 49.56288337 25.8550489   1.07990299 27.06842799]
 [ 7.97621796 10.80602713 11.34229003  2.5091473   1.46456903 26.54707286
  12.34773807 32.82999039 10.28057366 48.07912366  1.6059141 ]
 [18.1242337  30.37716744 41.53279345  2.82963223 25.83108294 13.78325095
   1.69901492 45.77220483 53.965266    4.16669819 12.97224343]]
Rv: [[ 2.89043101 43.75375061 31.95909075 24.56295488  4.48507902 22.80665906
   9.83577247 26.00376279  2.92312227  1.9209452 ]
 [13.73988383 52.71226135 49.39167197 12.91788096 57.30387505 12.3891802
  33.62463333 14.57412857 13.61603543  2.06401594]
 [ 2.52113248  1.3119681   6.75024517  1.62317739 25.67665368  1.27530894
   1.64996705  1.83464242 32.39518518  2.91012577]
 [16.06350359 12.85211574 27.18823814  1.59203509 50.68957993 16.19121469
  37.46715129  1.91598225  1.01023021  2.7034926 ]
 [ 7.19607242 16.23077554 16.93434065 42.1024862   2.41019426 25.46197168
   3.00284605  5.84792801  7.53865654 19.45726157]
 [ 1.04972133 49.99938354 11.56099374  5.47968438  8.3626595   4.65781013
   3.03116509 15.16768955  9.15484393  9.76107839]
 [ 3.36678948  2.01254777 52.93239935  5.23658488  1.33778747  1.11586807
  15.12209867 24.48777053  1.22767656  9.49342627]
 [ 7.51345884  1.26568849  3.98388416  4.9199251   6.95723856 13.18918725
   7.44182587  3.93607234  1.07183164 24.72343173]
 [12.10750119  1.1818757  18.70725065  3.57492165 31.92270886  1.18049696
  30.72819426  1.13764363 12.22761209  9.02641893]]