-------Running parameters--------
T = 0.0
gap = 0
M = 20
N = 20
VR = 0.0
Vmin = 0.0
Vmax = 10.0
vStep = 0.5
vSym = True
repeats = 20
fileName = array_20_20_tau_leaping
dist = exp
fullOutput = False
use_graph = False
current_map = True
plot_current_map = False
dbg = False
resume = False
sc = False
leaping = True
output_folder = big_array_finite_dos
VG_avg = 0.0
VG_std = 0.0
C_avg = 1.0
C_std = 0.5
CG_avg = 10.0
CG_std = 0.0
R_avg = 10.0
R_std = 5.0
custom_rh = ""
custom_rv = ""
custom_ch = 
custom_cv = 
RG_avg = 1000.0
RG_std = 0.0
n0_avg = 0.0
n0_std = 0.0
Q0_avg = 0.0
Q0_std = 0.0
----Array Parameters-----
Rows: 20
Columns: 20
VG: [[0.]
 [0.]
 [0.]
 [0.]
 [0.]
 [0.]
 [0.]
 [0.]
 [0.]
 [0.]
 [0.]
 [0.]
 [0.]
 [0.]
 [0.]
 [0.]
 [0.]
 [0.]
 [0.]
 [0.]
 [0.]
 [0.]
 [0.]
 [0.]
 [0.]
 [0.]
 [0.]
 [0.]
 [0.]
 [0.]
 [0.]
 [0.]
 [0.]
 [0.]
 [0.]
 [0.]
 [0.]
 [0.]
 [0.]
 [0.]
 [0.]
 [0.]
 [0.]
 [0.]
 [0.]
 [0.]
 [0.]
 [0.]
 [0.]
 [0.]
 [0.]
 [0.]
 [0.]
 [0.]
 [0.]
 [0.]
 [0.]
 [0.]
 [0.]
 [0.]
 [0.]
 [0.]
 [0.]
 [0.]
 [0.]
 [0.]
 [0.]
 [0.]
 [0.]
 [0.]
 [0.]
 [0.]
 [0.]
 [0.]
 [0.]
 [0.]
 [0.]
 [0.]
 [0.]
 [0.]
 [0.]
 [0.]
 [0.]
 [0.]
 [0.]
 [0.]
 [0.]
 [0.]
 [0.]
 [0.]
 [0.]
 [0.]
 [0.]
 [0.]
 [0.]
 [0.]
 [0.]
 [0.]
 [0.]
 [0.]
 [0.]
 [0.]
 [0.]
 [0.]
 [0.]
 [0.]
 [0.]
 [0.]
 [0.]
 [0.]
 [0.]
 [0.]
 [0.]
 [0.]
 [0.]
 [0.]
 [0.]
 [0.]
 [0.]
 [0.]
 [0.]
 [0.]
 [0.]
 [0.]
 [0.]
 [0.]
 [0.]
 [0.]
 [0.]
 [0.]
 [0.]
 [0.]
 [0.]
 [0.]
 [0.]
 [0.]
 [0.]
 [0.]
 [0.]
 [0.]
 [0.]
 [0.]
 [0.]
 [0.]
 [0.]
 [0.]
 [0.]
 [0.]
 [0.]
 [0.]
 [0.]
 [0.]
 [0.]
 [0.]
 [0.]
 [0.]
 [0.]
 [0.]
 [0.]
 [0.]
 [0.]
 [0.]
 [0.]
 [0.]
 [0.]
 [0.]
 [0.]
 [0.]
 [0.]
 [0.]
 [0.]
 [0.]
 [0.]
 [0.]
 [0.]
 [0.]
 [0.]
 [0.]
 [0.]
 [0.]
 [0.]
 [0.]
 [0.]
 [0.]
 [0.]
 [0.]
 [0.]
 [0.]
 [0.]
 [0.]
 [0.]
 [0.]
 [0.]
 [0.]
 [0.]
 [0.]
 [0.]
 [0.]
 [0.]
 [0.]
 [0.]
 [0.]
 [0.]
 [0.]
 [0.]
 [0.]
 [0.]
 [0.]
 [0.]
 [0.]
 [0.]
 [0.]
 [0.]
 [0.]
 [0.]
 [0.]
 [0.]
 [0.]
 [0.]
 [0.]
 [0.]
 [0.]
 [0.]
 [0.]
 [0.]
 [0.]
 [0.]
 [0.]
 [0.]
 [0.]
 [0.]
 [0.]
 [0.]
 [0.]
 [0.]
 [0.]
 [0.]
 [0.]
 [0.]
 [0.]
 [0.]
 [0.]
 [0.]
 [0.]
 [0.]
 [0.]
 [0.]
 [0.]
 [0.]
 [0.]
 [0.]
 [0.]
 [0.]
 [0.]
 [0.]
 [0.]
 [0.]
 [0.]
 [0.]
 [0.]
 [0.]
 [0.]
 [0.]
 [0.]
 [0.]
 [0.]
 [0.]
 [0.]
 [0.]
 [0.]
 [0.]
 [0.]
 [0.]
 [0.]
 [0.]
 [0.]
 [0.]
 [0.]
 [0.]
 [0.]
 [0.]
 [0.]
 [0.]
 [0.]
 [0.]
 [0.]
 [0.]
 [0.]
 [0.]
 [0.]
 [0.]
 [0.]
 [0.]
 [0.]
 [0.]
 [0.]
 [0.]
 [0.]
 [0.]
 [0.]
 [0.]
 [0.]
 [0.]
 [0.]
 [0.]
 [0.]
 [0.]
 [0.]
 [0.]
 [0.]
 [0.]
 [0.]
 [0.]
 [0.]
 [0.]
 [0.]
 [0.]
 [0.]
 [0.]
 [0.]
 [0.]
 [0.]
 [0.]
 [0.]
 [0.]
 [0.]
 [0.]
 [0.]
 [0.]
 [0.]
 [0.]
 [0.]
 [0.]
 [0.]
 [0.]
 [0.]
 [0.]
 [0.]
 [0.]
 [0.]
 [0.]
 [0.]
 [0.]
 [0.]
 [0.]
 [0.]
 [0.]
 [0.]
 [0.]
 [0.]
 [0.]
 [0.]
 [0.]
 [0.]
 [0.]
 [0.]
 [0.]
 [0.]
 [0.]
 [0.]
 [0.]
 [0.]
 [0.]
 [0.]
 [0.]
 [0.]
 [0.]
 [0.]
 [0.]
 [0.]
 [0.]
 [0.]
 [0.]
 [0.]
 [0.]
 [0.]
 [0.]
 [0.]
 [0.]
 [0.]
 [0.]
 [0.]
 [0.]
 [0.]
 [0.]
 [0.]
 [0.]
 [0.]
 [0.]
 [0.]
 [0.]
 [0.]
 [0.]
 [0.]
 [0.]
 [0.]
 [0.]
 [0.]
 [0.]
 [0.]]
CG: [[10.]
 [10.]
 [10.]
 [10.]
 [10.]
 [10.]
 [10.]
 [10.]
 [10.]
 [10.]
 [10.]
 [10.]
 [10.]
 [10.]
 [10.]
 [10.]
 [10.]
 [10.]
 [10.]
 [10.]
 [10.]
 [10.]
 [10.]
 [10.]
 [10.]
 [10.]
 [10.]
 [10.]
 [10.]
 [10.]
 [10.]
 [10.]
 [10.]
 [10.]
 [10.]
 [10.]
 [10.]
 [10.]
 [10.]
 [10.]
 [10.]
 [10.]
 [10.]
 [10.]
 [10.]
 [10.]
 [10.]
 [10.]
 [10.]
 [10.]
 [10.]
 [10.]
 [10.]
 [10.]
 [10.]
 [10.]
 [10.]
 [10.]
 [10.]
 [10.]
 [10.]
 [10.]
 [10.]
 [10.]
 [10.]
 [10.]
 [10.]
 [10.]
 [10.]
 [10.]
 [10.]
 [10.]
 [10.]
 [10.]
 [10.]
 [10.]
 [10.]
 [10.]
 [10.]
 [10.]
 [10.]
 [10.]
 [10.]
 [10.]
 [10.]
 [10.]
 [10.]
 [10.]
 [10.]
 [10.]
 [10.]
 [10.]
 [10.]
 [10.]
 [10.]
 [10.]
 [10.]
 [10.]
 [10.]
 [10.]
 [10.]
 [10.]
 [10.]
 [10.]
 [10.]
 [10.]
 [10.]
 [10.]
 [10.]
 [10.]
 [10.]
 [10.]
 [10.]
 [10.]
 [10.]
 [10.]
 [10.]
 [10.]
 [10.]
 [10.]
 [10.]
 [10.]
 [10.]
 [10.]
 [10.]
 [10.]
 [10.]
 [10.]
 [10.]
 [10.]
 [10.]
 [10.]
 [10.]
 [10.]
 [10.]
 [10.]
 [10.]
 [10.]
 [10.]
 [10.]
 [10.]
 [10.]
 [10.]
 [10.]
 [10.]
 [10.]
 [10.]
 [10.]
 [10.]
 [10.]
 [10.]
 [10.]
 [10.]
 [10.]
 [10.]
 [10.]
 [10.]
 [10.]
 [10.]
 [10.]
 [10.]
 [10.]
 [10.]
 [10.]
 [10.]
 [10.]
 [10.]
 [10.]
 [10.]
 [10.]
 [10.]
 [10.]
 [10.]
 [10.]
 [10.]
 [10.]
 [10.]
 [10.]
 [10.]
 [10.]
 [10.]
 [10.]
 [10.]
 [10.]
 [10.]
 [10.]
 [10.]
 [10.]
 [10.]
 [10.]
 [10.]
 [10.]
 [10.]
 [10.]
 [10.]
 [10.]
 [10.]
 [10.]
 [10.]
 [10.]
 [10.]
 [10.]
 [10.]
 [10.]
 [10.]
 [10.]
 [10.]
 [10.]
 [10.]
 [10.]
 [10.]
 [10.]
 [10.]
 [10.]
 [10.]
 [10.]
 [10.]
 [10.]
 [10.]
 [10.]
 [10.]
 [10.]
 [10.]
 [10.]
 [10.]
 [10.]
 [10.]
 [10.]
 [10.]
 [10.]
 [10.]
 [10.]
 [10.]
 [10.]
 [10.]
 [10.]
 [10.]
 [10.]
 [10.]
 [10.]
 [10.]
 [10.]
 [10.]
 [10.]
 [10.]
 [10.]
 [10.]
 [10.]
 [10.]
 [10.]
 [10.]
 [10.]
 [10.]
 [10.]
 [10.]
 [10.]
 [10.]
 [10.]
 [10.]
 [10.]
 [10.]
 [10.]
 [10.]
 [10.]
 [10.]
 [10.]
 [10.]
 [10.]
 [10.]
 [10.]
 [10.]
 [10.]
 [10.]
 [10.]
 [10.]
 [10.]
 [10.]
 [10.]
 [10.]
 [10.]
 [10.]
 [10.]
 [10.]
 [10.]
 [10.]
 [10.]
 [10.]
 [10.]
 [10.]
 [10.]
 [10.]
 [10.]
 [10.]
 [10.]
 [10.]
 [10.]
 [10.]
 [10.]
 [10.]
 [10.]
 [10.]
 [10.]
 [10.]
 [10.]
 [10.]
 [10.]
 [10.]
 [10.]
 [10.]
 [10.]
 [10.]
 [10.]
 [10.]
 [10.]
 [10.]
 [10.]
 [10.]
 [10.]
 [10.]
 [10.]
 [10.]
 [10.]
 [10.]
 [10.]
 [10.]
 [10.]
 [10.]
 [10.]
 [10.]
 [10.]
 [10.]
 [10.]
 [10.]
 [10.]
 [10.]
 [10.]
 [10.]
 [10.]
 [10.]
 [10.]
 [10.]
 [10.]
 [10.]
 [10.]
 [10.]
 [10.]
 [10.]
 [10.]
 [10.]
 [10.]
 [10.]
 [10.]
 [10.]
 [10.]
 [10.]
 [10.]
 [10.]
 [10.]
 [10.]
 [10.]
 [10.]
 [10.]
 [10.]
 [10.]
 [10.]
 [10.]
 [10.]
 [10.]
 [10.]
 [10.]
 [10.]
 [10.]
 [10.]
 [10.]
 [10.]
 [10.]
 [10.]
 [10.]
 [10.]
 [10.]
 [10.]
 [10.]
 [10.]
 [10.]
 [10.]
 [10.]
 [10.]
 [10.]
 [10.]
 [10.]
 [10.]
 [10.]
 [10.]
 [10.]
 [10.]
 [10.]
 [10.]
 [10.]
 [10.]
 [10.]]
RG: [[1000.]
 [1000.]
 [1000.]
 [1000.]
 [1000.]
 [1000.]
 [1000.]
 [1000.]
 [1000.]
 [1000.]
 [1000.]
 [1000.]
 [1000.]
 [1000.]
 [1000.]
 [1000.]
 [1000.]
 [1000.]
 [1000.]
 [1000.]
 [1000.]
 [1000.]
 [1000.]
 [1000.]
 [1000.]
 [1000.]
 [1000.]
 [1000.]
 [1000.]
 [1000.]
 [1000.]
 [1000.]
 [1000.]
 [1000.]
 [1000.]
 [1000.]
 [1000.]
 [1000.]
 [1000.]
 [1000.]
 [1000.]
 [1000.]
 [1000.]
 [1000.]
 [1000.]
 [1000.]
 [1000.]
 [1000.]
 [1000.]
 [1000.]
 [1000.]
 [1000.]
 [1000.]
 [1000.]
 [1000.]
 [1000.]
 [1000.]
 [1000.]
 [1000.]
 [1000.]
 [1000.]
 [1000.]
 [1000.]
 [1000.]
 [1000.]
 [1000.]
 [1000.]
 [1000.]
 [1000.]
 [1000.]
 [1000.]
 [1000.]
 [1000.]
 [1000.]
 [1000.]
 [1000.]
 [1000.]
 [1000.]
 [1000.]
 [1000.]
 [1000.]
 [1000.]
 [1000.]
 [1000.]
 [1000.]
 [1000.]
 [1000.]
 [1000.]
 [1000.]
 [1000.]
 [1000.]
 [1000.]
 [1000.]
 [1000.]
 [1000.]
 [1000.]
 [1000.]
 [1000.]
 [1000.]
 [1000.]
 [1000.]
 [1000.]
 [1000.]
 [1000.]
 [1000.]
 [1000.]
 [1000.]
 [1000.]
 [1000.]
 [1000.]
 [1000.]
 [1000.]
 [1000.]
 [1000.]
 [1000.]
 [1000.]
 [1000.]
 [1000.]
 [1000.]
 [1000.]
 [1000.]
 [1000.]
 [1000.]
 [1000.]
 [1000.]
 [1000.]
 [1000.]
 [1000.]
 [1000.]
 [1000.]
 [1000.]
 [1000.]
 [1000.]
 [1000.]
 [1000.]
 [1000.]
 [1000.]
 [1000.]
 [1000.]
 [1000.]
 [1000.]
 [1000.]
 [1000.]
 [1000.]
 [1000.]
 [1000.]
 [1000.]
 [1000.]
 [1000.]
 [1000.]
 [1000.]
 [1000.]
 [1000.]
 [1000.]
 [1000.]
 [1000.]
 [1000.]
 [1000.]
 [1000.]
 [1000.]
 [1000.]
 [1000.]
 [1000.]
 [1000.]
 [1000.]
 [1000.]
 [1000.]
 [1000.]
 [1000.]
 [1000.]
 [1000.]
 [1000.]
 [1000.]
 [1000.]
 [1000.]
 [1000.]
 [1000.]
 [1000.]
 [1000.]
 [1000.]
 [1000.]
 [1000.]
 [1000.]
 [1000.]
 [1000.]
 [1000.]
 [1000.]
 [1000.]
 [1000.]
 [1000.]
 [1000.]
 [1000.]
 [1000.]
 [1000.]
 [1000.]
 [1000.]
 [1000.]
 [1000.]
 [1000.]
 [1000.]
 [1000.]
 [1000.]
 [1000.]
 [1000.]
 [1000.]
 [1000.]
 [1000.]
 [1000.]
 [1000.]
 [1000.]
 [1000.]
 [1000.]
 [1000.]
 [1000.]
 [1000.]
 [1000.]
 [1000.]
 [1000.]
 [1000.]
 [1000.]
 [1000.]
 [1000.]
 [1000.]
 [1000.]
 [1000.]
 [1000.]
 [1000.]
 [1000.]
 [1000.]
 [1000.]
 [1000.]
 [1000.]
 [1000.]
 [1000.]
 [1000.]
 [1000.]
 [1000.]
 [1000.]
 [1000.]
 [1000.]
 [1000.]
 [1000.]
 [1000.]
 [1000.]
 [1000.]
 [1000.]
 [1000.]
 [1000.]
 [1000.]
 [1000.]
 [1000.]
 [1000.]
 [1000.]
 [1000.]
 [1000.]
 [1000.]
 [1000.]
 [1000.]
 [1000.]
 [1000.]
 [1000.]
 [1000.]
 [1000.]
 [1000.]
 [1000.]
 [1000.]
 [1000.]
 [1000.]
 [1000.]
 [1000.]
 [1000.]
 [1000.]
 [1000.]
 [1000.]
 [1000.]
 [1000.]
 [1000.]
 [1000.]
 [1000.]
 [1000.]
 [1000.]
 [1000.]
 [1000.]
 [1000.]
 [1000.]
 [1000.]
 [1000.]
 [1000.]
 [1000.]
 [1000.]
 [1000.]
 [1000.]
 [1000.]
 [1000.]
 [1000.]
 [1000.]
 [1000.]
 [1000.]
 [1000.]
 [1000.]
 [1000.]
 [1000.]
 [1000.]
 [1000.]
 [1000.]
 [1000.]
 [1000.]
 [1000.]
 [1000.]
 [1000.]
 [1000.]
 [1000.]
 [1000.]
 [1000.]
 [1000.]
 [1000.]
 [1000.]
 [1000.]
 [1000.]
 [1000.]
 [1000.]
 [1000.]
 [1000.]
 [1000.]
 [1000.]
 [1000.]
 [1000.]
 [1000.]
 [1000.]
 [1000.]
 [1000.]
 [1000.]
 [1000.]
 [1000.]
 [1000.]
 [1000.]
 [1000.]
 [1000.]
 [1000.]
 [1000.]
 [1000.]
 [1000.]
 [1000.]
 [1000.]
 [1000.]
 [1000.]
 [1000.]
 [1000.]
 [1000.]
 [1000.]
 [1000.]
 [1000.]
 [1000.]
 [1000.]
 [1000.]
 [1000.]
 [1000.]
 [1000.]
 [1000.]
 [1000.]
 [1000.]
 [1000.]
 [1000.]
 [1000.]
 [1000.]
 [1000.]
 [1000.]
 [1000.]
 [1000.]
 [1000.]
 [1000.]
 [1000.]
 [1000.]
 [1000.]
 [1000.]
 [1000.]
 [1000.]
 [1000.]
 [1000.]
 [1000.]
 [1000.]
 [1000.]
 [1000.]
 [1000.]
 [1000.]
 [1000.]
 [1000.]
 [1000.]
 [1000.]
 [1000.]
 [1000.]
 [1000.]
 [1000.]
 [1000.]
 [1000.]
 [1000.]
 [1000.]
 [1000.]
 [1000.]
 [1000.]]
Ch: [[0.50617069 1.34618826 0.50273362 0.89609338 0.73195617 0.57062349
  0.81245549 1.12056922 0.88195663 0.85074759 0.6709505  0.63994333
  0.80525258 0.90184335 0.536773   1.01172669 0.50809651 0.63226916
  0.73147417 0.79380061 1.24185632]
 [1.13308888 0.99794371 1.15880275 1.16648438 0.81139257 1.35049969
  0.7809724  0.72578195 1.31296121 1.12848252 0.58875181 0.90346283
  1.12566511 1.03997236 1.47741159 1.2536648  1.24168006 1.3850496
  1.03564321 1.03693272 0.85071806]
 [1.24030192 1.32589261 0.54654394 1.0008004  1.38274872 0.55048002
  0.70808508 0.52249659 0.50461417 0.89474234 0.58806953 0.73700437
  0.77956723 1.08148197 0.83430443 0.75017028 1.45060211 0.66915935
  1.49428711 0.75226544 1.40875159]
 [1.28357575 1.44024882 1.26664437 1.35405531 0.8489922  0.74600003
  1.25812958 1.35432815 1.13397786 0.99248606 0.73031964 1.08308901
  1.24470834 0.71412946 1.03266006 0.83488925 0.73611902 0.70626838
  0.61934857 1.18724895 1.449282  ]
 [0.76813683 1.17465883 0.58316988 1.48818132 0.68784251 0.72833721
  0.87177686 0.73699087 0.90891651 0.94691194 1.22469089 0.83042496
  1.1034273  0.7407801  0.9904989  0.71902094 0.68326395 1.35734653
  0.56905425 0.55754231 0.82449982]
 [1.19654166 1.1121175  0.83476507 0.57957974 1.12275076 1.1896009
  0.78812725 1.18738132 1.36499626 0.92681357 1.35407233 0.57334398
  0.92300786 1.10058815 0.79361075 0.82849196 0.81905344 1.30152186
  0.51875773 0.65842527 1.31885446]
 [1.00147495 0.56807691 0.71513202 1.24381243 1.39557876 0.71833306
  0.63231479 0.51710489 0.74525896 0.81481305 1.03436343 0.71325523
  0.96533363 1.16142551 0.66282739 1.49930128 0.52263571 0.82748648
  0.5447219  0.85937586 0.98233635]
 [0.60920814 1.18802977 1.30462158 0.61657605 0.54758692 0.93035199
  1.04072729 1.29744572 0.85928557 0.99760956 0.61179676 0.63515
  0.85270768 0.85312473 1.21644319 0.57201679 0.8348333  0.94203108
  1.08319138 0.87337581 0.58543527]
 [0.50161531 1.30835426 1.24641925 0.61678036 1.05912735 1.07250424
  0.99251728 1.02686167 1.12162867 0.9041657  0.91219273 1.49212815
  0.5339654  0.58497855 0.89052213 1.25504469 1.22983819 1.31238502
  1.15207862 0.51185495 0.94633461]
 [0.62557795 1.09106058 0.82650788 1.48499697 1.05028077 0.73315383
  1.25818084 0.51184533 0.87191928 0.63950167 1.40661726 0.61141566
  1.26551664 0.92172205 1.28519963 0.90853408 0.54845918 1.02506969
  0.9535625  1.05313288 1.25108778]
 [0.83893521 1.29981754 0.54146837 1.43287836 1.15774656 0.83813949
  0.90209032 0.6006985  0.53157312 0.50682448 0.53373413 0.71164853
  0.91512458 1.48250526 0.99394051 1.48724454 0.50396968 0.68235421
  1.44946635 0.54947071 1.41020643]
 [0.64548636 0.81173616 0.70753395 0.93219853 1.12552091 0.50299013
  1.2222063  1.21183084 1.19368753 0.72138722 0.69303276 1.22514754
  0.54059896 0.80027283 1.26455665 0.79337276 0.91081092 1.38440522
  1.09972198 0.52501257 0.56248911]
 [1.45871159 0.97610044 0.83586329 0.77959243 1.19766154 0.79481664
  0.77862469 0.54469935 0.59265827 1.39328902 1.17130576 0.54488615
  0.63292905 0.91488717 0.76613989 1.34207555 0.69824741 1.07693858
  0.88117071 0.50077985 0.51196561]
 [0.94066111 0.64015557 1.33447355 0.94980226 0.92545973 0.57714936
  1.14944573 1.17550095 1.17219636 0.87963807 0.79419543 0.51807842
  1.02191965 0.90208322 0.61712134 0.8029322  0.74840593 0.70168222
  0.84116106 1.29388697 1.15060708]
 [0.63909165 1.19099331 1.0463999  1.1133386  1.29599482 1.40816845
  0.59888857 0.55846197 0.56632308 0.80336992 1.01510566 0.91314991
  0.52744911 1.22792941 1.46632406 1.17712387 0.64900324 1.44587472
  0.88032227 0.7146364  0.78321921]
 [0.62815179 1.00411516 0.53738867 1.05153875 1.37499883 0.86259583
  1.40668573 0.88550468 0.56768448 0.91559683 0.5361916  1.33840507
  1.4901709  0.64908993 1.09639067 0.85370449 1.04758165 0.69517306
  0.62364867 0.84478297 1.27698671]
 [1.11567089 1.26101577 0.87782807 1.33696667 0.79636498 1.01788194
  0.65859642 1.46922686 1.41866217 0.67279488 0.6014338  0.74576258
  0.739874   0.57343477 1.44030244 0.64536579 1.17531689 1.20699444
  1.39779469 1.25600522 0.88228526]
 [0.61180347 1.31449598 1.24394202 0.59742217 0.89679163 0.59617754
  0.50865573 0.60260308 0.87741529 0.90569361 1.34358094 0.522066
  0.50516895 0.84804339 0.56654717 1.1478168  0.67316503 1.1769508
  0.91873721 1.0340617  0.52937197]
 [1.40093073 0.65777255 1.3430138  0.60227244 0.50270592 0.75327948
  1.1356363  0.92222291 1.39933869 0.72158006 1.27703881 1.17774315
  1.09026358 0.74438969 0.52475254 0.84401349 1.22750392 1.25709514
  0.63781122 1.1705219  0.64636893]
 [1.17588328 1.15209133 0.67535144 0.62923278 1.32809328 0.95337619
  0.78778682 1.00901862 0.79609884 1.22688447 1.31703123 1.27520813
  0.67280419 0.7311118  0.77563883 1.04217084 0.62681412 0.53059123
  0.54941226 1.37110004 0.78586807]]
Cv: [[0.         0.         0.         0.         0.         0.
  0.         0.         0.         0.         0.         0.
  0.         0.         0.         0.         0.         0.
  0.         0.        ]
 [0.79566067 0.81110456 0.73413108 1.33279461 0.5513533  0.74002212
  0.67103044 0.90976291 0.57035032 1.4737547  0.72846468 0.54062761
  1.38199299 1.38519937 0.8801703  1.09810845 1.45333408 1.01296827
  1.21461048 0.84737282]
 [0.537466   0.82987697 1.1129314  1.31624282 1.48596456 0.95838276
  1.08171601 0.51198604 0.6111645  1.45883313 1.0664878  0.54563719
  0.55791038 0.50361    1.03971252 0.7892339  1.10925491 1.38326147
  1.35048029 0.56070325]
 [0.67650279 0.83448966 0.67259188 0.98146834 0.74483067 0.53219398
  0.53378991 1.14766348 1.22476664 0.78929608 0.65874121 0.64741042
  1.03051015 0.90693104 0.95664182 0.99196423 0.91714088 0.71714938
  1.43443068 1.33587911]
 [0.82942089 1.04509267 0.62511024 0.5629644  1.22911921 0.56668074
  0.70433884 1.31512487 1.1293209  1.28995043 1.25598311 0.91008824
  1.30660508 0.85995136 0.72641512 0.62890913 0.79159398 1.2449624
  1.25873031 1.10671635]
 [0.78721988 1.39539258 1.17151979 0.68624429 1.1558971  1.05925991
  0.66471694 0.7552948  1.36572021 0.52039306 1.22343605 1.44524044
  1.07335374 0.76777883 1.06813981 0.8546672  0.59880091 1.34391024
  0.70996244 0.72332398]
 [1.39991501 0.74598689 0.79597377 0.50128513 1.29546727 0.80410075
  1.17339009 0.80093657 1.21101628 1.09689655 1.40288961 0.50358052
  0.71237683 1.46963397 0.73193603 0.72868633 0.77986342 0.99610843
  1.05088037 0.91909336]
 [1.04538267 0.78994608 0.98372884 0.87448975 0.95456277 0.72321022
  1.11687008 1.41945275 1.23440726 0.72965989 1.2932913  0.7546365
  1.30651013 0.52574589 0.69781979 0.52866413 0.54396144 1.44043458
  0.72805974 1.1044571 ]
 [1.22914468 0.88053305 1.11353899 1.04982143 1.09371529 1.01389907
  0.71923794 0.64287699 0.53595008 0.83872789 0.96659137 0.57929015
  1.3450053  1.08837598 0.87942596 1.34692218 1.07041323 1.17711754
  0.80452817 1.44641841]
 [1.0627159  0.96075414 1.12781833 1.14002435 0.61624923 1.3588671
  0.95879963 0.64207629 1.10588173 0.73721737 1.03744084 1.459289
  1.42754961 1.34265538 0.69887256 1.07617233 0.60875597 0.88264671
  0.6581637  1.43306489]
 [0.88827709 0.87311217 1.29188335 0.57200865 0.89216589 0.88620991
  0.84326524 1.09804271 1.11750207 0.67213674 0.98161918 1.22157516
  1.40038095 0.73590081 1.41710527 1.19111853 0.68111887 0.89405819
  0.77757506 0.70010967]
 [1.06906724 1.2381821  1.29438975 0.93331416 1.01846931 1.03587838
  0.57863668 0.76196545 1.32176105 1.4087606  0.59158042 0.60518191
  1.13355012 0.67013541 0.90155901 1.48339237 0.80804404 0.72422308
  0.62053104 0.59561048]
 [1.17226722 1.14461941 0.77195996 0.9044274  0.68755927 0.5946301
  0.5737434  1.27303402 1.38002752 0.84408567 1.00281761 1.19517473
  1.105659   1.17513838 1.11404591 1.43072115 0.51561463 0.58838063
  0.57227304 1.08302384]
 [1.46097347 1.07831577 1.48535448 0.64087495 0.6111939  0.59768523
  1.14677363 0.62895784 0.66872454 1.45719175 0.60896462 1.02413128
  0.59126396 1.06468258 1.03353771 0.58014383 1.41622873 0.53536521
  0.76389225 1.44268328]
 [1.36166635 0.62555665 0.78500644 0.94975136 0.99137044 0.62098155
  0.5487357  0.51993058 0.59749007 1.13593928 0.5924693  1.07398431
  0.79870205 1.46144642 1.17465301 1.13952227 1.25917155 1.00272187
  0.6885789  0.66503347]
 [0.93076827 1.42708307 0.85417073 0.92878055 0.85973456 0.6805136
  0.75228086 0.80471828 0.68322546 0.60794412 1.37706593 0.61078832
  0.84829064 0.68904959 0.78854933 1.08919454 0.62310461 1.22882272
  0.578749   0.62519435]
 [0.60357576 1.03735642 0.71805964 1.18854498 1.32624292 1.04488041
  1.32923648 0.64637281 0.63270206 1.10142465 0.53376732 1.14132059
  1.10771517 0.55454199 1.38374419 0.53986137 0.84627828 1.47670675
  0.81820037 1.42629461]
 [0.57437333 0.9703801  1.39963839 0.64233878 1.09346805 1.01609831
  1.06224889 1.13869686 1.32844015 1.47642732 0.9893539  1.00754657
  0.55480239 0.87003304 1.05518985 1.21078198 0.51518944 1.15592792
  0.85185733 1.11649312]
 [0.85954477 0.93003102 0.75444223 0.73968668 0.68378867 0.5523039
  0.7605277  1.25425078 0.64388832 0.80800487 0.57541148 0.96095047
  1.10172535 0.68929628 0.53000032 0.77441943 0.84049888 1.20810396
  0.50279233 1.13870654]
 [0.57271996 0.55403331 1.48991284 0.62430526 1.46797069 0.65009268
  0.84155111 1.09405882 0.61331611 1.11526297 1.33563482 0.53881413
  0.95032471 0.59363548 0.50211455 0.88228401 0.60376461 0.79008072
  1.08521056 0.67920362]]
Rh: [[ 8.35097609  9.82504362  6.15563846 14.7060917   5.91278612  6.42299404
   5.72974888  7.23204535  5.18964486  8.70116493  6.49528744 14.98416963
   8.49077996 11.90957897  9.99962327 10.74194165  6.72277402  9.50407254
   6.17358507  5.58437641  9.08665211]
 [ 8.53357014 11.69765352 14.01829132 13.23964942  9.77556055  7.1428971
   8.01151043 11.59748403 13.44381427 11.18972863 13.40172056  5.58790062
   9.69132609 14.68899014 13.35012864  5.95431784 14.64155108  9.4249029
  12.08234894  9.58574555  6.42238203]
 [ 6.98930557  7.42554416  8.16486947  9.238974   13.90127612  7.01307211
   6.18959771  5.67214873  6.44650431  8.94680876  9.12089292  6.07582711
   9.00795883 11.01441368 12.54108498  8.75325377 11.01167379 13.188172
   9.19332668  9.40823787  5.46769343]
 [ 6.74852524  6.82483707  9.59922817  9.45026928  6.89241103 11.70442944
   5.76812195  8.9579833   8.87058186  6.69483761  5.19876393  9.88762908
   8.55458448  9.96623811  9.37904419  6.851667   12.15077119  8.18811386
   8.42467702 13.15687637  6.29273553]
 [14.80906747  6.73777048  7.00775547 10.95385221  8.3573452  13.01460627
   5.37529456 14.54242668 10.91825407  5.22392264 12.03960932 10.87247751
   9.31983577 10.76056109  8.90174078 12.00817644  7.17607825  5.70056703
   5.53468284  7.13858849 14.04621132]
 [ 5.46918814 13.0799589  10.25699916  8.11369761  7.49096301 14.16899298
   5.73445171 12.90971807  5.10396797  6.71877579  5.40927605  5.60129453
  12.57311679  8.23926142  6.49128681  7.68861057  9.23523575  7.14901831
   5.47781416  9.76503885  5.17946759]
 [ 9.670694    9.05978937 10.73517311 14.23859978  7.65125834  6.05128927
   5.91704953  5.66893722  5.8396841   8.86687673  5.86980245  6.61446825
   8.58163297 11.26706406 14.73400936  5.50182376  6.96595529  5.38700748
  10.78304502  8.06470062  6.11237475]
 [ 8.5242884  12.44135023  6.52658364  5.25768974  5.80967279  5.49756506
   5.61614034  8.94177918  8.71599818  7.05220994 10.78851741  6.60832371
   9.57275314  5.96863899 12.90715404 12.94075259 11.81306403  5.0236466
  10.26021999 12.21802949  5.28350266]
 [ 5.1946367  13.19163553 10.12563036  7.27054843  5.10551602  6.05689315
   6.72671299  9.84209749 12.03395132  6.11925311  9.63340354  6.11055641
   7.23233806 10.10333717  9.80588583 14.27371123  9.67008444  9.46721309
  10.12896851 11.79638684 14.15961563]
 [ 5.43405673 11.32924174  7.37894154  5.83035083  5.78310002 13.13897195
   7.51336391 13.78613578  5.93225981 14.38580898  8.29604743  5.22400018
   5.0160364   8.63578319  6.98351219 13.47374475  7.90487697  8.87107204
  14.37144033  7.73882739  8.00230816]
 [ 6.09146571  9.71199564 11.7254807   5.50947845  8.76095938  8.36017505
  10.04138817 10.93570609 14.96504789  7.93260909  6.76108963  6.02231279
   5.85261946 13.9265533   8.54475258  6.68834843 11.265301    8.0899303
   9.24048779 10.76317936  7.46768934]
 [10.59586644 13.0498662   5.8112533   6.66009097 11.02760556 10.76429372
   6.15316314  7.01348079  9.98162878  5.66751537 14.52011703  6.39101169
   6.00648456 12.75220381 14.89417168 12.87935163 10.80261932  8.56635988
   5.2783542   5.92615185  5.67465606]
 [ 6.65122318 13.30765226 14.75045096  7.69467186 11.90834885 13.24511004
   5.48634274  6.55189139 10.86403403  8.02749335 13.38273866  9.75407611
   7.02565582 10.51434225  8.03914839  9.42881187  9.17120499  7.98171114
   7.8273046  12.826742   13.56971084]
 [ 6.43986334  9.38637123  9.58756368  7.94813548 10.88224244 10.13017703
   5.49973015 12.969148    7.64001579 14.5349578   8.16473506  6.44246101
   6.26655246  9.34280163 13.17340449 12.34028211 11.67977408  5.08407839
  13.47157388 11.13537132 12.23283824]
 [12.95537015 12.58894484  5.71331282 13.47736454  9.80287823  7.9043361
  10.82080962  6.15725538  8.68470703 11.89066203 13.81788458  6.27849569
  11.73094845 14.21102887  6.8235969   7.09943684  8.76318144  5.06605388
   5.09499324  7.58916299 11.29421125]
 [ 5.14347062 12.34738107  5.02847343  9.21930042  9.31656583  6.25343724
  13.30820293  5.96277815  8.75427939 11.23226305 11.66375876 12.14478843
   8.86141639  9.09199156  6.33471879  6.90793619  9.91311016  5.14739085
   5.18086734  9.794581   11.33899498]
 [ 8.64796365  5.7193617   7.79748803  5.21270847 11.83554117 11.22460424
  10.09964197  8.50876784  6.93936127 12.37024676  8.40758203  7.99842833
   6.08928862  6.70832623  5.37218469  8.29831607 12.96516256 13.61542794
   9.80363846  5.51128568  9.33593466]
 [ 8.19998043  8.67908794  5.32843385 11.39947359  9.73479061  7.736388
   6.47100545 13.45592072 14.09616326 13.12017842  6.72430382  6.38421437
   8.79272971 12.61513814  5.2109191   9.87254017  8.82679972  5.26967002
   9.74956332  6.84149965  6.89454898]
 [ 8.78093216 11.07482362  5.04742231 10.33306925  6.57594224  5.13341234
  13.70058779  6.18075279 10.18520876 14.05762012  8.26825709  8.44366679
   9.87168711  9.14929613 11.61136361  6.61838457  7.86868202  6.69173695
  14.15916446  7.65136865 11.77744734]
 [12.86484551 13.66548255  7.47335931  5.21330823 10.05394933  7.79382713
  10.65181577  8.67597564  9.45149607  6.81532021 13.13370832  5.61826158
   7.18829665  7.15249353 11.39242654 11.27584701 12.022643   12.37858992
   7.34740223  7.05038265 13.80530677]]
Rv: [[ 6.14375471  8.33328806  8.47493979  9.19155891  5.65053267  5.33739229
  13.44996281  7.27903376  5.63331941  7.89824552 11.76902183  5.5167135
   5.95226761  5.87550775  5.98606457 11.07838558 14.8281631  13.27573168
  13.16220082  8.91752419]
 [13.53429626  7.23589078 12.31470468 14.29645316  8.66828011  8.59319698
   5.45080637  6.53082838  5.55576352 14.08122618 11.41549345  9.62246016
   7.01843665 11.3596948   7.79156316  7.70269657  7.30898731 12.1921487
   6.22811253  5.11479576]
 [13.99390162 11.13169813  8.13786019 12.06377494  5.0105811   9.34835994
  14.58130918  6.31832257  6.64860232  7.10784673  5.12574061  9.22452868
  11.02109613  7.183624    6.23782349  8.17983092  9.18632136  5.28893617
   5.05269601 12.13698969]
 [11.49731249  5.25241127  5.90915652  9.28910127  6.3761235   6.24898919
   6.83584808  6.44734087  5.63071627  5.16664453  5.24584536 10.84154226
  13.77663387  9.76018703 14.90282219  7.38274269  7.34963457 10.67651278
   6.39768713 11.60816899]
 [ 5.58290661  6.89238524 11.22709692  6.82729736  7.7923912  12.63687447
   5.58797399 12.98107337  8.26912798  5.78227299  8.48932223  6.58633998
  14.70225106  5.86929043  8.72216924  8.95186668 14.81509641  5.11459984
  14.33339635  5.69472902]
 [ 7.96343483 12.91906001  9.28592688  7.92192723 14.02524386 12.93294151
   6.8040612   9.94484589  7.55459902 12.14175885  7.27696524 12.39337818
   6.42510036  7.34809237  5.30163955 14.53461157 11.2898181  12.92357755
  11.78862919 14.5110407 ]
 [11.9624401  11.68914855  7.09067343  5.85599104  9.68065613  5.04116053
  14.8234105  11.15158005 10.67026782 12.47946998  5.33846487  5.64145164
  10.23226991  7.75769306  5.25297152  5.07276286 14.62497733 14.2688274
   5.04921354 14.4616405 ]
 [ 9.39613409 10.02637204  5.32047906  6.08049263 11.57846515  8.17514344
   8.13668418  5.62515929  7.22091578  6.42862435  6.10379175  6.190617
   7.9222308  10.13437375  9.65839081  8.71979202  5.32764898 10.39849261
   5.56526415  7.85224915]
 [12.88937587 11.71518359  6.35129919  7.59319451  5.06880405 10.03856887
   5.44520549  6.69837012 13.10101355 14.46277836 12.66105124  6.85202028
   5.93211758  7.89903016 10.74711236  6.02958826  7.85702028  8.68118461
   6.21032402  6.70643426]
 [ 5.71257489  9.66154456  8.8664952   9.83734199 13.965892   11.10154974
   6.24084143 14.00763882 12.71944472 13.81269761  7.64515017  7.28807098
   6.20306739  9.72589039  8.22308115  5.77859995  5.06392223 10.81158037
  13.25787456  6.55847453]
 [ 5.24393255  5.77438478  7.43449341 10.94034985  7.63241716  7.21485863
   9.21703683  9.9780528   8.83872293 13.76367555  8.93143708  7.17145177
  10.0414664  12.14370701  8.78301103 11.40382914  6.3422915   9.53478708
   7.0758301  13.78640115]
 [11.50524609  6.02363245  8.06346094  9.81466313  6.77934524  6.7190494
  11.90767738  6.94735439  6.24160351 13.32607888  9.71561148 10.11033403
  14.81691377  7.46270036  7.3069903  14.06123546  6.71210887 14.89347746
   8.89885529  9.56336094]
 [12.05558286  5.35572615 11.27239339  7.52301893 11.24638387 10.46444148
   9.53090806  7.46293438  5.82354245  7.81174218  5.47535848  6.67042053
  14.88737095 11.07138551 10.2109555  12.68451064  6.4734334   9.40876625
   7.42009035  8.80860437]
 [14.1875104   6.51704226  5.44593228  7.03879999  5.06014503 12.99762767
   5.14973997  8.23955227 11.46289305  9.97779984  6.48870654 12.96433037
   6.76091706  8.66304659  5.17013465 13.30174434 11.88736396  7.22864464
  12.91101537 14.72718219]
 [ 5.11537996 14.92508254 11.41984988  8.91742267  9.67266553  5.56505161
  14.57750211  5.33827186 13.26228439  6.88236506 11.99775572  9.77080842
   5.87796752 11.93592041  5.43331233 12.76693725  8.62615005  6.29656241
  14.69564914 13.11673424]
 [ 5.80928903  5.44593338  5.66301148 10.71987177  5.7017406  13.07335832
  14.6856315  12.31719105  5.73433554  8.80523462  8.3910263   7.70813504
   5.6091582  12.29534026  5.38527783  5.08831172  7.33351183 11.32874264
   8.45081261 12.70626176]
 [12.38352747 10.79439529 14.77562497  8.33978122  5.98023048  7.54735969
  14.27348466  9.80249848  8.12633089 11.55901433  7.02825414  5.33467511
   8.02721423 12.06481445 10.73564121  8.49646326  7.48794767 13.7124502
   8.10381638  5.83626024]
 [13.67759265 14.23985118  7.83734984 11.97207235 14.54946313 12.90134716
  13.83510638 10.28739873  6.64616595  9.64855165 12.23490022  8.62235888
   6.57136647  5.98409666  8.9715116   8.15292366 11.37855316  7.45674508
   6.00416872  9.71933016]
 [10.4091804   5.17560985 11.71205132  5.86329258 12.8620818   6.67378081
  10.98685771  5.14807946  9.74752165  5.48067461  6.96076908  6.23121315
  11.80578619  9.30628002  5.2860202   5.97957841  8.95735301  8.48438837
   6.16421867  8.86241088]]