-------Running parameters--------
T = 0.0
gap = 0
M = 20
N = 20
VR = 0.0
Vmin = 0.0
Vmax = 10.0
vStep = 0.5
vSym = True
repeats = 20
fileName = array_20_20_tau_leaping_cg_std
dist = exp
fullOutput = False
use_graph = False
current_map = True
plot_current_map = False
dbg = False
resume = False
sc = False
leaping = True
output_folder = big_array_finite_dos
VG_avg = 0.0
VG_std = 0.0
C_avg = 1.0
C_std = 0.5
CG_avg = 10.0
CG_std = 1.0
R_avg = 10.0
R_std = 5.0
custom_rh = ""
custom_rv = ""
custom_ch = 
custom_cv = 
RG_avg = 1000.0
RG_std = 0.0
n0_avg = 0.0
n0_std = 0.0
Q0_avg = 0.0
Q0_std = 0.0
----Array Parameters-----
Rows: 20
Columns: 20
VG: [[0.]
 [0.]
 [0.]
 [0.]
 [0.]
 [0.]
 [0.]
 [0.]
 [0.]
 [0.]
 [0.]
 [0.]
 [0.]
 [0.]
 [0.]
 [0.]
 [0.]
 [0.]
 [0.]
 [0.]
 [0.]
 [0.]
 [0.]
 [0.]
 [0.]
 [0.]
 [0.]
 [0.]
 [0.]
 [0.]
 [0.]
 [0.]
 [0.]
 [0.]
 [0.]
 [0.]
 [0.]
 [0.]
 [0.]
 [0.]
 [0.]
 [0.]
 [0.]
 [0.]
 [0.]
 [0.]
 [0.]
 [0.]
 [0.]
 [0.]
 [0.]
 [0.]
 [0.]
 [0.]
 [0.]
 [0.]
 [0.]
 [0.]
 [0.]
 [0.]
 [0.]
 [0.]
 [0.]
 [0.]
 [0.]
 [0.]
 [0.]
 [0.]
 [0.]
 [0.]
 [0.]
 [0.]
 [0.]
 [0.]
 [0.]
 [0.]
 [0.]
 [0.]
 [0.]
 [0.]
 [0.]
 [0.]
 [0.]
 [0.]
 [0.]
 [0.]
 [0.]
 [0.]
 [0.]
 [0.]
 [0.]
 [0.]
 [0.]
 [0.]
 [0.]
 [0.]
 [0.]
 [0.]
 [0.]
 [0.]
 [0.]
 [0.]
 [0.]
 [0.]
 [0.]
 [0.]
 [0.]
 [0.]
 [0.]
 [0.]
 [0.]
 [0.]
 [0.]
 [0.]
 [0.]
 [0.]
 [0.]
 [0.]
 [0.]
 [0.]
 [0.]
 [0.]
 [0.]
 [0.]
 [0.]
 [0.]
 [0.]
 [0.]
 [0.]
 [0.]
 [0.]
 [0.]
 [0.]
 [0.]
 [0.]
 [0.]
 [0.]
 [0.]
 [0.]
 [0.]
 [0.]
 [0.]
 [0.]
 [0.]
 [0.]
 [0.]
 [0.]
 [0.]
 [0.]
 [0.]
 [0.]
 [0.]
 [0.]
 [0.]
 [0.]
 [0.]
 [0.]
 [0.]
 [0.]
 [0.]
 [0.]
 [0.]
 [0.]
 [0.]
 [0.]
 [0.]
 [0.]
 [0.]
 [0.]
 [0.]
 [0.]
 [0.]
 [0.]
 [0.]
 [0.]
 [0.]
 [0.]
 [0.]
 [0.]
 [0.]
 [0.]
 [0.]
 [0.]
 [0.]
 [0.]
 [0.]
 [0.]
 [0.]
 [0.]
 [0.]
 [0.]
 [0.]
 [0.]
 [0.]
 [0.]
 [0.]
 [0.]
 [0.]
 [0.]
 [0.]
 [0.]
 [0.]
 [0.]
 [0.]
 [0.]
 [0.]
 [0.]
 [0.]
 [0.]
 [0.]
 [0.]
 [0.]
 [0.]
 [0.]
 [0.]
 [0.]
 [0.]
 [0.]
 [0.]
 [0.]
 [0.]
 [0.]
 [0.]
 [0.]
 [0.]
 [0.]
 [0.]
 [0.]
 [0.]
 [0.]
 [0.]
 [0.]
 [0.]
 [0.]
 [0.]
 [0.]
 [0.]
 [0.]
 [0.]
 [0.]
 [0.]
 [0.]
 [0.]
 [0.]
 [0.]
 [0.]
 [0.]
 [0.]
 [0.]
 [0.]
 [0.]
 [0.]
 [0.]
 [0.]
 [0.]
 [0.]
 [0.]
 [0.]
 [0.]
 [0.]
 [0.]
 [0.]
 [0.]
 [0.]
 [0.]
 [0.]
 [0.]
 [0.]
 [0.]
 [0.]
 [0.]
 [0.]
 [0.]
 [0.]
 [0.]
 [0.]
 [0.]
 [0.]
 [0.]
 [0.]
 [0.]
 [0.]
 [0.]
 [0.]
 [0.]
 [0.]
 [0.]
 [0.]
 [0.]
 [0.]
 [0.]
 [0.]
 [0.]
 [0.]
 [0.]
 [0.]
 [0.]
 [0.]
 [0.]
 [0.]
 [0.]
 [0.]
 [0.]
 [0.]
 [0.]
 [0.]
 [0.]
 [0.]
 [0.]
 [0.]
 [0.]
 [0.]
 [0.]
 [0.]
 [0.]
 [0.]
 [0.]
 [0.]
 [0.]
 [0.]
 [0.]
 [0.]
 [0.]
 [0.]
 [0.]
 [0.]
 [0.]
 [0.]
 [0.]
 [0.]
 [0.]
 [0.]
 [0.]
 [0.]
 [0.]
 [0.]
 [0.]
 [0.]
 [0.]
 [0.]
 [0.]
 [0.]
 [0.]
 [0.]
 [0.]
 [0.]
 [0.]
 [0.]
 [0.]
 [0.]
 [0.]
 [0.]
 [0.]
 [0.]
 [0.]
 [0.]
 [0.]
 [0.]
 [0.]
 [0.]
 [0.]
 [0.]
 [0.]
 [0.]
 [0.]
 [0.]
 [0.]
 [0.]
 [0.]
 [0.]
 [0.]
 [0.]
 [0.]
 [0.]
 [0.]
 [0.]
 [0.]
 [0.]
 [0.]
 [0.]
 [0.]
 [0.]
 [0.]
 [0.]
 [0.]
 [0.]
 [0.]
 [0.]
 [0.]
 [0.]
 [0.]
 [0.]
 [0.]
 [0.]
 [0.]
 [0.]
 [0.]
 [0.]
 [0.]
 [0.]]
CG: [[10.67476186]
 [10.13342969]
 [10.28281832]
 [ 9.11657213]
 [10.51754878]
 [ 9.40433493]
 [10.64692063]
 [ 9.26318726]
 [ 9.80968266]
 [10.87277808]
 [ 9.60462787]
 [10.27138197]
 [ 9.11907584]
 [ 9.40641445]
 [ 9.14688695]
 [ 9.61948559]
 [ 9.50913851]
 [10.70199805]
 [ 9.39372473]
 [ 9.39723387]
 [ 9.46703318]
 [ 9.96595848]
 [10.60615256]
 [10.65326681]
 [10.18895665]
 [10.3504838 ]
 [10.08781383]
 [ 9.83345427]
 [ 9.74370875]
 [ 9.37220349]
 [10.2173282 ]
 [10.72349494]
 [10.80762092]
 [10.73715576]
 [10.05312621]
 [10.81509026]
 [10.58984774]
 [ 9.79322671]
 [ 9.30305099]
 [ 9.04412449]
 [10.58592551]
 [10.15578976]
 [ 9.92853918]
 [ 9.52586091]
 [10.52345161]
 [ 9.63820909]
 [10.53436003]
 [ 9.62244952]
 [10.74358786]
 [10.68469245]
 [10.75179456]
 [ 9.17612207]
 [ 9.12907539]
 [ 9.19756458]
 [ 9.80361011]
 [ 9.98698518]
 [10.17870434]
 [10.23957088]
 [ 9.43232085]
 [ 9.48713615]
 [ 9.12379716]
 [10.56548359]
 [10.90467693]
 [ 9.74225744]
 [ 9.11680855]
 [ 9.54586579]
 [ 9.92469007]
 [ 9.6158703 ]
 [ 9.67398212]
 [ 9.54204009]
 [10.32922312]
 [ 9.97225862]
 [ 9.35911023]
 [ 9.48722404]
 [10.71973436]
 [ 9.14105155]
 [ 9.84352781]
 [ 9.05229459]
 [10.04215108]
 [10.03563057]
 [ 9.51268208]
 [ 9.58645298]
 [10.68122228]
 [10.61034317]
 [10.730064  ]
 [ 9.61774226]
 [10.83855173]
 [ 9.03258399]
 [10.09929267]
 [ 9.27012709]
 [10.74080956]
 [ 9.04829459]
 [ 9.94517868]
 [10.50241433]
 [ 9.38034285]
 [10.0593762 ]
 [ 9.92464332]
 [10.86855693]
 [ 9.90214068]
 [10.96863104]
 [ 9.75302685]
 [10.56090979]
 [10.96637307]
 [ 9.16248783]
 [10.10749728]
 [ 9.30166608]
 [ 9.81772538]
 [10.07297213]
 [10.89455491]
 [10.32282883]
 [10.20335688]
 [ 9.27508974]
 [10.42470972]
 [10.50799166]
 [ 9.71152603]
 [10.25501514]
 [ 9.13124813]
 [ 9.13994095]
 [ 9.96448823]
 [ 9.89320157]
 [10.01767572]
 [ 9.46917743]
 [10.62121665]
 [10.91734718]
 [ 9.75296928]
 [ 9.67979914]
 [ 9.06203082]
 [ 9.34570774]
 [10.90540578]
 [10.14461785]
 [10.13364563]
 [10.52021315]
 [ 9.3959222 ]
 [10.81805058]
 [ 9.5494777 ]
 [10.78486805]
 [ 9.96666054]
 [10.57126019]
 [ 9.5746685 ]
 [ 9.83056968]
 [10.81106963]
 [10.49583848]
 [10.73795087]
 [10.1866101 ]
 [ 9.45027315]
 [10.47918024]
 [10.51832074]
 [10.26191454]
 [ 9.82106028]
 [ 9.86423703]
 [10.27514058]
 [10.48260283]
 [10.80011113]
 [10.46886863]
 [ 9.75539137]
 [ 9.31542074]
 [ 9.09950869]
 [10.82763594]
 [10.56163205]
 [10.87358669]
 [ 9.89188236]
 [ 9.10771249]
 [ 9.21775732]
 [ 9.94913648]
 [ 9.233167  ]
 [ 9.8136564 ]
 [ 9.7485169 ]
 [10.67398915]
 [ 9.83380259]
 [10.89635962]
 [10.72619486]
 [ 9.16867643]
 [ 9.33806107]
 [ 9.23613266]
 [10.10056536]
 [10.75143672]
 [ 9.9586575 ]
 [10.05710447]
 [ 9.15878521]
 [ 9.78216699]
 [10.11922989]
 [10.08715768]
 [10.09679999]
 [ 9.44642749]
 [10.44154125]
 [ 9.01331833]
 [ 9.70756547]
 [10.074166  ]
 [ 9.54315482]
 [10.38018476]
 [10.9988252 ]
 [ 9.66915313]
 [ 9.61984212]
 [ 9.65010455]
 [10.11433025]
 [ 9.34793777]
 [10.66298172]
 [ 9.10571705]
 [ 9.04002687]
 [10.92874542]
 [10.82559343]
 [ 9.81585073]
 [10.18415602]
 [ 9.12829105]
 [ 9.19691975]
 [ 9.00995592]
 [ 9.98624688]
 [10.19960643]
 [ 9.71482997]
 [ 9.95019746]
 [ 9.49019551]
 [10.98799933]
 [ 9.48569526]
 [ 9.30033721]
 [10.52308001]
 [10.32849212]
 [10.22392578]
 [10.38306965]
 [10.79897661]
 [ 9.59002983]
 [ 9.04525083]
 [10.77857617]
 [ 9.04852533]
 [10.57215   ]
 [10.62903552]
 [10.0775551 ]
 [ 9.99722716]
 [ 9.85258911]
 [ 9.56211743]
 [10.69887583]
 [ 9.54271345]
 [10.25811118]
 [10.04412936]
 [ 9.1677742 ]
 [ 9.74672489]
 [ 9.3674373 ]
 [10.07215839]
 [10.23192755]
 [ 9.64258638]
 [10.77326906]
 [ 9.37505123]
 [ 9.57864357]
 [ 9.07365808]
 [10.8868801 ]
 [ 9.21807849]
 [ 9.96406252]
 [ 9.83234234]
 [ 9.21042672]
 [10.92511723]
 [10.44525105]
 [ 9.62275621]
 [ 9.30584515]
 [10.84994119]
 [ 9.383602  ]
 [ 9.97907269]
 [10.1798182 ]
 [ 9.34603922]
 [10.47175241]
 [ 9.15212346]
 [ 9.64818982]
 [ 9.54135236]
 [10.08821684]
 [ 9.29224297]
 [ 9.35113981]
 [ 9.32059167]
 [10.75985121]
 [10.05227261]
 [ 9.96081773]
 [10.66981973]
 [ 9.81368289]
 [10.65723446]
 [10.08719366]
 [ 9.47708572]
 [ 9.75056579]
 [ 9.2614176 ]
 [ 9.59746793]
 [ 9.25002235]
 [10.57577855]
 [ 9.44941387]
 [ 9.20202095]
 [10.71548919]
 [ 9.87664687]
 [10.15187017]
 [10.69801361]
 [ 9.30687065]
 [ 9.24604078]
 [10.29119935]
 [ 9.61257102]
 [10.75746011]
 [10.29434063]
 [10.47968534]
 [10.13608013]
 [ 9.73345843]
 [ 9.51227842]
 [ 9.49002206]
 [10.73211576]
 [10.27034495]
 [ 9.84050762]
 [10.01412141]
 [10.26543788]
 [10.44455781]
 [ 9.96812206]
 [10.46126414]
 [ 9.32039224]
 [10.61931794]
 [ 9.99070995]
 [10.68991737]
 [10.32802734]
 [ 9.66269696]
 [ 9.55534386]
 [ 9.17854764]
 [10.23210371]
 [10.54212849]
 [10.38701183]
 [ 9.43099515]
 [10.71334115]
 [ 9.1701385 ]
 [ 9.56279966]
 [ 9.37848747]
 [10.39151193]
 [ 9.40226823]
 [10.62410123]
 [10.92308254]
 [ 9.15100481]
 [10.50810854]
 [10.6049929 ]
 [ 9.87779407]
 [ 9.25365551]
 [ 9.74572971]
 [10.85227629]
 [10.98343273]
 [ 9.67543599]
 [10.31195238]
 [ 9.35712624]
 [10.65404809]
 [ 9.13463178]
 [10.73390111]
 [10.86026468]
 [ 9.83925159]
 [10.44195909]
 [10.52911105]
 [10.9903373 ]
 [ 9.08682125]
 [10.02042423]
 [ 9.5690487 ]
 [10.72182875]
 [ 9.19539139]
 [ 9.15168877]
 [10.0730309 ]
 [ 9.12875868]
 [10.72554534]
 [10.86456313]
 [10.95407571]
 [10.70812986]
 [ 9.30914691]
 [ 9.75234016]
 [10.62853826]
 [ 9.21865565]
 [10.90396484]
 [10.45850247]
 [10.23196247]
 [10.85967523]
 [10.5370036 ]
 [ 9.4771761 ]
 [ 9.35311677]
 [ 9.27416034]
 [10.18899856]
 [ 9.97864149]
 [10.76465636]
 [ 9.69012545]
 [10.39990185]
 [ 9.87276553]
 [10.97144074]
 [10.71365201]
 [ 9.17152224]
 [10.83053571]
 [ 9.47135272]
 [ 9.61580005]
 [ 9.65664955]
 [ 9.59689773]
 [ 9.28987849]
 [10.78697791]
 [ 9.54432059]
 [ 9.14233432]
 [10.01496741]
 [10.03358603]
 [10.59909928]
 [10.68894919]
 [10.14225183]
 [ 9.07920458]
 [ 9.43346149]
 [ 9.31944659]
 [10.70271386]
 [10.01770539]
 [10.49726227]
 [ 9.76364962]
 [ 9.73562847]
 [ 9.79013114]
 [10.68378091]
 [ 9.83521221]]
RG: [[1000.]
 [1000.]
 [1000.]
 [1000.]
 [1000.]
 [1000.]
 [1000.]
 [1000.]
 [1000.]
 [1000.]
 [1000.]
 [1000.]
 [1000.]
 [1000.]
 [1000.]
 [1000.]
 [1000.]
 [1000.]
 [1000.]
 [1000.]
 [1000.]
 [1000.]
 [1000.]
 [1000.]
 [1000.]
 [1000.]
 [1000.]
 [1000.]
 [1000.]
 [1000.]
 [1000.]
 [1000.]
 [1000.]
 [1000.]
 [1000.]
 [1000.]
 [1000.]
 [1000.]
 [1000.]
 [1000.]
 [1000.]
 [1000.]
 [1000.]
 [1000.]
 [1000.]
 [1000.]
 [1000.]
 [1000.]
 [1000.]
 [1000.]
 [1000.]
 [1000.]
 [1000.]
 [1000.]
 [1000.]
 [1000.]
 [1000.]
 [1000.]
 [1000.]
 [1000.]
 [1000.]
 [1000.]
 [1000.]
 [1000.]
 [1000.]
 [1000.]
 [1000.]
 [1000.]
 [1000.]
 [1000.]
 [1000.]
 [1000.]
 [1000.]
 [1000.]
 [1000.]
 [1000.]
 [1000.]
 [1000.]
 [1000.]
 [1000.]
 [1000.]
 [1000.]
 [1000.]
 [1000.]
 [1000.]
 [1000.]
 [1000.]
 [1000.]
 [1000.]
 [1000.]
 [1000.]
 [1000.]
 [1000.]
 [1000.]
 [1000.]
 [1000.]
 [1000.]
 [1000.]
 [1000.]
 [1000.]
 [1000.]
 [1000.]
 [1000.]
 [1000.]
 [1000.]
 [1000.]
 [1000.]
 [1000.]
 [1000.]
 [1000.]
 [1000.]
 [1000.]
 [1000.]
 [1000.]
 [1000.]
 [1000.]
 [1000.]
 [1000.]
 [1000.]
 [1000.]
 [1000.]
 [1000.]
 [1000.]
 [1000.]
 [1000.]
 [1000.]
 [1000.]
 [1000.]
 [1000.]
 [1000.]
 [1000.]
 [1000.]
 [1000.]
 [1000.]
 [1000.]
 [1000.]
 [1000.]
 [1000.]
 [1000.]
 [1000.]
 [1000.]
 [1000.]
 [1000.]
 [1000.]
 [1000.]
 [1000.]
 [1000.]
 [1000.]
 [1000.]
 [1000.]
 [1000.]
 [1000.]
 [1000.]
 [1000.]
 [1000.]
 [1000.]
 [1000.]
 [1000.]
 [1000.]
 [1000.]
 [1000.]
 [1000.]
 [1000.]
 [1000.]
 [1000.]
 [1000.]
 [1000.]
 [1000.]
 [1000.]
 [1000.]
 [1000.]
 [1000.]
 [1000.]
 [1000.]
 [1000.]
 [1000.]
 [1000.]
 [1000.]
 [1000.]
 [1000.]
 [1000.]
 [1000.]
 [1000.]
 [1000.]
 [1000.]
 [1000.]
 [1000.]
 [1000.]
 [1000.]
 [1000.]
 [1000.]
 [1000.]
 [1000.]
 [1000.]
 [1000.]
 [1000.]
 [1000.]
 [1000.]
 [1000.]
 [1000.]
 [1000.]
 [1000.]
 [1000.]
 [1000.]
 [1000.]
 [1000.]
 [1000.]
 [1000.]
 [1000.]
 [1000.]
 [1000.]
 [1000.]
 [1000.]
 [1000.]
 [1000.]
 [1000.]
 [1000.]
 [1000.]
 [1000.]
 [1000.]
 [1000.]
 [1000.]
 [1000.]
 [1000.]
 [1000.]
 [1000.]
 [1000.]
 [1000.]
 [1000.]
 [1000.]
 [1000.]
 [1000.]
 [1000.]
 [1000.]
 [1000.]
 [1000.]
 [1000.]
 [1000.]
 [1000.]
 [1000.]
 [1000.]
 [1000.]
 [1000.]
 [1000.]
 [1000.]
 [1000.]
 [1000.]
 [1000.]
 [1000.]
 [1000.]
 [1000.]
 [1000.]
 [1000.]
 [1000.]
 [1000.]
 [1000.]
 [1000.]
 [1000.]
 [1000.]
 [1000.]
 [1000.]
 [1000.]
 [1000.]
 [1000.]
 [1000.]
 [1000.]
 [1000.]
 [1000.]
 [1000.]
 [1000.]
 [1000.]
 [1000.]
 [1000.]
 [1000.]
 [1000.]
 [1000.]
 [1000.]
 [1000.]
 [1000.]
 [1000.]
 [1000.]
 [1000.]
 [1000.]
 [1000.]
 [1000.]
 [1000.]
 [1000.]
 [1000.]
 [1000.]
 [1000.]
 [1000.]
 [1000.]
 [1000.]
 [1000.]
 [1000.]
 [1000.]
 [1000.]
 [1000.]
 [1000.]
 [1000.]
 [1000.]
 [1000.]
 [1000.]
 [1000.]
 [1000.]
 [1000.]
 [1000.]
 [1000.]
 [1000.]
 [1000.]
 [1000.]
 [1000.]
 [1000.]
 [1000.]
 [1000.]
 [1000.]
 [1000.]
 [1000.]
 [1000.]
 [1000.]
 [1000.]
 [1000.]
 [1000.]
 [1000.]
 [1000.]
 [1000.]
 [1000.]
 [1000.]
 [1000.]
 [1000.]
 [1000.]
 [1000.]
 [1000.]
 [1000.]
 [1000.]
 [1000.]
 [1000.]
 [1000.]
 [1000.]
 [1000.]
 [1000.]
 [1000.]
 [1000.]
 [1000.]
 [1000.]
 [1000.]
 [1000.]
 [1000.]
 [1000.]
 [1000.]
 [1000.]
 [1000.]
 [1000.]
 [1000.]
 [1000.]
 [1000.]
 [1000.]
 [1000.]
 [1000.]
 [1000.]
 [1000.]
 [1000.]
 [1000.]
 [1000.]
 [1000.]
 [1000.]
 [1000.]
 [1000.]
 [1000.]
 [1000.]
 [1000.]
 [1000.]
 [1000.]
 [1000.]
 [1000.]
 [1000.]
 [1000.]
 [1000.]
 [1000.]
 [1000.]
 [1000.]
 [1000.]
 [1000.]
 [1000.]
 [1000.]
 [1000.]
 [1000.]
 [1000.]
 [1000.]
 [1000.]
 [1000.]
 [1000.]
 [1000.]
 [1000.]
 [1000.]
 [1000.]
 [1000.]
 [1000.]
 [1000.]
 [1000.]]
Ch: [[1.26777253 0.83227946 1.10295541 0.66083148 1.43355571 0.72828865
  1.04530509 0.71810782 1.24073206 0.53117359 0.97875804 0.53302018
  1.01451501 1.23298716 0.50433503 0.79408848 0.50126866 0.50658025
  1.1020158  0.71679135 0.6262685 ]
 [0.65195517 0.7860783  0.68706326 1.07374182 1.03672937 0.7372251
  0.95517177 0.55181141 0.86252812 0.99239648 0.7584137  0.54911965
  0.78743162 1.27465708 1.04753413 0.87516003 1.27225296 0.61371361
  0.53461657 1.0450741  1.11092887]
 [0.60271638 0.86073236 1.26973113 0.97457417 1.30206445 0.58452503
  1.08424349 1.27693669 0.63417783 0.97929259 0.68911751 1.07768379
  0.71345701 1.27392223 0.90476259 0.56109384 0.82455058 0.83042294
  0.54093957 0.57673488 0.99172781]
 [1.24989504 0.81835471 1.46055878 0.68701463 1.46631264 1.18119941
  1.41057572 1.22197506 0.85210692 0.83817241 0.85079217 0.60557917
  1.03078316 1.10139766 0.90655566 0.50119248 0.66255543 1.00653928
  0.62404101 1.04329392 1.20431301]
 [0.50833258 1.4414924  1.08206873 1.08304688 0.54094717 1.26110567
  0.53668697 1.23194658 1.03004615 0.64812679 0.8512352  0.66605733
  0.51602017 0.7509586  0.66402478 0.54103652 1.43602778 1.22050013
  1.36479167 0.70304053 0.97714004]
 [1.33721716 1.43483339 0.92903452 0.68956923 1.01301775 1.05668404
  0.88002362 1.22321006 0.82768634 0.88588421 1.0162667  0.61011891
  1.15450809 0.69384385 1.43901252 0.58499059 0.60129111 1.13355066
  0.61788084 1.37317596 1.32408607]
 [0.70113293 0.65776492 0.64218301 0.6997823  0.91846957 0.62902901
  1.02275222 0.59947865 0.53369417 0.59484694 0.77601387 1.48087653
  1.04126113 0.66856081 0.89917631 0.83883005 0.75577869 1.41672512
  1.22095968 1.11509418 0.66729923]
 [1.36633114 1.32932286 0.56313357 0.72559081 1.28002975 1.26253093
  0.59255713 1.27405749 0.56609045 1.0809013  0.8889649  0.7271953
  0.63562702 0.99803228 0.94290094 1.29113754 1.13143288 1.3692586
  1.01026587 0.50478213 0.50107642]
 [0.66061081 0.5607018  0.79351552 0.59866362 1.04087358 1.41122509
  1.21693914 1.19105777 0.89125028 1.34275464 1.14524158 0.52511282
  1.11308237 0.84211563 1.07933545 0.70824089 1.17761121 0.56071174
  0.64632632 1.35240151 0.98327327]
 [0.54472083 0.89482562 1.47354582 0.96338333 1.21570699 1.43508356
  0.67577184 1.37700286 1.48134592 1.18742955 1.43108256 1.05810143
  1.17107172 0.98196382 0.94369222 0.58210922 0.74883932 1.36692884
  0.7630769  1.09253845 0.99184506]
 [1.06953823 0.71253933 0.76902507 0.56117074 0.80925646 1.25492919
  0.72337234 0.9194972  0.58929549 0.78473852 0.86281209 0.5730853
  1.13827892 0.96060887 1.23284396 0.53699093 0.93735617 0.66222345
  0.94168591 0.76684505 1.33102403]
 [0.66169883 0.86576719 1.24402336 1.16602078 0.88165265 0.63174091
  0.94693575 1.11753515 0.75407789 0.74612705 0.52453964 1.23932169
  0.99306227 0.60415085 1.09648745 1.27898467 0.60460824 1.38121941
  1.15680589 0.53644042 0.70095977]
 [0.52464519 0.97608696 0.78308694 0.79721516 0.94168432 1.02612633
  0.78158067 1.48272739 1.24852175 0.60565444 0.93267868 0.51628302
  0.83682619 0.92648633 0.8868385  0.81849631 1.34224263 1.35144346
  1.25260778 0.93867909 1.48580927]
 [1.27608597 0.569489   0.52285543 0.76561301 1.04903763 0.97834177
  1.03221138 1.41591533 1.0670759  0.83870819 0.73473081 1.28794997
  1.23287808 0.68572151 0.82726702 0.56928572 1.04006205 0.61122598
  0.93832149 1.49706853 0.81035642]
 [0.82586655 0.68776545 1.44121363 0.78989616 1.27286977 0.67054013
  1.20056273 1.28253959 0.63612202 1.32574552 1.44224977 0.61573294
  1.21955536 0.7995455  0.86747938 0.54776843 1.47106385 1.3495552
  0.88401891 1.24843147 1.11046073]
 [1.37949975 0.77235524 0.56402818 0.81776935 0.69122105 1.23843682
  0.92022683 0.78799552 0.69602853 0.62899705 0.8257792  1.13829145
  0.81103952 1.13856383 1.46832075 1.09165218 1.03138447 0.72372159
  1.06864417 1.32876718 1.15214948]
 [1.02294891 1.34222057 0.69272386 1.40250717 0.57335696 1.15911269
  0.80789223 1.34865819 1.18274259 0.82396957 0.71133751 1.3240192
  0.52460323 0.75242343 0.81119124 1.01566024 0.73214516 0.69173905
  1.06081041 0.53417794 1.44754901]
 [1.32029445 0.82746233 0.7582458  0.5582088  0.70088822 1.44217548
  0.58756185 0.7498418  0.70626586 0.65255203 0.62716173 1.26584949
  0.9791314  1.44580633 1.2650404  0.95394654 0.81812846 0.93841068
  0.88878558 0.6332651  0.97669644]
 [1.0880289  0.63833674 0.64251937 0.93578112 1.04085988 1.00260702
  0.91820852 0.69169312 0.87240874 0.56239635 0.91457026 1.16830862
  0.52987161 1.20905527 1.27177789 1.40547811 1.11490759 0.646579
  0.85827856 1.05668952 0.51777953]
 [0.84924335 1.03762433 0.53216823 0.81384644 0.88513257 1.08929025
  0.85635202 1.46794262 0.64070521 0.77174863 0.73385359 0.76681023
  0.57965633 0.99923636 1.15126044 0.63036082 0.60776343 0.91142658
  0.73262693 0.86874008 1.03850431]]
Cv: [[0.         0.         0.         0.         0.         0.
  0.         0.         0.         0.         0.         0.
  0.         0.         0.         0.         0.         0.
  0.         0.        ]
 [0.99048432 0.92801553 0.5182129  0.84585532 1.26755214 0.52869853
  0.81470656 1.23978704 0.77698686 0.93238636 0.87735422 0.54592943
  0.76201588 0.83765236 1.37082027 1.46316668 0.70504107 0.76976155
  0.84957542 0.94011581]
 [1.09071023 0.54668978 1.23273711 0.50491059 0.69100896 0.75236477
  0.66191659 0.50430892 0.55325459 1.11348259 0.65800573 0.73754962
  0.76602936 0.79585001 0.98234486 0.89344076 1.24613821 0.59948425
  0.79539934 1.43617129]
 [0.9113895  0.96760268 0.80648831 1.43107582 0.86829946 0.54792121
  1.45044432 0.50374847 0.69480075 0.94040987 1.36293516 1.49934355
  1.43088017 0.52100081 0.65798144 0.65296679 0.92759008 0.92287897
  0.56009784 0.88851369]
 [0.81328035 0.93151833 1.24606631 1.35119958 0.98477282 0.62425967
  1.09310639 1.21803742 0.86938603 0.85439379 1.39925247 1.4986142
  0.50231832 1.27141815 0.67293834 1.22437794 0.75154488 0.95001206
  1.48451411 0.85900524]
 [0.99406142 1.2238828  0.99912687 1.31822178 1.12450178 0.60749028
  0.60423855 1.49221428 1.47385932 1.06698601 0.56651294 1.25458908
  1.10057061 0.66766225 0.79406315 0.54334149 0.70932798 1.15314409
  0.55177757 0.53399164]
 [0.98629127 0.72181073 0.76476439 0.83268003 1.15796628 0.92899667
  0.82209335 1.12858439 0.60083565 0.91219618 1.31064988 0.70183144
  1.21658365 1.35220274 0.96919338 0.74745369 0.75889142 0.77741033
  0.51240835 0.99955647]
 [0.9892587  1.46798709 1.02632758 1.26998369 0.62108489 0.54822737
  0.8098599  0.50970143 0.87855144 1.04211605 0.74216976 0.74920595
  0.60816104 0.9954129  0.94904018 1.28910465 0.60833291 1.03881927
  0.55258914 0.84596575]
 [0.53062965 1.03678507 1.05513234 0.81649674 1.09667909 0.918158
  0.67076123 0.60082136 1.01794119 1.02988176 0.54236087 0.89920808
  0.60936163 1.32447769 1.43587688 1.39601315 1.44664492 0.85549908
  0.6182388  0.60571623]
 [0.87581461 1.45606625 0.92011621 0.69189849 0.61755504 1.12977854
  0.53731653 1.29077769 0.98299706 0.91738084 1.44590373 0.62342632
  0.86867587 0.58241189 0.56969498 0.58778981 0.92240576 1.1683728
  0.52799308 1.29912989]
 [0.71775042 0.71351562 0.71866601 1.22449335 0.61585492 1.26009667
  0.54498465 1.38095228 1.3512576  0.59671527 0.5503496  1.33947197
  0.71714763 1.24348768 0.8869351  0.79472568 1.0442863  0.55182237
  0.51146706 0.69759831]
 [0.56831471 1.12615481 0.96402328 1.28005772 1.28684794 0.51876789
  1.20364069 0.50204911 1.03208923 0.70548186 0.76543681 0.68012294
  0.96214315 0.92816827 0.56601719 1.49552269 0.55641009 1.47430317
  0.51645454 0.58724129]
 [0.68470881 1.09676415 0.68384296 0.53646471 1.2289692  1.31068621
  0.55836471 0.91161806 0.64162888 0.93163923 1.02372234 0.99250452
  0.54307057 0.6425766  0.80956246 0.66893368 0.70401826 1.49560068
  1.46239621 0.68901533]
 [1.41722874 0.82927062 0.51730589 0.73009338 0.52370762 1.07352077
  1.18786546 1.44024701 1.2173853  1.07330889 0.62062616 1.04768627
  1.09189825 0.5610933  0.76903117 0.86921707 0.78230657 1.4752302
  1.48062905 1.25937934]
 [0.54409064 0.8401562  1.33784447 0.65444905 0.91406155 1.33858277
  0.93146208 0.73244088 1.40185958 0.54389787 0.94903513 1.28128024
  0.98740268 0.50697815 0.67810531 0.73881764 0.9754216  0.52981866
  1.04542565 0.84282455]
 [0.85073751 1.23079528 1.2666059  1.00418023 1.08234713 0.73816686
  0.52312738 1.16542371 1.33235865 0.87619596 1.01770811 0.52406442
  1.07769294 0.91362949 0.87698162 0.80697079 0.62597381 0.55797732
  0.76252356 0.53221955]
 [0.95030946 0.65188386 0.62557452 0.55179703 0.82075718 0.60568288
  1.43326103 0.72180917 1.09482415 1.20438572 0.72054002 0.72409112
  0.65055086 1.34097161 0.58755518 0.56845568 1.24374947 0.71638498
  1.04810251 0.98871886]
 [0.5757808  0.52087428 0.53170917 0.65205828 1.45084247 1.04868136
  0.74978966 1.43711008 1.35789797 1.20357512 0.98384156 1.40446941
  0.82069005 1.24245098 0.72924801 0.88310828 1.35305282 0.73512168
  0.81994265 0.8110489 ]
 [0.62406479 0.68109167 0.77147883 0.83224213 0.7963442  0.80455547
  1.0703971  1.15862433 0.62217178 1.43541647 1.48020061 0.51841235
  0.99614795 0.68000988 0.80933678 0.82165216 1.19398679 1.10504445
  1.38012019 1.47115991]
 [0.57910425 1.15556715 1.44150532 0.50510875 1.28549911 0.91552952
  0.85580499 0.63336083 0.78402457 0.81276946 1.23531291 0.65122292
  0.80674515 1.07859115 0.87778535 0.72548081 0.89119358 1.10610304
  0.63585752 1.21536628]]
Rh: [[ 8.71916491  5.72773024  9.22715492  8.80811412  6.08105295 14.8940731
   5.93825148  5.02133404  7.09496674  9.23707582  8.92293776  8.00913422
   7.56626888 12.28771295  8.00110927  6.9505085   8.81777738  6.53714962
   8.45244865 11.27973824 11.24060762]
 [13.586427   11.94010268  7.08951581  6.94521635  6.85236117  9.60778533
   5.16758258 14.37474064 11.79443487  6.94216819 11.76931333  8.94963989
   9.79578799  9.16512622  7.89708102  9.33263739  5.5651802   5.28824845
   8.03618518 11.49762326  7.16822188]
 [12.12574588  8.14053044 12.73784314  6.46229329 11.11350438  6.6564715
  12.14648431  7.12877875  8.47309397  8.00871941  6.08940832  6.51829701
  11.15845541  9.00948258 11.63035397  6.91117898 11.57609678  5.85552268
   5.43666068  8.18273892  7.64973721]
 [ 9.09427107  9.98451871  8.92120597  9.52040143 10.52189088 11.08538913
   5.3906393   8.61598973  9.01590267  7.75195349  7.78437323 10.37947898
   9.3822986   5.04082542 12.906159   13.29492842 11.59633363  6.69637264
   5.77895019 14.79820025  9.45721442]
 [ 5.35763124 10.90740857  8.65975003  7.21105826  5.89555758  7.12839397
   5.42718665 14.84710494  5.21414559 10.95858146 10.43605746 13.41281442
  12.51462335 10.00985176  7.37279195  9.63244136  8.21175666  6.36185813
  10.9841183   7.93841907  8.87095861]
 [ 8.22526937  7.06335338  7.20814445  5.30994088  8.91898055  9.00208968
   9.07328599  7.35687186  9.82160745 14.83903759  5.10428723 14.96754551
   6.20380172 10.97151092 12.97974401 12.16149565  8.48978639  7.59483225
   8.00284676  6.38758268 12.97830534]
 [ 5.84489733  8.06420213 12.59298737 11.37729098 10.50846687 11.70728688
   6.26296443 11.92207703  6.83053517  5.03087169 14.38442396  8.98508754
  14.63498028  5.48329561 13.41053817  6.10128506 12.17545487 10.95760408
   5.11164545 10.11867539  5.5701375 ]
 [ 5.76867763  9.43310162  5.62494677 12.81659212  5.14972119 10.99000553
  12.11185296  9.03065036  5.73642854  8.90848773 13.46664603  6.49260232
  14.92891337  7.31469368  5.80986238 12.15897137  6.68217667  9.62034146
   5.06633756 10.63685963  6.57963111]
 [ 5.35201974  6.63159175  5.93769236 14.5092169   9.61780928  8.12989661
   7.07354526  7.97942791  9.42658873 10.61457276  9.51293776 13.73412887
  14.27127412 13.63987357 12.49060146  5.52039378  5.21319845 11.61182728
  12.07703754  7.66510764  5.52987177]
 [10.42191915 14.16576216  7.27531381  6.43907597  6.55562935  5.99771963
   6.77739891 10.53704857  9.56361782  8.64245449  9.83704903 11.48630531
  13.68289647 10.83722976  6.83293456 13.77570985  9.13888579  6.1766586
   8.20151219 13.24221682  5.35982958]
 [12.67528535  6.05294308 13.65287453  5.31992638  9.24814997  8.07054683
   5.66457918  9.71562002  7.69841412  5.79969138 12.22656963 11.30981359
  14.65631156 12.86139152  8.19848601  9.68034974 14.38568841 10.53226202
   7.28006601  7.32546767  5.33107173]
 [ 7.39695961 14.72092713 14.02372502  6.32805826  7.55658625 10.36102072
  12.0354575   9.60930903 10.87986566  8.94920505  5.00420681  6.05452347
  13.57687094  5.90868255  7.57499152 12.8351121  13.31980544  9.76223232
   9.14253305 14.78481655 10.32097431]
 [ 5.06776863 14.33941338  8.08771617  9.2302804   7.58566391 12.23802044
   5.90861226  8.66616253  7.91459213  6.97418106  9.25830519  9.13371674
  11.19640369  7.28917613 12.25497335  7.32387531  9.92032159  6.52501471
  10.43316417  6.17289574  7.76288098]
 [ 9.54221577  8.64554437  5.01803251 14.62134776 12.97883413  8.98822745
  13.60618616 14.34819277  5.03239511 13.11640474 11.05022714  5.08874241
  13.21684202  5.73845999 10.23301444 13.5971671  12.76278367 12.81256062
   6.81245107  9.53981805 11.46555058]
 [ 5.50673707  5.7289404  13.43902972  7.74633148 12.08250983  5.66831599
   9.98410621 11.23775423 14.73423249 10.66900527 11.73492768 11.25006843
   8.5684595   7.93271222  5.60485833  6.57484393  6.48160084  8.10624123
   8.26004239 14.87311103  5.96730595]
 [ 9.53319029  6.9500978   6.85501519 14.90281579 11.82989057  8.87097293
  10.8825979   6.66623527  5.35010619 13.64135652 12.91749339  9.15103374
  10.82783943 11.62114706 12.06051076  5.09889982  5.04115897  7.96055443
  10.16881799  5.75660213 12.59493864]
 [ 9.42442757  5.8019257   9.84240168  5.07032636  5.5100114   9.57027234
  12.69241229  8.62778091  5.22714331  8.11746103  7.0674827   5.78315009
   8.85472087 13.27884966  5.86262698  8.59631597  8.72853572 11.18028321
   7.33506215  6.47002886 13.75200725]
 [ 8.87762467  7.71553459  5.15051104  9.19720607  9.67031039 10.171817
   9.40405438 12.50957316  8.39859984  5.20115954  9.67428766 10.674185
   6.90874838  7.59645952 11.65374502  5.45965748  8.46284262  7.97888176
  12.78709645 13.97523128 10.22962689]
 [13.62471531  5.56366884  7.62665604  7.07694177  7.17271474 14.46832968
   9.89562561  6.4305706   7.24422842 12.00511548 13.65605445  6.22025919
  13.39582586  6.37235323  8.60327871  7.51751423 10.93150635 11.43214114
   8.25135635  8.86848974  7.02178953]
 [14.04936021  7.69124789 10.96614939 11.67192944  6.78619705  8.62632597
  10.61770847 11.40408229 12.50377932  5.21708192 13.64180587  5.45291518
  14.00596862  6.76149068 14.80200631  5.82483755  8.69131238  9.96960181
   7.84613524 12.00165776 13.85507579]]
Rv: [[ 6.20066338  6.73959909 12.04710423 10.35152502 11.75640395  5.29858103
  11.2067997   9.22762112 13.11771765 11.87711913  8.57030578 12.01670667
   5.44908532  6.52196401 11.14134353  5.76618165  5.21144413 11.64323134
   7.16041314  5.1803682 ]
 [13.98692717  7.50526705 12.30165782  6.82453036 12.01891663  6.10867479
   8.08831388 11.35756939 13.1544989   6.04449873  7.31512678  9.31697767
   7.35293018  9.23825336 12.42879463  5.4219269   6.65566047 10.01794376
   9.59158798  6.23732221]
 [ 9.96180142  7.37994831  9.19977009  6.87334115  9.72578262 11.35423933
  14.79634319 13.06710945  9.78609237  9.02336645  7.33133649 14.80915745
  12.75411707  5.84868992 11.84043602  8.57415967  7.55326143 12.25680063
   8.57839638 11.53925146]
 [10.09978936 12.53763107 13.65277329  7.4171273   6.83858053  8.46247819
   8.71670818  7.98254624  5.78069878  8.57312419  9.39649102  9.69670049
  10.36880708  9.21660686  5.33608614  9.27046099  6.140886    6.69080021
  13.54665074  8.11019941]
 [ 6.45746287  5.93650871 12.42409761  5.82535649 13.10402576  9.68526943
  13.60154968 12.62840663  8.56047077  7.26952452  8.31265082  5.97350172
  11.6646755  10.14321285  8.91141526  6.27722094  8.25864299 11.50507212
  12.79762481  8.85930324]
 [ 6.43600868  6.53098997  8.1579238  14.36717911 11.57634707  7.61458161
  11.76805327  9.38981902 14.96395014  7.76737314  6.65370449 10.72532067
  11.26813981  6.46416605  7.3273254   9.04178748 11.32593335 11.00924375
   5.84265608  8.36542164]
 [ 7.46897757 12.84036829  7.22547564  5.96383541  7.55383444  6.15895819
  14.68996131 11.24492711 14.94981664 10.93478283  5.53566323  9.53017439
   6.66821533 10.89630399 12.92808986  5.66327408  9.8278747   6.26115167
   5.45441718  8.14379348]
 [13.43889054  9.67725646  9.83405364 13.94436799  6.24705957  5.6585229
   5.16807606  9.28985046  7.26686053  5.21812379 12.74632563 13.27314054
  13.26925957  5.49232015  8.79426229  8.80392968  6.09583082  9.56168872
  12.60436267 10.04965168]
 [10.32763261 14.42757652  6.69517768  5.49802677  7.00225785  5.00888445
  13.14220199  6.58564048  6.41461538  7.7726285   5.42951158 13.28879032
   7.89009299  7.21960828 13.20886143 13.11844972  5.73480666  5.97089723
   5.52331823  6.74682327]
 [ 5.13697646 14.29481815 13.97882076  6.6596846   5.41929394 10.21009061
   6.82128392 10.20145665 13.01256969 10.39629229 12.20634556  7.35842879
   5.52260076 12.07573069  5.426623    6.47036568 10.20508638  9.33716369
   5.25069369 10.8788261 ]
 [ 5.62865095  6.45503053 10.42765459  5.14661566  6.12057393  8.77494739
   9.38368189  5.85821425  6.31682231  8.98205109  6.62335553  7.23377623
  10.16175166  6.88191353 11.13585129  7.20151755  6.3693327   6.74211453
   7.53519451 14.58316907]
 [12.26828399  8.05886445  6.374259    6.90612672 10.66174427 14.02352175
   6.51919334 13.61045611  6.65440049 11.20441068 12.56818339  6.83799321
   9.27328302  9.07829356  5.17335689  6.84930705  9.29089699  9.65116347
   9.05992286  8.6806057 ]
 [ 5.66355773  9.3511907   6.78571789  7.57283191 11.20497844 12.61703747
   8.77720302 11.65935087  7.57807283 11.02053642  8.19534045  5.59234807
  11.45717525 11.92812705  7.68085318  8.51053682  5.33658644  6.17031175
   9.06190001 11.05203121]
 [12.74509906  9.22868735  9.3937133   9.32648658  5.99758079  6.16273158
   6.75259758 13.01569336  5.29125004 14.22458206  8.85510615 13.9876447
   6.00213261  7.94889002 13.57238318  6.02387433 13.86509006  8.06267335
  12.45780527 11.92169654]
 [10.57838176  6.9352558   7.40935843  6.54761405 13.59278549  6.98364849
   8.7778935  11.58699953  7.91222679  5.94710764 11.56760437  5.11637005
   7.55083102 14.41005617  9.11587362 13.18952852 13.21780575  7.23149671
   5.89772414  6.12012238]
 [14.07449598  9.19682041  8.61842254  5.13906996  6.66384995  5.90244946
   6.82451347  9.65648024  9.76523661  7.6590214  12.09997653  9.96280735
   5.08686928  9.07383799 14.64018722  6.10209149 12.11734647  6.71701392
  14.57860183  7.09178277]
 [10.29215467  5.67494701  8.21383341  5.13619289  9.7756694  12.18916189
   6.82492505  5.80274274 13.06064877  5.21550823  6.54028906  5.7771413
   5.56098578  5.63199885 11.51223306 11.09629171 10.83403562 13.35802307
   8.36879186 14.88307488]
 [13.30332934  7.79760097 10.24651253 10.15073839 11.32486281 13.39501914
  14.50157078  9.12489158 14.12108476  8.84060749 12.06104989 13.18978677
  11.99572588  7.24575279  6.56540279 12.06045137  5.88230574  6.33692637
  14.02563291  8.34079779]
 [ 6.41732336 10.43436775  7.19774236  6.88305515  7.75297547  7.87409037
   8.79791539  7.95585039 11.98489018  9.45552062 10.43283212 11.08864392
   9.66063175  8.16529899  7.37668526  7.96610479  5.56648727  6.31033066
   6.62755422  7.77125382]]