-------Running parameters--------
T = 0.001
temperature_gradient = 0.0
gap = 0.0
M = 10
N = 5
VR = 0.0
Vmin = 0.0
Vmax = 2.0
vStep = 0.001
vSym = True
repeats = 50
fileName = array_5_15_disorder_c_std_0.9_r_std_9.5_run_5
dist = exp
fullOutput = True
use_graph = False
current_map = True
plot_current_map = False
plot_binary_current_map = False
frame_norm = False
dbg = False
resume = False
sc = False
leaping = False
constQ = False
modifyR = False
double_time = False
double_loop = False
output_folder = bgu_2d_arrays_big_cg
params_path = 
VG_avg = 0.0
VG_std = 0.0
C_avg = 1.0
C_std = 0.9
CG_avg = 50.0
CG_std = 0.0
R_avg = 10.0
R_std = 9.5
custom_rh = ""
custom_rv = ""
custom_ch = ""
custom_cv = ""
RG_avg = 500.0
RG_std = 0.0
n0_avg = 0.0
n0_std = 0.0
Q0_avg = 0.0
Q0_std = 0.0
----Array Parameters-----
Rows: 10
Columns: 5
VG: [[0.]
 [0.]
 [0.]
 [0.]
 [0.]
 [0.]
 [0.]
 [0.]
 [0.]
 [0.]
 [0.]
 [0.]
 [0.]
 [0.]
 [0.]
 [0.]
 [0.]
 [0.]
 [0.]
 [0.]
 [0.]
 [0.]
 [0.]
 [0.]
 [0.]
 [0.]
 [0.]
 [0.]
 [0.]
 [0.]
 [0.]
 [0.]
 [0.]
 [0.]
 [0.]
 [0.]
 [0.]
 [0.]
 [0.]
 [0.]
 [0.]
 [0.]
 [0.]
 [0.]
 [0.]
 [0.]
 [0.]
 [0.]
 [0.]
 [0.]]
CG: [[50.]
 [50.]
 [50.]
 [50.]
 [50.]
 [50.]
 [50.]
 [50.]
 [50.]
 [50.]
 [50.]
 [50.]
 [50.]
 [50.]
 [50.]
 [50.]
 [50.]
 [50.]
 [50.]
 [50.]
 [50.]
 [50.]
 [50.]
 [50.]
 [50.]
 [50.]
 [50.]
 [50.]
 [50.]
 [50.]
 [50.]
 [50.]
 [50.]
 [50.]
 [50.]
 [50.]
 [50.]
 [50.]
 [50.]
 [50.]
 [50.]
 [50.]
 [50.]
 [50.]
 [50.]
 [50.]
 [50.]
 [50.]
 [50.]
 [50.]]
RG: [[500.]
 [500.]
 [500.]
 [500.]
 [500.]
 [500.]
 [500.]
 [500.]
 [500.]
 [500.]
 [500.]
 [500.]
 [500.]
 [500.]
 [500.]
 [500.]
 [500.]
 [500.]
 [500.]
 [500.]
 [500.]
 [500.]
 [500.]
 [500.]
 [500.]
 [500.]
 [500.]
 [500.]
 [500.]
 [500.]
 [500.]
 [500.]
 [500.]
 [500.]
 [500.]
 [500.]
 [500.]
 [500.]
 [500.]
 [500.]
 [500.]
 [500.]
 [500.]
 [500.]
 [500.]
 [500.]
 [500.]
 [500.]
 [500.]
 [500.]]
Ch: [[0.23243886 0.14133904 0.75114976 0.18778227 1.87698391 1.29733281]
 [0.26184156 0.1676834  0.28811187 1.52936147 1.21363713 0.17167221]
 [0.52881473 0.92962732 1.67830823 0.35738826 0.63968934 0.37280036]
 [0.19817544 0.59401845 0.13191839 0.38768777 0.32416303 1.62526579]
 [0.3312896  0.50715542 0.10907462 0.51302637 0.41295254 0.13107613]
 [1.24926383 0.2175733  0.73298612 0.40954905 0.29694198 0.69518889]
 [1.61168901 0.18466648 1.83725724 0.33114023 0.23644608 0.759015  ]
 [0.9683908  0.37504315 0.20770976 0.57554059 1.03392144 1.33827964]
 [0.30788441 1.00354659 0.35828027 1.52728458 0.79805281 0.26580682]
 [0.13841696 0.50518187 1.172266   0.17680383 0.11283301 0.90196952]]
Cv: [[0.         0.         0.         0.         0.        ]
 [1.49615413 0.69982891 1.48754462 0.35890469 1.12957584]
 [0.31519546 0.10576203 1.38350815 0.1507083  0.78158728]
 [0.47720208 0.35614254 0.35548212 0.4138019  0.51940597]
 [0.32266247 0.99797687 0.88827518 0.80443467 0.10547714]
 [0.60742326 0.42433383 0.83888022 0.63610843 0.1458538 ]
 [0.2143752  0.33361257 0.83549994 0.4308431  0.10805284]
 [0.49309647 0.80120963 0.311996   0.13888113 1.08863184]
 [1.52614879 0.3561068  0.13863645 1.5010446  1.64493078]
 [0.85617627 0.56163718 0.10147741 0.93490813 1.0910237 ]]
Rh: [[16.54125889  1.19655924 15.27929401  0.70978806  3.72956756  7.67019394]
 [ 3.69808811  1.29090484 19.21393275 16.30872021  0.65729959  2.97331579]
 [18.77378069  0.71361943  0.6394035   4.09684884  7.08784488  2.01152294]
 [ 0.6125915  11.33645129  2.01466496  0.70366947  1.78674743 13.29914443]
 [ 1.22073222  2.59521538  2.03395127  1.04469312  5.57596853  0.62611295]
 [ 1.15959282  1.80759287  5.00339856  0.73471351  7.46200895  9.13117841]
 [10.2627582   1.22786506  1.40018508 17.81193029  0.65867793  0.64149905]
 [12.55021651  1.41254258 14.16721563  8.5843027   0.59553975  2.05304139]
 [ 2.49982709  1.78680897  3.62195238  2.35001301  3.91746733  0.7144864 ]
 [ 5.8707127   1.89023121  3.66450292  8.72658987  7.85358524  0.50242516]]
Rv: [[18.82429276  7.91020707  0.80098258  0.83441927  6.41586739]
 [14.42114274  5.72558683  8.29931012  0.95091545 11.48496376]
 [10.41257626  7.66029316  2.72436597  4.37766791 17.26983803]
 [ 0.71014165  9.49609182  0.66398607  0.96096482  3.71100683]
 [ 0.96679631  3.02587916  3.79110091  3.50068481  0.66330056]
 [ 6.31523197  1.61490174 10.12935322  0.75219488 18.1341082 ]
 [ 2.59821084  6.29668064 16.24140877  2.3232867   2.24630507]
 [ 4.81181832  5.97353397  1.81845083  0.59770777  3.68813817]
 [ 4.91379376 18.18807786  0.87094594 15.39673939  1.82552595]]