-------Running parameters--------
T = 0.001
temperature_gradient = 0.0
gap = 0.0
M = 10
N = 5
VR = 0.0
Vmin = 0.0
Vmax = 2.0
vStep = 0.001
vSym = True
repeats = 50
fileName = array_5_15_disorder_c_std_0.9_r_std_9.5_run_3
dist = exp
fullOutput = True
use_graph = False
current_map = True
plot_current_map = False
plot_binary_current_map = False
frame_norm = False
dbg = False
resume = False
sc = False
leaping = False
constQ = False
modifyR = False
double_time = False
double_loop = False
output_folder = bgu_2d_arrays_big_cg
params_path = 
VG_avg = 0.0
VG_std = 0.0
C_avg = 1.0
C_std = 0.9
CG_avg = 50.0
CG_std = 0.0
R_avg = 10.0
R_std = 9.5
custom_rh = ""
custom_rv = ""
custom_ch = ""
custom_cv = ""
RG_avg = 500.0
RG_std = 0.0
n0_avg = 0.0
n0_std = 0.0
Q0_avg = 0.0
Q0_std = 0.0
----Array Parameters-----
Rows: 10
Columns: 5
VG: [[0.]
 [0.]
 [0.]
 [0.]
 [0.]
 [0.]
 [0.]
 [0.]
 [0.]
 [0.]
 [0.]
 [0.]
 [0.]
 [0.]
 [0.]
 [0.]
 [0.]
 [0.]
 [0.]
 [0.]
 [0.]
 [0.]
 [0.]
 [0.]
 [0.]
 [0.]
 [0.]
 [0.]
 [0.]
 [0.]
 [0.]
 [0.]
 [0.]
 [0.]
 [0.]
 [0.]
 [0.]
 [0.]
 [0.]
 [0.]
 [0.]
 [0.]
 [0.]
 [0.]
 [0.]
 [0.]
 [0.]
 [0.]
 [0.]
 [0.]]
CG: [[50.]
 [50.]
 [50.]
 [50.]
 [50.]
 [50.]
 [50.]
 [50.]
 [50.]
 [50.]
 [50.]
 [50.]
 [50.]
 [50.]
 [50.]
 [50.]
 [50.]
 [50.]
 [50.]
 [50.]
 [50.]
 [50.]
 [50.]
 [50.]
 [50.]
 [50.]
 [50.]
 [50.]
 [50.]
 [50.]
 [50.]
 [50.]
 [50.]
 [50.]
 [50.]
 [50.]
 [50.]
 [50.]
 [50.]
 [50.]
 [50.]
 [50.]
 [50.]
 [50.]
 [50.]
 [50.]
 [50.]
 [50.]
 [50.]
 [50.]]
RG: [[500.]
 [500.]
 [500.]
 [500.]
 [500.]
 [500.]
 [500.]
 [500.]
 [500.]
 [500.]
 [500.]
 [500.]
 [500.]
 [500.]
 [500.]
 [500.]
 [500.]
 [500.]
 [500.]
 [500.]
 [500.]
 [500.]
 [500.]
 [500.]
 [500.]
 [500.]
 [500.]
 [500.]
 [500.]
 [500.]
 [500.]
 [500.]
 [500.]
 [500.]
 [500.]
 [500.]
 [500.]
 [500.]
 [500.]
 [500.]
 [500.]
 [500.]
 [500.]
 [500.]
 [500.]
 [500.]
 [500.]
 [500.]
 [500.]
 [500.]]
Ch: [[1.30946437 0.94056686 0.60711471 0.83466802 0.1614065  0.12601329]
 [1.53673991 0.10878838 0.30881627 1.43156899 1.30694458 0.15430279]
 [0.20532601 1.80165249 0.74169963 0.91208225 0.46245841 0.21225996]
 [0.14126922 0.11844349 0.13069101 0.36486987 0.16175644 1.47655089]
 [0.52864179 0.30038118 0.81703221 0.13277777 0.35427296 1.09596327]
 [0.47552873 0.36972404 0.31440553 0.23914496 0.25051316 0.14984207]
 [0.19443713 0.38500107 0.20800302 0.18875839 0.15948277 0.81979751]
 [0.99100122 0.52017582 0.15515435 0.32783552 0.61603103 1.85343996]
 [0.10132573 0.45176608 0.17775734 0.22012863 1.49532744 0.92875581]
 [0.44887227 1.57216469 0.53473892 0.16606517 0.11323684 0.18535244]]
Cv: [[0.         0.         0.         0.         0.        ]
 [0.39986729 0.4367891  1.50306136 0.14990206 0.48327975]
 [0.17429285 0.33356013 1.61205176 0.27768893 0.50490989]
 [0.11796411 0.10785114 0.2036036  1.5168827  0.11194365]
 [0.12139901 0.23451029 0.1750095  0.24230282 1.10162937]
 [1.31115613 0.55717939 1.81486856 0.24784167 0.16234949]
 [0.6957968  0.66029303 0.97897889 1.29066923 0.13863596]
 [0.17458817 0.20480573 0.55995407 0.98135643 0.67466187]
 [1.21092856 0.39664538 0.21073368 0.10414299 1.03611125]
 [0.62334097 0.10757453 1.21396776 1.88338805 0.12859914]]
Rh: [[ 3.87598846  7.31527042  1.61272197  0.57350001 12.60796856  2.07224654]
 [15.89158801  4.40585277  6.98659627  6.01549568 15.88031394  5.59879078]
 [ 2.41466478  6.63491101  0.60942487  6.4084177   0.55960324  1.05485273]
 [ 5.54066649  2.7019784   4.49870848  5.09492576  3.15473909  8.70840544]
 [ 1.04411842  3.14248943  2.65116447  0.58071327  4.95652186  0.54732929]
 [10.54178073  0.67311408  1.27220871  1.46738387  1.51503452  3.17236221]
 [ 0.55151758  8.26704734  1.44978734  1.69896115  0.62490973  9.17055726]
 [18.33537708  2.93202516 17.96936444  0.55201752  1.82107748  0.55959126]
 [ 0.58208843 12.9396793   5.00684988 13.32168648  4.32104387  1.19464599]
 [ 0.62467596 10.16017397  4.09735868  1.37180962  1.5488061  17.74018245]]
Rv: [[ 0.86649421 18.06340654  6.10746769  0.55844119  0.76978932]
 [17.04991978  4.11346009  0.58080183  3.0784448   1.81842968]
 [ 0.80052185  8.92533922 10.09981605  3.36832226  1.33490841]
 [ 0.63457665  3.73810068  0.77245251  5.23399186  8.84154796]
 [14.32352151  3.69984852  3.60561578  3.87567859  1.53537273]
 [ 1.37143331  0.52410267  6.75674922  2.55043908  1.6233912 ]
 [15.64479014  2.72742962  1.95009872  2.09852452  1.91328912]
 [ 0.71363574  1.03946276  1.21372779 12.17563403  0.99386217]
 [12.25772305 10.40085459  7.28286012 15.38336156 13.09143504]]