-------Running parameters--------
T = 0.001
temperature_gradient = 0.0
gap = 0.0
M = 10
N = 5
VR = 0.0
Vmin = 0.0
Vmax = 2.0
vStep = 0.001
vSym = True
repeats = 50
fileName = array_5_15_disorder_c_std_0.9_r_std_9.5_run_4
dist = exp
fullOutput = True
use_graph = False
current_map = True
plot_current_map = False
plot_binary_current_map = False
frame_norm = False
dbg = False
resume = False
sc = False
leaping = False
constQ = False
modifyR = False
double_time = False
double_loop = False
output_folder = bgu_2d_arrays_big_cg
params_path = 
VG_avg = 0.0
VG_std = 0.0
C_avg = 1.0
C_std = 0.9
CG_avg = 50.0
CG_std = 0.0
R_avg = 10.0
R_std = 9.5
custom_rh = ""
custom_rv = ""
custom_ch = ""
custom_cv = ""
RG_avg = 500.0
RG_std = 0.0
n0_avg = 0.0
n0_std = 0.0
Q0_avg = 0.0
Q0_std = 0.0
----Array Parameters-----
Rows: 10
Columns: 5
VG: [[0.]
 [0.]
 [0.]
 [0.]
 [0.]
 [0.]
 [0.]
 [0.]
 [0.]
 [0.]
 [0.]
 [0.]
 [0.]
 [0.]
 [0.]
 [0.]
 [0.]
 [0.]
 [0.]
 [0.]
 [0.]
 [0.]
 [0.]
 [0.]
 [0.]
 [0.]
 [0.]
 [0.]
 [0.]
 [0.]
 [0.]
 [0.]
 [0.]
 [0.]
 [0.]
 [0.]
 [0.]
 [0.]
 [0.]
 [0.]
 [0.]
 [0.]
 [0.]
 [0.]
 [0.]
 [0.]
 [0.]
 [0.]
 [0.]
 [0.]]
CG: [[50.]
 [50.]
 [50.]
 [50.]
 [50.]
 [50.]
 [50.]
 [50.]
 [50.]
 [50.]
 [50.]
 [50.]
 [50.]
 [50.]
 [50.]
 [50.]
 [50.]
 [50.]
 [50.]
 [50.]
 [50.]
 [50.]
 [50.]
 [50.]
 [50.]
 [50.]
 [50.]
 [50.]
 [50.]
 [50.]
 [50.]
 [50.]
 [50.]
 [50.]
 [50.]
 [50.]
 [50.]
 [50.]
 [50.]
 [50.]
 [50.]
 [50.]
 [50.]
 [50.]
 [50.]
 [50.]
 [50.]
 [50.]
 [50.]
 [50.]]
RG: [[500.]
 [500.]
 [500.]
 [500.]
 [500.]
 [500.]
 [500.]
 [500.]
 [500.]
 [500.]
 [500.]
 [500.]
 [500.]
 [500.]
 [500.]
 [500.]
 [500.]
 [500.]
 [500.]
 [500.]
 [500.]
 [500.]
 [500.]
 [500.]
 [500.]
 [500.]
 [500.]
 [500.]
 [500.]
 [500.]
 [500.]
 [500.]
 [500.]
 [500.]
 [500.]
 [500.]
 [500.]
 [500.]
 [500.]
 [500.]
 [500.]
 [500.]
 [500.]
 [500.]
 [500.]
 [500.]
 [500.]
 [500.]
 [500.]
 [500.]]
Ch: [[0.69649929 1.02635405 0.14739671 0.24002863 0.70794904 0.3207333 ]
 [0.69448045 1.06712272 0.34090973 0.12920128 0.38167287 1.73343243]
 [0.21237602 1.75893004 0.1028513  0.38908505 1.29249226 0.59735183]
 [0.81277888 0.28784522 0.33576967 0.21989426 0.71662563 0.90187255]
 [0.17748657 1.63300081 0.73763427 0.60350876 0.44766577 0.22237734]
 [0.54117066 0.27065148 0.16009901 0.15469058 1.57492147 0.69559883]
 [1.19345411 0.24281709 0.57848554 0.56179122 1.70149725 0.31537109]
 [0.59300857 0.56975286 0.35511364 0.16951761 0.23995489 0.10540228]
 [1.650837   0.519051   1.16509603 0.45220308 1.35672336 0.15116989]
 [0.98737118 0.3648227  0.45957825 0.96088257 0.42154677 0.76679711]]
Cv: [[0.         0.         0.         0.         0.        ]
 [1.21559668 1.79997145 0.13107092 1.33025392 0.2198773 ]
 [0.11679051 1.00677588 1.4324385  0.5114038  0.30978909]
 [1.84537648 0.67722699 1.84683597 0.18515159 1.0696504 ]
 [0.67080409 0.99414561 0.10712024 0.15423611 0.10770261]
 [0.15366595 1.52864671 0.30421665 0.14225531 0.39216277]
 [0.26110455 0.4130834  1.31040561 0.15854904 0.74966256]
 [1.137794   0.24092752 0.82771892 0.25243101 0.62028267]
 [0.20193466 0.65116605 0.30185371 0.31820111 0.16057131]
 [1.21925257 0.40926922 0.34862482 0.15794149 1.10539908]]
Rh: [[ 0.57493709  2.66275865  1.59531223  6.81208794  1.80395616  8.31269369]
 [ 1.1615592   1.86484877 11.1888577   7.22383172  5.24521457  0.77475368]
 [ 2.59914834 10.19887097 12.64305897  3.20311385  1.09145328 14.56068488]
 [ 1.28589092  0.56902312  3.34591031  0.81951808 12.543498    9.79173405]
 [ 3.39334594  1.85620673  2.04891827  0.75032519  7.54495775  2.49704584]
 [14.78437499 18.00270461  9.42888423  0.76261674  4.13041614  3.01405041]
 [16.01386969  3.961852    1.29037785  3.53516676  0.65146543  3.46522282]
 [ 3.00916072  0.53485185 11.59721505  3.16491678  9.10120788 14.27391339]
 [ 0.8320809   5.65212517 18.87453441  1.42129438 12.23470136 17.22571012]
 [ 4.44930442  1.92464517  1.77142625  4.3281348  18.31237219  0.92949912]]
Rv: [[ 0.54663036  1.02092086  8.37689326  7.21493539  2.35204841]
 [ 4.42468982  4.69768594  8.73908822  9.7518242   0.63906508]
 [ 0.78576554  1.4947391   0.85906024  0.54965559  3.99756304]
 [ 6.23281729  4.45682578  1.09602971  0.82446407  0.54858356]
 [ 0.54198841  2.20699231  4.25875178 19.31019492 18.75878022]
 [ 5.46128505 15.86933257  3.02634347  1.67724863  8.12157869]
 [ 2.1846691  19.41145307  1.04638281  1.03399568  9.74728385]
 [16.54385471 10.62763828  0.59251702  4.40948192  5.36230421]
 [ 0.82484545 18.53930469  0.67509379 11.9128281   3.14618111]]