-------Running parameters--------
T = 0.001
temperature_gradient = 0.0
gap = 0.0
M = 10
N = 5
VR = 0.0
Vmin = 0.0
Vmax = 2.0
vStep = 0.001
vSym = True
repeats = 50
fileName = array_5_15_disorder_c_std_0_r_std_9.5_run_3
dist = exp
fullOutput = True
use_graph = False
current_map = True
plot_current_map = False
plot_binary_current_map = False
frame_norm = False
dbg = False
resume = False
sc = False
leaping = False
constQ = False
modifyR = False
double_time = False
double_loop = False
output_folder = bgu_2d_arrays_big_cg
params_path = 
VG_avg = 0.0
VG_std = 0.0
C_avg = 1.0
C_std = 0.0
CG_avg = 50.0
CG_std = 0.0
R_avg = 10.0
R_std = 9.5
custom_rh = ""
custom_rv = ""
custom_ch = ""
custom_cv = ""
RG_avg = 500.0
RG_std = 0.0
n0_avg = 0.0
n0_std = 0.0
Q0_avg = 0.0
Q0_std = 0.0
----Array Parameters-----
Rows: 10
Columns: 5
VG: [[0.]
 [0.]
 [0.]
 [0.]
 [0.]
 [0.]
 [0.]
 [0.]
 [0.]
 [0.]
 [0.]
 [0.]
 [0.]
 [0.]
 [0.]
 [0.]
 [0.]
 [0.]
 [0.]
 [0.]
 [0.]
 [0.]
 [0.]
 [0.]
 [0.]
 [0.]
 [0.]
 [0.]
 [0.]
 [0.]
 [0.]
 [0.]
 [0.]
 [0.]
 [0.]
 [0.]
 [0.]
 [0.]
 [0.]
 [0.]
 [0.]
 [0.]
 [0.]
 [0.]
 [0.]
 [0.]
 [0.]
 [0.]
 [0.]
 [0.]]
CG: [[50.]
 [50.]
 [50.]
 [50.]
 [50.]
 [50.]
 [50.]
 [50.]
 [50.]
 [50.]
 [50.]
 [50.]
 [50.]
 [50.]
 [50.]
 [50.]
 [50.]
 [50.]
 [50.]
 [50.]
 [50.]
 [50.]
 [50.]
 [50.]
 [50.]
 [50.]
 [50.]
 [50.]
 [50.]
 [50.]
 [50.]
 [50.]
 [50.]
 [50.]
 [50.]
 [50.]
 [50.]
 [50.]
 [50.]
 [50.]
 [50.]
 [50.]
 [50.]
 [50.]
 [50.]
 [50.]
 [50.]
 [50.]
 [50.]
 [50.]]
RG: [[500.]
 [500.]
 [500.]
 [500.]
 [500.]
 [500.]
 [500.]
 [500.]
 [500.]
 [500.]
 [500.]
 [500.]
 [500.]
 [500.]
 [500.]
 [500.]
 [500.]
 [500.]
 [500.]
 [500.]
 [500.]
 [500.]
 [500.]
 [500.]
 [500.]
 [500.]
 [500.]
 [500.]
 [500.]
 [500.]
 [500.]
 [500.]
 [500.]
 [500.]
 [500.]
 [500.]
 [500.]
 [500.]
 [500.]
 [500.]
 [500.]
 [500.]
 [500.]
 [500.]
 [500.]
 [500.]
 [500.]
 [500.]
 [500.]
 [500.]]
Ch: [[1. 1. 1. 1. 1. 1.]
 [1. 1. 1. 1. 1. 1.]
 [1. 1. 1. 1. 1. 1.]
 [1. 1. 1. 1. 1. 1.]
 [1. 1. 1. 1. 1. 1.]
 [1. 1. 1. 1. 1. 1.]
 [1. 1. 1. 1. 1. 1.]
 [1. 1. 1. 1. 1. 1.]
 [1. 1. 1. 1. 1. 1.]
 [1. 1. 1. 1. 1. 1.]]
Cv: [[0. 0. 0. 0. 0.]
 [1. 1. 1. 1. 1.]
 [1. 1. 1. 1. 1.]
 [1. 1. 1. 1. 1.]
 [1. 1. 1. 1. 1.]
 [1. 1. 1. 1. 1.]
 [1. 1. 1. 1. 1.]
 [1. 1. 1. 1. 1.]
 [1. 1. 1. 1. 1.]
 [1. 1. 1. 1. 1.]]
Rh: [[ 0.93666055  1.22335237  0.67888158  0.89988584  4.81965263  0.59739032]
 [ 8.53238653  8.84912267  1.93810113  0.75863889 12.75119287 10.0447674 ]
 [ 7.50465655  1.9914697   3.58474316  3.01478701  0.97084665  1.449476  ]
 [ 8.78453705 19.43950038  5.0463435   2.26579161  4.05974533  5.37597967]
 [ 0.50557782  2.69314423  4.39462597  7.96783005  1.68473727  5.78690021]
 [ 0.5280195  12.12028323  1.46902175  2.56298704  6.53227848  3.25665121]
 [ 0.56509586  1.88700735 18.26299641  1.8485121   0.85786417  0.62451197]
 [ 0.72665956  6.79158068  0.91477632  2.28521191  1.18630938 18.76946118]
 [ 3.95656672  1.49917     1.09236919  4.42143195  1.60452181  1.07276616]
 [15.81338098 15.08541271  1.96468756  0.64077972 13.65398021 16.92388886]]
Rv: [[ 1.24230476  4.79608419  2.8957008   3.13322176 11.24190435]
 [ 1.81732798  2.02761141  4.38632144  8.06028664  7.40335922]
 [ 1.86413292  2.74546632 11.29395261  5.93304753 11.86049857]
 [ 9.15439951 17.46677255 13.11252464  9.69623584  1.20230892]
 [ 3.94065498  4.36865762  4.04784259  1.27403649  1.34146736]
 [ 1.9665915   0.95580171  0.78110365 16.75110842  0.63223266]
 [15.97541304  5.1483636   1.62192231  6.18953888  2.25303787]
 [ 0.52459005  0.87871605  0.60118668  1.85859265  9.09643011]
 [ 1.0969798   9.95538213  4.99085931  0.62662363  5.03511941]]