-------Running parameters--------
T = 0.001
temperature_gradient = 0.0
gap = 0.0
M = 10
N = 5
VR = 0.0
Vmin = 0.0
Vmax = 2.0
vStep = 0.001
vSym = True
repeats = 50
fileName = array_5_15_disorder_c_std_0_r_std_9.5_run_4
dist = exp
fullOutput = True
use_graph = False
current_map = True
plot_current_map = False
plot_binary_current_map = False
frame_norm = False
dbg = False
resume = False
sc = False
leaping = False
constQ = False
modifyR = False
double_time = False
double_loop = False
output_folder = bgu_2d_arrays_big_cg
params_path = 
VG_avg = 0.0
VG_std = 0.0
C_avg = 1.0
C_std = 0.0
CG_avg = 50.0
CG_std = 0.0
R_avg = 10.0
R_std = 9.5
custom_rh = ""
custom_rv = ""
custom_ch = ""
custom_cv = ""
RG_avg = 500.0
RG_std = 0.0
n0_avg = 0.0
n0_std = 0.0
Q0_avg = 0.0
Q0_std = 0.0
----Array Parameters-----
Rows: 10
Columns: 5
VG: [[0.]
 [0.]
 [0.]
 [0.]
 [0.]
 [0.]
 [0.]
 [0.]
 [0.]
 [0.]
 [0.]
 [0.]
 [0.]
 [0.]
 [0.]
 [0.]
 [0.]
 [0.]
 [0.]
 [0.]
 [0.]
 [0.]
 [0.]
 [0.]
 [0.]
 [0.]
 [0.]
 [0.]
 [0.]
 [0.]
 [0.]
 [0.]
 [0.]
 [0.]
 [0.]
 [0.]
 [0.]
 [0.]
 [0.]
 [0.]
 [0.]
 [0.]
 [0.]
 [0.]
 [0.]
 [0.]
 [0.]
 [0.]
 [0.]
 [0.]]
CG: [[50.]
 [50.]
 [50.]
 [50.]
 [50.]
 [50.]
 [50.]
 [50.]
 [50.]
 [50.]
 [50.]
 [50.]
 [50.]
 [50.]
 [50.]
 [50.]
 [50.]
 [50.]
 [50.]
 [50.]
 [50.]
 [50.]
 [50.]
 [50.]
 [50.]
 [50.]
 [50.]
 [50.]
 [50.]
 [50.]
 [50.]
 [50.]
 [50.]
 [50.]
 [50.]
 [50.]
 [50.]
 [50.]
 [50.]
 [50.]
 [50.]
 [50.]
 [50.]
 [50.]
 [50.]
 [50.]
 [50.]
 [50.]
 [50.]
 [50.]]
RG: [[500.]
 [500.]
 [500.]
 [500.]
 [500.]
 [500.]
 [500.]
 [500.]
 [500.]
 [500.]
 [500.]
 [500.]
 [500.]
 [500.]
 [500.]
 [500.]
 [500.]
 [500.]
 [500.]
 [500.]
 [500.]
 [500.]
 [500.]
 [500.]
 [500.]
 [500.]
 [500.]
 [500.]
 [500.]
 [500.]
 [500.]
 [500.]
 [500.]
 [500.]
 [500.]
 [500.]
 [500.]
 [500.]
 [500.]
 [500.]
 [500.]
 [500.]
 [500.]
 [500.]
 [500.]
 [500.]
 [500.]
 [500.]
 [500.]
 [500.]]
Ch: [[1. 1. 1. 1. 1. 1.]
 [1. 1. 1. 1. 1. 1.]
 [1. 1. 1. 1. 1. 1.]
 [1. 1. 1. 1. 1. 1.]
 [1. 1. 1. 1. 1. 1.]
 [1. 1. 1. 1. 1. 1.]
 [1. 1. 1. 1. 1. 1.]
 [1. 1. 1. 1. 1. 1.]
 [1. 1. 1. 1. 1. 1.]
 [1. 1. 1. 1. 1. 1.]]
Cv: [[0. 0. 0. 0. 0.]
 [1. 1. 1. 1. 1.]
 [1. 1. 1. 1. 1.]
 [1. 1. 1. 1. 1.]
 [1. 1. 1. 1. 1.]
 [1. 1. 1. 1. 1.]
 [1. 1. 1. 1. 1.]
 [1. 1. 1. 1. 1.]
 [1. 1. 1. 1. 1.]
 [1. 1. 1. 1. 1.]]
Rh: [[10.0867593   1.04959623 16.48417175  6.08287048  2.87493584  3.83592437]
 [ 7.03778057  4.12770968  3.23468223  5.51704937  1.51464817  1.01701261]
 [ 8.18699127  7.49822753  0.51554244  3.64894993  6.35849505  1.86115906]
 [ 2.79778376  1.99478156  1.94338183  0.96109351  0.61347222 11.92484186]
 [ 4.91054421  1.26838336 15.47234979  0.63820785  3.94302293  6.13675466]
 [ 0.65387247  1.71800834 14.21424374  2.02899296 10.58771872  2.45503636]
 [ 6.86666587  1.19338542  1.16795237 13.38830693  1.24259731  6.13665928]
 [ 0.67909942  2.41538793  6.54614271  7.87496186  2.07315818  1.73352874]
 [ 0.92803714  7.73430544 11.15673677  0.71183856  9.70043765  1.26476103]
 [ 1.19018593 16.56506898  1.06594109  2.45036165  0.59558564  1.31792095]]
Rv: [[ 0.590959    0.527371    1.13971894  0.80846282  2.29123026]
 [ 5.86219285  3.94606864  1.60348099  0.67709291  3.90985939]
 [ 8.39707398  0.5344055   3.90874421  0.98611721  2.27180273]
 [ 9.76495747  0.73012556  0.66485897  4.93543972  3.61576215]
 [ 7.93902925  6.97627328  1.44245008 13.67034627  0.73297859]
 [ 2.12835831  3.62479362  5.35426046  7.32643054  3.45346977]
 [ 0.64791979  0.68513378  5.59314553  4.06226479 10.89416108]
 [ 4.95107548  0.91245059  6.23398862  6.9988825   9.34546796]
 [ 5.35796736  1.4625192  12.99697043  2.0920508   2.79328084]]