-------Running parameters--------
T = 0.001
temperature_gradient = 0.0
gap = 0.0
M = 10
N = 5
VR = 0.0
Vmin = 0.0
Vmax = 2.0
vStep = 0.001
vSym = True
repeats = 50
fileName = array_5_15_disorder_c_std_0.9_r_std_9.5_run_1
dist = exp
fullOutput = True
use_graph = False
current_map = True
plot_current_map = False
plot_binary_current_map = False
frame_norm = False
dbg = False
resume = False
sc = False
leaping = False
constQ = False
modifyR = False
double_time = False
double_loop = False
output_folder = bgu_2d_arrays_big_cg
params_path = 
VG_avg = 0.0
VG_std = 0.0
C_avg = 1.0
C_std = 0.9
CG_avg = 50.0
CG_std = 0.0
R_avg = 10.0
R_std = 9.5
custom_rh = ""
custom_rv = ""
custom_ch = ""
custom_cv = ""
RG_avg = 500.0
RG_std = 0.0
n0_avg = 0.0
n0_std = 0.0
Q0_avg = 0.0
Q0_std = 0.0
----Array Parameters-----
Rows: 10
Columns: 5
VG: [[0.]
 [0.]
 [0.]
 [0.]
 [0.]
 [0.]
 [0.]
 [0.]
 [0.]
 [0.]
 [0.]
 [0.]
 [0.]
 [0.]
 [0.]
 [0.]
 [0.]
 [0.]
 [0.]
 [0.]
 [0.]
 [0.]
 [0.]
 [0.]
 [0.]
 [0.]
 [0.]
 [0.]
 [0.]
 [0.]
 [0.]
 [0.]
 [0.]
 [0.]
 [0.]
 [0.]
 [0.]
 [0.]
 [0.]
 [0.]
 [0.]
 [0.]
 [0.]
 [0.]
 [0.]
 [0.]
 [0.]
 [0.]
 [0.]
 [0.]]
CG: [[50.]
 [50.]
 [50.]
 [50.]
 [50.]
 [50.]
 [50.]
 [50.]
 [50.]
 [50.]
 [50.]
 [50.]
 [50.]
 [50.]
 [50.]
 [50.]
 [50.]
 [50.]
 [50.]
 [50.]
 [50.]
 [50.]
 [50.]
 [50.]
 [50.]
 [50.]
 [50.]
 [50.]
 [50.]
 [50.]
 [50.]
 [50.]
 [50.]
 [50.]
 [50.]
 [50.]
 [50.]
 [50.]
 [50.]
 [50.]
 [50.]
 [50.]
 [50.]
 [50.]
 [50.]
 [50.]
 [50.]
 [50.]
 [50.]
 [50.]]
RG: [[500.]
 [500.]
 [500.]
 [500.]
 [500.]
 [500.]
 [500.]
 [500.]
 [500.]
 [500.]
 [500.]
 [500.]
 [500.]
 [500.]
 [500.]
 [500.]
 [500.]
 [500.]
 [500.]
 [500.]
 [500.]
 [500.]
 [500.]
 [500.]
 [500.]
 [500.]
 [500.]
 [500.]
 [500.]
 [500.]
 [500.]
 [500.]
 [500.]
 [500.]
 [500.]
 [500.]
 [500.]
 [500.]
 [500.]
 [500.]
 [500.]
 [500.]
 [500.]
 [500.]
 [500.]
 [500.]
 [500.]
 [500.]
 [500.]
 [500.]]
Ch: [[0.57085571 1.05717537 0.7402662  1.69380642 0.34547061 0.15282507]
 [1.32667749 0.22404208 0.20189932 0.37751016 0.22811867 0.21240114]
 [0.50806444 0.83392206 0.91600685 0.66725142 0.61164019 0.42576144]
 [1.40954963 0.45459221 0.8345952  0.53654711 0.20765264 0.46372906]
 [0.64092336 0.77638262 0.32969236 0.18322685 0.22881549 1.09710178]
 [0.3104401  0.10619435 0.13241166 1.07648024 0.18145496 0.20581428]
 [1.20105253 1.83761528 0.55377811 0.60712528 0.23264489 0.43449717]
 [0.2433359  1.2042893  0.63645795 0.1982168  0.10274543 0.98435808]
 [0.82270091 0.54535706 0.188165   1.5915872  1.34252709 0.14647325]
 [0.16724133 0.10515264 0.58514044 0.10953524 0.37630114 1.24892866]]
Cv: [[0.         0.         0.         0.         0.        ]
 [0.20017742 0.33115111 0.22640059 0.1475326  0.61647557]
 [0.10114519 0.73251094 0.37959093 1.46908339 0.8744195 ]
 [0.58857902 0.25392212 0.1993308  0.28839208 0.47882753]
 [0.66481626 0.82873486 0.37084821 0.10624724 0.96133525]
 [1.02296039 0.11638963 0.4228242  0.27085433 1.38579335]
 [0.2014718  0.24146922 0.12313012 1.23966794 0.22296382]
 [0.1686477  1.55057841 0.20783508 0.33381719 1.23148414]
 [0.70963597 0.1211163  1.28974009 0.66817222 0.68332386]
 [1.02928291 1.51826386 1.12909038 0.47573753 1.08381259]]
Rh: [[12.4017966   2.37682985  0.71348193  1.94493224  8.84383744  5.92463351]
 [13.8505333   5.07704779 17.47832039  7.87478159  3.35758902  7.95900059]
 [13.52693131  0.8998221   2.24127993  8.62125802  1.09822367  3.11813191]
 [17.91193743  0.78068269  6.22304792  0.58331584  0.63241315  1.20269304]
 [ 5.60841815  0.67788862  0.80775524  1.03970425  1.85440654  3.32255383]
 [ 1.79810176  1.38623047  1.56383725 15.80839394  0.56520525 18.05818288]
 [ 7.07740078  3.14919328  1.46069443  6.91147603  4.0997315   1.79561274]
 [18.87526171 14.50043979  0.5534932   2.39405217  0.54295616  6.72373581]
 [ 1.91398789  0.9448734   0.56393405  6.38090275 12.16866901  1.80116183]
 [ 1.32751295  1.36038484  7.0272974   1.90459916  2.25900401  6.33123709]]
Rv: [[ 1.74796431  1.15548508 14.90802574  3.86032955  1.39761659]
 [11.45893638  6.37043501  0.77110068 14.55166022 10.81639728]
 [ 0.95037702  5.28563749  0.69983186  0.79491892  1.88141774]
 [ 0.52741716  1.84085392  2.50225979 12.52117112  7.87223279]
 [ 0.87372076  2.90464106  1.63478294  5.30609419  0.53276427]
 [ 8.1187043   3.13427907  0.64258198  4.41212758  0.74805243]
 [ 2.97211854  2.72582761  1.91362036 16.16039739  0.56148032]
 [ 1.78226086  2.19712735  0.60223272  0.80741673  1.4636075 ]
 [16.00138238 14.65240978  4.63398316  0.51394907  0.61177603]]