-------Running parameters--------
T = 0.001
temperature_gradient = 0.0
gap = 0.0
M = 10
N = 10
VR = 0.0
Vmin = 0.0
Vmax = 1.1
vStep = 0.001
vSym = True
repeats = 50
fileName = array_10_10_disorder_c_std_0.1_r_std_9.5_run_8
dist = exp
fullOutput = False
use_graph = False
current_map = False
plot_current_map = False
plot_binary_current_map = False
frame_norm = False
dbg = False
resume = False
sc = False
leaping = False
constQ = False
modifyR = False
double_time = False
double_loop = False
calcIT = False
output_folder = increase_disorder_by_multiplication_correction
params_path = increase_disorder_by_multiplication/runningParameters_array_10_10_disorder_c_std_0.1_r_std_9_run_8.txt
VG_avg = 0.0
VG_std = 0.0
C_avg = 2.0
C_std = 0.1
CG_avg = 10.0
CG_std = 0.0
R_avg = 10.0
R_std = 9.0
custom_rh = ""
custom_rv = ""
custom_ch = 
custom_cv = ""
RG_avg = 500.0
RG_std = 0.0
n0_avg = 0.0
n0_std = 0.0
Q0_avg = 0.0
Q0_std = 0.0
----Array Parameters-----
Rows: 10
Columns: 10
VG: [[0.]
 [0.]
 [0.]
 [0.]
 [0.]
 [0.]
 [0.]
 [0.]
 [0.]
 [0.]
 [0.]
 [0.]
 [0.]
 [0.]
 [0.]
 [0.]
 [0.]
 [0.]
 [0.]
 [0.]
 [0.]
 [0.]
 [0.]
 [0.]
 [0.]
 [0.]
 [0.]
 [0.]
 [0.]
 [0.]
 [0.]
 [0.]
 [0.]
 [0.]
 [0.]
 [0.]
 [0.]
 [0.]
 [0.]
 [0.]
 [0.]
 [0.]
 [0.]
 [0.]
 [0.]
 [0.]
 [0.]
 [0.]
 [0.]
 [0.]
 [0.]
 [0.]
 [0.]
 [0.]
 [0.]
 [0.]
 [0.]
 [0.]
 [0.]
 [0.]
 [0.]
 [0.]
 [0.]
 [0.]
 [0.]
 [0.]
 [0.]
 [0.]
 [0.]
 [0.]
 [0.]
 [0.]
 [0.]
 [0.]
 [0.]
 [0.]
 [0.]
 [0.]
 [0.]
 [0.]
 [0.]
 [0.]
 [0.]
 [0.]
 [0.]
 [0.]
 [0.]
 [0.]
 [0.]
 [0.]
 [0.]
 [0.]
 [0.]
 [0.]
 [0.]
 [0.]
 [0.]
 [0.]
 [0.]
 [0.]]
CG: [[10.]
 [10.]
 [10.]
 [10.]
 [10.]
 [10.]
 [10.]
 [10.]
 [10.]
 [10.]
 [10.]
 [10.]
 [10.]
 [10.]
 [10.]
 [10.]
 [10.]
 [10.]
 [10.]
 [10.]
 [10.]
 [10.]
 [10.]
 [10.]
 [10.]
 [10.]
 [10.]
 [10.]
 [10.]
 [10.]
 [10.]
 [10.]
 [10.]
 [10.]
 [10.]
 [10.]
 [10.]
 [10.]
 [10.]
 [10.]
 [10.]
 [10.]
 [10.]
 [10.]
 [10.]
 [10.]
 [10.]
 [10.]
 [10.]
 [10.]
 [10.]
 [10.]
 [10.]
 [10.]
 [10.]
 [10.]
 [10.]
 [10.]
 [10.]
 [10.]
 [10.]
 [10.]
 [10.]
 [10.]
 [10.]
 [10.]
 [10.]
 [10.]
 [10.]
 [10.]
 [10.]
 [10.]
 [10.]
 [10.]
 [10.]
 [10.]
 [10.]
 [10.]
 [10.]
 [10.]
 [10.]
 [10.]
 [10.]
 [10.]
 [10.]
 [10.]
 [10.]
 [10.]
 [10.]
 [10.]
 [10.]
 [10.]
 [10.]
 [10.]
 [10.]
 [10.]
 [10.]
 [10.]
 [10.]
 [10.]]
RG: [[500.]
 [500.]
 [500.]
 [500.]
 [500.]
 [500.]
 [500.]
 [500.]
 [500.]
 [500.]
 [500.]
 [500.]
 [500.]
 [500.]
 [500.]
 [500.]
 [500.]
 [500.]
 [500.]
 [500.]
 [500.]
 [500.]
 [500.]
 [500.]
 [500.]
 [500.]
 [500.]
 [500.]
 [500.]
 [500.]
 [500.]
 [500.]
 [500.]
 [500.]
 [500.]
 [500.]
 [500.]
 [500.]
 [500.]
 [500.]
 [500.]
 [500.]
 [500.]
 [500.]
 [500.]
 [500.]
 [500.]
 [500.]
 [500.]
 [500.]
 [500.]
 [500.]
 [500.]
 [500.]
 [500.]
 [500.]
 [500.]
 [500.]
 [500.]
 [500.]
 [500.]
 [500.]
 [500.]
 [500.]
 [500.]
 [500.]
 [500.]
 [500.]
 [500.]
 [500.]
 [500.]
 [500.]
 [500.]
 [500.]
 [500.]
 [500.]
 [500.]
 [500.]
 [500.]
 [500.]
 [500.]
 [500.]
 [500.]
 [500.]
 [500.]
 [500.]
 [500.]
 [500.]
 [500.]
 [500.]
 [500.]
 [500.]
 [500.]
 [500.]
 [500.]
 [500.]
 [500.]
 [500.]
 [500.]
 [500.]]
Ch: [[2.06193295 1.94445332 2.05959593 2.03885547 1.91782639 2.06774625
  2.07551147 1.95892246 2.02220158 1.94014243 1.90820192]
 [2.0333775  2.08105058 1.95730454 1.98314846 2.03870024 2.0637598
  1.97789872 1.9681585  1.94487049 1.99985973 1.97599202]
 [1.90156908 2.02724458 1.93842903 2.00091628 2.04323452 2.07189778
  2.09050135 1.93299127 1.92181379 2.04536026 2.03023802]
 [2.0495514  2.02453246 2.01934026 1.908533   2.03873538 2.00298938
  2.01464814 1.94431379 1.94313495 2.07458256 1.98586087]
 [1.9793172  1.94068926 2.07821563 2.00212352 2.023129   2.08069558
  2.00148689 2.09950534 1.96739466 2.00238707 1.94014516]
 [1.94059172 2.07969479 2.00577612 2.00755352 2.06082671 1.94504349
  1.94233954 2.01308869 2.08546066 2.0539602  2.01914611]
 [2.0493585  1.98464893 2.007202   1.99362011 2.09948453 1.90026423
  1.99277174 1.99172809 2.03617561 1.95281693 1.99729028]
 [1.91134159 2.00108259 2.00483732 1.93921479 1.99767786 2.02838788
  1.93467878 1.90586743 2.07011938 1.91391268 1.91152464]
 [1.98839916 2.0064883  1.90701024 2.01865713 1.9920847  1.96919447
  2.0714026  2.09041073 2.09026117 1.98643104 2.01295257]
 [2.0328163  1.97039217 2.00168307 1.99073578 1.92448847 1.96948983
  2.01192317 2.0721817  1.93927332 1.97628741 2.00411693]]
Cv: [[0.         0.         0.         0.         0.         0.
  0.         0.         0.         0.        ]
 [1.92071247 1.99649879 2.0360855  1.92640592 2.02719033 2.01147749
  1.95055369 2.0032652  1.95522528 1.95768967]
 [2.08116712 1.96574647 2.01723342 1.94408774 1.98608118 2.01989771
  1.96193321 1.9049167  2.05246889 2.01283802]
 [1.97267079 2.04918138 1.95620903 1.9246427  1.91706479 1.99201331
  1.96362876 2.06909009 1.92131142 2.0142493 ]
 [1.99892194 2.0645291  1.99994618 2.00351658 2.04007008 2.01537809
  1.97163747 1.91278245 1.96322734 1.91400758]
 [1.96471766 2.04015625 1.90195948 1.91460536 2.0598621  1.91318528
  2.09934291 2.06009558 2.07386074 2.0557913 ]
 [1.98144545 2.01018011 1.95699077 2.04778327 2.09269494 1.92135975
  1.95386112 2.08775485 2.05677454 2.07291837]
 [1.95648064 1.95962473 1.99317337 1.92517401 1.91642196 2.07085136
  1.90485831 1.96349051 1.91149577 1.93620319]
 [2.07083975 1.98107415 2.07040861 2.09952708 2.07427223 2.05304925
  1.90391614 1.93402869 1.99041347 1.94512785]
 [1.99980618 2.05643186 2.08558857 2.08133939 2.06738846 1.99400486
  1.9149129  2.0437671  2.06259711 1.95971775]]
Rh: [[11.84684391 10.64312933  3.28894651  1.10506265  0.9618167   0.65778212
   6.92376934 10.64804167  3.37568629  0.98641539  5.82064331]
 [ 1.13390721  1.9934092   3.17208836 10.64404793  4.1490608   5.08760807
   5.43196863  2.31402114 13.24263176 16.0439541   1.08938699]
 [ 3.05467571  1.3319928   1.36143523  4.36737183  2.78751106  1.4201829
   5.18659407  0.51193547  3.01066409  2.88666863  1.03155368]
 [ 4.87110367 14.59693707  8.38665269  1.25318828  3.23409208  9.60517508
   2.85190568  3.26305573  0.85278242  3.42746847  6.7475128 ]
 [ 1.39060035  1.11769264  3.93437264  1.90801885  5.09388611  5.09660045
  11.34871988  4.03831791 10.82240175  3.13610007 14.12488402]
 [ 5.56161668  6.06487546 11.49940643  1.60303816  4.12125461  2.78820885
  11.58925484  9.88464525  0.70121298  2.73418576  2.2251265 ]
 [ 7.0703327  13.46104061 11.20736225  7.81624969  0.65042566 13.21245219
   7.1585054   1.31008992 12.80213299  6.42634503  9.81405371]
 [ 2.7811042  12.06175062  0.72815582  8.10868515  9.07795455 11.08158558
   2.3096904  16.20930281 19.47001504  3.10273446  0.67563602]
 [ 6.40911459  5.9744979  17.50955757 13.40187904  1.51028531  0.6121844
   1.17394705  0.56265038 14.57110018 10.33026718  6.07138256]
 [ 3.31583474  1.66651093 18.46349672  6.27133385  5.57494751  2.78473498
  16.58932601 12.48681527 11.33513083  3.09942854  1.98967047]]
Rv: [[ 0.52962167  3.13206678  1.61388189  1.84125332  6.89693451  1.75660373
   0.72252786  0.84500025  1.05624072 16.06996998]
 [ 2.44897591 18.6572605   0.69703687  4.03609684 12.68748254  0.67023446
   0.91400086  0.96309837  3.82296598  8.67849605]
 [ 5.17138507  1.89354409  0.62316805 11.32376231  3.32935427  1.89238044
  17.43126878  0.68875851  6.08568654  0.81446455]
 [ 1.15152683  0.78863215  1.60954371  3.53713578  3.24843496  0.70331809
   1.63003195  6.2602943   3.79039986  1.04918895]
 [ 3.38099619  6.06090683  2.32281787  9.63594306 10.35922848  8.14319651
   2.0824834   9.99541109 12.25296408  4.65092351]
 [11.73350034 13.96993714  5.54980272  3.99983765 18.1796067   7.94035148
   5.84376053  1.62063386  0.75455986 12.29408947]
 [18.59816448  1.37117056 10.21523117  1.07982311  4.14928847  5.97157688
   5.52676842 11.65356965  5.18113357  0.55876285]
 [ 4.45144072  3.16593906 10.7058619   2.76245622  2.17779268  4.45288042
  10.27206517  8.02458013  3.92779664  1.02148466]
 [ 4.89820431  1.85298027  4.43247012 14.902959   11.83595788  6.00121382
   0.84349326  5.44406237  6.18555936  2.90391513]]