-------Running parameters--------
T = 0.001
temperature_gradient = 0.0
gap = 0.0
M = 10
N = 10
VR = 0.0
Vmin = 0.0
Vmax = 1.1
vStep = 0.001
vSym = True
repeats = 50
fileName = array_10_10_disorder_c_std_0.1_r_std_9.5_run_10
dist = exp
fullOutput = False
use_graph = False
current_map = False
plot_current_map = False
plot_binary_current_map = False
frame_norm = False
dbg = False
resume = False
sc = False
leaping = False
constQ = False
modifyR = False
double_time = False
double_loop = False
calcIT = False
output_folder = increase_disorder_by_multiplication_correction
params_path = increase_disorder_by_multiplication/runningParameters_array_10_10_disorder_c_std_0.1_r_std_9_run_10.txt
VG_avg = 0.0
VG_std = 0.0
C_avg = 2.0
C_std = 0.1
CG_avg = 10.0
CG_std = 0.0
R_avg = 10.0
R_std = 9.0
custom_rh = ""
custom_rv = ""
custom_ch = 
custom_cv = ""
RG_avg = 500.0
RG_std = 0.0
n0_avg = 0.0
n0_std = 0.0
Q0_avg = 0.0
Q0_std = 0.0
----Array Parameters-----
Rows: 10
Columns: 10
VG: [[0.]
 [0.]
 [0.]
 [0.]
 [0.]
 [0.]
 [0.]
 [0.]
 [0.]
 [0.]
 [0.]
 [0.]
 [0.]
 [0.]
 [0.]
 [0.]
 [0.]
 [0.]
 [0.]
 [0.]
 [0.]
 [0.]
 [0.]
 [0.]
 [0.]
 [0.]
 [0.]
 [0.]
 [0.]
 [0.]
 [0.]
 [0.]
 [0.]
 [0.]
 [0.]
 [0.]
 [0.]
 [0.]
 [0.]
 [0.]
 [0.]
 [0.]
 [0.]
 [0.]
 [0.]
 [0.]
 [0.]
 [0.]
 [0.]
 [0.]
 [0.]
 [0.]
 [0.]
 [0.]
 [0.]
 [0.]
 [0.]
 [0.]
 [0.]
 [0.]
 [0.]
 [0.]
 [0.]
 [0.]
 [0.]
 [0.]
 [0.]
 [0.]
 [0.]
 [0.]
 [0.]
 [0.]
 [0.]
 [0.]
 [0.]
 [0.]
 [0.]
 [0.]
 [0.]
 [0.]
 [0.]
 [0.]
 [0.]
 [0.]
 [0.]
 [0.]
 [0.]
 [0.]
 [0.]
 [0.]
 [0.]
 [0.]
 [0.]
 [0.]
 [0.]
 [0.]
 [0.]
 [0.]
 [0.]
 [0.]]
CG: [[10.]
 [10.]
 [10.]
 [10.]
 [10.]
 [10.]
 [10.]
 [10.]
 [10.]
 [10.]
 [10.]
 [10.]
 [10.]
 [10.]
 [10.]
 [10.]
 [10.]
 [10.]
 [10.]
 [10.]
 [10.]
 [10.]
 [10.]
 [10.]
 [10.]
 [10.]
 [10.]
 [10.]
 [10.]
 [10.]
 [10.]
 [10.]
 [10.]
 [10.]
 [10.]
 [10.]
 [10.]
 [10.]
 [10.]
 [10.]
 [10.]
 [10.]
 [10.]
 [10.]
 [10.]
 [10.]
 [10.]
 [10.]
 [10.]
 [10.]
 [10.]
 [10.]
 [10.]
 [10.]
 [10.]
 [10.]
 [10.]
 [10.]
 [10.]
 [10.]
 [10.]
 [10.]
 [10.]
 [10.]
 [10.]
 [10.]
 [10.]
 [10.]
 [10.]
 [10.]
 [10.]
 [10.]
 [10.]
 [10.]
 [10.]
 [10.]
 [10.]
 [10.]
 [10.]
 [10.]
 [10.]
 [10.]
 [10.]
 [10.]
 [10.]
 [10.]
 [10.]
 [10.]
 [10.]
 [10.]
 [10.]
 [10.]
 [10.]
 [10.]
 [10.]
 [10.]
 [10.]
 [10.]
 [10.]
 [10.]]
RG: [[500.]
 [500.]
 [500.]
 [500.]
 [500.]
 [500.]
 [500.]
 [500.]
 [500.]
 [500.]
 [500.]
 [500.]
 [500.]
 [500.]
 [500.]
 [500.]
 [500.]
 [500.]
 [500.]
 [500.]
 [500.]
 [500.]
 [500.]
 [500.]
 [500.]
 [500.]
 [500.]
 [500.]
 [500.]
 [500.]
 [500.]
 [500.]
 [500.]
 [500.]
 [500.]
 [500.]
 [500.]
 [500.]
 [500.]
 [500.]
 [500.]
 [500.]
 [500.]
 [500.]
 [500.]
 [500.]
 [500.]
 [500.]
 [500.]
 [500.]
 [500.]
 [500.]
 [500.]
 [500.]
 [500.]
 [500.]
 [500.]
 [500.]
 [500.]
 [500.]
 [500.]
 [500.]
 [500.]
 [500.]
 [500.]
 [500.]
 [500.]
 [500.]
 [500.]
 [500.]
 [500.]
 [500.]
 [500.]
 [500.]
 [500.]
 [500.]
 [500.]
 [500.]
 [500.]
 [500.]
 [500.]
 [500.]
 [500.]
 [500.]
 [500.]
 [500.]
 [500.]
 [500.]
 [500.]
 [500.]
 [500.]
 [500.]
 [500.]
 [500.]
 [500.]
 [500.]
 [500.]
 [500.]
 [500.]
 [500.]]
Ch: [[1.97800413 2.05815503 1.90268628 1.92459537 1.94351676 2.09344838
  1.90144572 1.95265193 2.09134912 2.07620523 1.97731121]
 [2.06364926 1.93969341 2.07178039 1.99015204 1.98622825 1.93552567
  1.97037421 2.06678535 2.06038182 1.90691084 2.09330098]
 [2.02373589 1.91213044 1.90294254 1.93292923 2.07753437 2.05660903
  1.90867714 1.90484093 2.06373764 1.91792713 1.93079576]
 [1.95942714 2.06775008 2.00484888 1.98687961 1.98512916 2.01844057
  2.03813802 2.03198329 1.91710724 1.93937188 1.91769428]
 [2.02048193 2.0789184  2.06043057 2.02805695 1.96435927 1.9630303
  1.92561779 1.98001404 2.0805043  2.03844292 2.04252382]
 [1.95699426 1.92531432 2.02794374 2.06095471 1.94469064 1.97535092
  1.92919824 2.07579858 2.0503362  2.03349775 2.09031273]
 [1.95762027 2.09398934 1.99217066 1.99723    1.93700287 2.03143531
  2.04281935 2.08384391 2.02535199 1.96988477 2.0767719 ]
 [1.90802791 1.90576759 2.05637351 2.07108143 1.94622305 1.91522307
  2.07046753 2.07075538 2.06305786 1.93719336 1.99396131]
 [1.92846937 1.94345399 1.94105569 2.07742649 2.08753134 1.9511901
  2.03016639 1.93158664 1.94340667 1.9961296  2.00796359]
 [1.91221364 1.91705727 1.93414169 2.05296732 2.05095009 1.92459143
  2.01017008 2.04445835 1.94660406 1.90730904 2.01179681]]
Cv: [[0.         0.         0.         0.         0.         0.
  0.         0.         0.         0.        ]
 [1.93774047 1.94273077 2.06463261 2.01918657 2.09425392 2.07984361
  1.98368804 1.9772463  1.99113917 1.94237069]
 [1.95037261 2.03669102 1.92195394 1.93154473 2.00744966 1.99279578
  1.91871892 1.96592285 1.97363093 2.04706706]
 [2.06822236 2.04212286 2.03422499 2.07212554 1.92727595 2.01667254
  2.05442848 1.97586914 1.93416883 1.96313051]
 [2.00361108 2.07685242 1.96413066 1.9236414  1.95985978 2.06065595
  2.07289652 1.9230392  1.99796087 2.01539305]
 [2.024642   2.07834998 2.06988953 1.90071854 2.06484797 1.95024844
  2.02546326 2.06507681 1.98707191 2.03759145]
 [1.90798187 2.01596683 2.08089671 1.98882196 2.0304942  1.96923245
  2.05199165 1.98825899 1.97946322 1.97879701]
 [1.92122229 2.01948648 1.90073792 1.9350196  1.91807401 1.90914855
  1.98330259 1.97698591 1.98379384 1.96913122]
 [2.05190109 2.06082392 1.95087786 1.91914085 2.05836897 1.94050404
  1.92182529 2.00329781 2.05879667 1.92753463]
 [2.07709509 2.08860363 1.92877074 1.93101272 1.94682997 2.06407577
  1.98374906 1.96465835 1.93169356 2.06658585]]
Rh: [[ 1.31857858  9.52196682  4.04368025  1.04539625  2.05319687  5.58851076
   0.8435921   5.7905292  14.1629583   1.21006765  1.78165747]
 [ 5.88757944 11.58656087 11.61053195  0.51103497  0.64083007 10.59672086
   2.38627941  0.52212803  2.06546422  0.73845555  0.96248549]
 [ 3.47747977  0.78171611  1.42791083 11.52657002  4.00714257 16.48967003
   4.6909853   3.03327506  0.86330117 14.32190829  4.97598757]
 [ 3.08747188  4.79422675 13.89620699  2.18968102  2.955138    3.63841224
   0.64367882  0.55487265  2.66987245  1.69555772  1.81833484]
 [ 1.17044491  3.70901952  1.94622739  0.83340096  1.51488845 11.80861678
  18.65880144  4.61843746 16.21063169 17.98217551  7.39245621]
 [11.81425016  0.64534041  3.49957884  6.37844521 18.34666027 17.4243094
   9.2707204   0.65323606  6.82520089  1.29651018  3.38083965]
 [13.76220812  5.4737435  13.86112492 12.47635158 14.22430744 15.30326906
  16.84629051  6.37999416  1.86675862  8.24074793 10.18306381]
 [ 5.50836897  6.76475447  1.6853125  12.35013352  1.4394649   0.74858137
   4.72337308  9.08587459  8.24577224  5.16316618  4.00745188]
 [11.31469523  8.22141058  9.87375656 15.60893286  8.43867535  4.80750923
   5.13109097  1.35564342 10.67152679 10.48270395  7.84099103]
 [ 3.87951212  1.21412428  6.37392227  0.5545073   2.05835905 13.23122225
   1.84390374  3.08416515 10.67923426  1.86996935  4.18882974]]
Rv: [[ 1.85637957  2.15358635 10.04206961  4.30622853  1.5629543   3.11862492
   1.54517509  0.80109624  1.08432916 13.15437773]
 [ 0.5182302   0.57647261 10.90618004 11.57345539  9.56431244  1.40838889
   1.6671377   0.65397649  1.54804488  3.85048509]
 [ 2.30107548 18.73647077  3.96431158 17.92069814  1.45206936 10.89754405
   9.52414618  2.79768584  0.7775852   1.14756279]
 [ 0.69109283  1.97751101  6.24779659 11.13324121  0.72577375  3.22369864
  10.42588075  0.6315456   8.82078155  1.02872319]
 [ 4.08801833  1.85088073  5.79891775 11.69774378  2.18251095  3.67827217
   0.97750651  2.14815808  7.15628029  5.17772996]
 [ 2.27800735  3.06210069  1.53398645  1.48585603  4.99345224  6.9928297
   3.20681331 11.04208608  6.30249622  6.26992614]
 [ 3.5992335  19.27891025  1.39312856 16.06430263  2.70733167  2.20395686
   2.36826518  9.72368761  1.20153408  7.58349745]
 [10.17613997 14.44643869  4.16035035  1.95392484 11.62064687  8.68462457
   5.2379537   5.07209887  1.75436253  6.87316863]
 [ 7.93787082  5.39871008 16.69178996 16.81991118  1.83365663  1.02130515
  14.97997452  4.87630296  2.00773061  0.69637323]]