-------Running parameters--------
T = 0.001
temperature_gradient = 0.0
gap = 0.0
M = 10
N = 10
VR = 0.0
Vmin = 0.0
Vmax = 1.1
vStep = 0.001
vSym = True
repeats = 50
fileName = array_10_10_disorder_c_std_0.1_r_std_9.5_run_5
dist = exp
fullOutput = False
use_graph = False
current_map = False
plot_current_map = False
plot_binary_current_map = False
frame_norm = False
dbg = False
resume = False
sc = False
leaping = False
constQ = False
modifyR = False
double_time = False
double_loop = False
calcIT = False
output_folder = increase_disorder_by_multiplication_correction
params_path = increase_disorder_by_multiplication/runningParameters_array_10_10_disorder_c_std_0.1_r_std_9_run_5.txt
VG_avg = 0.0
VG_std = 0.0
C_avg = 2.0
C_std = 0.1
CG_avg = 10.0
CG_std = 0.0
R_avg = 10.0
R_std = 9.0
custom_rh = ""
custom_rv = ""
custom_ch = 
custom_cv = ""
RG_avg = 500.0
RG_std = 0.0
n0_avg = 0.0
n0_std = 0.0
Q0_avg = 0.0
Q0_std = 0.0
----Array Parameters-----
Rows: 10
Columns: 10
VG: [[0.]
 [0.]
 [0.]
 [0.]
 [0.]
 [0.]
 [0.]
 [0.]
 [0.]
 [0.]
 [0.]
 [0.]
 [0.]
 [0.]
 [0.]
 [0.]
 [0.]
 [0.]
 [0.]
 [0.]
 [0.]
 [0.]
 [0.]
 [0.]
 [0.]
 [0.]
 [0.]
 [0.]
 [0.]
 [0.]
 [0.]
 [0.]
 [0.]
 [0.]
 [0.]
 [0.]
 [0.]
 [0.]
 [0.]
 [0.]
 [0.]
 [0.]
 [0.]
 [0.]
 [0.]
 [0.]
 [0.]
 [0.]
 [0.]
 [0.]
 [0.]
 [0.]
 [0.]
 [0.]
 [0.]
 [0.]
 [0.]
 [0.]
 [0.]
 [0.]
 [0.]
 [0.]
 [0.]
 [0.]
 [0.]
 [0.]
 [0.]
 [0.]
 [0.]
 [0.]
 [0.]
 [0.]
 [0.]
 [0.]
 [0.]
 [0.]
 [0.]
 [0.]
 [0.]
 [0.]
 [0.]
 [0.]
 [0.]
 [0.]
 [0.]
 [0.]
 [0.]
 [0.]
 [0.]
 [0.]
 [0.]
 [0.]
 [0.]
 [0.]
 [0.]
 [0.]
 [0.]
 [0.]
 [0.]
 [0.]]
CG: [[10.]
 [10.]
 [10.]
 [10.]
 [10.]
 [10.]
 [10.]
 [10.]
 [10.]
 [10.]
 [10.]
 [10.]
 [10.]
 [10.]
 [10.]
 [10.]
 [10.]
 [10.]
 [10.]
 [10.]
 [10.]
 [10.]
 [10.]
 [10.]
 [10.]
 [10.]
 [10.]
 [10.]
 [10.]
 [10.]
 [10.]
 [10.]
 [10.]
 [10.]
 [10.]
 [10.]
 [10.]
 [10.]
 [10.]
 [10.]
 [10.]
 [10.]
 [10.]
 [10.]
 [10.]
 [10.]
 [10.]
 [10.]
 [10.]
 [10.]
 [10.]
 [10.]
 [10.]
 [10.]
 [10.]
 [10.]
 [10.]
 [10.]
 [10.]
 [10.]
 [10.]
 [10.]
 [10.]
 [10.]
 [10.]
 [10.]
 [10.]
 [10.]
 [10.]
 [10.]
 [10.]
 [10.]
 [10.]
 [10.]
 [10.]
 [10.]
 [10.]
 [10.]
 [10.]
 [10.]
 [10.]
 [10.]
 [10.]
 [10.]
 [10.]
 [10.]
 [10.]
 [10.]
 [10.]
 [10.]
 [10.]
 [10.]
 [10.]
 [10.]
 [10.]
 [10.]
 [10.]
 [10.]
 [10.]
 [10.]]
RG: [[500.]
 [500.]
 [500.]
 [500.]
 [500.]
 [500.]
 [500.]
 [500.]
 [500.]
 [500.]
 [500.]
 [500.]
 [500.]
 [500.]
 [500.]
 [500.]
 [500.]
 [500.]
 [500.]
 [500.]
 [500.]
 [500.]
 [500.]
 [500.]
 [500.]
 [500.]
 [500.]
 [500.]
 [500.]
 [500.]
 [500.]
 [500.]
 [500.]
 [500.]
 [500.]
 [500.]
 [500.]
 [500.]
 [500.]
 [500.]
 [500.]
 [500.]
 [500.]
 [500.]
 [500.]
 [500.]
 [500.]
 [500.]
 [500.]
 [500.]
 [500.]
 [500.]
 [500.]
 [500.]
 [500.]
 [500.]
 [500.]
 [500.]
 [500.]
 [500.]
 [500.]
 [500.]
 [500.]
 [500.]
 [500.]
 [500.]
 [500.]
 [500.]
 [500.]
 [500.]
 [500.]
 [500.]
 [500.]
 [500.]
 [500.]
 [500.]
 [500.]
 [500.]
 [500.]
 [500.]
 [500.]
 [500.]
 [500.]
 [500.]
 [500.]
 [500.]
 [500.]
 [500.]
 [500.]
 [500.]
 [500.]
 [500.]
 [500.]
 [500.]
 [500.]
 [500.]
 [500.]
 [500.]
 [500.]
 [500.]]
Ch: [[2.00881489 2.09511434 2.03387394 1.90355612 1.95602095 2.00890641
  1.96568602 1.90814464 1.9824444  2.08376291 1.99111704]
 [2.00051824 1.9714203  2.02183071 2.07263966 1.94921344 1.9465127
  2.06005581 2.03506012 1.9249207  1.90343846 2.0304744 ]
 [2.01648772 2.02389206 1.95205961 1.98721247 1.9724528  2.04884733
  2.06268747 2.07244961 1.96417014 1.91143588 1.93378826]
 [1.90978804 1.99711311 2.01154099 1.92921835 1.92212083 2.09846466
  1.94229492 1.96461411 1.92282001 2.04311885 1.95492014]
 [1.98965508 1.9295274  1.95905077 2.05949769 1.91261289 2.01955887
  2.07438317 1.91846682 1.96322908 1.94962602 1.90610578]
 [1.97869872 1.90622382 2.09406846 2.04206967 1.9291007  2.03476052
  1.97617235 1.92530997 1.99082863 1.9446376  2.08587167]
 [1.95389872 2.03877572 2.08661134 2.01420354 2.03459279 1.98939047
  1.96968147 1.96274481 2.06962677 1.91891642 1.96077768]
 [1.94280718 2.04315494 2.01311826 2.07982415 1.90561966 1.91709162
  1.90761057 1.90896214 1.91465379 1.97162619 2.04830881]
 [2.01324015 2.09020177 1.91691852 1.97366375 2.07844286 1.95736465
  1.91422995 1.91207057 1.99995416 2.0062571  1.96108534]
 [2.08330949 2.03345055 2.02085449 2.05109038 1.95832316 2.06691156
  2.00641303 1.90876962 1.94849783 2.04820307 1.9414683 ]]
Cv: [[0.         0.         0.         0.         0.         0.
  0.         0.         0.         0.        ]
 [1.92845588 1.9948862  1.90738118 1.92260075 2.03094203 1.95999456
  2.06059596 1.93574303 2.08586193 2.09847528]
 [1.97280122 2.00602166 2.04221444 1.9443036  1.90837198 2.08509054
  2.0351529  1.96354453 2.02966771 2.02357709]
 [1.99817799 2.04801321 1.97480736 1.90420441 2.02327457 2.03493245
  1.97775072 1.96484255 2.0328053  1.92159107]
 [1.9379365  2.04412153 2.00115833 2.08620505 2.00261774 1.91958951
  2.06686401 2.07453973 2.09476731 1.97269749]
 [2.08041283 1.92734289 1.94749664 1.94280818 1.99078427 2.07343477
  1.99600001 2.01134432 2.0829211  1.95610598]
 [1.97944077 1.97925794 2.01173056 2.08493193 1.93689499 2.08710917
  2.05836619 1.91428178 2.00024065 2.09487414]
 [1.91257638 2.07976276 2.033146   1.98374008 2.02468264 2.07990302
  2.08855684 2.01078724 2.0529448  1.94162659]
 [1.93817481 1.94176614 1.98496846 1.94825414 2.00433709 2.09299337
  2.07360503 2.01559151 2.05977469 1.94824853]
 [1.92349063 2.03552434 2.04413695 2.07882405 2.0947615  1.90453672
  2.04635571 2.00034409 2.03881947 2.0050066 ]]
Rh: [[16.38945612  0.72032602  0.65948463  2.35785306  1.4597974   6.79746736
   5.37954255  0.58784938  1.94912932  2.5213685   4.41449622]
 [ 8.70334407  6.72240508  5.47378463  3.45066907  1.16319434 14.26599196
   2.25751774  5.22620246  0.57796558  2.66937338 10.37703768]
 [ 0.66002794  0.84584447  5.50572589  5.37924518  0.53217866  0.5654925
  13.34798229  4.23671282  3.31564041  6.94071119  0.84884497]
 [ 2.91867888  6.37624787  3.04384703  2.97425265 17.40189117  1.13383168
   8.16980721 17.4998837   3.21181908  1.41590863  3.45905079]
 [ 1.24868815 15.95390979  7.90735193  7.12264381 13.80881721  3.00142884
   0.80833965  0.91137254  0.83711273  3.64751792  5.32943317]
 [ 3.98491916  2.84935376 16.0580471   4.38708246  6.4190688   3.31093359
   0.65460105  2.64452285  1.31068275  0.99200439  2.50394636]
 [10.10475956  2.21916232  0.8999458   2.86929681  1.25108259  1.74059509
  13.44800313  3.77723027  6.27075513  3.68031363  2.30223541]
 [17.03642527  3.33653659 14.94311972  6.30191283 10.19045416 13.51412163
   6.61647862  3.44754726  6.05420351  1.04615793  4.45796765]
 [ 1.75560165  1.30910154  1.87694727  4.40749838  1.95483009  1.07500838
   7.74228356  1.66181767  7.1354206  13.07780157  5.51665604]
 [ 0.55790858  2.99360031 15.41279435  5.04582716 11.29105042 10.13901031
   2.15697787  1.42824826  3.02153449  0.75642887  3.61726618]]
Rv: [[ 6.04712803  4.18589669  7.85014401  5.32429418 18.14787985  7.60044029
   1.64343047  7.94011887  6.81226826 18.81117589]
 [ 2.0577565   6.94020094  4.67414953  7.52901976  5.32994023  1.22535404
   4.64752774  4.24946401 12.73320464  6.9777643 ]
 [ 0.5563849   1.64061849  1.99040212  2.46031908  1.88403319  1.47396295
   0.51240191  0.59954303  4.04083458  1.06361118]
 [ 2.10709345  7.4091531   1.09826219 16.74055825  0.95459368 18.7344458
   6.1589312   1.60841368  2.77644486  6.72173894]
 [ 2.33560374  3.41692325  2.38109758  0.68179886 10.45756019 12.68681662
  18.7993177   1.13768119  2.73159963  1.79403751]
 [ 7.06349863 11.7267988   1.7252978  15.46226686  3.62451876  0.51797117
   1.07409376  0.95796006  2.85268393 12.47823111]
 [ 2.80927363  3.85119688  1.71066608  4.51650977  4.52441814 19.16658638
  18.56707318  6.74962817  0.63811579  2.39359795]
 [ 2.28388534  1.70248933  0.51424427  4.72020553 11.93278728  1.50887748
   0.71017881  9.29224376  1.27827884  7.85224159]
 [ 7.4361897  16.97062872  4.78225674  4.62344485  1.26770394  9.58203994
   8.51197142  1.80994444  2.34550709  2.47279428]]