-------Running parameters--------
T = 0.001
temperature_gradient = 0.0
gap = 0.0
M = 10
N = 10
VR = 0.0
Vmin = 0.0
Vmax = 1.1
vStep = 0.001
vSym = True
repeats = 50
fileName = array_10_10_disorder_c_std_0.1_r_std_9.5_run_9
dist = exp
fullOutput = False
use_graph = False
current_map = False
plot_current_map = False
plot_binary_current_map = False
frame_norm = False
dbg = False
resume = False
sc = False
leaping = False
constQ = False
modifyR = False
double_time = False
double_loop = False
calcIT = False
output_folder = increase_disorder_by_multiplication_correction
params_path = increase_disorder_by_multiplication/runningParameters_array_10_10_disorder_c_std_0.1_r_std_9_run_9.txt
VG_avg = 0.0
VG_std = 0.0
C_avg = 2.0
C_std = 0.1
CG_avg = 10.0
CG_std = 0.0
R_avg = 10.0
R_std = 9.0
custom_rh = ""
custom_rv = ""
custom_ch = 
custom_cv = ""
RG_avg = 500.0
RG_std = 0.0
n0_avg = 0.0
n0_std = 0.0
Q0_avg = 0.0
Q0_std = 0.0
----Array Parameters-----
Rows: 10
Columns: 10
VG: [[0.]
 [0.]
 [0.]
 [0.]
 [0.]
 [0.]
 [0.]
 [0.]
 [0.]
 [0.]
 [0.]
 [0.]
 [0.]
 [0.]
 [0.]
 [0.]
 [0.]
 [0.]
 [0.]
 [0.]
 [0.]
 [0.]
 [0.]
 [0.]
 [0.]
 [0.]
 [0.]
 [0.]
 [0.]
 [0.]
 [0.]
 [0.]
 [0.]
 [0.]
 [0.]
 [0.]
 [0.]
 [0.]
 [0.]
 [0.]
 [0.]
 [0.]
 [0.]
 [0.]
 [0.]
 [0.]
 [0.]
 [0.]
 [0.]
 [0.]
 [0.]
 [0.]
 [0.]
 [0.]
 [0.]
 [0.]
 [0.]
 [0.]
 [0.]
 [0.]
 [0.]
 [0.]
 [0.]
 [0.]
 [0.]
 [0.]
 [0.]
 [0.]
 [0.]
 [0.]
 [0.]
 [0.]
 [0.]
 [0.]
 [0.]
 [0.]
 [0.]
 [0.]
 [0.]
 [0.]
 [0.]
 [0.]
 [0.]
 [0.]
 [0.]
 [0.]
 [0.]
 [0.]
 [0.]
 [0.]
 [0.]
 [0.]
 [0.]
 [0.]
 [0.]
 [0.]
 [0.]
 [0.]
 [0.]
 [0.]]
CG: [[10.]
 [10.]
 [10.]
 [10.]
 [10.]
 [10.]
 [10.]
 [10.]
 [10.]
 [10.]
 [10.]
 [10.]
 [10.]
 [10.]
 [10.]
 [10.]
 [10.]
 [10.]
 [10.]
 [10.]
 [10.]
 [10.]
 [10.]
 [10.]
 [10.]
 [10.]
 [10.]
 [10.]
 [10.]
 [10.]
 [10.]
 [10.]
 [10.]
 [10.]
 [10.]
 [10.]
 [10.]
 [10.]
 [10.]
 [10.]
 [10.]
 [10.]
 [10.]
 [10.]
 [10.]
 [10.]
 [10.]
 [10.]
 [10.]
 [10.]
 [10.]
 [10.]
 [10.]
 [10.]
 [10.]
 [10.]
 [10.]
 [10.]
 [10.]
 [10.]
 [10.]
 [10.]
 [10.]
 [10.]
 [10.]
 [10.]
 [10.]
 [10.]
 [10.]
 [10.]
 [10.]
 [10.]
 [10.]
 [10.]
 [10.]
 [10.]
 [10.]
 [10.]
 [10.]
 [10.]
 [10.]
 [10.]
 [10.]
 [10.]
 [10.]
 [10.]
 [10.]
 [10.]
 [10.]
 [10.]
 [10.]
 [10.]
 [10.]
 [10.]
 [10.]
 [10.]
 [10.]
 [10.]
 [10.]
 [10.]]
RG: [[500.]
 [500.]
 [500.]
 [500.]
 [500.]
 [500.]
 [500.]
 [500.]
 [500.]
 [500.]
 [500.]
 [500.]
 [500.]
 [500.]
 [500.]
 [500.]
 [500.]
 [500.]
 [500.]
 [500.]
 [500.]
 [500.]
 [500.]
 [500.]
 [500.]
 [500.]
 [500.]
 [500.]
 [500.]
 [500.]
 [500.]
 [500.]
 [500.]
 [500.]
 [500.]
 [500.]
 [500.]
 [500.]
 [500.]
 [500.]
 [500.]
 [500.]
 [500.]
 [500.]
 [500.]
 [500.]
 [500.]
 [500.]
 [500.]
 [500.]
 [500.]
 [500.]
 [500.]
 [500.]
 [500.]
 [500.]
 [500.]
 [500.]
 [500.]
 [500.]
 [500.]
 [500.]
 [500.]
 [500.]
 [500.]
 [500.]
 [500.]
 [500.]
 [500.]
 [500.]
 [500.]
 [500.]
 [500.]
 [500.]
 [500.]
 [500.]
 [500.]
 [500.]
 [500.]
 [500.]
 [500.]
 [500.]
 [500.]
 [500.]
 [500.]
 [500.]
 [500.]
 [500.]
 [500.]
 [500.]
 [500.]
 [500.]
 [500.]
 [500.]
 [500.]
 [500.]
 [500.]
 [500.]
 [500.]
 [500.]]
Ch: [[2.0408093  2.00723002 2.07985077 2.02865375 2.03659781 2.08601001
  2.07846347 1.97918479 2.03568141 2.0981561  1.91160752]
 [2.03016304 1.95581066 2.0689664  2.06820078 1.96824444 2.00867048
  1.92071822 1.97222679 2.03709015 1.9895827  2.00628878]
 [1.94922343 1.99341191 2.08847465 1.92433233 1.97809795 2.01681215
  2.06246296 1.99749045 1.97761905 2.01480428 1.9547641 ]
 [1.95230503 1.97688725 1.98560356 2.00223402 1.96221254 2.04376989
  2.04837425 2.08167871 2.00418919 1.90784328 2.01700225]
 [1.96072193 2.01882346 1.9593635  1.96838608 2.09028189 2.04780338
  1.92091852 2.0742719  2.09689203 2.01470199 1.93557805]
 [1.96196142 2.08084551 1.90439161 2.06597061 2.07788595 1.95612004
  1.95189415 1.99928976 2.02030446 2.07798871 1.95404606]
 [1.92182865 1.93920521 1.9056825  1.95368689 2.04163819 2.0872283
  2.00269143 2.07977797 2.00698261 2.00919919 1.99410564]
 [1.90043238 1.9050235  2.00663951 1.9642739  1.93711917 2.03073519
  2.08917458 1.95322449 1.93919295 2.08971285 1.95617935]
 [2.00032012 2.05021177 2.07123783 1.98488151 2.04592372 2.04317314
  2.04475001 2.07105233 2.06478377 1.96565541 1.91643809]
 [1.91641116 1.95316592 1.91243764 1.94289158 1.93467997 1.93978514
  1.99038169 1.92094695 1.97250705 2.08910341 1.9439253 ]]
Cv: [[0.         0.         0.         0.         0.         0.
  0.         0.         0.         0.        ]
 [1.94750019 2.09274642 1.93501941 1.95953009 2.00095942 2.05766468
  2.0891195  2.05600586 2.02210242 2.010828  ]
 [2.00519162 1.99856631 1.93265359 1.90985237 2.04304711 1.96602928
  1.99367799 1.92449866 1.90849516 2.02558748]
 [2.03592759 1.91613476 1.92502398 1.9057563  2.03759661 1.92906394
  2.0041681  2.0517911  2.0551974  1.94533469]
 [1.93682385 2.02472579 1.98418933 2.04723593 1.96232318 1.92263979
  1.90961585 1.94953691 1.96713731 2.05633763]
 [1.98479199 2.01940841 2.04849894 1.9683488  1.97241453 1.92604419
  2.06241828 2.01413458 1.91898214 1.92060273]
 [2.06070553 1.90279432 2.024377   1.950369   1.97556313 2.05421448
  2.06764886 2.0439198  2.00896217 1.97306613]
 [2.01915496 1.94323854 2.00235151 1.95954046 2.0650573  1.98847118
  1.91253863 1.9800416  2.07399539 2.02926375]
 [1.97453266 1.94074883 1.98166247 1.90461511 2.03602073 1.95995814
  1.93199501 2.06990798 1.91835695 2.08398903]
 [2.08542164 2.06966766 1.93143049 1.95417837 2.08897028 2.03895352
  2.09407355 2.07258774 1.99755357 1.92383995]]
Rh: [[ 1.0867172   1.16856294  0.51519126  0.63565188 17.9805047   2.84608436
   2.0387373   7.18424871 12.27376837  1.70205325  2.77840938]
 [11.49886687  3.61115932  1.17998821  6.26614149  5.76934977 13.10347418
  12.78562491  7.36673449  1.4501119   4.03477983  0.72512646]
 [16.15868067  5.3355526   8.61617844  0.51562825  0.6219513   1.86631315
   1.11329262 13.19750197 19.17005002  0.59490084 15.5035427 ]
 [ 1.24605269  2.4013201   2.21961624  1.31674067  6.71283144  7.83271908
   5.62415251  3.24086424 19.16020254  1.25904694  5.62678443]
 [11.67260536  1.84570194  1.37880258  1.65954113 18.80085383  0.68123892
   1.40722914  8.73945507  1.57035705  6.72606883 18.03840567]
 [ 4.99755638  6.45695241  4.0462316   1.62708873 11.2676077   2.07642121
  14.24290501  5.40586539  9.78666089  0.66234528  3.29425039]
 [ 3.75494724  6.5207419  14.75757562  0.88290328  8.77686158 15.00048297
   8.51994282  4.976662    0.99592336  1.0954111   4.65234238]
 [ 0.86368108 19.48830723  8.60548357  3.6926993   0.56411699  9.75132938
  13.89522979  1.06998956 14.31341105  0.69655096  1.77387487]
 [ 1.80231444  3.06706866  4.01765563  1.44360148  2.2863019   4.65786379
   1.85100821  3.02547981  1.33538891 16.83755801 14.03823813]
 [15.17476547  1.79003489  6.42863818  5.21982019  9.52748553  1.56725214
   4.14551123  1.18295283  1.51629125 13.35418176  0.58388291]]
Rv: [[ 0.94752291  2.56404553  4.59483399 17.50540253  1.25778989  8.8374012
   1.25003781 10.03283015 11.71906797  2.24776061]
 [ 1.2548121   1.88777535  7.98924789  0.98779487  0.62975333  9.46056499
  10.72956125 11.22572888  4.75198163  3.03217344]
 [ 6.2455485  17.40883237  2.60205508  0.55200867 13.64300061  8.97924222
   1.09641981  2.36667649  5.20434189  1.36470928]
 [ 0.81368864 10.70937102 17.67490402  1.30448107  8.90811238  9.25159715
   3.25447792  9.38866016 10.86620274  3.86167931]
 [ 9.9674739   2.01741292  2.84292398  1.75959115 14.72280938  8.5235493
   4.37672357  4.11292426  2.12225685  1.19457185]
 [ 0.51430732  2.41804656 11.40835659  1.86115223  9.49782849  1.56221285
   5.02739067  0.85713345  0.51834346  2.70954782]
 [ 3.88924496  2.59701985  0.75270028 10.35568007  0.53889596 19.37915988
   3.25976408  7.31090146  1.91233024 10.54117857]
 [ 4.34553851  3.12404211  0.56186005 15.73206914  9.59977361 19.17516419
  14.60735947  0.60450815  7.99469111  1.07776259]
 [ 9.02702963  4.07506715  2.86573582  6.45519456  8.97864116 19.43922136
   4.63560846  2.80816153  8.14242979  3.95690524]]