-------Running parameters--------
T = 0.001
temperature_gradient = 0.0
gap = 0.0
M = 10
N = 10
VR = 0.0
Vmin = 0.0
Vmax = 1.1
vStep = 0.001
vSym = True
repeats = 50
fileName = array_10_10_disorder_c_std_0.1_r_std_9.5_run_3
dist = exp
fullOutput = False
use_graph = False
current_map = False
plot_current_map = False
plot_binary_current_map = False
frame_norm = False
dbg = False
resume = False
sc = False
leaping = False
constQ = False
modifyR = False
double_time = False
double_loop = False
calcIT = False
output_folder = increase_disorder_by_multiplication_correction
params_path = increase_disorder_by_multiplication/runningParameters_array_10_10_disorder_c_std_0.1_r_std_9_run_3.txt
VG_avg = 0.0
VG_std = 0.0
C_avg = 2.0
C_std = 0.1
CG_avg = 10.0
CG_std = 0.0
R_avg = 10.0
R_std = 9.0
custom_rh = ""
custom_rv = ""
custom_ch = 
custom_cv = ""
RG_avg = 500.0
RG_std = 0.0
n0_avg = 0.0
n0_std = 0.0
Q0_avg = 0.0
Q0_std = 0.0
----Array Parameters-----
Rows: 10
Columns: 10
VG: [[0.]
 [0.]
 [0.]
 [0.]
 [0.]
 [0.]
 [0.]
 [0.]
 [0.]
 [0.]
 [0.]
 [0.]
 [0.]
 [0.]
 [0.]
 [0.]
 [0.]
 [0.]
 [0.]
 [0.]
 [0.]
 [0.]
 [0.]
 [0.]
 [0.]
 [0.]
 [0.]
 [0.]
 [0.]
 [0.]
 [0.]
 [0.]
 [0.]
 [0.]
 [0.]
 [0.]
 [0.]
 [0.]
 [0.]
 [0.]
 [0.]
 [0.]
 [0.]
 [0.]
 [0.]
 [0.]
 [0.]
 [0.]
 [0.]
 [0.]
 [0.]
 [0.]
 [0.]
 [0.]
 [0.]
 [0.]
 [0.]
 [0.]
 [0.]
 [0.]
 [0.]
 [0.]
 [0.]
 [0.]
 [0.]
 [0.]
 [0.]
 [0.]
 [0.]
 [0.]
 [0.]
 [0.]
 [0.]
 [0.]
 [0.]
 [0.]
 [0.]
 [0.]
 [0.]
 [0.]
 [0.]
 [0.]
 [0.]
 [0.]
 [0.]
 [0.]
 [0.]
 [0.]
 [0.]
 [0.]
 [0.]
 [0.]
 [0.]
 [0.]
 [0.]
 [0.]
 [0.]
 [0.]
 [0.]
 [0.]]
CG: [[10.]
 [10.]
 [10.]
 [10.]
 [10.]
 [10.]
 [10.]
 [10.]
 [10.]
 [10.]
 [10.]
 [10.]
 [10.]
 [10.]
 [10.]
 [10.]
 [10.]
 [10.]
 [10.]
 [10.]
 [10.]
 [10.]
 [10.]
 [10.]
 [10.]
 [10.]
 [10.]
 [10.]
 [10.]
 [10.]
 [10.]
 [10.]
 [10.]
 [10.]
 [10.]
 [10.]
 [10.]
 [10.]
 [10.]
 [10.]
 [10.]
 [10.]
 [10.]
 [10.]
 [10.]
 [10.]
 [10.]
 [10.]
 [10.]
 [10.]
 [10.]
 [10.]
 [10.]
 [10.]
 [10.]
 [10.]
 [10.]
 [10.]
 [10.]
 [10.]
 [10.]
 [10.]
 [10.]
 [10.]
 [10.]
 [10.]
 [10.]
 [10.]
 [10.]
 [10.]
 [10.]
 [10.]
 [10.]
 [10.]
 [10.]
 [10.]
 [10.]
 [10.]
 [10.]
 [10.]
 [10.]
 [10.]
 [10.]
 [10.]
 [10.]
 [10.]
 [10.]
 [10.]
 [10.]
 [10.]
 [10.]
 [10.]
 [10.]
 [10.]
 [10.]
 [10.]
 [10.]
 [10.]
 [10.]
 [10.]]
RG: [[500.]
 [500.]
 [500.]
 [500.]
 [500.]
 [500.]
 [500.]
 [500.]
 [500.]
 [500.]
 [500.]
 [500.]
 [500.]
 [500.]
 [500.]
 [500.]
 [500.]
 [500.]
 [500.]
 [500.]
 [500.]
 [500.]
 [500.]
 [500.]
 [500.]
 [500.]
 [500.]
 [500.]
 [500.]
 [500.]
 [500.]
 [500.]
 [500.]
 [500.]
 [500.]
 [500.]
 [500.]
 [500.]
 [500.]
 [500.]
 [500.]
 [500.]
 [500.]
 [500.]
 [500.]
 [500.]
 [500.]
 [500.]
 [500.]
 [500.]
 [500.]
 [500.]
 [500.]
 [500.]
 [500.]
 [500.]
 [500.]
 [500.]
 [500.]
 [500.]
 [500.]
 [500.]
 [500.]
 [500.]
 [500.]
 [500.]
 [500.]
 [500.]
 [500.]
 [500.]
 [500.]
 [500.]
 [500.]
 [500.]
 [500.]
 [500.]
 [500.]
 [500.]
 [500.]
 [500.]
 [500.]
 [500.]
 [500.]
 [500.]
 [500.]
 [500.]
 [500.]
 [500.]
 [500.]
 [500.]
 [500.]
 [500.]
 [500.]
 [500.]
 [500.]
 [500.]
 [500.]
 [500.]
 [500.]
 [500.]]
Ch: [[2.04886926 1.99851388 1.97377733 2.01537001 2.09125358 2.00862924
  2.0125284  1.99625595 1.9154849  2.00838382 2.0551598 ]
 [1.90567213 1.96994441 2.06150205 2.03981976 1.91321468 1.95281527
  2.0804485  2.06323381 1.9378609  2.03968484 2.04758152]
 [2.03605908 1.91320723 2.04257585 1.97826176 2.02089234 1.92933704
  1.99535662 1.93201432 1.9471179  1.91641543 2.05629193]
 [1.9091919  1.98771468 1.99582402 1.93392595 2.06004239 2.09671428
  1.95592976 2.0606604  2.03496276 2.01640818 1.93469916]
 [1.98042726 1.92707844 1.98172187 2.03607268 2.0937491  2.05741329
  2.01093512 2.05128049 2.09287297 2.06680916 2.00615002]
 [2.07614545 2.08771013 1.99463546 1.93314512 1.96792875 2.04381476
  2.07815199 2.02269336 1.94562449 1.97063395 1.98123237]
 [2.07741865 2.0874592  1.94471731 1.92247209 1.94141209 2.06279292
  2.01367214 1.95833716 2.05835923 1.97617608 2.02316944]
 [2.06142267 2.06454489 1.96094076 1.93388258 1.92606896 1.94548963
  1.92916272 1.98798773 1.96725234 2.08566758 2.00989361]
 [2.07993409 2.06905939 2.06516167 2.05213075 2.03541012 1.94846959
  2.0584393  2.06724058 2.03738727 2.09849013 2.0093518 ]
 [2.04863055 1.98580149 2.05391666 1.96212736 1.96893311 1.93981053
  1.90095374 1.98963937 1.93953334 2.07094984 2.0782297 ]]
Cv: [[0.         0.         0.         0.         0.         0.
  0.         0.         0.         0.        ]
 [2.00825882 1.99754601 1.94105829 2.0118576  1.97580773 2.02525883
  1.90371392 2.0580655  1.90735498 2.0629363 ]
 [1.9862453  2.04267165 1.99849274 2.09861579 1.90516903 1.95410129
  2.00643951 2.0344905  1.94818949 1.93456176]
 [2.00240655 2.00396938 2.05775212 2.09091708 2.07830779 2.08474953
  2.08743467 1.98134338 2.07906975 2.05372347]
 [1.99458665 2.00636864 2.07260157 1.93999287 1.99405564 2.00118163
  2.0157267  1.9954658  1.96735839 1.95850809]
 [2.09826    1.93214102 2.08767147 2.02437985 1.91503397 1.91356122
  1.90050194 2.01187795 1.96672926 1.97532586]
 [1.91936022 2.00322002 2.08368518 2.06535112 1.95889881 2.06708556
  1.94317532 2.07423392 1.91841859 2.04801503]
 [2.00107332 1.92724612 1.93053417 1.91089539 2.00904627 1.92989533
  2.0498987  1.98479112 1.94147435 1.95185827]
 [2.00951801 1.95024458 2.01496979 1.97940097 2.01107674 1.93029054
  2.08169354 1.99653773 2.05237477 2.05041486]
 [1.92216595 1.92182775 1.94719418 2.07014537 2.04127946 1.95265639
  2.0072015  1.94594958 1.99108477 1.92145532]]
Rh: [[ 7.00318627  2.65237042  0.69485588 12.36946764 17.83630398  1.35804909
   1.09231812  1.87638314  1.17178659 17.58131398  4.41634505]
 [ 8.63412036  2.42774529  5.5724314   9.21543069  5.29802991 13.18082367
   5.19835568  3.76038295  5.77690583  1.54188791  1.91178781]
 [ 0.98199389  1.21314801  2.67873352  0.5173409   1.8563473  11.75856805
   3.64640581  2.49435948  1.10398212 15.68876695 13.47454616]
 [ 4.25694874  3.97726845  4.34078253  1.87788399  6.70628322  7.6363759
   3.2257269   6.57787776  1.52909554 16.03033654  1.12523701]
 [ 7.03311091  4.87979251 11.91387149 14.50084802 18.92073562  3.69561645
   5.51801075  1.25578897  3.28385136  1.84104294  6.33746773]
 [18.82760029  1.86010832 11.09480716  2.49638513  7.76592779 11.37376571
   0.56686024  1.06080706  0.9346164  10.45422285  5.81809646]
 [15.50673682 15.46129756  0.6522269   5.56891776  9.21290067  2.63232219
   1.40126414  6.40795123 11.41355395  2.27966577  3.86047026]
 [10.30716353 15.25808832  1.65021159 10.8043699   5.65944367  1.07176221
   8.85852396 10.06189143  0.93718836  4.69722631  4.67521063]
 [ 0.54803913  1.08757652  4.15762627  0.60852335  2.83396776  0.76090615
  13.95731243  0.70721349  9.84132761  2.8340027   6.69582025]
 [ 0.75140234  1.89229372  0.5924261   6.13613541 15.42096783 11.40539632
   1.5072759   3.38029803  4.1635902   0.9693364   1.69999883]]
Rv: [[14.63869779  8.21423295  5.69554127  1.49157896  0.65077577  0.98178273
   2.84046032  1.16764102  9.68314559  4.3892837 ]
 [ 5.02136238  7.67556789  0.87757196  0.59310285  4.32013354  5.77664927
   1.60358842 18.1585014   2.23416132  1.80458174]
 [ 3.11027226  8.74227844  0.68416885 10.35506951 19.04112362  1.81890444
   3.81249758  1.45513903  8.02491299  4.22383927]
 [ 7.41386686  2.85828178 10.10666929  3.70602567  2.36628586  1.04508381
   2.04959148  5.69120823  0.56824423  0.63455144]
 [ 5.1599229  18.86766741  5.58542195  5.26731861  1.77269095  8.93820424
   6.33633828 18.55381311  3.62636533  2.59857393]
 [ 3.36638868  0.59758576 17.02758181 18.7768939   7.13844228 17.59319586
   2.42653821  2.87876115  6.43429563  0.77015338]
 [ 3.94224584  8.36823182  9.32991672  2.79317028  1.94473353  1.95393546
  18.27496112 18.70004344  9.30294633  7.95955149]
 [ 6.12890182  8.73731977  1.25967597  3.73072526  4.62323393  5.86481834
   0.64959171  8.19187964  4.98026861  4.87146467]
 [ 3.39239975  3.66107342  0.99606963  0.68436557  1.40329265  2.81925034
   0.51513921  2.36253623  5.33690184 17.27735108]]