-------Running parameters--------
T = 0.001
temperature_gradient = 0.0
gap = 0.0
M = 10
N = 10
VR = 0.0
Vmin = 0.0
Vmax = 1.1
vStep = 0.001
vSym = True
repeats = 50
fileName = array_10_10_disorder_c_std_0.1_r_std_9.5_run_1
dist = exp
fullOutput = False
use_graph = False
current_map = False
plot_current_map = False
plot_binary_current_map = False
frame_norm = False
dbg = False
resume = False
sc = False
leaping = False
constQ = False
modifyR = False
double_time = False
double_loop = False
calcIT = False
output_folder = increase_disorder_by_multiplication_correction
params_path = increase_disorder_by_multiplication/runningParameters_array_10_10_disorder_c_std_0.1_r_std_9_run_1.txt
VG_avg = 0.0
VG_std = 0.0
C_avg = 2.0
C_std = 0.1
CG_avg = 10.0
CG_std = 0.0
R_avg = 10.0
R_std = 9.0
custom_rh = ""
custom_rv = ""
custom_ch = 
custom_cv = ""
RG_avg = 500.0
RG_std = 0.0
n0_avg = 0.0
n0_std = 0.0
Q0_avg = 0.0
Q0_std = 0.0
----Array Parameters-----
Rows: 10
Columns: 10
VG: [[0.]
 [0.]
 [0.]
 [0.]
 [0.]
 [0.]
 [0.]
 [0.]
 [0.]
 [0.]
 [0.]
 [0.]
 [0.]
 [0.]
 [0.]
 [0.]
 [0.]
 [0.]
 [0.]
 [0.]
 [0.]
 [0.]
 [0.]
 [0.]
 [0.]
 [0.]
 [0.]
 [0.]
 [0.]
 [0.]
 [0.]
 [0.]
 [0.]
 [0.]
 [0.]
 [0.]
 [0.]
 [0.]
 [0.]
 [0.]
 [0.]
 [0.]
 [0.]
 [0.]
 [0.]
 [0.]
 [0.]
 [0.]
 [0.]
 [0.]
 [0.]
 [0.]
 [0.]
 [0.]
 [0.]
 [0.]
 [0.]
 [0.]
 [0.]
 [0.]
 [0.]
 [0.]
 [0.]
 [0.]
 [0.]
 [0.]
 [0.]
 [0.]
 [0.]
 [0.]
 [0.]
 [0.]
 [0.]
 [0.]
 [0.]
 [0.]
 [0.]
 [0.]
 [0.]
 [0.]
 [0.]
 [0.]
 [0.]
 [0.]
 [0.]
 [0.]
 [0.]
 [0.]
 [0.]
 [0.]
 [0.]
 [0.]
 [0.]
 [0.]
 [0.]
 [0.]
 [0.]
 [0.]
 [0.]
 [0.]]
CG: [[10.]
 [10.]
 [10.]
 [10.]
 [10.]
 [10.]
 [10.]
 [10.]
 [10.]
 [10.]
 [10.]
 [10.]
 [10.]
 [10.]
 [10.]
 [10.]
 [10.]
 [10.]
 [10.]
 [10.]
 [10.]
 [10.]
 [10.]
 [10.]
 [10.]
 [10.]
 [10.]
 [10.]
 [10.]
 [10.]
 [10.]
 [10.]
 [10.]
 [10.]
 [10.]
 [10.]
 [10.]
 [10.]
 [10.]
 [10.]
 [10.]
 [10.]
 [10.]
 [10.]
 [10.]
 [10.]
 [10.]
 [10.]
 [10.]
 [10.]
 [10.]
 [10.]
 [10.]
 [10.]
 [10.]
 [10.]
 [10.]
 [10.]
 [10.]
 [10.]
 [10.]
 [10.]
 [10.]
 [10.]
 [10.]
 [10.]
 [10.]
 [10.]
 [10.]
 [10.]
 [10.]
 [10.]
 [10.]
 [10.]
 [10.]
 [10.]
 [10.]
 [10.]
 [10.]
 [10.]
 [10.]
 [10.]
 [10.]
 [10.]
 [10.]
 [10.]
 [10.]
 [10.]
 [10.]
 [10.]
 [10.]
 [10.]
 [10.]
 [10.]
 [10.]
 [10.]
 [10.]
 [10.]
 [10.]
 [10.]]
RG: [[500.]
 [500.]
 [500.]
 [500.]
 [500.]
 [500.]
 [500.]
 [500.]
 [500.]
 [500.]
 [500.]
 [500.]
 [500.]
 [500.]
 [500.]
 [500.]
 [500.]
 [500.]
 [500.]
 [500.]
 [500.]
 [500.]
 [500.]
 [500.]
 [500.]
 [500.]
 [500.]
 [500.]
 [500.]
 [500.]
 [500.]
 [500.]
 [500.]
 [500.]
 [500.]
 [500.]
 [500.]
 [500.]
 [500.]
 [500.]
 [500.]
 [500.]
 [500.]
 [500.]
 [500.]
 [500.]
 [500.]
 [500.]
 [500.]
 [500.]
 [500.]
 [500.]
 [500.]
 [500.]
 [500.]
 [500.]
 [500.]
 [500.]
 [500.]
 [500.]
 [500.]
 [500.]
 [500.]
 [500.]
 [500.]
 [500.]
 [500.]
 [500.]
 [500.]
 [500.]
 [500.]
 [500.]
 [500.]
 [500.]
 [500.]
 [500.]
 [500.]
 [500.]
 [500.]
 [500.]
 [500.]
 [500.]
 [500.]
 [500.]
 [500.]
 [500.]
 [500.]
 [500.]
 [500.]
 [500.]
 [500.]
 [500.]
 [500.]
 [500.]
 [500.]
 [500.]
 [500.]
 [500.]
 [500.]
 [500.]]
Ch: [[2.00679049 2.00170178 1.9743288  2.02792391 2.0531053  1.91541333
  2.06227428 1.9416242  2.04818637 2.07593275 2.03644075]
 [2.04569065 2.0296488  1.92043549 1.98933164 2.02541531 1.9961767
  2.00750239 1.94682713 1.98995973 1.96946377 1.95058355]
 [2.08404145 2.08053894 1.94887295 2.08990544 1.92760884 2.06643218
  1.94378349 1.96948469 1.92485503 2.02972745 2.0482555 ]
 [1.99466816 2.05382744 2.02502722 2.05582413 1.97492252 1.92725359
  1.93581555 1.94807006 2.03210006 1.95809026 2.00557229]
 [2.05446257 2.08892345 1.92058632 2.00121505 1.92812867 1.9355407
  1.925226   2.08534509 2.02025827 1.9148687  2.0677432 ]
 [1.99751978 2.08850704 1.9246298  2.08714843 2.09714794 1.97866229
  1.97521887 1.9798556  1.95627162 1.94964115 2.05929583]
 [1.97502052 2.05154277 1.97976194 2.05151954 1.93339277 2.08834729
  1.95482049 1.940463   2.00313936 2.01140618 2.04723058]
 [2.04647057 1.94386001 1.93837975 2.04820361 1.90268464 1.90756585
  1.94315214 1.92043032 1.95051176 2.0450022  2.04363591]
 [2.05789181 2.09447241 1.97332897 2.0090427  1.94236541 1.99784945
  2.07271561 1.90791365 2.01971801 2.02405478 1.94229824]
 [1.93483429 1.9882553  2.00384701 1.99119354 2.09097792 1.97545627
  2.0324129  2.00108909 2.08083939 1.90794257 2.09642679]]
Cv: [[0.         0.         0.         0.         0.         0.
  0.         0.         0.         0.        ]
 [2.08062183 2.02779567 1.97089378 2.07324238 2.04882601 2.05541154
  1.95635676 1.92908369 2.07840589 2.05827858]
 [1.91521814 2.00435548 1.93985415 1.98967338 1.9265285  1.9215464
  2.06980778 1.98780379 2.05525371 2.09897919]
 [1.92742378 1.91254527 1.92040072 1.92993789 2.02854749 2.04748624
  2.06887404 1.93264453 2.00353819 1.95529531]
 [1.93898499 1.92332192 2.0340531  1.96620298 1.99199311 1.93248173
  2.02068367 2.03106692 2.04784882 1.99041073]
 [2.09587934 2.02938132 2.05479437 1.90399336 2.08961822 2.06525521
  1.98562765 1.90235258 2.07426961 1.93116158]
 [1.98210668 2.06397196 2.07993394 1.92946458 2.07597673 2.03314066
  2.05745931 1.92620248 1.94204553 2.02839852]
 [2.08681705 2.00554418 2.05654953 1.95253962 2.09464361 2.02949083
  1.98211298 2.03154561 2.01044885 1.94792092]
 [2.06054946 2.06676967 1.97630969 2.02397678 1.96136529 2.09211365
  1.97881333 1.93159647 1.91391925 2.07128276]
 [2.03283842 2.03824229 2.05716718 1.94391002 1.9333839  2.09599475
  1.9333167  1.99042124 2.02926025 1.91306129]]
Rh: [[ 0.76972904  4.73979265  0.81571339  2.56950826  1.03099102  1.97439584
   0.71359581  1.3132876   0.61549517  1.33080321  0.98050701]
 [ 2.93283687  2.37032598  3.2649131   0.71661069  6.10614905  5.81923925
   0.93366125  3.13217871  6.20557557  3.33455123 14.37022637]
 [ 2.578707    2.38693952  1.05895184 11.51499541  2.31228392  1.77410974
   2.14593094  9.90805646  0.53258868  1.06286776  5.53908494]
 [ 1.46966806  0.75155469  0.70478444 11.34001964  3.2185644   3.05822604
   1.69541599  8.01371536 14.97756215  0.78370052  4.27405121]
 [ 3.54298229  0.61075608  2.79518308  8.74332808  2.34993008  2.18512135
  17.03382962  8.54307354  9.48878334  1.38605113  6.70104402]
 [ 0.78012666  1.59506392  2.40351764  0.75947233  2.25836614 12.4697158
   0.96745221  4.64749575  4.33154754  2.24122807  2.660363  ]
 [ 2.26183452  4.6082458   5.68793213  3.89022231  1.77533915  4.25222606
   4.99230593  0.79600494 18.70622484  8.82204209  4.79040364]
 [ 2.24666094  1.13988919 18.11017208 14.40067132  3.6172949   5.5878025
   1.24193188  0.8078586   1.95087758  5.03329444  0.57349291]
 [13.23693606  0.80107666  3.84513701  3.78708657  5.37268212  3.56006071
   0.98628791  1.4879815   3.24125281  5.67740759  2.01295327]
 [ 1.86238217 16.58476495  5.27681204  2.06913546 18.08466326  2.01774515
   0.91306502  5.45187971  0.62589135  2.18702895  3.1512427 ]]
Rv: [[ 7.85396657  4.9629964  17.9711327   2.50410463  0.58560757  1.90658027
   6.00357765  2.20982512  1.0529129   3.33324107]
 [12.29179344  4.29913799  1.91145347 10.34396627  6.75011916 11.79568774
   0.61968039  1.37447936  1.36781515  1.78422167]
 [ 1.83229507 19.22747646  1.28627508  4.06574017  1.36613515  6.05797687
   3.56823645  8.05480892  1.91187321  3.14098309]
 [ 0.55336152 11.56355136  5.0719721   0.58633852  0.50437856  6.83044249
   2.04044008 10.93954109  1.99358695 10.30758545]
 [16.20368136  2.58355982  2.08734733  1.11554661 12.6924211   1.12515123
   3.94788197  0.80415213  0.69151832  5.7405462 ]
 [ 5.62457154  3.55646884 12.14870154  5.66865916 12.11712722 12.82634991
   2.2384813   1.78728598  8.19760229  4.95616729]
 [18.20267539  1.88635135  4.32957387  0.7459778  12.5724749   6.37456596
   2.50760462  4.40191223 10.40296582 17.46548088]
 [ 7.40282876 15.93914748  0.89472804  3.96423938  1.20645108  1.85122934
   1.37469205 17.10973667  1.08662494 14.43609327]
 [ 1.12387016  4.95547504  2.20601932  2.15501082  8.89810066  1.43153439
   9.22963115 18.01061269  8.42820503  1.4004599 ]]