-------Running parameters--------
T = 0.001
temperature_gradient = 0.0
gap = 0.0
M = 10
N = 10
VR = 0.0
Vmin = 0.0
Vmax = 1.1
vStep = 0.001
vSym = True
repeats = 50
fileName = array_10_10_disorder_c_std_0.1_r_std_9.5_run_7
dist = exp
fullOutput = False
use_graph = False
current_map = False
plot_current_map = False
plot_binary_current_map = False
frame_norm = False
dbg = False
resume = False
sc = False
leaping = False
constQ = False
modifyR = False
double_time = False
double_loop = False
calcIT = False
output_folder = increase_disorder_by_multiplication_correction
params_path = increase_disorder_by_multiplication/runningParameters_array_10_10_disorder_c_std_0.1_r_std_9_run_7.txt
VG_avg = 0.0
VG_std = 0.0
C_avg = 2.0
C_std = 0.1
CG_avg = 10.0
CG_std = 0.0
R_avg = 10.0
R_std = 9.0
custom_rh = ""
custom_rv = ""
custom_ch = 
custom_cv = ""
RG_avg = 500.0
RG_std = 0.0
n0_avg = 0.0
n0_std = 0.0
Q0_avg = 0.0
Q0_std = 0.0
----Array Parameters-----
Rows: 10
Columns: 10
VG: [[0.]
 [0.]
 [0.]
 [0.]
 [0.]
 [0.]
 [0.]
 [0.]
 [0.]
 [0.]
 [0.]
 [0.]
 [0.]
 [0.]
 [0.]
 [0.]
 [0.]
 [0.]
 [0.]
 [0.]
 [0.]
 [0.]
 [0.]
 [0.]
 [0.]
 [0.]
 [0.]
 [0.]
 [0.]
 [0.]
 [0.]
 [0.]
 [0.]
 [0.]
 [0.]
 [0.]
 [0.]
 [0.]
 [0.]
 [0.]
 [0.]
 [0.]
 [0.]
 [0.]
 [0.]
 [0.]
 [0.]
 [0.]
 [0.]
 [0.]
 [0.]
 [0.]
 [0.]
 [0.]
 [0.]
 [0.]
 [0.]
 [0.]
 [0.]
 [0.]
 [0.]
 [0.]
 [0.]
 [0.]
 [0.]
 [0.]
 [0.]
 [0.]
 [0.]
 [0.]
 [0.]
 [0.]
 [0.]
 [0.]
 [0.]
 [0.]
 [0.]
 [0.]
 [0.]
 [0.]
 [0.]
 [0.]
 [0.]
 [0.]
 [0.]
 [0.]
 [0.]
 [0.]
 [0.]
 [0.]
 [0.]
 [0.]
 [0.]
 [0.]
 [0.]
 [0.]
 [0.]
 [0.]
 [0.]
 [0.]]
CG: [[10.]
 [10.]
 [10.]
 [10.]
 [10.]
 [10.]
 [10.]
 [10.]
 [10.]
 [10.]
 [10.]
 [10.]
 [10.]
 [10.]
 [10.]
 [10.]
 [10.]
 [10.]
 [10.]
 [10.]
 [10.]
 [10.]
 [10.]
 [10.]
 [10.]
 [10.]
 [10.]
 [10.]
 [10.]
 [10.]
 [10.]
 [10.]
 [10.]
 [10.]
 [10.]
 [10.]
 [10.]
 [10.]
 [10.]
 [10.]
 [10.]
 [10.]
 [10.]
 [10.]
 [10.]
 [10.]
 [10.]
 [10.]
 [10.]
 [10.]
 [10.]
 [10.]
 [10.]
 [10.]
 [10.]
 [10.]
 [10.]
 [10.]
 [10.]
 [10.]
 [10.]
 [10.]
 [10.]
 [10.]
 [10.]
 [10.]
 [10.]
 [10.]
 [10.]
 [10.]
 [10.]
 [10.]
 [10.]
 [10.]
 [10.]
 [10.]
 [10.]
 [10.]
 [10.]
 [10.]
 [10.]
 [10.]
 [10.]
 [10.]
 [10.]
 [10.]
 [10.]
 [10.]
 [10.]
 [10.]
 [10.]
 [10.]
 [10.]
 [10.]
 [10.]
 [10.]
 [10.]
 [10.]
 [10.]
 [10.]]
RG: [[500.]
 [500.]
 [500.]
 [500.]
 [500.]
 [500.]
 [500.]
 [500.]
 [500.]
 [500.]
 [500.]
 [500.]
 [500.]
 [500.]
 [500.]
 [500.]
 [500.]
 [500.]
 [500.]
 [500.]
 [500.]
 [500.]
 [500.]
 [500.]
 [500.]
 [500.]
 [500.]
 [500.]
 [500.]
 [500.]
 [500.]
 [500.]
 [500.]
 [500.]
 [500.]
 [500.]
 [500.]
 [500.]
 [500.]
 [500.]
 [500.]
 [500.]
 [500.]
 [500.]
 [500.]
 [500.]
 [500.]
 [500.]
 [500.]
 [500.]
 [500.]
 [500.]
 [500.]
 [500.]
 [500.]
 [500.]
 [500.]
 [500.]
 [500.]
 [500.]
 [500.]
 [500.]
 [500.]
 [500.]
 [500.]
 [500.]
 [500.]
 [500.]
 [500.]
 [500.]
 [500.]
 [500.]
 [500.]
 [500.]
 [500.]
 [500.]
 [500.]
 [500.]
 [500.]
 [500.]
 [500.]
 [500.]
 [500.]
 [500.]
 [500.]
 [500.]
 [500.]
 [500.]
 [500.]
 [500.]
 [500.]
 [500.]
 [500.]
 [500.]
 [500.]
 [500.]
 [500.]
 [500.]
 [500.]
 [500.]]
Ch: [[1.92855265 1.92684386 2.01713344 1.95105788 1.93849411 1.9629769
  2.09825075 1.95405427 2.03521283 1.92803242 2.03587169]
 [2.06045    1.93084811 2.01885369 1.92434141 1.91238551 2.08740951
  1.90972229 1.92605114 1.94579244 2.07255351 2.09913663]
 [2.069123   2.07362786 2.00918741 2.04577742 1.94907631 1.93932778
  1.9856098  1.98443119 1.92901759 2.04423796 2.01544789]
 [2.02883028 2.03797138 2.0093516  1.91525662 2.08028516 2.05054674
  2.08125579 1.9872299  2.05030762 1.97967367 1.92180716]
 [2.07456079 2.0711757  1.90978576 1.98917354 1.92998682 2.0463716
  2.09131785 2.05073802 1.97822903 2.03635129 2.00609749]
 [2.02836931 2.0820891  2.08861903 2.00068236 2.05662163 1.99558922
  1.99171251 2.02771992 2.00822465 1.95897815 2.01612909]
 [2.01515374 1.92432822 2.05678259 2.06425597 2.01766689 2.0053867
  2.02663736 1.96746257 1.975368   2.01801552 1.95954239]
 [2.09011403 1.92624046 2.01718677 1.94412486 1.92286994 1.99107098
  1.96043428 1.99576101 2.06564437 1.99285095 1.98404389]
 [2.09752716 1.9146441  1.94239935 1.91924563 1.98138898 2.0440999
  2.06530398 2.02030428 2.08794836 2.06878308 1.91486373]
 [1.99217001 2.0142412  1.95377443 1.90442261 2.02796709 1.90833711
  2.04357794 1.99852285 1.9230714  2.0977497  2.03839985]]
Cv: [[0.         0.         0.         0.         0.         0.
  0.         0.         0.         0.        ]
 [1.93695528 1.95040891 1.9441871  2.03693415 1.98491629 1.99132752
  1.92139422 1.91171366 2.04575264 2.05149403]
 [2.01958845 2.06866949 2.07934067 2.02381941 1.90714163 1.9461814
  1.94907348 1.92151686 1.97809834 1.9869742 ]
 [2.03431981 1.97342611 2.04256973 2.0367691  2.09479936 1.98981003
  1.9645981  2.07356906 1.99799758 1.90102177]
 [2.06938731 1.9065582  2.03913785 1.92664613 1.93480163 2.09607118
  2.06692621 2.09902146 1.97368082 2.00666595]
 [1.93607177 1.93373176 1.90063008 1.95892615 1.98117911 1.91493821
  1.96081438 2.09286683 1.9317652  1.95893376]
 [2.05317614 1.96617828 1.98458968 1.92089478 1.98790651 1.94409859
  2.01967282 1.97106265 2.02321886 1.95680824]
 [1.95221468 2.01090503 1.92845374 1.92068706 2.00307111 1.95616467
  1.98605136 2.07591528 2.05742903 1.92488243]
 [1.91157428 2.07545175 1.96472567 2.06295688 2.00771264 2.0635685
  2.09617782 1.99513205 2.0230547  1.94452145]
 [1.96405779 1.91071949 2.08612058 2.07630515 1.98814355 1.96156723
  1.90408899 1.91095044 2.02567255 1.94173188]]
Rh: [[ 0.90220113 10.89044811  3.66356518  0.82041064 17.75274368 12.17221026
   9.28745708  0.52762183 11.60153314  0.7590121   6.7222386 ]
 [ 1.02847728  2.86320811  6.85305146 12.16194917 12.45377192 15.03108072
   3.8775399   7.86389388  7.68214992 12.42974345  2.27921203]
 [ 0.73316679 10.98630599  1.25654827  4.84576439  7.40963746  2.1144287
   0.86177665  2.82147522 13.88085192  1.44135058  9.4719257 ]
 [ 9.77952972  6.50553579  0.88520705  2.53588118  1.49069297  0.79862161
   5.91232937  4.18755086  2.41551915 16.75455716  4.78386154]
 [ 6.74440787  4.62922648 11.5983387   0.96591985  0.89584184  5.39969134
  11.46949331  6.82181788 18.46338662  1.54039703 14.58984692]
 [ 0.50947964  5.25271722  0.93107975 12.2347849   8.57681827  2.95054297
   4.59500018  0.50501556 14.69679406 17.02381622  2.838975  ]
 [ 0.5896064   0.69472641 18.93190879 14.40270427  2.21353142  7.00583326
   8.36964852 14.34902458  0.87701092  8.6328232   7.06104964]
 [ 1.25968635  5.58679914  0.65944547  6.86271997  1.97200558 15.19863703
   8.29722304  1.94670717  2.17373392  3.06496482  0.56682146]
 [ 4.99388584  5.08749017  0.74561872  5.20338241  1.09923668  1.19965282
   3.52073906  1.55237659  5.48028983  0.9141634   1.44616071]
 [ 5.42637638  2.41061504 16.70724107  1.54966652  2.77000294  4.40655489
   7.53078782 10.83879757  1.62109015  1.44560315  5.62702312]]
Rv: [[11.80630801  2.18456758  0.74591133 15.42283879  1.71198461  2.65572575
   2.67515765  6.85059188  3.65871885  5.87920069]
 [ 0.94659313  6.87244137  8.19275621  9.67644267  2.21258929  0.53059228
   1.85592003  1.37235802 15.4998611   3.68725886]
 [ 0.97375339  0.92705185  8.11342869  5.53005176  4.68292306  5.5802793
   9.30647756  0.51175655  2.63204075  2.44491796]
 [ 3.36306217  2.57806142  3.18775929  5.64908362  1.7291163   1.12424684
   1.55229152  9.21200665  7.91003471  4.80727544]
 [16.2065336   2.3598333   3.10211001  0.56980599  3.63678263 19.18683756
   5.20047341  2.96780928  5.74229716  3.68529573]
 [ 0.60165434  7.16961261 11.84760855  1.03920869  7.31407581  0.86777247
   3.19921254  6.20680558 17.1965004   9.30910007]
 [ 2.10486106  9.83642433  4.14593001  0.55244668 16.99975899  8.58061255
   3.99681269 14.41630221 12.0347585   6.43776714]
 [ 1.79052891 13.59452074  3.57026321  6.33689015  8.99527313 14.7782234
   6.16576112  1.25307785  6.86233469 15.65039941]
 [ 0.63062453  3.63065006 14.07686678  5.79584925  7.27376729  1.73764048
   4.47933506  8.67029416  8.00440518 11.36841699]]