-------Running parameters--------
T = 0.001
temperature_gradient = 0.0
gap = 0.0
M = 10
N = 10
VR = 0.0
Vmin = 0.0
Vmax = 1.1
vStep = 0.001
vSym = True
repeats = 50
fileName = array_10_10_disorder_c_std_0.1_r_std_9.5_run_2
dist = exp
fullOutput = False
use_graph = False
current_map = False
plot_current_map = False
plot_binary_current_map = False
frame_norm = False
dbg = False
resume = False
sc = False
leaping = False
constQ = False
modifyR = False
double_time = False
double_loop = False
calcIT = False
output_folder = increase_disorder_by_multiplication_correction
params_path = increase_disorder_by_multiplication/runningParameters_array_10_10_disorder_c_std_0.1_r_std_9_run_2.txt
VG_avg = 0.0
VG_std = 0.0
C_avg = 2.0
C_std = 0.1
CG_avg = 10.0
CG_std = 0.0
R_avg = 10.0
R_std = 9.0
custom_rh = ""
custom_rv = ""
custom_ch = 
custom_cv = ""
RG_avg = 500.0
RG_std = 0.0
n0_avg = 0.0
n0_std = 0.0
Q0_avg = 0.0
Q0_std = 0.0
----Array Parameters-----
Rows: 10
Columns: 10
VG: [[0.]
 [0.]
 [0.]
 [0.]
 [0.]
 [0.]
 [0.]
 [0.]
 [0.]
 [0.]
 [0.]
 [0.]
 [0.]
 [0.]
 [0.]
 [0.]
 [0.]
 [0.]
 [0.]
 [0.]
 [0.]
 [0.]
 [0.]
 [0.]
 [0.]
 [0.]
 [0.]
 [0.]
 [0.]
 [0.]
 [0.]
 [0.]
 [0.]
 [0.]
 [0.]
 [0.]
 [0.]
 [0.]
 [0.]
 [0.]
 [0.]
 [0.]
 [0.]
 [0.]
 [0.]
 [0.]
 [0.]
 [0.]
 [0.]
 [0.]
 [0.]
 [0.]
 [0.]
 [0.]
 [0.]
 [0.]
 [0.]
 [0.]
 [0.]
 [0.]
 [0.]
 [0.]
 [0.]
 [0.]
 [0.]
 [0.]
 [0.]
 [0.]
 [0.]
 [0.]
 [0.]
 [0.]
 [0.]
 [0.]
 [0.]
 [0.]
 [0.]
 [0.]
 [0.]
 [0.]
 [0.]
 [0.]
 [0.]
 [0.]
 [0.]
 [0.]
 [0.]
 [0.]
 [0.]
 [0.]
 [0.]
 [0.]
 [0.]
 [0.]
 [0.]
 [0.]
 [0.]
 [0.]
 [0.]
 [0.]]
CG: [[10.]
 [10.]
 [10.]
 [10.]
 [10.]
 [10.]
 [10.]
 [10.]
 [10.]
 [10.]
 [10.]
 [10.]
 [10.]
 [10.]
 [10.]
 [10.]
 [10.]
 [10.]
 [10.]
 [10.]
 [10.]
 [10.]
 [10.]
 [10.]
 [10.]
 [10.]
 [10.]
 [10.]
 [10.]
 [10.]
 [10.]
 [10.]
 [10.]
 [10.]
 [10.]
 [10.]
 [10.]
 [10.]
 [10.]
 [10.]
 [10.]
 [10.]
 [10.]
 [10.]
 [10.]
 [10.]
 [10.]
 [10.]
 [10.]
 [10.]
 [10.]
 [10.]
 [10.]
 [10.]
 [10.]
 [10.]
 [10.]
 [10.]
 [10.]
 [10.]
 [10.]
 [10.]
 [10.]
 [10.]
 [10.]
 [10.]
 [10.]
 [10.]
 [10.]
 [10.]
 [10.]
 [10.]
 [10.]
 [10.]
 [10.]
 [10.]
 [10.]
 [10.]
 [10.]
 [10.]
 [10.]
 [10.]
 [10.]
 [10.]
 [10.]
 [10.]
 [10.]
 [10.]
 [10.]
 [10.]
 [10.]
 [10.]
 [10.]
 [10.]
 [10.]
 [10.]
 [10.]
 [10.]
 [10.]
 [10.]]
RG: [[500.]
 [500.]
 [500.]
 [500.]
 [500.]
 [500.]
 [500.]
 [500.]
 [500.]
 [500.]
 [500.]
 [500.]
 [500.]
 [500.]
 [500.]
 [500.]
 [500.]
 [500.]
 [500.]
 [500.]
 [500.]
 [500.]
 [500.]
 [500.]
 [500.]
 [500.]
 [500.]
 [500.]
 [500.]
 [500.]
 [500.]
 [500.]
 [500.]
 [500.]
 [500.]
 [500.]
 [500.]
 [500.]
 [500.]
 [500.]
 [500.]
 [500.]
 [500.]
 [500.]
 [500.]
 [500.]
 [500.]
 [500.]
 [500.]
 [500.]
 [500.]
 [500.]
 [500.]
 [500.]
 [500.]
 [500.]
 [500.]
 [500.]
 [500.]
 [500.]
 [500.]
 [500.]
 [500.]
 [500.]
 [500.]
 [500.]
 [500.]
 [500.]
 [500.]
 [500.]
 [500.]
 [500.]
 [500.]
 [500.]
 [500.]
 [500.]
 [500.]
 [500.]
 [500.]
 [500.]
 [500.]
 [500.]
 [500.]
 [500.]
 [500.]
 [500.]
 [500.]
 [500.]
 [500.]
 [500.]
 [500.]
 [500.]
 [500.]
 [500.]
 [500.]
 [500.]
 [500.]
 [500.]
 [500.]
 [500.]]
Ch: [[1.91074966 2.031875   2.079795   2.00463781 2.07309121 1.98998179
  1.97983717 2.08192921 1.90319563 2.02046634 1.98949595]
 [1.96893817 2.09011369 2.08089497 2.04276821 2.00838595 1.92371735
  2.08607912 2.06972818 1.95856966 2.06112888 2.0920377 ]
 [2.01037284 2.03682945 1.94796189 2.01335131 2.09834487 1.95936711
  1.98728218 1.99053265 1.94524581 1.94002486 1.95836101]
 [2.0906658  2.0475605  2.04987078 1.94503739 2.06586959 1.94174886
  1.91072433 2.04245826 1.95561107 2.04194417 1.91457041]
 [1.92215721 1.94341602 1.99138337 1.95761241 1.9080614  1.91945206
  1.92735807 2.02218105 1.95524246 1.91844398 2.08036318]
 [1.94585382 1.92893735 1.90821598 1.994121   2.01814202 1.99125932
  1.90578332 1.99434452 1.94295905 1.9801206  1.95973222]
 [2.033043   2.06334325 1.98361899 2.00817039 1.97452082 2.04569683
  1.95980432 1.9004989  1.90483295 1.94392334 1.92948625]
 [1.98218858 1.90851592 2.02444062 1.93706504 1.9940525  1.92445924
  1.91393583 2.02846627 1.99244282 1.95235728 1.95479072]
 [1.95365199 1.93902156 1.94039987 1.9280408  2.08056226 1.93913647
  1.96234662 1.95230345 2.07265656 1.95157443 2.03241522]
 [1.90266603 1.91914318 2.01484069 1.93636991 2.07721989 2.0334753
  1.97930915 1.96979454 1.9817285  2.07981271 2.0400413 ]]
Cv: [[0.         0.         0.         0.         0.         0.
  0.         0.         0.         0.        ]
 [1.93375374 1.99758219 2.05897472 1.9726423  1.93003244 1.9868227
  2.08118014 2.0155684  1.91061077 2.06803439]
 [2.03731742 2.05108339 1.91581721 2.07711358 1.95754254 1.97816407
  1.91154351 1.92720708 2.00677583 2.06467298]
 [2.04771387 1.91102731 2.02227445 2.09791331 1.94129693 1.95875871
  1.91397945 2.01816449 2.01325174 2.08329546]
 [2.0330219  1.93355263 1.92870391 2.06765554 2.01254801 1.95185073
  2.05570078 1.94050079 1.95757196 1.97589003]
 [2.09846254 2.0444568  1.97467251 1.91842593 1.92753988 2.0231332
  2.0248875  2.07573202 2.07074912 1.95402701]
 [1.91708486 2.08343759 1.91606941 1.97538805 1.92093353 2.06947145
  1.90815039 2.0382684  2.01291905 1.91658269]
 [2.09627436 1.91406122 1.91426873 1.9587376  2.03410168 2.05460062
  2.0592453  1.90370537 1.9457912  2.02397714]
 [1.90559703 1.95924924 1.92738007 1.90057836 2.04193022 1.98388945
  1.98249605 1.92617741 2.02967445 1.94869647]
 [1.93741943 2.0620789  1.95947556 2.07806728 2.07055398 2.00059282
  1.98474149 1.99854791 2.07534185 1.91623946]]
Rh: [[ 1.86952336  1.87710733 14.33749607 12.70314678  8.88711578  1.09458689
   9.77317356  0.5617598   0.67536543 16.09022253  8.19634074]
 [ 4.16799791  3.47003981  1.53746819 13.21454167  5.6314543   3.95951974
   2.5377275   2.25074983  5.28376298  6.15216843  2.85149836]
 [ 0.53948472  4.9081932  18.67488457  5.8203155   6.20013249  0.92204332
   1.00299443 12.63813305  5.78637219  3.47902815  9.33810187]
 [16.17711444 13.1333831   9.89025074  1.23221939 12.11818863 10.92401529
  13.67529465  7.76884101  0.96216251 10.91690603  9.92776372]
 [ 1.64066577  4.43587978  2.7536707   3.08865731  6.22487748  5.68464961
  14.47282491  0.54075249  3.1597379   0.50884343  4.15668113]
 [ 4.09147685  0.61104178 13.50566307  6.979641   14.88512053  9.93264442
   7.03613485  1.31443992  9.91773396  2.91217603  0.82731932]
 [15.31359982  7.23451872  0.71970116  0.65714751 12.18479607  0.97664727
   1.96939075  1.22253887  1.9910993   9.04565162  2.70201161]
 [ 1.41744555  1.34947621  0.95106301  1.8947962   3.33327746  2.23845124
   8.49127866  5.07304653  6.26761124  0.53266547 11.59936573]
 [ 6.55953803  9.58718588  1.40510474  3.98321574  1.11500871  9.19196509
   1.86666374  1.72456956  0.6715892  17.67407706  7.01739405]
 [ 1.36700868  5.99956039  2.71862762 13.12963737  9.02977389 16.91104976
  10.2719376   9.34231374  9.78486258 14.19788861  3.7026692 ]]
Rv: [[ 0.55037367  3.08873321 13.11302398  1.20788884  7.20834686 15.78994351
   7.71133491 10.35209643  3.5309128  15.0536812 ]
 [ 5.33468866  4.11414464  4.35850402 12.39989455  1.04091836  2.96697473
   8.02416944  9.41276484 10.72102884  9.48178162]
 [ 3.89537425  1.50878478  4.08305114  7.24808044  3.74653588  0.82055971
   9.62044775  3.18406455  1.11489567  9.83318563]
 [ 1.61415219 14.70507651  9.51695555  5.89772609 10.11132713 16.81678677
  13.26923334  7.00625574  2.53562166  0.59854194]
 [14.45770831  0.75939503  0.92348784  1.0081753   6.25903997 13.51266179
   0.57848396  0.6264188   2.00609197  4.61998822]
 [18.83473375  2.16917225  8.44392021  0.91659004  6.08338162 16.8017575
   6.86907088  4.5855085   1.90709393 17.48016552]
 [ 6.41440984  5.42081399  0.70309614  8.50275129 13.67592395  3.8350345
   3.24692192  1.13521844  9.65786671  7.15000615]
 [ 1.44027738 13.17545433 15.92565958  4.19565927  1.7673239  15.80916348
   1.23051752  6.58260623  1.56318855  3.48215945]
 [ 6.02947671  2.62608016  1.50193671  9.10772763 18.21419762  9.48251622
  15.25060363  3.12954285 17.47379822 18.46495294]]