-------Running parameters--------
T = 0.001
temperature_gradient = 0.0
gap = 0.0
M = 10
N = 10
VR = 0.0
Vmin = 0.0
Vmax = 1.1
vStep = 0.001
vSym = True
repeats = 50
fileName = array_10_10_disorder_c_std_0.1_r_std_9.5_run_4
dist = exp
fullOutput = False
use_graph = False
current_map = False
plot_current_map = False
plot_binary_current_map = False
frame_norm = False
dbg = False
resume = False
sc = False
leaping = False
constQ = False
modifyR = False
double_time = False
double_loop = False
calcIT = False
output_folder = increase_disorder_by_multiplication_correction
params_path = increase_disorder_by_multiplication/runningParameters_array_10_10_disorder_c_std_0.1_r_std_9_run_4.txt
VG_avg = 0.0
VG_std = 0.0
C_avg = 2.0
C_std = 0.1
CG_avg = 10.0
CG_std = 0.0
R_avg = 10.0
R_std = 9.0
custom_rh = ""
custom_rv = ""
custom_ch = 
custom_cv = ""
RG_avg = 500.0
RG_std = 0.0
n0_avg = 0.0
n0_std = 0.0
Q0_avg = 0.0
Q0_std = 0.0
----Array Parameters-----
Rows: 10
Columns: 10
VG: [[0.]
 [0.]
 [0.]
 [0.]
 [0.]
 [0.]
 [0.]
 [0.]
 [0.]
 [0.]
 [0.]
 [0.]
 [0.]
 [0.]
 [0.]
 [0.]
 [0.]
 [0.]
 [0.]
 [0.]
 [0.]
 [0.]
 [0.]
 [0.]
 [0.]
 [0.]
 [0.]
 [0.]
 [0.]
 [0.]
 [0.]
 [0.]
 [0.]
 [0.]
 [0.]
 [0.]
 [0.]
 [0.]
 [0.]
 [0.]
 [0.]
 [0.]
 [0.]
 [0.]
 [0.]
 [0.]
 [0.]
 [0.]
 [0.]
 [0.]
 [0.]
 [0.]
 [0.]
 [0.]
 [0.]
 [0.]
 [0.]
 [0.]
 [0.]
 [0.]
 [0.]
 [0.]
 [0.]
 [0.]
 [0.]
 [0.]
 [0.]
 [0.]
 [0.]
 [0.]
 [0.]
 [0.]
 [0.]
 [0.]
 [0.]
 [0.]
 [0.]
 [0.]
 [0.]
 [0.]
 [0.]
 [0.]
 [0.]
 [0.]
 [0.]
 [0.]
 [0.]
 [0.]
 [0.]
 [0.]
 [0.]
 [0.]
 [0.]
 [0.]
 [0.]
 [0.]
 [0.]
 [0.]
 [0.]
 [0.]]
CG: [[10.]
 [10.]
 [10.]
 [10.]
 [10.]
 [10.]
 [10.]
 [10.]
 [10.]
 [10.]
 [10.]
 [10.]
 [10.]
 [10.]
 [10.]
 [10.]
 [10.]
 [10.]
 [10.]
 [10.]
 [10.]
 [10.]
 [10.]
 [10.]
 [10.]
 [10.]
 [10.]
 [10.]
 [10.]
 [10.]
 [10.]
 [10.]
 [10.]
 [10.]
 [10.]
 [10.]
 [10.]
 [10.]
 [10.]
 [10.]
 [10.]
 [10.]
 [10.]
 [10.]
 [10.]
 [10.]
 [10.]
 [10.]
 [10.]
 [10.]
 [10.]
 [10.]
 [10.]
 [10.]
 [10.]
 [10.]
 [10.]
 [10.]
 [10.]
 [10.]
 [10.]
 [10.]
 [10.]
 [10.]
 [10.]
 [10.]
 [10.]
 [10.]
 [10.]
 [10.]
 [10.]
 [10.]
 [10.]
 [10.]
 [10.]
 [10.]
 [10.]
 [10.]
 [10.]
 [10.]
 [10.]
 [10.]
 [10.]
 [10.]
 [10.]
 [10.]
 [10.]
 [10.]
 [10.]
 [10.]
 [10.]
 [10.]
 [10.]
 [10.]
 [10.]
 [10.]
 [10.]
 [10.]
 [10.]
 [10.]]
RG: [[500.]
 [500.]
 [500.]
 [500.]
 [500.]
 [500.]
 [500.]
 [500.]
 [500.]
 [500.]
 [500.]
 [500.]
 [500.]
 [500.]
 [500.]
 [500.]
 [500.]
 [500.]
 [500.]
 [500.]
 [500.]
 [500.]
 [500.]
 [500.]
 [500.]
 [500.]
 [500.]
 [500.]
 [500.]
 [500.]
 [500.]
 [500.]
 [500.]
 [500.]
 [500.]
 [500.]
 [500.]
 [500.]
 [500.]
 [500.]
 [500.]
 [500.]
 [500.]
 [500.]
 [500.]
 [500.]
 [500.]
 [500.]
 [500.]
 [500.]
 [500.]
 [500.]
 [500.]
 [500.]
 [500.]
 [500.]
 [500.]
 [500.]
 [500.]
 [500.]
 [500.]
 [500.]
 [500.]
 [500.]
 [500.]
 [500.]
 [500.]
 [500.]
 [500.]
 [500.]
 [500.]
 [500.]
 [500.]
 [500.]
 [500.]
 [500.]
 [500.]
 [500.]
 [500.]
 [500.]
 [500.]
 [500.]
 [500.]
 [500.]
 [500.]
 [500.]
 [500.]
 [500.]
 [500.]
 [500.]
 [500.]
 [500.]
 [500.]
 [500.]
 [500.]
 [500.]
 [500.]
 [500.]
 [500.]
 [500.]]
Ch: [[1.95542674 1.97789885 1.90717498 1.90094228 2.09735993 2.05433248
  1.92839467 1.92831512 1.9777744  2.03886773 1.9922774 ]
 [2.04675045 1.95221998 1.97487638 1.92703837 1.96279861 1.93979803
  2.07849227 1.90643514 1.92620996 2.09200764 1.91700588]
 [1.99623056 1.99676822 2.07127764 2.02887425 1.92429659 1.9073522
  1.90100453 1.98932542 2.04979551 2.09684297 2.08009671]
 [2.01250838 1.93971368 1.99383572 2.06355252 1.97609269 1.92592976
  1.97276476 2.02311813 2.08567484 1.91818442 2.04026982]
 [1.93478076 1.97175763 2.01939376 1.97210787 1.97837939 1.97257184
  2.06210548 1.990433   1.95353982 1.92921066 1.95521116]
 [1.99123153 2.04844143 1.93026298 2.07282599 2.06415587 1.91627326
  1.95575765 1.95499984 2.05794661 1.99553632 1.9501877 ]
 [1.97515349 1.9801536  2.05626996 1.93410011 1.9005216  1.95733739
  1.97386424 1.90159052 2.09634981 2.05743136 1.98866479]
 [2.02499627 1.9812246  2.03814501 1.99370772 1.98229205 1.97572855
  2.04794539 1.92700048 1.91180384 2.04926709 2.05077896]
 [2.08882184 1.94539313 2.02762074 2.02629519 1.90959941 2.079961
  1.91535797 2.06118866 2.01073969 1.95317199 2.01191184]
 [2.02790703 1.98706471 2.08349254 2.04597601 2.02498572 1.90721777
  1.96258331 2.02443664 1.92382087 1.99448641 1.92954475]]
Cv: [[0.         0.         0.         0.         0.         0.
  0.         0.         0.         0.        ]
 [1.94241367 2.03266184 1.97120166 2.00518163 1.97052756 2.00391488
  1.92519161 1.90863802 1.90650602 1.99304204]
 [2.07774205 2.0956922  1.96975755 1.90036149 2.06261133 1.95434428
  2.01754097 2.03154914 1.99914886 2.01159942]
 [1.95359145 2.06326107 1.9113919  1.99828212 1.93396546 1.98727946
  1.91732201 1.94347246 2.05618464 1.97046964]
 [2.02144159 1.90398955 1.93570357 1.99620897 2.06590721 1.98460255
  2.05677124 2.01732452 1.94745696 1.99272309]
 [1.99550643 2.03557647 2.02826569 2.08617789 2.00031822 1.96027278
  2.01746912 2.09575678 2.01062581 2.01992557]
 [1.96583042 1.91007304 1.9284358  1.98878032 2.04736429 1.94319764
  1.9996975  2.06323726 1.95779921 1.97143523]
 [1.94078807 1.90203542 2.00179941 2.048099   2.07160605 2.09711472
  1.92018456 2.03298974 1.96616506 1.95350976]
 [2.01575398 2.01808039 2.08834518 2.06854273 2.03805578 2.05226348
  1.96597517 2.08236572 2.01652529 1.95192387]
 [2.04325151 2.09884196 2.09418892 2.08687278 1.98538072 1.91149706
  2.01427389 2.05740657 2.07764785 2.08794356]]
Rh: [[ 5.15913679 11.41191344  0.5308641   0.95157018  4.23488221  1.39909546
   2.05072604 16.62299313  8.71262288 18.00495662  1.78089206]
 [ 0.9009765  14.22881301  4.21213213  1.70105454  1.69595112  6.03789782
  10.01981613  3.85328797  3.76974711  2.04622176  5.43376458]
 [ 4.96906556  0.83782913  2.61982262  7.02862276 10.11821937  7.70368721
  14.94940437 17.71844858  2.09600277  2.90292183  1.71940768]
 [12.80923389  2.83379469  7.15876935 10.50298042  1.29983471 11.02782434
   8.03650697  5.72794529  1.48455662  5.35818702  8.14310269]
 [10.5278896   0.96640741  9.30306461  2.19183602 17.82668396  6.17558966
   0.93765156  3.1899003  11.01486197 10.77168307  3.06503276]
 [ 4.81770136  1.67874805  6.13236733  2.09310828  2.65829423 10.23349388
  14.25414579  0.75608498  2.90730347  5.97621554  5.44749301]
 [14.23060813  7.39919156  6.334506    1.79651495  3.76190524  2.31580823
   0.96259739  1.07061432  3.31651837  4.64138074  4.77276129]
 [ 0.83399145  3.84734121  7.03085119 11.8321462  18.7724779  10.74657581
   1.34498466 10.14078554  7.67723168  4.35128363 13.79647923]
 [ 3.48205355  8.3457678   1.33638318  3.74095291  1.67968115  0.68183353
   0.68951853  5.57490489  3.64306557  2.69231031  6.33076378]
 [16.45358603 14.02344568  5.06567676  2.66506532  0.90644152 16.75627255
   9.36255818 16.47204157  4.97198382  1.42598263  2.98311497]]
Rv: [[18.99536545  1.78561207  0.89105887  8.06866841  3.48316374  1.93556313
   0.96102591  7.67580914  1.36685294  1.05214578]
 [ 4.34159034  3.91609447  2.39268549  1.13114145 10.97432062  7.91660866
  16.76131123  3.12965008  8.20857887  1.24616698]
 [12.04869098 14.92351054  0.78670397  0.73793816  1.83193498  8.04024126
   2.27655057 19.21563573  1.35934442  1.64645466]
 [ 5.77277721  0.70425258  1.73802269 10.27557748  1.66015927  2.02743529
  13.279074   16.34358461  1.6074536   0.71660164]
 [ 1.25697023  4.22480008  7.63483748  3.73603216 11.05964862  3.14721995
  19.12548155  2.12044687  0.98513796  4.43934008]
 [ 3.57428455  6.79900737  0.68874713  1.85585722  0.88714627  3.23886536
   6.62432449  0.69544154  0.64472317 19.43098501]
 [14.92466324  1.13265458 17.52405073  2.97635474  8.52026931  1.63052508
   0.88568826  3.59180041  1.80233355  7.01926651]
 [14.74226285  9.83461734  2.56484601 14.97720588  1.77753831  1.66242855
  12.72452128  6.25062797  1.01257124  2.64936601]
 [ 3.72839619  0.53457154  4.93431433  0.559285    3.5629045   2.13026493
   1.90477113 17.00616179 14.77583991  4.39031176]]