-------Running parameters--------
T = 0.001
gap = 0
M = 5
N = 15
VR = 0.0
VU = 0.0
VD = 0.0
Vmin = 0.0
Vmax = 2.0
vStep = 0.01
vSym = True
repeats = 20
fileName = array_5_15_r_std_9_run_6
dist = exp
fullOutput = True
use_graph = False
current_map = True
plot_current_map = False
plot_binary_current_map = False
dbg = False
resume = False
sc = False
leaping = False
constQ = False
modifyR = False
output_folder = 2d_long_array_bgu_with_perp
params_path = 
VG_avg = 0.0
VG_std = 0.0
C_avg = 1.0
C_std = 1.0
CG_avg = 10.0
CG_std = 0.0
R_avg = 10.0
R_std = 9.0
custom_rh = ""
custom_rv = ""
custom_ch = ""
custom_cv = ""
RG_avg = 500.0
RG_std = 0.0
n0_avg = 0.0
n0_std = 0.0
Q0_avg = 0.0
Q0_std = 0.0
----Array Parameters-----
Rows: 5
Columns: 15
VG: [[0.]
 [0.]
 [0.]
 [0.]
 [0.]
 [0.]
 [0.]
 [0.]
 [0.]
 [0.]
 [0.]
 [0.]
 [0.]
 [0.]
 [0.]
 [0.]
 [0.]
 [0.]
 [0.]
 [0.]
 [0.]
 [0.]
 [0.]
 [0.]
 [0.]
 [0.]
 [0.]
 [0.]
 [0.]
 [0.]
 [0.]
 [0.]
 [0.]
 [0.]
 [0.]
 [0.]
 [0.]
 [0.]
 [0.]
 [0.]
 [0.]
 [0.]
 [0.]
 [0.]
 [0.]
 [0.]
 [0.]
 [0.]
 [0.]
 [0.]
 [0.]
 [0.]
 [0.]
 [0.]
 [0.]
 [0.]
 [0.]
 [0.]
 [0.]
 [0.]
 [0.]
 [0.]
 [0.]
 [0.]
 [0.]
 [0.]
 [0.]
 [0.]
 [0.]
 [0.]
 [0.]
 [0.]
 [0.]
 [0.]
 [0.]]
CG: [[10.]
 [10.]
 [10.]
 [10.]
 [10.]
 [10.]
 [10.]
 [10.]
 [10.]
 [10.]
 [10.]
 [10.]
 [10.]
 [10.]
 [10.]
 [10.]
 [10.]
 [10.]
 [10.]
 [10.]
 [10.]
 [10.]
 [10.]
 [10.]
 [10.]
 [10.]
 [10.]
 [10.]
 [10.]
 [10.]
 [10.]
 [10.]
 [10.]
 [10.]
 [10.]
 [10.]
 [10.]
 [10.]
 [10.]
 [10.]
 [10.]
 [10.]
 [10.]
 [10.]
 [10.]
 [10.]
 [10.]
 [10.]
 [10.]
 [10.]
 [10.]
 [10.]
 [10.]
 [10.]
 [10.]
 [10.]
 [10.]
 [10.]
 [10.]
 [10.]
 [10.]
 [10.]
 [10.]
 [10.]
 [10.]
 [10.]
 [10.]
 [10.]
 [10.]
 [10.]
 [10.]
 [10.]
 [10.]
 [10.]
 [10.]]
RG: [[500.]
 [500.]
 [500.]
 [500.]
 [500.]
 [500.]
 [500.]
 [500.]
 [500.]
 [500.]
 [500.]
 [500.]
 [500.]
 [500.]
 [500.]
 [500.]
 [500.]
 [500.]
 [500.]
 [500.]
 [500.]
 [500.]
 [500.]
 [500.]
 [500.]
 [500.]
 [500.]
 [500.]
 [500.]
 [500.]
 [500.]
 [500.]
 [500.]
 [500.]
 [500.]
 [500.]
 [500.]
 [500.]
 [500.]
 [500.]
 [500.]
 [500.]
 [500.]
 [500.]
 [500.]
 [500.]
 [500.]
 [500.]
 [500.]
 [500.]
 [500.]
 [500.]
 [500.]
 [500.]
 [500.]
 [500.]
 [500.]
 [500.]
 [500.]
 [500.]
 [500.]
 [500.]
 [500.]
 [500.]
 [500.]
 [500.]
 [500.]
 [500.]
 [500.]
 [500.]
 [500.]
 [500.]
 [500.]
 [500.]
 [500.]]
Ch: [[0.0466922  0.09414635 0.06522974 0.49156004 0.77673389 0.20615417
  0.24181294 0.28971456 0.02454174 0.18899239 0.01929019 0.06612871
  0.06059841 0.21598592 0.02584411 1.67939447]
 [0.04741189 0.14853984 0.02601228 0.89954135 0.02022213 0.0236458
  0.91245739 0.0327154  0.04719728 0.82730704 0.01199017 0.01600988
  0.02871704 0.07194667 0.18960549 0.22843315]
 [0.03931745 0.05190702 0.58296504 0.03855719 0.02941956 0.12529726
  0.03772089 0.0408873  0.16599034 1.8282986  0.01592781 0.10537546
  0.10167709 0.01158835 0.37354592 0.19669262]
 [0.31123009 0.04919587 0.01665625 1.01313993 0.25945685 0.23091987
  0.0288221  0.01119073 0.56664538 0.0660704  1.09755193 0.43745928
  1.55145691 0.06541656 0.0298629  1.58067932]
 [0.08237312 0.01398218 0.04576176 0.03403754 0.04189153 0.91433851
  0.04600346 0.42157866 0.76096051 0.02615985 0.06932285 0.05510813
  0.08985853 0.39603881 0.03356741 1.40793386]]
Cv: [[0.0754483  0.04029065 0.11105326 0.07801254 0.01784489 0.08228211
  0.76909904 0.16409609 0.04399302 1.84684826 0.03014009 0.11599268
  0.02441385 0.01069144 0.48129254]
 [0.01474677 0.48737678 0.78703119 0.02129936 0.02636985 1.10884297
  0.09138906 0.23473083 0.4110302  0.17007539 0.44022004 1.69396343
  0.62354445 0.6339562  0.98535692]
 [0.25993646 1.2377162  0.4417885  0.28916819 0.01345649 0.10798458
  0.40812659 0.1109934  1.95308364 1.57785678 1.0762521  0.01621365
  0.39909297 0.0554602  0.09356926]
 [0.13792349 0.14124008 0.13155062 1.31379919 0.10945757 1.79388886
  0.79219639 0.02647249 0.01554454 0.55203977 0.05784471 0.61021085
  0.6895974  0.01557378 0.04549088]
 [0.02885261 0.04447443 0.25055227 0.27204974 0.01164625 0.0111318
  0.44781963 0.18734949 0.49955679 0.02483751 0.07148169 0.01264632
  0.08703321 0.09228465 1.50703249]
 [0.02774098 0.50073624 0.02013855 0.29722005 0.76519397 0.70919627
  0.08953529 0.04550436 0.14463586 0.22457136 0.54558099 0.09080584
  0.39010837 0.51978826 1.86566951]]
Rh: [[ 3.59214936  1.57599077 11.37260555  8.29080026  3.95338931  3.46102822
  18.76432088  9.90648696  1.98010411  4.09084998 14.23277846 17.2970724
  16.70162507  1.19830683  1.43728612  1.71977208]
 [ 2.05072731  2.36679982 12.78045085  1.82680394  6.62088105  2.78785246
   1.05639899  2.94033116  1.39911904  1.59612594  1.18354071  1.729264
  13.87156736  2.64139751 14.05478683  1.06815452]
 [ 1.19285576 14.19836088  5.90150452  1.02819581  1.45903025  5.4892559
   2.44119121  1.17563084  4.30647796  1.06159489  4.82651312 11.28993581
   3.06653932  7.88466305  7.12573556  1.3687232 ]
 [ 5.11136909  1.55868253  3.0438445   3.68786484 16.18175608 10.87621468
   1.2265251   4.01827204  3.9339629  14.53372436  2.12225921  1.44358657
   9.31949576  7.70213788  1.42903812  1.47711086]
 [10.02458571  2.98851973  3.21934842  9.30757325  2.31241669  3.91473442
   2.43550723  7.8767934   4.78163038  5.0954003  10.4048129  14.72630683
   7.59373289  6.97993378  9.72470478  1.32206478]]
Rv: [[ 3.5865945   3.83720124  3.01493013  2.41767464  7.73445059  5.5966038
   5.75793945 10.25101564  1.99272331  7.33637766 12.64240521  1.84868105
   3.75888334  7.90684618 16.58709861]
 [ 1.68119403  2.07818667  4.48529424 12.97953333  2.19267484  1.18429651
   6.78311951  1.68175891 15.50425219  5.0999506   8.16809839 16.81678686
  13.73785784 13.66626475  1.47551017]
 [ 3.50375591 11.11642033  3.26241361 10.67379483  8.63237564 12.6515594
  11.57690249  1.5899092   1.05966298 11.8081459   3.74771228  2.55014269
  16.83653195  1.45398222 12.88386765]
 [ 1.19964189  4.89569137  3.15239118  2.48395059  5.92293181  3.95998057
   2.13347586  3.06750222  3.68574806  6.28793744  4.52672764  1.49390852
   1.39615877  7.60850664  9.47848006]
 [15.14742098  1.85534201  1.52635426 11.61540803 14.7527242  11.45303365
   1.09864398  1.915169    7.13945174  5.7767104   3.7495852   3.31066364
  15.30671518 12.88336844  8.36908674]
 [ 1.35874154  4.36065443  1.43732559  3.19320729  2.27040653  3.42366912
   4.51142989  3.07228413  3.82453837  1.11986548 10.00330929  1.57979264
  14.31949666  1.77938991  2.92791798]]