-------Running parameters--------
T = 0.001
gap = 0
M = 5
N = 15
VR = 0.0
VU = 0.0
VD = 0.0
Vmin = 0.0
Vmax = 2.0
vStep = 0.01
vSym = True
repeats = 20
fileName = array_5_15_r_std_9_run_7
dist = exp
fullOutput = True
use_graph = False
current_map = True
plot_current_map = False
plot_binary_current_map = False
dbg = False
resume = False
sc = False
leaping = False
constQ = False
modifyR = False
output_folder = 2d_long_array_bgu_with_perp
params_path = 
VG_avg = 0.0
VG_std = 0.0
C_avg = 1.0
C_std = 1.0
CG_avg = 10.0
CG_std = 0.0
R_avg = 10.0
R_std = 9.0
custom_rh = ""
custom_rv = ""
custom_ch = ""
custom_cv = ""
RG_avg = 500.0
RG_std = 0.0
n0_avg = 0.0
n0_std = 0.0
Q0_avg = 0.0
Q0_std = 0.0
----Array Parameters-----
Rows: 5
Columns: 15
VG: [[0.]
 [0.]
 [0.]
 [0.]
 [0.]
 [0.]
 [0.]
 [0.]
 [0.]
 [0.]
 [0.]
 [0.]
 [0.]
 [0.]
 [0.]
 [0.]
 [0.]
 [0.]
 [0.]
 [0.]
 [0.]
 [0.]
 [0.]
 [0.]
 [0.]
 [0.]
 [0.]
 [0.]
 [0.]
 [0.]
 [0.]
 [0.]
 [0.]
 [0.]
 [0.]
 [0.]
 [0.]
 [0.]
 [0.]
 [0.]
 [0.]
 [0.]
 [0.]
 [0.]
 [0.]
 [0.]
 [0.]
 [0.]
 [0.]
 [0.]
 [0.]
 [0.]
 [0.]
 [0.]
 [0.]
 [0.]
 [0.]
 [0.]
 [0.]
 [0.]
 [0.]
 [0.]
 [0.]
 [0.]
 [0.]
 [0.]
 [0.]
 [0.]
 [0.]
 [0.]
 [0.]
 [0.]
 [0.]
 [0.]
 [0.]]
CG: [[10.]
 [10.]
 [10.]
 [10.]
 [10.]
 [10.]
 [10.]
 [10.]
 [10.]
 [10.]
 [10.]
 [10.]
 [10.]
 [10.]
 [10.]
 [10.]
 [10.]
 [10.]
 [10.]
 [10.]
 [10.]
 [10.]
 [10.]
 [10.]
 [10.]
 [10.]
 [10.]
 [10.]
 [10.]
 [10.]
 [10.]
 [10.]
 [10.]
 [10.]
 [10.]
 [10.]
 [10.]
 [10.]
 [10.]
 [10.]
 [10.]
 [10.]
 [10.]
 [10.]
 [10.]
 [10.]
 [10.]
 [10.]
 [10.]
 [10.]
 [10.]
 [10.]
 [10.]
 [10.]
 [10.]
 [10.]
 [10.]
 [10.]
 [10.]
 [10.]
 [10.]
 [10.]
 [10.]
 [10.]
 [10.]
 [10.]
 [10.]
 [10.]
 [10.]
 [10.]
 [10.]
 [10.]
 [10.]
 [10.]
 [10.]]
RG: [[500.]
 [500.]
 [500.]
 [500.]
 [500.]
 [500.]
 [500.]
 [500.]
 [500.]
 [500.]
 [500.]
 [500.]
 [500.]
 [500.]
 [500.]
 [500.]
 [500.]
 [500.]
 [500.]
 [500.]
 [500.]
 [500.]
 [500.]
 [500.]
 [500.]
 [500.]
 [500.]
 [500.]
 [500.]
 [500.]
 [500.]
 [500.]
 [500.]
 [500.]
 [500.]
 [500.]
 [500.]
 [500.]
 [500.]
 [500.]
 [500.]
 [500.]
 [500.]
 [500.]
 [500.]
 [500.]
 [500.]
 [500.]
 [500.]
 [500.]
 [500.]
 [500.]
 [500.]
 [500.]
 [500.]
 [500.]
 [500.]
 [500.]
 [500.]
 [500.]
 [500.]
 [500.]
 [500.]
 [500.]
 [500.]
 [500.]
 [500.]
 [500.]
 [500.]
 [500.]
 [500.]
 [500.]
 [500.]
 [500.]
 [500.]]
Ch: [[0.03741427 0.36270145 0.04774035 0.45544198 0.05871766 0.1543976
  0.2505719  0.06722978 0.02424948 0.01644242 0.36733429 0.37287129
  0.01881368 0.14376053 1.37535489 0.06912053]
 [0.0311686  0.03026832 0.05163961 0.01460046 0.04803144 0.08823006
  0.58427228 0.03067043 0.93555553 0.21426583 0.02875526 1.6311077
  0.01593364 0.01226304 0.04469537 0.31746729]
 [0.13073623 0.16608222 0.03216362 0.31354639 0.20200629 0.17257509
  0.27661721 1.55040223 1.09838695 0.06288195 0.01440596 0.07776151
  1.18747963 0.35433066 0.21846715 0.28775158]
 [0.01621824 0.09941235 1.04872507 0.01160812 1.64306935 0.20391472
  0.18829563 0.01032142 0.03924207 0.04553639 1.88964265 0.03964377
  0.59841089 0.01124966 0.45115528 0.03397313]
 [0.26229822 0.72064241 0.4664822  0.959102   0.02746502 0.05834216
  0.09471142 0.9884154  0.04049582 0.02301403 0.42009905 0.07665225
  0.77081133 0.04661413 0.01899765 1.10311989]]
Cv: [[0.82808178 0.10893546 0.70659584 0.36931086 0.01086839 0.43722906
  0.10291308 0.03034341 0.65329677 0.01197685 0.44478731 0.33150617
  0.02531597 0.14447986 0.23349422]
 [0.03379947 0.14558537 0.41686759 0.03891866 0.01063653 0.06579333
  1.20266596 0.07956051 0.03632744 0.08242791 0.01713582 0.02565353
  0.01064752 0.01047288 0.50919777]
 [0.01074954 0.01253208 0.02634963 1.48881848 0.01745068 0.63315038
  0.69186819 0.16518978 0.03873612 0.85623381 0.07897302 1.61556546
  0.02449438 0.08499256 0.04476733]
 [0.02065403 0.35481601 0.18815276 0.86925967 0.02706176 0.20537821
  0.56511826 0.16435086 0.02351146 0.01328234 0.74854656 0.08641427
  0.02869652 0.16811957 0.77137339]
 [1.60050881 0.23511132 0.62304055 0.97560058 0.21278279 0.01256232
  0.35659261 1.55513317 1.53253166 0.04420133 0.03346888 0.04141442
  0.43376765 0.76136793 0.47993611]
 [1.88877322 0.10482921 0.09897841 0.12969626 0.65729313 0.03393982
  0.28021511 0.25986691 0.0330688  0.1299006  0.02858248 0.49637734
  0.08940995 0.27596012 0.46011866]]
Rh: [[ 1.44654785  2.6066768   1.49286408 10.38933145  3.41740357  1.84400644
   1.90763291  1.21016864  1.69270543 12.69101743 18.57057513  8.21988724
   3.60835555  6.31611314  1.54154176  5.42419927]
 [ 1.26966997 10.31355681  2.43799406  4.24334415  3.1163013   3.1745514
   3.48768205  6.61937416  4.56723487 10.87344045  5.00483051 15.80549987
   2.71636012  1.42043867  1.72036709  4.2258059 ]
 [16.31564406  6.62334019  1.99218019  5.41231862  2.2982822  15.63803248
   4.87443056  3.94908576  3.08210739  3.9452657  18.4425172   2.51551199
   3.64766238 10.0507525   8.50147919  6.58293213]
 [ 2.68296251  3.32768729  1.16668837  3.21486078  4.19237103  1.20841237
   4.30931182  2.4144407   3.35540889  9.3027372   7.33185526  8.84686149
  15.1995478   1.29322704  4.1598547   8.08343116]
 [ 1.82328266  3.58113207  3.3245237   3.87118991  1.36528394 11.59860032
   5.83641468  3.77174758 18.55548663  2.47020343  7.27625007  1.51692158
   1.84662021  3.67389502  7.57709281  3.81960742]]
Rv: [[18.25316841  5.27630048  2.32012746 10.95023111 12.47117036  6.83100888
  15.26783242 14.76737139  1.33286159 10.74965431 15.1846521   4.89680559
  14.39391453  6.70130971  5.51765433]
 [ 6.87469116 15.74609888  1.26578822  1.30074747  1.67734782  1.5478288
  11.31515166 10.95568645  3.3642531   2.78738506  2.14661242  2.74476556
   4.92813698 18.0672452   1.29445342]
 [ 1.45039966  2.61759474  1.67415603  2.90146499  2.16229361  2.60619608
   1.25384398  7.52064193  6.33560315  4.54351104  1.23722123 12.83716801
   3.47229027  1.61300364  3.09805634]
 [ 5.62453438  3.55109844  3.91399306  3.74790294 13.20906074  1.01172841
   1.90879138  1.57427844  7.6422459   1.35969197  3.10760054 12.0229201
   1.83699785  1.87541466  7.55939865]
 [ 1.14148099 18.73628349  5.08490625 16.79907594  1.87067963 10.98219577
  14.81325373  1.46835541  9.7455224   9.33786068  7.30025215 10.2924759
   2.47228254  1.4536367   3.55633639]
 [ 5.8430769  13.08533596  1.13101525  6.92646937  1.83013696  3.65211635
   3.65260973 12.62491784  4.65522505  1.08216962 14.18853679  1.05212066
  17.44511411  2.23491021  1.8252787 ]]