-------Running parameters--------
T = 0.001
gap = 0
M = 5
N = 15
VR = 0.0
VU = 0.0
VD = 0.0
Vmin = 0.0
Vmax = 2.0
vStep = 0.01
vSym = True
repeats = 20
fileName = array_5_15_r_std_9_run_2
dist = exp
fullOutput = True
use_graph = False
current_map = True
plot_current_map = False
plot_binary_current_map = False
dbg = False
resume = False
sc = False
leaping = False
constQ = False
modifyR = False
output_folder = 2d_long_array_bgu_with_perp
params_path = 
VG_avg = 0.0
VG_std = 0.0
C_avg = 1.0
C_std = 1.0
CG_avg = 10.0
CG_std = 0.0
R_avg = 10.0
R_std = 9.0
custom_rh = ""
custom_rv = ""
custom_ch = ""
custom_cv = ""
RG_avg = 500.0
RG_std = 0.0
n0_avg = 0.0
n0_std = 0.0
Q0_avg = 0.0
Q0_std = 0.0
----Array Parameters-----
Rows: 5
Columns: 15
VG: [[0.]
 [0.]
 [0.]
 [0.]
 [0.]
 [0.]
 [0.]
 [0.]
 [0.]
 [0.]
 [0.]
 [0.]
 [0.]
 [0.]
 [0.]
 [0.]
 [0.]
 [0.]
 [0.]
 [0.]
 [0.]
 [0.]
 [0.]
 [0.]
 [0.]
 [0.]
 [0.]
 [0.]
 [0.]
 [0.]
 [0.]
 [0.]
 [0.]
 [0.]
 [0.]
 [0.]
 [0.]
 [0.]
 [0.]
 [0.]
 [0.]
 [0.]
 [0.]
 [0.]
 [0.]
 [0.]
 [0.]
 [0.]
 [0.]
 [0.]
 [0.]
 [0.]
 [0.]
 [0.]
 [0.]
 [0.]
 [0.]
 [0.]
 [0.]
 [0.]
 [0.]
 [0.]
 [0.]
 [0.]
 [0.]
 [0.]
 [0.]
 [0.]
 [0.]
 [0.]
 [0.]
 [0.]
 [0.]
 [0.]
 [0.]]
CG: [[10.]
 [10.]
 [10.]
 [10.]
 [10.]
 [10.]
 [10.]
 [10.]
 [10.]
 [10.]
 [10.]
 [10.]
 [10.]
 [10.]
 [10.]
 [10.]
 [10.]
 [10.]
 [10.]
 [10.]
 [10.]
 [10.]
 [10.]
 [10.]
 [10.]
 [10.]
 [10.]
 [10.]
 [10.]
 [10.]
 [10.]
 [10.]
 [10.]
 [10.]
 [10.]
 [10.]
 [10.]
 [10.]
 [10.]
 [10.]
 [10.]
 [10.]
 [10.]
 [10.]
 [10.]
 [10.]
 [10.]
 [10.]
 [10.]
 [10.]
 [10.]
 [10.]
 [10.]
 [10.]
 [10.]
 [10.]
 [10.]
 [10.]
 [10.]
 [10.]
 [10.]
 [10.]
 [10.]
 [10.]
 [10.]
 [10.]
 [10.]
 [10.]
 [10.]
 [10.]
 [10.]
 [10.]
 [10.]
 [10.]
 [10.]]
RG: [[500.]
 [500.]
 [500.]
 [500.]
 [500.]
 [500.]
 [500.]
 [500.]
 [500.]
 [500.]
 [500.]
 [500.]
 [500.]
 [500.]
 [500.]
 [500.]
 [500.]
 [500.]
 [500.]
 [500.]
 [500.]
 [500.]
 [500.]
 [500.]
 [500.]
 [500.]
 [500.]
 [500.]
 [500.]
 [500.]
 [500.]
 [500.]
 [500.]
 [500.]
 [500.]
 [500.]
 [500.]
 [500.]
 [500.]
 [500.]
 [500.]
 [500.]
 [500.]
 [500.]
 [500.]
 [500.]
 [500.]
 [500.]
 [500.]
 [500.]
 [500.]
 [500.]
 [500.]
 [500.]
 [500.]
 [500.]
 [500.]
 [500.]
 [500.]
 [500.]
 [500.]
 [500.]
 [500.]
 [500.]
 [500.]
 [500.]
 [500.]
 [500.]
 [500.]
 [500.]
 [500.]
 [500.]
 [500.]
 [500.]
 [500.]]
Ch: [[1.94158719 1.22759412 0.02645198 0.03537494 0.03290056 0.05428184
  0.6134165  0.35725615 0.13130005 1.3079711  0.53710336 0.59613035
  0.5646185  1.36480441 0.20867713 1.67421323]
 [0.0359438  0.27859049 0.03216499 0.04231291 0.02888821 0.02005655
  0.01380133 0.02711625 0.0323186  0.40548748 0.19783397 0.0211094
  0.60975587 0.06663383 0.05114639 0.04716328]
 [0.29044799 0.01159987 0.3912817  0.04263646 0.40192745 0.30682707
  0.07345181 0.80106911 0.09884947 0.63141451 1.51443012 0.0144678
  0.01498568 0.02018479 0.12644984 1.86268596]
 [0.38467109 0.05868855 0.01753874 1.84378439 1.577814   0.90802319
  0.25751903 1.44220639 1.18851818 0.05294017 0.96386384 0.22774232
  0.29041113 1.96220135 0.22303201 0.49160028]
 [0.06496779 0.01865987 1.28749344 0.01447683 0.20064582 0.03169251
  0.60574108 0.69469157 1.2692678  0.27230916 0.0804643  0.0417032
  0.09762611 0.04017146 0.52076882 1.24006469]]
Cv: [[0.17075565 0.01939825 0.03671392 1.71972567 0.02231667 0.02596728
  0.53791703 0.35465641 0.35298504 0.02110618 0.38445806 0.03174944
  0.17190685 0.17430459 0.01643737]
 [0.04081435 0.06585946 0.06021955 0.76531922 0.07553095 0.02582448
  0.02808672 0.230976   1.03565854 0.29969682 0.53136002 0.07915072
  0.33031557 0.32751612 0.01199359]
 [0.05482845 0.61606981 0.13703275 1.32580929 0.21949559 0.33554991
  0.02504883 0.39425261 0.19452321 0.23592844 0.02398239 0.58117103
  0.51546075 0.64083266 0.0387254 ]
 [0.01204772 0.04170136 0.02606843 0.02295494 0.08409542 0.01163713
  0.01159891 1.94254086 0.05309389 1.14550526 0.01007444 0.69638145
  0.55539726 0.19031669 0.02578229]
 [0.26147817 0.36915985 0.09471887 0.04103766 1.29829181 0.04741937
  1.54297917 0.21218268 0.86035242 0.012435   0.29582516 0.05294614
  0.03428983 0.02411976 0.07062352]
 [0.01242783 0.02518078 0.0564636  0.09483633 0.04805729 0.01269589
  0.01345183 0.21145211 0.1536406  1.15708883 1.36192309 0.37945927
  0.88785123 0.05352943 0.49979861]]
Rh: [[ 9.94098611  2.09682761  3.08620013  2.50756958 12.72832812 14.68152902
   8.58975468  1.30302072 18.65545038 14.13509556  1.77747726  1.19582956
   3.98767381  2.20314715  9.4349906   2.14187474]
 [ 5.45859446  5.56203737  1.02763956  3.82391174  7.16059846 14.16778708
   9.09967976 11.60777657  6.71480779  8.66809916  2.96565939  5.34850564
  16.26837501  5.98745055  2.69853484  3.12382002]
 [ 3.07466313  6.60362434  8.02611737  9.75087022  9.55716487  1.5481839
   1.0066982  18.29808006  1.04672283  1.22834044  4.9969488   4.00038758
   5.18499228  1.44160108  7.54723254  5.88996742]
 [18.3898131   9.83660653  1.38285399  2.37447736  7.24454099  2.71464827
  10.71670009  1.94790378  5.77145494  7.87492661 18.65465656  1.40627201
   2.35535429  2.88632135  3.98357062  2.85260093]
 [16.41550123  2.91635465  7.97201343  5.19332373 10.70671235  4.05275671
   2.24388519 12.47392318  2.69876654 10.8091228   2.40880702  9.20767709
   2.05563674  5.90104635  1.36845143 16.97803744]]
Rv: [[ 5.73981042  5.88206109  1.46339573  1.29258165  7.43547574  1.83825748
   4.34487634  2.58523369  2.13422298  4.70660827 11.01469942  3.7357951
  14.09823668  4.58866562  1.48903782]
 [ 6.60550275  4.34864813 13.44619286  2.31826024  3.78064835  2.72164536
   2.13146282  1.67645978  1.04422673  5.76940673 17.25150226  2.29363706
   2.21420192 16.07864849  6.16963892]
 [ 2.80516786  2.26394374 16.60948997 14.65800121  1.12232841  2.91220653
   5.97521767  4.73784288  5.28906468  9.09985477  2.16210716 11.44699348
   2.20026876  2.42613957  1.49576271]
 [17.73686572  6.16998692 12.13306856  9.57636895  3.92648811  4.16372418
   3.84920262  6.28124579  2.27726432  6.14816753  9.98858356  5.29713215
   2.40577042  2.01508536  2.5341709 ]
 [ 2.71572102  1.32035508  2.63777111  8.74389579  4.16373158  1.11181976
   2.43627895  4.42483803  7.5703425  11.80904274 13.78816121 11.77672179
   7.33306031 14.69278628 13.49439777]
 [ 1.20525889  1.18126292 13.98049909  1.37527613  4.61503324  7.76381971
   1.74957125 18.11630911  5.27394839  4.34791226  2.39108628  1.09451024
  13.73165077  5.44002292  2.39000747]]