-------Running parameters--------
T = 0.001
gap = 0
M = 5
N = 15
VR = 0.0
VU = 0.0
VD = 0.0
Vmin = 0.0
Vmax = 2.0
vStep = 0.01
vSym = True
repeats = 20
fileName = array_5_15_r_std_9_run_3
dist = exp
fullOutput = True
use_graph = False
current_map = True
plot_current_map = False
plot_binary_current_map = False
dbg = False
resume = False
sc = False
leaping = False
constQ = False
modifyR = False
output_folder = 2d_long_array_bgu_with_perp
params_path = 
VG_avg = 0.0
VG_std = 0.0
C_avg = 1.0
C_std = 1.0
CG_avg = 10.0
CG_std = 0.0
R_avg = 10.0
R_std = 9.0
custom_rh = ""
custom_rv = ""
custom_ch = ""
custom_cv = ""
RG_avg = 500.0
RG_std = 0.0
n0_avg = 0.0
n0_std = 0.0
Q0_avg = 0.0
Q0_std = 0.0
----Array Parameters-----
Rows: 5
Columns: 15
VG: [[0.]
 [0.]
 [0.]
 [0.]
 [0.]
 [0.]
 [0.]
 [0.]
 [0.]
 [0.]
 [0.]
 [0.]
 [0.]
 [0.]
 [0.]
 [0.]
 [0.]
 [0.]
 [0.]
 [0.]
 [0.]
 [0.]
 [0.]
 [0.]
 [0.]
 [0.]
 [0.]
 [0.]
 [0.]
 [0.]
 [0.]
 [0.]
 [0.]
 [0.]
 [0.]
 [0.]
 [0.]
 [0.]
 [0.]
 [0.]
 [0.]
 [0.]
 [0.]
 [0.]
 [0.]
 [0.]
 [0.]
 [0.]
 [0.]
 [0.]
 [0.]
 [0.]
 [0.]
 [0.]
 [0.]
 [0.]
 [0.]
 [0.]
 [0.]
 [0.]
 [0.]
 [0.]
 [0.]
 [0.]
 [0.]
 [0.]
 [0.]
 [0.]
 [0.]
 [0.]
 [0.]
 [0.]
 [0.]
 [0.]
 [0.]]
CG: [[10.]
 [10.]
 [10.]
 [10.]
 [10.]
 [10.]
 [10.]
 [10.]
 [10.]
 [10.]
 [10.]
 [10.]
 [10.]
 [10.]
 [10.]
 [10.]
 [10.]
 [10.]
 [10.]
 [10.]
 [10.]
 [10.]
 [10.]
 [10.]
 [10.]
 [10.]
 [10.]
 [10.]
 [10.]
 [10.]
 [10.]
 [10.]
 [10.]
 [10.]
 [10.]
 [10.]
 [10.]
 [10.]
 [10.]
 [10.]
 [10.]
 [10.]
 [10.]
 [10.]
 [10.]
 [10.]
 [10.]
 [10.]
 [10.]
 [10.]
 [10.]
 [10.]
 [10.]
 [10.]
 [10.]
 [10.]
 [10.]
 [10.]
 [10.]
 [10.]
 [10.]
 [10.]
 [10.]
 [10.]
 [10.]
 [10.]
 [10.]
 [10.]
 [10.]
 [10.]
 [10.]
 [10.]
 [10.]
 [10.]
 [10.]]
RG: [[500.]
 [500.]
 [500.]
 [500.]
 [500.]
 [500.]
 [500.]
 [500.]
 [500.]
 [500.]
 [500.]
 [500.]
 [500.]
 [500.]
 [500.]
 [500.]
 [500.]
 [500.]
 [500.]
 [500.]
 [500.]
 [500.]
 [500.]
 [500.]
 [500.]
 [500.]
 [500.]
 [500.]
 [500.]
 [500.]
 [500.]
 [500.]
 [500.]
 [500.]
 [500.]
 [500.]
 [500.]
 [500.]
 [500.]
 [500.]
 [500.]
 [500.]
 [500.]
 [500.]
 [500.]
 [500.]
 [500.]
 [500.]
 [500.]
 [500.]
 [500.]
 [500.]
 [500.]
 [500.]
 [500.]
 [500.]
 [500.]
 [500.]
 [500.]
 [500.]
 [500.]
 [500.]
 [500.]
 [500.]
 [500.]
 [500.]
 [500.]
 [500.]
 [500.]
 [500.]
 [500.]
 [500.]
 [500.]
 [500.]
 [500.]]
Ch: [[0.19326368 0.06470269 0.03358409 0.35498527 0.05396861 0.04750563
  0.01157523 1.69713565 0.15198072 0.72378281 0.58821089 0.1151226
  1.81443274 0.27425606 0.0151908  0.01003824]
 [0.07237583 0.03051863 0.12048177 0.3177754  0.2338672  0.0161689
  0.03177806 0.15509906 0.33202955 0.01633754 1.97735327 0.11026002
  0.32559302 0.63046919 0.01070869 0.03068868]
 [0.03374925 0.01451301 0.03169083 0.01853856 0.01757618 0.01598717
  0.02714391 0.07873576 0.36888122 0.04323928 0.14718689 0.04842279
  0.01009729 0.02910728 0.39230786 0.06381434]
 [0.0293993  0.25289232 0.29391861 0.01570689 0.22309475 0.16634459
  0.5301722  0.21703225 0.02532128 0.29284011 0.08261983 0.04095942
  0.0157595  0.19311502 0.0138622  0.55333593]
 [0.03838127 0.93347785 0.01307117 0.48750802 0.0206292  0.07729184
  0.25689579 1.59932796 0.03277938 0.10114544 1.04729956 0.16060678
  0.01464129 0.26464693 0.01020928 0.06970091]]
Cv: [[0.16202599 0.16585521 0.04752545 0.02673924 0.0463586  0.03815273
  1.52378199 1.4792225  0.31306725 0.16637893 1.48638865 0.49935218
  0.27158969 0.0519473  0.01355917]
 [1.62665009 0.01994458 0.24912254 0.03780421 0.24444273 0.5110342
  0.01739566 0.01937863 0.22655553 0.87593875 0.0242404  0.05195503
  0.57173199 0.81414333 0.76782413]
 [0.01162672 0.16187312 0.73227241 0.80901213 0.16564522 0.01007644
  0.34760865 0.01046514 0.05565999 0.18230676 0.27253315 0.02101452
  0.05049678 0.36528981 1.69961522]
 [0.02548649 0.16982494 0.98453886 0.71897674 0.05604096 1.55648655
  0.02058216 1.44706229 0.06066283 0.02352763 1.52189041 0.02665514
  0.01382646 1.80238771 0.10345631]
 [0.40413425 0.43538992 0.47281099 0.04701311 0.15979081 0.20577533
  0.3043832  0.59410737 0.01642749 0.71618624 1.46767087 0.11776224
  0.01521189 0.47139562 0.36927489]
 [0.06331022 1.38118883 0.01973003 0.22143505 0.06802975 0.77387871
  0.77022044 0.13084255 0.04294653 1.28092149 0.08573467 0.05045364
  0.04779777 0.1029405  0.51855426]]
Rh: [[ 5.03446247 10.5745324   6.96245394  8.24443167  2.61511922  3.59666073
  18.57353527  9.10683781  3.6159227   5.45905362  2.56188232 12.35904236
   1.44198095  3.08822967  5.40350056  4.17913023]
 [ 2.77270681  5.9433236   1.31485746 10.88017311 13.59393183  2.71065153
  11.29202944  2.96564598 10.35805024 17.26392506 10.89711306  1.75651715
   7.7829926  14.16962049  1.73086604  8.45396782]
 [ 1.32549665 15.65521158 12.67268818  2.21447592  5.21350677  1.38613182
   2.57109781  5.29562047  6.35141061  1.96240277 15.65958284  5.18252245
   6.9019811   2.5521754  17.2852992   3.58791109]
 [ 1.11668113  1.83100324  5.24152917  2.62002338  4.46311965  1.04311371
   4.44081203  2.18265727  2.06511074  4.41579402  2.18637406  2.39597032
  11.22661598  4.36253846 13.22196242  3.57221799]
 [ 4.99339033  1.12159015  5.39607686  2.18291312  1.62124608 18.36189836
   4.29996877 15.50969398 12.14296744  3.45965267  3.71018327  1.56963999
   1.14294369 11.27457747 11.41114194  8.46973594]]
Rv: [[ 1.27405851  1.62570127  3.4528663  12.67283325  6.69174459 11.58485431
   5.85179653 16.01770726  3.76669442 11.22452521  6.49218012  9.26144027
  12.12248009  2.15491251  1.4125184 ]
 [ 5.55529463 10.1954569   1.8128143   5.1156658   1.62673089  2.68249991
   4.33070836 16.31086025  3.4706299  10.48186678  4.1070704   1.0549735
   6.1374467   3.62805486  7.48427061]
 [12.06309712  1.33370461  7.40198093  1.34876457 11.61720156  5.09944496
   1.81609152  8.49684075  2.29208357  3.63265246  6.67040002  4.02343204
   5.72996567  7.52330779  5.56594987]
 [ 1.08126133  8.03633248  8.98216995  6.3855476   8.07913404  4.18321802
   2.97384635  3.21476244  2.9574516   2.23984986  5.15310011  4.54330764
   3.9636037   2.15786215  1.03035719]
 [ 2.26304113 15.22347585  1.87546644 12.17024379  2.39121811  6.18288667
   3.20263361 12.9705351   7.54875072 18.26340548  5.67886555  6.13142929
   6.22929456  1.61452915  1.18428923]
 [14.4246591   4.55561379  2.02415158  1.08704275  7.93141675  8.56047688
   2.42811689  2.01688842  7.33763194 16.63528394  1.69542128  1.54728095
   1.93216622  1.21313542 16.70433133]]