-------Running parameters--------
T = 0.001
gap = 0
M = 5
N = 15
VR = 0.0
VU = 0.0
VD = 0.0
Vmin = 0.0
Vmax = 2.0
vStep = 0.01
vSym = True
repeats = 20
fileName = array_5_15_r_std_9_run_1
dist = exp
fullOutput = True
use_graph = False
current_map = True
plot_current_map = False
plot_binary_current_map = False
dbg = False
resume = False
sc = False
leaping = False
constQ = False
modifyR = False
output_folder = 2d_long_array_bgu_with_perp
params_path = 
VG_avg = 0.0
VG_std = 0.0
C_avg = 1.0
C_std = 1.0
CG_avg = 10.0
CG_std = 0.0
R_avg = 10.0
R_std = 9.0
custom_rh = ""
custom_rv = ""
custom_ch = ""
custom_cv = ""
RG_avg = 500.0
RG_std = 0.0
n0_avg = 0.0
n0_std = 0.0
Q0_avg = 0.0
Q0_std = 0.0
----Array Parameters-----
Rows: 5
Columns: 15
VG: [[0.]
 [0.]
 [0.]
 [0.]
 [0.]
 [0.]
 [0.]
 [0.]
 [0.]
 [0.]
 [0.]
 [0.]
 [0.]
 [0.]
 [0.]
 [0.]
 [0.]
 [0.]
 [0.]
 [0.]
 [0.]
 [0.]
 [0.]
 [0.]
 [0.]
 [0.]
 [0.]
 [0.]
 [0.]
 [0.]
 [0.]
 [0.]
 [0.]
 [0.]
 [0.]
 [0.]
 [0.]
 [0.]
 [0.]
 [0.]
 [0.]
 [0.]
 [0.]
 [0.]
 [0.]
 [0.]
 [0.]
 [0.]
 [0.]
 [0.]
 [0.]
 [0.]
 [0.]
 [0.]
 [0.]
 [0.]
 [0.]
 [0.]
 [0.]
 [0.]
 [0.]
 [0.]
 [0.]
 [0.]
 [0.]
 [0.]
 [0.]
 [0.]
 [0.]
 [0.]
 [0.]
 [0.]
 [0.]
 [0.]
 [0.]]
CG: [[10.]
 [10.]
 [10.]
 [10.]
 [10.]
 [10.]
 [10.]
 [10.]
 [10.]
 [10.]
 [10.]
 [10.]
 [10.]
 [10.]
 [10.]
 [10.]
 [10.]
 [10.]
 [10.]
 [10.]
 [10.]
 [10.]
 [10.]
 [10.]
 [10.]
 [10.]
 [10.]
 [10.]
 [10.]
 [10.]
 [10.]
 [10.]
 [10.]
 [10.]
 [10.]
 [10.]
 [10.]
 [10.]
 [10.]
 [10.]
 [10.]
 [10.]
 [10.]
 [10.]
 [10.]
 [10.]
 [10.]
 [10.]
 [10.]
 [10.]
 [10.]
 [10.]
 [10.]
 [10.]
 [10.]
 [10.]
 [10.]
 [10.]
 [10.]
 [10.]
 [10.]
 [10.]
 [10.]
 [10.]
 [10.]
 [10.]
 [10.]
 [10.]
 [10.]
 [10.]
 [10.]
 [10.]
 [10.]
 [10.]
 [10.]]
RG: [[500.]
 [500.]
 [500.]
 [500.]
 [500.]
 [500.]
 [500.]
 [500.]
 [500.]
 [500.]
 [500.]
 [500.]
 [500.]
 [500.]
 [500.]
 [500.]
 [500.]
 [500.]
 [500.]
 [500.]
 [500.]
 [500.]
 [500.]
 [500.]
 [500.]
 [500.]
 [500.]
 [500.]
 [500.]
 [500.]
 [500.]
 [500.]
 [500.]
 [500.]
 [500.]
 [500.]
 [500.]
 [500.]
 [500.]
 [500.]
 [500.]
 [500.]
 [500.]
 [500.]
 [500.]
 [500.]
 [500.]
 [500.]
 [500.]
 [500.]
 [500.]
 [500.]
 [500.]
 [500.]
 [500.]
 [500.]
 [500.]
 [500.]
 [500.]
 [500.]
 [500.]
 [500.]
 [500.]
 [500.]
 [500.]
 [500.]
 [500.]
 [500.]
 [500.]
 [500.]
 [500.]
 [500.]
 [500.]
 [500.]
 [500.]]
Ch: [[0.18344421 0.05617089 0.40283991 0.17442278 0.01667052 0.01490349
  1.87683108 0.96027466 0.923081   0.0522854  0.07245063 0.46176262
  1.51737129 0.04668524 0.91979972 1.15123137]
 [1.65402217 0.01332616 0.04087717 0.72104681 1.04728216 0.01993158
  0.01278215 0.68430465 0.46779616 1.3035625  0.44126253 0.06479245
  0.37364088 0.5363424  0.37366816 0.03748583]
 [0.30778505 0.64462219 0.13565274 0.08067732 0.09468488 0.01160215
  0.0302493  0.95580913 0.0653003  0.02050784 0.19920851 0.21313898
  0.01530286 0.03235912 1.05370489 0.03247092]
 [0.02850617 0.01914926 0.20601505 0.57539379 0.01679162 0.06422166
  0.41242794 1.23087864 0.88589997 0.15107006 0.02788648 1.1099822
  0.0404337  0.11917825 0.69286838 0.18819741]
 [0.01946419 0.0281114  0.01016875 0.06506803 0.30003487 1.69752566
  0.06169078 0.01831187 1.25329921 0.03547478 0.57935549 1.9666119
  0.0309167  0.02352607 0.05071009 0.03333787]]
Cv: [[0.44604831 1.54090611 1.15891228 1.12090818 0.93798583 0.0593565
  0.28272078 0.52463902 0.07632702 0.04557511 0.01784941 0.7606883
  1.75989806 0.0560188  0.02338242]
 [0.20536188 0.08448371 0.11891197 0.0226312  0.01119558 0.49843711
  1.08424291 0.12706148 0.03451779 0.1252027  0.02225707 0.19874677
  0.04992263 0.10612248 0.32294933]
 [0.15651769 0.18345495 0.34669838 0.12482985 0.61507872 0.29460051
  0.70780095 0.18045906 0.17933507 1.24677373 0.03777447 0.6912766
  0.01400092 1.22200668 1.92870416]
 [0.1189261  0.02401462 0.0106614  0.16225645 0.53651058 0.22460246
  0.06515828 0.03727739 0.0188665  1.23308566 0.01109061 0.04166124
  0.22640374 0.63830927 0.49249736]
 [1.75291566 1.48490121 0.04077383 0.01554682 0.19257924 0.0276484
  0.01080831 0.01989641 0.33809921 0.01922496 0.03988596 0.01449117
  0.01132703 0.72816489 0.01752564]
 [0.33793738 0.17996446 0.21348503 0.22188936 0.56109291 0.03164963
  0.40714276 0.18885215 0.02574461 0.73617167 0.08823006 1.33682201
  0.03414126 0.01469217 0.36274685]]
Rh: [[ 3.66112948  2.46416487 18.76586533  5.21103166  7.49307689 17.14506749
   1.50754491  7.06581205  2.34368118  1.65495487  4.98786939  1.57213374
   3.17757002  6.97680458 12.16097187  3.85442902]
 [ 3.52299184  1.19354753  1.07859798  1.94245956  5.585013    2.89444358
  11.82347281  6.96559858  6.78273557  5.95605216 13.31187101  1.65074366
  16.96475572 13.35696954  3.68794792  3.16026521]
 [ 2.14616537  5.56627639  7.73966763 10.12938635  1.63449783 18.46756551
   9.69559575  2.21247046  8.09915399  3.13011392  5.83551221  1.06070572
  17.03630598  2.00507475 11.82505539 16.34916923]
 [11.48471893  1.45335185  4.44590896  3.30530889  6.30685901 12.46476336
   3.54688404  1.35861793  2.83698576  7.64030684  1.34315757  4.50466937
   1.72639424  2.01276884  1.40387537  9.83041907]
 [ 4.64951753  1.49098779  8.43996848  6.72468879  1.68403372 12.69755528
   7.02539673  6.15514782  9.00708415  9.43696037  8.92694322 18.85126364
   1.4227813   8.50179031 14.39863172 13.1346795 ]]
Rv: [[ 3.0338943   4.16908871  3.811772   17.97557642 12.71465447  3.39297932
   1.72973343 14.86544357 10.00843419  3.82440726  1.93712036  1.49838534
   3.49443809  1.37995402  5.27443137]
 [ 7.02295919  1.45701289 18.3096479  15.50608865 12.72999254  7.09084581
   1.456226   11.07601657  3.97798473 15.86314081  1.11195429  7.67643715
   1.17531107  4.14979764 18.92050906]
 [11.53095914  7.73007518  5.72369567  1.25841869 14.71990997  5.07700592
  18.08432426  1.85090628 18.93312551  2.29794267  1.2663657   1.02939549
   1.01027087  3.95056748 12.02942242]
 [ 7.2490271   2.223508    1.86640997 15.15815886  1.7369044   1.01989717
   4.41420667  1.8179489   2.29420782  3.91177513  3.14252447  1.12867478
   2.37648849  2.75717501  1.17922531]
 [ 1.1543564   9.61548448 14.52955336  9.93710017  2.63640548  1.12754023
   9.09036411  8.19639072  3.59253892  6.24200711 13.367078    1.16550401
   3.52235175  1.67884509  1.68424586]
 [ 2.09077751  6.15139548  4.42403959  8.35269587  2.97905612  1.00872165
   4.36664659  1.54956598 14.11966248  9.50763806  5.51956686  1.50449486
   1.96689016  5.34346894 10.68256099]]