-------Running parameters--------
T = 0.001
gap = 0
M = 5
N = 15
VR = 0.0
VU = 0.0
VD = 0.0
Vmin = 0.0
Vmax = 2.0
vStep = 0.01
vSym = True
repeats = 20
fileName = array_5_15_r_std_9_run_9
dist = exp
fullOutput = True
use_graph = False
current_map = True
plot_current_map = False
plot_binary_current_map = False
dbg = False
resume = False
sc = False
leaping = False
constQ = False
modifyR = False
output_folder = 2d_long_array_bgu_with_perp
params_path = 
VG_avg = 0.0
VG_std = 0.0
C_avg = 1.0
C_std = 1.0
CG_avg = 10.0
CG_std = 0.0
R_avg = 10.0
R_std = 9.0
custom_rh = ""
custom_rv = ""
custom_ch = ""
custom_cv = ""
RG_avg = 500.0
RG_std = 0.0
n0_avg = 0.0
n0_std = 0.0
Q0_avg = 0.0
Q0_std = 0.0
----Array Parameters-----
Rows: 5
Columns: 15
VG: [[0.]
 [0.]
 [0.]
 [0.]
 [0.]
 [0.]
 [0.]
 [0.]
 [0.]
 [0.]
 [0.]
 [0.]
 [0.]
 [0.]
 [0.]
 [0.]
 [0.]
 [0.]
 [0.]
 [0.]
 [0.]
 [0.]
 [0.]
 [0.]
 [0.]
 [0.]
 [0.]
 [0.]
 [0.]
 [0.]
 [0.]
 [0.]
 [0.]
 [0.]
 [0.]
 [0.]
 [0.]
 [0.]
 [0.]
 [0.]
 [0.]
 [0.]
 [0.]
 [0.]
 [0.]
 [0.]
 [0.]
 [0.]
 [0.]
 [0.]
 [0.]
 [0.]
 [0.]
 [0.]
 [0.]
 [0.]
 [0.]
 [0.]
 [0.]
 [0.]
 [0.]
 [0.]
 [0.]
 [0.]
 [0.]
 [0.]
 [0.]
 [0.]
 [0.]
 [0.]
 [0.]
 [0.]
 [0.]
 [0.]
 [0.]]
CG: [[10.]
 [10.]
 [10.]
 [10.]
 [10.]
 [10.]
 [10.]
 [10.]
 [10.]
 [10.]
 [10.]
 [10.]
 [10.]
 [10.]
 [10.]
 [10.]
 [10.]
 [10.]
 [10.]
 [10.]
 [10.]
 [10.]
 [10.]
 [10.]
 [10.]
 [10.]
 [10.]
 [10.]
 [10.]
 [10.]
 [10.]
 [10.]
 [10.]
 [10.]
 [10.]
 [10.]
 [10.]
 [10.]
 [10.]
 [10.]
 [10.]
 [10.]
 [10.]
 [10.]
 [10.]
 [10.]
 [10.]
 [10.]
 [10.]
 [10.]
 [10.]
 [10.]
 [10.]
 [10.]
 [10.]
 [10.]
 [10.]
 [10.]
 [10.]
 [10.]
 [10.]
 [10.]
 [10.]
 [10.]
 [10.]
 [10.]
 [10.]
 [10.]
 [10.]
 [10.]
 [10.]
 [10.]
 [10.]
 [10.]
 [10.]]
RG: [[500.]
 [500.]
 [500.]
 [500.]
 [500.]
 [500.]
 [500.]
 [500.]
 [500.]
 [500.]
 [500.]
 [500.]
 [500.]
 [500.]
 [500.]
 [500.]
 [500.]
 [500.]
 [500.]
 [500.]
 [500.]
 [500.]
 [500.]
 [500.]
 [500.]
 [500.]
 [500.]
 [500.]
 [500.]
 [500.]
 [500.]
 [500.]
 [500.]
 [500.]
 [500.]
 [500.]
 [500.]
 [500.]
 [500.]
 [500.]
 [500.]
 [500.]
 [500.]
 [500.]
 [500.]
 [500.]
 [500.]
 [500.]
 [500.]
 [500.]
 [500.]
 [500.]
 [500.]
 [500.]
 [500.]
 [500.]
 [500.]
 [500.]
 [500.]
 [500.]
 [500.]
 [500.]
 [500.]
 [500.]
 [500.]
 [500.]
 [500.]
 [500.]
 [500.]
 [500.]
 [500.]
 [500.]
 [500.]
 [500.]
 [500.]]
Ch: [[1.14876757 0.49011495 0.36888698 0.11947953 0.60076451 0.57372894
  0.59017946 0.05954927 0.03098302 0.03659467 0.67102515 0.01413847
  0.25453865 0.01495782 0.2049459  0.0185422 ]
 [1.70047391 0.7815012  1.23475689 0.04089947 0.13457262 0.01177198
  0.15086388 0.04431387 0.69112806 0.06063014 0.02733203 0.02031288
  0.15025549 1.92277772 0.12679494 0.41368468]
 [0.04205755 0.15632514 0.05786447 0.02930667 0.30232771 0.01839888
  0.4559341  0.0195971  0.02047199 0.14340438 0.90217172 0.06987
  0.06764289 0.34665218 1.30658636 0.03191125]
 [0.45730599 0.19438993 0.12702321 0.01537951 0.1519489  1.04287955
  0.02014402 0.58553738 0.15130267 0.14117424 1.10190739 0.02165675
  0.04455201 0.17344005 0.88699565 0.21462619]
 [0.04405962 0.56896942 0.09742701 0.28672462 0.24384163 0.28124286
  0.56155826 0.16245885 0.10366644 0.05508242 0.86421747 1.19406833
  0.29517408 0.1576115  0.13215295 0.8245687 ]]
Cv: [[1.53544119 0.65682836 0.02476453 1.01920416 0.01787605 0.98724224
  0.03048555 0.1295085  0.20393646 1.84403427 0.17960196 0.79148005
  1.24564547 0.71575277 0.01350339]
 [0.27850684 0.02873065 0.05933172 0.02148633 1.33831234 0.02039359
  0.15616817 0.01990111 0.14134409 0.02324902 1.45552006 0.50948994
  0.01204187 0.15663281 0.02346704]
 [0.21569548 0.57350779 0.13587795 0.22991819 0.78413568 1.03412347
  0.01847385 0.06287111 0.03999331 0.01141283 0.05017811 1.94242359
  0.0122076  0.02510349 0.04098863]
 [1.47883569 0.26312849 0.17401252 0.95700899 0.02052855 1.67349867
  0.05633252 0.04320375 0.30952721 0.25606768 0.13688169 0.1469424
  0.06913511 0.1106383  1.37182392]
 [0.06746014 0.01749085 0.08495505 1.1633588  0.08393143 0.23813644
  0.61679642 0.7003866  0.9865525  0.65813087 1.85739714 1.19549219
  0.03661399 1.29693416 0.22378217]
 [0.05939779 0.64448019 0.03704318 0.3101171  0.01052976 0.01384932
  0.0191016  0.54819487 0.35286722 0.06858782 0.22060861 0.17323551
  0.74664865 0.02710498 0.0303704 ]]
Rh: [[12.69144839  3.25030973  8.06248847  3.6045669  13.79386392  7.57163063
  12.01984292  7.11695946  1.81579242  2.02449754 16.70235284  6.22456299
   1.7288067  12.63348553 10.05897685  2.62907455]
 [13.08176627 17.43573843 17.43729445  6.10858187  1.07368566  7.57905515
   1.87386466 11.18687433  1.28109195  8.57636625  9.69755433 11.8921775
  11.01486474  6.09746163  1.18168363 10.12987743]
 [14.36760015  1.28993786  3.54407199  1.05116341  3.80030045  1.09769111
   3.46584239  4.21377878  1.30548599  5.95067193  4.01362065  3.29268229
  10.17243043 18.30432975 13.52970511  1.00527281]
 [ 1.64670925  5.09803237  2.63567619 14.9828455   2.94473371  5.61530782
   7.8908528   7.72907248  2.94506968  6.12965269  9.6882163   1.45730683
   1.2199939   1.21453054  3.83879858  2.48185649]
 [ 7.80334361  4.19656288  7.9700676   1.74434144  5.30034467 14.81815457
  12.6409994   8.6193234   6.76242717 17.03868886 15.61343739  3.98817972
  10.89578404  1.38602025  6.27067417  8.56923784]]
Rv: [[ 2.62099603  6.35982954  1.08824568 17.06287712 17.58624368 14.65089281
   6.64314892  4.50463002  3.67395849  5.70454626  9.68928732 12.82695237
  16.34802673  3.50029761  1.68616648]
 [ 1.0540549   8.43811397  2.04133328  1.20097244  2.90397164  9.52848728
   3.06223371 13.68162929  1.52622892  2.99071779  2.11296335  1.40569518
   7.94360489 11.64386463  6.08005053]
 [16.42558502  3.4518476  12.28698809  4.78268721  1.09895944  1.14142169
   1.96823129  9.06278949  5.6907441   8.00181698  1.27289866  3.45600701
  10.38917407 12.74548808 17.79621571]
 [ 1.26283938 10.71325952 15.36686451 14.57421764  5.76937821  1.67980251
   2.3701833   4.27133098  3.43686735 14.56664843 17.02703134  6.06854281
   1.29589551  1.03558577 18.39614421]
 [ 1.84147335  1.0066716   5.02866014  3.11433844  1.55501069  2.46658975
  11.7018948   1.66946081 16.71346015  1.3513855   6.01872735  6.54884132
  12.98472891 15.1874502   3.12567995]
 [ 3.28350506 18.91775276  2.83524626  1.32642242  6.84618424  6.9075648
   4.88977165  8.4263162   2.76385996  9.51618235  1.67630981  1.68145609
   1.80305749 14.72172728  3.35401058]]