-------Running parameters--------
T = 0.001
gap = 0
M = 5
N = 15
VR = 0.0
VU = 0.0
VD = 0.0
Vmin = 0.0
Vmax = 2.0
vStep = 0.01
vSym = True
repeats = 20
fileName = array_5_15_r_std_9_run_10
dist = exp
fullOutput = True
use_graph = False
current_map = True
plot_current_map = False
plot_binary_current_map = False
dbg = False
resume = False
sc = False
leaping = False
constQ = False
modifyR = False
output_folder = 2d_long_array_bgu_with_perp
params_path = 
VG_avg = 0.0
VG_std = 0.0
C_avg = 1.0
C_std = 1.0
CG_avg = 10.0
CG_std = 0.0
R_avg = 10.0
R_std = 9.0
custom_rh = ""
custom_rv = ""
custom_ch = ""
custom_cv = ""
RG_avg = 500.0
RG_std = 0.0
n0_avg = 0.0
n0_std = 0.0
Q0_avg = 0.0
Q0_std = 0.0
----Array Parameters-----
Rows: 5
Columns: 15
VG: [[0.]
 [0.]
 [0.]
 [0.]
 [0.]
 [0.]
 [0.]
 [0.]
 [0.]
 [0.]
 [0.]
 [0.]
 [0.]
 [0.]
 [0.]
 [0.]
 [0.]
 [0.]
 [0.]
 [0.]
 [0.]
 [0.]
 [0.]
 [0.]
 [0.]
 [0.]
 [0.]
 [0.]
 [0.]
 [0.]
 [0.]
 [0.]
 [0.]
 [0.]
 [0.]
 [0.]
 [0.]
 [0.]
 [0.]
 [0.]
 [0.]
 [0.]
 [0.]
 [0.]
 [0.]
 [0.]
 [0.]
 [0.]
 [0.]
 [0.]
 [0.]
 [0.]
 [0.]
 [0.]
 [0.]
 [0.]
 [0.]
 [0.]
 [0.]
 [0.]
 [0.]
 [0.]
 [0.]
 [0.]
 [0.]
 [0.]
 [0.]
 [0.]
 [0.]
 [0.]
 [0.]
 [0.]
 [0.]
 [0.]
 [0.]]
CG: [[10.]
 [10.]
 [10.]
 [10.]
 [10.]
 [10.]
 [10.]
 [10.]
 [10.]
 [10.]
 [10.]
 [10.]
 [10.]
 [10.]
 [10.]
 [10.]
 [10.]
 [10.]
 [10.]
 [10.]
 [10.]
 [10.]
 [10.]
 [10.]
 [10.]
 [10.]
 [10.]
 [10.]
 [10.]
 [10.]
 [10.]
 [10.]
 [10.]
 [10.]
 [10.]
 [10.]
 [10.]
 [10.]
 [10.]
 [10.]
 [10.]
 [10.]
 [10.]
 [10.]
 [10.]
 [10.]
 [10.]
 [10.]
 [10.]
 [10.]
 [10.]
 [10.]
 [10.]
 [10.]
 [10.]
 [10.]
 [10.]
 [10.]
 [10.]
 [10.]
 [10.]
 [10.]
 [10.]
 [10.]
 [10.]
 [10.]
 [10.]
 [10.]
 [10.]
 [10.]
 [10.]
 [10.]
 [10.]
 [10.]
 [10.]]
RG: [[500.]
 [500.]
 [500.]
 [500.]
 [500.]
 [500.]
 [500.]
 [500.]
 [500.]
 [500.]
 [500.]
 [500.]
 [500.]
 [500.]
 [500.]
 [500.]
 [500.]
 [500.]
 [500.]
 [500.]
 [500.]
 [500.]
 [500.]
 [500.]
 [500.]
 [500.]
 [500.]
 [500.]
 [500.]
 [500.]
 [500.]
 [500.]
 [500.]
 [500.]
 [500.]
 [500.]
 [500.]
 [500.]
 [500.]
 [500.]
 [500.]
 [500.]
 [500.]
 [500.]
 [500.]
 [500.]
 [500.]
 [500.]
 [500.]
 [500.]
 [500.]
 [500.]
 [500.]
 [500.]
 [500.]
 [500.]
 [500.]
 [500.]
 [500.]
 [500.]
 [500.]
 [500.]
 [500.]
 [500.]
 [500.]
 [500.]
 [500.]
 [500.]
 [500.]
 [500.]
 [500.]
 [500.]
 [500.]
 [500.]
 [500.]]
Ch: [[0.15337292 1.17636551 0.33386844 0.14271592 0.03461199 0.52576141
  0.07902132 0.02390317 1.6535259  0.15646685 0.28918227 0.12065763
  0.01620063 0.74242729 0.01036158 1.39242668]
 [0.29681079 0.04708525 1.43671729 0.09740399 0.6437856  0.62085494
  0.8291993  0.15004421 0.05819896 0.12704599 1.57578458 0.74291201
  0.15544852 0.04174477 0.0810413  0.65100449]
 [0.23128248 1.24919926 0.1099311  0.01540172 0.43170226 0.26058764
  0.02916871 0.17843222 0.02179438 0.0306126  1.04730628 0.32283448
  0.09465195 0.01700857 0.06012941 0.0190475 ]
 [0.01407636 0.84515261 0.04110946 0.01258746 0.025712   0.03880582
  0.17439834 1.17335038 1.56840974 0.18601509 0.27125662 0.01018303
  0.84580654 0.01422202 0.03114268 0.01770665]
 [1.76751874 0.07900937 0.16490631 0.04040825 1.09778294 0.18099856
  0.08616724 0.08150649 0.18130147 0.12092696 1.10733142 1.37352612
  0.17472387 1.84540227 0.60678824 1.52797826]]
Cv: [[0.05878104 0.03703934 0.07211062 1.10746296 0.58206709 0.38232497
  0.37939852 0.62747001 1.03583465 0.40823333 0.02175304 0.57910233
  0.02328346 0.01199601 0.03892686]
 [1.07191003 0.28934045 0.55011276 1.2552218  1.03375653 0.10112122
  0.01959405 0.23995084 0.97650835 0.01166173 0.20816244 1.2304015
  0.8425145  0.11768903 0.2831029 ]
 [0.78388915 0.02672415 0.0659522  0.95901919 0.17242997 0.15252088
  0.08891616 0.02128117 1.60375583 0.08538692 0.86344464 1.01882129
  0.01045314 0.02216736 0.04522975]
 [0.68723004 0.31353096 0.69512677 0.01521321 0.01096721 0.02340395
  0.03226825 0.13477577 0.1357674  0.01039608 1.72400153 0.58904593
  1.64013329 0.10476846 0.01183794]
 [0.01415017 0.24852037 0.24909168 0.01946863 0.08369734 0.02691361
  0.12507268 1.55698475 0.06910824 0.98060213 0.04060305 0.01295197
  0.0118319  0.016855   0.07996193]
 [0.02012294 1.73714019 0.01387151 0.95599993 0.27803518 0.50642567
  0.02191075 0.59406787 1.23794871 0.24005699 0.45677519 0.06886394
  0.18507673 0.57752251 0.04641951]]
Rh: [[ 4.35453119  4.23485546  6.24636637  9.99164931 13.44615566  3.74603769
   3.69874353 10.27101151  8.14998908  1.0777173   1.46713574  8.4041601
   8.08634939  2.49458238  4.66015333  1.43477447]
 [ 4.02195862 17.373182    3.90587345  3.770909    1.33267112  2.684162
   7.29371677  3.98200808  3.51484509  3.49006665  1.61316119  3.32644142
  10.59377744  1.88074689  5.38336752  1.65109868]
 [ 6.50258265  1.2897065   2.29005249  1.53738969 11.11790933 18.68175861
   3.4247518   1.84122848 11.38607909  3.93693224  1.46817209 15.43364628
   9.08897552  6.09680949  1.74189732  7.58878199]
 [ 1.55819979  3.52789754  3.33153269  6.55043277  1.13411485 15.52466644
   2.51505625 15.96956812 15.93456748 11.66501486  1.76599393 15.27240856
  11.23016286 11.78124597  3.65183282  3.19093448]
 [16.45765375  3.56349085 10.87038156 17.96408475  1.42849553 14.08733067
   1.13766197 17.29576222  4.15734467  1.41994738 16.66135188  3.6973029
   3.04306334  4.50363759  2.2693409  18.10862067]]
Rv: [[ 3.32077037 13.75291996  1.19896547  3.42356314  2.09649011  5.26932372
   2.68034392  2.89665115  2.38626153  2.21270816 15.95078962  7.75397207
  13.95227826 18.84270387 11.48733901]
 [ 2.35235263 11.70633893  3.27398743  1.29792219  2.42621832  3.73701475
   2.03984238  2.89747576 11.77938897 10.07719001  7.10261941 14.49234451
   3.56978154  3.12680227 13.5592067 ]
 [ 9.05280074  3.27652524 17.56324182 16.45428392  9.18046093  2.86055072
   5.88807246  1.3026157   2.15678976  1.85662222  6.97746136  1.30770784
  16.10705    13.4507669   9.98137625]
 [ 3.42402759  1.97903512  5.23859065  4.68068015  1.95876926 16.69155541
  13.72574303  5.03458282  1.58847446  1.2613633  14.28532867 15.87538394
  10.52552503  4.27855082  3.19418529]
 [ 9.13162744  1.85504973  9.24062542  2.67996372  6.90322459  2.85813778
   1.32279155  3.07673793  2.93090749 17.34596716  7.99380726  9.10309091
   9.13911003  5.07320146  2.80671167]
 [ 6.97647267 12.59377616  9.25315971  7.54767023 16.72047644  7.18037781
   8.33806256  2.39746744  9.45606814 15.40392637  7.99989821 13.8479226
   1.99636249  2.21095438  1.55802217]]