-------Running parameters--------
T = 0.001
gap = 0
M = 5
N = 15
VR = 0.0
VU = 0.0
VD = 0.0
Vmin = 0.0
Vmax = 2.0
vStep = 0.01
vSym = True
repeats = 20
fileName = array_5_15_r_std_9_run_4
dist = exp
fullOutput = True
use_graph = False
current_map = True
plot_current_map = False
plot_binary_current_map = False
dbg = False
resume = False
sc = False
leaping = False
constQ = False
modifyR = False
output_folder = 2d_long_array_bgu_with_perp
params_path = 
VG_avg = 0.0
VG_std = 0.0
C_avg = 1.0
C_std = 1.0
CG_avg = 10.0
CG_std = 0.0
R_avg = 10.0
R_std = 9.0
custom_rh = ""
custom_rv = ""
custom_ch = ""
custom_cv = ""
RG_avg = 500.0
RG_std = 0.0
n0_avg = 0.0
n0_std = 0.0
Q0_avg = 0.0
Q0_std = 0.0
----Array Parameters-----
Rows: 5
Columns: 15
VG: [[0.]
 [0.]
 [0.]
 [0.]
 [0.]
 [0.]
 [0.]
 [0.]
 [0.]
 [0.]
 [0.]
 [0.]
 [0.]
 [0.]
 [0.]
 [0.]
 [0.]
 [0.]
 [0.]
 [0.]
 [0.]
 [0.]
 [0.]
 [0.]
 [0.]
 [0.]
 [0.]
 [0.]
 [0.]
 [0.]
 [0.]
 [0.]
 [0.]
 [0.]
 [0.]
 [0.]
 [0.]
 [0.]
 [0.]
 [0.]
 [0.]
 [0.]
 [0.]
 [0.]
 [0.]
 [0.]
 [0.]
 [0.]
 [0.]
 [0.]
 [0.]
 [0.]
 [0.]
 [0.]
 [0.]
 [0.]
 [0.]
 [0.]
 [0.]
 [0.]
 [0.]
 [0.]
 [0.]
 [0.]
 [0.]
 [0.]
 [0.]
 [0.]
 [0.]
 [0.]
 [0.]
 [0.]
 [0.]
 [0.]
 [0.]]
CG: [[10.]
 [10.]
 [10.]
 [10.]
 [10.]
 [10.]
 [10.]
 [10.]
 [10.]
 [10.]
 [10.]
 [10.]
 [10.]
 [10.]
 [10.]
 [10.]
 [10.]
 [10.]
 [10.]
 [10.]
 [10.]
 [10.]
 [10.]
 [10.]
 [10.]
 [10.]
 [10.]
 [10.]
 [10.]
 [10.]
 [10.]
 [10.]
 [10.]
 [10.]
 [10.]
 [10.]
 [10.]
 [10.]
 [10.]
 [10.]
 [10.]
 [10.]
 [10.]
 [10.]
 [10.]
 [10.]
 [10.]
 [10.]
 [10.]
 [10.]
 [10.]
 [10.]
 [10.]
 [10.]
 [10.]
 [10.]
 [10.]
 [10.]
 [10.]
 [10.]
 [10.]
 [10.]
 [10.]
 [10.]
 [10.]
 [10.]
 [10.]
 [10.]
 [10.]
 [10.]
 [10.]
 [10.]
 [10.]
 [10.]
 [10.]]
RG: [[500.]
 [500.]
 [500.]
 [500.]
 [500.]
 [500.]
 [500.]
 [500.]
 [500.]
 [500.]
 [500.]
 [500.]
 [500.]
 [500.]
 [500.]
 [500.]
 [500.]
 [500.]
 [500.]
 [500.]
 [500.]
 [500.]
 [500.]
 [500.]
 [500.]
 [500.]
 [500.]
 [500.]
 [500.]
 [500.]
 [500.]
 [500.]
 [500.]
 [500.]
 [500.]
 [500.]
 [500.]
 [500.]
 [500.]
 [500.]
 [500.]
 [500.]
 [500.]
 [500.]
 [500.]
 [500.]
 [500.]
 [500.]
 [500.]
 [500.]
 [500.]
 [500.]
 [500.]
 [500.]
 [500.]
 [500.]
 [500.]
 [500.]
 [500.]
 [500.]
 [500.]
 [500.]
 [500.]
 [500.]
 [500.]
 [500.]
 [500.]
 [500.]
 [500.]
 [500.]
 [500.]
 [500.]
 [500.]
 [500.]
 [500.]]
Ch: [[0.03215625 0.08906691 0.22703191 0.0179394  0.02699865 1.1442529
  0.50271531 0.01182265 1.15902426 0.01919503 0.07700766 0.01346428
  0.60922734 1.46978422 0.07515371 1.80624673]
 [0.01147549 0.34329876 0.2256699  0.18979503 0.15538054 0.03172221
  1.30701986 0.03180131 1.52468959 0.01124299 0.06683997 0.23921186
  0.10122352 0.15175552 0.08397023 0.01188056]
 [1.20658617 0.98750776 0.02254543 0.01263219 1.53913986 1.84002028
  0.02467368 0.36252195 0.42826655 0.03200426 0.10063481 0.35518276
  0.06558784 0.01137632 0.40315258 0.13964677]
 [1.72528198 0.01424305 1.38467514 1.79284407 0.11170104 0.01332616
  0.23925857 1.9884964  0.07491652 0.1564013  0.01602193 1.1377399
  0.21058109 0.07692266 0.05792126 0.40683816]
 [1.11766133 0.01340688 0.07935968 0.3024535  0.02498141 1.2721922
  0.13338567 0.03667999 0.01486731 0.01690575 0.60771757 0.02893112
  0.40301765 0.03129896 0.03629029 0.590889  ]]
Cv: [[0.06340399 0.89759485 0.0213401  0.05378294 0.02000583 0.19449035
  0.03753502 0.03474618 0.3896923  0.03091148 0.71231479 0.04681746
  0.49293354 1.0803402  0.35160435]
 [0.10846547 0.54657605 0.01225718 0.07111339 0.02071559 0.54548764
  0.06305717 0.52002661 0.45786834 1.93153532 1.17115996 0.01994275
  0.75931268 0.79376613 0.30444904]
 [0.06038753 0.02474377 0.35898282 0.65029434 1.13445536 0.01274661
  0.04996068 1.96917489 0.226042   0.35066372 0.05028186 0.36035594
  0.02475123 0.73087145 0.77362455]
 [0.25645963 1.83307908 1.97972374 0.01635708 0.04215234 0.27909245
  0.12179209 1.03022688 0.21907314 0.23272423 0.03991838 0.11711977
  0.0901797  0.43523334 0.06021909]
 [0.10099306 1.8982822  1.2843447  0.01579039 0.05033279 0.82291382
  1.64802353 0.03751504 0.69104399 0.02584318 0.04993696 0.0290687
  0.0993262  0.01901636 1.56702403]
 [0.53242318 0.33416193 0.83873805 0.03747627 0.18268919 0.31391387
  0.18131994 0.37284109 0.33709548 0.0149086  0.90496513 1.85501563
  0.01275261 0.04323628 0.12117641]]
Rh: [[ 3.41464653  2.15528853 15.01945331  1.83563337 11.85227501  1.35578842
   8.47112278  2.28322    12.72226085  8.49898609  1.47813921 11.46764645
   2.76028051  2.63227492  6.85249892  7.40561478]
 [ 4.23490162  1.88462594  2.54247184  4.74957454 18.83707087  7.26074064
   2.59023805  2.14226501  2.28063369 11.47615166 11.6697989   1.09014418
   5.19301922  2.49584033  1.38806725  1.90230523]
 [ 1.01842591  1.49876832  1.21709757  2.63192795 14.79168111  4.21144272
   1.29485327  5.36465018 12.71224562  4.33203007  1.60193401  1.04377534
  10.87632811  8.82611419 12.9173913   2.82162788]
 [ 4.59963541  1.3981341  13.54772781  1.03018318 10.69233654  7.19909717
   8.8319744   1.01882044  2.14871246  2.30144126 13.08580452  1.53644156
  18.27675044  1.19647852  2.71528692 12.85717493]
 [ 1.36206323  1.56853895 13.41187688  6.51230378  5.09781616  1.07161799
  10.89247648  7.19127755 15.44488918 10.71053641  8.51390402  1.89984694
   2.27886919  8.21283443  3.83101605  1.25468628]]
Rv: [[10.84798525  3.12196714  3.85943043  9.4369885   1.00594205  2.35797614
   4.24450118  3.2651173   1.34112654  1.40217746  5.92154939  3.72889376
  12.79798641  2.85043322  7.00932246]
 [ 3.6906347   3.68461445  1.33227669 10.99034788  2.56807511  2.83450483
   3.19280283  4.65193291  1.47833344  3.727595   11.49817528  1.5814238
  12.68914741  2.70907048  8.97027207]
 [ 7.19754723  9.62453843  2.75198867  2.8773486  10.7792859   9.87199079
   7.42946826  2.48682457  8.01013527  2.05188201  3.76333541  4.21943411
   1.02187034  9.11266727  1.706158  ]
 [ 3.88542202  1.70439718 16.75997864  3.23825839  7.4382128   1.13867063
   3.50847705  1.05309574  4.15666582  1.10777855  4.72095908  2.8694118
   3.30598782  1.48927223  1.43818253]
 [15.24961432  2.68912101  7.52393292  6.2938488  13.35251883  5.34979732
   4.86945798  1.02462004  1.03557045  1.53614489  5.3448521   1.51120009
  15.04117796 12.86183928  3.73972924]
 [ 6.02268074  9.92618798  4.33468675 13.97547542 11.1962536   5.54917017
  10.75824365 13.13876157  3.22080237  1.11758644  1.25123591  5.41617286
   2.44508647 11.24453913  1.05506178]]