-------Running parameters--------
T = 0.001
gap = 0
M = 5
N = 15
VR = 0.0
VU = 0.0
VD = 0.0
Vmin = 0.0
Vmax = 2.0
vStep = 0.01
vSym = True
repeats = 20
fileName = array_5_15_r_std_9_run_8
dist = exp
fullOutput = True
use_graph = False
current_map = True
plot_current_map = False
plot_binary_current_map = False
dbg = False
resume = False
sc = False
leaping = False
constQ = False
modifyR = False
output_folder = 2d_long_array_bgu_with_perp
params_path = 
VG_avg = 0.0
VG_std = 0.0
C_avg = 1.0
C_std = 1.0
CG_avg = 10.0
CG_std = 0.0
R_avg = 10.0
R_std = 9.0
custom_rh = ""
custom_rv = ""
custom_ch = ""
custom_cv = ""
RG_avg = 500.0
RG_std = 0.0
n0_avg = 0.0
n0_std = 0.0
Q0_avg = 0.0
Q0_std = 0.0
----Array Parameters-----
Rows: 5
Columns: 15
VG: [[0.]
 [0.]
 [0.]
 [0.]
 [0.]
 [0.]
 [0.]
 [0.]
 [0.]
 [0.]
 [0.]
 [0.]
 [0.]
 [0.]
 [0.]
 [0.]
 [0.]
 [0.]
 [0.]
 [0.]
 [0.]
 [0.]
 [0.]
 [0.]
 [0.]
 [0.]
 [0.]
 [0.]
 [0.]
 [0.]
 [0.]
 [0.]
 [0.]
 [0.]
 [0.]
 [0.]
 [0.]
 [0.]
 [0.]
 [0.]
 [0.]
 [0.]
 [0.]
 [0.]
 [0.]
 [0.]
 [0.]
 [0.]
 [0.]
 [0.]
 [0.]
 [0.]
 [0.]
 [0.]
 [0.]
 [0.]
 [0.]
 [0.]
 [0.]
 [0.]
 [0.]
 [0.]
 [0.]
 [0.]
 [0.]
 [0.]
 [0.]
 [0.]
 [0.]
 [0.]
 [0.]
 [0.]
 [0.]
 [0.]
 [0.]]
CG: [[10.]
 [10.]
 [10.]
 [10.]
 [10.]
 [10.]
 [10.]
 [10.]
 [10.]
 [10.]
 [10.]
 [10.]
 [10.]
 [10.]
 [10.]
 [10.]
 [10.]
 [10.]
 [10.]
 [10.]
 [10.]
 [10.]
 [10.]
 [10.]
 [10.]
 [10.]
 [10.]
 [10.]
 [10.]
 [10.]
 [10.]
 [10.]
 [10.]
 [10.]
 [10.]
 [10.]
 [10.]
 [10.]
 [10.]
 [10.]
 [10.]
 [10.]
 [10.]
 [10.]
 [10.]
 [10.]
 [10.]
 [10.]
 [10.]
 [10.]
 [10.]
 [10.]
 [10.]
 [10.]
 [10.]
 [10.]
 [10.]
 [10.]
 [10.]
 [10.]
 [10.]
 [10.]
 [10.]
 [10.]
 [10.]
 [10.]
 [10.]
 [10.]
 [10.]
 [10.]
 [10.]
 [10.]
 [10.]
 [10.]
 [10.]]
RG: [[500.]
 [500.]
 [500.]
 [500.]
 [500.]
 [500.]
 [500.]
 [500.]
 [500.]
 [500.]
 [500.]
 [500.]
 [500.]
 [500.]
 [500.]
 [500.]
 [500.]
 [500.]
 [500.]
 [500.]
 [500.]
 [500.]
 [500.]
 [500.]
 [500.]
 [500.]
 [500.]
 [500.]
 [500.]
 [500.]
 [500.]
 [500.]
 [500.]
 [500.]
 [500.]
 [500.]
 [500.]
 [500.]
 [500.]
 [500.]
 [500.]
 [500.]
 [500.]
 [500.]
 [500.]
 [500.]
 [500.]
 [500.]
 [500.]
 [500.]
 [500.]
 [500.]
 [500.]
 [500.]
 [500.]
 [500.]
 [500.]
 [500.]
 [500.]
 [500.]
 [500.]
 [500.]
 [500.]
 [500.]
 [500.]
 [500.]
 [500.]
 [500.]
 [500.]
 [500.]
 [500.]
 [500.]
 [500.]
 [500.]
 [500.]]
Ch: [[0.8267317  0.21646172 0.10004639 1.30179455 0.01065668 0.01046305
  0.11438964 1.30386851 0.167255   0.16698921 0.03253578 0.57348531
  0.64843323 0.06553062 0.03365066 0.2214772 ]
 [1.00971012 0.04397888 0.08539496 0.31284258 0.34156364 0.24793342
  0.18920909 0.10499478 0.58450432 0.04844398 0.09520473 0.17180873
  0.33852796 0.02629564 0.01900224 1.37532601]
 [0.03143019 1.02920739 1.50168516 0.0297665  1.72158537 0.35003197
  0.02387272 0.28125989 0.02880482 0.23149154 0.07161719 0.01636059
  0.04890203 0.03951977 0.41834041 0.31889557]
 [0.1919612  0.10728744 0.03392745 0.02689733 0.3216904  0.01548128
  0.01677742 0.03867595 0.21911445 0.02944452 0.04195536 0.44370882
  0.07593833 0.09343806 0.02401545 0.02856243]
 [0.26319072 1.47606501 0.01741929 0.21028624 0.80211403 0.18493044
  0.01515259 1.99786352 1.30408698 0.07851565 0.03813131 0.02802409
  1.65034644 0.13334808 0.01414416 0.12125458]]
Cv: [[1.94176546 0.04030901 0.25673523 0.04280751 0.1627711  0.04332491
  0.03891406 0.11568028 1.46355122 0.01626677 0.04520487 0.01956078
  0.05497468 0.02685334 0.01505636]
 [0.87121686 0.41048248 0.01730187 0.01686377 1.27788808 1.92250215
  0.05619564 0.08649287 0.02420568 0.0114577  0.0145949  0.01412712
  0.66218108 0.02069316 0.1650417 ]
 [0.10825491 0.0358975  0.03286868 1.73204626 0.68348958 0.43306602
  0.95332135 0.07073878 1.05048822 0.05880214 0.07796887 0.91204293
  0.01980625 0.0113235  0.52567371]
 [1.75694235 1.33535892 0.01594549 0.01174546 0.06973155 1.59668992
  0.14842355 0.01271169 1.16952504 0.2456139  0.4375767  0.12437662
  1.91284343 0.13444137 0.26856266]
 [0.0389901  0.27854909 0.02539112 0.37313457 0.01864487 0.14169215
  0.04213251 0.03564428 0.01878267 0.10052884 0.18548498 0.02945844
  0.02432927 0.21370799 0.01320734]
 [0.11747971 0.07816311 0.21403896 1.09266344 0.92567499 1.03432894
  0.06900017 0.47702289 0.46197251 0.05107485 0.09532326 1.53829906
  0.05106966 0.01245923 0.41428712]]
Rh: [[ 5.40825761  8.44330016 10.56311173  1.56274199 15.37353418 16.34933627
   3.23701964  7.47969359  1.93155731 14.77802944  3.37773778  1.04874595
   3.41459726  1.60743424 13.47651134 10.92019332]
 [ 1.39378637  1.12708223 15.65544323  1.94714675  1.03991332  7.72576795
   1.7244556   2.98756915  3.01132525  1.33175982  9.90645013  2.78339269
   2.70419285  2.07049329  1.66773202  2.30347443]
 [ 7.22477314  2.09485801  6.23444281  3.24452368  1.89943522  4.20502073
   4.39224164  5.68424755  1.30998294  3.0382352   1.83542051  8.23435511
   1.60740426  2.0356791  15.42723512  3.45711788]
 [ 1.92650711  6.37584967 10.04938194  2.1734539  15.46307415 17.68661451
   6.40559114  1.11087686  1.55401622  2.05060219  2.31610577 17.61293467
   1.65470446  1.81618341  1.10765561  1.62338553]
 [ 1.21117097 13.39365347  2.53509995 10.06670693  5.11071078  1.40841732
   3.07857941  4.04390318 15.47421762  3.13383158  9.66815448  3.95306106
  15.45036256  2.80899051  3.78010149 11.52029025]]
Rv: [[ 4.4477796   7.56322376 12.57783098  5.79034256 14.37635259 13.56198454
  13.3619221   1.74607153  1.68288467  2.14612457  2.27715411  7.43921011
   3.88108739  1.52173314  1.44877835]
 [ 1.34060338  5.21959984  6.34720372 13.75225806  2.77866318  4.84819355
   6.34512706  4.98565425  7.32132913  3.98052601  5.98130287  2.73909144
  13.88275248  7.60545504  6.18731746]
 [ 8.1206846   4.3560332   7.13014428  4.9828997   3.35285867  1.02975864
   1.1627057   7.80136297  1.46985074 11.47430474  4.30116057  9.6054133
   7.56261078  2.16058107  2.13596071]
 [16.93095594  1.31427895  1.77472295  8.41569095  7.01903502  2.47836942
  12.85351636  4.387453    1.31156993  8.52100328  4.90830732  3.24980706
   3.7251163  12.69903119  5.71734215]
 [ 1.40333026  2.55506441  2.04506964  7.60882581  1.60773779  2.79582941
   1.44244929 13.61177683  7.22629675  3.70074736  1.21328986 11.29482361
  15.28256836  1.22671289  2.93033486]
 [18.65322396  7.72503987  1.27372751  9.96233563  5.25688233  2.31091804
   1.01790248 12.49600693 13.20763366  2.79732351  2.58027396  3.79557279
   5.81205784 15.32957102  7.08354978]]