-------Running parameters--------
M = 5
N = 5
VR = 0.0
Vmin = 0.0
Vmax = 2.0
vStep = 0.01
repeats = 20
fileName = exp_disorder_5_5
dist = exp
fullOutput = False
use_graph = False
current_map = True
plot_current_map = False
dbg = False
output_folder = 2D_square_arrays_with_current_map_cg_100
VG_avg = 0.0
VG_std = 0.0
C_avg = 1.0
C_std = 0.0
CG_avg = 100.0
CG_std = 0.0
R_avg = 10.0
R_std = 9.0
custom_rh = ""
custom_rv = ""
RG_avg = 1000.0
RG_std = 0.0
n0_avg = 0.0
n0_std = 0.0
Q0_avg = 0.0
Q0_std = 0.0
----Array Parameters-----
Rows: 5
Columns: 5
VG: [[0. 0. 0. 0. 0.]
 [0. 0. 0. 0. 0.]
 [0. 0. 0. 0. 0.]
 [0. 0. 0. 0. 0.]
 [0. 0. 0. 0. 0.]]
CG: [[100. 100. 100. 100. 100.]
 [100. 100. 100. 100. 100.]
 [100. 100. 100. 100. 100.]
 [100. 100. 100. 100. 100.]
 [100. 100. 100. 100. 100.]]
RG: [[1000. 1000. 1000. 1000. 1000.]
 [1000. 1000. 1000. 1000. 1000.]
 [1000. 1000. 1000. 1000. 1000.]
 [1000. 1000. 1000. 1000. 1000.]
 [1000. 1000. 1000. 1000. 1000.]]
Ch: [[1. 1. 1. 1. 1. 1.]
 [1. 1. 1. 1. 1. 1.]
 [1. 1. 1. 1. 1. 1.]
 [1. 1. 1. 1. 1. 1.]
 [1. 1. 1. 1. 1. 1.]]
Cv: [[0. 0. 0. 0. 0.]
 [1. 1. 1. 1. 1.]
 [1. 1. 1. 1. 1.]
 [1. 1. 1. 1. 1.]
 [1. 1. 1. 1. 1.]]
Rh: [[ 6.2861988   3.47537141  4.05486352  5.14933809 14.63087696  5.60076878]
 [ 2.88746879  1.99672569 10.33449425  3.30106324 14.44456719  1.31575143]
 [ 6.64477568  2.81980217 13.80159529  8.68759517  1.55730376  8.40225411]
 [ 1.57243124 16.79197057 16.18290493  2.59821052 17.25250978  3.74238291]
 [ 4.7925034   1.11884967  1.64516069  1.95823822 16.81436553 15.28039961]]
Rv: [[ 1.40486483  2.5427008  10.75293527  1.73930358 12.11697738]
 [15.15728821  1.55990113  2.73460602 11.73127261 12.99122464]
 [ 3.54154542  1.02026147  2.19935057  5.5089624   4.36146801]
 [ 7.51435562  1.19916543  2.30781535 18.51019865  1.46798603]]