-------Running parameters--------
M = 5
N = 5
VR = 0.0
Vmin = 0.0
Vmax = 5.0
vStep = 0.01
repeats = 20
fileName = uniform_disorder_5_5
dist = uniform
fullOutput = False
use_graph = False
current_map = False
output_folder = 2D_square_arrays_with_current_map
VG_avg = 0.0
VG_std = 0.0
C_avg = 1.0
C_std = 0.0
CG_avg = 10.0
CG_std = 0.0
R_avg = 10.0
R_std = 9.0
RG_avg = 1000.0
RG_std = 0.0
n0_avg = 0.0
n0_std = 0.0
Q0_avg = 0.0
Q0_std = 0.0
----Array Parameters-----
Rows: 5
Columns: 5
VG: [[0. 0. 0. 0. 0.]
 [0. 0. 0. 0. 0.]
 [0. 0. 0. 0. 0.]
 [0. 0. 0. 0. 0.]
 [0. 0. 0. 0. 0.]]
CG: [[10. 10. 10. 10. 10.]
 [10. 10. 10. 10. 10.]
 [10. 10. 10. 10. 10.]
 [10. 10. 10. 10. 10.]
 [10. 10. 10. 10. 10.]]
RG: [[1000. 1000. 1000. 1000. 1000.]
 [1000. 1000. 1000. 1000. 1000.]
 [1000. 1000. 1000. 1000. 1000.]
 [1000. 1000. 1000. 1000. 1000.]
 [1000. 1000. 1000. 1000. 1000.]]
Ch: [[1. 1. 1. 1. 1. 1.]
 [1. 1. 1. 1. 1. 1.]
 [1. 1. 1. 1. 1. 1.]
 [1. 1. 1. 1. 1. 1.]
 [1. 1. 1. 1. 1. 1.]]
Cv: [[0. 0. 0. 0. 0.]
 [1. 1. 1. 1. 1.]
 [1. 1. 1. 1. 1.]
 [1. 1. 1. 1. 1.]
 [1. 1. 1. 1. 1.]]
Rh: [[13.70814427 11.51358444 11.09574889  6.19554873  5.10069947  9.87540549]
 [ 7.76729027  2.93497683 18.44115058  5.96790332  1.83844385  8.11511   ]
 [ 6.58992311  3.8705327   8.61293291 11.19398357  7.02923592 14.78615222]
 [14.66282343  9.1626908  11.30326199 10.31911671  6.91771842 14.18883859]
 [ 8.92297976  5.62367209  9.26867559 14.90680773 12.80225211  6.94985084]]
Rv: [[12.06014454 11.82844529 11.05603279 17.25520687  8.89497912]
 [ 2.16622912  8.22134891  8.37551893 17.26634175 13.65492631]
 [15.70825324 13.91586059 15.21562159 16.15736543  6.66673389]
 [13.50599488 11.02160804  5.13880504  4.88852645  2.50048623]]