-------Running parameters--------
M = 5
N = 5
VR = 0.0
Vmin = 0.0
Vmax = 5.0
vStep = 0.01
repeats = 20
fileName = exp_disorder_5_5
dist = exp
fullOutput = False
use_graph = False
current_map = True
plot_current_map = False
dbg = False
output_folder = 2D_square_arrays_with_current_map
VG_avg = 0.0
VG_std = 0.0
C_avg = 1.0
C_std = 0.0
CG_avg = 10.0
CG_std = 0.0
R_avg = 10.0
R_std = 9.0
custom_rh = ""
custom_rv = ""
RG_avg = 1000.0
RG_std = 0.0
n0_avg = 0.0
n0_std = 0.0
Q0_avg = 0.0
Q0_std = 0.0
----Array Parameters-----
Rows: 5
Columns: 5
VG: [[0. 0. 0. 0. 0.]
 [0. 0. 0. 0. 0.]
 [0. 0. 0. 0. 0.]
 [0. 0. 0. 0. 0.]
 [0. 0. 0. 0. 0.]]
CG: [[10. 10. 10. 10. 10.]
 [10. 10. 10. 10. 10.]
 [10. 10. 10. 10. 10.]
 [10. 10. 10. 10. 10.]
 [10. 10. 10. 10. 10.]]
RG: [[1000. 1000. 1000. 1000. 1000.]
 [1000. 1000. 1000. 1000. 1000.]
 [1000. 1000. 1000. 1000. 1000.]
 [1000. 1000. 1000. 1000. 1000.]
 [1000. 1000. 1000. 1000. 1000.]]
Ch: [[1. 1. 1. 1. 1. 1.]
 [1. 1. 1. 1. 1. 1.]
 [1. 1. 1. 1. 1. 1.]
 [1. 1. 1. 1. 1. 1.]
 [1. 1. 1. 1. 1. 1.]]
Cv: [[0. 0. 0. 0. 0.]
 [1. 1. 1. 1. 1.]
 [1. 1. 1. 1. 1.]
 [1. 1. 1. 1. 1.]
 [1. 1. 1. 1. 1.]]
Rh: [[ 1.17187901  4.25887051  1.1638677   2.64101539  1.41522212  1.12887283]
 [ 2.11762441  5.61417903 17.68730885 17.03762443  7.41151716  1.56345867]
 [ 3.18830353  9.50354005  1.50911836  3.44336116  1.03280158  7.39697197]
 [14.15028755  1.24792129  1.57725384  3.87262318  1.18418566  9.83955137]
 [ 9.43477305 13.18230519  4.21657883  5.89767279  5.2435488  11.16657817]]
Rv: [[ 4.26423787  2.28124395 17.23471404 15.56524252  2.27912842]
 [ 3.42310972  1.75628471 14.14344524  3.08090823  1.69738905]
 [ 4.39277711  2.06655386  3.03614136 14.84396505  8.38185706]
 [ 2.08600303  1.07014599  7.50585611  5.14465754  3.60533287]]