-------Running parameters--------
T = 0.001
temperature_gradient = 0.0
gap = 0.0
M = 10
N = 10
VR = 0.0
Vmin = 0.0
Vmax = 1.1
vStep = 0.01
vSym = False
repeats = 1
fileName = dbg_heating_2
dist = exp
fullOutput = True
use_graph = False
current_map = True
plot_current_map = False
plot_binary_current_map = False
frame_norm = False
dbg = True
resume = False
sc = False
leaping = False
constQ = False
modifyR = False
double_time = False
double_loop = False
output_folder = dbg
params_path = 
VG_avg = 0.0
VG_std = 0.0
C_avg = 2.0
C_std = 1.0
CG_avg = 10.0
CG_std = 0.0
R_avg = 10.0
R_std = 7.0
custom_rh = 
custom_rv = 
custom_ch = 
custom_cv = 
RG_avg = 500.0
RG_std = 0.0
n0_avg = 0.0
n0_std = 0.0
Q0_avg = 0.0
Q0_std = 0.0
----Array Parameters-----
Rows: 10
Columns: 10
VG: [[0.]
 [0.]
 [0.]
 [0.]
 [0.]
 [0.]
 [0.]
 [0.]
 [0.]
 [0.]
 [0.]
 [0.]
 [0.]
 [0.]
 [0.]
 [0.]
 [0.]
 [0.]
 [0.]
 [0.]
 [0.]
 [0.]
 [0.]
 [0.]
 [0.]
 [0.]
 [0.]
 [0.]
 [0.]
 [0.]
 [0.]
 [0.]
 [0.]
 [0.]
 [0.]
 [0.]
 [0.]
 [0.]
 [0.]
 [0.]
 [0.]
 [0.]
 [0.]
 [0.]
 [0.]
 [0.]
 [0.]
 [0.]
 [0.]
 [0.]
 [0.]
 [0.]
 [0.]
 [0.]
 [0.]
 [0.]
 [0.]
 [0.]
 [0.]
 [0.]
 [0.]
 [0.]
 [0.]
 [0.]
 [0.]
 [0.]
 [0.]
 [0.]
 [0.]
 [0.]
 [0.]
 [0.]
 [0.]
 [0.]
 [0.]
 [0.]
 [0.]
 [0.]
 [0.]
 [0.]
 [0.]
 [0.]
 [0.]
 [0.]
 [0.]
 [0.]
 [0.]
 [0.]
 [0.]
 [0.]
 [0.]
 [0.]
 [0.]
 [0.]
 [0.]
 [0.]
 [0.]
 [0.]
 [0.]
 [0.]]
CG: [[10.]
 [10.]
 [10.]
 [10.]
 [10.]
 [10.]
 [10.]
 [10.]
 [10.]
 [10.]
 [10.]
 [10.]
 [10.]
 [10.]
 [10.]
 [10.]
 [10.]
 [10.]
 [10.]
 [10.]
 [10.]
 [10.]
 [10.]
 [10.]
 [10.]
 [10.]
 [10.]
 [10.]
 [10.]
 [10.]
 [10.]
 [10.]
 [10.]
 [10.]
 [10.]
 [10.]
 [10.]
 [10.]
 [10.]
 [10.]
 [10.]
 [10.]
 [10.]
 [10.]
 [10.]
 [10.]
 [10.]
 [10.]
 [10.]
 [10.]
 [10.]
 [10.]
 [10.]
 [10.]
 [10.]
 [10.]
 [10.]
 [10.]
 [10.]
 [10.]
 [10.]
 [10.]
 [10.]
 [10.]
 [10.]
 [10.]
 [10.]
 [10.]
 [10.]
 [10.]
 [10.]
 [10.]
 [10.]
 [10.]
 [10.]
 [10.]
 [10.]
 [10.]
 [10.]
 [10.]
 [10.]
 [10.]
 [10.]
 [10.]
 [10.]
 [10.]
 [10.]
 [10.]
 [10.]
 [10.]
 [10.]
 [10.]
 [10.]
 [10.]
 [10.]
 [10.]
 [10.]
 [10.]
 [10.]
 [10.]]
RG: [[500.]
 [500.]
 [500.]
 [500.]
 [500.]
 [500.]
 [500.]
 [500.]
 [500.]
 [500.]
 [500.]
 [500.]
 [500.]
 [500.]
 [500.]
 [500.]
 [500.]
 [500.]
 [500.]
 [500.]
 [500.]
 [500.]
 [500.]
 [500.]
 [500.]
 [500.]
 [500.]
 [500.]
 [500.]
 [500.]
 [500.]
 [500.]
 [500.]
 [500.]
 [500.]
 [500.]
 [500.]
 [500.]
 [500.]
 [500.]
 [500.]
 [500.]
 [500.]
 [500.]
 [500.]
 [500.]
 [500.]
 [500.]
 [500.]
 [500.]
 [500.]
 [500.]
 [500.]
 [500.]
 [500.]
 [500.]
 [500.]
 [500.]
 [500.]
 [500.]
 [500.]
 [500.]
 [500.]
 [500.]
 [500.]
 [500.]
 [500.]
 [500.]
 [500.]
 [500.]
 [500.]
 [500.]
 [500.]
 [500.]
 [500.]
 [500.]
 [500.]
 [500.]
 [500.]
 [500.]
 [500.]
 [500.]
 [500.]
 [500.]
 [500.]
 [500.]
 [500.]
 [500.]
 [500.]
 [500.]
 [500.]
 [500.]
 [500.]
 [500.]
 [500.]
 [500.]
 [500.]
 [500.]
 [500.]
 [500.]]
Ch: [[1.16825725 1.46408949 1.30093999 1.59096207 1.31874279 2.06410952
  2.61229682 1.12209884 1.21476398 1.74934307 1.85315789]
 [2.23935135 1.7830175  1.04639708 2.39070388 1.68092104 2.44489153
  2.49503194 1.44745116 1.29015264 2.08465883 1.27878461]
 [2.35454566 2.9743359  1.79029332 2.52672529 1.77451289 1.40402456
  2.15998072 1.01902356 2.16071604 2.73976471 1.3346429 ]
 [2.61505062 2.84333324 1.09214006 1.66691355 2.15414218 1.28901511
  1.02308726 1.31182346 1.9165466  2.04796374 1.2893007 ]
 [1.82792135 2.29904482 1.19129936 1.39605791 1.89276366 1.76631882
  1.9064606  1.12575241 2.65155346 2.85342203 2.40432591]
 [2.44586571 2.29941462 1.22146154 1.72298719 1.0629439  1.57798908
  1.12954013 1.0118525  1.41096996 2.5215627  1.49829058]
 [2.83995185 1.91448365 1.05827489 1.3595174  2.53110135 1.81111224
  1.29370876 1.65369487 2.79625278 1.62802923 1.95221859]
 [2.17949512 1.9668296  1.28952281 1.45142618 2.88681689 2.37396727
  2.70415836 1.96853718 1.40405556 2.08753478 1.16927801]
 [1.08648733 1.46582579 1.49652874 1.89430101 1.39703492 1.2921699
  2.75407089 2.07697663 1.17862678 1.94536611 1.58045387]
 [2.45739914 2.13797512 2.13085108 2.58486863 2.41678647 1.48122358
  2.37441089 1.19311786 1.6569414  2.20204259 1.59514732]]
Cv: [[0.         0.         0.         0.         0.         0.
  0.         0.         0.         0.        ]
 [1.31659181 2.14892178 1.44599342 1.26145513 1.13295907 2.50134602
  2.09424535 2.56537565 1.15115511 1.82750528]
 [2.50850717 1.79880405 1.39743734 1.39597151 2.0813005  2.39002397
  2.34264384 2.6331974  2.87757215 1.87739485]
 [1.63545477 1.72684157 2.81696251 1.8086509  2.64277208 2.39797227
  2.36879071 2.26022242 2.49767895 1.36659774]
 [2.54411516 1.22322831 2.22459183 1.56893002 2.01611656 1.1176511
  1.15103813 1.28010298 1.17555391 1.77284221]
 [1.1408317  2.71089831 2.01454806 1.25782446 2.78330357 1.71942551
  1.07641042 1.2257545  1.9022075  2.11369632]
 [1.86959048 1.95521678 2.20231175 1.93357634 2.45623449 1.58344339
  1.78029129 1.48864523 2.31886569 1.16403147]
 [1.61830574 2.76952335 1.2161408  1.20935864 1.41223505 1.37746152
  1.20952826 1.33443679 1.76431184 2.0295749 ]
 [1.34412694 2.58922544 2.73871185 1.09269207 1.99889564 1.38265308
  2.9479616  2.04263871 1.14750832 1.19838151]
 [1.39124911 1.61187521 2.77881879 2.18432596 1.1003193  1.21176088
  2.35860714 1.70941592 2.04365076 2.5613709 ]]
Rh: [[ 3.81452172  3.78076465  5.50586821 14.5150097   7.96113448 10.50231311
   3.10100416  5.59863312  9.08069864  9.9159167   4.88012845]
 [ 6.99039875 12.44007913  7.19496229 13.50825635  9.78623797  4.64235578
  12.73505939  8.79844029 11.10643502  3.3482437   6.66960571]
 [14.53366902 14.01907354 13.79693514  4.47422322  5.8134206   6.9469276
   7.50013603 16.67269768 12.71265296  6.79778513 11.8229201 ]
 [ 9.08164702 11.4873818   7.52030982 13.99551367 16.15212822  4.58381098
   5.90656489  4.81104001  4.89795621  6.10296859  7.03092401]
 [ 7.35148348 13.89452105  4.07309425  8.7709374  10.44669213 13.24690363
   4.83265021 16.53237419  6.01865851  4.09753883  3.41259474]
 [12.60758364 15.10054356 12.26239317  3.84672736 15.39832628  3.15255864
   3.71751013  5.98036476  7.00536939  6.01539918  3.89468768]
 [ 3.82367663 10.52372266  3.21777469 14.93124241 15.85679539  9.32946425
   8.68135383 12.49645803 11.22740241  8.25321311  3.03546728]
 [ 6.18765975  3.46269849  3.90223708  4.09874513  8.61200305  8.66921264
  11.1582702   6.56656891 10.6485933   5.06292112  3.57505781]
 [ 5.12949049  7.20184933  7.96256784  4.85892732  4.95567253 14.19362941
  15.85192042 16.97765877  7.95630316  3.55541121  8.01989871]
 [ 5.3843896  14.59086877  5.20984465 11.72809731 15.00995445  5.87831161
  12.65831218 10.10065719  3.07236475  3.71291939  4.59964343]]
Rv: [[ 8.72393591 15.94347344 15.69021477 11.19590764  7.63223999  5.47900386
   4.1169468   9.23299352 11.45377356  8.04321301]
 [12.43248931  3.91717736  4.43119021  5.91453851  3.14974264 14.37856945
   4.51244764  9.59395816  4.6929091   6.66444173]
 [14.18056123  5.73270242  9.44097774  9.58773791  6.64687323 11.3781482
   8.97914842 11.4146008   3.07799535  3.14465151]
 [ 3.82731141  3.99873288  3.7803968   5.58081132  3.14809517  8.92731303
   3.47847718 15.13388197  3.93364781  4.24979008]
 [10.02488055  4.19468797 16.52840157  7.9121354   4.38686633 10.20957217
  12.00279465  5.31514175  6.67750799 15.92270422]
 [ 4.17126476  6.83685517 13.29979232 13.1077571   3.76516251  6.20226616
  14.14739383  5.42936549  4.59230875 12.49135318]
 [11.7041396   3.58222498  6.12020125  8.79460609 16.18830957 16.58172333
   7.27174925  5.47402333  3.85585518  6.22273419]
 [ 7.6569955  12.75451798  6.78518286  3.63953166  4.83261121  4.7683642
   9.27708113  5.99856059  7.74273115  5.91811878]
 [14.09359147  8.80781916 15.15305515  6.81706823  4.83043286  8.43403542
  12.29700157  6.05454206  6.52509997  3.04086247]]