-------Running parameters--------
T = 0.0
gap = 0
M = 5
N = 15
VR = 0.0
VU = 0.0
VD = 0.0
rightElectrode = 
leftElectrode = 
upElectrode = 
downElectrode = [0,0,0,0,0,0,0,1,0,0,0,0,0,0,0]
Vmin = 0.0
Vmax = 2.5
vStep = 0.1
vSym = True
repeats = 1
fileName = --up-electrode
dist = exp
fullOutput = True
use_graph = False
current_map = True
plot_current_map = False
plot_binary_current_map = False
dbg = True
resume = False
sc = False
leaping = False
constQ = False
modifyR = False
output_folder = dbg
params_path = 
VG_avg = 0.0
VG_std = 0.0
C_avg = 1.0
C_std = 0.7
CG_avg = 10.0
CG_std = 0.0
R_avg = 10.0
R_std = 0.0
custom_rh = 
custom_rv = 
custom_ch = 
custom_cv = 
RG_avg = 500.0
RG_std = 0.0
n0_avg = 0.0
n0_std = 0.0
Q0_avg = 0.0
Q0_std = 0.0
----Array Parameters-----
Rows: 5
Columns: 15
VG: [[0.]
 [0.]
 [0.]
 [0.]
 [0.]
 [0.]
 [0.]
 [0.]
 [0.]
 [0.]
 [0.]
 [0.]
 [0.]
 [0.]
 [0.]
 [0.]
 [0.]
 [0.]
 [0.]
 [0.]
 [0.]
 [0.]
 [0.]
 [0.]
 [0.]
 [0.]
 [0.]
 [0.]
 [0.]
 [0.]
 [0.]
 [0.]
 [0.]
 [0.]
 [0.]
 [0.]
 [0.]
 [0.]
 [0.]
 [0.]
 [0.]
 [0.]
 [0.]
 [0.]
 [0.]
 [0.]
 [0.]
 [0.]
 [0.]
 [0.]
 [0.]
 [0.]
 [0.]
 [0.]
 [0.]
 [0.]
 [0.]
 [0.]
 [0.]
 [0.]
 [0.]
 [0.]
 [0.]
 [0.]
 [0.]
 [0.]
 [0.]
 [0.]
 [0.]
 [0.]
 [0.]
 [0.]
 [0.]
 [0.]
 [0.]]
CG: [[10.]
 [10.]
 [10.]
 [10.]
 [10.]
 [10.]
 [10.]
 [10.]
 [10.]
 [10.]
 [10.]
 [10.]
 [10.]
 [10.]
 [10.]
 [10.]
 [10.]
 [10.]
 [10.]
 [10.]
 [10.]
 [10.]
 [10.]
 [10.]
 [10.]
 [10.]
 [10.]
 [10.]
 [10.]
 [10.]
 [10.]
 [10.]
 [10.]
 [10.]
 [10.]
 [10.]
 [10.]
 [10.]
 [10.]
 [10.]
 [10.]
 [10.]
 [10.]
 [10.]
 [10.]
 [10.]
 [10.]
 [10.]
 [10.]
 [10.]
 [10.]
 [10.]
 [10.]
 [10.]
 [10.]
 [10.]
 [10.]
 [10.]
 [10.]
 [10.]
 [10.]
 [10.]
 [10.]
 [10.]
 [10.]
 [10.]
 [10.]
 [10.]
 [10.]
 [10.]
 [10.]
 [10.]
 [10.]
 [10.]
 [10.]]
RG: [[500.]
 [500.]
 [500.]
 [500.]
 [500.]
 [500.]
 [500.]
 [500.]
 [500.]
 [500.]
 [500.]
 [500.]
 [500.]
 [500.]
 [500.]
 [500.]
 [500.]
 [500.]
 [500.]
 [500.]
 [500.]
 [500.]
 [500.]
 [500.]
 [500.]
 [500.]
 [500.]
 [500.]
 [500.]
 [500.]
 [500.]
 [500.]
 [500.]
 [500.]
 [500.]
 [500.]
 [500.]
 [500.]
 [500.]
 [500.]
 [500.]
 [500.]
 [500.]
 [500.]
 [500.]
 [500.]
 [500.]
 [500.]
 [500.]
 [500.]
 [500.]
 [500.]
 [500.]
 [500.]
 [500.]
 [500.]
 [500.]
 [500.]
 [500.]
 [500.]
 [500.]
 [500.]
 [500.]
 [500.]
 [500.]
 [500.]
 [500.]
 [500.]
 [500.]
 [500.]
 [500.]
 [500.]
 [500.]
 [500.]
 [500.]]
Ch: [[1.44231747 1.08006542 1.40260463 0.83766708 1.41960266 0.79569433
  0.75711438 1.19946435 0.44651657 0.35017773 0.47782453 1.2415713
  0.58248719 0.31495862 1.29954593 0.75226494]
 [1.1054455  1.62082656 0.50698543 1.32335122 0.48422923 0.45489684
  1.58734126 0.77086251 0.71292798 0.59530024 0.78331508 1.07294883
  1.13987205 0.78309847 1.39219642 1.07252926]
 [0.57649529 0.42706454 1.05856592 0.54525429 1.0250111  1.05829141
  1.17165505 1.00999302 1.000071   0.63933605 0.41129985 1.66010236
  0.56216635 0.79431559 0.31621029 1.36713258]
 [1.07525901 0.49452401 1.08119382 0.34358017 1.04866986 0.71756669
  0.57546107 0.48827139 0.89275714 0.41400138 0.52009165 0.43614235
  0.53373774 0.37756388 0.31200067 0.78167127]
 [0.42824963 1.57017841 0.66814917 0.45992523 0.68184362 0.31897333
  0.32779637 1.43400869 0.61742286 0.51710126 0.99062963 1.60515057
  0.59667195 0.49415361 0.8238477  0.73056089]]
Cv: [[0.41386836 0.6097968  0.68520166 0.45812073 0.72083247 0.30402329
  1.45998188 1.0502258  1.3995593  0.36513349 1.38085955 0.91797776
  0.44092983 1.65535444 1.51842344]
 [0.91613956 1.02384371 0.57292494 0.48946124 0.4209119  0.51894063
  0.49140758 0.6924622  0.36159275 0.48635767 0.80949351 0.97375535
  0.79415929 0.7555529  0.32595579]
 [0.38936993 0.44831719 0.65505305 0.52545561 1.43220454 0.90648147
  0.56696354 0.8325749  0.67294291 0.51660325 0.62310257 0.43725688
  0.56030424 0.57184021 0.42059514]
 [0.7596965  0.50818834 0.76425086 0.72096277 0.50196903 1.02243484
  0.3262923  1.18836005 0.41850736 0.49632012 0.4787798  1.48078786
  0.42478665 0.47234385 0.3395041 ]
 [1.03565203 0.41774684 0.34728896 1.21166619 0.58627601 1.01970807
  1.12159069 0.52976726 0.55078207 1.06913674 0.50210452 0.30089485
  1.26646016 0.5947935  0.6935876 ]
 [0.43414926 0.74444728 0.91182191 0.9531163  1.02213193 0.78628647
  0.44575264 0.89372751 0.38724259 0.62855    1.23637954 0.47379051
  0.91833064 1.67726773 0.86629251]]
Rh: [[10. 10. 10. 10. 10. 10. 10. 10. 10. 10. 10. 10. 10. 10. 10. 10.]
 [10. 10. 10. 10. 10. 10. 10. 10. 10. 10. 10. 10. 10. 10. 10. 10.]
 [10. 10. 10. 10. 10. 10. 10. 10. 10. 10. 10. 10. 10. 10. 10. 10.]
 [10. 10. 10. 10. 10. 10. 10. 10. 10. 10. 10. 10. 10. 10. 10. 10.]
 [10. 10. 10. 10. 10. 10. 10. 10. 10. 10. 10. 10. 10. 10. 10. 10.]]
Rv: [[10. 10. 10. 10. 10. 10. 10. 10. 10. 10. 10. 10. 10. 10. 10.]
 [10. 10. 10. 10. 10. 10. 10. 10. 10. 10. 10. 10. 10. 10. 10.]
 [10. 10. 10. 10. 10. 10. 10. 10. 10. 10. 10. 10. 10. 10. 10.]
 [10. 10. 10. 10. 10. 10. 10. 10. 10. 10. 10. 10. 10. 10. 10.]
 [10. 10. 10. 10. 10. 10. 10. 10. 10. 10. 10. 10. 10. 10. 10.]
 [10. 10. 10. 10. 10. 10. 10. 10. 10. 10. 10. 10. 10. 10. 10.]]