-------Running parameters--------
T = 0.001
temperature_gradient = 0.0
gap = 0.0
M = 10
N = 10
VR = 0.0
Vmin = 0.0
Vmax = 1.1
vStep = 0.01
vSym = False
repeats = 1
fileName = dbg_heating_3
dist = exp
fullOutput = True
use_graph = False
current_map = True
plot_current_map = False
plot_binary_current_map = False
frame_norm = False
dbg = True
resume = False
sc = False
leaping = False
constQ = False
modifyR = False
double_time = False
double_loop = False
output_folder = dbg
params_path = 
VG_avg = 0.0
VG_std = 0.0
C_avg = 2.0
C_std = 1.0
CG_avg = 10.0
CG_std = 0.0
R_avg = 10.0
R_std = 7.0
custom_rh = 
custom_rv = 
custom_ch = 
custom_cv = 
RG_avg = 500.0
RG_std = 0.0
n0_avg = 0.0
n0_std = 0.0
Q0_avg = 0.0
Q0_std = 0.0
----Array Parameters-----
Rows: 10
Columns: 10
VG: [[0.]
 [0.]
 [0.]
 [0.]
 [0.]
 [0.]
 [0.]
 [0.]
 [0.]
 [0.]
 [0.]
 [0.]
 [0.]
 [0.]
 [0.]
 [0.]
 [0.]
 [0.]
 [0.]
 [0.]
 [0.]
 [0.]
 [0.]
 [0.]
 [0.]
 [0.]
 [0.]
 [0.]
 [0.]
 [0.]
 [0.]
 [0.]
 [0.]
 [0.]
 [0.]
 [0.]
 [0.]
 [0.]
 [0.]
 [0.]
 [0.]
 [0.]
 [0.]
 [0.]
 [0.]
 [0.]
 [0.]
 [0.]
 [0.]
 [0.]
 [0.]
 [0.]
 [0.]
 [0.]
 [0.]
 [0.]
 [0.]
 [0.]
 [0.]
 [0.]
 [0.]
 [0.]
 [0.]
 [0.]
 [0.]
 [0.]
 [0.]
 [0.]
 [0.]
 [0.]
 [0.]
 [0.]
 [0.]
 [0.]
 [0.]
 [0.]
 [0.]
 [0.]
 [0.]
 [0.]
 [0.]
 [0.]
 [0.]
 [0.]
 [0.]
 [0.]
 [0.]
 [0.]
 [0.]
 [0.]
 [0.]
 [0.]
 [0.]
 [0.]
 [0.]
 [0.]
 [0.]
 [0.]
 [0.]
 [0.]]
CG: [[10.]
 [10.]
 [10.]
 [10.]
 [10.]
 [10.]
 [10.]
 [10.]
 [10.]
 [10.]
 [10.]
 [10.]
 [10.]
 [10.]
 [10.]
 [10.]
 [10.]
 [10.]
 [10.]
 [10.]
 [10.]
 [10.]
 [10.]
 [10.]
 [10.]
 [10.]
 [10.]
 [10.]
 [10.]
 [10.]
 [10.]
 [10.]
 [10.]
 [10.]
 [10.]
 [10.]
 [10.]
 [10.]
 [10.]
 [10.]
 [10.]
 [10.]
 [10.]
 [10.]
 [10.]
 [10.]
 [10.]
 [10.]
 [10.]
 [10.]
 [10.]
 [10.]
 [10.]
 [10.]
 [10.]
 [10.]
 [10.]
 [10.]
 [10.]
 [10.]
 [10.]
 [10.]
 [10.]
 [10.]
 [10.]
 [10.]
 [10.]
 [10.]
 [10.]
 [10.]
 [10.]
 [10.]
 [10.]
 [10.]
 [10.]
 [10.]
 [10.]
 [10.]
 [10.]
 [10.]
 [10.]
 [10.]
 [10.]
 [10.]
 [10.]
 [10.]
 [10.]
 [10.]
 [10.]
 [10.]
 [10.]
 [10.]
 [10.]
 [10.]
 [10.]
 [10.]
 [10.]
 [10.]
 [10.]
 [10.]]
RG: [[500.]
 [500.]
 [500.]
 [500.]
 [500.]
 [500.]
 [500.]
 [500.]
 [500.]
 [500.]
 [500.]
 [500.]
 [500.]
 [500.]
 [500.]
 [500.]
 [500.]
 [500.]
 [500.]
 [500.]
 [500.]
 [500.]
 [500.]
 [500.]
 [500.]
 [500.]
 [500.]
 [500.]
 [500.]
 [500.]
 [500.]
 [500.]
 [500.]
 [500.]
 [500.]
 [500.]
 [500.]
 [500.]
 [500.]
 [500.]
 [500.]
 [500.]
 [500.]
 [500.]
 [500.]
 [500.]
 [500.]
 [500.]
 [500.]
 [500.]
 [500.]
 [500.]
 [500.]
 [500.]
 [500.]
 [500.]
 [500.]
 [500.]
 [500.]
 [500.]
 [500.]
 [500.]
 [500.]
 [500.]
 [500.]
 [500.]
 [500.]
 [500.]
 [500.]
 [500.]
 [500.]
 [500.]
 [500.]
 [500.]
 [500.]
 [500.]
 [500.]
 [500.]
 [500.]
 [500.]
 [500.]
 [500.]
 [500.]
 [500.]
 [500.]
 [500.]
 [500.]
 [500.]
 [500.]
 [500.]
 [500.]
 [500.]
 [500.]
 [500.]
 [500.]
 [500.]
 [500.]
 [500.]
 [500.]
 [500.]]
Ch: [[1.32206051 1.50146297 2.41375663 1.53660904 2.41770738 2.85018866
  1.02106875 1.6515203  1.59245007 1.91125543 2.65038206]
 [1.30112552 2.50454204 2.11862965 1.12435748 1.99779865 2.87595932
  1.19599469 1.3409197  1.12370585 1.64265245 2.8187304 ]
 [2.66743716 2.41920963 1.62255762 1.85903007 2.46747595 1.96741124
  1.96527353 1.67925882 2.42303462 1.23189373 2.74867584]
 [1.80450946 2.05939982 1.13759019 1.24400234 1.43061823 2.74690356
  2.06039514 1.21886821 2.28237683 1.34562244 1.01493364]
 [2.9150689  1.20192674 1.22485708 2.03171726 2.7878899  2.54249169
  1.0884665  1.43836508 2.70578336 1.61637603 1.46942695]
 [2.94123606 2.02614702 1.64407912 2.39548079 1.70234312 1.09943429
  1.07871905 1.24925161 1.886242   1.2333772  2.41070638]
 [2.38203075 2.47264458 2.31453692 1.72808549 1.59013577 1.84688554
  1.16255053 1.87444609 2.00719475 1.12020211 1.5681007 ]
 [2.65111676 2.38491387 1.47530104 1.14797656 1.58626899 1.11638504
  2.33703308 2.50843916 2.45447462 1.88907123 1.67214102]
 [1.02083425 1.4002421  1.15376155 1.58161985 1.21666341 2.122278
  2.15957956 1.78710439 1.14330622 1.08871594 1.94576319]
 [1.03740634 2.29099468 1.10754478 2.13706296 1.3572447  2.51598765
  2.1202544  1.78569652 1.01839296 1.4696195  1.79438012]]
Cv: [[0.         0.         0.         0.         0.         0.
  0.         0.         0.         0.        ]
 [1.03064133 1.30070257 1.41575937 2.0504142  1.31635038 1.74753968
  2.54505946 1.6037203  1.35222111 1.17063027]
 [1.6721655  2.41194905 1.56010396 1.82544771 1.35198522 2.20464557
  1.12568968 1.11736471 1.06399127 2.44413533]
 [2.91573563 1.07306522 2.87701095 2.02571039 1.54759588 2.8522487
  2.02923497 1.02930559 1.12935793 1.81380842]
 [2.64120398 1.08036872 1.01099206 2.10088908 1.50195347 2.50858996
  1.0219596  1.25794596 1.97676808 1.19078385]
 [1.87423445 1.21203573 1.67158479 1.69928642 1.41447521 2.35759873
  2.69121529 2.190148   2.13831416 1.62905592]
 [1.53525811 2.30804297 1.53910227 1.78669222 1.01754877 1.05318284
  1.60278113 1.13760412 1.18697313 2.04844782]
 [1.37089985 1.94148693 1.16587486 1.36473264 2.80353224 1.13603022
  1.37244797 1.48206247 1.05982336 2.71620751]
 [1.36289169 1.15059816 2.03918974 2.09058198 1.27807113 2.95821364
  1.95743776 2.13810392 1.38535257 1.15123096]
 [2.6725204  1.10644643 2.55220478 1.63594309 1.17672167 1.18811613
  1.75851241 1.1095513  1.02433367 1.1833086 ]]
Rh: [[ 3.32124674  4.83251021  3.59225921  4.70375923  6.61300999 11.10232022
   4.77846539  9.10172017 15.67338584  3.16559136  6.77556619]
 [16.3277458  10.14876801  7.75222255 16.27612058  8.40627691  4.0899761
  12.40824738  9.94680563 13.47229799  7.74929283 13.01750937]
 [ 4.72451799  5.56980292 10.62997926  8.3612072   3.83507882  6.50974273
   8.38131647  8.54020489  3.93788273  5.23298563  6.73548235]
 [15.07507169  4.15656708  3.11124816 10.69942638  6.42650223  8.22903839
   3.21203186  3.21263917  7.2130314   4.44472572 14.3740189 ]
 [ 3.57620202 15.08826667  7.83540395  3.05657699  8.24668747  8.78766845
  12.45785887  5.40255247  3.7789725   9.0037058   5.80151021]
 [ 3.48618627  3.02286132  3.20656128 11.7440864   4.27970532  9.90992646
  11.54633566  9.93900057  7.8470003   4.21583177  4.7311668 ]
 [ 3.60166476 10.88497048  4.65252297 13.75753825  7.48884823  7.4281549
   3.32911372  7.11118696 11.22412479 10.06485594  7.26846992]
 [ 3.88619425  4.98202301  5.85880802  6.86196751  4.85841874 15.80107613
   8.58606516  5.98208162 11.89151243  5.12796589 14.64833896]
 [ 6.05693633  3.61769129 15.2823156   5.09061461  6.24075995  9.11815994
  11.39112969  6.9934235   6.9856339   9.42875571  5.67661188]
 [16.19642903  7.96138281  3.15159323  3.61032684  8.6053693   5.20574407
  10.35708443  3.86462197 10.83728382 15.93189785  4.6453788 ]]
Rv: [[11.65573979 10.70432166  4.19179074  3.52847578  7.74224889  3.91775967
   4.00002932  3.91822428  4.91553502  6.10197904]
 [ 7.29183872  4.10188029  7.56631759 12.20360025 16.1919341   8.47945492
   3.96851487 11.85798222 14.80088979  3.54785081]
 [16.23663816 16.56110367  3.79219798 14.32955512 13.93370647  6.12449471
  16.43121434 14.11875813 14.97840905  3.97988224]
 [ 5.63521605  3.36391563 16.63062511 16.97482165  6.09146456  7.26826018
   5.5462364   5.70026673  4.95769061  7.77997807]
 [ 5.05347168  5.21385807  5.5988816   3.31641414  8.31849238  3.27653205
   8.44094976  9.14353726  4.39359294  9.47800348]
 [ 4.66413781  8.86238489 15.72199731  3.47974015  3.2545135   9.68527931
  10.17157446 12.86481327  4.68908833  3.58986727]
 [11.16025215  3.3877945  11.68001894  8.38875057 11.30289925  6.97623447
   4.88597051  7.14172692  5.51886753  5.36601495]
 [ 4.68252929  3.2078226   6.08318073  6.47861145  5.8433905   5.12072026
   3.95548979 11.5667744  12.76879003  8.05904193]
 [14.67538193 10.34236933  6.8330024  14.41247792  7.13765269  9.46824902
  14.08355863  8.18536247  3.34104599  9.00707978]]