-------Running parameters--------
T = 0.0
gap = 0
M = 5
N = 15
VR = 0.0
VU = 0.0
VD = 0.0
rightElectrode = 
leftElectrode = 
upElectrode = [0,0,0,0,0,0,0,1,0,0,0,0,0,0,0]
downElectrode = [0,0,0,0,0,0,0,1,0,0,0,0,0,0,0]
Vmin = 0.0
Vmax = 5.0
vStep = 0.1
vSym = True
repeats = 1
fileName = costume_electrode_dbg
dist = exp
fullOutput = True
use_graph = False
current_map = True
plot_current_map = False
plot_binary_current_map = False
dbg = True
resume = False
sc = False
leaping = False
constQ = False
modifyR = False
output_folder = dbg
params_path = 
VG_avg = 0.0
VG_std = 0.0
C_avg = 1.0
C_std = 0.7
CG_avg = 10.0
CG_std = 0.0
R_avg = 10.0
R_std = 0.0
custom_rh = 
custom_rv = 
custom_ch = 
custom_cv = 
RG_avg = 500.0
RG_std = 0.0
n0_avg = 0.0
n0_std = 0.0
Q0_avg = 0.0
Q0_std = 0.0
----Array Parameters-----
Rows: 5
Columns: 15
VG: [[0.]
 [0.]
 [0.]
 [0.]
 [0.]
 [0.]
 [0.]
 [0.]
 [0.]
 [0.]
 [0.]
 [0.]
 [0.]
 [0.]
 [0.]
 [0.]
 [0.]
 [0.]
 [0.]
 [0.]
 [0.]
 [0.]
 [0.]
 [0.]
 [0.]
 [0.]
 [0.]
 [0.]
 [0.]
 [0.]
 [0.]
 [0.]
 [0.]
 [0.]
 [0.]
 [0.]
 [0.]
 [0.]
 [0.]
 [0.]
 [0.]
 [0.]
 [0.]
 [0.]
 [0.]
 [0.]
 [0.]
 [0.]
 [0.]
 [0.]
 [0.]
 [0.]
 [0.]
 [0.]
 [0.]
 [0.]
 [0.]
 [0.]
 [0.]
 [0.]
 [0.]
 [0.]
 [0.]
 [0.]
 [0.]
 [0.]
 [0.]
 [0.]
 [0.]
 [0.]
 [0.]
 [0.]
 [0.]
 [0.]
 [0.]]
CG: [[10.]
 [10.]
 [10.]
 [10.]
 [10.]
 [10.]
 [10.]
 [10.]
 [10.]
 [10.]
 [10.]
 [10.]
 [10.]
 [10.]
 [10.]
 [10.]
 [10.]
 [10.]
 [10.]
 [10.]
 [10.]
 [10.]
 [10.]
 [10.]
 [10.]
 [10.]
 [10.]
 [10.]
 [10.]
 [10.]
 [10.]
 [10.]
 [10.]
 [10.]
 [10.]
 [10.]
 [10.]
 [10.]
 [10.]
 [10.]
 [10.]
 [10.]
 [10.]
 [10.]
 [10.]
 [10.]
 [10.]
 [10.]
 [10.]
 [10.]
 [10.]
 [10.]
 [10.]
 [10.]
 [10.]
 [10.]
 [10.]
 [10.]
 [10.]
 [10.]
 [10.]
 [10.]
 [10.]
 [10.]
 [10.]
 [10.]
 [10.]
 [10.]
 [10.]
 [10.]
 [10.]
 [10.]
 [10.]
 [10.]
 [10.]]
RG: [[500.]
 [500.]
 [500.]
 [500.]
 [500.]
 [500.]
 [500.]
 [500.]
 [500.]
 [500.]
 [500.]
 [500.]
 [500.]
 [500.]
 [500.]
 [500.]
 [500.]
 [500.]
 [500.]
 [500.]
 [500.]
 [500.]
 [500.]
 [500.]
 [500.]
 [500.]
 [500.]
 [500.]
 [500.]
 [500.]
 [500.]
 [500.]
 [500.]
 [500.]
 [500.]
 [500.]
 [500.]
 [500.]
 [500.]
 [500.]
 [500.]
 [500.]
 [500.]
 [500.]
 [500.]
 [500.]
 [500.]
 [500.]
 [500.]
 [500.]
 [500.]
 [500.]
 [500.]
 [500.]
 [500.]
 [500.]
 [500.]
 [500.]
 [500.]
 [500.]
 [500.]
 [500.]
 [500.]
 [500.]
 [500.]
 [500.]
 [500.]
 [500.]
 [500.]
 [500.]
 [500.]
 [500.]
 [500.]
 [500.]
 [500.]]
Ch: [[0.89159682 0.39895576 0.36781202 0.35461092 0.44982102 0.96750427
  0.38069506 0.79546593 1.14534336 1.02309137 0.41926134 0.43316647
  0.47276329 1.22355954 1.54262974 0.41290283]
 [1.16708643 0.53179424 0.57039607 0.73042069 0.53589881 0.40043854
  0.74129077 0.9086397  1.2749351  0.52214605 0.46469628 1.37549236
  1.05657129 1.67047159 0.74509828 1.6158193 ]
 [0.32048802 0.85379974 0.62365441 0.54669867 1.16530566 0.32891899
  1.44521421 0.31937602 0.70941232 0.57694872 1.33054255 0.65877855
  0.31899544 1.0806361  0.35645687 0.47554611]
 [0.47164659 1.41240982 1.51293683 1.42793542 1.06909894 0.67313056
  0.81388    1.56023164 1.13591207 0.30783342 1.33486571 1.04331103
  0.83456827 0.31440289 1.29715495 0.37464411]
 [0.74962646 0.54599526 0.41165852 0.38224737 1.14091555 0.59360818
  1.23688489 0.43919888 0.33907471 1.26890774 0.43778325 1.49416951
  1.17439862 0.69900657 1.4303161  1.0152865 ]]
Cv: [[0.32900464 0.93136257 1.41276257 0.62488091 1.66221219 0.6000373
  1.37435303 0.90289089 1.34408975 0.81684254 0.4691227  0.91050082
  0.66176031 0.3024705  0.39570369]
 [0.30094388 0.3418796  1.25919076 0.58215694 1.38813362 1.23118845
  1.09573197 1.25807632 1.52801308 1.13683513 0.39574871 1.68050031
  0.62457547 0.53159215 0.98772628]
 [0.30727938 0.42057354 0.6644056  0.42635825 0.87418324 0.31053244
  0.77345737 0.74516666 0.45715544 0.96242903 0.31105376 0.34951804
  0.39765964 0.3027042  1.08892972]
 [0.53286159 0.71548096 1.23569354 0.34234746 0.75711645 0.86359887
  0.47543873 0.39743569 1.37139491 0.63208217 0.54452685 1.31760912
  1.17337202 0.74050569 0.78116501]
 [1.17656027 0.77849099 0.53146011 1.24715068 0.44825822 0.71656553
  0.81854019 0.52624652 0.36579404 0.30458077 0.33619147 0.78269124
  0.55959384 0.59750644 0.4205048 ]
 [1.00315965 1.26498673 0.49961739 0.48769974 0.3172722  0.58391747
  1.00384032 1.18119901 0.30002814 1.0871941  1.48268376 0.9464048
  1.64269591 0.36065945 1.0487106 ]]
Rh: [[10. 10. 10. 10. 10. 10. 10. 10. 10. 10. 10. 10. 10. 10. 10. 10.]
 [10. 10. 10. 10. 10. 10. 10. 10. 10. 10. 10. 10. 10. 10. 10. 10.]
 [10. 10. 10. 10. 10. 10. 10. 10. 10. 10. 10. 10. 10. 10. 10. 10.]
 [10. 10. 10. 10. 10. 10. 10. 10. 10. 10. 10. 10. 10. 10. 10. 10.]
 [10. 10. 10. 10. 10. 10. 10. 10. 10. 10. 10. 10. 10. 10. 10. 10.]]
Rv: [[10. 10. 10. 10. 10. 10. 10. 10. 10. 10. 10. 10. 10. 10. 10.]
 [10. 10. 10. 10. 10. 10. 10. 10. 10. 10. 10. 10. 10. 10. 10.]
 [10. 10. 10. 10. 10. 10. 10. 10. 10. 10. 10. 10. 10. 10. 10.]
 [10. 10. 10. 10. 10. 10. 10. 10. 10. 10. 10. 10. 10. 10. 10.]
 [10. 10. 10. 10. 10. 10. 10. 10. 10. 10. 10. 10. 10. 10. 10.]
 [10. 10. 10. 10. 10. 10. 10. 10. 10. 10. 10. 10. 10. 10. 10.]]