-------Running parameters--------
T = 0.001
temperature_gradient = 0.0
gap = 0.0
M = 10
N = 10
VR = 0.0
Vmin = 0.0
Vmax = 1.1
vStep = 0.01
vSym = False
repeats = 1
fileName = dbg_heating
dist = exp
fullOutput = True
use_graph = False
current_map = True
plot_current_map = False
plot_binary_current_map = False
frame_norm = False
dbg = True
resume = False
sc = False
leaping = False
constQ = False
modifyR = False
double_time = False
double_loop = False
output_folder = dbg
params_path = 
VG_avg = 0.0
VG_std = 0.0
C_avg = 2.0
C_std = 1.0
CG_avg = 10.0
CG_std = 0.0
R_avg = 10.0
R_std = 7.0
custom_rh = 
custom_rv = 
custom_ch = 
custom_cv = 
RG_avg = 500.0
RG_std = 0.0
n0_avg = 0.0
n0_std = 0.0
Q0_avg = 0.0
Q0_std = 0.0
----Array Parameters-----
Rows: 10
Columns: 10
VG: [[0.]
 [0.]
 [0.]
 [0.]
 [0.]
 [0.]
 [0.]
 [0.]
 [0.]
 [0.]
 [0.]
 [0.]
 [0.]
 [0.]
 [0.]
 [0.]
 [0.]
 [0.]
 [0.]
 [0.]
 [0.]
 [0.]
 [0.]
 [0.]
 [0.]
 [0.]
 [0.]
 [0.]
 [0.]
 [0.]
 [0.]
 [0.]
 [0.]
 [0.]
 [0.]
 [0.]
 [0.]
 [0.]
 [0.]
 [0.]
 [0.]
 [0.]
 [0.]
 [0.]
 [0.]
 [0.]
 [0.]
 [0.]
 [0.]
 [0.]
 [0.]
 [0.]
 [0.]
 [0.]
 [0.]
 [0.]
 [0.]
 [0.]
 [0.]
 [0.]
 [0.]
 [0.]
 [0.]
 [0.]
 [0.]
 [0.]
 [0.]
 [0.]
 [0.]
 [0.]
 [0.]
 [0.]
 [0.]
 [0.]
 [0.]
 [0.]
 [0.]
 [0.]
 [0.]
 [0.]
 [0.]
 [0.]
 [0.]
 [0.]
 [0.]
 [0.]
 [0.]
 [0.]
 [0.]
 [0.]
 [0.]
 [0.]
 [0.]
 [0.]
 [0.]
 [0.]
 [0.]
 [0.]
 [0.]
 [0.]]
CG: [[10.]
 [10.]
 [10.]
 [10.]
 [10.]
 [10.]
 [10.]
 [10.]
 [10.]
 [10.]
 [10.]
 [10.]
 [10.]
 [10.]
 [10.]
 [10.]
 [10.]
 [10.]
 [10.]
 [10.]
 [10.]
 [10.]
 [10.]
 [10.]
 [10.]
 [10.]
 [10.]
 [10.]
 [10.]
 [10.]
 [10.]
 [10.]
 [10.]
 [10.]
 [10.]
 [10.]
 [10.]
 [10.]
 [10.]
 [10.]
 [10.]
 [10.]
 [10.]
 [10.]
 [10.]
 [10.]
 [10.]
 [10.]
 [10.]
 [10.]
 [10.]
 [10.]
 [10.]
 [10.]
 [10.]
 [10.]
 [10.]
 [10.]
 [10.]
 [10.]
 [10.]
 [10.]
 [10.]
 [10.]
 [10.]
 [10.]
 [10.]
 [10.]
 [10.]
 [10.]
 [10.]
 [10.]
 [10.]
 [10.]
 [10.]
 [10.]
 [10.]
 [10.]
 [10.]
 [10.]
 [10.]
 [10.]
 [10.]
 [10.]
 [10.]
 [10.]
 [10.]
 [10.]
 [10.]
 [10.]
 [10.]
 [10.]
 [10.]
 [10.]
 [10.]
 [10.]
 [10.]
 [10.]
 [10.]
 [10.]]
RG: [[500.]
 [500.]
 [500.]
 [500.]
 [500.]
 [500.]
 [500.]
 [500.]
 [500.]
 [500.]
 [500.]
 [500.]
 [500.]
 [500.]
 [500.]
 [500.]
 [500.]
 [500.]
 [500.]
 [500.]
 [500.]
 [500.]
 [500.]
 [500.]
 [500.]
 [500.]
 [500.]
 [500.]
 [500.]
 [500.]
 [500.]
 [500.]
 [500.]
 [500.]
 [500.]
 [500.]
 [500.]
 [500.]
 [500.]
 [500.]
 [500.]
 [500.]
 [500.]
 [500.]
 [500.]
 [500.]
 [500.]
 [500.]
 [500.]
 [500.]
 [500.]
 [500.]
 [500.]
 [500.]
 [500.]
 [500.]
 [500.]
 [500.]
 [500.]
 [500.]
 [500.]
 [500.]
 [500.]
 [500.]
 [500.]
 [500.]
 [500.]
 [500.]
 [500.]
 [500.]
 [500.]
 [500.]
 [500.]
 [500.]
 [500.]
 [500.]
 [500.]
 [500.]
 [500.]
 [500.]
 [500.]
 [500.]
 [500.]
 [500.]
 [500.]
 [500.]
 [500.]
 [500.]
 [500.]
 [500.]
 [500.]
 [500.]
 [500.]
 [500.]
 [500.]
 [500.]
 [500.]
 [500.]
 [500.]
 [500.]]
Ch: [[1.56551439 2.732918   1.11515962 1.06782376 1.64744014 1.94680776
  2.76873317 1.09228203 2.42403207 2.19960908 1.59660289]
 [1.65039275 1.77635488 1.08578006 1.44129497 2.00658476 1.08576848
  2.76807015 2.50376222 1.08966668 1.52246874 1.18820077]
 [2.48228849 2.2818374  1.50955862 1.34780668 2.46215445 1.4668213
  1.94397447 1.12151336 1.47599565 1.45195871 2.22295807]
 [1.45340017 2.9223266  1.97874928 2.57457878 2.27463619 1.35177689
  1.24818331 1.37723658 1.026507   1.30063144 2.43274203]
 [2.68750901 2.26554932 1.6928014  2.30214868 1.24199637 2.7912559
  1.39038824 2.5718334  1.56325626 1.24627937 2.05694527]
 [1.5626249  1.33826418 1.64178445 1.1032116  2.52509748 1.21373827
  1.22430692 2.04648316 1.09333147 2.32803498 2.03384972]
 [2.0351319  1.65345956 1.05184248 2.31165268 2.31582495 2.11789031
  1.34636509 2.86499022 2.06722822 1.01611278 1.37242922]
 [1.03860376 1.85788202 1.01134618 1.83405544 1.0380892  1.31721805
  2.96747495 1.28616085 1.20405274 1.64956185 1.11770754]
 [1.13410746 2.87673689 2.22362738 2.03535761 1.91161825 1.31936458
  1.63487667 1.1173312  2.39006519 2.84809324 2.71842017]
 [1.44287764 1.46640819 1.63032215 2.41950953 1.66881811 1.97954184
  1.53785202 1.22295678 2.66797528 2.29235947 2.77605327]]
Cv: [[0.         0.         0.         0.         0.         0.
  0.         0.         0.         0.        ]
 [1.79246716 2.78654494 1.22079613 2.88560975 1.62187043 2.06026181
  1.95895847 1.16146514 2.25556538 1.78742615]
 [2.48683568 2.97804927 2.44903605 1.0946182  1.14664671 2.86364185
  1.10001008 2.3677148  2.27820637 2.57023838]
 [1.5059752  2.73047217 1.17297914 2.65109912 1.33593822 1.35626257
  1.60757263 1.024101   1.60671151 1.47028205]
 [1.9934023  1.68007205 2.97245659 2.9481526  1.16532063 1.32361297
  1.00668183 1.18248463 1.3114788  1.67873741]
 [1.0448097  2.77462148 1.27880138 1.40130711 2.82581351 1.3873991
  1.10561238 2.78606631 1.26815838 2.38650318]
 [2.69260861 1.36681305 1.80270596 1.92349608 2.19746333 1.74563867
  1.3927715  1.71254192 2.30586723 2.66623285]
 [1.20504117 1.90125486 1.59255751 1.38116079 1.00876546 2.10471879
  1.12599612 2.83621155 1.7651577  1.34382484]
 [1.23713275 1.55275229 2.67288127 1.28526967 1.77614574 1.23936825
  1.74542315 1.91847507 1.59737424 1.27758795]
 [2.78372048 2.43446642 1.93822534 1.74814841 1.06390973 1.03312632
  2.15902056 2.64422912 2.90137614 2.7019029 ]]
Rh: [[ 3.05497948  6.25775067 16.03572615  6.14587736 13.02962937 11.73090713
   7.49108182 12.41999389 14.91170125  9.94822234  8.30192784]
 [ 5.52160272  7.64908503 13.94288194  7.88772881  4.26902493 14.37620458
  10.82622886  8.75913129  3.73954751  3.71040941 16.44173798]
 [ 5.24132481  7.23415101  5.82202024  4.13926234 12.94590234 15.03889532
   3.61538335  3.12266568  5.39716161 10.03832453  8.46711312]
 [ 3.61930723  3.6884091   5.25602629  7.20361179  7.35581993 13.51641855
   5.71159478  4.05451517  3.58333281 11.56575346  6.58553326]
 [11.09567256  7.93576711 10.33870434  5.5842768   3.20921047 10.19863545
   3.90235623 16.88003646  5.29368014  6.18810792  3.96707117]
 [ 3.43738085  7.9250085   7.23481104 13.51972451 12.94284522 12.39511442
   6.74977735 16.37062068 13.08882902  4.25444054  7.60530462]
 [ 9.30851875  6.69445404  4.18554234  3.05075     8.64721853  7.3629062
  15.87827596 16.19695907  5.20325359 10.46541031  3.31940904]
 [ 3.4685873  10.8367258   6.36549225  6.14721512  9.4857256   3.0170033
   3.04436036  9.98776136  4.34521455 12.51364501  6.24147376]
 [ 4.02464859  9.26991974  9.83562998 10.08873575  3.54574779  3.82799677
   4.4970125   5.86252817  7.92580247 15.23615586  3.88690133]
 [12.25310387  5.82352052 11.37658684  6.20467373  3.30231446  4.63313449
   9.05324462 11.11943495  5.12473716  7.09161648 12.67812219]]
Rv: [[ 9.7692992   5.77832484 13.42380298 10.51628723  3.84189358  4.87256143
  12.0735933   3.31667259 14.91757997  5.97329847]
 [ 5.83365777  3.16113301 13.511878   14.10358382  3.64134159 10.43004191
   6.5259436  16.20386678 12.81891263  7.76074193]
 [12.73633573  5.96760591  7.83907015  7.10809063  7.78590166  9.7757927
   3.79729664  4.3306278   4.96120563  4.59565338]
 [ 8.26164033  8.94905976  4.42605703 13.69566096 15.70100894  3.12101499
  13.35212077 10.34596773  4.76414701  3.92801907]
 [14.3181142   5.43299791  3.14776282 11.07137657  3.63511517  3.14542278
  14.25932538  6.89497948  4.90801985  9.24495837]
 [ 9.79294952 10.56361528 12.16335013 14.93821327  7.43146677  3.9656619
   5.10007162  6.01580799  5.89589637 14.71079769]
 [13.92731561  7.08556731  7.70736342  4.92014569  4.93101637  8.47953376
   9.27835801 16.82739688 15.90785816  4.71388996]
 [ 3.7301187   4.56379682  7.6653538  11.3810074  15.12357306 10.28112121
   6.05589879  8.18512862 15.295053    3.53233022]
 [ 3.5605968   7.97556492  5.8286145   3.19458738 11.88830478  8.41388019
   4.77169479  5.86391456  6.87978582  5.6352889 ]]