-------Running parameters--------
T = 0.001
temperature_gradient = 0.0
gap = 0.0
M = 10
N = 5
VR = 0.0
Vmin = 0.0
Vmax = 1.8
vStep = 0.1
vSym = True
repeats = 1
fileName = dbg_big_cg
dist = exp
fullOutput = True
use_graph = False
current_map = False
plot_current_map = False
plot_binary_current_map = False
frame_norm = False
dbg = False
resume = False
sc = False
leaping = False
constQ = False
modifyR = False
double_time = False
double_loop = False
output_folder = dbg
params_path = 
VG_avg = 0.0
VG_std = 0.0
C_avg = 1.0
C_std = 0.9
CG_avg = 50.0
CG_std = 0.0
R_avg = 10.0
R_std = 9.5
custom_rh = 
custom_rv = 
custom_ch = 
custom_cv = 
RG_avg = 500.0
RG_std = 0.0
n0_avg = 0.0
n0_std = 0.0
Q0_avg = 0.0
Q0_std = 0.0
----Array Parameters-----
Rows: 10
Columns: 5
VG: [[0.]
 [0.]
 [0.]
 [0.]
 [0.]
 [0.]
 [0.]
 [0.]
 [0.]
 [0.]
 [0.]
 [0.]
 [0.]
 [0.]
 [0.]
 [0.]
 [0.]
 [0.]
 [0.]
 [0.]
 [0.]
 [0.]
 [0.]
 [0.]
 [0.]
 [0.]
 [0.]
 [0.]
 [0.]
 [0.]
 [0.]
 [0.]
 [0.]
 [0.]
 [0.]
 [0.]
 [0.]
 [0.]
 [0.]
 [0.]
 [0.]
 [0.]
 [0.]
 [0.]
 [0.]
 [0.]
 [0.]
 [0.]
 [0.]
 [0.]]
CG: [[50.]
 [50.]
 [50.]
 [50.]
 [50.]
 [50.]
 [50.]
 [50.]
 [50.]
 [50.]
 [50.]
 [50.]
 [50.]
 [50.]
 [50.]
 [50.]
 [50.]
 [50.]
 [50.]
 [50.]
 [50.]
 [50.]
 [50.]
 [50.]
 [50.]
 [50.]
 [50.]
 [50.]
 [50.]
 [50.]
 [50.]
 [50.]
 [50.]
 [50.]
 [50.]
 [50.]
 [50.]
 [50.]
 [50.]
 [50.]
 [50.]
 [50.]
 [50.]
 [50.]
 [50.]
 [50.]
 [50.]
 [50.]
 [50.]
 [50.]]
RG: [[500.]
 [500.]
 [500.]
 [500.]
 [500.]
 [500.]
 [500.]
 [500.]
 [500.]
 [500.]
 [500.]
 [500.]
 [500.]
 [500.]
 [500.]
 [500.]
 [500.]
 [500.]
 [500.]
 [500.]
 [500.]
 [500.]
 [500.]
 [500.]
 [500.]
 [500.]
 [500.]
 [500.]
 [500.]
 [500.]
 [500.]
 [500.]
 [500.]
 [500.]
 [500.]
 [500.]
 [500.]
 [500.]
 [500.]
 [500.]
 [500.]
 [500.]
 [500.]
 [500.]
 [500.]
 [500.]
 [500.]
 [500.]
 [500.]
 [500.]]
Ch: [[0.7478115  0.22163563 1.4350603  0.32365584 0.18709029 0.17763359]
 [0.86353123 1.03416777 0.55161924 1.00618098 0.16995922 0.38163228]
 [0.95508024 0.30478407 0.44417409 1.26167763 0.51912944 0.98490279]
 [0.42877063 0.73182218 1.58388221 0.10631081 0.69968957 0.74719703]
 [0.11580529 0.20551737 0.40749839 1.22612996 0.73096087 0.32127999]
 [0.79546612 0.512422   0.23978459 0.84629827 1.52028339 0.68530129]
 [0.32095277 0.36192503 0.25179689 0.25468483 1.14160219 0.22064278]
 [0.13334227 0.24814841 1.71334452 0.2293775  1.80191701 0.19049909]
 [0.67892628 0.11488064 0.58704434 0.25673284 0.21239658 0.43470046]
 [0.20317859 0.818726   0.61814375 0.10168769 0.20303431 0.96005039]]
Cv: [[0.         0.         0.         0.         0.        ]
 [0.20531011 0.20179014 0.13976944 0.45945638 1.26455284]
 [0.35652059 0.63478893 0.51581252 1.12869227 0.21552775]
 [1.73763597 0.21543397 0.33020001 1.04004411 0.5354222 ]
 [0.13297838 1.60696982 0.69848323 0.13228903 1.42488571]
 [1.52859663 0.3789664  0.68335444 0.17306361 0.40239006]
 [0.5394709  1.43179537 0.42999939 1.06748756 1.65171197]
 [0.35086125 0.15895457 0.65390654 0.17454843 0.17871294]
 [0.13858013 0.55357611 1.07010828 1.23600943 0.522106  ]
 [0.12291545 0.75470944 0.2828754  0.13522501 0.57532145]]
Rh: [[ 2.79980441  5.07938972  1.07354908  1.67269581  4.4249775  12.24452008]
 [17.21613525  0.59215731  9.63155794  1.09833239  2.24863239  8.90142179]
 [ 0.53170327  3.13763228  1.66480276  5.09267887  2.77458537  1.38962184]
 [12.22323845  5.36737923  6.5133176   4.14139776 15.51276856  0.79751701]
 [12.69408949 16.47525473  2.96152834 12.12591406  0.7643483   1.42332136]
 [ 6.35533008  1.20611896  5.0199726   1.89912361  1.93098346  6.53143925]
 [15.98876427  0.99110469  2.68347712  1.17165739  1.56046116  9.50575069]
 [ 3.79351071 10.24862913  0.63378116 14.14825618  6.07562627  6.56894063]
 [16.39473838  1.51837704  4.17324847  1.7489786   0.54695855  8.79098864]
 [ 3.86027095  1.58815522  2.81304889 11.66697002  7.03068436  9.84171548]]
Rv: [[ 6.50582448  1.20575016  1.56568681  0.66432782  4.78985097]
 [ 1.85599999  0.58615079  0.51693049  8.88862963 13.4590192 ]
 [ 0.70206241  6.74704749  4.47436686  0.82350465  0.91389323]
 [ 6.27857919  4.51628453  2.07501856  1.92056418 11.53556684]
 [ 1.74087782  1.07779036 12.89131944  0.55201247  0.81256513]
 [ 0.79657214  0.75142267  3.58063259  8.14053562  7.29645234]
 [ 2.09004889  3.04708818  2.83137623 16.24600098 14.06079846]
 [ 6.44714692 16.11714329  0.77327933  3.41261317  1.07879702]
 [ 0.62239337  9.53293047  1.47583405  3.69726295  0.65882815]]