-------Running parameters--------
T = 0.0
gap = 0
M = 30
N = 30
VR = 0.0
Vmin = 0.0
Vmax = 0.2
vStep = 0.1
vSym = False
repeats = 1
fileName = dbg
dist = exp
fullOutput = False
use_graph = False
current_map = False
plot_current_map = False
plot_binary_current_map = False
dbg = True
resume = False
sc = False
leaping = False
constQ = False
modifyR = False
output_folder = very_big_array_dbg
params_path = 
VG_avg = 0.0
VG_std = 0.0
C_avg = 1.0
C_std = 0.7
CG_avg = 10.0
CG_std = 5.0
R_avg = 10.0
R_std = 9.0
custom_rh = 
custom_rv = 
custom_ch = 
custom_cv = 
RG_avg = 500.0
RG_std = 0.0
n0_avg = 0.0
n0_std = 0.0
Q0_avg = 0.0
Q0_std = 0.0
----Array Parameters-----
Rows: 30
Columns: 30
VG: [[0.]
 [0.]
 [0.]
 [0.]
 [0.]
 [0.]
 [0.]
 [0.]
 [0.]
 [0.]
 [0.]
 [0.]
 [0.]
 [0.]
 [0.]
 [0.]
 [0.]
 [0.]
 [0.]
 [0.]
 [0.]
 [0.]
 [0.]
 [0.]
 [0.]
 [0.]
 [0.]
 [0.]
 [0.]
 [0.]
 [0.]
 [0.]
 [0.]
 [0.]
 [0.]
 [0.]
 [0.]
 [0.]
 [0.]
 [0.]
 [0.]
 [0.]
 [0.]
 [0.]
 [0.]
 [0.]
 [0.]
 [0.]
 [0.]
 [0.]
 [0.]
 [0.]
 [0.]
 [0.]
 [0.]
 [0.]
 [0.]
 [0.]
 [0.]
 [0.]
 [0.]
 [0.]
 [0.]
 [0.]
 [0.]
 [0.]
 [0.]
 [0.]
 [0.]
 [0.]
 [0.]
 [0.]
 [0.]
 [0.]
 [0.]
 [0.]
 [0.]
 [0.]
 [0.]
 [0.]
 [0.]
 [0.]
 [0.]
 [0.]
 [0.]
 [0.]
 [0.]
 [0.]
 [0.]
 [0.]
 [0.]
 [0.]
 [0.]
 [0.]
 [0.]
 [0.]
 [0.]
 [0.]
 [0.]
 [0.]
 [0.]
 [0.]
 [0.]
 [0.]
 [0.]
 [0.]
 [0.]
 [0.]
 [0.]
 [0.]
 [0.]
 [0.]
 [0.]
 [0.]
 [0.]
 [0.]
 [0.]
 [0.]
 [0.]
 [0.]
 [0.]
 [0.]
 [0.]
 [0.]
 [0.]
 [0.]
 [0.]
 [0.]
 [0.]
 [0.]
 [0.]
 [0.]
 [0.]
 [0.]
 [0.]
 [0.]
 [0.]
 [0.]
 [0.]
 [0.]
 [0.]
 [0.]
 [0.]
 [0.]
 [0.]
 [0.]
 [0.]
 [0.]
 [0.]
 [0.]
 [0.]
 [0.]
 [0.]
 [0.]
 [0.]
 [0.]
 [0.]
 [0.]
 [0.]
 [0.]
 [0.]
 [0.]
 [0.]
 [0.]
 [0.]
 [0.]
 [0.]
 [0.]
 [0.]
 [0.]
 [0.]
 [0.]
 [0.]
 [0.]
 [0.]
 [0.]
 [0.]
 [0.]
 [0.]
 [0.]
 [0.]
 [0.]
 [0.]
 [0.]
 [0.]
 [0.]
 [0.]
 [0.]
 [0.]
 [0.]
 [0.]
 [0.]
 [0.]
 [0.]
 [0.]
 [0.]
 [0.]
 [0.]
 [0.]
 [0.]
 [0.]
 [0.]
 [0.]
 [0.]
 [0.]
 [0.]
 [0.]
 [0.]
 [0.]
 [0.]
 [0.]
 [0.]
 [0.]
 [0.]
 [0.]
 [0.]
 [0.]
 [0.]
 [0.]
 [0.]
 [0.]
 [0.]
 [0.]
 [0.]
 [0.]
 [0.]
 [0.]
 [0.]
 [0.]
 [0.]
 [0.]
 [0.]
 [0.]
 [0.]
 [0.]
 [0.]
 [0.]
 [0.]
 [0.]
 [0.]
 [0.]
 [0.]
 [0.]
 [0.]
 [0.]
 [0.]
 [0.]
 [0.]
 [0.]
 [0.]
 [0.]
 [0.]
 [0.]
 [0.]
 [0.]
 [0.]
 [0.]
 [0.]
 [0.]
 [0.]
 [0.]
 [0.]
 [0.]
 [0.]
 [0.]
 [0.]
 [0.]
 [0.]
 [0.]
 [0.]
 [0.]
 [0.]
 [0.]
 [0.]
 [0.]
 [0.]
 [0.]
 [0.]
 [0.]
 [0.]
 [0.]
 [0.]
 [0.]
 [0.]
 [0.]
 [0.]
 [0.]
 [0.]
 [0.]
 [0.]
 [0.]
 [0.]
 [0.]
 [0.]
 [0.]
 [0.]
 [0.]
 [0.]
 [0.]
 [0.]
 [0.]
 [0.]
 [0.]
 [0.]
 [0.]
 [0.]
 [0.]
 [0.]
 [0.]
 [0.]
 [0.]
 [0.]
 [0.]
 [0.]
 [0.]
 [0.]
 [0.]
 [0.]
 [0.]
 [0.]
 [0.]
 [0.]
 [0.]
 [0.]
 [0.]
 [0.]
 [0.]
 [0.]
 [0.]
 [0.]
 [0.]
 [0.]
 [0.]
 [0.]
 [0.]
 [0.]
 [0.]
 [0.]
 [0.]
 [0.]
 [0.]
 [0.]
 [0.]
 [0.]
 [0.]
 [0.]
 [0.]
 [0.]
 [0.]
 [0.]
 [0.]
 [0.]
 [0.]
 [0.]
 [0.]
 [0.]
 [0.]
 [0.]
 [0.]
 [0.]
 [0.]
 [0.]
 [0.]
 [0.]
 [0.]
 [0.]
 [0.]
 [0.]
 [0.]
 [0.]
 [0.]
 [0.]
 [0.]
 [0.]
 [0.]
 [0.]
 [0.]
 [0.]
 [0.]
 [0.]
 [0.]
 [0.]
 [0.]
 [0.]
 [0.]
 [0.]
 [0.]
 [0.]
 [0.]
 [0.]
 [0.]
 [0.]
 [0.]
 [0.]
 [0.]
 [0.]
 [0.]
 [0.]
 [0.]
 [0.]
 [0.]
 [0.]
 [0.]
 [0.]
 [0.]
 [0.]
 [0.]
 [0.]
 [0.]
 [0.]
 [0.]
 [0.]
 [0.]
 [0.]
 [0.]
 [0.]
 [0.]
 [0.]
 [0.]
 [0.]
 [0.]
 [0.]
 [0.]
 [0.]
 [0.]
 [0.]
 [0.]
 [0.]
 [0.]
 [0.]
 [0.]
 [0.]
 [0.]
 [0.]
 [0.]
 [0.]
 [0.]
 [0.]
 [0.]
 [0.]
 [0.]
 [0.]
 [0.]
 [0.]
 [0.]
 [0.]
 [0.]
 [0.]
 [0.]
 [0.]
 [0.]
 [0.]
 [0.]
 [0.]
 [0.]
 [0.]
 [0.]
 [0.]
 [0.]
 [0.]
 [0.]
 [0.]
 [0.]
 [0.]
 [0.]
 [0.]
 [0.]
 [0.]
 [0.]
 [0.]
 [0.]
 [0.]
 [0.]
 [0.]
 [0.]
 [0.]
 [0.]
 [0.]
 [0.]
 [0.]
 [0.]
 [0.]
 [0.]
 [0.]
 [0.]
 [0.]
 [0.]
 [0.]
 [0.]
 [0.]
 [0.]
 [0.]
 [0.]
 [0.]
 [0.]
 [0.]
 [0.]
 [0.]
 [0.]
 [0.]
 [0.]
 [0.]
 [0.]
 [0.]
 [0.]
 [0.]
 [0.]
 [0.]
 [0.]
 [0.]
 [0.]
 [0.]
 [0.]
 [0.]
 [0.]
 [0.]
 [0.]
 [0.]
 [0.]
 [0.]
 [0.]
 [0.]
 [0.]
 [0.]
 [0.]
 [0.]
 [0.]
 [0.]
 [0.]
 [0.]
 [0.]
 [0.]
 [0.]
 [0.]
 [0.]
 [0.]
 [0.]
 [0.]
 [0.]
 [0.]
 [0.]
 [0.]
 [0.]
 [0.]
 [0.]
 [0.]
 [0.]
 [0.]
 [0.]
 [0.]
 [0.]
 [0.]
 [0.]
 [0.]
 [0.]
 [0.]
 [0.]
 [0.]
 [0.]
 [0.]
 [0.]
 [0.]
 [0.]
 [0.]
 [0.]
 [0.]
 [0.]
 [0.]
 [0.]
 [0.]
 [0.]
 [0.]
 [0.]
 [0.]
 [0.]
 [0.]
 [0.]
 [0.]
 [0.]
 [0.]
 [0.]
 [0.]
 [0.]
 [0.]
 [0.]
 [0.]
 [0.]
 [0.]
 [0.]
 [0.]
 [0.]
 [0.]
 [0.]
 [0.]
 [0.]
 [0.]
 [0.]
 [0.]
 [0.]
 [0.]
 [0.]
 [0.]
 [0.]
 [0.]
 [0.]
 [0.]
 [0.]
 [0.]
 [0.]
 [0.]
 [0.]
 [0.]
 [0.]
 [0.]
 [0.]
 [0.]
 [0.]
 [0.]
 [0.]
 [0.]
 [0.]
 [0.]
 [0.]
 [0.]
 [0.]
 [0.]
 [0.]
 [0.]
 [0.]
 [0.]
 [0.]
 [0.]
 [0.]
 [0.]
 [0.]
 [0.]
 [0.]
 [0.]
 [0.]
 [0.]
 [0.]
 [0.]
 [0.]
 [0.]
 [0.]
 [0.]
 [0.]
 [0.]
 [0.]
 [0.]
 [0.]
 [0.]
 [0.]
 [0.]
 [0.]
 [0.]
 [0.]
 [0.]
 [0.]
 [0.]
 [0.]
 [0.]
 [0.]
 [0.]
 [0.]
 [0.]
 [0.]
 [0.]
 [0.]
 [0.]
 [0.]
 [0.]
 [0.]
 [0.]
 [0.]
 [0.]
 [0.]
 [0.]
 [0.]
 [0.]
 [0.]
 [0.]
 [0.]
 [0.]
 [0.]
 [0.]
 [0.]
 [0.]
 [0.]
 [0.]
 [0.]
 [0.]
 [0.]
 [0.]
 [0.]
 [0.]
 [0.]
 [0.]
 [0.]
 [0.]
 [0.]
 [0.]
 [0.]
 [0.]
 [0.]
 [0.]
 [0.]
 [0.]
 [0.]
 [0.]
 [0.]
 [0.]
 [0.]
 [0.]
 [0.]
 [0.]
 [0.]
 [0.]
 [0.]
 [0.]
 [0.]
 [0.]
 [0.]
 [0.]
 [0.]
 [0.]
 [0.]
 [0.]
 [0.]
 [0.]
 [0.]
 [0.]
 [0.]
 [0.]
 [0.]
 [0.]
 [0.]
 [0.]
 [0.]
 [0.]
 [0.]
 [0.]
 [0.]
 [0.]
 [0.]
 [0.]
 [0.]
 [0.]
 [0.]
 [0.]
 [0.]
 [0.]
 [0.]
 [0.]
 [0.]
 [0.]
 [0.]
 [0.]
 [0.]
 [0.]
 [0.]
 [0.]
 [0.]
 [0.]
 [0.]
 [0.]
 [0.]
 [0.]
 [0.]
 [0.]
 [0.]
 [0.]
 [0.]
 [0.]
 [0.]
 [0.]
 [0.]
 [0.]
 [0.]
 [0.]
 [0.]
 [0.]
 [0.]
 [0.]
 [0.]
 [0.]
 [0.]
 [0.]
 [0.]
 [0.]
 [0.]
 [0.]
 [0.]
 [0.]
 [0.]
 [0.]
 [0.]
 [0.]
 [0.]
 [0.]
 [0.]
 [0.]
 [0.]
 [0.]
 [0.]
 [0.]
 [0.]
 [0.]
 [0.]
 [0.]
 [0.]
 [0.]
 [0.]
 [0.]
 [0.]
 [0.]
 [0.]
 [0.]
 [0.]
 [0.]
 [0.]
 [0.]
 [0.]
 [0.]
 [0.]
 [0.]
 [0.]
 [0.]
 [0.]
 [0.]
 [0.]
 [0.]
 [0.]
 [0.]
 [0.]
 [0.]
 [0.]
 [0.]
 [0.]
 [0.]
 [0.]
 [0.]
 [0.]
 [0.]
 [0.]
 [0.]
 [0.]
 [0.]
 [0.]
 [0.]
 [0.]
 [0.]
 [0.]
 [0.]
 [0.]
 [0.]
 [0.]
 [0.]
 [0.]
 [0.]
 [0.]
 [0.]
 [0.]
 [0.]
 [0.]
 [0.]
 [0.]
 [0.]
 [0.]
 [0.]
 [0.]
 [0.]
 [0.]
 [0.]
 [0.]
 [0.]
 [0.]
 [0.]
 [0.]
 [0.]
 [0.]
 [0.]
 [0.]
 [0.]
 [0.]
 [0.]
 [0.]
 [0.]
 [0.]
 [0.]
 [0.]
 [0.]
 [0.]
 [0.]
 [0.]
 [0.]
 [0.]
 [0.]
 [0.]
 [0.]]
CG: [[ 5.23158369]
 [11.51521348]
 [14.43312059]
 [11.9498966 ]
 [ 9.80414546]
 [ 6.0365723 ]
 [ 6.06959165]
 [ 9.46930519]
 [ 5.03307766]
 [11.84313257]
 [ 6.64735466]
 [ 5.51001322]
 [13.00839493]
 [ 7.92021968]
 [ 5.84005914]
 [ 8.0790008 ]
 [ 7.79654946]
 [ 5.69489159]
 [ 9.79565639]
 [ 6.37239328]
 [12.68405906]
 [ 5.59688687]
 [ 7.32168458]
 [11.23447245]
 [ 7.55661867]
 [ 9.69636026]
 [ 8.71811623]
 [ 6.6389208 ]
 [ 8.69659871]
 [ 7.30204158]
 [ 8.30177577]
 [ 5.75526606]
 [13.86020199]
 [ 8.51533665]
 [ 7.9011432 ]
 [ 6.73468184]
 [ 7.70881421]
 [12.42644305]
 [ 9.84123961]
 [10.14647291]
 [ 7.7963279 ]
 [ 5.4208935 ]
 [11.16179235]
 [11.56770032]
 [ 8.49945061]
 [ 9.06892141]
 [13.72481828]
 [ 7.0945213 ]
 [ 6.94757134]
 [12.15226466]
 [ 9.40587551]
 [12.82328464]
 [ 7.47499335]
 [13.40329918]
 [ 6.05116124]
 [14.17910571]
 [ 7.75242966]
 [ 8.68282145]
 [ 9.97026499]
 [11.72529024]
 [11.48361934]
 [12.78036959]
 [12.93406018]
 [11.34973055]
 [11.97984989]
 [11.95109984]
 [13.68049156]
 [12.77164974]
 [ 5.60848473]
 [11.54188183]
 [ 7.37034683]
 [ 6.12103911]
 [13.26810198]
 [13.01315865]
 [ 6.06220518]
 [12.63442903]
 [ 7.05032553]
 [ 5.49430795]
 [12.29396604]
 [13.81826111]
 [10.21398465]
 [12.90597554]
 [ 5.96058908]
 [ 5.06249714]
 [11.5269036 ]
 [ 9.94292376]
 [ 6.33036935]
 [ 9.32190466]
 [ 8.92761507]
 [ 7.73189673]
 [14.44862042]
 [ 7.72938748]
 [12.26330834]
 [ 7.57206858]
 [11.97469386]
 [ 8.16003264]
 [ 7.81950399]
 [ 5.34529978]
 [11.88987116]
 [12.89913629]
 [14.58921096]
 [ 5.03264982]
 [ 9.20762276]
 [ 7.6819953 ]
 [13.73482143]
 [10.67900534]
 [ 9.73551355]
 [ 6.3619791 ]
 [10.55804099]
 [ 5.18032578]
 [10.3177066 ]
 [ 9.92280021]
 [ 5.63588374]
 [ 9.23589943]
 [ 5.06613646]
 [11.02620338]
 [ 5.53262761]
 [11.37753578]
 [ 5.87031989]
 [ 9.56877915]
 [10.65972197]
 [ 9.0095754 ]
 [ 8.84513164]
 [ 5.74600997]
 [ 6.26836322]
 [ 5.83919498]
 [ 6.17514339]
 [ 9.95412456]
 [10.86346204]
 [ 8.15490049]
 [10.41615364]
 [ 7.88594614]
 [14.90278272]
 [ 7.20857182]
 [ 7.2265421 ]
 [ 5.06132583]
 [ 8.18402748]
 [10.46080325]
 [ 5.15071719]
 [10.67252296]
 [ 6.72464147]
 [ 6.16588602]
 [ 6.96913583]
 [12.57495153]
 [ 7.77260999]
 [10.17912744]
 [ 5.65361828]
 [ 7.91117957]
 [ 6.75453183]
 [ 5.06304636]
 [10.59808802]
 [11.81032424]
 [ 5.16436838]
 [ 9.55285458]
 [ 5.04910207]
 [14.77649695]
 [ 5.695727  ]
 [14.72264823]
 [11.00577714]
 [ 5.74908583]
 [11.61706415]
 [ 7.09356865]
 [ 9.23512589]
 [12.60530017]
 [12.50654914]
 [ 8.43146578]
 [14.73243223]
 [ 9.19619671]
 [12.03338693]
 [ 7.42355942]
 [ 8.09282727]
 [13.05510543]
 [ 6.74903644]
 [14.60101047]
 [ 6.25968525]
 [10.07958617]
 [10.86743487]
 [ 7.79123535]
 [ 5.96958471]
 [11.89069646]
 [ 5.52371589]
 [14.61758891]
 [ 6.33257338]
 [10.21850531]
 [ 9.67037177]
 [ 7.36868173]
 [11.7468988 ]
 [ 6.7649504 ]
 [13.23808697]
 [ 9.02450924]
 [ 5.84813989]
 [ 7.95014705]
 [ 9.05823637]
 [ 9.32875688]
 [ 5.16531243]
 [13.26239903]
 [11.06228969]
 [ 5.04204079]
 [ 5.44963026]
 [10.09651711]
 [14.97117841]
 [ 9.60128161]
 [ 9.32849669]
 [11.13948106]
 [ 5.53801103]
 [ 7.83366911]
 [12.57555555]
 [ 7.01535568]
 [ 5.94696094]
 [12.37706583]
 [ 5.01178393]
 [ 5.24613536]
 [ 5.87296015]
 [ 7.86280046]
 [10.42460403]
 [ 5.04079698]
 [11.1760377 ]
 [ 6.77149663]
 [ 5.70519601]
 [ 6.77302318]
 [ 5.00815543]
 [ 6.10700512]
 [11.18777175]
 [ 8.13184416]
 [11.87960681]
 [10.30953123]
 [13.57095807]
 [ 9.45699494]
 [ 7.06057584]
 [ 5.82705113]
 [11.53240606]
 [13.14166062]
 [10.27530488]
 [10.09337014]
 [ 8.06951534]
 [11.00308489]
 [10.54541698]
 [ 5.95089619]
 [ 5.00053015]
 [12.9834809 ]
 [ 8.17807155]
 [ 8.74185633]
 [12.552614  ]
 [ 7.53226   ]
 [10.58913798]
 [ 8.50155345]
 [ 5.22203418]
 [11.02898385]
 [ 8.00819381]
 [ 6.37329143]
 [12.02063057]
 [ 9.54835857]
 [ 7.62803569]
 [12.31169628]
 [12.72982605]
 [11.06198162]
 [ 9.10364582]
 [ 8.93423831]
 [ 6.07106499]
 [12.15984236]
 [ 5.09066608]
 [ 6.57219749]
 [14.91975673]
 [14.70323347]
 [10.1009519 ]
 [ 7.80770903]
 [ 6.06894452]
 [ 6.80388606]
 [ 5.85406813]
 [14.86160963]
 [ 6.59485716]
 [ 9.23732321]
 [10.12236212]
 [ 5.16890209]
 [ 8.70735125]
 [ 5.86557328]
 [14.56353813]
 [12.80555058]
 [ 7.32899829]
 [ 7.98077035]
 [12.58806309]
 [ 9.65212755]
 [10.01779027]
 [ 6.867427  ]
 [ 8.8528346 ]
 [ 5.26931276]
 [ 9.14791855]
 [11.90687194]
 [ 7.47074015]
 [ 6.4213721 ]
 [11.74513366]
 [ 5.10958106]
 [ 9.99515907]
 [ 5.29817692]
 [ 8.35279526]
 [ 6.0496517 ]
 [ 8.71198767]
 [ 7.84791629]
 [ 5.1413536 ]
 [10.59512414]
 [ 7.22801924]
 [10.37108122]
 [ 6.80403971]
 [ 7.91892894]
 [ 5.82328863]
 [11.83898437]
 [ 6.70957879]
 [ 8.13485553]
 [ 5.98627453]
 [ 6.86760095]
 [ 6.21980695]
 [ 6.33546804]
 [ 8.19071592]
 [10.36820919]
 [ 9.47231928]
 [11.65168704]
 [13.41029301]
 [ 6.06291104]
 [ 9.55545082]
 [10.15150965]
 [12.67614974]
 [ 8.22263097]
 [ 5.01019282]
 [11.59276711]
 [ 6.14319904]
 [ 8.75716207]
 [ 6.66801206]
 [12.31780659]
 [11.01945359]
 [12.92768089]
 [ 5.92057855]
 [ 8.2886736 ]
 [14.67446309]
 [ 6.8034142 ]
 [ 5.65752975]
 [ 9.51241158]
 [ 6.50612903]
 [ 9.33407192]
 [ 7.37870245]
 [11.90972047]
 [ 7.26231481]
 [12.73245026]
 [ 6.60092403]
 [ 8.57467554]
 [14.33666376]
 [ 5.38695418]
 [10.24487234]
 [12.12951138]
 [ 7.18238959]
 [13.97303637]
 [ 8.80606331]
 [12.24189337]
 [10.39054331]
 [ 5.05834196]
 [ 5.98553786]
 [ 7.14114979]
 [14.96471989]
 [ 9.60078509]
 [ 8.32225391]
 [ 5.19856313]
 [10.80780092]
 [ 8.40242173]
 [ 5.03001318]
 [ 6.16804348]
 [14.21243581]
 [ 7.49150498]
 [ 8.62781143]
 [ 7.50208714]
 [10.51167354]
 [12.7016775 ]
 [ 6.02057605]
 [ 9.95577793]
 [11.46516922]
 [ 5.02086061]
 [ 7.2431279 ]
 [ 8.4095655 ]
 [ 7.50353439]
 [10.9195251 ]
 [ 6.65377385]
 [13.8523749 ]
 [ 5.68525057]
 [13.89994277]
 [ 6.44351612]
 [ 8.74901332]
 [13.96749997]
 [11.94543524]
 [ 7.24424709]
 [12.08157201]
 [ 7.84496121]
 [ 8.76049714]
 [14.32534724]
 [10.47690814]
 [ 9.48247946]
 [ 7.34587584]
 [10.46516787]
 [13.11020148]
 [ 8.55441959]
 [ 6.00171154]
 [11.41044979]
 [ 8.58838492]
 [11.9200584 ]
 [ 8.26218978]
 [ 6.77511742]
 [10.1348923 ]
 [ 7.1613468 ]
 [10.8266909 ]
 [11.1917386 ]
 [11.88666252]
 [ 5.50955762]
 [ 7.09266715]
 [13.3886256 ]
 [ 6.41462591]
 [ 5.69148603]
 [ 9.20190509]
 [ 6.81295103]
 [ 9.76154611]
 [ 7.10556633]
 [ 5.23879814]
 [14.22849493]
 [12.27947118]
 [ 9.80626058]
 [ 9.34913818]
 [ 5.42602825]
 [14.53730352]
 [11.30557498]
 [11.49693432]
 [13.99477575]
 [12.66847314]
 [ 6.1759598 ]
 [14.26935986]
 [10.63598029]
 [14.50468212]
 [14.73100503]
 [ 6.54423649]
 [ 9.03935872]
 [10.0378492 ]
 [ 8.04210925]
 [ 8.67573535]
 [ 6.14816532]
 [12.91903164]
 [14.07713702]
 [ 6.03555444]
 [14.3746102 ]
 [ 9.17892831]
 [ 5.67709809]
 [10.04697393]
 [ 9.91768719]
 [10.69906575]
 [ 5.25509182]
 [ 8.24822932]
 [10.15177371]
 [ 7.86956621]
 [ 7.80740427]
 [ 7.47538475]
 [14.06195178]
 [ 6.08230739]
 [ 6.92096592]
 [ 9.61727293]
 [ 6.23956143]
 [ 9.50550054]
 [ 7.10542438]
 [ 6.40746172]
 [10.73590006]
 [ 6.14326411]
 [ 8.67371518]
 [14.30382274]
 [ 9.39723879]
 [13.17353626]
 [ 5.51285624]
 [10.61548435]
 [ 6.55249965]
 [ 9.47042628]
 [ 7.97374013]
 [ 5.80640851]
 [ 9.34585218]
 [ 7.75348411]
 [ 6.64226972]
 [12.57368166]
 [ 5.30685622]
 [ 5.96844416]
 [10.6124015 ]
 [10.7207118 ]
 [ 6.46309717]
 [11.53741798]
 [ 7.41364276]
 [ 6.58719675]
 [ 6.88855299]
 [12.45115168]
 [ 6.13006981]
 [14.46654707]
 [ 6.2626246 ]
 [ 6.91756404]
 [ 9.54202684]
 [ 7.21091765]
 [ 5.07462159]
 [ 5.17470439]
 [11.09607916]
 [13.01494828]
 [ 5.98031893]
 [11.3530132 ]
 [12.92143384]
 [ 9.70288477]
 [11.68109797]
 [ 8.569568  ]
 [ 5.93617045]
 [ 6.32231701]
 [13.74748945]
 [ 5.46715463]
 [11.25212964]
 [ 8.11821722]
 [ 9.48847903]
 [11.04161337]
 [ 7.31442351]
 [10.03094991]
 [14.05874223]
 [ 5.06102488]
 [11.55698122]
 [ 7.28261978]
 [ 7.51777716]
 [10.72933067]
 [ 6.49264171]
 [ 6.99460303]
 [ 5.3758532 ]
 [10.7287212 ]
 [11.27025084]
 [ 5.26714634]
 [12.00007817]
 [ 9.61323156]
 [12.68650242]
 [ 8.50842622]
 [ 6.63734039]
 [11.99885779]
 [ 5.7737855 ]
 [ 5.77081682]
 [ 7.06768369]
 [ 5.63545467]
 [ 8.81985488]
 [14.75201022]
 [ 7.56569391]
 [12.29100875]
 [10.63227708]
 [ 5.44858074]
 [12.89438175]
 [10.80462506]
 [ 9.59998424]
 [ 6.18953699]
 [ 5.41906177]
 [ 9.37818812]
 [ 7.9065024 ]
 [ 7.06789201]
 [10.42424743]
 [ 6.59099739]
 [ 7.82607785]
 [ 5.95948968]
 [ 7.20782042]
 [ 9.75112932]
 [ 6.46888084]
 [ 7.43353968]
 [11.12635116]
 [ 6.10462046]
 [13.53722757]
 [13.98782703]
 [ 6.50523934]
 [ 9.02787584]
 [14.718032  ]
 [ 7.27526166]
 [ 5.17211366]
 [ 9.7377508 ]
 [12.93064831]
 [10.5747417 ]
 [ 7.13605924]
 [ 7.62117165]
 [13.23224438]
 [ 7.02676232]
 [14.36220294]
 [ 8.14064261]
 [ 9.95046737]
 [ 6.3649843 ]
 [ 7.04671412]
 [ 6.79287121]
 [12.57220048]
 [10.60768086]
 [ 7.46565003]
 [ 5.23427015]
 [ 6.68394537]
 [ 7.45398198]
 [13.10722704]
 [ 6.63507273]
 [ 5.99769403]
 [10.32289092]
 [ 9.89054951]
 [ 6.06846766]
 [14.47928099]
 [11.39069141]
 [13.55545787]
 [10.21269315]
 [ 6.78598314]
 [13.53651645]
 [13.58309076]
 [11.42528244]
 [ 8.06261441]
 [ 5.31478823]
 [ 5.40881915]
 [ 9.01113022]
 [ 5.66279723]
 [11.43170912]
 [ 8.20920067]
 [ 9.51664448]
 [ 7.39821119]
 [ 5.22497282]
 [ 6.43341085]
 [ 9.47409507]
 [12.15405018]
 [ 6.85636547]
 [ 6.470109  ]
 [ 7.64636172]
 [ 8.67932207]
 [ 6.79340557]
 [ 6.12247791]
 [ 8.39608527]
 [ 9.27341622]
 [14.61960888]
 [ 8.44522796]
 [ 7.8311994 ]
 [10.75468334]
 [12.31272332]
 [ 5.18321027]
 [ 9.45845146]
 [ 9.30830327]
 [13.00124379]
 [ 6.11633175]
 [ 7.00397327]
 [ 6.56110615]
 [ 8.77497461]
 [ 6.36666243]
 [11.98272767]
 [ 8.33290719]
 [ 7.33542872]
 [ 7.61831837]
 [10.79324032]
 [12.85318819]
 [14.79891122]
 [ 9.43800505]
 [ 5.46685791]
 [ 5.42878056]
 [11.20429715]
 [ 7.55336973]
 [ 6.71092202]
 [ 7.00459512]
 [14.18826979]
 [ 7.73529336]
 [11.37016727]
 [ 9.52324821]
 [ 9.19896048]
 [ 7.23764672]
 [14.65463997]
 [ 5.74964401]
 [12.58102833]
 [11.10474916]
 [10.69516991]
 [ 8.03263015]
 [14.13451114]
 [ 9.19257772]
 [ 6.64732664]
 [ 9.95821813]
 [ 5.90997781]
 [10.25514217]
 [ 7.69764851]
 [ 7.51962131]
 [ 7.32057826]
 [ 5.39832819]
 [10.83392715]
 [ 6.67512647]
 [ 5.95134064]
 [ 6.27406661]
 [14.89504945]
 [ 5.14884783]
 [ 6.64364608]
 [ 8.78135581]
 [12.34229957]
 [ 5.00048202]
 [14.08301457]
 [ 8.9472656 ]
 [ 8.68606166]
 [10.45535685]
 [12.25794165]
 [ 8.22766339]
 [ 8.46728279]
 [ 8.07309071]
 [10.64801083]
 [ 8.32536163]
 [10.65152341]
 [ 5.14489359]
 [10.30802393]
 [11.16516561]
 [ 9.45058092]
 [ 9.8936512 ]
 [ 6.70941829]
 [10.83470349]
 [ 7.78258619]
 [ 6.42135322]
 [ 7.6362442 ]
 [ 9.15513025]
 [ 6.68344872]
 [ 8.54340987]
 [ 6.64137309]
 [12.39713706]
 [ 6.94195227]
 [ 6.75593808]
 [ 9.77576438]
 [13.54021094]
 [10.05267556]
 [ 6.8573966 ]
 [ 5.8079165 ]
 [12.52192288]
 [11.25487929]
 [13.18007065]
 [ 6.08495378]
 [ 9.41620766]
 [ 8.09016607]
 [ 6.81548704]
 [ 9.15340604]
 [ 8.97913793]
 [ 7.79772532]
 [ 8.39709555]
 [10.31961254]
 [ 5.06742403]
 [10.76100376]
 [ 8.97900561]
 [13.10963909]
 [ 6.61021332]
 [ 6.79676405]
 [13.93385714]
 [12.8245176 ]
 [ 9.56646092]
 [ 5.02414952]
 [ 9.32485138]
 [ 9.60911062]
 [ 6.43771784]
 [ 7.94803302]
 [ 7.71307944]
 [ 6.6906057 ]
 [ 9.04504091]
 [ 8.85945949]
 [ 7.58351678]
 [10.3823969 ]
 [10.57377358]
 [ 5.79727863]
 [ 9.72609526]
 [14.1844176 ]
 [ 6.98809757]
 [ 5.6716306 ]
 [10.82184629]
 [10.78048819]
 [12.64951512]
 [14.32054213]
 [ 7.97427077]
 [10.42028287]
 [ 9.12748456]
 [ 5.12450982]
 [13.05764171]
 [ 7.03270535]
 [12.4883538 ]
 [ 6.93106393]
 [10.06661679]
 [ 9.88466789]
 [11.69279932]
 [14.30266426]
 [ 6.35366841]
 [ 9.49996748]
 [13.97505545]
 [ 9.74587896]
 [ 8.54599389]
 [ 6.65397393]
 [ 5.26119037]
 [ 6.60826238]
 [14.36282273]
 [ 7.86586885]
 [ 7.11569288]
 [ 6.70374548]
 [ 8.05081669]
 [ 8.50218144]
 [ 9.32251555]
 [ 8.20713869]
 [ 8.04400375]
 [10.67938091]
 [13.47768885]
 [ 5.5102004 ]
 [11.65485167]
 [10.75567277]
 [ 9.21635953]
 [10.72865485]
 [ 9.91293356]
 [ 6.169586  ]
 [ 8.86262879]
 [ 6.62263211]
 [11.89422746]
 [11.9694305 ]
 [ 8.07100014]
 [14.56682834]
 [ 8.2698995 ]
 [ 8.36696923]
 [ 5.69095209]
 [ 7.69109595]
 [ 5.64508409]
 [ 6.06269024]
 [13.9175622 ]
 [12.29152978]
 [ 5.32722848]
 [ 5.88862028]
 [11.95576921]
 [ 8.7482517 ]
 [12.80740745]
 [ 5.0054597 ]
 [11.12727785]
 [14.09424777]
 [ 5.91682117]
 [ 6.56463144]
 [ 9.27487426]
 [11.44626825]
 [ 5.1765785 ]
 [ 8.16627533]
 [ 9.12972098]
 [ 7.63369845]
 [ 9.94152914]
 [ 9.11871004]
 [ 9.39328366]
 [11.1409182 ]
 [ 5.9192523 ]
 [ 7.88941945]
 [ 5.24174323]
 [ 5.06594983]
 [11.49387004]
 [14.0519549 ]
 [ 5.71582251]
 [ 5.32095925]
 [ 9.83737539]
 [ 8.17993054]
 [ 5.25224409]
 [ 6.92530857]
 [ 5.69792239]
 [11.28208932]
 [ 6.86960838]
 [ 7.99470839]
 [ 9.37394492]
 [ 5.18103391]
 [ 9.3507882 ]
 [ 7.63571883]
 [13.50313508]
 [ 6.41982122]
 [12.76648853]
 [ 9.74108493]
 [12.37511394]
 [13.29847018]
 [ 9.65724461]
 [14.70303214]
 [ 9.74809373]
 [14.5495951 ]
 [ 7.35147174]
 [11.02161966]
 [13.60269395]
 [ 6.82967553]
 [ 5.31623183]
 [11.64419333]
 [ 5.40441854]
 [ 5.75161334]
 [12.8854422 ]
 [ 7.3526739 ]
 [12.67728685]
 [11.27374864]
 [ 8.80321086]
 [ 8.60962965]
 [ 5.48107393]
 [14.01349778]
 [ 6.79416662]
 [ 7.32920998]
 [ 6.03465043]
 [10.42557712]
 [ 5.05600731]
 [ 6.9530021 ]
 [ 7.37455944]
 [12.8272584 ]
 [ 7.00179507]
 [ 9.86472369]
 [ 5.84467933]
 [ 5.08483959]
 [ 5.70546107]
 [ 7.70664563]
 [ 5.28723898]
 [ 5.61692577]
 [12.75314981]
 [13.70113427]
 [13.3545019 ]
 [ 8.86825818]
 [10.56123304]
 [ 6.51106733]
 [10.09796271]
 [14.50222401]
 [ 5.26428158]
 [13.23228302]]
RG: [[500.]
 [500.]
 [500.]
 [500.]
 [500.]
 [500.]
 [500.]
 [500.]
 [500.]
 [500.]
 [500.]
 [500.]
 [500.]
 [500.]
 [500.]
 [500.]
 [500.]
 [500.]
 [500.]
 [500.]
 [500.]
 [500.]
 [500.]
 [500.]
 [500.]
 [500.]
 [500.]
 [500.]
 [500.]
 [500.]
 [500.]
 [500.]
 [500.]
 [500.]
 [500.]
 [500.]
 [500.]
 [500.]
 [500.]
 [500.]
 [500.]
 [500.]
 [500.]
 [500.]
 [500.]
 [500.]
 [500.]
 [500.]
 [500.]
 [500.]
 [500.]
 [500.]
 [500.]
 [500.]
 [500.]
 [500.]
 [500.]
 [500.]
 [500.]
 [500.]
 [500.]
 [500.]
 [500.]
 [500.]
 [500.]
 [500.]
 [500.]
 [500.]
 [500.]
 [500.]
 [500.]
 [500.]
 [500.]
 [500.]
 [500.]
 [500.]
 [500.]
 [500.]
 [500.]
 [500.]
 [500.]
 [500.]
 [500.]
 [500.]
 [500.]
 [500.]
 [500.]
 [500.]
 [500.]
 [500.]
 [500.]
 [500.]
 [500.]
 [500.]
 [500.]
 [500.]
 [500.]
 [500.]
 [500.]
 [500.]
 [500.]
 [500.]
 [500.]
 [500.]
 [500.]
 [500.]
 [500.]
 [500.]
 [500.]
 [500.]
 [500.]
 [500.]
 [500.]
 [500.]
 [500.]
 [500.]
 [500.]
 [500.]
 [500.]
 [500.]
 [500.]
 [500.]
 [500.]
 [500.]
 [500.]
 [500.]
 [500.]
 [500.]
 [500.]
 [500.]
 [500.]
 [500.]
 [500.]
 [500.]
 [500.]
 [500.]
 [500.]
 [500.]
 [500.]
 [500.]
 [500.]
 [500.]
 [500.]
 [500.]
 [500.]
 [500.]
 [500.]
 [500.]
 [500.]
 [500.]
 [500.]
 [500.]
 [500.]
 [500.]
 [500.]
 [500.]
 [500.]
 [500.]
 [500.]
 [500.]
 [500.]
 [500.]
 [500.]
 [500.]
 [500.]
 [500.]
 [500.]
 [500.]
 [500.]
 [500.]
 [500.]
 [500.]
 [500.]
 [500.]
 [500.]
 [500.]
 [500.]
 [500.]
 [500.]
 [500.]
 [500.]
 [500.]
 [500.]
 [500.]
 [500.]
 [500.]
 [500.]
 [500.]
 [500.]
 [500.]
 [500.]
 [500.]
 [500.]
 [500.]
 [500.]
 [500.]
 [500.]
 [500.]
 [500.]
 [500.]
 [500.]
 [500.]
 [500.]
 [500.]
 [500.]
 [500.]
 [500.]
 [500.]
 [500.]
 [500.]
 [500.]
 [500.]
 [500.]
 [500.]
 [500.]
 [500.]
 [500.]
 [500.]
 [500.]
 [500.]
 [500.]
 [500.]
 [500.]
 [500.]
 [500.]
 [500.]
 [500.]
 [500.]
 [500.]
 [500.]
 [500.]
 [500.]
 [500.]
 [500.]
 [500.]
 [500.]
 [500.]
 [500.]
 [500.]
 [500.]
 [500.]
 [500.]
 [500.]
 [500.]
 [500.]
 [500.]
 [500.]
 [500.]
 [500.]
 [500.]
 [500.]
 [500.]
 [500.]
 [500.]
 [500.]
 [500.]
 [500.]
 [500.]
 [500.]
 [500.]
 [500.]
 [500.]
 [500.]
 [500.]
 [500.]
 [500.]
 [500.]
 [500.]
 [500.]
 [500.]
 [500.]
 [500.]
 [500.]
 [500.]
 [500.]
 [500.]
 [500.]
 [500.]
 [500.]
 [500.]
 [500.]
 [500.]
 [500.]
 [500.]
 [500.]
 [500.]
 [500.]
 [500.]
 [500.]
 [500.]
 [500.]
 [500.]
 [500.]
 [500.]
 [500.]
 [500.]
 [500.]
 [500.]
 [500.]
 [500.]
 [500.]
 [500.]
 [500.]
 [500.]
 [500.]
 [500.]
 [500.]
 [500.]
 [500.]
 [500.]
 [500.]
 [500.]
 [500.]
 [500.]
 [500.]
 [500.]
 [500.]
 [500.]
 [500.]
 [500.]
 [500.]
 [500.]
 [500.]
 [500.]
 [500.]
 [500.]
 [500.]
 [500.]
 [500.]
 [500.]
 [500.]
 [500.]
 [500.]
 [500.]
 [500.]
 [500.]
 [500.]
 [500.]
 [500.]
 [500.]
 [500.]
 [500.]
 [500.]
 [500.]
 [500.]
 [500.]
 [500.]
 [500.]
 [500.]
 [500.]
 [500.]
 [500.]
 [500.]
 [500.]
 [500.]
 [500.]
 [500.]
 [500.]
 [500.]
 [500.]
 [500.]
 [500.]
 [500.]
 [500.]
 [500.]
 [500.]
 [500.]
 [500.]
 [500.]
 [500.]
 [500.]
 [500.]
 [500.]
 [500.]
 [500.]
 [500.]
 [500.]
 [500.]
 [500.]
 [500.]
 [500.]
 [500.]
 [500.]
 [500.]
 [500.]
 [500.]
 [500.]
 [500.]
 [500.]
 [500.]
 [500.]
 [500.]
 [500.]
 [500.]
 [500.]
 [500.]
 [500.]
 [500.]
 [500.]
 [500.]
 [500.]
 [500.]
 [500.]
 [500.]
 [500.]
 [500.]
 [500.]
 [500.]
 [500.]
 [500.]
 [500.]
 [500.]
 [500.]
 [500.]
 [500.]
 [500.]
 [500.]
 [500.]
 [500.]
 [500.]
 [500.]
 [500.]
 [500.]
 [500.]
 [500.]
 [500.]
 [500.]
 [500.]
 [500.]
 [500.]
 [500.]
 [500.]
 [500.]
 [500.]
 [500.]
 [500.]
 [500.]
 [500.]
 [500.]
 [500.]
 [500.]
 [500.]
 [500.]
 [500.]
 [500.]
 [500.]
 [500.]
 [500.]
 [500.]
 [500.]
 [500.]
 [500.]
 [500.]
 [500.]
 [500.]
 [500.]
 [500.]
 [500.]
 [500.]
 [500.]
 [500.]
 [500.]
 [500.]
 [500.]
 [500.]
 [500.]
 [500.]
 [500.]
 [500.]
 [500.]
 [500.]
 [500.]
 [500.]
 [500.]
 [500.]
 [500.]
 [500.]
 [500.]
 [500.]
 [500.]
 [500.]
 [500.]
 [500.]
 [500.]
 [500.]
 [500.]
 [500.]
 [500.]
 [500.]
 [500.]
 [500.]
 [500.]
 [500.]
 [500.]
 [500.]
 [500.]
 [500.]
 [500.]
 [500.]
 [500.]
 [500.]
 [500.]
 [500.]
 [500.]
 [500.]
 [500.]
 [500.]
 [500.]
 [500.]
 [500.]
 [500.]
 [500.]
 [500.]
 [500.]
 [500.]
 [500.]
 [500.]
 [500.]
 [500.]
 [500.]
 [500.]
 [500.]
 [500.]
 [500.]
 [500.]
 [500.]
 [500.]
 [500.]
 [500.]
 [500.]
 [500.]
 [500.]
 [500.]
 [500.]
 [500.]
 [500.]
 [500.]
 [500.]
 [500.]
 [500.]
 [500.]
 [500.]
 [500.]
 [500.]
 [500.]
 [500.]
 [500.]
 [500.]
 [500.]
 [500.]
 [500.]
 [500.]
 [500.]
 [500.]
 [500.]
 [500.]
 [500.]
 [500.]
 [500.]
 [500.]
 [500.]
 [500.]
 [500.]
 [500.]
 [500.]
 [500.]
 [500.]
 [500.]
 [500.]
 [500.]
 [500.]
 [500.]
 [500.]
 [500.]
 [500.]
 [500.]
 [500.]
 [500.]
 [500.]
 [500.]
 [500.]
 [500.]
 [500.]
 [500.]
 [500.]
 [500.]
 [500.]
 [500.]
 [500.]
 [500.]
 [500.]
 [500.]
 [500.]
 [500.]
 [500.]
 [500.]
 [500.]
 [500.]
 [500.]
 [500.]
 [500.]
 [500.]
 [500.]
 [500.]
 [500.]
 [500.]
 [500.]
 [500.]
 [500.]
 [500.]
 [500.]
 [500.]
 [500.]
 [500.]
 [500.]
 [500.]
 [500.]
 [500.]
 [500.]
 [500.]
 [500.]
 [500.]
 [500.]
 [500.]
 [500.]
 [500.]
 [500.]
 [500.]
 [500.]
 [500.]
 [500.]
 [500.]
 [500.]
 [500.]
 [500.]
 [500.]
 [500.]
 [500.]
 [500.]
 [500.]
 [500.]
 [500.]
 [500.]
 [500.]
 [500.]
 [500.]
 [500.]
 [500.]
 [500.]
 [500.]
 [500.]
 [500.]
 [500.]
 [500.]
 [500.]
 [500.]
 [500.]
 [500.]
 [500.]
 [500.]
 [500.]
 [500.]
 [500.]
 [500.]
 [500.]
 [500.]
 [500.]
 [500.]
 [500.]
 [500.]
 [500.]
 [500.]
 [500.]
 [500.]
 [500.]
 [500.]
 [500.]
 [500.]
 [500.]
 [500.]
 [500.]
 [500.]
 [500.]
 [500.]
 [500.]
 [500.]
 [500.]
 [500.]
 [500.]
 [500.]
 [500.]
 [500.]
 [500.]
 [500.]
 [500.]
 [500.]
 [500.]
 [500.]
 [500.]
 [500.]
 [500.]
 [500.]
 [500.]
 [500.]
 [500.]
 [500.]
 [500.]
 [500.]
 [500.]
 [500.]
 [500.]
 [500.]
 [500.]
 [500.]
 [500.]
 [500.]
 [500.]
 [500.]
 [500.]
 [500.]
 [500.]
 [500.]
 [500.]
 [500.]
 [500.]
 [500.]
 [500.]
 [500.]
 [500.]
 [500.]
 [500.]
 [500.]
 [500.]
 [500.]
 [500.]
 [500.]
 [500.]
 [500.]
 [500.]
 [500.]
 [500.]
 [500.]
 [500.]
 [500.]
 [500.]
 [500.]
 [500.]
 [500.]
 [500.]
 [500.]
 [500.]
 [500.]
 [500.]
 [500.]
 [500.]
 [500.]
 [500.]
 [500.]
 [500.]
 [500.]
 [500.]
 [500.]
 [500.]
 [500.]
 [500.]
 [500.]
 [500.]
 [500.]
 [500.]
 [500.]
 [500.]
 [500.]
 [500.]
 [500.]
 [500.]
 [500.]
 [500.]
 [500.]
 [500.]
 [500.]
 [500.]
 [500.]
 [500.]
 [500.]
 [500.]
 [500.]
 [500.]
 [500.]
 [500.]
 [500.]
 [500.]
 [500.]
 [500.]
 [500.]
 [500.]
 [500.]
 [500.]
 [500.]
 [500.]
 [500.]
 [500.]
 [500.]
 [500.]
 [500.]
 [500.]
 [500.]
 [500.]
 [500.]
 [500.]
 [500.]
 [500.]
 [500.]
 [500.]
 [500.]
 [500.]
 [500.]
 [500.]
 [500.]
 [500.]
 [500.]
 [500.]
 [500.]
 [500.]
 [500.]
 [500.]
 [500.]
 [500.]
 [500.]
 [500.]
 [500.]
 [500.]
 [500.]
 [500.]
 [500.]
 [500.]
 [500.]
 [500.]
 [500.]
 [500.]
 [500.]
 [500.]
 [500.]
 [500.]
 [500.]
 [500.]
 [500.]
 [500.]
 [500.]
 [500.]
 [500.]
 [500.]
 [500.]
 [500.]
 [500.]
 [500.]
 [500.]
 [500.]
 [500.]
 [500.]
 [500.]
 [500.]
 [500.]
 [500.]
 [500.]
 [500.]
 [500.]
 [500.]
 [500.]
 [500.]
 [500.]
 [500.]
 [500.]
 [500.]
 [500.]
 [500.]
 [500.]
 [500.]
 [500.]
 [500.]
 [500.]
 [500.]
 [500.]
 [500.]
 [500.]
 [500.]
 [500.]
 [500.]
 [500.]
 [500.]
 [500.]
 [500.]
 [500.]
 [500.]
 [500.]
 [500.]
 [500.]
 [500.]
 [500.]
 [500.]
 [500.]]
Ch: [[1.50955806 0.50804264 0.5137857  0.59321256 0.30401184 0.51185586
  1.27047416 0.48944503 1.57447744 1.15798166 1.07817044 0.42552827
  1.33058386 1.6967789  0.52401055 0.71865686 1.41618362 0.87384081
  1.53726343 0.32393608 1.22878824 1.49663088 0.39866283 0.36705397
  1.11267955 0.47150306 0.89326319 0.6367572  0.75105078 1.14690204
  0.98247267]
 [0.45552159 0.36511646 0.36574462 0.42727016 1.02849338 0.45588095
  0.70241413 1.64822709 0.31636259 0.58356953 1.16976761 0.64889327
  0.80864309 0.3521108  0.3859297  1.39135965 0.46231222 0.8642191
  0.84898322 0.45622845 0.78708198 0.46120614 0.79862224 1.58101125
  0.54867096 0.84464027 1.19304697 0.78233022 0.33455963 0.56226146
  0.41014604]
 [1.42161397 0.61538096 0.74962113 0.35964704 0.60084164 1.0564301
  0.60976511 0.3603855  0.38301471 0.4427357  0.3783983  1.31559438
  1.41326352 0.77039409 0.95365765 0.59485307 0.76867123 0.62629433
  0.47569053 0.64205627 1.22497047 0.36562821 0.68876673 0.72891427
  1.14023741 1.50040483 1.56089265 0.76052241 0.35681575 1.64999067
  1.43661473]
 [0.51727122 0.96662362 1.57601859 0.59812033 0.70039472 1.19882008
  0.70593929 0.56042577 1.10393132 0.70913975 0.3426894  0.89301046
  0.39255242 0.5321298  0.79710481 0.64254334 0.56939402 1.1785588
  0.39367311 1.25201127 0.66852751 1.30461199 0.74100134 0.39778277
  0.64079287 1.56014521 0.47919287 1.55705221 1.29548163 0.35834282
  1.23571994]
 [0.65507861 0.32979107 1.05322651 0.55243819 0.75644098 1.41617204
  0.50773336 0.35450729 1.30197336 0.86969303 1.6180114  1.29511733
  0.38472601 1.13857311 0.51842877 0.9704005  0.38720277 0.37942408
  0.60068756 0.46132848 0.73584188 0.31517141 0.43454357 0.59859912
  0.54316932 0.87194836 0.32886983 1.06106795 0.88398413 0.35168689
  1.46641131]
 [0.63853503 1.21117388 1.5614421  1.65314899 1.5454697  0.46342535
  0.47564595 0.67543847 0.35053687 0.38745075 0.36683825 0.50423827
  1.31405847 1.24167109 1.55477969 0.84548189 1.18931376 0.49436304
  0.39291968 0.97311555 1.14812537 0.4225151  0.37071049 1.08296604
  1.36027726 1.56317738 0.54231008 0.56458757 0.65691846 1.39956361
  1.16419913]
 [1.10171079 0.45694777 0.60733548 1.07064094 1.66531923 1.17258837
  0.30849087 1.60597872 1.66714463 0.86370467 0.41156855 0.59869464
  1.1429128  0.33901725 0.9775331  0.48597362 1.10009047 1.18035872
  0.58965313 0.79301047 0.49101518 0.38348945 0.82458066 0.961327
  1.15535987 0.57791618 0.63645669 0.85235723 0.71015672 0.37142889
  0.88372082]
 [0.60076313 0.53003486 0.42703348 0.59432124 1.64824785 0.50282638
  0.52485057 0.76889034 1.35521251 0.94289137 1.58435952 0.4036135
  0.43951703 0.73311685 0.51495089 0.35204751 1.04419745 0.39780172
  0.69720077 1.27826985 0.33475104 0.68809528 0.89865637 0.71497761
  0.39938638 0.41122275 1.50377643 0.9616183  1.51874543 0.32940017
  0.75452756]
 [0.40783596 0.4239723  1.38592666 0.63928787 0.46841996 0.46048765
  0.92632915 0.86407161 0.30453683 0.312528   1.1696077  0.57487918
  0.52511527 0.86097086 0.89890081 0.69679268 0.81472088 0.35482564
  0.74063829 0.74926258 0.4487601  0.68476463 0.61650137 1.24959539
  0.32481486 0.98561326 0.78433211 0.88785714 0.81369144 0.73404895
  0.32126612]
 [1.26384784 0.89940252 0.67009616 0.47831998 0.89541873 0.48108737
  0.56832661 1.26582309 0.50774288 0.42888419 1.04344973 0.52815858
  1.45092443 0.95551934 0.54530228 0.94021784 1.4126812  0.76404443
  0.46401352 0.33490813 1.13970637 0.55390153 1.07004854 0.9651595
  0.35753348 0.89152016 0.33727852 0.54619927 1.57853723 0.62722058
  1.13544582]
 [1.02903841 1.09328003 0.59418721 0.91388699 0.309      1.1140076
  1.57708782 1.44910155 1.30355295 0.97107957 0.63987594 0.40897974
  0.58022992 1.67126994 0.86639791 0.33922386 1.40712825 1.31180241
  1.16508224 0.3121272  0.39624885 1.05835516 0.94679747 0.58792309
  1.43994627 0.96859582 1.31699558 0.53910204 1.29910631 1.55124063
  0.43979105]
 [0.64306429 0.40410219 0.69529801 1.20373565 1.62522175 0.94173331
  1.08355993 0.42677963 0.3510356  0.73199108 0.68965133 0.50064823
  0.9648509  0.30390842 0.32990124 0.57189769 1.02620876 0.57828424
  0.67793123 0.57562792 0.72546183 0.82835517 0.45820973 0.60291716
  1.56576985 0.31503617 0.58495241 1.11452453 0.85884357 0.46862799
  1.69107334]
 [0.8258221  0.38770227 0.35271119 0.68991934 0.69892465 1.38677655
  0.34560959 0.35053635 0.77423208 0.32840093 0.42874569 0.35933867
  1.2419532  1.41065504 1.33621852 1.06545006 0.75483082 1.29644324
  1.56478134 0.35532928 1.18759539 0.95015433 1.52652331 0.67079988
  1.51093653 1.61975297 0.56850904 1.39968536 0.44080893 0.61913424
  0.73243706]
 [0.48413282 1.20856509 1.20208922 1.24066649 0.50291045 1.12754457
  1.35392792 1.46484162 0.9829197  1.33421374 0.73850656 0.52850133
  0.53141251 0.30990283 0.59400795 0.37247599 0.60121285 1.26346571
  0.71887621 1.20542683 0.64640349 0.38715745 0.35408648 0.37216757
  0.35915164 1.3402899  0.62590207 0.3516565  0.72510767 0.44240802
  0.38210306]
 [0.50143439 1.12504499 0.39195848 0.5969717  0.53950321 1.36732443
  1.07166089 1.39850615 0.70133518 0.97697423 1.12128674 0.82448201
  1.01426646 0.85036619 0.66137513 0.70194361 0.4376834  0.72552323
  0.77169848 0.41988186 0.39753873 0.34652577 0.77649027 0.5812196
  0.44322995 0.81215403 1.02100927 1.00736435 1.01479522 0.32968947
  1.29432937]
 [0.33679621 0.5979435  0.33182135 0.79482718 0.77244997 1.5463772
  0.34231391 0.35087343 0.40710369 0.80027959 1.48594577 1.31758148
  1.6632958  1.10957112 0.47274854 1.54081351 0.59438626 0.33457457
  0.31243341 0.63295469 0.54471594 0.39700152 1.08666365 0.64198053
  1.38670622 1.03200174 0.33778775 0.41473445 1.21893403 0.54367717
  1.1344075 ]
 [0.95280451 0.66497953 0.87530933 0.9789965  1.01098923 0.38720994
  1.23875526 0.6988078  0.80312623 0.65234501 0.39859369 1.27979819
  0.58840064 0.79887199 0.37270937 0.41048705 1.02374299 1.58038879
  0.50289094 0.44255871 1.15480838 1.44527997 0.96363506 0.30056951
  1.16154132 1.12782525 0.88840408 0.33298234 0.90325962 0.51373167
  1.02378072]
 [1.07775311 0.59838475 1.51930132 0.61756877 1.67199124 1.34961894
  0.46634454 0.96218909 0.45072869 0.96298207 1.10348833 0.56060985
  0.57786687 0.32664359 1.18726195 1.25640633 1.10953541 0.65352847
  1.00969179 0.78526482 1.48523162 0.85726434 1.55365883 1.45016765
  0.99882326 1.45851116 0.5452675  1.488097   1.67553872 0.37264725
  0.44888288]
 [0.30871947 0.33722497 0.65829419 0.72318471 0.54185288 0.57484477
  1.16962941 0.66994798 0.41029513 0.32474727 0.74338717 1.20689719
  1.29098312 0.33985065 0.65701888 1.31622798 1.37417968 1.11340582
  1.01798923 0.59232541 1.42652841 0.49097893 0.3515412  0.33206199
  0.87630453 1.25064652 0.73948956 0.47228641 0.88787344 0.59077209
  0.73645141]
 [1.50192356 0.99583899 0.85797901 0.82918606 1.01285714 0.53034041
  0.98472478 0.35938303 0.41627368 0.60142364 1.57687547 0.64246384
  0.82145912 0.59774989 0.37585626 0.9487611  1.37679548 0.6067146
  0.32583061 0.63947927 0.36401578 0.95065547 1.00384353 0.69745383
  0.52976849 0.76907985 0.69616459 0.99853058 0.93966091 0.34551973
  1.5650266 ]
 [1.3853032  0.77746855 1.62997745 0.4520332  0.31825911 1.3672624
  0.84009914 0.77168619 0.75252554 0.58767821 0.59850696 1.08878345
  0.69318157 1.31682669 0.98367924 1.1718933  0.33425141 1.16761142
  1.51143335 1.27782214 0.77673596 1.60402669 0.76216328 0.52604105
  0.96869334 0.519433   0.59359107 0.48692306 1.06272216 1.01335431
  0.54791483]
 [0.33121915 0.39862617 0.42085635 0.43299131 0.68760837 1.0318507
  0.37039899 0.93251338 0.99610335 0.44802207 0.46749013 1.51408696
  1.21018206 0.68207258 0.33257617 0.35179464 0.87672383 0.48347793
  0.42545733 0.52991015 1.11391972 0.661071   1.60194399 1.14262462
  0.81467845 0.76006584 0.46486315 0.70114813 0.38978007 0.65930107
  1.24679059]
 [0.9531417  1.1981191  1.01009522 0.30151629 0.48944172 1.39099453
  1.5999854  1.55958729 0.53506184 0.39650802 0.52244807 1.1308188
  0.8896843  0.87185304 1.54882208 1.45028319 1.24575641 0.89320655
  0.33121012 0.97011038 1.21925514 0.82875995 0.50453362 0.45043202
  0.34117505 0.43402842 0.3016074  1.11174309 0.62077614 0.54896214
  0.73732971]
 [0.57663014 0.36067019 0.37605334 0.95850178 0.51899149 1.69298109
  0.73190121 1.62781089 1.33369167 1.35868367 1.353728   1.53430476
  0.39825767 0.9316685  0.35172847 0.42158815 0.94277646 0.34410974
  0.37469109 1.50200132 1.33870209 1.01695312 0.39558479 0.35057288
  0.40690988 0.88106724 0.32463977 0.85442078 0.36494807 0.76293849
  0.86945096]
 [0.81016029 0.31016183 1.66704507 0.48068438 1.31561073 0.33951336
  0.55742679 0.90393674 0.72417481 1.30148787 0.54112346 0.9545688
  1.3064637  0.82847935 0.89351481 0.82552904 0.58324674 0.9931426
  0.4069668  0.3890377  0.9903712  1.01259847 0.83871934 1.53167761
  1.44452397 0.36138718 0.40219963 1.1412147  1.30417835 0.31347757
  0.80990338]
 [0.42680666 0.67074499 1.22382357 1.11547144 0.56961456 0.60843895
  1.54352024 1.62840677 1.3725901  0.58833119 1.17210921 0.46192863
  0.39825948 0.48038073 1.69550116 0.54204938 1.11678469 0.50932231
  0.42781488 0.99384765 0.52210127 0.71930985 1.29992165 1.64169962
  0.82228374 0.4202802  1.42662426 0.43733934 0.35211753 0.57954797
  0.60363076]
 [0.36558626 1.0709805  0.95480629 1.41550714 0.99407416 0.76120383
  0.47899561 0.5905073  0.97197664 0.51477529 0.86569466 0.71926052
  0.35919576 0.61123563 0.65135771 0.85411747 1.03117313 0.31850102
  0.65549487 0.67633947 0.34954515 0.67527757 0.32428289 1.26917059
  1.67047923 0.45411806 0.361269   0.44335665 0.3396912  0.30578146
  0.41563631]
 [1.61479622 0.44926411 1.05904829 0.40702675 1.1716206  1.40697504
  1.66665255 1.25235455 0.83093752 1.11596161 1.6770804  0.34636003
  0.36853017 0.42754317 0.92135491 0.4418833  0.31370697 1.63282483
  0.54306834 1.39370036 0.37054769 0.37758782 0.4246939  0.9074352
  0.88702349 0.99674938 0.91688286 1.22255533 1.06569334 1.23124208
  0.38169604]
 [0.48846288 0.46415609 0.39698037 0.68888771 0.365147   0.50751381
  0.56172347 0.54840738 1.06981814 1.63885729 0.71484634 0.55475131
  1.31216256 1.52392974 1.52986959 1.29402629 0.3328978  0.43574406
  1.13834094 0.75688851 1.03221583 0.48920225 0.32102953 0.36583278
  0.34429135 0.32998758 0.64673434 0.44357699 0.90542688 0.39064952
  0.58828388]
 [0.42020518 1.44765305 1.42040458 0.40297619 0.71520007 1.41807124
  0.95100504 0.43612199 0.90358888 1.31427787 1.54132561 0.96589414
  0.47991055 0.46847865 0.51573022 1.47628985 0.55116003 0.52752867
  1.15301288 0.57334133 1.45487428 0.61126812 0.39013726 0.33472918
  1.04132346 0.37585114 1.14680435 1.14963326 0.78813092 1.55955939
  0.42003154]]
Cv: [[0.         0.         0.         0.         0.         0.
  0.         0.         0.         0.         0.         0.
  0.         0.         0.         0.         0.         0.
  0.         0.         0.         0.         0.         0.
  0.         0.         0.         0.         0.         0.        ]
 [1.65119555 1.09258695 0.85932865 0.31196915 0.3099817  0.69810685
  0.61146986 1.21208876 1.2732354  1.24508099 1.0122597  1.20579342
  0.72636791 0.90228631 0.3045518  1.21347294 0.38248481 0.98175639
  0.42235886 1.42202207 0.41740452 1.07533339 0.49605456 0.31442898
  0.70729595 0.40374707 0.55020609 1.37218188 0.32688867 0.57846901]
 [1.26654721 0.40233126 0.44306939 1.69414457 1.17644953 1.43058404
  0.3161945  0.44095645 0.91997786 0.9651615  0.58387514 0.88297659
  0.60459866 0.84865864 1.39239901 0.45326248 1.5022833  1.02663741
  0.84358378 0.93582781 0.39266379 1.26464987 0.66432283 1.18198373
  0.7596244  1.46879087 0.46900448 0.30566882 0.94636    1.28280191]
 [1.20496744 0.35777705 1.35457181 0.71511946 1.56779371 0.38927283
  1.10915339 0.6247299  0.37829878 1.4079457  0.40749223 1.20360355
  1.37363771 0.95366179 0.31069627 1.28267684 1.23584488 1.68393246
  1.22953406 0.69627878 0.41007986 0.92472826 0.68433235 1.66781086
  1.06943988 0.49887947 0.84122339 0.52729442 0.59728405 0.42050121]
 [0.52760568 0.71497518 1.07186237 0.71043539 0.41676583 1.19898661
  0.80005889 0.79938658 0.63678603 0.71425545 0.51236103 0.98487747
  0.61945214 1.65720892 1.09622517 1.32031704 0.38578259 0.42350866
  1.46384588 1.48319227 0.66633001 1.14091591 0.71469752 0.72736088
  0.71391812 0.83816167 0.31826326 0.55362436 1.02327221 0.35203571]
 [0.59144687 1.55873936 0.35494759 1.1313674  0.70043323 0.33110831
  0.57490643 0.45449704 1.07624949 0.49303417 0.78820452 0.50091287
  0.43571298 1.0604026  0.34066748 0.79485314 0.33899094 0.32554567
  1.53105881 1.32180377 0.98662032 1.17931496 1.68421456 0.54984732
  0.50762058 1.23914404 0.69518283 0.34179523 0.4277724  0.52537132]
 [0.42502009 0.4007108  0.41019967 0.3747558  0.31203764 0.31568931
  1.21536742 0.44829287 1.09954308 0.33672971 1.35321288 0.74260255
  1.52100014 1.58042841 1.55026764 0.3581265  0.59704241 1.2936544
  1.13444961 0.43327323 1.46886618 0.95715505 0.3602886  0.42251448
  0.88504185 1.09597452 0.39279146 0.71276577 1.58478557 0.56327462]
 [0.67262622 0.38317097 0.70683287 1.60178955 0.80337431 0.78826703
  1.07244262 0.95629705 0.69446419 0.47941825 0.69836877 1.10103363
  0.67398125 0.34582555 1.00476486 0.77500093 1.30720771 0.38375166
  0.4217532  1.34404811 0.54939074 0.89326831 1.31314377 0.50615803
  0.71675244 0.71029308 0.34909948 1.21334647 0.35948398 1.33993639]
 [0.62272155 0.7395325  0.84487336 0.57278375 0.44303547 1.16445793
  0.38873552 0.8420549  1.01239595 0.83444638 1.51377387 0.76750447
  0.31232713 0.9180758  0.43329003 0.70130357 0.31742865 0.68630703
  0.48511447 1.16450817 0.49900995 0.75373344 0.51762897 1.45302415
  0.49936997 0.34316587 0.82133226 0.81720185 1.67567183 1.64861789]
 [0.49412979 0.82799034 1.30024432 1.40163205 0.73038863 0.64407818
  0.68146727 1.28383945 0.70252829 0.495039   0.40602578 1.03338186
  0.53791478 0.56422675 0.53958201 0.73618117 1.01363688 0.5114984
  1.62143492 0.81783924 1.47151634 1.29671743 1.23751647 0.71109983
  1.56483832 0.40869059 0.56623601 1.40117836 1.09491585 0.41876279]
 [0.51199625 0.32995678 1.48738682 0.38731921 0.33766816 0.91612641
  0.77063623 0.493312   0.53933975 0.57852191 0.43494681 0.50575062
  1.13061511 1.14775483 0.89932634 0.7927639  1.3791036  1.1878003
  0.98723418 0.52202113 0.39699236 0.36128842 1.55306909 0.32151963
  0.52446601 0.50501431 0.82236865 0.89500107 0.57432028 1.01741212]
 [1.29301676 0.77664385 1.28481345 1.24398388 1.08700655 0.49793573
  0.58710353 0.35420086 1.30566526 0.40257333 0.78235607 0.33985083
  0.6130268  0.61088754 0.65655171 1.53260222 0.52336402 1.317938
  1.06229676 0.31589241 0.97011681 0.58746888 0.57925554 1.00031983
  0.8154014  0.35512992 1.07325843 1.4757953  0.36777874 0.93663244]
 [0.72462823 0.32853384 0.57901018 0.70476494 0.57463628 0.6525901
  0.53286168 0.41191741 0.87942548 0.83529206 0.50338463 0.84620355
  1.55922291 0.33229272 0.68049342 0.67849348 0.38062692 0.34169008
  0.32695811 0.3763931  1.62066084 0.38693251 1.20008656 0.41324633
  1.19153164 0.42897303 1.28573529 0.38279956 0.35054291 0.42659603]
 [1.09955009 1.6125988  1.68813694 0.80076863 0.64827186 0.77091202
  0.85825991 0.36323813 0.52011328 0.42062994 0.98119644 0.30947674
  0.93104036 0.51904321 0.83640383 0.4103372  0.34965612 0.98807571
  0.63577265 0.57369605 0.30698731 0.39756272 0.82377956 0.66966195
  0.79691921 1.39251999 1.32858932 0.46214157 1.16482089 1.01905535]
 [0.90228003 0.56048753 0.44203423 0.40288209 1.5615532  1.40789308
  0.69298297 0.74564197 0.66555163 1.09371588 0.64831547 0.45786264
  0.88811294 1.3483459  0.87558847 1.20084507 0.71991594 0.72768308
  1.01522892 0.74620633 1.36173237 1.11102964 1.66431969 1.47401305
  1.23456999 0.55782034 1.34524008 0.50301969 0.36349142 0.59538143]
 [0.39715776 1.26148612 0.41909826 0.51305166 0.935225   0.42337824
  1.09716212 0.44397258 1.63241363 0.6689602  1.00443471 0.5211611
  0.86823328 1.40146488 0.46122719 0.61620593 1.02809555 0.30329834
  1.34446614 1.11819832 0.43042458 0.64505356 1.20246035 0.30870289
  0.52378445 0.92398941 0.45436189 0.98651851 1.33646756 0.475553  ]
 [0.54085473 1.18945891 0.35003274 0.72383319 0.45424928 0.67417346
  0.98890819 1.19429154 1.32523188 0.90555982 0.68338511 0.52375373
  0.7324049  1.29383822 0.58033775 0.70451134 0.44206352 1.57374898
  0.35985342 0.64520779 0.32845407 1.04817613 0.32481951 0.8280236
  0.65106901 0.48728878 1.04436236 1.69791627 1.07564624 1.37765321]
 [1.31446985 0.91392068 0.57142506 0.32321105 0.65014546 0.32001466
  0.36405463 0.32377994 1.35992305 0.67493299 0.38819924 0.84416515
  0.50296138 0.36521784 1.67986207 0.30226302 0.41116501 0.59243714
  1.62359882 0.66558642 1.49688787 0.32897239 1.11208719 1.20534986
  0.41938787 0.35756073 0.58011068 1.31930955 0.72267976 0.47049093]
 [1.09334246 0.30414221 0.95703388 0.34200912 0.40441945 1.31391262
  0.32176208 1.17341129 0.39273099 0.55623845 0.78671298 0.67245646
  0.85164971 0.58400807 0.35532724 1.40274123 0.30308883 0.59864598
  1.04100406 0.60692606 0.48739089 0.45380425 0.44023428 0.56945347
  0.97314173 1.48816448 1.3944263  0.87212304 0.31278904 0.74514446]
 [1.24318076 1.34024423 0.31864002 0.97978046 0.49469679 1.00545673
  1.5115454  0.46016142 1.16238307 0.54968802 0.78815212 0.90377237
  0.47284542 1.48605493 0.98450215 0.38187491 0.47040744 1.36857787
  1.56884902 1.38192352 0.41204355 0.68988788 0.30974907 0.92064215
  0.42141419 1.45906108 1.38995324 0.48492382 0.32882819 1.0786174 ]
 [0.54699832 1.5561472  0.42868462 0.65064777 0.47613756 0.33109705
  1.04001135 0.30963579 0.55265559 0.47941045 1.18314863 1.58877324
  0.30939472 0.37062131 0.58402025 1.131899   0.44263111 1.07716275
  0.5657576  1.64123556 0.79711081 0.5613499  1.27077803 0.62932164
  1.38099237 0.96371538 0.5628734  1.68987377 0.53229899 1.45023972]
 [1.60052269 1.50119869 0.61115607 0.58487386 1.65191012 1.17391829
  1.39890245 0.38663538 0.35851751 0.77929549 1.36856201 1.17067136
  0.51327724 0.34232057 1.65722006 0.37265896 1.56788057 0.45287829
  1.30470556 0.49307374 0.53486644 1.3452331  0.58063643 0.99117648
  1.56758344 0.9892676  0.33771994 0.69343831 1.08240677 0.33947925]
 [0.30326144 0.92883499 0.44028307 0.5110073  0.97832114 0.59953439
  0.7007809  1.56794124 0.40433761 0.41289259 0.42418983 0.50978828
  1.09416504 0.97059117 0.42035681 1.23370247 0.32044998 0.40068754
  1.55181886 0.40803453 0.66151208 0.32753509 0.95946235 0.33321477
  0.4299443  0.33393312 0.52125024 0.50348172 0.35752135 0.76661867]
 [0.39216882 1.0249607  0.45180655 1.28181085 0.63119579 0.58367224
  0.6872872  1.08803574 1.24059869 0.75168441 1.29445397 0.33974235
  0.39301057 0.87133951 0.6868767  1.12537786 0.4945724  0.65100857
  0.74397512 0.94118461 0.89826516 0.36525076 0.52777663 0.54192764
  0.84541292 0.36169277 0.60883594 1.52144094 0.78830394 0.82100159]
 [1.30602575 0.87092934 0.41082812 0.61473469 0.38434202 1.21294933
  1.11855228 0.34506627 1.13863142 1.37484097 0.48331668 1.26034179
  0.34443303 0.66775951 1.64494699 1.3377487  1.19896018 0.33146559
  0.34973374 0.45275798 0.90861503 0.44611402 0.35351118 0.6284507
  0.42805006 0.59036698 0.69222326 1.42020426 0.45904493 0.54266018]
 [1.32442818 0.37981725 1.42654667 0.64434921 0.96093663 0.66937329
  0.75102764 0.43970618 1.6725987  0.33607969 0.56953055 0.99139318
  0.34044346 0.47882253 0.93041732 0.66743353 0.330581   1.13277279
  0.30134089 0.97117497 0.37020032 0.32994488 0.39864386 0.48612026
  0.700856   0.4592293  0.51395643 0.56127201 0.32059213 0.35983545]
 [1.68865805 0.34493008 1.10660235 0.58677071 0.81832574 0.75268324
  0.32314564 0.90644166 0.42110393 0.49611075 0.69012501 0.76030472
  0.34445619 1.29410545 0.58055074 0.4786152  0.92569208 1.59884711
  0.8621639  1.66130505 0.33019313 1.35163772 0.39848558 0.82474152
  0.35589673 1.40090081 1.59620918 0.32552947 0.5156673  1.57561448]
 [0.89031029 0.40406413 0.41906935 1.69131432 1.26184488 0.5508234
  1.35398314 0.32242953 0.75855251 0.60351504 0.50135444 0.82704657
  0.31004603 0.62119052 0.3682277  0.30555726 1.6133515  1.0826908
  1.52120923 0.82542897 0.32004089 0.38144486 1.56669654 0.60039205
  0.6712131  1.19607044 1.30447944 0.74367106 0.63143128 0.43100952]
 [0.58421286 0.71913404 0.64704191 1.04291653 0.36686799 0.86228962
  0.65611958 1.35544204 0.65065043 0.39631259 0.39123766 0.57289363
  0.80203439 0.72704773 1.15130881 0.40175162 0.4529699  1.06358861
  0.94763563 0.38604871 0.76519821 0.61706824 0.70204497 0.32754434
  0.61120613 0.57355469 1.04839306 0.61388178 0.31822939 1.28245365]
 [0.89964334 1.02584459 1.32281631 0.49964416 0.39101425 1.29236578
  0.96826606 0.52517399 0.72819002 0.50896145 0.53183619 0.89468451
  0.35631074 0.48524187 1.42876595 0.30204847 0.35271498 0.46439279
  0.47360389 1.07038253 0.36663964 0.54565088 0.37089361 0.44100017
  1.43953992 0.92612166 1.50572307 0.58616391 0.73566502 0.95924992]]
Rh: [[ 2.773314    2.45745513  5.14950508  3.60708442 15.32430568  9.75116004
   7.74342574  2.15394164  1.68253738  5.25898245  2.59517571 11.10321186
   9.9236744   2.82417806 10.22726287  6.29240583  8.23968562  7.36129922
   1.09902095  1.71059737  2.91275819 18.43218325  8.1266772   3.7022752
   9.86107318 12.54529237  7.09049305  2.68164657  1.11857968  5.06391926
   6.57978844]
 [ 4.04762001  2.41695166  2.81548582  9.9844408  18.80375882 17.47125108
   1.3208558   1.91324251  1.230708    5.80955848  2.43817643  1.84306443
   6.81424527  2.08134864  2.49968389  2.65352627  1.12661603  1.11545937
   2.03297602  4.75493944  5.6598624   1.2213801   5.53855007  3.5521836
  14.08294149 13.61116931  5.38231082 16.45556397  4.82045648  2.03262322
   1.58695562]
 [ 9.15792807  1.12492937  2.76731597  2.40820332  2.07316937  8.88478742
   1.54654123  1.79553304  1.42502097  1.11187392 15.04167107  4.28921658
   7.26114354  5.43982593  2.03940062  2.15030962 12.63772276  1.42968605
   9.29142558  6.03410634  6.13329322  6.55963853  4.07000522  1.64547184
   1.35703716  6.18742342  4.30956432  9.55868918 18.47148745  2.80594201
   1.46899764]
 [ 1.45190626  2.57745034  5.22576199  2.99400509  1.07818801  1.42815577
   8.43375139 16.39960968 16.94545081  4.32230546  3.53981369  3.07639577
   5.80488203  3.25044945  1.60285118  1.43180294  2.00133114  5.18031795
   4.89090596  7.87961765 12.52679007 13.18910442  8.86084255  2.0103266
  18.92139562  5.93668253  2.76148646  2.66190743  5.92873213  4.0771221
   3.87894854]
 [ 6.08488859 17.16524446  3.55659627  4.8164115   1.41922929  1.71064273
   7.42053522  2.34582352 12.07021076  7.3497393   3.3342538   8.86624378
   6.17571365 18.40215494  2.25518499 12.59445351  3.17991812  2.37478834
   4.34347816  9.47578201  1.07559457 11.28255443  5.00002915  1.35422647
   1.54079095  1.36596884 17.31757752  6.33991255 15.30609592  2.19917797
  13.61423229]
 [ 8.45726038 13.60949335  4.43288219  7.5208733  15.91525396  4.83243877
   9.0292461   9.31529272  2.09672509 10.5606042   1.72761564  4.69732591
   6.16788147  1.1325951   5.19606983  1.18634542  4.33754629 18.36464756
  10.44100227  1.75467634  1.45528994  6.14433655  1.78259859  1.70775852
  16.68329398  5.36089783  4.3496231   2.06200259  1.88278143  7.80186297
  16.30058848]
 [ 6.88882552  5.15009484  8.06986121 10.89358054  3.31475056  1.08324638
   1.70543937  4.71872819 13.15771531  3.80849289  1.21156668  1.70983204
   4.1371113   8.59615896  6.82663513  1.42875812  5.58345063  1.43964015
   2.35777292  3.43399365  1.24403649  1.77764026  1.61182621  4.5601771
   2.85224786  6.38497814  9.29612224  3.40958414  1.36650403  5.37191514
   4.53333025]
 [ 1.90557203  4.94608492  2.31544829 13.58365052  7.19029063 13.58040837
   9.61698077  3.45132111 11.93176975  3.40395222  1.25763902  1.62122294
   3.81785878  2.58009313  1.65797362 10.2280075   3.47427284  2.89721564
   6.50168405  4.11552088  5.28947247  1.171227    9.96647694  2.6850398
   9.01356849  8.91326882  1.84326057  1.46106468  2.64092347  2.42112265
  15.69811241]
 [ 4.70420097  5.6372156   4.27974447  1.59321852  3.12315493  8.98135464
  17.34607662  2.95872846  3.32403041  1.31187583 16.64017592  4.96203114
   3.34525669  2.49641935  1.01335995  8.92380343  9.45345698  4.80532521
   5.96950765  4.36881388  9.98661158  5.52188872  2.38014122 11.51923192
  14.60578299  2.25222056  3.28696625  4.90517747  8.96623399  1.24625394
   1.56220771]
 [ 3.10234145  2.49507435  2.55617754  6.48354222  7.08424678 17.26139221
   4.84509243  1.24522034  2.72070812  2.28712843  1.90452307  3.80797855
   6.87929293  1.66358831  1.46784295  9.27106626  3.73289983  4.52476943
   2.48120189  1.01296314  9.52562299  1.39485809  4.86702361  4.80439946
   9.4757742   2.95508324  1.57731976  5.68392199  1.10639669  3.48287017
  12.97523158]
 [ 1.93728018  2.64857474  2.594745    1.5551743   1.53002158  8.49672028
   5.97568365  9.09860154 11.36480712  1.55401244  1.7286566   4.09405409
   2.45826811  5.79308972 14.41348503  4.63583336  1.86156077  6.04164088
   3.90883793  9.02983367  3.86701086  1.06331387 13.51077508  4.26227819
   7.60711983  4.88701453  3.02180746  1.92621504  9.30563792  2.6357596
   3.0017468 ]
 [ 4.06820867  3.82049475 10.94550192  1.84170307  8.84140801  7.9492396
   1.11022473  8.92257737  8.86445435 13.65631902  6.91860914  6.7570639
   1.07574243  8.72655936  5.50834797  3.59925002  7.90470203  4.9186829
   2.05652316 16.74712967  5.18571294  9.69488395  1.27262376 14.70339859
   8.50960756 18.55227628  1.31617846  1.38008335 14.64696945  6.6581271
   1.47396294]
 [ 3.42334123  2.15712273 18.70056244  3.200434    6.12267237  2.56169377
  14.80561338  1.08593688  8.32782337  1.1434092   6.20908641 13.82247971
   4.23934532  1.1825665   9.44094509  1.53393986  1.94366859  3.54433108
   1.52683487  6.47459952  2.51398729  2.01141951  1.99224674 16.8126149
   5.03807824 12.16849741  2.38921475 14.91055904  3.18906378  7.13127569
   3.46242498]
 [ 3.86789628  9.51630357 17.21612924  3.86584807 13.63341905  1.27017468
   1.06982379  9.29042876 11.73402436  3.26192933  1.17554147 16.92227752
   1.02882423  1.51688311  1.69788669 18.29799383  4.32605807  1.74121998
   6.73874877  2.53655469  1.09085513  2.85221881  1.09256784  3.28248642
   2.52741937  1.72554822  1.99316847  5.48098216  5.06554699 14.45748975
   4.1075729 ]
 [ 1.71863763  5.38934648  6.70291079 10.85022559  4.76324915  1.63482695
  10.67236117  3.31338644  1.24462084  6.49577727  6.09678797  3.95841429
   2.41765223 16.79244906  1.64243133  2.88512969  1.62095006  3.25313343
   2.12957305  1.67322947  1.40950783  2.47479911  4.57967165  6.1122367
   7.91790419  8.02802565  1.62121051  2.39312907  1.17020871  1.3542273
   1.91219045]
 [ 3.65432076 10.12235697  1.10397338 11.77898625  1.4005262  12.29132398
  18.77682608  3.15096603 12.90602207  2.32446531  6.55331628  2.05960043
  10.92023166  1.30442534 11.92657078 10.10987031  1.70225706  2.08840163
   2.02588948  1.86703173 15.27623823  1.38286691 10.17247918  4.25234921
   2.37149876  8.44542245  1.67064396 12.54433423  7.2788292   4.72918202
   1.50583295]
 [ 4.23293546  2.47559082  6.75906013  3.92231793  1.3907527   2.58951315
   1.0600275   4.4648216  12.02568944  1.64570863  3.92247549  1.2267905
   1.27485914  4.5978112  14.18753473 14.20607887  1.06239438  8.05743261
   5.25788674  8.04396829  9.379389    1.46771012  7.40783127 15.59282478
   1.77325675  8.57000663  3.6941074   2.41153004  8.09890656  3.26692905
   7.69718899]
 [ 1.66463902  4.81614327  5.30774724  4.1373815   8.25743356  1.95120587
  15.75859156  3.86553707  4.54845042  1.9924776   1.21332418 13.27169787
   6.11700215  4.53184404  1.38996241  2.22567379  5.82218705  2.29092406
   6.12138615  1.21250013  8.69841452 13.77894688  3.55444209  1.52116793
  18.99093846  3.42398147  2.83511135 10.16583751 18.23077469  3.95033091
  18.40693905]
 [13.35556241 15.5374755   2.95329343  2.51989037 15.79265863  1.83079818
   3.02700129 14.72808935  3.18937021  1.46016513  4.84598002  1.16189853
   2.6638751  17.5714555   6.13788441  2.918271    8.04577026  2.45013844
  12.00349081  6.07554731  1.47021951 18.56706543  8.53791479  1.04502928
   4.48256784 11.39438509  1.25303239  9.72694164  2.23126008  5.04273308
   4.0676282 ]
 [ 9.07828518  2.22844815  2.08630748  6.09697159  2.20018491  2.75211438
   2.79723053  1.05295447  2.84215281  6.87458322  7.91137457  1.66668307
   1.1929665   1.4938525  17.45795118  6.31376005  6.71083873  1.25895894
  17.01067204 17.44065199 11.43386517 10.78867198 18.00396961  3.37634897
   5.35137394 10.46447866  3.45932286  3.41200885 18.86455734  1.62155431
   6.38018701]
 [ 2.10916357 16.97492121  4.4862495   7.77022561 12.24116208  1.61862442
   1.11822387  9.39642211  2.1816334   8.44888535 10.38856577 11.81985525
   4.92967209  5.47529871  1.53129586  2.98545232  8.50614986  7.86374184
   5.65321244 11.23896746  7.13298345  5.48772057 18.99125032  1.37273052
   9.62675876  2.032297    2.21728273 12.34438788  1.10110217  4.56885772
  16.20402108]
 [ 2.17569555 11.5320745   2.59809776  5.11147883  1.06623124  3.41173452
   3.69639604  5.53258195  4.69716123  2.74855244  3.01291777  9.91691176
  16.33957161  5.43726844 14.00826263  9.80227865  3.74652486  1.14193502
   2.48286976 13.28577521  3.87266034  7.93953885  1.67892437  7.84065229
   5.34466044  1.38147851  3.97612955  6.68662683  7.98984957  1.71493353
   1.28594156]
 [ 2.50607889  7.04752885  3.76048764  7.34547474  6.82245098 15.86398872
   2.80242694 11.02521518 12.23937943  1.67664693  1.56959044  1.43705226
   2.5536553   4.91265713  7.4079758   1.02789796  3.03953162  1.65421841
   1.78978442  1.36204358  2.92431965  1.99328233  1.91158919  3.90074365
   6.49704745  1.35552654  4.37435087  2.22840537 13.27300929  6.39598383
  18.84500795]
 [12.95953238 11.43637755  1.01865378 10.3467385   3.29206578  3.48288636
   5.66193701  3.18682007 18.87697582  4.63239308 11.36492738 10.15401189
  18.41652902  1.28073717  2.5350535   1.5414507   5.90929781 14.05697132
   4.57220211  2.94915019  4.94794171  3.92112281  1.77803139 15.23957374
   3.47136865  1.9960549   6.74585003  3.77313739  2.10411187  2.89300552
   2.55530393]
 [12.03306818  5.7425963   3.42489151  6.11970636  1.80355945  3.15611245
   4.18129577  2.71185373  1.15357156  2.71372487  1.54809144  9.03682065
  16.03964999 18.04785058  1.34922053  4.72510204  2.79264893  4.96067698
   5.16654997  6.0891354   1.53271761  5.13888308  4.8536257  16.43619571
  12.06417888  1.45425505 14.88337494  1.08852143  5.38337332 18.12880861
  18.86519069]
 [10.5672677   3.30845737 17.60321077  7.40228658  5.37214708  5.04434552
  12.26221693  1.18968473 11.97368839  2.11418735  4.49581     7.37147364
   1.89233164  1.4365137   1.82642653  6.70872197  2.48414902  2.98999592
   1.88476042  3.68907233  4.36865361  1.35656271  3.53570626  1.00074801
   1.04045954  6.15042505 16.42544735 17.28210453 10.70042207  1.15322884
   2.02030336]
 [10.00833237  1.16846431  1.15608779  4.33024463  2.91293105  6.47523192
   2.3273571   1.07875002  3.7364731   1.30831746  3.46004343  1.06525071
   4.40269597 15.05917886  3.46002231 14.82943974 11.492752   12.32035759
   7.47221088  9.56860006  5.88721975  2.24949253  9.03547295  8.03301935
   1.542081    2.17717987  6.07463093 11.95948324  1.3548522  11.38501002
   9.48943945]
 [ 8.32487585  2.19978152  1.22461062  6.04869888  2.81612588 17.51031154
  14.16303672  1.31504352  2.21516538 11.80289482  5.78669987  7.87963692
  17.58578135  4.2218652   2.78571746  7.61253976  2.15261901 11.34796923
  11.19207983  4.96521249  1.12029425  4.60409239  1.3807854  14.30762022
   1.51761078  7.60613314  9.05059059 13.88453779  4.75294983  1.00023774
   2.43173096]
 [10.17677226  3.30351684  6.29671809  1.50685042  1.08153924  1.07808027
  11.19809258  8.71718955 18.14505853 18.68205853  1.4409048   3.02695822
  11.16382522  1.31401786  1.88117494  2.14436418  2.53978389  1.28408098
   1.5376735   1.28466497 10.09762222  3.34232811  4.30034062  8.96179883
   5.71183374  1.17196897  3.21696722  3.41725809  2.24117472  1.80230317
   1.31515778]
 [ 2.89810858  2.60451405  1.35100161  2.18390525  6.38994929  3.01888761
   2.66320235  7.94698458 16.48457561  1.37615874  9.3914998   1.10914928
   6.03852376  2.55939846  5.2883236  15.46329378  3.04142653  2.72684193
  17.71059215  1.1966503   5.86545766  1.02131465  9.37167633  6.06867331
  18.78108414  1.28454574  4.03213959  1.09713396  1.43340496  8.36610146
   3.0133177 ]]
Rv: [[ 6.45785819 13.44905244 16.27974716  7.20547666 16.06652211  4.5843819
   1.02117197 12.62485196  4.91576091  1.23104298  1.76381554  2.31244295
   5.9202568  11.92862989  2.30533051 10.98816966  9.74948062  8.69505132
   2.81246594  5.77876506  4.01225143  1.74442667  6.9439563   5.64408045
   5.67225402 15.87468275  4.98319036  2.20470666 13.10547129 12.99001796]
 [ 3.1459944   9.03413866  4.16811824  8.25352546  5.70173076  1.05753624
   1.66854825  4.61891     2.51603958  3.87849614  5.47037144  1.84870538
   5.31726996  4.26923978 13.58909724  3.68865692  5.27347298  3.88026054
  10.18251933  1.77252902  3.12089848  3.99484854  7.44808733  3.85657414
  11.09194767  2.22078271  2.13101502 15.4690457   9.88770727  4.71977115]
 [ 9.15772705  7.77219347  2.03314215  1.20812661  6.17439076  2.51083897
   1.51833742  2.98099375  6.73036676 10.48441864  1.16346598  9.72930423
  11.70872583  8.41516984 12.35290857  8.32440291  1.56327777  2.16710723
   7.84412467  1.9729709   1.65631465  6.79794442  7.55535749  8.81409208
  11.34766522  4.47344487  3.99821065 12.40833855  3.68315971  4.59229737]
 [ 8.24814407 17.84308836  1.09738475  3.4466257   3.73267524  2.81452635
   1.89413977  9.91876809  3.47757883  6.04198992  1.82007792  2.44265231
   1.09814753 12.34834933  4.00072704  9.39247078  5.31444656  5.16065502
   8.98162251  7.38119943  2.29479224 12.62256294 10.79767543 11.29809805
   4.81736818  3.94537283  4.23082807  2.3103516   1.51817649  6.11169545]
 [ 1.55268099 15.103168    1.2575825  14.88322789  1.10128477  1.10425868
   9.00135721  3.44864844  3.99144213  5.76448029  2.09798251  4.21108728
  10.79163877  3.7180422   5.82765662  9.89522049 17.21456179 18.0896027
   4.19201105  1.13885201  7.27776826 10.70596971  6.7306088  10.5314652
   3.94935487  1.98015481  1.68032382  4.69791742  6.91248723  6.09364585]
 [ 6.43868861 12.49663115  2.75759997  5.16818049  3.11224046 11.72306204
   5.82897386  4.56672571 18.76554207  8.26727345  2.76766611  3.09082713
   2.70949212  1.68751837  6.9811116   7.74487556  1.13481927  1.3791594
   3.09951203  2.01852751  4.12614758  3.23845093  4.09805294  1.76799455
  14.03348883  1.71051786  6.57516423 16.76064034  2.19995988  1.36669141]
 [ 2.87426713  4.38924584 11.90650704 14.14556429  6.04165312 16.25901696
   7.1476377   1.19475899  1.08871176  4.20714859  2.41172264  2.85480261
   1.38215159 13.2458996   1.47425995 16.8267129   2.62753974  2.81587075
   1.07789762  7.67983497  8.66562387 18.82208013  1.23906556 16.16207367
  14.31105487  7.64208777 10.50433596  1.15872901  8.89919795  7.08099603]
 [12.92863603  2.70434302  1.0876337   2.67412228  1.5400202   5.97387454
  13.5053867   1.11673866 10.86487077  6.34454129 17.88880337  2.33431537
  13.50313736  1.81983242  5.24132955 11.39625671  1.2844726   1.24401237
   5.01426503  1.71679712 13.47985438  4.36508452  3.20641722 16.00086595
   1.49139706  8.24518747  1.38825507  4.84834999  1.03198415  8.82670315]
 [ 2.83258066  7.78006376  1.87350512  2.1005206   9.89202863  1.11012747
   1.58331522  1.75642185 11.94091668  2.64492771  3.61377185  2.84105928
   3.99482774  1.64257156  2.22052468  1.89507684  9.35041461 12.43420857
   1.00568502  8.54287734  1.64462939 14.3264517  11.92245478  1.11275035
   6.9899151   3.88379206 17.17199495 11.89127465 16.86764588  7.88444651]
 [ 1.25517709  2.8395276   6.85856989 18.52115145  5.33268525 11.61364007
   3.63796269  1.9712439   9.21684958  8.16398559  6.04114024  1.06868677
   3.72794808  2.00823882  2.94947108  4.24920228 10.57695287 15.21762656
   8.57435527  1.11813536  6.26275801  4.96046772  5.42949358 12.00127413
   4.70583127  5.54072806  1.61758603  5.58404202  6.45287757  1.52649422]
 [ 3.72397162  1.67350516 15.98561155 11.85618277  6.40802787  2.85847531
   2.15261567  3.57793619  4.79538103  2.10439304 12.56625265 12.3323228
   1.6242375   1.58761184  5.19766181  3.87172412  1.30844427  6.37020639
  14.24144659  6.47341795 15.53076703  3.72803366 12.38472446 16.67794925
   3.75743539  2.26633949  4.76218255  2.83038446  2.4754898   5.61661485]
 [ 2.07846504 16.50051496  5.10837267 15.77299122  8.84332441  1.58189356
  15.70349905  1.49785826 10.55964934  2.62039036 16.01545644  1.05942695
  13.00045646 14.78502127  1.94606714  9.57680266  1.08313611  6.0918023
   4.86309304  5.9580168   5.57448704  1.21740272 13.69915744  3.63084075
   5.61853153  8.26762294  8.19800696  5.08952833 17.59915081 13.22801592]
 [ 1.10821889  2.85218607  1.22333907  1.00371042  5.34250393 14.08623378
   7.25756886  2.11698314  1.68882074  1.04465819 18.51979386  1.65508624
   2.30766733  4.95485036  2.81896811 11.60370967  5.64989641  1.37253935
  11.23449145  5.50662518  1.69486061  3.74161399 13.14980628 10.98500126
   2.11398481  1.58856947  6.48285247 10.48095404  1.5107362   7.99470695]
 [ 1.25942813  1.14974302  3.74513133  5.70917325  1.02541837  2.46068025
   7.06049438 12.20620514  3.82897944 10.76048134  1.35385969  2.35809606
   5.97349143 15.83335448  1.12631698  1.11720327  5.20458192  1.16514387
   3.03728179  4.97016036  1.26051073  3.15558337 16.7384113   2.58601098
   8.97298779  7.29254764  1.23511088  3.37981281  4.49821531  3.63009305]
 [ 6.57091775  3.86363515 15.09733046  9.5453401   9.15162989  6.20622569
   1.14712779  2.39426748  1.18270551  8.76784987  3.79636866  1.23266274
  17.35244485  4.49092254  3.13077261 12.65662714  7.04894428  2.00919679
  15.91191829 10.33457208  2.14974641  1.68350887  3.25633868  6.74830695
  14.85661769 15.31442124  2.88462235  1.71184548 17.53762398 18.2336797 ]
 [ 3.23128778  4.69262336  3.20482126  1.3168193   1.52111536  2.80096516
  14.63903735  4.22523305  1.93793652 14.87256658  1.59256404 16.06892003
   1.76178599  3.09679322  3.5756478   1.19549119  2.3742247   1.92886012
   1.02854935  9.95335139  4.60198029  5.15934587  4.79221339  1.66392875
   3.34232868  2.44302434  2.78395839  3.33053586  1.45311272  9.9380355 ]
 [ 1.98478874  1.85241513  1.16088994  5.09703104  1.31756605  4.37686689
   2.10719547  4.83975162  2.05931314 13.10103096  2.95455087  1.0158974
   2.25261461  2.24560922  5.47669439  1.01972067  6.77219318  1.65360105
   7.68936467  3.76693246  2.56284134  1.10353467  3.14162801  1.21132317
   8.39444411  7.45663763  5.8182982  15.4141144   7.7943068   4.61531839]
 [ 4.67318192  1.24180464  2.62049775 10.98134964  5.49825873  4.81003102
   4.81028314  2.17787068  5.56743272  7.08112139  3.30982729  6.51831201
   1.4452224   8.48243245 10.516489    1.24782568 16.96289159  2.03748288
   2.2521879   1.54945553 15.2447972  11.55518386  9.27501249  4.02700951
   9.72526416 15.94612404  6.02234209 15.93239573  6.19349954  1.43340284]
 [ 2.74032721  3.89789934  1.1933366   2.02478977  2.39418189  5.9996846
   7.63681435 15.59672289  8.21954966 13.15997328  8.0225417   5.34338045
  10.8267534   4.68605041  5.31977031  2.51375221  3.99376638 10.91421626
   3.38963284  4.86345856  2.22187734  4.01736703 15.8822962   1.26588312
   7.40971324  1.38668703  6.81019989  1.48577265 13.45234868 13.65652111]
 [11.82161463  3.5961859   2.41868979  8.53629472 11.02234351  4.24670407
  18.60503606 10.07233723  1.14223315  8.09457385  3.84447454  2.20423589
   2.87367354  1.31852053  4.87880425  1.11062302  4.04821382  5.69597561
   1.61510305  9.19754908  2.32754287 15.55867222  4.29191505 13.55446377
   3.48336571  3.47964196  4.8429298   1.04445151  4.44658894  2.2619367 ]
 [ 4.03118527  1.00771004  4.21057631  1.9150855  18.74195232  2.98719316
   1.85559955  4.82981004 12.54930495  9.11846133  4.59050642  4.71496809
   1.68415597  1.80877008  1.50613096  9.70855401  7.59774831  4.63247592
  12.71724181 14.47483403 10.78754059 10.33129613  1.00510229  2.61788748
   1.84282811  1.43620409  4.75791708 10.66125984  6.69172516  5.28139261]
 [ 2.62527006  4.75225719  4.77093777  3.22951296  1.06522059  8.24044587
   1.14492602  4.67955836  2.4842824   1.08969373 13.17435759  9.56676565
   6.73223917  1.91672019 13.95050783  6.98153035  4.76203914  5.48948954
   7.34022747  1.02730697 12.7729409   1.2891094   1.50477885 10.71751025
   3.05667876 11.88932784  3.56755211  4.70257372  7.23917917  3.73621432]
 [ 1.32814981 11.58303429 10.17708665  2.21346622  2.84267324  6.84521168
   5.40937258  8.13438396  7.2389491   2.01016679  2.69950413  4.41152356
   5.28098027  1.28792694 13.66821656  5.90904053  1.30486555 11.68488281
  12.11347883 13.1081317   1.57508438  1.34090604  3.14937012  7.27913515
   2.63708891 10.31204114  1.7597899   9.01937161 14.72641012  2.24167151]
 [13.08393018  6.77891601  1.57404502  8.60896896  2.60677204  1.35115315
   5.12271288  1.84133156  5.72031509  4.13528663  3.81118757 14.53184065
  14.15039154  1.78878898  5.24571446  1.30165263  1.80723268  7.49410095
   3.66703801  3.19067937  1.90903976  6.9822881  13.24034538  5.22509088
  18.62882652  3.01946902  2.78165318  2.13490146  1.84746321  2.67895323]
 [ 5.26089284  5.92537541  1.45920776  1.86627767  6.54265692  7.06009039
  10.20624274  2.30456186  1.22005437  7.83027046  1.51135788 14.69590911
   7.89657186  1.81181971 13.59409467 12.97304561  4.42759959  2.75414171
   2.5013017   8.16751354  3.87888136 10.64176681  9.50423958  1.37830165
   1.6805422   4.65204267  3.7340987   6.51677894 11.88781351 15.6291597 ]
 [ 3.49673685  3.07660395  1.99193378  2.01589646  1.32475038 11.43638923
  17.9084797   1.6467158   3.88749128 15.47952062  9.8312697   5.33566394
   1.67553974 11.31662489  1.41229655  2.91723486  1.72208431  9.97594986
   2.37371694  5.62132675  1.14631097  8.37192566  1.01119594  1.21375127
  12.93657693  2.42339677  7.09784845  9.29619586 14.99678978  1.6705214 ]
 [ 2.39580618  1.79044675  3.47502629  4.80083539  1.93639872 12.51215073
  15.87939551  3.93432834  6.45632608  2.03048865  9.67435364  3.0607991
   8.5397146  12.57966473  1.32015269  6.64653876 18.14796115  1.51381552
   3.38881385  1.32114987 17.24107834  6.74246139  1.04282172  2.35720096
  12.06209127 11.58000603  8.73996769  1.39053808 10.80642267  1.64401502]
 [ 1.05614342  9.7198775   5.56541987  1.15421538  1.37933966  1.28702863
   8.21521712  4.97533415 13.91551413  7.39003266  7.52677945 16.58711787
  15.44061172  5.237598    1.20998343  1.63556485  1.5065801   3.61699898
   6.5362933   1.46176197  6.19629712  6.92314219  1.24085571  2.07332987
  10.024117    5.75767169  8.83931844  3.12658293  5.59600277  9.7067386 ]
 [ 1.99873447  3.3129409   2.0011337   5.43598734  1.53590313 18.70519803
   6.76448071  1.17695976  4.30291623  2.03844975 11.37411692  5.66458319
   3.15352487  1.89184894  1.98307652 18.78390475  2.10895817  8.74250512
   1.87353514  1.478159    1.01794188  3.9750872   1.67212665 10.14231923
  11.92040098 11.20213704  9.00097236  1.57510922  1.68361422  2.34347674]]