-------Running parameters--------
T = 0.001
temperature_gradient = 0
gap = 0
M = 5
N = 15
VR = -3.0
VU = 0.1
VD = -0.1
rightElectrode = 
leftElectrode = 
upElectrode = "[0,0,0,0,0,0,0,1,0,0,0,0,0,0,0]"
downElectrode = "[0,0,0,0,0,0,0,1,0,0,0,0,0,0,0]"
Vmin = 3.0
Vmax = 0.1
vStep = 0.001
vSym = True
repeats = 50
fileName = array_5_15_r_std_9_run_3_it
dist = exp
fullOutput = True
use_graph = False
current_map = True
plot_current_map = False
plot_binary_current_map = False
frame_norm = False
dbg = False
resume = False
sc = False
leaping = False
constQ = False
modifyR = False
double_time = False
double_loop = False
calcIT = True
output_folder = 2d_long_array_bgu_with_perp_point_contact_it
params_path = 2d_long_array_bgu_with_perp_point_contact/runningParameters_array_5_15_r_std_9_run_3.txt
VG_avg = 0.0
VG_std = 0.0
C_avg = 1.0
C_std = 0.0
CG_avg = 10.0
CG_std = 0.0
R_avg = 10.0
R_std = 0.0
custom_rh = ""
custom_rv = ""
custom_ch = ""
custom_cv = ""
RG_avg = 1000.0
RG_std = 0.0
n0_avg = 0.0
n0_std = 0.0
Q0_avg = 0.0
Q0_std = 0.0
----Array Parameters-----
Rows: 5
Columns: 15
VG: [[0.]
 [0.]
 [0.]
 [0.]
 [0.]
 [0.]
 [0.]
 [0.]
 [0.]
 [0.]
 [0.]
 [0.]
 [0.]
 [0.]
 [0.]
 [0.]
 [0.]
 [0.]
 [0.]
 [0.]
 [0.]
 [0.]
 [0.]
 [0.]
 [0.]
 [0.]
 [0.]
 [0.]
 [0.]
 [0.]
 [0.]
 [0.]
 [0.]
 [0.]
 [0.]
 [0.]
 [0.]
 [0.]
 [0.]
 [0.]
 [0.]
 [0.]
 [0.]
 [0.]
 [0.]
 [0.]
 [0.]
 [0.]
 [0.]
 [0.]
 [0.]
 [0.]
 [0.]
 [0.]
 [0.]
 [0.]
 [0.]
 [0.]
 [0.]
 [0.]
 [0.]
 [0.]
 [0.]
 [0.]
 [0.]
 [0.]
 [0.]
 [0.]
 [0.]
 [0.]
 [0.]
 [0.]
 [0.]
 [0.]
 [0.]]
CG: [[10.]
 [10.]
 [10.]
 [10.]
 [10.]
 [10.]
 [10.]
 [10.]
 [10.]
 [10.]
 [10.]
 [10.]
 [10.]
 [10.]
 [10.]
 [10.]
 [10.]
 [10.]
 [10.]
 [10.]
 [10.]
 [10.]
 [10.]
 [10.]
 [10.]
 [10.]
 [10.]
 [10.]
 [10.]
 [10.]
 [10.]
 [10.]
 [10.]
 [10.]
 [10.]
 [10.]
 [10.]
 [10.]
 [10.]
 [10.]
 [10.]
 [10.]
 [10.]
 [10.]
 [10.]
 [10.]
 [10.]
 [10.]
 [10.]
 [10.]
 [10.]
 [10.]
 [10.]
 [10.]
 [10.]
 [10.]
 [10.]
 [10.]
 [10.]
 [10.]
 [10.]
 [10.]
 [10.]
 [10.]
 [10.]
 [10.]
 [10.]
 [10.]
 [10.]
 [10.]
 [10.]
 [10.]
 [10.]
 [10.]
 [10.]]
RG: [[500.]
 [500.]
 [500.]
 [500.]
 [500.]
 [500.]
 [500.]
 [500.]
 [500.]
 [500.]
 [500.]
 [500.]
 [500.]
 [500.]
 [500.]
 [500.]
 [500.]
 [500.]
 [500.]
 [500.]
 [500.]
 [500.]
 [500.]
 [500.]
 [500.]
 [500.]
 [500.]
 [500.]
 [500.]
 [500.]
 [500.]
 [500.]
 [500.]
 [500.]
 [500.]
 [500.]
 [500.]
 [500.]
 [500.]
 [500.]
 [500.]
 [500.]
 [500.]
 [500.]
 [500.]
 [500.]
 [500.]
 [500.]
 [500.]
 [500.]
 [500.]
 [500.]
 [500.]
 [500.]
 [500.]
 [500.]
 [500.]
 [500.]
 [500.]
 [500.]
 [500.]
 [500.]
 [500.]
 [500.]
 [500.]
 [500.]
 [500.]
 [500.]
 [500.]
 [500.]
 [500.]
 [500.]
 [500.]
 [500.]
 [500.]]
Ch: [[0.05801274 1.63314372 0.64087997 0.7160264  0.09202462 0.04511713
  0.84180786 0.95430012 0.01267163 0.73472774 0.45189417 0.08094198
  0.06586678 0.0184105  0.02915692 0.04755892]
 [0.0215216  0.01337477 0.38482299 0.50841065 0.03506092 0.11305546
  0.03576813 0.18094781 0.30051019 0.14053162 0.01786949 0.05426801
  0.13155315 0.07519273 0.05706834 0.01221971]
 [0.01522182 0.49326244 1.48946733 0.05166632 0.54749409 0.1410849
  0.07128863 0.87400996 0.0424106  0.29079126 0.065232   0.03034591
  0.01116923 0.01822186 1.91602531 0.22867066]
 [0.26194154 0.46331706 0.0206459  1.29929082 0.04564043 0.6998162
  0.47493983 0.95098251 0.8851263  0.03320424 0.67133219 0.08842058
  0.53133952 0.01679518 0.01764756 0.01343025]
 [0.45139093 1.57889443 1.06352589 0.81654044 0.34164428 1.73168007
  0.87354013 0.01204664 0.22231072 0.44475143 0.01883538 0.26029819
  0.0181135  0.57710665 0.78654537 0.76436902]]
Cv: [[0.02269117 1.04026845 1.16735997 0.03329822 0.37255832 0.01601786
  0.11081095 0.01580281 1.31241271 0.3433261  0.66843359 0.02433827
  0.07585617 0.10427941 0.92059184]
 [0.14380216 0.05113172 0.1858545  0.23466509 0.0398461  0.16075241
  0.03013407 0.48293296 1.82154702 0.55206438 0.03572144 0.01152059
  0.05037501 1.29021431 1.00079036]
 [0.08644908 0.05807283 0.62306793 1.03452072 0.70821584 0.19849727
  0.06639127 0.05920678 1.60921935 0.01447409 1.25604087 0.03247586
  0.03525081 0.01161764 0.01354042]
 [1.64242548 0.21830251 0.05484182 0.32766796 0.04586893 0.17059379
  0.02411778 0.8366296  0.20142573 0.01247438 0.18916916 0.55562229
  0.01343456 1.96930147 0.60175485]
 [0.04814395 0.05173217 0.0266049  0.04506794 0.03674336 0.34816977
  0.691329   0.13073901 1.73809696 0.01542104 0.04873049 0.47526068
  1.43430638 0.12529065 1.212827  ]
 [0.35609237 0.13228895 0.36327538 0.06878611 0.04282097 0.11287486
  0.67134256 0.04483091 0.63599796 1.5319421  0.01839616 0.02558419
  0.02179847 0.59097877 0.98912372]]
Rh: [[ 2.53533759 10.85766849  9.94086423 11.27747525  3.24697148  1.14861924
   5.38493441  3.34976474  7.47929809 12.88740122 18.88277444 16.25361074
   2.55948805  7.06206648  3.31739881 11.88062638]
 [ 1.38351724 15.44792427  9.33492865  1.01777626  3.45187706  1.10850234
   2.06966939 10.23136852  6.04790514 10.42476338  1.48006664  1.07815791
  10.31868437  6.47208936 15.47459544  4.25046528]
 [ 6.98077561  2.9734015  16.6973657   6.98243546  9.28902344  1.9496466
   7.47672064  5.82824405  1.33302676 15.32455759  3.3904194   4.8777252
  18.55659375  1.45940609  4.61114684  1.20429118]
 [ 1.93172044  4.41211479  6.69650835  1.42026777 15.66711233  3.72660019
   7.83384043 11.6742057   3.63500138  9.22946338  1.47337845  7.34285052
  14.32815241  5.39360338  5.23448335 11.5364298 ]
 [ 3.75773091  8.0533136   1.51589624  8.97626336  1.50636687  1.1289868
   1.99700026  1.62342154  3.09298027  2.69145975  3.30636794  5.17380063
   7.14197961  2.51354455 11.2824131  12.43934341]]
Rv: [[12.38730664 14.90618857  4.38232261  1.98737414  2.41098899  3.82809015
   4.4343693  10.71836062  2.53941078  2.23454865 14.79948839 11.48080881
   4.46412176  1.46822842  4.75374321]
 [ 1.80332445  2.61191992  8.15571403  2.71908059 10.3279651   6.02666683
  11.35346695  1.45805001  2.58010179  1.18215008 13.23408187  1.70913947
   2.0835811   3.19964634  2.30637502]
 [ 4.24238432  7.04692174  5.22630053  1.15698538  7.25117461  2.9747572
   1.48827671  2.5662198   4.34497679  3.28654815  1.1619419   6.82664628
  15.44702418  9.58224225  3.07689101]
 [ 1.04849652  1.71768261  1.67660688  2.14531034  2.94722387  4.25719513
   4.94325519  1.83026555  1.26400305  1.40860866  2.17202962  1.10863001
   5.25615158  4.03854139  9.5491414 ]
 [17.41609161  1.35549761  7.71624586  2.86462537  4.5695056  17.64834733
  13.31747854 11.23376185  5.48128835 11.55933557  1.01530637  2.38787495
   1.72081659  1.93166057 10.14310158]
 [12.39412238  1.5535619  11.1507578   2.10785125  3.81914217  3.19582669
   1.85070818  4.73346426  3.31278791 15.06753511 14.78478471  4.08998416
   3.70618417 12.38700337  1.94178462]]